<ticker>,<date>,<open>,<high>,<low>,<close>,<vol>
A,20250303,129.00,129.00,125.64,126.33,2184526
AA,20250303,34.50,34.51,31.30,31.33,4983140
AACT,20250303,11.12,11.12,11.06,11.07,17816
AAM,20250303,10.21,10.21,10.21,10.2149,489
AAP,20250303,37.11,37.22,35.02,35.41,3369074
AAT,20250303,22.54,22.79,22.13,22.2,400379
AB,20250303,37.75,38.22,37.54,38.11,743514
ABBV,20250303,209.98,212.30,208.91,211.48,7015031
ABCB,20250303,64.65,65.64,63.42,64.11,632085
ABEV,20250303,2.070,2.110,2.060,2.08,13138579
ABG,20250303,271.11,273.68,258.06,259.56,203199
ABM,20250303,54.00,54.46,53.27,53.45,397974
ABR,20250303,12.40,12.42,11.76,11.98,5969485
ABT,20250303,138.17,140.84,138.01,140.22,7588894
AC,20250303,37.83,38.75,36.56,36.96,8727
ACA,20250303,83.57,84.02,81.04,81.4,654185
ACCO,20250303,4.680,4.755,4.485,4.49,1350113
ACEL,20250303,10.64,10.96,10.60,10.66,419914
ACHR,20250303,9.150,9.400,7.690,7.88,36719219
ACI,20250303,20.87,21.07,20.44,20.69,4636069
ACM,20250303,100.90,100.90,96.43,97.17,1022831
ACN,20250303,349.42,351.99,343.01,344.99,3008547
ACR,20250303,21.00,21.03,20.04,20.09,66768
ACRE,20250303,4.910,4.948,4.625,4.7,892678
ACV,20250303,21.41,21.57,21.14,21.2,42506
ADC,20250303,73.50,74.40,73.27,74.08,993504
ADCT,20250303,1.750,1.762,1.581,1.59,243557
ADM,20250303,47.32,47.65,46.33,46.58,3365638
ADNT,20250303,15.96,16.22,14.60,14.74,1245747
ADT,20250303,7.740,7.800,7.500,7.69,66576422
ADX,20250303,20.16,20.25,19.65,19.67,546858
AEE,20250303,101.49,103.87,100.98,103.67,2261408
AEFC,20250303,20.68,20.82,20.61,20.74,61988
AEG,20250303,6.410,6.480,6.320,6.36,6889185
AEM,20250303,97.88,99.18,95.10,95.93,2748255
AEO,20250303,13.30,13.31,12.22,12.29,5931964
AER,20250303,103.83,104.72,100.61,101,1705618
AESI,20250303,19.45,19.70,18.00,18.02,1723776
AFG,20250303,126.65,128.98,126.18,128.54,529825
AFGD,20250303,22.04,22.06,21.85,21.94,5996
AFL,20250303,110.00,110.75,109.20,110.14,2141052
AG,20250303,5.540,5.620,5.330,5.36,16807432
AGCO,20250303,95.69,96.08,90.30,90.79,910284
AGD,20250303,10.39,10.43,10.27,10.35,114772
AGI,20250303,23.34,23.53,22.80,23.05,3289041
AGL,20250303,3.160,3.200,2.960,2.98,3240070
AGM,20250303,208.89,210.78,202.39,203.32,41688
AGO,20250303,88.19,91.07,88.10,89.8,585292
AGRO,20250303,10.70,10.88,10.70,10.84,742031
AGS,20250303,12.10,12.11,12.10,12.11,234222
AGX,20250303,132.48,134.44,120.17,121.61,409452
AHH,20250303,9.160,9.280,9.100,9.11,624991
AHR,20250303,29.49,30.96,29.40,30.44,3049575
AHT,20250303,7.800,7.974,7.510,7.62,23401
AIG,20250303,82.94,83.77,81.82,82.59,7009190
AIN,20250303,76.84,77.36,74.70,74.99,353447
AIO,20250303,23.92,23.95,23.35,23.48,103827
AIR,20250303,65.15,65.45,62.90,63.23,200594
AIT,20250303,252.24,253.16,238.59,240.3,290483
AIV,20250303,9.030,9.110,8.965,9.08,1122800
AIZ,20250303,208.63,212.69,207.36,209.92,621368
AJG,20250303,336.87,343.21,336.38,341.8,1360393
AKR,20250303,23.00,23.46,22.75,22.87,1791875
AL,20250303,48.19,48.43,45.62,45.97,874252
ALB,20250303,78.77,78.77,69.81,69.95,5050489
ALC,20250303,93.20,94.93,93.04,94.14,2225434
ALE,20250303,65.61,65.71,65.49,65.71,532728
ALG,20250303,175.00,177.96,173.71,176.02,172198
ALIT,20250303,6.790,6.885,6.545,6.58,8097370
ALK,20250303,72.84,73.89,68.87,69.9,2602068
ALL,20250303,199.53,203.30,199.53,202.06,1775197
ALLE,20250303,128.89,130.02,126.05,126.52,922442
ALLY,20250303,37.31,37.49,34.96,35.21,3255571
ALSN,20250303,102.23,102.72,97.67,98.55,619113
ALTG,20250303,5.600,5.710,5.030,5.2,333682
ALTM,20250303,5.840,5.846,5.830,5.84,23693651
ALUR,20250303,3.220,3.317,2.810,2.85,167093
ALV,20250303,98.63,99.45,94.81,95.53,870580
ALX,20250303,215.00,215.51,212.34,214.12,13777
AM,20250303,17.00,17.19,16.63,16.8,5662441
AMBC,20250303,9.820,9.910,9.250,9.3,1875890
AMBP,20250303,2.880,2.980,2.840,2.84,1311223
AMC,20250303,3.310,3.390,3.023,3.05,11811105
AMCR,20250303,10.18,10.38,10.10,10.13,32491728
AME,20250303,190.17,191.83,185.60,186.55,1108248
AMG,20250303,171.56,173.46,165.62,167.35,232687
AMH,20250303,37.05,37.63,36.68,37.31,2610047
AMN,20250303,25.09,25.20,24.32,24.57,999592
AMP,20250303,541.01,546.37,527.24,531.92,443588
AMPS,20250303,4.930,4.940,4.920,4.94,2034401
AMPX,20250303,2.600,2.648,2.300,2.34,2222922
AMPY,20250303,4.930,4.944,4.620,4.67,522996
AMR,20250303,140.89,146.62,130.87,131.58,622674
AMRC,20250303,12.05,12.15,10.40,10.56,2080606
AMT,20250303,205.00,210.29,204.98,209.61,2229690
AMTD,20250303,1.010,1.050,1.000,1,44685
AMTM,20250303,19.77,19.86,18.44,18.44,1985653
AMWL,20250303,9.670,9.710,8.600,8.75,127077
AMX,20250303,14.31,14.52,14.09,14.12,774786
AN,20250303,183.00,184.78,174.91,175.38,758394
ANET,20250303,93.07,93.07,84.85,86.01,14681157
ANF,20250303,103.86,105.77,95.54,96.71,3341953
ANRO,20250303,3.500,3.579,3.010,3.14,2409984
ANVS,20250303,1.890,1.890,1.630,1.65,384872
AOD,20250303,8.780,8.815,8.640,8.67,494345
AOMR,20250303,9.930,9.994,9.400,9.56,456426
AON,20250303,410.15,412.97,405.73,409.32,2089280
AORT,20250303,25.48,26.16,25.05,25.13,543106
AOS,20250303,67.03,67.29,66.10,66.38,1633457
AP,20250303,2.100,2.100,2.040,2.09,45187
APAM,20250303,42.56,42.86,41.47,41.69,438412
APD,20250303,319.07,321.47,309.43,310.65,1222502
APG,20250303,39.23,39.49,37.06,37.4,2861474
APH,20250303,66.65,66.78,63.16,63.45,9326382
APLE,20250303,14.78,14.96,14.54,14.57,2490227
APO,20250303,150.89,151.80,143.51,144.58,3410166
APTV,20250303,65.84,66.68,63.02,64.01,3956627
AQN,20250303,4.770,4.860,4.730,4.75,10176060
AR,20250303,37.34,37.75,35.77,36.15,5831518
ARCO,20250303,7.710,7.860,7.550,7.59,946939
ARDC,20250303,14.45,14.50,14.22,14.27,265933
ARDT,20250303,15.13,15.55,14.92,15.06,842317
ARE,20250303,102.53,103.49,100.86,101.5,1177121
ARES,20250303,174.63,175.65,168.09,169.76,2140249
ARI,20250303,10.15,10.18,9.945,10,1324030
ARIS,20250303,31.44,32.56,29.94,30.25,1066216
ARL,20250303,15.26,15.26,14.85,14.85,6014
ARLO,20250303,14.14,14.26,12.07,12.15,3034196
AROC,20250303,27.31,27.42,25.72,26.03,1330462
ARR,20250303,19.11,19.13,18.62,18.65,3275989
ARW,20250303,108.96,109.12,105.08,105.63,501503
AS,20250303,30.50,31.09,29.54,29.79,4057516
ASA,20250303,24.81,25.57,24.59,24.71,34695
ASAN,20250303,19.31,19.56,18.41,18.56,2161667
ASB,20250303,24.76,25.01,24.06,24.23,1322716
ASBA,20250303,25.07%,25.07%,24.87%,24.93%,15652
ASC,20250303,9.210,9.360,9.090,9.16,909296
ASG,20250303,5.260,5.277,5.070,5.12,540147
ASH,20250303,61.47,61.98,58.34,58.42,700628
ASIX,20250303,27.75,28.46,26.74,26.82,238806
ASPN,20250303,7.720,7.860,7.170,7.17,2131540
ASR,20250303,272.87,273.54,263.75,264.99,38749
ASX,20250303,10.19,10.24,9.660,9.74,16966506
ATEN,20250303,20.99,20.99,20.01,20.18,1219775
ATGE,20250303,102.33,105.00,98.95,99.85,443696
ATHM,20250303,28.80,29.38,28.43,28.63,389812
ATI,20250303,59.70,60.72,57.46,57.81,2617309
ATKR,20250303,62.03,62.63,58.49,58.89,730898
ATMU,20250303,39.84,40.21,37.72,38.09,1189418
ATO,20250303,151.88,154.04,151.70,153.63,790779
ATR,20250303,146.97,148.84,145.68,146.59,394119
ATS,20250303,29.12,29.66,28.07,28.23,187669
ATUS,20250303,2.890,2.938,2.750,2.76,2142140
AU,20250303,30.43,30.73,29.28,29.53,2666725
AUB,20250303,35.73,36.12,34.73,35.13,942689
AVA,20250303,39.70,40.04,39.70,39.92,936777
AVAL,20250303,2.900,2.953,2.730,2.8,144324
AVB,20250303,226.08,228.99,224.83,228.08,432040
AVD,20250303,5.210,5.210,4.870,4.88,285016
AVK,20250303,11.97,12.00,11.86,11.88,225113
AVNS,20250303,15.18,15.41,15.01,15.13,568163
AVNT,20250303,43.28,43.28,40.98,41.23,553272
AVTR,20250303,16.80,16.81,15.77,15.87,8329037
AVY,20250303,189.13,190.45,185.44,185.92,557708
AWF,20250303,11.11,11.13,11.06,11.07,162495
AWI,20250303,153.72,155.10,151.16,152.07,383367
AWK,20250303,135.19,139.64,135.10,139.57,1192601
AWP,20250303,4.020,4.040,3.990,4.01,382387
AWR,20250303,76.12,78.22,75.64,78.13,212601
AX,20250303,66.73,68.17,65.56,66.13,630715
AXL,20250303,5.030,5.090,4.750,4.75,2428970
AXP,20250303,301.43,303.46,293.11,295.49,2342762
AXR,20250303,25.40,25.40,23.03,23.08,10877
AXS,20250303,97.33,98.11,96.78,97.62,798423
AXTA,20250303,36.64,36.82,34.95,35.1,1810198
AYI,20250303,298.38,299.62,280.85,284.99,435350
AZEK,20250303,47.16,47.78,45.56,45.87,1346460
AZO,20250303,3 498.00,3 519.00,3 449.94,3 477.76,180186
AZUL,20250303,1.850,1.905,1.730,1.76,944026
AZZ,20250303,96.63,97.00,90.67,91.47,241126
BA,20250303,177.02,178.40,169.46,170.06,6037876
BABA,20250303,134.01,134.72,129.56,130.81,22528034
BAC,20250303,46.21,46.96,45.22,45.56,46940147
BAH,20250303,106.48,106.68,101.82,102.72,3783917
BAK,20250303,3.720,3.815,3.500,3.52,1047290
BALL,20250303,52.52,53.24,51.81,52.14,2940662
BALY,20250303,17.68,17.74,16.42,16.42,12163
BAM,20250303,56.96,57.65,54.83,55.46,1491092
BAP,20250303,184.12,186.50,182.21,183.66,350931
BARK,20250303,1.710,1.740,1.625,1.63,905586
BAX,20250303,34.87,35.24,34.30,34.86,3896585
BBD,20250303,1.960,2.040,1.960,1.98,30953168
BBDC,20250303,10.47,10.58,10.37,10.42,858134
BBDO,20250303,1.900,1.910,1.840,1.87,37900
BBU,20250303,24.95,25.26,23.70,23.87,14040
BBUC,20250303,27.48,28.11,26.89,27.06,91561
BBVA,20250303,13.62,13.71,13.35,13.39,2534422
BBW,20250303,41.01,41.68,40.37,40.89,230841
BBWI,20250303,36.13,36.89,35.26,35.33,6003744
BBY,20250303,88.87,90.86,86.46,86.74,4059122
BC,20250303,61.40,62.12,58.61,59.01,872110
BCAT,20250303,15.42,15.58,15.37,15.42,742127
BCC,20250303,104.17,106.41,101.32,102.16,348250
BCE,20250303,23.21,23.59,23.18,23.41,2183555
BCH,20250303,26.28,26.69,26.13,26.27,398000
BCS,20250303,16.00,16.22,15.68,15.83,34899588
BCSF,20250303,18.95,19.21,18.56,18.6,586641
BCX,20250303,9.090,9.150,8.875,8.9,292645
BDC,20250303,110.30,110.73,105.86,106.41,361614
BDJ,20250303,8.960,8.980,8.840,8.88,353683
BDN,20250303,5.040,5.085,4.795,4.83,2220591
BDX,20250303,226.50,229.92,225.41,228.45,1623029
BE,20250303,24.38,25.31,23.05,23.42,9014069
BEDU,20250303,1.500,1.570,1.490,1.5699,5078
BEKE,20250303,22.14,22.35,21.76,22.11,8258839
BEN,20250303,20.40,20.60,19.69,19.85,2951542
BEP,20250303,22.62,22.73,21.56,21.68,719759
BEPC,20250303,27.79,27.87,26.40,26.49,1292196
BERY,20250303,72.13,73.75,71.74,71.84,3685098
BEST,20250303,2.760,2.800,2.760,2.8,98524
BF.A,20250303,33.00,33.42,32.64,33.04,154046
BF.B,20250303,32.95,33.49,32.51,33.04,3362506
BFAM,20250303,129.49,130.34,127.86,128.63,362037
BFH,20250303,54.56,55.05,51.17,51.74,1066013
BFK,20250303,10.23,10.25,10.18,10.21,91867
BFLY,20250303,3.700,3.720,3.000,3.04,6736776
BFS,20250303,36.70,37.88,36.40,36.75,64112
BFZ,20250303,11.43,11.46,11.36,11.38,105303
BGB,20250303,12.33,12.35,12.28,12.28,176007
BGR,20250303,13.40,13.55,13.14,13.2,113808
BGSF,20250303,4.850,4.900,4.710,4.71,8928
BGX,20250303,12.63,12.68,12.63,12.66,73590
BH,20250303,243.00,244.00,222.00,228.79,8743
BHC,20250303,7.420,7.475,7.030,7.17,2054189
BHE,20250303,40.03,40.14,37.28,37.74,402717
BHK,20250303,10.67,10.89,10.67,10.86,208903
BHLB,20250303,28.61,28.74,27.80,28.11,413078
BHP,20250303,49.98,50.11,48.60,48.84,3511990
BHR,20250303,2.690,2.880,2.690,2.84,236760
BHV,20250303,11.09,11.09,11.02,11.019318,1129
BHVN,20250303,36.95,36.95,31.47,32.06,2883895
BILL,20250303,55.44,55.65,51.07,51.57,3253072
BIO,20250303,266.38,266.38,256.12,256.45,267048
BIO.B,20250303,265.82,265.82,265.82,265.82,171
BIP,20250303,31.80,31.95,30.67,31.01,586223
BIPC,20250303,39.95,40.43,38.99,39.22,518092
BIPI,20250303,17.53,17.81,17.51,17.65,10537
BIRK,20250303,49.61,50.54,47.49,48.06,952635
BIT,20250303,14.72,14.76,14.70,14.74,183218
BJ,20250303,101.71,103.99,99.01,99.41,1750976
BK,20250303,89.59,90.34,87.70,88.35,4375718
BKD,20250303,5.700,5.885,5.640,5.64,2462107
BKDT,20250303,79.69,79.69,79.69,79.69,22524
BKH,20250303,60.90,61.96,60.90,61.86,451602
BKKT,20250303,13.24,14.85,13.18,13.5,649139
BKN,20250303,11.81,11.81,11.73,11.79,25054
BKSY,20250303,14.74,14.97,12.61,12.91,1858523
BKT,20250303,11.81,11.86,11.76,11.84,69810
BKU,20250303,37.66,38.10,36.63,37.24,985319
BKV,20250303,20.22,20.34,19.03,19.4,922060
BLCO,20250303,15.88,16.14,15.68,15.86,494949
BLD,20250303,306.92,309.26,293.88,296.12,351612
BLDR,20250303,138.86,140.39,133.80,134.92,1283369
BLE,20250303,10.80,10.82,10.78,10.8,62491
BLK,20250303,979.84,990.79,958.84,966.47,767212
BLND,20250303,3.100,3.123,2.955,2.97,4387925
BLX,20250303,42.21,42.88,41.23,41.58,271820
BMA,20250303,85.00,88.91,81.00,82.44,442687
BME,20250303,40.39,40.64,40.19,40.19,71822
BMEZ,20250303,15.93,16.00,15.45,15.45,526244
BMI,20250303,210.43,214.55,207.71,209.7,263522
BMN,20250303,25.76,25.78,25.50,25.77,4421
BMY,20250303,59.75,59.92,59.01,59.87,11214072
BN,20250303,58.28,58.66,56.03,56.6,2756582
BNED,20250303,9.750,9.750,8.990,9.1,591353
BNL,20250303,17.00,17.00,16.68,16.84,841817
BNY,20250303,10.53,10.62,10.52,10.57,42685
BOC,20250303,14.23,14.34,14.00,14.02,138290
BOOT,20250303,123.65,123.80,114.60,114.88,1173656
BORR,20250303,2.550,2.580,2.300,2.32,8817197
BOW,20250303,34.00,35.00,33.94,34.59,228467
BOX,20250303,32.69,33.07,32.42,32.76,1770981
BP,20250303,33.34,33.42,31.53,31.81,13055934
BPT,20250303,0.5670,0.5750,0.5310,0.531,153952
BR,20250303,242.00,246.58,241.93,244.83,500883
BRBR,20250303,73.01,73.99,71.31,71.56,1444680
BRC,20250303,72.04,72.60,70.37,70.46,450690
BRCC,20250303,2.600,2.775,2.520,2.57,1338461
BRDG,20250303,10.50,10.68,10.10,10.17,389846
BRK.A,20250303,775 647.99,777 749.00,759 700.00,765160,2901
BRK.B,20250303,516.22,518.77,506.48,510.08,5112297
BRO,20250303,118.43,120.39,118.00,119.87,2204404
BROS,20250303,79.46,80.62,75.40,76.34,3475840
BRSP,20250303,6.240,6.320,6.105,6.2,1079478
BRW,20250303,7.950,7.950,7.870,7.87,253474
BRX,20250303,27.88,28.26,27.74,27.99,1907782
BSAC,20250303,21.81,22.09,21.60,21.99,487240
BSBR,20250303,4.400,4.540,4.320,4.33,667611
BSL,20250303,14.13,14.19,14.07,14.14,54688
BSM,20250303,15.00,15.03,14.43,14.57,602044
BST,20250303,36.87,36.87,35.04,35.3,341192
BSTZ,20250303,20.26,20.26,19.37,19.46,532094
BSX,20250303,104.85,105.57,103.83,104.87,6349110
BTA,20250303,10.15,10.15,10.07,10.09,45433
BTCM,20250303,2.130,2.200,1.927,1.95,82919
BTE,20250303,2.260,2.300,2.010,2.08,77307909
BTI,20250303,39.06,39.79,39.06,39.77,4236674
BTO,20250303,35.85,36.18,34.78,34.99,63703
BTT,20250303,21.48,21.57,21.44,21.51,127707
BTU,20250303,14.22,14.31,12.54,13.1,10420875
BUD,20250303,60.93,61.38,60.38,60.74,2427598
BUR,20250303,14.38,15.14,14.14,14.29,3335131
BURL,20250303,249.74,249.74,234.58,235.63,1391678
BV,20250303,13.45,13.45,12.74,12.86,682382
BW,20250303,1.090,1.098,1.000,1.03,962486
BWA,20250303,30.01,30.15,28.54,28.83,2101798
BWG,20250303,8.490,8.550,8.472,8.55,82472
BWLP,20250303,11.36,11.44,11.07,11.09,538295
BWMX,20250303,11.39,11.69,11.24,11.3,12276
BWSN,20250303,23.17,23.17,22.62,23.03,5191
BWXT,20250303,104.08,104.88,101.03,101.5,894550
BX,20250303,162.32,163.66,157.20,158.53,3267171
BXC,20250303,79.66,81.98,76.97,77.71,75322
BXMT,20250303,20.74,20.79,20.14,20.2,2424286
BXP,20250303,70.78,71.74,67.38,68.03,1385481
BXSL,20250303,33.94,34.17,33.31,33.51,849155
BY,20250303,28.43,28.81,28.03,28.27,116890
BYD,20250303,76.87,77.26,73.75,74.33,819854
BYM,20250303,11.27,11.27,11.18,11.25,152145
BYON,20250303,6.520,6.579,5.890,6,2836900
BZH,20250303,22.29,22.55,21.47,21.54,401563
C,20250303,80.00,80.43,76.25,77.17,20121073
CAAP,20250303,18.50,18.83,18.00,18.09,204015
CABO,20250303,259.32,260.78,240.55,242.25,199044
CACI,20250303,334.49,335.88,327.30,329.54,532707
CADE,20250303,33.19,33.48,32.15,32.45,1037137
CAE,20250303,24.45,24.55,23.44,23.58,516488
CAF,20250303,12.65,12.90,12.65,12.7,19893
CAG,20250303,25.62,26.08,25.43,26.05,5844825
CAH,20250303,129.34,131.47,128.60,129.18,2760477
CAL,20250303,16.21,16.63,15.77,16.1,815093
CALX,20250303,36.77,37.23,35.48,35.89,419880
CANG,20250303,3.550,3.567,3.210,3.21,513440
CAPL,20250303,23.80,23.97,23.01,23.73,115536
CARR,20250303,65.50,65.50,62.86,63.26,4146230
CAT,20250303,347.63,348.15,330.03,332.04,2569655
CAVA,20250303,95.10,95.51,87.23,87.65,4299006
CB,20250303,286.57,291.09,286.31,289.69,1687479
CBL,20250303,31.26,31.62,31.12,31.27,137436
CBNA,20250303,24.47,24.53,24.15,24.15,19107
CBRE,20250303,141.50,142.83,139.49,140.62,1357348
CBT,20250303,86.27,86.27,81.30,81.91,505058
CBU,20250303,63.48,65.35,63.42,64.04,270892
CBZ,20250303,78.19,78.99,76.62,76.79,361259
CCI,20250303,93.86,96.07,93.70,95.86,2162543
CCIF,20250303,7.720,7.725,7.650,7.7,147129
CCJ,20250303,44.64,44.75,40.70,41.11,5522314
CCK,20250303,90.03,91.09,87.73,88.27,1343162
CCL,20250303,23.82,24.47,23.02,23.26,18348975
CCM,20250303,5.160,5.160,5.130,5.13,613
CCO,20250303,1.260,1.270,1.210,1.24,1606580
CCRD,20250303,20.80,21.75,20.61,21.17,26770
CCS,20250303,69.47,70.20,67.54,67.94,568494
CCU,20250303,14.00,14.10,13.82,13.92,152317
CDE,20250303,5.300,5.435,5.100,5.14,21361645
CDP,20250303,26.96,27.18,26.52,26.69,1151559
CDRE,20250303,33.79,33.96,32.38,32.41,183254
CE,20250303,51.80,52.10,46.99,47.02,4647363
CEE,20250303,14.73,15.20,14.15,14.26,112834
CEPU,20250303,12.13,12.70,11.77,12.08,313301
CF,20250303,81.70,82.28,77.50,77.97,3395577
CFG,20250303,45.90,46.37,44.60,45.05,3702287
CGAU,20250303,5.860,5.890,5.670,5.69,874143
CHCT,20250303,18.67,18.98,18.44,18.59,294421
CHD,20250303,110.84,112.14,110.06,112.06,1728217
CHE,20250303,599.61,601.02,587.17,591.27,178605
CHGG,20250303,1.090,1.230,1.030,1.04,6157054
CHH,20250303,143.39,145.92,142.72,144.07,412265
CHMI,20250303,3.540,3.559,3.400,3.4,231692
CHPT,20250303,0.6550,0.6670,0.5840,0.5975,23258013
CHT,20250303,38.97,39.47,38.97,39.2,107018
CHWY,20250303,37.18,37.80,35.44,35.9,4041546
CI,20250303,308.12,314.65,307.11,311.51,2036290
CIA,20250303,4.830,5.190,4.830,4.96,114356
CIB,20250303,42.01,42.68,40.59,40.84,439040
CIEN,20250303,79.50,80.55,73.42,74.69,3579083
CIF,20250303,1.750,1.750,1.740,1.74,67125
CIM,20250303,14.18,14.37,14.08,14.16,747576
CIMO,20250303,25.16,25.22,25.05,25.22,18289
CIO,20250303,5.240,5.311,5.175,5.23,158064
CION,20250303,12.60,12.71,12.48,12.49,362829
CIVI,20250303,38.75,39.14,34.83,35.2,2999268
CL,20250303,90.99,92.81,90.93,92.81,4732278
CLB,20250303,14.62,14.84,13.70,13.94,488226
CLBR,20250303,10.61,10.69,10.58,10.62,83696
CLCO,20250303,5.940,5.960,5.600,5.9,426781
CLDT,20250303,8.220,8.470,8.110,8.13,466091
CLF,20250303,11.03,11.21,9.965,10.09,21097238
CLH,20250303,214.10,215.86,207.33,207.79,480952
CLPR,20250303,4.650,4.690,4.385,4.4,83855
CLS,20250303,108.10,109.28,90.64,92.80,8103083
CLVT,20250303,4.310,4.430,4.170,4.21,6526878
CLW,20250303,26.25,27.00,24.97,25.09,250435
CM,20250303,60.92,61.00,58.97,59.74,880499
CMA,20250303,64.50,65.35,62.28,62.62,1506632
CMC,20250303,49.79,50.35,46.63,47,1450513
CMCM,20250303,5.140,5.290,5.050,5.05,75894
CMG,20250303,55.02,55.70,53.85,54.33,12613385
CMI,20250303,372.33,372.96,354.98,355.97,625864
CMP,20250303,10.58,10.70,9.930,10.03,583415
CMRE,20250303,10.26,10.39,9.945,9.98,604081
CMS,20250303,72.71,74.19,72.68,74.06,2409219
CMTG,20250303,2.310,2.320,2.170,2.21,1049207
CNA,20250303,49.13,49.86,48.92,49.85,361974
CNC,20250303,58.33,58.92,57.83,58.59,3987472
CNF,20250303,1.100,1.120,1.030,1.0515,24478
CNH,20250303,12.66,12.82,12.04,12.15,11731412
CNI,20250303,101.91,102.80,98.18,98.25,2201737
CNK,20250303,25.77,26.10,24.34,24.36,5051451
CNM,20250303,51.26,52.21,49.00,49.28,1612779
CNNE,20250303,20.03,20.15,18.96,19.16,622020
CNO,20250303,41.79,42.41,41.40,41.72,770494
CNP,20250303,34.35,34.84,34.23,34.57,4382019
CNQ,20250303,28.33,28.56,26.33,26.72,9179596
CNX,20250303,29.00,29.15,28.12,28.58,3083494
CODI,20250303,21.83,22.07,21.25,21.3,345057
COF,20250303,200.30,202.24,193.20,196.18,3680250
COHR,20250303,76.00,76.72,67.70,68.27,5134313
COLD,20250303,22.86,22.93,22.31,22.42,1877355
COMP,20250303,9.000,9.160,8.610,8.69,6794723
CON,20250303,22.64,22.99,22.19,22.38,632154
COOK,20250303,2.320,2.420,2.260,2.27,193536
COP,20250303,99.75,99.76,91.56,92.63,12640207
COR,20250303,253.54,258.07,252.96,255.38,1368096
COTY,20250303,5.780,5.840,5.460,5.47,7199794
COUR,20250303,7.940,8.015,7.630,7.67,1437733
CP,20250303,78.37,79.58,75.15,75.82,3348053
CPA,20250303,93.15,94.54,90.79,91.53,210938
CPAC,20250303,5.920,5.920,5.769,5.8,3149
CPAY,20250303,368.23,375.61,362.96,365.94,629090
CPF,20250303,29.04,29.31,28.68,28.94,140285
CPK,20250303,126.36,129.24,126.36,128.65,69632
CPNG,20250303,23.78,24.38,23.70,23.81,10773951
CPRI,20250303,23.88,23.96,22.78,22.83,7943735
CPS,20250303,15.35,15.40,14.21,14.4,304457
CPT,20250303,123.86,126.01,123.56,125.53,1129963
CQP,20250303,68.00,68.30,66.07,67.08,213624
CR,20250303,164.64,164.64,155.56,156.79,284901
CRBG,20250303,34.87,35.36,33.81,34.2,2133086
CRC,20250303,45.84,45.84,39.17,39.73,1624146
CRGY,20250303,12.66,12.71,11.47,11.55,5321368
CRH,20250303,103.95,104.25,99.44,99.97,4258655
CRI,20250303,41.63,43.48,41.27,42.02,1543600
CRK,20250303,18.16,18.59,17.70,18,2265673
CRL,20250303,165.89,166.72,162.18,163.5,1389693
CRM,20250303,301.00,303.07,291.06,293.06,6298208
CRS,20250303,210.00,213.66,203.98,206.51,1185805
CRT,20250303,10.94,11.04,10.65,10.67,29434
CSL,20250303,341.70,343.71,330.65,333.01,339497
CSR,20250303,66.00,66.88,65.58,66.04,54888
CSTM,20250303,11.54,11.60,10.64,10.68,1436429
CSV,20250303,40.10,40.63,39.62,39.73,239006
CTO,20250303,19.10,19.27,18.99,19.13,415654
CTOS,20250303,4.500,4.520,4.130,4.14,536511
CTRA,20250303,27.21,27.35,26.02,26.28,6549440
CTRE,20250303,25.74,26.53,25.64,26.43,1787449
CTRI,20250303,17.54,17.60,15.59,16.1,491727
CTS,20250303,44.76,45.11,42.48,42.83,148738
CTVA,20250303,63.06,63.50,60.03,60.4,4531802
CUBE,20250303,41.48,42.64,41.04,42.23,3154856
CUBI,20250303,54.11,54.87,52.14,52.65,194678
CULP,20250303,5.200,5.310,5.190,5.19,17747
CURB,20250303,24.70,24.80,24.16,24.38,497027
CURV,20250303,6.110,6.280,6.010,6.08,317346
CUZ,20250303,30.30,30.66,29.77,30.08,1112116
CVE,20250303,13.93,13.98,12.58,12.71,16179031
CVEO,20250303,21.50,22.27,21.13,21.18,188931
CVI,20250303,18.52,18.71,17.42,17.71,1423041
CVLG,20250303,25.35,25.50,25.07,25.09,91946
CVS,20250303,65.76,66.36,64.32,64.9,7078804
CVX,20250303,159.46,160.09,151.76,153.09,9059814
CW,20250303,322.91,324.99,312.31,315.36,266367
CWAN,20250303,31.18,31.49,30.12,30.36,2959794
CWEN,20250303,27.51,27.97,27.19,27.23,861748
CWH,20250303,19.68,19.97,18.50,18.68,1582752
CWK,20250303,11.87,12.00,11.34,11.54,2026874
CWT,20250303,45.09,46.33,44.74,46.27,417960
CXM,20250303,8.500,8.610,8.250,8.29,1624275
CXT,20250303,55.88,56.07,54.39,54.57,496539
CXW,20250303,18.85,19.23,17.99,18.18,1131309
CYD,20250303,18.50,19.45,15.50,17.66,891375
CYH,20250303,3.030,3.168,3.010,3.1,2015004
D,20250303,56.54,57.21,56.33,56.87,6791675
DAC,20250303,79.12,79.33,76.80,77.21,111902
DAL,20250303,60.11,60.63,57.63,58.45,7966082
DAN,20250303,15.12,15.31,13.96,14.17,1346828
DAO,20250303,9.050,9.300,8.630,8.8,183608
DAVA,20250303,24.26,24.40,23.61,23.69,496368
DAY,20250303,58.96,61.25,57.44,59.42,3235417
DB,20250303,22.00,22.14,21.42,21.58,4055903
DBD,20250303,44.25,45.33,43.00,43.06,193178
DBI,20250303,4.010,4.035,3.700,3.76,1479947
DBL,20250303,15.72,15.80,15.68,15.715,68550
DBRG,20250303,11.35,11.71,11.14,11.2,3073174
DCI,20250303,69.27,69.84,68.74,68.76,1245737
DCO,20250303,58.26,59.36,57.13,57.88,87729
DD,20250303,82.15,82.40,78.50,78.83,2513373
DDD,20250303,3.460,3.500,3.080,3.09,2720750
DDL,20250303,3.450,3.540,3.030,3.08,1947917
DDS,20250303,391.30,400.47,366.26,366.87,229192
DE,20250303,484.07,484.66,463.54,465.83,1487749
DEA,20250303,11.29,11.46,11.24,11.31,1667227
DEC,20250303,13.10,13.19,12.53,12.56,618552
DECK,20250303,140.17,141.90,135.80,137.24,2785740
DEI,20250303,17.25,17.47,16.67,16.81,2033643
DELL,20250303,103.64,103.77,94.51,95.56,13096845
DEO,20250303,109.72,110.61,108.39,109.15,1017551
DFH,20250303,23.99,24.02,22.70,22.84,495410
DFP,20250303,20.40,20.50,20.35,20.48,81124
DFS,20250303,196.11,196.70,188.11,190.27,1050737
DG,20250303,73.57,74.55,71.26,71.89,3695651
DGX,20250303,173.64,178.08,173.25,176.95,1325969
DHI,20250303,127.00,127.80,124.81,125.68,3879900
DHR,20250303,209.46,209.48,204.86,205.69,3222972
DHT,20250303,10.52,10.80,10.26,10.41,2687306
DIAX,20250303,15.25,15.30,15.00,15.06,86373
DINO,20250303,35.35,35.68,32.86,33.07,3159223
DIS,20250303,114.07,115.55,112.00,112.79,7884746
DK,20250303,16.05,16.25,15.50,15.75,3082078
DKL,20250303,43.04,43.12,42.22,42.36,153388
DKS,20250303,226.84,228.80,212.75,214.45,1301946
DLB,20250303,82.13,82.71,80.54,80.88,402718
DLNG,20250303,3.980,4.020,3.830,3.86,54200
DLR,20250303,158.34,159.06,153.20,155.31,2455689
DLX,20250303,16.50,16.60,15.74,15.81,482814
DLY,20250303,16.29,16.37,16.27,16.32,215493
DMA,20250303,8.750,8.870,8.650,8.69,72986
DMO,20250303,12.02,12.06,12.00,12.06,68504
DNA,20250303,8.425,8.855,7.890,8.01,2171871
DNB,20250303,9.070,9.255,8.950,9,3290570
DNOW,20250303,16.04,16.09,15.01,15.11,804944
DOC,20250303,20.50,20.67,20.28,20.4,3875827
DOCN,20250303,43.22,43.24,39.95,40.35,1603314
DOCS,20250303,70.89,71.68,68.02,68.45,4000725
DOLE,20250303,14.68,15.08,14.52,14.72,594000
DOUG,20250303,1.920,1.920,1.680,1.68,560721
DOV,20250303,200.18,200.98,192.51,193.29,728507
DOW,20250303,38.67,38.69,36.01,36.06,10954273
DPG,20250303,11.96,12.12,11.94,11.99,78434
DQ,20250303,20.55,20.82,18.44,18.62,872878
DRH,20250303,8.160,8.380,8.160,8.23,2972517
DRI,20250303,201.59,203.12,195.31,195.91,1578585
DSL,20250303,12.88,12.91,12.77,12.81,525840
DSU,20250303,10.74,10.74,10.69,10.72,213838
DSX,20250303,1.850,1.880,1.790,1.8,259974
DT,20250303,57.69,57.72,55.67,55.74,2161001
DTC,20250303,0.7300,0.7413,0.6901,0.6977,227518
DTE,20250303,133.32,135.24,132.95,135.24,1082160
DTF,20250303,11.32,11.36,11.29,11.3,27021
DTM,20250303,96.54,97.78,93.39,94.59,1324396
DUK,20250303,117.32,118.72,116.66,118.67,4264853
DV,20250303,13.81,15.44,13.63,14.9,8305759
DVA,20250303,148.19,149.06,142.75,143.1,1306667
DVN,20250303,36.49,36.64,33.84,34.41,13946032
DX,20250303,14.07,14.11,13.92,13.97,2945076
DXC,20250303,18.42,18.62,18.02,18.1,1133612
DXYZ,20250303,41.85,42.48,37.00,37.14,460387
DY,20250303,165.60,167.07,159.83,161.02,543652
E,20250303,29.17,29.26,28.39,28.55,440811
EAF,20250303,1.180,1.220,1.120,1.15,1595829
EAI,20250303,21.39%,21.50%,21.36%,21.5%,20168
EARN,20250303,6.480,6.489,6.390,6.43,997557
EAT,20250303,166.18,168.90,157.08,158.01,1471518
EB,20250303,2.460,2.541,2.400,2.44,2892822
EBF,20250303,21.24,21.40,21.14,21.31,170011
EBR,20250303,6.540,6.620,6.505,6.53,810420
EBS,20250303,7.580,7.606,6.750,6.83,1651444
EC,20250303,9.940,10.06,9.405,9.47,3422948
ECAT,20250303,16.77,16.83,16.56,16.64,387537
ECC,20250303,8.850,8.850,8.780,8.78,1793017
ECCC,20250303,23.12,23.20,23.12,23.2,8009
ECCF,20250303,25.00,25.06,25.00,25.04,6594
ECL,20250303,271.18,273.69,269.06,269.82,1464914
ECO,20250303,21.15,21.55,20.10,20.64,423715
ED,20250303,100.88,104.31,100.88,104.02,3555914
EDD,20250303,4.810,4.810,4.760,4.78,253669
EDF,20250303,5.150,5.195,5.125,5.178,102752
EDN,20250303,35.13,37.01,33.64,34.39,162067
EDR,20250303,29.86,29.86,28.52,29.09,8260321
EDU,20250303,46.93,47.64,45.52,45.78,1387353
EE,20250303,30.70,30.72,29.59,30,261964
EEA,20250303,8.960,9.200,8.960,9.04,24481
EEX,20250303,4.120,4.175,4.015,4.04,159382
EFC,20250303,14.23,14.23,13.85,13.86,3023773
EFR,20250303,12.92,12.96,12.87,12.93,29639
EFT,20250303,13.18,13.23,13.17,13.17,35657
EFX,20250303,245.22,247.27,242.56,244.51,892113
EFXT,20250303,7.910,8.020,7.480,7.56,732357
EG,20250303,355.73,358.06,352.39,356.1,432587
EGF,20250303,9.735,9.735,9.600,9.7,12390
EGO,20250303,14.05,14.15,13.46,13.56,1107937
EGP,20250303,183.84,186.13,182.42,184.98,489593
EGY,20250303,4.050,4.110,3.710,3.73,1369784
EHAB,20250303,8.400,8.605,8.290,8.43,573567
EHC,20250303,99.93,100.78,99.07,99.79,681585
EHI,20250303,6.770,6.790,6.745,6.79,106084
EIC,20250303,15.95,15.99,15.77,15.78,382729
EICA,20250303,24.12,24.17,24.12,24.16,3733
EICC,20250303,25.09,25.09,25.03,25.05,23779
EIG,20250303,51.60,52.28,51.60,52.08,164747
EIX,20250303,54.65,56.34,54.45,55.27,5295545
EL,20250303,72.53,73.52,69.39,70.18,2839373
ELAN,20250303,11.22,11.46,11.12,11.31,5198134
ELC,20250303,21.33,21.41,21.20,21.32,12720
ELF,20250303,70.74,70.87,63.74,63.81,3061681
ELME,20250303,17.34,17.52,17.24,17.38,503191
ELP,20250303,6.750,6.770,6.552,6.61,214925
ELPC,20250303,5.905,5.905,5.492,5.5109,1997
ELS,20250303,68.18,69.28,68.17,69.06,1443225
ELV,20250303,400.00,403.42,394.78,395.5,1526116
EMD,20250303,9.830,9.860,9.750,9.8,336126
EME,20250303,411.10,411.10,394.01,395.73,560394
EMF,20250303,12.72,12.84,12.66,12.67,45492
EMN,20250303,98.51,99.19,94.09,94.46,1054136
EMO,20250303,50.01,50.11,48.60,49.04,65184
EMP,20250303,21.52%,21.61%,21.47%,21.53%,5238
EMR,20250303,122.84,123.03,116.40,117.17,2585557
ENB,20250303,42.97,43.35,42.32,42.67,4911056
ENFN,20250303,11.40,11.54,11.35,11.37,1194776
ENO,20250303,22.67,22.74,22.60,22.6,7788
ENOV,20250303,39.18,39.50,37.60,37.86,1653938
ENR,20250303,30.71,30.91,29.84,30.08,679667
ENS,20250303,101.74,103.02,98.03,98.79,249872
ENVA,20250303,103.35,104.37,99.14,100.05,174949
ENZ,20250303,0.5000,0.5110,0.4758,0.4851,86748
EOD,20250303,5.160,5.190,5.090,5.11,132494
EOG,20250303,126.93,126.96,119.37,120.54,7432288
EOT,20250303,17.22,17.29,17.16,17.18,26193
EPAM,20250303,207.00,207.82,198.16,198.61,1018278
EPC,20250303,31.38,31.68,30.78,31.01,679747
EPD,20250303,33.47,33.84,33.34,33.73,5285126
EPR,20250303,53.00,54.25,52.96,53.81,1001845
EPRT,20250303,32.46,32.99,32.41,32.84,2003616
EQBK,20250303,42.77,43.78,42.33,42.54,65409
EQC,20250303,1.610,1.620,1.600,1.6,621498
EQH,20250303,55.50,55.98,53.81,54.3,2071108
EQNR,20250303,23.40,23.48,22.43,22.66,6280770
EQR,20250303,74.17,75.62,73.79,75.02,1779533
EQS,20250303,1.220,1.270,1.210,1.25,7616
EQT,20250303,48.85,49.42,48.03,48.71,9834371
EQV,20250303,10.01,10.04,10.01,10.04,62458
ERO,20250303,12.17,12.31,11.34,11.39,506441
ES,20250303,62.77,63.53,62.56,63.01,2622578
ESAB,20250303,126.43,126.52,118.60,120.42,228850
ESE,20250303,165.18,167.15,162.56,162.94,160166
ESI,20250303,26.23,26.32,25.26,25.4,1305879
ESNT,20250303,57.55,58.34,56.94,57.66,869514
ESRT,20250303,9.220,9.275,8.865,8.92,855956
ESS,20250303,311.64,315.70,311.17,313.85,468302
ESTC,20250303,115.39,116.00,106.60,107.15,2221436
ET,20250303,19.32,19.51,18.90,19.03,13557402
ETB,20250303,14.62,14.62,14.41,14.41,81156
ETD,20250303,28.70,28.82,27.79,27.87,238429
ETJ,20250303,8.970,8.980,8.810,8.84,194740
ETN,20250303,294.98,296.72,276.20,278.46,4890939
ETR,20250303,86.86,88.02,86.60,87.89,3920519
ETV,20250303,14.25,14.25,13.92,13.96,350022
ETWO,20250303,2.290,2.320,2.170,2.17,896283
ETX,20250303,18.36,18.37,18.27,18.34,38277
ETY,20250303,15.17,15.22,14.84,14.94,261320
EVEX,20250303,4.140,4.197,3.860,3.87,197209
EVF,20250303,6.140,6.170,6.100,6.12,104454
EVG,20250303,11.19,11.29,11.14,11.28,55031
EVH,20250303,9.060,9.150,8.725,8.77,4730600
EVR,20250303,240.86,245.00,231.74,233.29,511161
EVRI,20250303,13.74,13.76,13.73,13.75,625099
EVT,20250303,24.08,24.15,23.64,23.77,148170
EVTC,20250303,37.49,38.32,37.30,37.92,381782
EVTL,20250303,4.360,4.360,3.950,3.99,398362
EW,20250303,72.16,72.99,71.15,71.39,3174021
EXK,20250303,3.790,3.880,3.590,3.6,9413635
EXP,20250303,228.69,230.61,218.26,218.77,367598
EXPD,20250303,118.00,119.80,117.52,118.55,1426009
EXR,20250303,152.43,154.50,151.57,153.99,2069385
F,20250303,9.710,9.820,9.320,9.390,154435905
FAF,20250303,65.60,66.25,64.94,65.12,911869
FBIN,20250303,64.55,65.84,62.97,63.11,1985392
FBK,20250303,50.82,51.05,49.90,50.48,123351
FBP,20250303,19.54,20.01,19.36,19.56,1480800
FBRT,20250303,13.52,13.58,13.16,13.27,439762
FC,20250303,32.08,32.13,30.84,31.07,102978
FCF,20250303,16.45,16.58,16.18,16.37,575434
FCN,20250303,165.60,167.69,164.48,164.76,357700
FCPT,20250303,28.69,29.08,28.69,29.02,991844
FCT,20250303,10.29,10.33,10.25,10.26,90116
FCX,20250303,38.10,38.49,35.40,35.53,18101210
FDP,20250303,30.42,30.93,30.03,30.27,1059331
FDS,20250303,464.79,466.74,456.16,458.09,229183
FDX,20250303,263.62,265.00,257.15,258.77,1225714
FE,20250303,38.75,39.68,38.68,39.61,12532341
FEDU,20250303,9.900,10.39,9.470,10,5632
FENG,20250303,2.230,2.265,1.880,1.98,27892
FERG,20250303,178.24,179.46,172.12,173.53,1707408
FET,20250303,18.68,18.87,17.58,17.6,132754
FF,20250303,4.540,4.570,4.330,4.33,356014
FFA,20250303,20.56,20.62,20.20,20.24,21265
FFC,20250303,16.12,16.18,16.08,16.12,202077
FFWM,20250303,5.150,5.150,4.960,5.04,688338
FGB,20250303,4.470,4.490,4.440,4.45,36858
FHI,20250303,38.82,39.26,38.36,38.67,615865
FHN,20250303,21.57,21.76,20.65,20.91,7560707
FI,20250303,235.47,238.59,234.80,237.79,4041349
FICO,20250303,1 890.06,1 914.50,1 851.82,1864.88,215210
FIGS,20250303,4.660,4.770,4.555,4.61,3763144
FIHL,20250303,15.57,16.02,15.55,15.82,1213500
FINS,20250303,13.60,13.62,13.38,13.38,30971
FINV,20250303,8.250,8.300,7.990,8.11,709267
FIS,20250303,71.41,72.46,70.92,72.2,3571171
FIX,20250303,364.60,367.92,342.89,345.58,711956
FLC,20250303,17.04,17.19,16.91,17.04,33319
FLNG,20250303,22.12,22.34,21.54,21.65,694168
FLO,20250303,18.71,19.02,18.57,19,1707653
FLR,20250303,38.72,38.84,36.54,36.92,3479201
FLS,20250303,55.68,55.96,52.37,52.74,1272254
FLUT,20250303,279.85,281.40,269.24,271.2,1693562
FMC,20250303,37.59,37.59,35.35,35.54,3007638
FMN,20250303,11.35,11.35,11.25,11.29,28103
FMS,20250303,24.92,24.94,23.36,23.55,715931
FMX,20250303,94.49,95.20,92.91,93.39,553995
FN,20250303,202.50,203.81,188.84,190.38,705972
FNA,20250303,13.01,13.04,12.99,13.03,2155067
FND,20250303,96.51,97.36,91.44,92.05,1620771
FNF,20250303,64.57,65.65,64.29,64.8,1499671
FNV,20250303,144.15,145.47,140.92,141.21,775865
FOF,20250303,12.39,12.50,12.36,12.4,46964
FOR,20250303,22.14,22.36,21.52,21.55,207667
FOUR,20250303,98.75,100.16,95.76,96.21,1799406
FPF,20250303,18.63,18.76,18.60,18.73,171838
FPH,20250303,5.600,5.790,5.500,5.61,272596
FPI,20250303,11.67,11.88,11.62,11.64,485356
FR,20250303,57.05,57.56,56.61,57.02,831876
FRA,20250303,13.04,13.07,13.00,13.07,156626
FREY,20250303,1.550,1.600,1.350,1.36,1488665
FRGE,20250303,1.020,1.020,0.8891,0.8891,423823
FRO,20250303,16.64,16.92,15.69,16.23,6546555
FRT,20250303,105.19,106.40,104.68,105.48,726849
FSCO,20250303,7.010,7.120,7.000,7.08,1051221
FSK,20250303,23.55,23.84,23.01,23.13,1987870
FSLY,20250303,6.870,7.065,6.530,6.54,3652879
FSM,20250303,4.480,4.520,4.260,4.29,14078135
FSS,20250303,81.81,83.12,79.90,80.11,744525
FT,20250303,7.610,7.705,7.610,7.66,51507
FTI,20250303,29.81,29.85,28.03,28.2,5220255
FTK,20250303,8.010,8.150,7.310,7.37,152344
FTS,20250303,43.88,44.45,43.83,44.15,661586
FTV,20250303,79.99,80.74,78.54,79,3558399
FUBO,20250303,3.040,3.095,2.760,2.84,31590613
FVR,20250303,17.16,17.18,16.78,16.8,96764
FVRR,20250303,26.96,27.02,25.08,25.09,777208
GAB,20250303,5.590,5.615,5.550,5.55,496784
GAM,20250303,51.44,51.79,50.60,50.65,33891
GAP,20250303,23.03,23.29,21.14,21.35,6610121
GATX,20250303,168.00,168.00,163.50,164,145777
GB,20250303,7.320,7.330,7.310,7.31,279845
GBAB,20250303,15.90,15.93,15.85,15.9,90254
GBCI,20250303,48.92,49.73,47.66,48.05,611767
GBLI,20250303,35.25,35.25,35.25,35.2487,1288
GBTG,20250303,8.390,8.755,8.385,8.52,1190151
GBX,20250303,56.63,56.63,53.90,54.16,271361
GCI,20250303,4.080,4.090,3.730,3.75,1524253
GCO,20250303,37.00,37.20,34.04,34.61,149925
GCTS,20250303,2.040,2.050,1.920,1.94,157157
GCV,20250303,3.880,3.920,3.835,3.84,72407
GD,20250303,255.17,255.93,252.30,254.04,1333480
GDDY,20250303,180.66,180.98,176.05,177.69,1810950
GDO,20250303,11.39,11.43,11.33,11.38,53410
GDOT,20250303,7.400,7.520,6.650,6.71,1339730
GDV,20250303,24.91,25.05,24.50,24.59,105970
GE,20250303,207.09,208.48,200.81,201.96,5376418
GEL,20250303,13.63,13.77,12.94,13.21,2482946
GENI,20250303,8.610,8.795,8.320,8.32,7189494
GES,20250303,10.22,10.25,9.655,9.68,1427719
GETY,20250303,2.190,2.195,1.970,2.01,1696549
GEV,20250303,334.70,337.43,308.77,315.98,4846242
GF,20250303,9.160,9.300,9.160,9.23,69458
GFF,20250303,72.41,73.23,69.40,69.72,282136
GFI,20250303,18.74,18.94,18.25,18.41,2870626
GFL,20250303,45.00,47.05,45.00,46.5,2981729
GFR,20250303,6.040,6.040,5.510,5.58,85512
GGB,20250303,2.870,2.950,2.800,2.81,10302747
GGG,20250303,87.37,87.49,85.09,85.26,1057139
GHC,20250303,974.31,981.50,964.10,967.08,17601
GHG,20250303,2.730,2.780,2.680,2.76,9722
GHI,20250303,12.60,12.64,12.36,12.4,48773
GHLD,20250303,12.60,12.69,12.23,12.23,6986
GHM,20250303,33.92,34.50,30.31,30.49,156003
GHY,20250303,13.38,13.41,13.35,13.39,152491
GIC,20250303,23.48,23.58,23.16,23.27,184660
GIL,20250303,54.24,54.60,52.47,52.92,482306
GIS,20250303,60.53,62.19,60.11,62.07,4099185
GJH,20250303,9.470,9.605,9.460,9.47,2400
GJO,20250303,25.21,25.21,25.21,25.21,333
GJP,20250303,24.81,24.81,24.81,24.81,0
GJR,20250303,25.25,25.28,25.24,25.24,1092
GJS,20250303,23.14,23.14,23.14,23.14,0
GKOS,20250303,120.00,120.22,108.39,109.15,1907530
GL,20250303,128.34,131.39,127.42,128.59,872994
GLOB,20250303,150.38,151.24,143.06,143.56,901369
GLP,20250303,57.63,58.11,55.54,57.26,66602
GLW,20250303,50.47,50.60,47.94,48.25,4810910
GM,20250303,49.98,50.50,46.74,47.38,16880518
GME,20250303,25.26,25.48,24.18,24.4,4290981
GMED,20250303,80.38,81.23,78.86,79.25,742629
GMRE,20250303,8.810,9.130,8.780,9.08,694893
GMS,20250303,79.76,80.73,78.22,78.46,375288
GNE,20250303,14.34,14.86,14.24,14.77,89162
GNK,20250303,14.36,14.63,13.93,13.94,806269
GNL,20250303,8.000,8.260,8.000,8.21,3607836
GNRC,20250303,136.68,137.26,130.05,130.88,852955
GNTY,20250303,40.31,40.86,39.90,40.08,30526
GNW,20250303,6.930,7.055,6.870,6.91,5016507
GOLD,20250303,18.04,18.18,17.60,17.69,22339095
GOLF,20250303,64.42,64.98,63.05,64.12,590373
GOOS,20250303,10.27,10.29,9.640,9.72,996247
GOTU,20250303,3.530,3.650,3.300,3.41,4976479
GPC,20250303,125.75,126.76,123.61,124,1813520
GPI,20250303,461.03,463.30,449.70,450.58,188088
GPK,20250303,26.72,27.08,26.07,26.15,2159472
GPMT,20250303,2.980,2.985,2.850,2.87,437619
GPN,20250303,105.40,106.07,102.20,103.05,2744213
GPOR,20250303,171.29,173.41,165.81,167.15,281127
GPRK,20250303,8.140,8.290,7.560,7.67,1221292
GRBK,20250303,60.01,60.44,58.49,58.61,471398
GRDN,20250303,19.87,20.03,18.86,18.91,45419
GRMN,20250303,228.00,231.44,224.62,226.22,1050937
GRND,20250303,18.92,19.02,18.44,18.6,2007881
GRNT,20250303,5.920,5.940,5.560,5.63,526906
GROV,20250303,1.660,1.675,1.600,1.62,75947
GRX,20250303,9.990,10.11,9.990,10.025,26793
GS,20250303,622.40,628.78,598.32,605.26,3152334
GSBD,20250303,13.05,13.06,12.66,12.77,1275428
GSK,20250303,38.17,38.40,37.77,37.95,3978770
GSL,20250303,21.85,21.96,21.23,21.33,407928
GTES,20250303,21.86,21.92,19.88,20,3980689
GTLS,20250303,187.29,190.50,163.51,163.51,1611249
GTN,20250303,3.900,4.020,3.670,3.69,1960441
GTY,20250303,31.40,31.58,31.09,31.24,275458
GUG,20250303,15.65,15.89,15.65,15.8,81407
GUT,20250303,5.350,5.380,5.310,5.31,241924
GVA,20250303,82.86,84.00,80.60,81.43,599228
GWH,20250303,3.620,3.730,3.220,3.26,128488
GWRE,20250303,203.13,203.62,195.90,196.31,852897
GWW,20250303,1 021.00,1 024.48,996.40,999.5,279100
GXO,20250303,39.45,40.24,37.97,38.05,1205116
H,20250303,141.78,143.57,138.46,139.88,631275
HAE,20250303,65.50,67.09,64.54,65.08,1009627
HAL,20250303,26.52,26.72,24.75,25.01,16727069
HASI,20250303,28.49,28.82,27.51,27.76,799777
HAYW,20250303,14.60,14.95,14.51,14.64,2982992
HBB,20250303,19.20,19.27,18.82,19.04,33210
HBI,20250303,6.080,6.155,5.915,5.97,7393829
HBM,20250303,7.300,7.440,6.860,6.9,6675773
HCA,20250303,308.68,312.34,307.40,311.28,1413630
HCC,20250303,49.69,51.49,47.54,47.86,1072380
HD,20250303,396.95,397.07,386.47,389.69,3397551
HDB,20250303,61.04,61.46,60.33,60.65,2922220
HE,20250303,11.00,11.30,10.76,10.86,4465867
HEI,20250303,266.73,268.92,260.34,265.85,812963
HEI.A,20250303,213.64,214.65,208.48,211.74,280273
HEQ,20250303,10.61,10.65,10.50,10.51,24786
HES,20250303,149.79,150.52,142.64,144.09,2527838
HESM,20250303,41.81,42.31,40.89,41.16,2129397
HFRO,20250303,5.790,5.850,5.790,5.83,180278
HG,20250303,19.48,20.04,19.40,19.6,566088
HGLB,20250303,8.300,8.340,8.240,8.288,113180
HGTY,20250303,10.17,10.36,9.910,10.01,59913
HGV,20250303,43.16,43.64,42.01,42.47,1214292
HHH,20250303,78.19,79.55,76.67,77.48,934071
HI,20250303,30.03,30.05,27.46,27.59,509621
HIG,20250303,118.26,120.15,118.21,119.77,2146362
HII,20250303,178.63,178.96,170.86,172.68,1292393
HIMS,20250303,44.97,46.35,39.66,40.68,25679013
HIO,20250303,4.110,4.110,4.050,4.07,728987
HIPO,20250303,28.81,29.78,28.50,28.64,203752
HIW,20250303,29.06,29.76,28.94,29.09,1220786
HIX,20250303,4.410,4.420,4.400,4.4,615152
HKD,20250303,2.390,2.445,2.220,2.28,303812
HL,20250303,5.300,5.380,5.050,5.08,26358865
HLF,20250303,8.350,8.540,8.100,8.11,2814776
HLI,20250303,173.12,174.59,168.24,169.15,392660
HLIO,20250303,39.39,39.85,37.04,37.54,175100
HLLY,20250303,2.720,2.730,2.640,2.65,274319
HLN,20250303,10.47,10.64,10.46,10.58,7780106
HLT,20250303,264.90,267.88,260.99,263.58,1119448
HLX,20250303,8.640,8.705,7.920,7.97,2227899
HMC,20250303,28.28,28.46,27.36,27.50,1715204
HMN,20250303,42.49,43.53,42.18,42.68,218074
HMY,20250303,10.21,10.36,9.950,10,5947172
HOG,20250303,25.98,26.25,24.70,24.91,2657386
HOMB,20250303,30.00,30.66,29.78,30.03,1080943
HOUS,20250303,3.560,3.670,3.330,3.36,1487032
HOV,20250303,103.93,105.11,97.28,97.42,103320
HP,20250303,26.75,26.90,24.51,24.69,1963026
HPE,20250303,20.07,20.09,18.88,19.03,11757942
HPF,20250303,17.13,17.17,16.95,16.97,34053
HPI,20250303,17.30,17.34,17.07,17.07,66378
HPP,20250303,3.320,3.360,3.050,3.1,3938001
HPQ,20250303,31.08,31.43,29.91,30.04,8299717
HPS,20250303,15.47,15.47,15.30,15.33,109636
HQH,20250303,17.27,17.33,17.01,17.06,148032
HQL,20250303,13.47,13.50,13.19,13.26,171280
HR,20250303,16.84,17.22,16.74,16.8,3252296
HRI,20250303,145.11,145.82,135.00,135.77,598780
HRL,20250303,28.63,29.51,28.48,29.48,3583546
HRTG,20250303,11.83,12.12,11.59,11.68,172298
HSBC,20250303,60.77,61.42,59.94,60.33,3876500
HSHP,20250303,5.550,5.580,5.335,5.34,309573
HSY,20250303,173.00,179.12,173.00,178.5,1790787
HTD,20250303,23.58,23.80,23.32,23.44,83633
HTH,20250303,32.04,32.62,32.02,32.39,358531
HUBB,20250303,372.21,374.18,351.91,354.95,724620
HUM,20250303,270.72,272.78,260.90,261.54,1561165
HUN,20250303,17.11,17.24,16.02,16.04,2443671
HUYA,20250303,3.840,3.880,3.700,3.71,764261
HVT,20250303,22.95,23.38,22.27,22.27,176191
HWM,20250303,137.93,139.25,130.87,131.02,3224494
HXL,20250303,63.67,64.21,60.60,60.84,999863
HY,20250303,50.75,51.12,43.98,44.42,210525
HYAC,20250303,10.90,10.90,10.90,10.9,4182
HYI,20250303,12.10,12.18,12.10,12.12,64037
HYLN,20250303,1.680,1.699,1.500,1.5,1214749
HYT,20250303,9.880,9.900,9.870,9.89,509517
HZO,20250303,25.44,25.70,24.26,24.48,350378
IAE,20250303,6.270,6.270,6.100,6.12,83847
IAG,20250303,5.630,5.740,5.490,5.54,10524931
IBM,20250303,254.74,255.99,248.24,250.19,2977699
IBN,20250303,27.91,28.14,27.74,27.89,5530331
IBP,20250303,170.91,173.15,161.64,162.22,479823
IBTA,20250303,33.66,35.04,32.43,32.56,936336
ICE,20250303,172.91,175.41,172.33,173.2,3658467
IDA,20250303,117.34,119.53,117.20,119.04,347528
IDE,20250303,10.50,10.55,10.42,10.46,44038
IDT,20250303,48.33,48.54,46.98,47.03,111011
IEX,20250303,196.01,198.04,188.11,188.53,617369
IFF,20250303,82.41,83.42,80.60,80.92,1821703
IGA,20250303,9.750,9.790,9.660,9.75,74069
IGD,20250303,5.570,5.585,5.520,5.55,302208
IGI,20250303,16.65,16.78,16.65,16.74,10658
IGR,20250303,5.340,5.340,5.290,5.29,763937
IGT,20250303,17.70,18.13,17.54,17.74,1486239
IH,20250303,2.040,2.200,2.030,2.06,90676
IHD,20250303,5.330,5.345,5.230,5.27,77299
IHG,20250303,127.18,128.54,125.96,126.89,279625
IHS,20250303,3.630,3.790,3.580,3.62,324728
IIF,20250303,23.19,23.40,23.02,23.07,33076
IIIN,20250303,28.25,28.64,26.98,26.98,166461
IIM,20250303,12.46,12.52,12.46,12.46,98041
IIPR,20250303,72.17,72.39,69.32,69.94,390788
IMAX,20250303,25.50,25.81,24.96,25.02,613661
INFA,20250303,19.42,19.42,18.45,18.6,2026387
ING,20250303,18.64,18.74,18.26,18.38,4799110
INGM,20250303,21.81,21.81,20.58,20.74,383923
INGR,20250303,130.57,131.58,129.74,130.55,593749
INN,20250303,6.490,6.555,6.460,6.5,687610
INSP,20250303,185.60,188.04,181.91,182.44,377647
INSW,20250303,33.83,34.34,31.86,32.95,1479119
INVH,20250303,33.99,34.53,33.76,34.37,3309179
INVX,20250303,18.35,18.52,17.12,17.25,435973
IONQ,20250303,25.32,25.58,22.65,23.11,18253663
IOT,20250303,48.61,48.66,45.54,45.82,4324196
IP,20250303,56.34,57.07,55.22,55.31,6774182
IPB,20250303,25.36,25.75,25.36,25.36,834
IPI,20250303,26.33,26.38,24.40,24.61,224838
IQI,20250303,10.09,10.10,10.04,10.1,133763
IQV,20250303,187.72,189.16,184.06,184.85,1421324
IR,20250303,85.46,85.97,81.91,82.6,2886811
IRM,20250303,92.84,93.16,90.00,90.21,2130229
IRS,20250303,13.39,13.84,13.29,13.55,130905
IRT,20250303,21.77,21.85,21.50,21.66,2128386
ISD,20250303,14.42,14.49,14.40,14.45,120776
IT,20250303,498.50,499.72,487.84,491.13,512648
ITGR,20250303,123.83,124.46,119.25,120.21,374255
ITT,20250303,142.22,142.65,136.20,137.41,647684
ITUB,20250303,5.550,5.660,5.490,5.51,11931853
ITW,20250303,266.02,267.43,260.62,262.23,1094654
IVR,20250303,8.780,8.797,8.560,8.6,1247863
IVT,20250303,29.71,30.12,29.66,29.93,429998
IX,20250303,20.90,21.14,20.73,20.76,270095
J,20250303,128.74,129.58,124.86,125.16,784934
JBGS,20250303,15.32,15.72,15.04,15.05,893548
JBI,20250303,8.120,8.235,7.795,7.85,1503673
JBL,20250303,156.13,156.84,145.38,146.45,2042274
JCE,20250303,15.60,15.66,15.41,15.46,34895
JCI,20250303,86.23,86.50,82.09,82.56,4011843
JEF,20250303,66.43,66.85,63.70,63.77,1437662
JELD,20250303,5.670,5.864,5.450,5.59,1420720
JFR,20250303,8.550,8.565,8.510,8.51,1219382
JGH,20250303,13.42,13.48,13.34,13.38,42948
JHG,20250303,42.51,42.83,40.94,41.28,1571709
JHI,20250303,14.07,14.14,14.00,14.0418,50351
JHS,20250303,11.35,11.50,11.35,11.43,14242
JHX,20250303,31.78,32.91,30.87,31.14,74106
JKS,20250303,22.75,23.06,20.81,21.12,656542
JLL,20250303,272.27,274.70,265.09,267.02,288058
JLS,20250303,19.06,19.07,18.92,19,22088
JMIA,20250303,2.490,2.530,2.280,2.31,2926789
JMM,20250303,6.200,6.350,6.200,6.35,8691
JNJ,20250303,164.96,167.33,164.84,167.28,9191464
JNPR,20250303,36.06,36.14,35.88,36.03,3945317
JOBY,20250303,7.050,7.167,6.360,6.46,13116840
JOE,20250303,48.00,48.92,47.33,47.35,326340
JOF,20250303,7.970,8.025,7.960,7.99,48889
JPC,20250303,8.030,8.050,7.990,8.01,1220303
JPI,20250303,20.11,20.17,20.03,20.11,31057
JPM,20250303,264.00,266.32,257.82,260.62,9058307
JQC,20250303,5.570,5.575,5.530,5.53,599784
JRI,20250303,13.10,13.18,13.00,13.14,222051
JRS,20250303,8.900,8.920,8.840,8.88,93640
JWN,20250303,24.30,24.33,24.21,24.24,2260269
JXN,20250303,92.00,94.14,87.82,88.57,1405547
K,20250303,82.42,82.61,82.31,82.61,2363891
KAI,20250303,372.52,377.63,372.15,372.19,169688
KAR,20250303,22.35,22.46,21.73,22.11,1661037
KB,20250303,54.46,55.23,53.96,54.14,148521
KBDC,20250303,17.38,17.38,16.98,17.02,110787
KBH,20250303,60.99,61.35,59.50,59.85,874337
KBR,20250303,49.34,49.55,47.88,48.31,2372182
KD,20250303,38.29,38.64,37.05,37.44,2411957
KEN,20250303,31.95,32.45,31.49,31.49,10430
KEP,20250303,7.250,7.380,7.080,7.24,249039
KEX,20250303,104.55,105.26,99.76,100.25,488740
KEY,20250303,17.35,17.61,16.78,16.98,12074364
KEYS,20250303,160.53,162.65,155.46,155.89,1231472
KFRC,20250303,49.92,50.44,48.94,49.17,146096
KFS,20250303,7.730,7.990,7.710,7.84,32293
KGC,20250303,10.97,11.13,10.70,10.74,22333323
KGS,20250303,43.27,43.57,40.48,41.04,984014
KIM,20250303,22.04,22.34,21.86,22.05,4543451
KIND,20250303,1.760,1.790,1.620,1.67,7131325
KIO,20250303,12.46,12.49,12.38,12.41,388600
KKR,20250303,137.60,138.87,131.78,133.01,5242657
KLC,20250303,19.56,20.15,18.69,18.87,484038
KLG,20250303,19.92,20.09,19.30,19.39,821965
KMB,20250303,141.20,143.59,141.20,143.35,1946789
KMI,20250303,27.50,27.89,26.94,27.14,16312178
KMPR,20250303,67.71,69.08,67.71,68.27,302317
KMT,20250303,22.22,22.33,21.32,21.44,705113
KMX,20250303,83.96,84.49,81.08,81.51,1504357
KN,20250303,16.64,16.66,15.89,15.94,856577
KNF,20250303,96.78,97.00,89.94,90.68,270937
KNOP,20250303,5.490,5.800,5.490,5.55,72963
KNSL,20250303,432.00,436.38,428.76,430.59,214703
KNTK,20250303,58.53,59.22,56.55,56.91,912803
KODK,20250303,7.060,7.090,6.650,6.74,925738
KOF,20250303,89.39,90.65,86.71,87.01,159588
KOP,20250303,29.43,29.44,27.69,27.81,312304
KORE,20250303,2.450,2.520,2.340,2.44,21475
KOS,20250303,2.820,2.830,2.450,2.5,14960989
KRC,20250303,35.77,36.06,34.36,34.69,996768
KREF,20250303,11.09,11.19,10.98,11.06,376515
KRG,20250303,22.96,23.59,22.85,23.32,2680926
KRO,20250303,8.830,8.930,8.415,8.43,200470
KRP,20250303,15.32,15.34,14.30,14.42,3518298
KSS,20250303,11.56,11.82,11.24,11.33,8943055
KTB,20250303,65.44,65.90,62.75,63.14,1321940
KUKE,20250303,0.2900,0.2998,0.2303,0.24,451088
KVUE,20250303,23.50,23.89,23.47,23.79,12834375
KVYO,20250303,39.74,40.00,37.94,38.29,1033298
KW,20250303,9.700,9.820,9.585,9.66,592735
KWR,20250303,140.44,141.39,132.96,133.46,175084
KYN,20250303,12.83,12.93,12.66,12.69,378918
L,20250303,86.89,88.00,86.42,87.15,714624
LAC,20250303,2.700,2.760,2.500,2.52,4177460
LAD,20250303,345.19,347.57,323.70,325.3,394072
LADR,20250303,11.83,11.87,11.70,11.83,547008
LANV,20250303,1.975,2.000,1.840,1.91,4044
LAW,20250303,4.810,4.825,4.630,4.64,103775
LAZ,20250303,50.44,50.89,48.43,48.73,1067974
LB,20250303,69.37,69.99,62.48,63.97,696484
LBRT,20250303,17.33,17.45,15.83,15.98,4551140
LC,20250303,12.81,12.95,12.09,12.2,1197476
LCII,20250303,104.75,106.28,101.51,101.95,285678
LDI,20250303,1.640,1.684,1.620,1.65,713615
LDOS,20250303,131.40,131.44,127.80,129.2,1714459
LDP,20250303,21.01,21.14,20.87,20.98,94401
LEA,20250303,95.10,95.84,90.85,91.48,801700
LEG,20250303,9.210,9.380,8.850,8.9,2898421
LEN,20250303,119.69,121.08,117.50,117.93,2270448
LEN.B,20250303,115.81,116.61,113.68,113.89,47401
LEVI,20250303,18.02,18.08,17.15,17.23,1453193
LFT,20250303,2.800,2.800,2.710,2.74,82704
LGF.B,20250303,8.820,8.995,8.514,8.62,1084561
LGI,20250303,16.41,16.51,16.17,16.21,90224
LHX,20250303,207.60,209.45,205.28,207.7,1377959
LII,20250303,600.26,604.80,581.23,586.98,424660
LITB,20250303,1.000,1.040,0.9984,1,9371
LLY,20250303,912.80,935.62,910.00,929.72,3979760
LMND,20250303,37.24,39.77,35.64,35.75,3843312
LMT,20250303,452.87,454.43,448.83,451.94,1579417
LNC,20250303,39.20,39.57,37.49,37.92,1805861
LND,20250303,3.570,3.700,3.560,3.69,36860
LNG,20250303,228.87,230.00,219.41,220.85,2261031
LNN,20250303,132.55,133.45,128.02,128.43,60223
LOAR,20250303,72.50,73.61,69.06,69.72,367312
LOB,20250303,31.85,32.00,31.10,31.21,199262
LOCL,20250303,2.240,2.300,2.240,2.28,2972
LOMA,20250303,10.71,11.09,10.53,10.64,360886
LOW,20250303,248.68,249.68,243.80,246.16,2741104
LPG,20250303,20.38,20.70,19.71,19.88,656547
LPL,20250303,3.260,3.330,3.210,3.25,182446
LPX,20250303,100.03,102.49,97.55,97.98,992136
LRN,20250303,137.68,140.96,136.01,139.44,888821
LSPD,20250303,12.72,12.90,12.04,12.14,1156473
LTC,20250303,34.84,35.78,34.76,35.77,430348
LTH,20250303,30.65,31.80,29.92,31.43,8338149
LTM,20250303,31.74,32.00,31.51,31.62,307822
LU,20250303,2.930,3.010,2.860,2.88,4495761
LUMN,20250303,4.760,5.120,4.660,4.79,16544246
LUV,20250303,30.53,31.24,30.18,30.61,8206872
LVS,20250303,46.42,47.63,44.93,45.43,7525949
LVWR,20250303,2.280,2.340,2.070,2.07,38236
LW,20250303,52.03,52.84,49.49,50.02,3005287
LXFR,20250303,12.20,12.56,12.13,12.2,270030
LXP,20250303,8.940,9.065,8.940,9.03,2827538
LXU,20250303,7.380,7.380,6.920,6.93,507034
LYB,20250303,77.87,77.87,73.36,73.41,3387697
LYG,20250303,3.750,3.810,3.630,3.68,45972231
LYV,20250303,144.27,145.79,141.48,142.26,2282295
LZB,20250303,45.29,45.60,43.35,43.5,497157
LZM,20250303,5.400,5.400,4.950,5.04,201457
M,20250303,14.45,14.70,13.92,14.01,8477363
MA,20250303,577.33,582.23,570.00,574.92,3092583
MAA,20250303,168.00,171.26,167.61,170.92,882110
MAIN,20250303,61.14,61.85,59.98,60.52,699291
MAN,20250303,57.76,58.49,57.13,57.55,1131706
MANU,20250303,14.73,14.82,14.22,14.31,500872
MAS,20250303,75.63,76.21,73.65,73.94,1977261
MATV,20250303,6.790,6.854,5.870,5.97,1070851
MATX,20250303,143.52,145.00,139.36,140.14,279748
MAV,20250303,8.700,8.710,8.655,8.68,33964
MAX,20250303,9.300,9.630,8.920,8.99,536900
MBC,20250303,13.98,14.08,13.19,13.19,1359916
MBI,20250303,6.080,6.090,5.500,5.53,866393
MC,20250303,70.55,71.30,67.55,68.17,727046
MCB,20250303,61.00,61.86,58.71,59.58,107323
MCD,20250303,308.11,309.49,302.43,304.29,4371634
MCI,20250303,21.19,21.25,20.91,20.99,32162
MCK,20250303,637.63,648.46,636.90,644.53,1051084
MCO,20250303,505.00,507.33,498.39,502,1189722
MCR,20250303,6.390,6.440,6.390,6.44,92069
MCY,20250303,54.44,55.46,53.56,54.93,663671
MD,20250303,14.73,14.87,14.32,14.51,896977
MDT,20250303,92.67,94.93,92.30,94.3,9306335
MDU,20250303,17.26,17.47,17.01,17.19,1536245
MDV,20250303,15.12,15.65,14.84,15.55,27693
MEC,20250303,14.90,15.02,13.83,13.9,148860
MED,20250303,14.36,14.68,14.00,14.02,146509
MEG,20250303,19.65,20.70,19.28,19.87,622260
MEGI,20250303,12.55,12.75,12.53,12.55,259181
MEI,20250303,10.97,10.97,9.960,10.01,252721
MET,20250303,86.74,87.39,84.88,85.7,3117141
MFA,20250303,10.60,10.65,10.38,10.43,1128356
MFC,20250303,31.24,31.58,30.33,30.62,6438013
MFG,20250303,5.720,5.750,5.630,5.64,2149073
MFM,20250303,5.550,5.590,5.542,5.59,62496
MG,20250303,9.860,9.920,9.340,9.45,130904
MGA,20250303,36.82,37.20,35.06,35.33,1749880
MGF,20250303,3.100,3.150,3.100,3.14,67244
MGM,20250303,35.21,35.53,33.19,33.19,4898299
MGR,20250303,22.76,22.90,22.57,22.57,15358
MGRB,20250303,18.77,18.84,18.50,18.77,18581
MGRD,20250303,16.28,16.32,16.09,16.19,22008
MGRE,20250303,25.14,25.34,25.09,25.19,15872
MGY,20250303,23.50,23.62,22.03,22.26,2741942
MHD,20250303,12.12,12.13,12.00,12.06,144522
MHF,20250303,7.680,7.690,7.260,7.35,129963
MHI,20250303,9.480,9.499,9.450,9.45,12521
MHK,20250303,117.13,118.96,116.04,116.3,866066
MHN,20250303,10.54,10.63,10.54,10.57,66597
MIN,20250303,2.720,2.720,2.700,2.72,142515
MIO,20250303,12.20,12.20,12.14,12.2,20188
MIR,20250303,15.59,15.66,14.96,15.01,1736374
MITT,20250303,7.555,7.890,7.520,7.69,432507
MIY,20250303,11.83,11.83,11.66,11.73,91556
MKC,20250303,82.79,84.78,82.38,84.73,2235840
MKL,20250303,1 932.00,1 952.78,1 908.95,1918.56,53454
ML,20250303,86.84,87.45,86.84,87,185866
MLI,20250303,80.51,82.23,78.86,79.5,1026742
MLM,20250303,486.45,490.00,467.99,469.8,611389
MLNK,20250303,18.20,18.50,18.08,18.1,161904
MLP,20250303,19.63,19.63,19.25,19.4,15615
MLR,20250303,58.14,58.49,55.00,55.35,163158
MMC,20250303,237.05,239.81,235.08,239.48,2009342
MMD,20250303,15.61,15.61,15.47,15.54,62434
MMI,20250303,38.44,38.87,38.16,38.48,115821
MMM,20250303,155.50,156.35,151.90,153.42,5672857
MMS,20250303,65.21,65.84,63.92,64.34,631165
MMT,20250303,4.660,4.740,4.660,4.7,145971
MMU,20250303,10.53,10.53,10.46,10.48,101171
MNR,20250303,14.94,15.20,14.38,14.47,292496
MNSO,20250303,20.35,20.46,19.66,19.88,907531
MO,20250303,55.80,57.49,55.79,57.31,10433762
MOD,20250303,86.00,86.18,75.82,77.13,1809346
MODG,20250303,6.550,6.576,6.120,6.21,3691434
MOG.A,20250303,172.14,172.32,165.65,166.76,189959
MOGU,20250303,2.450,2.450,2.270,2.28,1307
MOH,20250303,302.81,305.51,299.88,302.84,845250
MOV,20250303,19.42,19.73,18.77,18.87,223462
MP,20250303,24.14,24.63,22.25,22.53,4165665
MPA,20250303,11.82,11.82,11.68,11.74,14551
MPC,20250303,151.23,152.75,144.55,145.82,2714547
MPLX,20250303,54.25,54.79,53.88,54.26,1632688
MPV,20250303,16.22,16.33,16.01,16.1,29251
MPW,20250303,5.970,6.000,5.700,5.78,24331545
MPX,20250303,8.590,8.740,8.430,8.48,29684
MQT,20250303,10.36,10.38,10.33,10.36,58387
MQY,20250303,12.08,12.09,11.96,12.06,281669
MRC,20250303,12.20,12.35,11.49,11.58,755870
MRK,20250303,91.78,93.21,91.78,93.15,13636057
MS,20250303,133.33,133.99,127.73,129.13,5969382
MSA,20250303,163.88,164.38,159.87,160.04,223355
MSB,20250303,27.65,27.90,26.00,26.26,44287
MSC,20250303,3.315,3.315,2.580,2.585,16471
MSCI,20250303,590.51,598.71,585.95,588.76,507509
MSD,20250303,8.240,8.250,8.170,8.24,91631
MSDL,20250303,20.45,20.58,20.29,20.41,1063603
MSGE,20250303,34.34,34.76,33.74,33.83,295632
MSGS,20250303,205.06,205.06,200.26,201.48,147952
MSI,20250303,438.97,440.68,423.16,427.35,938740
MSM,20250303,80.62,81.39,78.18,78.36,579879
MT,20250303,30.26,30.38,29.20,29.48,4528025
MTAL,20250303,10.17,10.38,9.840,9.92,236199
MTDR,20250303,52.78,52.86,47.44,47.74,1959978
MTG,20250303,24.55,24.98,24.37,24.57,1379979
MTN,20250303,160.30,161.50,156.96,158.44,571522
MTR,20250303,6.265,6.265,6.200,6.2,2749
MTRN,20250303,92.48,93.16,87.22,87.36,99110
MTUS,20250303,14.66,14.87,13.85,13.98,485183
MTX,20250303,69.08,69.72,67.22,67.55,164748
MTZ,20250303,133.64,135.87,125.10,127.67,1883060
MUA,20250303,11.15,11.16,11.01,11.06,293415
MUC,20250303,11.07,11.10,11.03,11.07,182725
MUE,20250303,10.40,10.47,10.40,10.43,30073
MUFG,20250303,12.96,13.08,12.79,12.84,4990693
MUJ,20250303,11.73,11.74,11.61,11.65,138860
MUR,20250303,26.71,26.85,24.27,24.46,3425119
MUSA,20250303,468.09,471.01,464.01,464.81,297843
MUX,20250303,7.020,7.140,6.600,6.69,839470
MVF,20250303,7.320,7.360,7.280,7.31,190273
MVO,20250303,5.190,5.207,4.815,4.84,87616
MVT,20250303,11.04,11.06,10.89,11.04,45644
MWA,20250303,25.87,25.98,25.16,25.19,1426785
MX,20250303,4.480,4.600,4.370,4.38,225789
MXE,20250303,8.630,8.820,8.590,8.62,7570
MYD,20250303,10.85,10.92,10.82,10.82,121654
MYE,20250303,10.97,10.99,9.692,9.81,335604
MYI,20250303,11.29,11.29,11.20,11.22,213174
MYN,20250303,10.25,10.27,10.20,10.25,65675
MYTE,20250303,10.96,11.25,10.24,10.41,314429
NABL,20250303,8.450,8.480,7.070,7.2,4264880
NAC,20250303,11.62,11.62,11.55,11.58,458128
NAD,20250303,11.96,11.98,11.94,11.94,640490
NAN,20250303,11.84,11.85,11.78,11.85,88178
NAT,20250303,2.490,2.540,2.450,2.46,3450789
NATL,20250303,28.55,28.55,26.61,26.69,379157
NAZ,20250303,12.80,13.55,12.67,13.44,79738
NBB,20250303,16.30,16.47,16.22,16.47,86964
NBR,20250303,40.56,41.72,36.41,37.04,660902
NBXG,20250303,13.18,13.31,12.76,12.79,391013
NC,20250303,32.16,32.85,31.46,32.11,15056
NCA,20250303,8.650,8.700,8.650,8.7,132297
NCDL,20250303,17.51,17.58,17.25,17.4,358283
NCLH,20250303,22.97,23.28,21.66,21.95,17260497
NCV,20250303,13.76,13.85,13.53,13.57,125645
NCZ,20250303,12.40,12.46,12.27,12.29,90269
NDMO,20250303,10.60,10.60,10.50,10.53,152350
NE,20250303,26.00,26.10,23.24,23.61,5095637
NEE,20250303,70.05,71.70,70.00,71.62,9492200
NEM,20250303,43.70,43.95,42.16,42.36,12599874
NET,20250303,145.95,149.16,141.72,142.91,4735075
NEU,20250303,571.96,574.74,562.00,562.65,53165
NEUE,20250303,7.380,7.380,7.270,7.27,10531
NEXA,20250303,5.370,5.370,5.150,5.17,21657
NFG,20250303,74.90,76.26,74.75,75.34,772341
NFJ,20250303,12.81,12.84,12.64,12.64,222893
NGG,20250303,61.34,61.96,61.30,61.72,691743
NGL,20250303,4.820,4.890,4.640,4.64,912773
NGS,20250303,25.55,25.85,24.36,24.38,96455
NGVC,20250303,44.43,44.52,41.94,42.12,172820
NGVT,20250303,47.56,48.12,44.81,45.24,250276
NHI,20250303,71.45,73.41,71.26,73.34,299869
NI,20250303,40.79,41.30,40.75,41.23,4614331
NIC,20250303,119.70,121.52,119.05,119.94,55980
NIE,20250303,24.21,24.22,23.60,23.7,77413
NIM,20250303,9.380,9.380,9.270,9.2758,14311
NINE,20250303,1.090,1.090,0.9801,0.9907,1225042
NIO,20250303,4.490,4.560,4.200,4.23,80304048
NKE,20250303,79.99,80.96,77.89,78.41,8628754
NL,20250303,6.910,7.130,6.580,6.65,21966
NLOP,20250303,32.32,32.84,32.24,32.44,77689
NLY,20250303,21.90,21.99,21.48,21.64,7801804
NMAI,20250303,12.62,12.68,12.60,12.63,99437
NMCO,20250303,11.26,11.32,11.20,11.23,219179
NMG,20250303,1.590,1.610,1.400,1.42,69868
NMI,20250303,9.960,9.980,9.840,9.96,25650
NMM,20250303,40.95,41.06,39.31,39.6,135433
NMR,20250303,6.630,6.680,6.480,6.51,611762
NMS,20250303,12.48,12.50,12.45,12.4628,9097
NMT,20250303,11.90,11.95,11.86,11.94,28138
NMZ,20250303,11.30,11.34,11.25,11.28,283683
NNI,20250303,121.94,122.74,119.25,120.32,66967
NNN,20250303,42.26,42.82,42.26,42.82,823875
NNY,20250303,8.410,8.415,8.310,8.34,22126
NOA,20250303,17.69,17.83,16.56,16.73,95183
NOAH,20250303,11.38,11.40,10.86,10.98,79824
NOC,20250303,466.36,473.81,463.16,473.41,1255892
NOG,20250303,31.74,31.84,28.33,28.42,3643549
NOM,20250303,10.99,11.16,10.83,10.83,6984
NOMD,20250303,20.38,20.67,19.44,19.84,1838342
NOTE,20250303,1.240,1.249,1.120,1.13,2793318
NOV,20250303,15.06,15.11,14.08,14.21,3798897
NOVA,20250303,0.6161,0.8500,0.4800,0.5935,118371352
NOW,20250303,936.01,939.00,902.68,910.31,1545908
NPCT,20250303,11.14,11.14,11.06,11.13,233579
NPFD,20250303,18.98,18.99,18.87,18.98,50142
NPK,20250303,101.67,101.94,98.50,99.29,38711
NPO,20250303,182.90,182.94,175.60,178.07,151540
NPV,20250303,12.62,12.65,12.57,12.58,35349
NPWR,20250303,7.290,7.350,6.530,6.6,1064317
NQP,20250303,11.87,11.87,11.69,11.76,84500
NRDY,20250303,1.502,1.670,1.490,1.56,1810724
NREF,20250303,16.50,16.75,16.31,16.57,42787
NRG,20250303,106.60,106.98,99.19,100.25,4174190
NRGV,20250303,1.380,1.390,1.175,1.22,1030966
NRP,20250303,105.51,106.58,98.00,98.5,75349
NRT,20250303,4.380,4.500,4.300,4.3,39521
NSA,20250303,38.74,38.96,38.26,38.57,575286
NSC,20250303,246.88,249.71,243.19,245.14,1112096
NSP,20250303,87.75,87.95,84.29,85.97,516534
NTR,20250303,52.99,53.40,49.24,49.6,3469581
NTST,20250303,14.96,15.14,14.90,15,860896
NTZ,20250303,4.750,4.800,4.750,4.8,4015
NU,20250303,11.00,11.20,10.32,10.47,80675226
NUE,20250303,139.66,140.12,131.99,134.07,3209151
NUS,20250303,7.950,8.014,7.570,7.66,602030
NUV,20250303,8.900,8.900,8.840,8.84,508727
NUVB,20250303,2.100,2.190,1.800,1.82,5779029
NVGS,20250303,15.26,15.38,14.69,14.73,301423
NVO,20250303,90.66,90.74,89.00,89.37,4810878
NVR,20250303,7 300.00,7 333.35,7 156.24,7200.29,24903
NVRI,20250303,6.470,6.570,6.130,6.22,1103452
NVRO,20250303,5.720,5.740,5.720,5.72,1290512
NVS,20250303,109.70,110.94,109.70,110.62,2247211
NVST,20250303,20.00,20.10,18.85,19.02,2522967
NVT,20250303,60.97,61.50,55.69,56.35,2347938
NWG,20250303,12.39,12.51,12.22,12.29,6167350
NWN,20250303,40.90,42.60,40.88,42.37,344914
NX,20250303,19.36,19.49,18.77,18.89,667036
NXC,20250303,13.15,13.20,13.10,13.1,22466
NXDT,20250303,4.930,4.975,4.770,4.77,96970
NXE,20250303,5.350,5.350,4.770,4.77,16055591
NXG,20250303,48.66,49.00,47.16,47.4,104195
NXJ,20250303,12.34,12.35,12.21,12.32,139971
NXP,20250303,14.80,14.80,14.70,14.75,66095
NXRT,20250303,42.45,43.13,41.66,42.16,152537
NYC,20250303,10.76,11.36,10.32,10.42,4585
NYT,20250303,48.00,48.26,46.88,47.07,2785351
NZF,20250303,12.70,12.75,12.64,12.66,463852
O,20250303,56.68,57.64,56.62,57.55,5859826
OBDC,20250303,15.46,15.58,15.24,15.3,3004191
OBK,20250303,38.75,39.25,38.31,38.6,87835
OC,20250303,155.37,155.91,147.78,148.5,1413426
ODC,20250303,44.11,45.55,43.77,44.93,48244
ODV,20250303,1.300,1.340,1.240,1.24,408463
OEC,20250303,14.19,14.19,13.06,13.18,729735
OFG,20250303,42.46,42.93,41.80,42.09,229214
OGE,20250303,45.99,46.54,45.57,46.32,1895498
OGN,20250303,15.04,15.07,14.22,14.35,5022285
OGS,20250303,74.82,76.48,74.82,76.05,314035
OHI,20250303,36.56,37.66,36.51,37.66,2626605
OI,20250303,11.59,11.75,10.84,10.9,1658024
OIA,20250303,6.190,6.230,6.170,6.2,82340
OII,20250303,22.20,22.37,20.55,20.73,1163684
OIS,20250303,5.490,5.540,5.030,5.09,2072251
OKE,20250303,100.39,101.48,96.00,96.76,3557370
OKLO,20250303,34.75,35.07,29.25,29.38,11978033
OLN,20250303,25.88,26.06,23.86,23.87,2295939
OLO,20250303,6.930,7.000,6.580,6.61,1361561
OLP,20250303,26.61,26.91,26.61,26.76,47012
OMC,20250303,83.00,83.34,80.08,80.71,3617917
OMF,20250303,53.72,54.06,51.52,51.96,995772
OMI,20250303,9.400,9.740,8.830,9.32,3285016
ONIT,20250303,32.38,32.70,30.56,30.57,68254
ONL,20250303,4.130,4.250,4.100,4.11,349388
ONON,20250303,48.10,49.98,47.55,47.85,7377722
ONTF,20250303,5.560,5.680,5.400,5.5,329967
ONTO,20250303,148.50,148.50,133.19,136.01,1209743
OOMA,20250303,14.38,14.60,13.79,13.88,91173
OPAD,20250303,1.950,1.992,1.650,1.65,99869
OPFI,20250303,10.27,10.72,9.580,9.59,1993252
OPY,20250303,65.82,66.52,64.44,65.02,17443
OR,20250303,18.60,18.60,17.85,18,824041
ORA,20250303,69.76,70.77,68.38,68.73,459365
ORC,20250303,8.560,8.640,8.400,8.43,4585734
ORCL,20250303,166.95,167.12,161.13,162.02,8081840
ORI,20250303,38.54,39.00,38.40,38.69,1482105
ORN,20250303,7.080,7.310,6.430,6.49,409529
OSCR,20250303,14.78,15.41,14.37,15.09,4869114
OSK,20250303,103.07,103.56,97.23,97.48,962342
OTIS,20250303,100.20,102.00,100.14,100.73,2919065
OUT,20250303,18.59,18.94,18.40,18.54,2182871
OVV,20250303,43.93,43.99,39.30,39.67,3988721
OWL,20250303,21.68,21.89,20.59,20.83,7347227
OWLT,20250303,4.550,4.730,4.460,4.5,79671
OXM,20250303,62.26,62.54,59.82,60.23,742755
OXY,20250303,49.15,49.40,45.86,46.45,24994053
PAAS,20250303,24.37,24.64,23.32,23.52,3908765
PAC,20250303,191.15,194.07,185.92,186.76,63269
PACK,20250303,6.690,6.750,6.500,6.58,507787
PACS,20250303,13.07,13.45,13.00,13.06,487504
PAG,20250303,169.67,170.04,166.02,167.8,304083
PAGS,20250303,7.480,7.625,7.085,7.14,4017051
PAM,20250303,79.47,79.98,75.54,76.33,192783
PAR,20250303,67.31,68.16,64.31,64.39,534982
PARR,20250303,14.35,14.42,12.90,13.21,2094388
PATH,20250303,12.43,12.60,11.72,11.76,8564229
PAXS,20250303,16.28,16.28,16.20,16.25,257111
PAY,20250303,27.56,28.03,26.70,26.99,311934
PAYC,20250303,219.14,224.49,218.14,220.21,1016838
PB,20250303,76.77,77.92,75.55,76.16,626331
PBA,20250303,39.15,39.55,38.06,38.48,1788855
PBF,20250303,21.43,21.50,19.95,20.16,4659642
PBH,20250303,84.95,86.18,84.74,85.25,349292
PBI,20250303,10.80,10.97,10.50,10.62,3699135
PBR,20250303,13.44,13.73,13.06,13.14,16642404
PBT,20250303,10.63,10.96,9.820,9.98,264373
PCK,20250303,5.920,5.990,5.920,5.95,170670
PCN,20250303,13.65,13.77,13.65,13.7,249759
PCOR,20250303,77.05,78.16,73.54,74.26,1277388
PCQ,20250303,9.270,9.301,9.238,9.24,122582
PD,20250303,17.87,18.08,17.31,17.37,1214838
PDCC,20250303,20.19,20.36,20.12,20.19,7065
PDI,20250303,19.98,20.05,19.93,19.97,3349918
PDM,20250303,7.580,7.685,7.335,7.4,722032
PDO,20250303,14.07,14.10,14.02,14.05,635942
PDS,20250303,49.90,50.27,45.56,46,231105
PDT,20250303,12.92,13.13,12.92,12.96,174529
PDX,20250303,25.48,25.61,24.68,24.8,111074
PEB,20250303,12.37,12.57,12.20,12.27,1872728
PEG,20250303,81.30,82.72,80.70,81.76,3706020
PEN,20250303,285.48,292.14,281.89,285.88,434432
PEO,20250303,22.40,22.74,21.75,21.8,58231
PERF,20250303,1.880,1.920,1.735,1.75,197390
PFD,20250303,11.26,11.32,11.24,11.28,33747
PFE,20250303,26.37,26.90,25.97,26.25,54048604
PFGC,20250303,85.41,85.62,82.25,83,1304828
PFH,20250303,18.76,18.78,18.62,18.63,17852
PFL,20250303,8.560,8.585,8.550,8.57,216845
PFLT,20250303,11.36,11.42,11.25,11.29,1378534
PFN,20250303,7.580,7.600,7.570,7.59,432642
PFO,20250303,9.230,9.270,9.216,9.25,35146
PFS,20250303,18.28,18.55,18.03,18.21,677674
PFSI,20250303,104.00,106.08,102.32,103.62,291123
PG,20250303,173.58,176.29,173.51,175.59,7615570
PGP,20250303,8.040,8.080,8.020,8.02,44045
PGR,20250303,282.38,285.28,282.08,285.08,2871775
PGRE,20250303,4.480,4.510,4.330,4.37,2179162
PGZ,20250303,10.65,10.73,10.59,10.68,38575
PH,20250303,674.35,678.02,645.97,650.56,1130695
PHD,20250303,9.610,9.640,9.600,9.6,38139
PHG,20250303,26.42,26.62,26.25,26.36,629879
PHK,20250303,4.930,4.950,4.920,4.94,974699
PHM,20250303,103.14,104.51,101.41,102.03,1921553
PHR,20250303,26.55,26.81,25.54,25.76,332615
PHT,20250303,7.880,7.910,7.850,7.86,98882
PHX,20250303,4.100,4.129,3.820,3.87,58851
PII,20250303,44.81,45.26,42.60,42.75,2018862
PIM,20250303,3.320,3.320,3.300,3.315,71970
PINE,20250303,16.49,16.72,16.49,16.58,105814
PINS,20250303,37.11,37.42,35.42,35.57,9593715
PIPR,20250303,288.45,292.68,281.50,283.09,133071
PJT,20250303,159.51,161.91,156.30,157.28,218418
PK,20250303,12.37,12.50,11.96,12.01,4194944
PKE,20250303,13.83,13.96,13.54,13.63,35269
PKG,20250303,214.13,214.52,208.88,209.41,778543
PKST,20250303,11.35,11.76,11.16,11.19,220088
PKX,20250303,46.79,46.99,45.32,45.74,216243
PL,20250303,4.700,4.740,4.190,4.25,3593626
PLD,20250303,124.16,124.99,122.74,123.54,3184096
PLNT,20250303,93.07,94.81,92.09,93.06,2174563
PLOW,20250303,26.95,27.14,26.01,26.08,165069
PLYM,20250303,17.43,17.55,17.14,17.35,349778
PM,20250303,154.82,158.85,154.00,158.79,5458987
PMF,20250303,9.320,9.350,9.305,9.32,63768
PML,20250303,8.630,8.669,8.553,8.61,222538
PMM,20250303,6.310,6.335,6.290,6.32,111317
PMO,20250303,10.72,10.79,10.71,10.72,69040
PMT,20250303,14.63,14.70,14.47,14.59,646477
PMX,20250303,7.520,7.570,7.510,7.51,100133
PNC,20250303,192.35,194.27,187.89,189.49,1338050
PNF,20250303,7.740,7.810,7.740,7.79,9576
PNI,20250303,7.450,7.460,7.400,7.43,83881
PNNT,20250303,7.280,7.340,7.160,7.2,600503
PNST,20250303,0.2500,0.2502,0.1600,0.176,237870
PNW,20250303,92.26,94.27,92.19,94.18,1290818
POR,20250303,44.82,45.37,44.72,45.24,1288181
POST,20250303,113.78,114.96,113.09,114.4,558337
PPG,20250303,114.95,115.52,111.48,111.72,2401227
PPL,20250303,35.15,35.69,35.14,35.67,3407283
PPT,20250303,3.610,3.632,3.605,3.61,141365
PR,20250303,14.20,14.25,12.83,12.94,16878435
PRG,20250303,28.39,29.68,28.39,28.81,659877
PRGO,20250303,29.58,30.93,28.72,29,3954349
PRI,20250303,290.74,295.71,288.54,289.11,195774
PRIM,20250303,73.16,73.46,67.51,68.85,1535840
PRKS,20250303,50.79,51.45,50.12,50.77,730952
PRLB,20250303,40.49,40.74,38.20,38.29,218522
PRM,20250303,10.67,10.69,9.875,9.9,1160607
PRMW,20250303,33.35,33.83,32.79,33.28,4274937
PRO,20250303,24.31,24.66,23.78,23.79,307072
PRT,20250303,4.480,4.540,4.320,4.37,59960
PRU,20250303,115.84,116.62,112.56,113.48,1677416
PSA,20250303,304.11,311.08,302.38,311.04,789798
PSBD,20250303,15.51,15.64,15.24,15.515,23056
PSF,20250303,20.30,20.39,20.30,20.34,26333
PSN,20250303,57.89,58.49,54.90,55.35,2094506
PSO,20250303,17.20,17.42,17.16,17.21,796644
PSQH,20250303,2.660,2.710,2.530,2.57,624867
PSTG,20250303,52.77,53.24,49.12,49.43,4072596
PSTL,20250303,13.82,14.02,13.74,13.85,259263
PSX,20250303,130.75,131.00,124.60,124.99,6055300
PTA,20250303,19.94,20.00,19.83,19.95,163508
PTY,20250303,14.72,14.73,14.66,14.7,783961
PUMP,20250303,8.440,8.470,7.640,7.67,1711708
PVL,20250303,1.430,1.490,1.430,1.48,95472
PWR,20250303,261.66,264.50,248.67,250.91,1986990
PX,20250303,12.88,13.18,12.56,12.61,788599
PYN,20250303,6.010,6.010,5.920,5.94,3323
PZC,20250303,6.890,6.920,6.870,6.89,108806
QBTS,20250303,5.580,5.770,4.800,4.9,49860289
QD,20250303,2.820,2.830,2.680,2.71,315873
QGEN,20250303,38.79,38.89,38.14,38.22,1179883
QS,20250303,4.750,4.770,4.250,4.26,23162810
QSR,20250303,65.55,66.37,64.66,64.83,1198411
QTWO,20250303,87.97,88.31,83.30,84.1,579733
QVCC,20250303,11.80,11.80,11.40,11.4534,35103
QVCD,20250303,12.00%,12.00%,11.55%,11.58%,33593
R,20250303,165.99,166.78,157.37,158.64,241089
RA,20250303,13.35,13.40,13.28,13.35,384735
RACE,20250303,473.09,476.18,459.51,464.2,685432
RAMP,20250303,29.95,30.16,29.31,29.51,556292
RBA,20250303,102.30,104.20,102.18,102.71,1031400
RBC,20250303,361.73,363.69,354.16,355.95,86385
RBLX,20250303,64.40,65.17,61.86,62.18,8510766
RBOT,20250303,11.00,11.20,9.300,9.33,32686
RBRK,20250303,66.41,68.32,60.98,61.37,1428880
RC,20250303,5.520,5.700,4.775,5.07,22960789
RCI,20250303,27.89,28.28,27.57,27.67,764203
RCL,20250303,246.67,251.44,237.71,241.12,2414218
RCUS,20250303,10.88,11.10,10.32,10.5,1117332
RDDT,20250303,165.46,174.22,160.40,162.45,7176780
RDN,20250303,32.86,33.64,32.78,33.06,1282960
RDW,20250303,14.64,14.64,11.97,12.31,2171131
RDY,20250303,12.83,12.92,12.72,12.76,958464
RELX,20250303,48.63,48.87,48.33,48.51,607103
RES,20250303,5.590,5.615,5.230,5.28,1840569
REVG,20250303,30.57,30.62,28.01,28.09,1085356
REX,20250303,38.57,38.57,36.55,36.85,103061
REXR,20250303,41.28,41.78,40.84,41.09,1560981
REZI,20250303,19.78,20.20,18.56,18.59,1311273
RF,20250303,23.56,23.78,22.93,23.14,6678574
RFI,20250303,12.35,12.52,12.35,12.4,63091
RFL,20250303,1.970,2.010,1.890,1.89,20782
RFM,20250303,15.53,15.58,15.37,15.555,18963
RFMZ,20250303,14.10,14.28,14.05,14.06,59977
RGA,20250303,204.97,205.08,197.78,198.91,419918
RGR,20250303,39.48,39.89,39.41,39.68,146600
RGT,20250303,10.88,10.96,10.75,10.753,13719
RH,20250303,322.92,326.00,304.40,307.23,813260
RHI,20250303,59.09,59.61,56.02,56.38,1631637
RHP,20250303,99.50,100.62,97.67,98.09,587955
RIG,20250303,2.920,2.990,2.650,2.67,62261893
RIO,20250303,62.09,62.25,60.66,61.05,3714506
RITM,20250303,12.15,12.20,11.87,11.95,6729897
RIV,20250303,12.29,12.36,12.27,12.3,53363
RJF,20250303,155.24,156.00,149.63,150.4,1696154
RKT,20250303,14.07,14.47,13.71,14.06,6877895
RL,20250303,272.41,273.55,260.61,262.36,806480
RLI,20250303,76.31,77.14,76.16,76.82,407503
RLJ,20250303,9.310,9.590,9.310,9.4,1893993
RLTY,20250303,16.05,16.25,15.81,15.88,176149
RLX,20250303,2.470,2.480,2.280,2.28,4428875
RM,20250303,33.47,33.73,31.83,32.01,45001
RMD,20250303,234.10,236.44,231.39,233.1,722864
RMI,20250303,15.76,15.76,15.70,15.73,29862
RMM,20250303,15.10,15.23,15.10,15.18,29408
RMMZ,20250303,15.85,15.85,15.84,15.85,25988
RMT,20250303,9.310,9.331,8.980,9.03,169024
RNG,20250303,28.70,29.13,27.85,27.97,1826531
RNGR,20250303,16.83,17.21,16.15,16.15,168903
RNP,20250303,22.36,22.48,22.17,22.28,120599
RNR,20250303,238.58,241.50,235.74,241.27,447307
RNST,20250303,36.20,36.68,35.58,36.01,549317
ROG,20250303,80.27,80.27,73.85,74.17,272486
ROK,20250303,289.96,292.16,277.84,278.63,783590
ROL,20250303,52.29,53.18,52.29,53.01,2678641
RPM,20250303,125.26,125.84,122.17,123.09,917028
RQI,20250303,13.29,13.46,13.29,13.32,450698
RRC,20250303,37.52,37.65,36.39,36.8,4896993
RRX,20250303,131.00,132.05,121.53,123.71,640590
RS,20250303,301.18,301.49,286.58,289.02,416053
RSF,20250303,15.16,15.19,15.10,15.13,13805
RSG,20250303,237.26,240.64,237.26,239.62,1126879
RSI,20250303,11.82,12.12,11.32,11.34,2735720
RSKD,20250303,5.480,5.570,5.150,5.15,659991
RTO,20250303,25.66,25.69,25.10,25.14,721710
RTX,20250303,134.34,135.36,132.92,133.83,6215800
RVLV,20250303,26.50,26.86,24.66,25,2046338
RVT,20250303,15.27,15.40,14.80,14.84,468615
RVTY,20250303,112.74,113.06,109.94,110.39,1031633
RWT,20250303,6.660,6.660,6.460,6.52,889113
RXO,20250303,20.49,20.70,19.95,20.27,1634863
RY,20250303,118.00,119.46,115.84,116.85,1320026
RYAM,20250303,7.680,7.810,7.550,7.58,605048
RYAN,20250303,69.98,70.34,68.90,69.47,1091067
RYI,20250303,25.54,25.70,24.47,24.75,216057
RYN,20250303,26.45,27.20,26.28,27.19,1011878
RZB,20250303,24.74,24.79,24.65,24.6589,65521
S,20250303,20.93,21.03,19.97,20.14,3419479
SA,20250303,11.10,11.24,10.58,10.64,11394692
SABA,20250303,9.070,9.150,9.060,9.08,163750
SAFE,20250303,18.56,18.81,17.79,18.11,447185
SAH,20250303,68.60,69.10,65.81,66.11,205040
SAM,20250303,243.57,253.25,243.30,248.09,405281
SAN,20250303,6.560,6.600,6.440,6.47,8620423
SAND,20250303,6.240,6.290,6.120,6.16,4408274
SAP,20250303,285.47,287.28,279.41,280.65,1914212
SAR,20250303,26.02,26.17,25.63,25.79,249813
SARO,20250303,28.22,28.34,27.00,27.26,691309
SB,20250303,3.730,3.770,3.680,3.69,1201036
SBH,20250303,9.050,9.280,8.680,8.76,2218589
SBI,20250303,7.970,7.980,7.930,7.94,37817
SBR,20250303,65.47,65.68,63.06,64.04,85458
SBXD,20250303,10.19,10.19,10.15,10.15,33975
SCCO,20250303,91.81,92.25,86.36,86.71,1178547
SCD,20250303,17.10,17.17,16.77,16.97,38920
SCHW,20250303,79.90,79.95,77.65,78.12,9984263
SCI,20250303,81.00,81.63,79.52,80.01,1176991
SCL,20250303,61.72,61.72,57.93,58,228150
SCM,20250303,15.35,15.56,15.25,15.5,219839
SCS,20250303,12.18,12.26,11.78,11.85,620052
SD,20250303,11.77,11.83,10.90,10.95,550088
SDHC,20250303,21.58,21.58,20.81,20.95,82801
SDHY,20250303,16.71,16.92,16.71,16.73,90775
SDRL,20250303,25.58,25.67,23.26,23.32,2034718
SE,20250303,131.85,132.07,122.68,123.49,5943420
SEE,20250303,34.21,34.65,32.42,32.59,1772235
SEI,20250303,34.80,36.14,31.12,31.57,1254926
SEM,20250303,18.17,18.37,17.78,17.91,1266560
SEMR,20250303,11.14,11.44,10.89,11.14,1628643
SES,20250303,0.6631,0.6751,0.5664,0.5733,15539932
SF,20250303,106.08,106.75,103.24,103.52,547420
SG,20250303,23.06,23.39,21.18,21.64,6619855
SGHC,20250303,7.500,7.530,7.060,7.1,1037656
SHAK,20250303,109.09,109.67,102.20,102.78,1381845
SHCO,20250303,7.060,7.060,6.550,6.6,641240
SHEL,20250303,68.42,68.53,65.98,66.46,6588422
SHG,20250303,32.33,32.50,31.66,31.82,368750
SHO,20250303,10.49,10.66,10.43,10.46,2298027
SHOP,20250303,112.89,115.21,104.81,106.58,7795180
SHW,20250303,364.27,364.27,354.72,356.73,2607399
SID,20250303,1.460,1.490,1.400,1.4,1239924
SIG,20250303,52.37,53.37,48.59,48.72,1697809
SII,20250303,42.73,43.18,41.62,41.74,167527
SILA,20250303,25.52,25.72,25.19,25.51,471445
SITC,20250303,13.98,14.24,13.43,13.49,1452595
SITE,20250303,126.81,126.97,124.42,124.5,850903
SJM,20250303,110.12,113.11,109.77,112.09,1459236
SJT,20250303,5.000,5.030,4.730,4.79,255576
SKE,20250303,10.07,10.16,9.501,9.55,292952
SKLZ,20250303,5.830,5.850,5.245,5.27,69559
SKM,20250303,21.94,22.06,21.62,21.67,449049
SKT,20250303,35.38,35.76,35.26,35.62,982776
SKX,20250303,61.53,61.61,58.10,58.49,2574481
SKY,20250303,102.34,103.93,99.48,99.96,465722
SLB,20250303,41.98,42.16,39.48,39.82,18379034
SLF,20250303,55.68,57.20,55.57,55.88,869481
SLG,20250303,64.14,65.30,62.50,62.78,754107
SLGN,20250303,54.25,54.90,52.51,52.67,715138
SLQT,20250303,4.700,4.740,4.240,4.27,1851192
SLVM,20250303,71.54,73.73,68.92,69.14,404403
SM,20250303,32.87,33.14,29.43,30.01,2525843
SMBK,20250303,34.62,35.03,34.24,34.64,50585
SMC,20250303,44.59,44.71,42.43,42.61,73930
SMFG,20250303,15.52,15.65,15.35,15.39,1112429
SMG,20250303,59.39,60.16,55.68,55.92,1228244
SMHI,20250303,5.880,5.880,5.150,5.2,243726
SMP,20250303,28.63,29.02,27.65,28.02,221168
SMR,20250303,17.92,18.20,15.16,15.45,12207377
SMRT,20250303,1.250,1.350,1.245,1.26,3843916
SMWB,20250303,9.650,9.675,9.063,9.11,469106
SN,20250303,105.70,106.16,98.94,99.31,1087962
SNA,20250303,342.31,343.74,332.28,334.08,395227
SNAP,20250303,10.32,10.38,9.760,9.77,22076090
SNDA,20250303,24.43,24.62,23.67,23.79,64155
SNDR,20250303,26.49,26.76,25.75,26.06,999486
SNN,20250303,29.56,29.90,29.46,29.65,649556
SNOW,20250303,178.70,180.95,173.06,173.65,5974621
SNV,20250303,52.18,52.94,50.25,50.69,1232635
SNX,20250303,138.54,139.19,133.78,135.02,566151
SO,20250303,89.61,90.85,89.34,90.85,5725392
SOBO,20250303,0,,,,
SOC,20250303,28.95,28.96,25.50,26.11,1581428
SOL,20250303,1.640,1.670,1.500,1.52,370480
SOLV,20250303,79.76,81.93,78.41,80.16,1079512
SON,20250303,47.88,48.70,47.05,47.28,834714
SONY,20250303,24.80,25.04,24.49,24.59,2579074
SOR,20250303,42.36,43.18,42.36,42.83,12030
SPB,20250303,77.26,77.80,74.76,74.99,480433
SPCE,20250303,3.910,3.938,3.450,3.45,1478244
SPE,20250303,15.38,15.58,15.34,15.48,72457
SPG,20250303,187.29,190.14,186.05,187.78,2047205
SPH,20250303,20.56,21.07,20.46,20.84,157565
SPHR,20250303,40.82,44.44,37.62,37.69,1781556
SPIR,20250303,11.55,11.72,10.52,10.52,436159
SPMC,20250303,20.70,21.00,20.65,21,24239
SPNT,20250303,15.32,15.42,15.02,15.12,683785
SPOT,20250303,610.60,626.56,593.77,599.86,1576810
SPR,20250303,35.21,35.47,34.64,34.75,2404646
SPRU,20250303,2.420,2.565,2.410,2.41,31294
SPXX,20250303,18.48,18.50,18.05,18.11,95504
SQM,20250303,38.96,39.28,37.31,37.31,1142148
SQNS,20250303,2.400,2.420,2.210,2.24,96702
SR,20250303,76.82,78.33,76.42,78.02,398330
SRE,20250303,71.01,72.58,70.79,71.44,4649960
SRFM,20250303,3.470,3.470,3.070,3.15,208463
SRG,20250303,3.630,3.710,3.510,3.51,246134
SRI,20250303,5.680,6.119,5.370,5.47,750000
SRL,20250303,7.730,7.820,7.600,7.7089,6684
SRV,20250303,44.67,45.18,44.08,44.47,47766
SSB,20250303,100.82,102.05,98.58,99.22,479023
SSD,20250303,164.37,168.51,158.72,159.32,240124
SST,20250303,0.5100,0.5473,0.4704,0.49,106949
SSTK,20250303,21.64,21.86,20.81,20.81,551625
ST,20250303,28.97,29.30,27.21,27.32,1587094
STAG,20250303,36.07,36.48,35.90,36.12,1470852
STC,20250303,70.95,71.95,70.05,70.35,214878
STE,20250303,220.12,224.16,215.94,222.72,547458
STEL,20250303,29.04,29.47,28.72,28.95,169720
STEM,20250303,0.4370,0.4670,0.3942,0.4,5079540
STEW,20250303,17.00,17.10,16.76,16.82,103562
STG,20250303,6.408,6.572,6.310,6.3477,6404
STK,20250303,31.50,31.50,30.10,30.14,66225
STLA,20250303,13.04,13.14,12.22,12.34,24619220
STM,20250303,25.19,25.30,23.98,24.23,8733551
STN,20250303,85.36,86.48,83.27,83.77,173692
STNG,20250303,40.44,41.20,38.93,39.35,1396418
STR,20250303,20.20,20.35,19.16,19.4,1036546
STT,20250303,99.79,100.47,96.36,96.98,2273819
STVN,20250303,18.70,19.10,17.81,18.11,297251
STWD,20250303,20.58,20.61,20.00,20.15,2694239
STZ,20250303,176.01,178.19,173.88,175.28,2682350
SU,20250303,38.35,38.50,35.86,36.19,12675103
SUI,20250303,135.83,136.57,133.55,136.43,1149250
SUN,20250303,58.67,59.13,58.38,58.7,373554
SUP,20250303,1.720,1.780,1.700,1.7,67253
SUPV,20250303,13.87,14.37,13.24,13.44,918217
SUZ,20250303,9.680,9.730,9.390,9.4,1972608
SVV,20250303,7.460,7.700,6.730,6.88,1053898
SW,20250303,53.05,53.25,49.98,50.1,3654906
SWI,20250303,18.31,18.39,18.30,18.34,1213615
SWK,20250303,87.38,87.79,83.80,84.08,2399746
SWX,20250303,75.15,76.60,74.67,75.82,356832
SWZ,20250303,9.000,9.060,8.930,8.95,92320
SXC,20250303,9.190,9.325,8.930,8.95,1062104
SXI,20250303,185.46,185.80,180.20,181.4,45414
SXT,20250303,69.81,70.20,68.62,68.71,253485
SYF,20250303,60.01,61.19,56.91,58.02,5360087
SYK,20250303,390.40,397.32,388.35,394.88,1237657
SYY,20250303,75.70,76.55,75.37,75.69,3373939
T,20250303,27.27,27.86,27.19,27.72,45078608
TAC,20250303,10.37,10.56,10.00,10.1,1619944
TAK,20250303,14.58,15.05,14.55,14.84,3421140
TAL,20250303,12.76,12.97,12.34,12.44,5199596
TALO,20250303,9.040,9.090,8.290,8.35,3124450
TAP,20250303,61.30,61.83,60.88,61.29,1707997
TBBB,20250303,26.76,27.04,25.65,25.72,610176
TBI,20250303,6.290,6.320,5.590,5.63,260952
TCI,20250303,29.12,29.14,28.59,28.59,1772
TD,20250303,60.00,60.57,59.06,59.56,2139163
TDC,20250303,23.98,23.98,23.25,23.38,2297372
TDF,20250303,9.370,9.414,9.260,9.26,75710
TDG,20250303,1 370.00,1 382.11,1 353.01,1370.82,246388
TDOC,20250303,9.550,9.935,9.350,9.43,8415662
TDS,20250303,36.28,36.87,35.01,35.26,988094
TDW,20250303,45.85,46.07,40.06,40.65,3328321
TDY,20250303,518.16,520.92,509.51,512.96,363256
TECK,20250303,41.46,41.90,39.12,39.56,3490073
TEI,20250303,5.370,5.400,5.370,5.37,163652
TEL,20250303,155.00,155.38,149.85,150.6,1597308
TEN,20250303,16.05,16.56,15.37,15.85,319178
TEO,20250303,11.53,11.74,10.87,10.98,181250
TEVA,20250303,16.44,16.53,15.86,16,9872681
TEX,20250303,41.07,41.33,38.18,38.29,1319933
TFC,20250303,46.54,46.92,45.05,45.43,8882360
TFII,20250303,91.32,91.94,84.87,86.21,721241
TFPM,20250303,16.73,17.11,16.63,16.76,579090
TFX,20250303,134.21,138.80,128.55,135.13,2114507
TG,20250303,7.770,7.935,7.200,7.21,95379
TGI,20250303,25.37,25.38,25.30,25.3,2291477
TGLS,20250303,73.56,74.82,70.74,71.3,357950
TGNA,20250303,18.03,18.34,17.72,17.76,2125454
TGS,20250303,26.34,27.48,25.53,25.93,465018
TGT,20250303,125.27,127.06,119.92,120.76,12120855
THC,20250303,127.69,128.08,123.98,124.56,1645579
THG,20250303,170.43,173.30,169.34,173,499442
THO,20250303,102.05,104.57,99.18,99.71,1112673
THQ,20250303,21.15,21.30,21.03,21.08,132477
THR,20250303,29.53,29.92,28.62,28.64,203186
THS,20250303,31.34,31.76,30.59,31.16,757376
THW,20250303,12.10,12.17,12.05,12.08,177370
TIMB,20250303,13.99,14.22,13.94,14,327111
TISI,20250303,16.08,16.97,16.08,16.37,13079
TIXT,20250303,2.900,2.910,2.685,2.7,609869
TJX,20250303,124.43,125.99,123.06,123.54,4817534
TK,20250303,6.610,6.670,6.460,6.54,779786
TKC,20250303,6.880,6.920,6.820,6.91,466981
TKO,20250303,152.00,154.32,147.42,147.79,1209743
TLK,20250303,14.75,14.99,14.66,14.68,880526
TLYS,20250303,3.730,3.930,3.490,3.89,205779
TM,20250303,188.33,189.11,182.84,183.79,523699
TME,20250303,12.20,12.61,12.18,12.34,7645006
TMHC,20250303,61.59,62.14,60.22,60.49,953217
TMO,20250303,530.92,532.48,519.63,523.64,2330311
TNC,20250303,86.69,87.16,82.36,82.6,365271
TNET,20250303,73.96,74.62,72.31,72.8,779751
TNK,20250303,38.00,38.53,36.66,37.6,650910
TNL,20250303,56.24,56.75,55.01,55.45,548579
TOL,20250303,111.99,112.39,107.78,108.39,2307033
TOST,20250303,38.34,38.80,36.59,36.82,7353479
TPB,20250303,70.69,72.54,69.50,70.34,260169
TPC,20250303,29.04,29.35,27.58,27.96,1044990
TPH,20250303,31.63,31.98,30.80,30.96,1197206
TPL,20250303,1 435.43,1 462.78,1 338.44,1356.38,178214
TPR,20250303,86.71,87.15,83.39,84.09,3939332
TPVG,20250303,8.140,8.200,7.950,8.01,401360
TR,20250303,31.01,31.80,30.96,31.78,228769
TRAK,20250303,19.74,19.82,19.34,19.45,63601
TRC,20250303,15.33,15.49,15.17,15.18,160543
TREX,20250303,62.12,62.84,59.00,59.57,1354664
TRGP,20250303,202.74,205.61,194.50,195.68,1968671
TRN,20250303,31.35,31.40,29.80,30.09,792910
TRNO,20250303,67.59,67.97,67.17,67.37,783827
TROX,20250303,7.820,7.820,6.965,7.02,2334282
TRP,20250303,45.02,45.58,44.42,44.83,1766264
TRTX,20250303,8.630,8.670,8.450,8.5,683053
TRU,20250303,91.98,93.26,89.35,89.83,1509684
TRV,20250303,258.75,263.08,258.75,260.84,1751365
TS,20250303,38.26,38.37,36.68,37.06,1465846
TSE,20250303,5.000,5.109,4.520,4.62,260129
TSI,20250303,4.880,4.950,4.880,4.89,37815
TSLX,20250303,23.52,23.67,23.22,23.35,666545
TSM,20250303,181.15,181.57,171.07,172.97,37402998
TSN,20250303,61.31,62.36,61.22,61.83,2747898
TSQ,20250303,8.510,8.590,8.078,8.27,38207
TT,20250303,356.38,356.50,342.98,346.24,1784497
TTE,20250303,61.57,61.67,59.36,59.83,1607167
TTI,20250303,3.820,3.895,3.580,3.63,1501101
TTP,20250303,0,,,,
TU,20250303,15.47,15.64,15.41,15.49,3479682
TUYA,20250303,3.350,3.470,3.180,3.22,3556383
TV,20250303,2.020,2.020,1.910,1.92,1690900
TWI,20250303,8.600,8.740,7.805,7.83,948516
TWLO,20250303,119.98,121.47,116.26,116.41,2358529
TWO,20250303,14.18,14.28,13.88,13.97,1363004
TX,20250303,29.42,29.80,28.71,28.94,397320
TXNM,20250303,52.25,52.40,51.70,52.22,725500
TXO,20250303,19.21,19.68,18.38,18.65,133115
TXT,20250303,75.49,75.90,73.67,74.02,1396491
TY,20250303,32.12,32.44,31.69,31.69,45346
TYG,20250303,43.55,43.93,43.17,43.2,473067
TYL,20250303,612.16,619.24,603.61,606.39,313036
U,20250303,25.39,25.49,23.53,23.7,12122309
UA,20250303,6.440,6.505,6.150,6.23,4015371
UAA,20250303,6.910,6.980,6.635,6.72,18028740
UAN,20250303,76.12,79.00,73.61,74.67,38310
UBER,20250303,77.06,77.74,73.68,74.44,16999495
UBS,20250303,34.72,35.04,34.20,34.38,3192587
UCB,20250303,32.30,32.71,31.80,32.02,603899
UE,20250303,20.58,20.79,20.48,20.57,626314
UFI,20250303,5.650,5.700,5.340,5.41,60195
UGI,20250303,34.25,34.49,33.78,33.99,1681651
UGP,20250303,2.880,2.910,2.830,2.84,650831
UHAL,20250303,69.17,70.54,68.84,69.37,107567
UHS,20250303,176.01,177.69,174.58,175.8,1075868
UHT,20250303,39.89,40.60,39.85,40.58,70264
UI,20250303,343.00,345.78,324.96,328.68,137063
UIS,20250303,4.340,4.670,4.200,4.21,747822
UL,20250303,57.28,57.81,57.22,57.71,2247185
ULS,20250303,53.22,53.65,51.69,51.83,239686
UMC,20250303,6.510,6.630,6.370,6.42,22580632
UMH,20250303,18.86,19.08,18.59,18.8,255868
UNF,20250303,214.34,214.60,210.98,212.9,61794
UNFI,20250303,31.64,32.07,29.00,29.08,1042120
UNH,20250303,474.37,477.27,465.21,467.05,5700194
UNP,20250303,248.34,249.70,243.77,245.81,2218002
UP,20250303,1.220,1.320,1.150,1.17,773656
UPS,20250303,119.82,120.98,118.77,119.26,5165125
URI,20250303,647.00,650.56,616.25,617.52,697054
USA,20250303,6.960,6.975,6.780,6.83,804278
USAC,20250303,27.01,27.32,26.09,26.47,485588
USB,20250303,47.11,47.37,45.77,46.24,9676018
USFD,20250303,71.98,72.22,69.43,70.11,2644025
USM,20250303,66.14,67.29,64.72,65.61,147601
USNA,20250303,29.56,30.00,29.23,29.98,287508
USPH,20250303,81.45,82.01,79.21,79.64,117695
UTF,20250303,24.82,24.90,24.51,24.58,219731
UTI,20250303,28.45,28.72,26.90,27.08,660490
UTL,20250303,56.18,56.94,56.18,56.93,63219
UTZ,20250303,13.53,14.02,13.53,13.86,1145434
UVE,20250303,22.14,22.60,22.10,22.26,147635
UVV,20250303,53.29,54.19,53.29,53.99,117462
UWMC,20250303,6.440,6.630,6.370,6.57,5544265
V,20250303,363.00,366.54,359.54,361.82,9099607
VAC,20250303,75.71,76.68,73.27,73.38,634624
VALE,20250303,9.595,9.680,9.350,9.39,25193243
VBF,20250303,15.54,15.71,15.54,15.66,38548
VCV,20250303,11.12,11.16,11.04,11.16,93238
VEEV,20250303,224.31,225.80,218.39,218.95,1409222
VEL,20250303,18.89,19.06,18.82,18.92,74475
VET,20250303,8.530,8.710,7.660,7.73,2757342
VGI,20250303,7.910,7.950,7.908,7.94,38511
VGM,20250303,10.25,10.30,10.21,10.25,144660
VHC,20250303,9.170,9.400,9.170,9.17,2235
VHI,20250303,17.10,17.10,15.22,15.91,25288
VICI,20250303,32.49,32.94,32.43,32.65,6389674
VIK,20250303,48.43,48.88,46.98,47.47,1500606
VIPS,20250303,15.73,15.80,15.20,15.26,4777488
VIST,20250303,51.20,51.94,48.90,49.35,1629579
VKQ,20250303,10.04,10.07,10.01,10.06,182006
VLN,20250303,2.110,2.200,2.030,2.03,352185
VLO,20250303,131.76,132.80,126.25,128.4,3870996
VLRS,20250303,6.550,6.825,6.260,6.39,959982
VLT,20250303,11.05,11.11,11.03,11.04,38143
VLTO,20250303,99.81,101.44,98.98,99.87,1009586
VMC,20250303,249.72,250.44,238.85,239.77,1224562
VMI,20250303,348.50,351.50,331.80,334.9,200220
VMO,20250303,9.930,9.935,9.860,9.91,229257
VNCE,20250303,2.790,2.790,2.620,2.63,25975
VNO,20250303,41.88,42.43,39.75,40.06,1674531
VNT,20250303,37.48,37.70,36.13,36.2,938140
VOC,20250303,3.200,3.280,3.000,3.03,128546
VOYA,20250303,72.49,72.95,71.15,71.65,921882
VPG,20250303,23.66,23.66,21.84,21.98,61913
VPV,20250303,10.65,10.65,10.60,10.65,52695
VRE,20250303,16.90,17.12,16.90,17.05,347817
VRN,20250303,5.500,5.540,4.820,4.89,34126893
VRT,20250303,93.66,94.90,84.10,85.41,15779664
VRTS,20250303,189.67,192.00,180.99,183.76,51056
VSCO,20250303,26.78,27.47,23.92,24.01,4099797
VSH,20250303,17.33,17.40,16.47,16.62,2009319
VST,20250303,133.66,134.28,121.72,123.95,10900500
VSTS,20250303,11.85,11.96,11.50,11.59,1457434
VTEX,20250303,4.800,4.840,4.390,4.46,1280623
VTLE,20250303,27.01,27.46,23.48,23.82,1550900
VTN,20250303,10.73,10.74,10.65,10.69,46319
VTOL,20250303,36.81,37.45,34.04,34.17,229404
VTR,20250303,69.35,71.00,69.27,70.36,2812991
VTS,20250303,25.90,25.98,24.33,24.56,338504
VVR,20250303,4.170,4.180,4.130,4.13,615925
VVV,20250303,37.02,37.32,35.60,35.66,1404799
VVX,20250303,46.87,47.20,45.07,45.8,292134
VYX,20250303,11.24,11.40,10.36,10.39,2982615
VZ,20250303,42.96,43.87,42.93,43.87,22333981
W,20250303,39.59,39.80,36.58,36.62,3951898
WAL,20250303,86.73,87.68,83.33,84.1,882951
WAT,20250303,378.81,379.29,369.88,371.79,487026
WBS,20250303,56.32,56.84,53.90,54.32,1613629
WBX,20250303,0.4400,0.4400,0.3697,0.385,1485184
WCC,20250303,182.37,182.37,169.19,169.68,806996
WCN,20250303,190.78,193.47,190.32,191.97,1179627
WD,20250303,85.88,86.31,82.82,83.82,167514
WDH,20250303,1.270,1.300,1.260,1.27,135163
WDI,20250303,15.00,15.00,14.82,14.85,374103
WDS,20250303,15.67,15.83,15.16,15.34,1476075
WEA,20250303,10.88,10.90,10.81,10.88,53245
WEAV,20250303,12.61,12.72,11.86,12.09,769284
WELL,20250303,153.49,157.16,152.51,156.86,3441402
WES,20250303,40.59,40.95,39.05,39.47,2320714
WEX,20250303,157.82,158.13,154.48,154.82,671701
WF,20250303,34.12,34.49,33.50,34.26,110931
WFC,20250303,78.86,78.98,76.32,77.03,18013395
WFG,20250303,79.85,80.73,76.08,76.44,319986
WGO,20250303,40.85,41.98,39.18,39.3,819445
WH,20250303,108.59,109.63,105.55,106.21,900544
WHD,20250303,53.00,53.00,50.02,50.33,872707
WHG,20250303,15.46,15.59,15.23,15.41,7802
WHR,20250303,102.00,102.00,98.04,98.45,1334008
WK,20250303,87.85,89.28,85.94,86.16,653110
WKC,20250303,29.98,30.47,29.38,29.42,749097
WLK,20250303,113.86,114.75,108.11,108.71,675643
WLKP,20250303,24.17,24.17,23.76,23.88,22379
WLY,20250303,39.77,40.03,38.17,38.4,848177
WLYB,20250303,39.00,39.00,39.00,39,251
WM,20250303,233.59,235.81,232.26,233.78,1920228
WMB,20250303,58.49,59.04,57.17,57.6,5956328
WMK,20250303,73.67,74.63,71.87,72.73,131399
WMS,20250303,112.84,114.02,107.13,107.8,627640
WMT,20250303,97.98,99.49,96.82,97.59,18372193
WNC,20250303,11.75,11.88,10.74,10.75,811085
WOLF,20250303,5.850,6.080,5.050,5.18,24124298
WOR,20250303,42.38,42.66,41.11,41.22,274218
WOW,20250303,4.920,4.950,4.815,4.86,241749
WPC,20250303,64.21,64.87,63.83,64.73,1294974
WPM,20250303,69.85,70.97,68.25,68.74,1746921
WPP,20250303,40.92,40.95,39.78,39.96,1023103
WRB,20250303,63.03,63.88,63.02,63.73,1404939
WRBY,20250303,24.83,25.19,23.97,24.17,2321545
WS,20250303,27.06,27.18,25.71,25.94,264821
WSM,20250303,194.16,194.38,186.25,187.69,1475738
WSO,20250303,503.26,503.73,490.16,493.93,283374
WSR,20250303,13.51,13.66,13.46,13.58,264184
WST,20250303,231.84,234.31,223.67,228.05,1144704
WT,20250303,9.150,9.325,8.993,9.06,2786728
WTM,20250303,1 883.91,1 884.14,1 865.25,1876.68,13019
WTRG,20250303,37.78,39.16,37.78,39.1,1861217
WTS,20250303,215.21,215.86,209.21,209.77,156485
WTTR,20250303,12.24,12.30,11.38,11.49,1227910
WU,20250303,10.86,10.97,10.72,10.74,4146437
WWW,20250303,14.93,14.99,14.17,14.34,1287053
WY,20250303,30.23,31.64,30.20,31.39,6490622
X,20250303,40.50,40.90,38.78,38.84,3468136
XFLT,20250303,6.450,6.450,6.410,6.44,456903
XHR,20250303,13.47,13.57,13.33,13.39,836152
XIN,20250303,2.976,2.976,2.770,2.81,4102
XOM,20250303,111.70,112.16,106.51,107.76,18706879
XPER,20250303,8.480,8.520,8.030,8.1,459493
XPEV,20250303,20.54,20.75,19.97,20.25,15162077
XPO,20250303,124.59,125.52,119.09,119.61,1453348
XPOF,20250303,13.37,13.91,13.27,13.83,867991
XPRO,20250303,12.01,12.01,10.70,10.82,1180817
XYF,20250303,10.18,10.47,9.810,9.98,28284
XYL,20250303,131.41,132.70,129.11,129.78,1318011
YALA,20250303,3.940,4.000,3.900,3.91,201265
YELP,20250303,34.41,34.63,33.40,33.6,756378
YETI,20250303,36.13,36.50,35.19,35.4,1761585
YEXT,20250303,6.790,6.816,6.510,6.6,795201
YMM,20250303,11.87,11.92,11.40,11.51,7372165
YOU,20250303,23.83,24.58,23.65,23.77,3134231
YPF,20250303,36.07,36.41,33.91,34.29,1479959
YSG,20250303,3.799,3.888,3.690,3.69,34058
YUMC,20250303,49.13,49.86,48.65,49.02,3608178
ZBH,20250303,105.00,106.93,105.00,105.38,1653390
ZETA,20250303,17.62,18.32,16.38,16.57,8402297
ZGN,20250303,8.490,8.535,8.265,8.34,421834
ZH,20250303,5.120,5.200,4.960,5.020,588763
ZIM,20250303,20.74,20.88,19.66,19.8,3087892
ZIP,20250303,5.530,6.050,5.525,5.54,1025014
ZK,20250303,26.82,27.25,24.66,25.08,625466
ZKH,20250303,3.480,3.600,3.445,3.46,14663
ZTO,20250303,19.70,20.00,19.59,19.83,2804210
ZTR,20250303,5.850,5.935,5.850,5.86,277650
ZTS,20250303,166.25,170.60,166.08,170.53,3020216
ZVIA,20250303,2.460,2.510,2.300,2.33,721409
ZWS,20250303,35.60,35.83,34.77,34.95,1008800
