<ticker>,<date>,<open>,<high>,<low>,<close>,<vol>
AAB.TO,20240304,0.02,0.02,0.02,0.02,9318
AAUC.TO,20240304,3.18,3.25,3.07,3.2,490337
AAV.TO,20240304,10.3,10.51,10.18,10.4,449841
ABX.TO,20240304,20.49,21.07,20.4,20.98,3181866
AC.TO,20240304,18.12,18.25,18.04,18.06,1844394
ACB.TO,20240304,4.3,4.31,4.03,4.1,813769
ACD.TO,20240304,5.15,5.15,5,5,3502
ACD.DB.TO,20240304,97.1,97.1,95,95,20000
ACO.X.TO,20240304,38.12,38.15,37.65,38.01,198229
ACQ.TO,20240304,21.38,21.5,20.49,20.69,47210
AD.DB.TO,20240304,99.07,99.07,99.06,99.06,11000
AD.UN.TO,20240304,16.31,16.35,16.2,16.25,68575
ADCO.TO,20240304,0.215,0.225,0.215,0.22,33522
ADEN.TO,20240304,36.65,37.07,36.29,36.46,70482
ADN.TO,20240304,17,17.18,16.89,17.01,7318
ADW.A.TO,20240304,4.08,4.09,4.03,4.04,4397
ADW.B.TO,20240304,5.05,5.05,5.05,5.05,850
AEG.TO,20240304,0.265,0.3,0.265,0.3,3300
AEM.TO,20240304,68.06,70.56,67.93,70.52,2858283
AEZS.TO,20240304,2.65,2.65,2.57,2.57,203
AFN.TO,20240304,57.78,59.5,57.43,58.35,48196
AFN.DB.F.TO,20240304,99.51,99.51,99.47,99.47,93000
AFN.DB.G.TO,20240304,98.52,98.65,98.52,98.65,23000
AFN.DB.H.TO,20240304,98,98,97.9,97.9,17000
AFN.DB.I.TO,20240304,138,138,138,138,15000
AFN.DB.J.TO,20240304,103,103.1,102.3,103.1,39000
AGF.B.TO,20240304,8.36,8.36,8.19,8.22,78104
AGI.TO,20240304,16.86,17.48,16.81,17.41,557237
AI.TO,20240304,11.3,11.4,11.3,11.36,28019
AI.DB.C.TO,20240304,97,99.5,97,99.5,666
AI.DB.D.TO,20240304,96.27,96.27,96.15,96.15,15000
AIDX.TO,20240304,1.24,1.25,1.05,1.19,3111889
AIF.TO,20240304,51.47,52.07,51.17,51.17,139864
AII.TO,20240304,0.62,0.62,0.62,0.62,45500
AIM.TO,20240304,3.06,3.08,3.05,3.05,9225
AIM.PR.A.TO,20240304,16.25,16.25,16.25,16.25,600
AIM.PR.C.TO,20240304,18.45,18.45,18.45,18.45,1000
AKT.A.TO,20240304,1.58,1.79,1.58,1.79,97250
ALA.TO,20240304,29.17,29.4,29.14,29.33,489991
ALA.PR.A.TO,20240304,17.63,17.98,17.63,17.98,1200
ALA.PR.B.TO,20240304,20.35,20.35,20.35,20.35,200
ALA.PR.G.TO,20240304,22.54,22.75,22.52,22.75,3964
ALA.PR.H.TO,20240304,22.87,22.87,22.87,22.87,1100
ALC.TO,20240304,15.03,15.03,14.9,14.99,6552
ALC.DB.A.TO,20240304,103.47,103.47,103.47,103.47,10000
ALS.TO,20240304,18.34,18.5,18.2,18.47,126835
ALYA.TO,20240304,1.92,2,1.84,1.84,30682
AMAX.TO,20240304,15.82,16.1,15.8,16.1,2381
AMC.TO,20240304,1.75,1.82,1.73,1.82,119378
AMM.TO,20240304,0.18,0.18,0.18,0.18,8008
AND.TO,20240304,40.13,40.13,39.26,39.27,21068
ANRG.TO,20240304,0.28,0.295,0.28,0.28,29330
AOI.TO,20240304,2.19,2.19,2.13,2.14,310944
AOT.TO,20240304,0.59,0.66,0.59,0.63,1500033
AP.UN.TO,20240304,17.37,17.37,17,17.27,351165
APR.UN.TO,20240304,10.17,10.21,10.14,10.14,83528
APS.TO,20240304,2.57,2.57,2.45,2.46,4450
AQN.TO,20240304,7.96,7.97,7.82,7.9,2214916
AQN.PR.A.TO,20240304,21.56,21.56,21.56,21.56,200
AQN.PR.D.TO,20240304,21.95,22,21.95,22,800
AR.TO,20240304,0.235,0.24,0.23,0.24,2781198
ARA.TO,20240304,0.41,0.41,0.385,0.4,249512
ARE.TO,20240304,14.63,14.85,14.45,14.72,329864
ARG.TO,20240304,1.38,1.4,1.37,1.39,305990
ARIS.TO,20240304,4.02,4.1,3.95,4.02,379821
ARIS.WT.A.TO,20240304,0.26,0.27,0.26,0.26,177611
ARIS.WT.B.TO,20240304,1.73,1.84,1.73,1.81,19119
ARKG.TO,20240304,13.6,13.6,13.39,13.44,3820
ARKK.TO,20240304,20.21,20.21,19.81,20.12,6067
ARKW.TO,20240304,25.82,26.17,25.8,26.13,1203
ARR.TO,20240304,9.25,9.25,8.81,8.85,34114
ARX.TO,20240304,23.53,23.61,23.3,23.47,1272399
ASCU.TO,20240304,1.25,1.26,1.2,1.22,38010
ASM.TO,20240304,0.61,0.68,0.61,0.68,132119
ASND.TO,20240304,0.065,0.065,0.065,0.065,48416
ASTL.TO,20240304,10.52,10.83,10.49,10.71,47965
ASTL.WT.TO,20240304,1.65,1.65,1.65,1.65,100
ATCU.TO,20240304,0.36,0.375,0.35,0.375,36092
ATD.TO,20240304,83.91,84.2,83.33,83.55,591933
ATE.TO,20240304,0.3,0.59,0.3,0.5,1632438
ATH.TO,20240304,5.05,5.12,4.98,5.07,4231707
ATRL.TO,20240304,50.26,53.93,50.18,53.26,882808
ATS.TO,20240304,52.55,52.85,50.86,50.93,126402
ATSX.TO,20240304,23.7,23.7,23.7,23.7,1000
ATZ.TO,20240304,35.41,36.5,34.88,36.4,357797
AUMN.TO,20240304,0.53,0.54,0.52,0.54,9412
AVCN.TO,20240304,0.48,0.48,0.47,0.47,25000
AVL.TO,20240304,0.095,0.095,0.085,0.085,222380
AVNT.TO,20240304,0.11,0.115,0.11,0.11,122110
AW.UN.TO,20240304,31.09,31.47,30.92,31.37,12352
AX.PR.E.TO,20240304,16.9,17,16.9,16.95,11045
AX.PR.I.TO,20240304,17.2,17.2,17.11,17.11,1218
AX.UN.TO,20240304,5.74,5.78,5.68,5.77,319542
AXIS.TO,20240304,0.075,0.09,0.065,0.09,9200
AYA.TO,20240304,10.26,10.47,10.19,10.34,408069
BABY.TO,20240304,0.28,0.28,0.255,0.265,204228
BABY.WT.A.TO,20240304,0.055,0.055,0.045,0.045,10000
BAM.TO,20240304,56.27,57,56.25,56.37,1577079
BANK.TO,20240304,7.35,7.38,7.33,7.37,52064
BASE.TO,20240304,25.72,25.79,25.72,25.79,98183
BB.TO,20240304,3.75,3.8,3.61,3.63,1371369
BBD.A.TO,20240304,49.73,50.35,49.54,50.03,1922
BBD.B.TO,20240304,49.25,50.3,49.25,49.91,437443
BBD.PR.B.TO,20240304,17.29,17.39,17.27,17.33,1001
BBD.PR.C.TO,20240304,18.8,18.88,18.76,18.76,3202
BBD.PR.D.TO,20240304,19.01,19.4,19.01,19.4,2600
BBIG.TO,20240304,27.54,27.6,27.54,27.6,463
BBU.UN.TO,20240304,29.36,29.36,28.74,29,20631
BBUC.TO,20240304,30.34,30.8,30.1,30.34,10756
BCE.TO,20240304,50.1,50.12,49.12,49.19,6618167
BCE.PR.A.TO,20240304,16.91,17,16.9,16.91,2720
BCE.PR.B.TO,20240304,18.72,18.78,18.72,18.72,4300
BCE.PR.C.TO,20240304,17.26,17.33,17.26,17.33,16400
BCE.PR.D.TO,20240304,18.65,18.65,18.54,18.59,12418
BCE.PR.E.TO,20240304,18.55,18.68,18.55,18.6,1425
BCE.PR.F.TO,20240304,17.08,17.08,17.08,17.08,2300
BCE.PR.G.TO,20240304,16.22,16.22,16.22,16.22,300
BCE.PR.H.TO,20240304,18.53,18.81,18.53,18.7,4859
BCE.PR.J.TO,20240304,18.59,18.59,18.57,18.57,1000
BCE.PR.K.TO,20240304,15.02,15.02,14.9,14.9,3697
BCE.PR.M.TO,20240304,15.5,15.5,15.25,15.3,4220
BCE.PR.Q.TO,20240304,21.98,22,21.9,21.9,4000
BCE.PR.R.TO,20240304,16.16,16.18,16,16.07,4467
BCE.PR.S.TO,20240304,18.5,18.5,18.5,18.5,400
BCE.PR.T.TO,20240304,17.49,17.68,17.49,17.68,900
BCE.PR.Y.TO,20240304,18.52,18.7,18.52,18.67,1300
BCE.PR.Z.TO,20240304,18.35,18.35,18.1,18.2,43400
BCT.TO,20240304,4.6,4.75,4.55,4.68,913
BDGI.TO,20240304,44.5,45.01,43.17,43.69,98374
BDI.TO,20240304,9.32,9.32,8.8,9.02,59654
BDIV.TO,20240304,19.83,19.83,19.83,19.83,200
BDT.TO,20240304,17.5,17.56,17.19,17.24,142226
BEI.UN.TO,20240304,76.14,76.9,75.76,76.74,222483
BEK.B.TO,20240304,12.5,12.5,12.5,12.5,608
BEP.PR.G.TO,20240304,22.13,22.13,21.92,22.06,1000
BEP.PR.M.TO,20240304,19.15,19.25,19.07,19.25,1480
BEP.PR.O.TO,20240304,23.85,23.85,23.85,23.85,300
BEP.PR.R.TO,20240304,17.72,17.88,17.7,17.88,2579
BEP.UN.TO,20240304,30.9,31,30.21,30.58,273656
BEPC.TO,20240304,32.99,33.12,32.2,32.44,395358
BEPR.TO,20240304,8.92,8.92,8.92,8.92,745
BESG.TO,20240304,15.61,15.61,15.61,15.61,555
BFIN.TO,20240304,20.26,20.26,20.26,20.26,100
BGI.UN.TO,20240304,4.06,4.07,4.05,4.05,14270
BGU.TO,20240304,43.26,43.26,43.19,43.19,240
BHC.TO,20240304,13.24,13.4,12.88,13.01,529100
BIK.PR.A.TO,20240304,24,24.01,23.75,23.75,10060
BIP.PR.A.TO,20240304,18.15,18.15,18.15,18.15,238
BIP.PR.E.TO,20240304,21.25,21.25,21.05,21.05,4200
BIP.PR.F.TO,20240304,20.99,20.99,20.88,20.88,1900
BIP.UN.TO,20240304,39.38,39.4,38.51,38.95,218785
BIPC.TO,20240304,45.81,46.5,45.15,46,155752
BIR.TO,20240304,5.59,5.72,5.58,5.64,1162391
BITF.TO,20240304,4.06,4.1,3.51,3.56,7130921
BITI.TO,20240304,5.14,5.14,4.91,4.95,253393
BITI.U.TO,20240304,3.79,3.79,3.65,3.65,7201
BK.TO,20240304,10.34,10.34,10.26,10.32,83694
BK.PR.A.TO,20240304,9.93,9.97,9.93,9.96,27900
BKCC.TO,20240304,14.03,14.06,14.01,14.01,6112
BKCL.TO,20240304,18.75,18.8,18.68,18.74,17357
BKI.TO,20240304,0.05,0.05,0.05,0.05,5479
BLB.UN.TO,20240304,7.7,7.7,7.6,7.6,5486
BLCO.TO,20240304,22.37,22.54,22.1,22.54,1177
BLDP.TO,20240304,4.38,4.39,4.26,4.36,459356
BLN.TO,20240304,4.5,4.5,4.37,4.43,15308
BLX.TO,20240304,29.5,29.84,28.21,28.99,258279
BMAX.TO,20240304,13.25,13.29,13.24,13.25,7494
BMO.TO,20240304,123,124.7,122.87,124.03,973179
BMO.PR.E.TO,20240304,24.8,24.87,24.8,24.87,5465
BMO.PR.F.TO,20240304,24.8,24.8,24.8,24.8,100
BMO.PR.S.TO,20240304,23.48,23.61,23.48,23.6,14280
BMO.PR.T.TO,20240304,21.5,21.9,21.5,21.8,115956
BMO.PR.W.TO,20240304,20.34,21.38,20.32,21.25,112435
BMO.PR.Y.TO,20240304,21,21.56,21,21.56,2600
BN.TO,20240304,56.07,56.68,55.7,56.13,795771
BN.PF.A.TO,20240304,21.56,21.61,21.49,21.61,2800
BN.PF.B.TO,20240304,19.63,19.67,19.56,19.66,5600
BN.PF.C.TO,20240304,17.72,17.79,17.7,17.79,6035
BN.PF.D.TO,20240304,17.83,17.97,17.83,17.97,1869
BN.PF.E.TO,20240304,16.42,16.42,16.42,16.42,100
BN.PF.F.TO,20240304,19,19.3,19,19.16,4090
BN.PF.G.TO,20240304,17.3,17.35,17.22,17.35,2406
BN.PF.H.TO,20240304,21.6,21.64,21.6,21.64,800
BN.PF.I.TO,20240304,20.35,20.4,20.25,20.26,5000
BN.PF.J.TO,20240304,20.64,20.77,20.56,20.61,7067
BN.PF.L.TO,20240304,10.63,10.63,10.63,10.63,400
BN.PR.B.TO,20240304,12.35,12.4,12.35,12.4,1105
BN.PR.K.TO,20240304,12.29,12.29,12.29,12.29,100
BN.PR.M.TO,20240304,17.89,17.9,17.85,17.85,1300
BN.PR.N.TO,20240304,17.57,17.65,17.49,17.65,2838
BN.PR.R.TO,20240304,14.99,15,14.99,15,900
BN.PR.T.TO,20240304,15.15,15.21,15.15,15.2,4600
BN.PR.X.TO,20240304,15.85,15.85,15.85,15.85,1000
BN.PR.Z.TO,20240304,19.85,19.9,19.85,19.89,4500
BNC.TO,20240304,25,25.01,25,25,600
BND.TO,20240304,17.29,17.35,17.29,17.33,3986
BNE.TO,20240304,5.21,5.35,5.21,5.32,49127
BNG.TO,20240304,0.025,0.025,0.025,0.025,14000
BNK.TO,20240304,10.84,10.9,10.74,10.8,1000
BNRE.TO,20240304,55.93,56.59,55.75,55.94,6077
BNRE.A.TO,20240304,56.04,56.49,55.96,55.96,40935
BNS.TO,20240304,65.97,66.86,65.87,66.66,4150262
BOND.TO,20240304,21.16,21.2,21.15,21.2,2453
BOND.U.TO,20240304,21.39,21.39,21.39,21.39,200
BOS.TO,20240304,5.25,5.25,5.18,5.21,13483
BPF.UN.TO,20240304,15.73,15.78,15.7,15.76,19852
BPO.PR.A.TO,20240304,12.49,12.65,12.47,12.6,36354
BPO.PR.C.TO,20240304,16,16,15.91,16,4800
BPO.PR.E.TO,20240304,12.9,12.9,12.81,12.81,1225
BPO.PR.I.TO,20240304,13.42,13.64,13.4,13.55,1000
BPO.PR.N.TO,20240304,10.23,10.31,10.2,10.3,27244
BPO.PR.P.TO,20240304,10.55,10.64,10.49,10.64,6190
BPO.PR.R.TO,20240304,10.77,10.86,10.72,10.86,13813
BPO.PR.T.TO,20240304,14.2,14.2,14,14.03,21091
BPO.PR.X.TO,20240304,9.2,9.2,9.2,9.2,400
BPYP.PR.A.TO,20240304,17.5,17.55,17.35,17.47,4749
BRAG.TO,20240304,7.52,7.56,7.24,7.25,9240
BRE.TO,20240304,14.25,14.35,14.15,14.28,10283
BREA.TO,20240304,23.55,23.55,23.55,23.55,100
BRF.PR.A.TO,20240304,16.02,16.02,16.02,16.02,6183
BRF.PR.B.TO,20240304,17.25,17.25,17.25,17.25,500
BRF.PR.C.TO,20240304,19.4,19.4,19.4,19.4,250
BRF.PR.E.TO,20240304,17.12,17.2,17.12,17.2,500
BRMI.TO,20240304,0.99,1.1,0.99,1,6000
BRY.TO,20240304,0.375,0.375,0.375,0.375,9000
BSX.TO,20240304,0.04,0.045,0.04,0.045,21700
BTB.UN.TO,20240304,3.06,3.06,3.01,3.03,59008
BTCC.TO,20240304,12.4,12.92,12.4,12.85,1050350
BTCC.B.TO,20240304,12.71,13.22,12.7,13.1,1916400
BTCC.U.TO,20240304,11.89,12.35,11.89,12.34,481587
BTCQ.TO,20240304,14.3,14.87,14.3,14.8,78385
BTCQ.U.TO,20240304,10.55,10.85,10.55,10.85,3638
BTCX.B.TO,20240304,13.18,13.69,13.15,13.63,1117249
BTCX.U.TO,20240304,12.27,12.75,12.27,12.68,109228
BTCY.TO,20240304,6.63,6.77,6.63,6.77,78627
BTCY.B.TO,20240304,7.63,7.85,7.6,7.8,27404
BTCY.U.TO,20240304,6.29,6.51,6.29,6.51,13036
BTE.TO,20240304,4.41,4.43,4.21,4.23,7162014
BTO.TO,20240304,3.51,3.63,3.5,3.6,3585982
BU.TO,20240304,0.2,0.205,0.19,0.195,70535
BXF.TO,20240304,9.88,9.91,9.88,9.91,5910
BYD.TO,20240304,310.37,313,309.59,310,20152
BYL.TO,20240304,0.22,0.225,0.22,0.225,13000
CACB.TO,20240304,19.43,19.43,19.43,19.43,57400
CAE.TO,20240304,25.61,25.82,25.44,25.78,441426
CAFR.TO,20240304,19.76,19.8,19.76,19.8,11250
CAGG.TO,20240304,43.36,43.36,43.36,43.36,100
CALL.TO,20240304,11.47,11.81,11.47,11.7,26145
CALL.B.TO,20240304,14.71,14.71,14.69,14.69,500
CANL.TO,20240304,21.51,21.51,21.51,21.51,108
CAR.UN.TO,20240304,48,48.38,47.55,48.24,294284
CARS.TO,20240304,21.37,21.37,20.81,20.89,6887
CAS.TO,20240304,10.48,10.5,10.22,10.26,294352
CASH.TO,20240304,50.02,50.02,50.01,50.01,289487
CBCX.TO,20240304,22.5,22.5,20.17,20.72,1643
CBH.TO,20240304,17.27,17.27,17.23,17.23,3535
CBIL.TO,20240304,49.97,49.97,49.96,49.97,235844
CBND.TO,20240304,8.84,8.87,8.84,8.87,4204
CBNK.TO,20240304,7.19,7.22,7.14,7.19,48846
CBO.TO,20240304,17.68,17.7,17.68,17.69,16075
CCA.TO,20240304,61.64,61.64,60.43,61.06,43512
CCBI.TO,20240304,17.66,17.71,17.66,17.71,16000
CCEI.TO,20240304,23.25,23.25,23.24,23.24,1300
CCL.B.TO,20240304,69.26,69.57,68.69,68.76,176011
CCM.TO,20240304,0.18,0.2,0.18,0.2,4500
CCO.TO,20240304,57.26,58.03,55.87,56.06,1392283
CCRE.TO,20240304,17.66,17.66,17.61,17.65,4600
CCS.PR.C.TO,20240304,18.98,19.02,18.94,18.99,3100
CDIV.TO,20240304,13.33,13.33,13.31,13.31,9319
CDLB.TO,20240304,16.69,16.69,16.69,16.69,200
CDR.TO,20240304,2.56,2.56,2.38,2.42,26166
CDZ.TO,20240304,31.53,31.6,31.48,31.55,20388
CEE.TO,20240304,1.61,1.67,1.61,1.67,94200
CEF.TO,20240304,25.93,26.36,25.93,26.34,18563
CEF.U.TO,20240304,19.14,19.42,19.14,19.42,1213
CEMI.TO,20240304,17.35,17.35,17.32,17.32,1900
CET.TO,20240304,0.89,0.9,0.89,0.9,47725
CEU.TO,20240304,4.77,4.87,4.74,4.81,405485
CEW.TO,20240304,16.76,16.92,16.76,16.91,16583
CF.TO,20240304,8.27,8.3,8,8.13,72364
CF.PR.A.TO,20240304,13.9,13.9,13.71,13.71,600
CF.PR.C.TO,20240304,18.61,18.75,18.6,18.75,1200
CFF.TO,20240304,0.61,0.69,0.61,0.69,1100
CFLX.TO,20240304,16.92,16.92,16.92,16.92,3900
CFP.TO,20240304,16.87,16.99,16.56,16.87,95926
CFW.TO,20240304,5,5.09,5,5.05,8845
CFX.TO,20240304,1.69,1.7,1.61,1.61,10900
CG.TO,20240304,7.11,7.23,7.01,7.21,753991
CGBI.TO,20240304,17.46,17.46,17.46,17.46,9000
CGG.TO,20240304,6.74,6.89,6.74,6.86,9958
CGI.TO,20240304,36.55,36.84,36.55,36.8,4406
CGL.TO,20240304,16.71,16.92,16.71,16.92,53115
CGL.C.TO,20240304,23.95,24.38,23.95,24.32,25386
CGLO.TO,20240304,27.88,27.97,27.87,27.9,7236
CGO.TO,20240304,58.11,58.11,57.05,57.87,25492
CGR.TO,20240304,28.18,28.49,28.18,28.44,2267
CGX.TO,20240304,8,8.07,7.87,7.89,222789
CGX.DB.B.TO,20240304,104.25,107,104.25,107,9000
CGXF.TO,20240304,8.6,8.77,8.58,8.77,44119
CGXF.U.TO,20240304,6.48,6.71,6.48,6.71,9680
CGY.TO,20240304,58.93,59.8,58.53,58.74,6681
CHE.DB.G.TO,20240304,99.07,100,99.07,100,147000
CHE.DB.H.TO,20240304,100,100,100,100,1000
CHE.UN.TO,20240304,8.1,8.1,7.98,7.99,597925
CHP.UN.TO,20240304,13.57,13.61,13.45,13.5,384569
CHPS.TO,20240304,38.92,39.28,38.7,38.88,24275
CHPS.U.TO,20240304,28.7,28.7,28.7,28.7,300
CHR.TO,20240304,2.05,2.08,2.03,2.04,564514
CHR.DB.A.TO,20240304,96.97,96.98,96.97,96.97,23000
CHR.DB.C.TO,20240304,85.5,85.85,85.5,85.85,57000
CHW.TO,20240304,8.56,8.56,8.44,8.44,1010
CIA.TO,20240304,6.94,6.94,6.8,6.8,217594
CIBR.TO,20240304,45.79,45.79,45.5,45.72,6786
CIC.TO,20240304,10.75,10.87,10.75,10.82,1810
CIEH.TO,20240304,20.41,20.41,20.39,20.39,350
CIEI.TO,20240304,22.72,22.73,22.72,22.73,2200
CIEM.TO,20240304,18.83,18.84,18.82,18.84,2734
CIEM.U.TO,20240304,19.01,19.01,19.01,19.01,1200
CIF.TO,20240304,40.73,40.73,40.43,40.52,6340
CIGI.TO,20240304,160.14,161.52,159.15,161.05,42335
CINF.TO,20240304,24,24.1,23.98,24.1,2985
CINT.TO,20240304,23.23,23.28,23.21,23.28,5090
CINV.TO,20240304,21.95,21.95,21.93,21.93,1300
CIQ.UN.TO,20240304,6.75,6.75,6.68,6.68,300
CIU.PR.C.TO,20240304,13.6,13.6,13.2,13.2,2900
CIX.TO,20240304,16.86,16.96,16.86,16.89,254659
CJ.TO,20240304,6.77,6.77,6.66,6.66,544943
CJR.B.TO,20240304,0.72,0.73,0.7,0.72,362929
CJT.TO,20240304,112.25,112.25,109.01,109.08,47796
CJT.DB.E.TO,20240304,99.52,99.53,99.5,99.53,33000
CJT.DB.F.TO,20240304,97.81,98.5,97.81,98.48,46999
CKI.TO,20240304,18,18.01,18,18.01,500
CLF.TO,20240304,16.81,16.83,16.81,16.83,17058
CLG.TO,20240304,16.73,16.74,16.73,16.74,6109
CLMT.TO,20240304,15.74,15.74,15.37,15.37,728
CLP.UN.TO,20240304,6.18,6.21,6.18,6.21,18250
CLS.TO,20240304,61.56,64.57,61.56,64.01,910945
CM.TO,20240304,65.49,66.42,65.42,65.82,3849389
CM.PR.O.TO,20240304,22.07,22.43,22,22.43,165767
CM.PR.P.TO,20240304,19.95,20.6,19.95,20.6,9280
CM.PR.Q.TO,20240304,20.88,21.43,20.88,21.43,6362
CM.PR.S.TO,20240304,22.45,22.87,22.41,22.5,49000
CM.PR.T.TO,20240304,24.81,24.86,24.81,24.81,3010
CM.PR.Y.TO,20240304,24.8,24.8,24.8,24.8,300
CMAG.TO,20240304,32.44,32.56,32.44,32.47,1805
CMCX.B.TO,20240304,14.27,14.43,14.27,14.43,203
CMDO.TO,20240304,19.08,19.12,19.08,19.12,6547
CMG.TO,20240304,10.14,10.42,10.1,10.34,128290
CMGG.TO,20240304,26.88,26.88,26.81,26.81,400
CMR.TO,20240304,50.06,50.08,50.06,50.07,79928
CNAO.TO,20240304,25.6,25.6,25.6,25.6,1000
CNCC.TO,20240304,12.1,12.11,12.05,12.07,6636
CNCL.TO,20240304,19.7,19.7,19.51,19.58,4300
CNE.TO,20240304,5.25,5.3,5.2,5.26,33320
CNL.TO,20240304,3.92,4.17,3.92,4.12,148929
CNQ.TO,20240304,97.35,97.8,95.72,95.74,14179970
CNR.TO,20240304,176.41,176.89,174.47,175.97,1218961
COG.TO,20240304,0.38,0.38,0.38,0.38,5600
COMM.TO,20240304,32.09,32.15,32.03,32.11,802
COPP.TO,20240304,28.15,28.15,28.15,28.15,112
COW.TO,20240304,61.15,61.49,61.15,61.23,3776
CP.TO,20240304,116.71,117.5,116.21,117.07,828091
CPD.TO,20240304,11.35,11.36,11.31,11.35,54447
CPG.TO,20240304,10.2,10.25,10.05,10.09,3116335
CPH.TO,20240304,7.22,7.25,7.14,7.19,22137
CPLF.TO,20240304,6,6.06,5.99,6.06,25984
CPLS.TO,20240304,17.68,17.68,17.68,17.68,500
CPX.TO,20240304,38.5,38.59,38.14,38.25,285344
CPX.PR.C.TO,20240304,22.5,22.5,22.28,22.28,7950
CPX.PR.E.TO,20240304,21.95,21.95,21.9,21.9,700
CPX.PR.K.TO,20240304,24.95,24.95,24.95,24.95,4700
CR.TO,20240304,4.61,4.72,4.61,4.66,300252
CRDL.TO,20240304,2.63,2.7,2.27,2.4,284204
CRDL.WT.A.TO,20240304,0.19,0.19,0.19,0.19,550
CRON.TO,20240304,2.73,2.75,2.62,2.62,151314
CROP.TO,20240304,17.8,17.8,17.76,17.79,17800
CROP.U.TO,20240304,19.82,19.82,19.82,19.82,100
CRP.TO,20240304,2.68,2.68,2.68,2.68,753
CRR.UN.TO,20240304,13.94,13.97,13.71,13.89,115694
CRRX.TO,20240304,1.62,1.62,1.56,1.56,2500
CRT.UN.TO,20240304,13.86,13.97,13.86,13.93,45019
CS.TO,20240304,7,7.23,6.98,7.21,1539089
CSAV.TO,20240304,50.07,50.08,50.07,50.08,27932
CSBI.TO,20240304,20,20,20,20,1400
CSE.PR.A.TO,20240304,13.49,13.49,13.49,13.49,200
CSH.UN.TO,20240304,12.38,12.4,12.24,12.28,231413
CSU.TO,20240304,3815.02,3848.9,3787,3792.43,19519
CSU.DB.TO,20240304,130,130,129.98,130,41999
CSW.A.TO,20240304,13.1,13.11,13.05,13.05,9416
CSW.B.TO,20240304,11.94,11.94,11.85,11.85,2430
CTC.TO,20240304,268.08,268.08,248,248,253
CTC.A.TO,20240304,138.23,138.69,136.29,136.54,138393
CTF.UN.TO,20240304,2.45,2.45,2.45,2.45,200
CTS.TO,20240304,5.05,5.33,5.04,5.26,711595
CTX.TO,20240304,0.4,0.4,0.4,0.4,19500
CU.TO,20240304,31.06,31.14,30.56,30.79,338879
CU.PR.C.TO,20240304,19.17,19.17,19.11,19.11,3400
CU.PR.E.TO,20240304,18.94,19.01,18.94,19.01,1800
CU.PR.G.TO,20240304,17.39,17.39,17.25,17.25,6208
CU.PR.J.TO,20240304,18.29,18.29,18.09,18.1,2700
CUD.TO,20240304,50.19,50.75,50.19,50.69,3080
CUEH.TO,20240304,20.98,20.98,20.93,20.93,6262
CUEI.TO,20240304,27.59,27.59,27.58,27.58,2770
CUP.U.TO,20240304,11.66,11.66,11.66,11.66,175
CURA.TO,20240304,6.53,6.55,6.36,6.4,122306
CVD.TO,20240304,16.42,16.44,16.42,16.44,1400
CVE.TO,20240304,24.11,24.18,23.69,23.7,4111282
CVE.PR.A.TO,20240304,15.29,15.29,15.29,15.29,100
CVE.PR.B.TO,20240304,16.92,17,16.92,17,800
CVE.PR.C.TO,20240304,23.11,23.11,22.95,22.95,4300
CVE.PR.E.TO,20240304,23.6,23.6,23.42,23.5,14413
CVE.PR.G.TO,20240304,22.76,22.8,22.76,22.8,700
CVE.WT.TO,20240304,16.1,17.52,16.1,17.13,3147
CVG.TO,20240304,75.01,76.46,75.01,76.46,400
CVO.TO,20240304,11.59,11.59,11.2,11.24,62371
CWB.TO,20240304,28.84,29.07,28.52,28.91,320186
CWB.PR.B.TO,20240304,21.09,21.19,21.07,21.07,7600
CWEB.TO,20240304,0.21,0.215,0.21,0.21,17661
CWL.TO,20240304,0.73,0.73,0.7,0.7,1500
CWW.TO,20240304,52.76,53.49,52.76,53.49,1334
CXB.TO,20240304,1.67,1.68,1.64,1.68,2153088
CXF.TO,20240304,9.85,9.85,9.83,9.85,10900
CXI.TO,20240304,23.91,24.5,23.91,24.28,4277
CYB.TO,20240304,68.36,69.11,68.35,68.64,10154
CYBR.TO,20240304,48.26,48.4,48.12,48.15,1367
CYH.TO,20240304,19.74,19.75,19.74,19.75,1672
D.UN.TO,20240304,15.74,15.74,15.2,15.52,45291
DANC.TO,20240304,22.11,22.12,22.11,22.12,2800
DATA.TO,20240304,23.41,23.57,23.41,23.57,1061
DAY.TO,20240304,91.83,92,90.33,90.33,16738
DBM.TO,20240304,8.14,8.32,8.11,8.22,116560
DBO.TO,20240304,0.08,0.085,0.08,0.085,4152
DC.A.TO,20240304,0.76,0.78,0.76,0.78,19000
DC.PR.B.TO,20240304,19.75,19.75,19.75,19.75,800
DC.PR.D.TO,20240304,20.5,20.5,20.5,20.5,1000
DCBO.TO,20240304,73,74.34,72.18,73.76,44334
DCG.TO,20240304,17.71,17.71,17.69,17.69,4000
DCM.TO,20240304,3.5,3.65,3.48,3.58,93063
DCP.TO,20240304,17.07,17.07,17.07,17.07,100
DCS.TO,20240304,18.37,18.37,18.37,18.37,2203
DCU.TO,20240304,17.43,17.44,17.43,17.44,7829
DF.TO,20240304,4.4,4.45,4.28,4.42,30966
DF.PR.A.TO,20240304,9.92,9.95,9.92,9.95,39010
DFN.TO,20240304,5.24,5.25,5.18,5.23,146083
DFN.PR.A.TO,20240304,9.84,9.86,9.84,9.86,56800
DFY.TO,20240304,45.54,46.54,45.46,46.07,213947
DGR.TO,20240304,43.34,43.38,43.27,43.31,8700
DGR.B.TO,20240304,48.16,48.18,48.05,48.05,1714
DGRC.TO,20240304,37.03,37.03,36.95,36.97,2144
DGS.TO,20240304,5.74,5.79,5.64,5.71,63890
DGS.PR.A.TO,20240304,9.94,9.95,9.94,9.95,40412
DHT.U.TO,20240304,11.55,12,11.55,11.93,3800
DHT.UN.TO,20240304,15.9,16.5,15.6,16,111439
DIAM.TO,20240304,0.085,0.085,0.085,0.085,48053
DII.A.TO,20240304,6.5,6.5,6.5,6.5,125
DII.B.TO,20240304,6.2,6.3,6.2,6.25,40527
DIR.UN.TO,20240304,12.85,12.9,12.77,12.86,392769
DISC.TO,20240304,38.17,38.17,38.14,38.17,1100
DIV.TO,20240304,2.79,2.81,2.78,2.8,194060
DIVS.TO,20240304,14.87,14.87,14.87,14.87,803
DLCG.TO,20240304,2.76,2.76,2.76,2.76,305
DLR.TO,20240304,13.77,13.8,13.77,13.79,788972
DLR.U.TO,20240304,10.15,10.16,10.15,10.16,687834
DML.TO,20240304,2.63,2.65,2.5,2.5,2129658
DN.TO,20240304,0.02,0.025,0.02,0.025,8717164
DND.TO,20240304,13.27,13.41,12.98,13.28,123575
DNG.TO,20240304,4.05,4.08,4.03,4.04,58979
DNTL.TO,20240304,6.7,6.72,6.47,6.48,188633
DOL.TO,20240304,103.58,104.57,102.36,102.66,464056
DOO.TO,20240304,89.55,90,87,87.05,82264
DPM.TO,20240304,9.57,9.78,9.49,9.75,569544
DR.TO,20240304,9.71,9.9,9.69,9.71,22792
DRCU.TO,20240304,18.24,18.27,18.23,18.27,11501
DRFC.TO,20240304,27.38,27.52,27.38,27.45,2359
DRM.TO,20240304,20.82,20.87,20.23,20.34,28891
DRMC.TO,20240304,27.19,27.29,27.19,27.25,1878
DRMU.TO,20240304,37.09,37.23,37.09,37.14,1498
DRR.U.TO,20240304,6.7,6.7,6.58,6.58,3600
DRR.UN.TO,20240304,9.02,9.02,9,9,5001
DRT.TO,20240304,0.66,0.68,0.65,0.68,35689
DRX.TO,20240304,10.3,10.45,10.01,10.36,150110
DS.TO,20240304,6.12,6.15,6.12,6.15,8949
DSG.TO,20240304,120.11,123.4,119.92,122.73,109282
DSV.TO,20240304,0.68,0.8,0.67,0.75,621916
DTOL.TO,20240304,11,11.27,10.95,11.11,7805
DXB.TO,20240304,18.03,18.09,18.03,18.09,16950
DXBC.TO,20240304,21.15,21.21,21.15,21.21,4800
DXBU.TO,20240304,21.5,21.51,21.5,21.51,2200
DXC.TO,20240304,35.06,35.16,35.06,35.09,26838
DXDB.TO,20240304,20.58,20.59,20.56,20.58,32650
DXEM.TO,20240304,12.75,12.8,12.75,12.8,1900
DXG.TO,20240304,58.9,59.25,58.9,59.01,9580
DXGE.TO,20240304,22.46,22.5,22.46,22.5,6000
DXN.TO,20240304,19.41,19.41,19.41,19.41,300
DXO.TO,20240304,19.09,19.17,19.09,19.17,5008
DXP.TO,20240304,20.66,20.67,20.61,20.67,5350
DXQ.TO,20240304,23.81,24.12,23.81,24.1,8150
DXR.TO,20240304,20.97,20.97,20.97,20.97,225
DXT.TO,20240304,5.92,5.98,5.87,5.87,14529
DXU.TO,20240304,56.32,56.51,56.21,56.21,9752
DXUS.TO,20240304,25.13,25.24,25.13,25.24,7000
DXV.TO,20240304,19.68,19.68,19.59,19.62,6104
DXW.TO,20240304,21.97,22.01,21.97,22.01,7600
DXZ.TO,20240304,12.45,12.45,12.45,12.45,203
DYA.TO,20240304,0.16,0.175,0.16,0.175,3647630
E.TO,20240304,0.84,0.86,0.84,0.86,46549
EAGR.TO,20240304,0.54,0.54,0.54,0.54,3650
EBIT.TO,20240304,32.12,33.42,32.12,33.35,133953
EBIT.U.TO,20240304,23.7,24.56,23.7,24.56,49180
EBNK.TO,20240304,10.2,10.23,10.2,10.23,2201
ECN.TO,20240304,2.68,2.7,2.56,2.58,282050
ECN.DB.TO,20240304,86.5,86.5,86.5,86.5,27000
ECN.PR.C.TO,20240304,18,18,18,18,288
ECO.TO,20240304,5.06,5.18,4.94,4.94,24702
ECOR.TO,20240304,1.36,1.37,1.36,1.37,2500
EDGE.TO,20240304,36.21,36.41,36.21,36.41,917
EDR.TO,20240304,2.36,2.4,2.26,2.39,1135987
EDT.TO,20240304,0.59,0.59,0.53,0.56,149800
EDV.TO,20240304,23.52,24.48,23.26,24.45,830579
EFN.TO,20240304,22.78,23.06,22.52,22.54,325602
EFN.PR.E.TO,20240304,24.8,24.85,24.79,24.85,7400
EFR.TO,20240304,9,9,8.54,8.57,281797
EFX.TO,20240304,8.44,8.57,8.3,8.51,377620
EGLX.TO,20240304,0.195,0.21,0.19,0.2,357341
EIF.TO,20240304,48.76,49.29,48.76,48.89,55854
EIF.DB.J.TO,20240304,103.35,103.35,103.35,103.35,10000
EIF.DB.L.TO,20240304,102.25,102.49,102,102,41999
EIF.DB.M.TO,20240304,97,97.48,96.45,97.48,31000
EIT.PR.A.TO,20240304,24.87,24.88,24.87,24.88,1100
EIT.PR.B.TO,20240304,24.51,24.51,24.51,24.51,300
EIT.UN.TO,20240304,13.36,13.39,13.31,13.32,90352
ELD.TO,20240304,14.89,15.43,14.83,15.41,517284
ELEF.TO,20240304,0.26,0.28,0.245,0.28,45328
ELF.TO,20240304,1049.84,1050,1049.84,1050,282
ELO.TO,20240304,1.29,1.55,1.29,1.35,231965
ELR.TO,20240304,0.125,0.125,0.12,0.12,32500
ELVA.TO,20240304,5.37,5.49,5.32,5.47,16000
EMA.TO,20240304,47.88,48.18,47.43,48.07,479818
EMA.PR.A.TO,20240304,14.24,14.33,14.24,14.3,2400
EMA.PR.B.TO,20240304,16.25,16.3,16.25,16.3,229
EMA.PR.C.TO,20240304,21,21.2,21,21.1,10100
EMA.PR.E.TO,20240304,17.05,17.29,17.05,17.29,405
EMA.PR.F.TO,20240304,18.4,18.59,18.4,18.59,900
EMA.PR.H.TO,20240304,21.68,21.7,21.68,21.7,1700
EMA.PR.J.TO,20240304,20.12,20.12,20.12,20.12,500
EMA.PR.L.TO,20240304,17.3,17.3,17.3,17.3,100
EMAX.TO,20240304,16.77,16.78,16.74,16.74,6129
EMP.A.TO,20240304,34.48,34.66,34.28,34.28,297922
EMV.B.TO,20240304,27.63,27.63,27.63,27.63,111
ENB.TO,20240304,47.21,47.33,46.96,47.14,6881505
ENB.PF.A.TO,20240304,17.3,17.39,17.3,17.36,3513
ENB.PF.C.TO,20240304,16.96,16.96,16.81,16.81,4490
ENB.PF.E.TO,20240304,16.32,16.42,16.32,16.34,2022
ENB.PF.G.TO,20240304,16.16,16.2,16.15,16.16,3650
ENB.PF.K.TO,20240304,20.18,20.4,20.14,20.4,47902
ENB.PF.U.TO,20240304,20.25,20.3,20.25,20.25,2504
ENB.PF.V.TO,20240304,22,22.07,21.9,22.07,2300
ENB.PR.A.TO,20240304,21.09,21.1,20.99,20.99,1702
ENB.PR.B.TO,20240304,16.67,16.67,16.51,16.54,4497
ENB.PR.D.TO,20240304,17.1,17.2,17.1,17.17,68532
ENB.PR.F.TO,20240304,17.6,17.6,17.51,17.56,25904
ENB.PR.H.TO,20240304,19.1,19.17,19,19,10308
ENB.PR.J.TO,20240304,18.66,18.67,18.58,18.67,6801
ENB.PR.N.TO,20240304,20.82,20.85,20.75,20.8,7343
ENB.PR.P.TO,20240304,18.4,18.44,18.35,18.35,50341
ENB.PR.T.TO,20240304,18,18.05,17.98,18,16794
ENB.PR.V.TO,20240304,21.74,21.8,21.74,21.8,2653
ENB.PR.Y.TO,20240304,16.8,16.81,16.72,16.81,9358
ENCC.TO,20240304,11.05,11.05,10.94,10.94,44390
ENCL.TO,20240304,19.88,19.88,19.53,19.54,51697
ENGH.TO,20240304,35.5,35.88,35.12,35.13,36177
ENS.TO,20240304,11.97,11.97,11.8,11.82,30613
ENS.PR.A.TO,20240304,10.06,10.13,10.06,10.13,8819
EPRX.TO,20240304,6.03,6.25,5.89,6.04,16316
EQB.TO,20240304,84.9,87.16,84.32,86.18,113185
EQB.PR.C.TO,20240304,24.7,24.7,24.7,24.7,3600
EQCL.TO,20240304,21.54,21.58,21.54,21.57,1277
EQL.TO,20240304,33.94,33.98,33.84,33.91,57635
EQL.F.TO,20240304,29.25,29.35,29.22,29.29,12827
EQL.U.TO,20240304,24.96,24.99,24.91,24.95,800
EQX.TO,20240304,5.99,6.23,5.92,6.22,844616
ERD.TO,20240304,0.38,0.415,0.38,0.4,776868
ERE.UN.TO,20240304,2.27,2.28,2.26,2.27,15336
ERF.TO,20240304,24.01,24.27,23.94,23.97,518233
ERO.TO,20240304,24.22,24.81,24.01,24.51,663454
ESG.TO,20240304,36.69,36.75,36.64,36.67,2177
ESG.F.TO,20240304,34.72,34.72,34.61,34.61,300
ESGA.TO,20240304,34.52,34.52,34.38,34.44,886
ESGB.TO,20240304,26.91,26.92,26.91,26.92,2000
ESGE.TO,20240304,33.51,33.72,33.51,33.64,1700
ESGF.TO,20240304,24.17,24.17,24.17,24.17,100
ESGG.TO,20240304,43.92,43.92,43.88,43.88,300
ESGY.TO,20240304,50.05,50.2,50.01,50.03,1110
ESI.TO,20240304,2.38,2.47,2.35,2.43,322219
ESM.TO,20240304,0.075,0.075,0.055,0.065,1922122
ESP.TO,20240304,3.57,3.57,3.44,3.5,2400
ESPX.TO,20240304,23.29,23.31,23.25,23.29,9483
ESPX.B.TO,20240304,23.85,23.98,23.78,23.98,75700
ESPX.U.TO,20240304,23.22,23.23,23.22,23.22,21800
ET.TO,20240304,14.62,15.09,14.55,14.91,115459
ETC.TO,20240304,14.39,14.95,14.39,14.95,40405
ETC.U.TO,20240304,13.5,13.66,13.5,13.66,1451
ETG.TO,20240304,1.33,1.36,1.29,1.33,121667
ETHH.TO,20240304,14.4,14.73,14.22,14.66,366688
ETHH.B.TO,20240304,16.46,17.03,16.45,16.81,249556
ETHH.U.TO,20240304,15.21,15.64,15.2,15.53,46718
ETHI.TO,20240304,51.28,51.63,51.28,51.52,1342
ETHQ.TO,20240304,18.8,19.42,18.8,19.29,38185
ETHQ.U.TO,20240304,13.92,14.15,13.92,14.1,4897
ETHR.TO,20240304,16.39,16.92,16.37,16.84,91741
ETHR.U.TO,20240304,15.1,15.51,15.08,15.51,26710
ETHX.B.TO,20240304,17.08,17.7,17.08,17.61,439556
ETHX.U.TO,20240304,15.78,16.25,15.78,16.21,118331
ETHY.TO,20240304,4.61,4.72,4.61,4.7,42275
ETHY.B.TO,20240304,5.68,5.86,5.68,5.84,10870
ETHY.U.TO,20240304,4.53,4.53,4.52,4.53,1305
ETSX.TO,20240304,19.64,19.7,19.64,19.7,359
EVT.TO,20240304,140,140,140,140,153
EXE.TO,20240304,6.86,6.91,6.83,6.85,72000
EXE.DB.C.TO,20240304,98.5,98.5,98.49,98.5,36000
EXN.TO,20240304,0.08,0.095,0.08,0.09,472458
EXRO.TO,20240304,0.83,0.85,0.8,0.82,98641
FANS.TO,20240304,0.045,0.045,0.04,0.045,3000
FAP.TO,20240304,2.65,2.68,2.65,2.68,23289
FAR.TO,20240304,2.58,2.72,2.45,2.7,5001012
FBGO.TO,20240304,17.49,17.49,17.49,17.49,300
FBTC.TO,20240304,29.55,30.69,29.53,30.56,197938
FBTC.U.TO,20240304,21.79,22.51,21.76,22.51,12916
FC.TO,20240304,11.55,11.55,11.42,11.51,13922
FC.DB.H.TO,20240304,98.85,98.85,98.85,98.85,1000
FC.DB.K.TO,20240304,90,90,90,90,9000
FCCB.TO,20240304,22.01,22.07,22.01,22.07,3500
FCCD.TO,20240304,27,27.05,27,27,2301
FCCQ.TO,20240304,32.53,32.59,32.52,32.56,976
FCCV.TO,20240304,13.53,13.53,13.45,13.46,4063
FCD.UN.TO,20240304,4.72,4.76,4.72,4.75,3759
FCGB.TO,20240304,21.73,21.74,21.71,21.73,9447
FCGI.TO,20240304,13.1,13.1,13.1,13.1,100
FCID.TO,20240304,25.68,25.73,25.68,25.73,2500
FCIG.TO,20240304,21.37,21.37,21.33,21.33,1854
FCIM.TO,20240304,11.65,11.68,11.65,11.67,1200
FCIQ.TO,20240304,37.25,37.35,37.19,37.31,2818
FCIQ.U.TO,20240304,27.51,27.51,27.48,27.48,300
FCIV.TO,20240304,33.59,33.63,33.55,33.61,4735
FCMI.TO,20240304,12.25,12.25,12.25,12.25,200
FCMO.TO,20240304,13,13,13,13,200
FCQH.TO,20240304,50.18,50.19,50.18,50.18,1150
FCR.UN.TO,20240304,15.82,15.9,15.55,15.82,211468
FCRR.TO,20240304,37.59,37.63,37.59,37.63,700
FCSB.TO,20240304,24.74,24.75,24.73,24.75,5299
FCU.TO,20240304,1.07,1.08,1.01,1.01,2487946
FCUD.TO,20240304,32.92,33.13,32.92,33.08,2495
FCUH.TO,20240304,29.47,29.62,29.47,29.61,400
FCUL.TO,20240304,44.68,44.68,44.68,44.68,100
FCUQ.TO,20240304,53.67,53.81,53.6,53.64,4104
FCUV.TO,20240304,16.47,16.56,16.47,16.49,5314
FCVH.TO,20240304,15.91,15.91,15.91,15.91,800
FDGE.TO,20240304,0.345,0.345,0.345,0.345,9575
FDL.TO,20240304,30.75,30.75,30.75,30.75,350
FDN.TO,20240304,22.71,22.71,22.51,22.53,502
FDY.TO,20240304,0.51,0.54,0.49,0.52,130972
FEC.TO,20240304,7.82,7.94,7.71,7.77,47791
FETH.TO,20240304,64.6,66.01,64.59,65.78,1987
FF.TO,20240304,0.105,0.115,0.105,0.115,1233710
FFH.TO,20240304,1466.53,1481.69,1454.48,1473.33,53247
FFH.PR.C.TO,20240304,20.6,20.61,20.6,20.61,1360
FFH.PR.E.TO,20240304,16.1,16.1,16.1,16.1,1000
FFH.PR.F.TO,20240304,17.51,17.51,17.51,17.51,100
FFH.PR.G.TO,20240304,16.69,16.69,16.51,16.51,200
FFH.PR.H.TO,20240304,18.2,18.34,18.2,18.32,1800
FFH.PR.I.TO,20240304,17.48,17.56,17.48,17.56,400
FFH.PR.J.TO,20240304,18.96,18.96,18.9,18.9,400
FFH.PR.K.TO,20240304,19.95,19.97,19.84,19.97,3600
FFH.PR.M.TO,20240304,23.08,23.08,23.05,23.05,1200
FFN.TO,20240304,4.96,5,4.9,5,238055
FFN.PR.A.TO,20240304,10.13,10.14,10.13,10.13,33204
FGAA.WT.U.TO,20240304,1.1,1.1,1.1,1.1,1000
FGB.TO,20240304,17.89,17.89,17.89,17.89,2900
FGGE.TO,20240304,23.58,23.58,23.54,23.54,785
FGO.TO,20240304,9.96,9.96,9.94,9.95,1885
FHG.TO,20240304,50.2,50.21,50.06,50.06,500
FHH.TO,20240304,39.38,39.38,39.38,39.38,100
FHI.TO,20240304,11.94,11.94,11.9,11.9,4900
FHIS.TO,20240304,20.58,20.59,20.55,20.57,48748
FHQ.TO,20240304,88.92,88.92,88.67,88.69,700
FIE.TO,20240304,7.04,7.07,7.03,7.06,128093
FIG.TO,20240304,9.21,9.25,9.21,9.25,806
FIH.U.TO,20240304,14.3,14.68,14.24,14.68,8997
FIL.TO,20240304,22.5,22.83,22.3,22.67,201366
FINO.TO,20240304,22.17,22.17,22,22.08,400
FLCP.TO,20240304,17.52,17.54,17.51,17.54,1067
FLI.TO,20240304,10.23,10.25,10.21,10.22,7755
FLNT.TO,20240304,0.03,0.03,0.025,0.025,11000
FLOW.TO,20240304,0.235,0.235,0.235,0.235,2870
FLSD.TO,20240304,18.72,18.72,18.68,18.68,644
FLUS.TO,20240304,41.12,41.12,41.09,41.09,500
FLX.TO,20240304,6.99,6.99,6.98,6.99,4800
FM.TO,20240304,13.25,13.9,12.97,13.66,3414437
FMAX.TO,20240304,16.51,16.6,16.51,16.6,1736
FN.TO,20240304,40.26,40.26,40,40.18,11211
FNV.TO,20240304,146.83,149.17,145.3,148.54,395060
FOM.TO,20240304,3.93,3.98,3.92,3.98,121832
FOOD.TO,20240304,0.255,0.27,0.245,0.245,125410
FORA.TO,20240304,4.66,4.66,4.6,4.6,2379
FR.TO,20240304,6.52,6.79,6.49,6.78,1072432
FRU.TO,20240304,13.84,14.03,13.65,13.66,546283
FSB.TO,20240304,9.6,9.6,9.57,9.59,28838
FSB.U.TO,20240304,9.79,9.79,9.79,9.79,2500
FSF.TO,20240304,24.81,24.81,24.81,24.81,600
FST.TO,20240304,48.51,48.51,48.21,48.24,828
FSV.TO,20240304,224.38,227.25,224.37,226.37,51848
FSY.TO,20240304,0.95,0.98,0.95,0.95,423389
FSZ.TO,20240304,8.5,8.69,8.46,8.68,641464
FSZ.DB.B.TO,20240304,102,103,102,103,35000
FT.TO,20240304,0.04,0.04,0.035,0.035,151100
FTG.TO,20240304,5.6,5.64,5.55,5.63,20119
FTN.TO,20240304,7.66,7.71,7.63,7.69,219566
FTN.PR.A.TO,20240304,10.23,10.24,10.22,10.22,25991
FTS.TO,20240304,52.1,53.05,52.02,52.95,1569024
FTS.PR.F.TO,20240304,19.75,19.76,19.75,19.76,300
FTS.PR.G.TO,20240304,21.37,21.43,21,21.43,3927
FTS.PR.H.TO,20240304,13.7,13.8,13.7,13.8,82000
FTS.PR.I.TO,20240304,16.37,16.37,16.37,16.37,100
FTS.PR.J.TO,20240304,19.12,19.12,18.9,19,507
FTS.PR.K.TO,20240304,18.69,18.81,18.65,18.81,27791
FTS.PR.M.TO,20240304,18.56,18.69,18.55,18.62,2128
FTT.TO,20240304,35.8,36.59,35.71,35.9,228740
FTU.TO,20240304,0.23,0.23,0.23,0.23,500
FTU.PR.B.TO,20240304,6.11,6.11,6,6,1190
FURY.TO,20240304,0.5,0.57,0.5,0.57,59527
FVI.TO,20240304,4.02,4.13,4,4.09,925141
FVL.TO,20240304,0.43,0.465,0.43,0.465,237368
FWCP.TO,20240304,16.92,16.92,16.92,16.92,100
FXM.TO,20240304,20.95,21.03,20.95,20.98,4188
G.TO,20240304,0.67,0.78,0.67,0.78,38613
GATO.TO,20240304,8.73,9.62,8.73,9.46,13875
GAU.TO,20240304,1.4,1.6,1.39,1.56,278108
GBAL.TO,20240304,46.67,46.72,46.67,46.68,1659
GBT.TO,20240304,14.1,14.1,13.83,13.83,1300
GCBD.TO,20240304,17.83,17.86,17.83,17.85,2736
GCG.TO,20240304,50.44,51,50.44,51,1800
GCG.A.TO,20240304,51,51.21,50.88,51.18,2045
GCL.TO,20240304,1.17,1.21,1.17,1.19,45588
GCSC.TO,20240304,23.84,23.84,23.83,23.83,1093
GCTB.TO,20240304,50.08,50.08,50.08,50.08,114
GDC.TO,20240304,2.82,2.82,2.81,2.81,222
GDI.TO,20240304,38.01,38.02,37.42,37.75,29851
GDL.TO,20240304,14.96,15.29,14.53,14.9,7600
GDPY.TO,20240304,21.04,21.09,21.01,21.02,8000
GDPY.B.TO,20240304,20.41,20.41,20.41,20.41,700
GDV.TO,20240304,9.77,9.89,9.77,9.79,32675
GDV.PR.A.TO,20240304,9.82,9.84,9.82,9.84,5899
GEI.TO,20240304,22.56,22.58,22.36,22.4,520302
GENM.TO,20240304,0.22,0.23,0.22,0.225,18038
GEO.TO,20240304,1.74,1.74,1.63,1.69,58378
GEQT.TO,20240304,56,56.19,56,56.12,2146
GFL.TO,20240304,48.05,48.27,47.14,47.85,586006
GFP.TO,20240304,0.81,0.81,0.81,0.81,1750
GFR.TO,20240304,7,7.1,6.51,6.7,10400
GGAC.TO,20240304,21.62,21.62,21.62,21.62,600
GGD.TO,20240304,1.13,1.17,1.11,1.17,633336
GGEM.TO,20240304,14.96,14.96,14.95,14.95,200
GGRO.TO,20240304,51.29,51.42,51.24,51.32,8437
GH.TO,20240304,9.55,9.65,9.55,9.63,3210
GIB.A.TO,20240304,157.3,158.59,157.3,157.52,147971
GIL.TO,20240304,46.8,47.46,46.77,46.85,250103
GIQG.B.TO,20240304,27.81,27.81,27.81,27.81,200
GIQU.B.TO,20240304,28.79,28.79,28.77,28.77,450
GIVX.TO,20240304,0.69,0.69,0.68,0.68,2500
GLCC.TO,20240304,20.85,21.47,20.76,21.46,81281
GLO.TO,20240304,3.36,3.42,3.18,3.21,1101428
GLXY.TO,20240304,14.46,14.99,14.25,14.47,1516858
GMIN.TO,20240304,1.9,1.92,1.84,1.89,800195
GMTN.TO,20240304,0.02,0.02,0.02,0.02,818300
GMX.TO,20240304,0.84,0.86,0.82,0.85,37750
GOLD.TO,20240304,1.09,1.09,1.06,1.07,125444
GOOS.TO,20240304,18.61,18.7,17.71,17.95,299090
GRA.TO,20240304,2.71,2.78,2.7,2.75,71055
GRCC.TO,20240304,21.2,21.2,21.2,21.2,576
GRID.TO,20240304,1.25,1.39,1.21,1.32,54478
GRN.TO,20240304,0.13,0.135,0.13,0.13,60352
GRNI.TO,20240304,25.38,25.38,25.38,25.38,1000
GRT.UN.TO,20240304,75.61,76.27,74.6,75.18,70535
GSY.TO,20240304,169.42,171.13,167.89,168.25,23566
GTE.TO,20240304,7.5,7.51,7.3,7.33,19016
GUD.TO,20240304,5.55,5.55,5.5,5.52,34802
GURU.TO,20240304,2.28,2.4,2.28,2.33,4277
GUTB.U.TO,20240304,50.09,50.09,50.09,50.09,100
GWO.TO,20240304,41.76,42.5,41.76,42.45,7503782
GWO.PR.G.TO,20240304,20.14,20.14,19.8,19.8,1850
GWO.PR.H.TO,20240304,18.79,18.79,18.63,18.63,1600
GWO.PR.I.TO,20240304,17.73,17.74,17.62,17.66,2000
GWO.PR.L.TO,20240304,21.7,21.77,21.7,21.77,2900
GWO.PR.M.TO,20240304,22.69,22.84,22.69,22.84,4500
GWO.PR.N.TO,20240304,13.51,14.35,13.51,14.35,5800
GWO.PR.P.TO,20240304,20.5,20.5,20.44,20.49,3200
GWO.PR.R.TO,20240304,18.56,18.56,18.36,18.36,1471
GWO.PR.S.TO,20240304,20.14,20.14,20.12,20.12,4675
GWO.PR.T.TO,20240304,19.85,19.85,19.85,19.85,600
GWO.PR.Y.TO,20240304,17.55,17.55,17.31,17.31,5914
GXE.TO,20240304,0.67,0.67,0.65,0.65,206366
H.TO,20240304,40.5,40.62,40.05,40.53,1156811
HAB.TO,20240304,9.82,9.84,9.82,9.83,1935
HAC.TO,20240304,29.26,29.26,29.19,29.19,302
HAF.TO,20240304,7.21,7.24,7.2,7.24,2700
HAI.TO,20240304,5,5.14,5,5.14,104521
HAL.TO,20240304,19.38,19.42,19.38,19.39,7609
HARB.TO,20240304,10.1,10.1,10.1,10.1,3500
HARC.TO,20240304,24.17,24.17,24.17,24.17,300
HAZ.TO,20240304,33.81,33.85,33.76,33.76,5343
HBA.TO,20240304,24.57,24.6,24.52,24.55,8011
HBAL.TO,20240304,14.28,14.38,14.28,14.38,2592
HBB.TO,20240304,46.43,46.53,46.43,46.53,6068
HBD.TO,20240304,9.96,9.96,9.75,9.77,4838
HBF.TO,20240304,9.58,9.63,9.58,9.63,25510
HBGD.TO,20240304,29,29.18,28.59,28.84,7890
HBGD.U.TO,20240304,21.39,21.39,21.39,21.39,200
HBLK.TO,20240304,17,17.09,16.59,16.7,3655
HBM.TO,20240304,8.24,8.38,8.18,8.36,1007938
HBND.TO,20240304,15.47,15.53,15.47,15.53,65533
HBNK.TO,20240304,20.95,21.11,20.95,21.02,10504
HBP.TO,20240304,0.185,0.25,0.18,0.18,50600
HBU.TO,20240304,11.95,12.19,11.95,12.19,9665
HBUG.TO,20240304,23.99,23.99,23.91,23.92,800
HCA.TO,20240304,21.27,21.35,21.25,21.27,2926
HCAL.TO,20240304,20.52,20.68,20.45,20.56,60826
HCLN.TO,20240304,8.54,8.54,8.5,8.5,3120
HCON.TO,20240304,12.8,12.91,12.8,12.91,700
HCRE.TO,20240304,24.27,24.27,24.26,24.26,700
HDGE.TO,20240304,25.53,25.91,25.53,25.61,757
HDIF.TO,20240304,8.11,8.18,8.11,8.16,83439
HDIV.TO,20240304,16.11,16.2,16.1,16.17,71745
HEB.TO,20240304,16.5,16.62,16.5,16.56,1896
HED.TO,20240304,4.67,4.7,4.58,4.69,23417
HEQL.TO,20240304,23.43,23.51,23.43,23.5,2558
HEQT.TO,20240304,15.82,15.84,15.81,15.83,11919
HERO.TO,20240304,30.38,30.38,30.03,30.03,1917
HEU.TO,20240304,27.92,28,27.21,27.21,47848
HEWB.TO,20240304,31.2,31.5,31.2,31.42,3463
HFD.TO,20240304,9.47,9.47,9.41,9.44,10901
HFG.TO,20240304,22.96,22.96,22.94,22.94,1572
HFIN.TO,20240304,15.4,15.49,15.4,15.49,5310
HFPC.U.TO,20240304,2.75,2.75,2.75,2.75,2687
HFR.TO,20240304,9.89,9.89,9.88,9.88,739726
HFU.TO,20240304,20.88,21.02,20.83,20.94,5070
HGD.TO,20240304,6.45,6.45,5.93,5.97,369557
HGGG.TO,20240304,23.95,24.13,23.95,24.13,7400
HGR.TO,20240304,6.05,6.05,5.99,6.03,5939
HGRW.TO,20240304,22.44,22.44,22.44,22.44,132
HGU.TO,20240304,10.88,11.65,10.88,11.62,728733
HGY.TO,20240304,9.84,9.94,9.84,9.93,14261
HHL.TO,20240304,8.43,8.44,8.42,8.44,90401
HHL.U.TO,20240304,8.9,8.92,8.9,8.92,973
HHLE.TO,20240304,10.74,10.74,10.69,10.7,12861
HISU.U.TO,20240304,100.08,100.08,100.08,100.08,2953
HIU.TO,20240304,12.16,12.16,12.14,12.14,5655
HIX.TO,20240304,28.05,28.05,28,28.05,2300
HLF.TO,20240304,12.84,12.84,12.56,12.62,6526
HLFE.TO,20240304,9.76,9.76,9.74,9.74,4000
HLIF.TO,20240304,8.77,8.77,8.74,8.75,3429
HLIT.TO,20240304,23.05,23.05,22.68,22.7,2579
HLPR.TO,20240304,24.31,24.36,24.27,24.27,601
HLS.TO,20240304,4.15,4.17,4.12,4.17,4595
HMAX.TO,20240304,13.82,13.85,13.78,13.8,147257
HMM.A.TO,20240304,12.54,12.54,11.7,12.19,39286
HMMJ.TO,20240304,9.07,9.07,8.89,8.89,13818
HMP.TO,20240304,9.34,9.34,9.33,9.34,5500
HND.TO,20240304,85.83,89.7,80.91,86.85,527266
HNU.TO,20240304,4.8,5.05,4.65,4.8,8323982
HOD.TO,20240304,7.15,7.41,7.13,7.38,712730
HOG.TO,20240304,11,11,10.92,10.95,3220
HOM.U.TO,20240304,10.99,11.28,10.99,11.27,34691
HOM.UN.TO,20240304,15.12,15.32,15.12,15.21,5817
HOT.U.TO,20240304,0.57,0.57,0.57,0.57,500
HOT.UN.TO,20240304,0.78,0.78,0.74,0.74,49092
HOU.TO,20240304,14.16,14.16,13.6,13.69,571818
HPF.TO,20240304,3.39,3.39,3.37,3.37,26254
HPR.TO,20240304,8.16,8.22,8.16,8.21,20179
HPS.A.TO,20240304,118.61,119.26,115,118.02,78811
HPYM.TO,20240304,11.71,11.71,11.69,11.71,6183
HPYM.U.TO,20240304,11.7,11.7,11.7,11.7,8525
HPYT.TO,20240304,11.47,11.53,11.47,11.53,58063
HPYT.U.TO,20240304,11.7,11.7,11.7,11.7,15055
HQD.TO,20240304,13.65,13.75,13.62,13.74,168061
HQU.TO,20240304,19.71,19.72,19.53,19.56,397191
HR.UN.TO,20240304,9,9.13,8.96,9.09,320269
HRAA.TO,20240304,11.48,11.48,11.48,11.48,286
HRIF.TO,20240304,15.63,15.63,15.63,15.63,200
HRX.TO,20240304,18.06,18.5,18.06,18.45,26342
HSAV.TO,20240304,110.8,111.18,110.53,110.64,48804
HSD.TO,20240304,19.73,19.73,19.58,19.72,108355
HSH.TO,20240304,63.05,63.05,63.05,63.05,113
HSL.TO,20240304,8.72,8.72,8.72,8.72,2500
HSU.TO,20240304,20.76,20.91,20.75,20.76,142794
HSUV.U.TO,20240304,108.8,108.8,108.7,108.71,11110
HTA.TO,20240304,18.11,18.16,18.07,18.09,67032
HTAE.TO,20240304,16.57,16.58,16.44,16.56,23269
HTB.TO,20240304,54.98,55,54.94,55,1316
HTL.TO,20240304,1.35,1.35,1.3,1.34,82756
HUBL.TO,20240304,11.25,11.5,11.25,11.46,3925
HUBL.U.TO,20240304,12.6,12.62,12.6,12.62,3039
HUC.TO,20240304,21.46,21.46,21.31,21.39,6029
HUF.TO,20240304,13.62,13.62,13.62,13.62,200
HUG.TO,20240304,16.59,16.77,16.59,16.77,1448
HULC.TO,20240304,82.62,83.29,82.62,83,4170
HULC.U.TO,20240304,61.21,61.37,61.16,61.16,2300
HUM.TO,20240304,28.48,28.52,28.48,28.49,448
HUN.TO,20240304,8.53,8.6,8.53,8.58,12616
HURA.TO,20240304,36.43,36.49,35.38,35.38,3572
HUT.TO,20240304,12.47,12.8,11.18,11.36,1749016
HUTE.TO,20240304,9.15,9.17,9.1,9.17,7070
HUTL.TO,20240304,15.61,15.84,15.61,15.84,9133
HUTS.TO,20240304,11.81,11.81,11.7,11.74,6636
HUV.TO,20240304,9.62,9.68,9.58,9.63,41314
HUZ.TO,20240304,10.65,10.88,10.65,10.86,19895
HWO.TO,20240304,1.08,1.08,1.08,1.08,5299
HWX.TO,20240304,6.94,7.02,6.93,6.95,954679
HXCN.TO,20240304,34.56,34.6,34.48,34.48,14761
HXD.TO,20240304,6.12,6.15,6.09,6.13,154134
HXDM.TO,20240304,44.88,44.98,44.88,44.98,1497
HXDM.U.TO,20240304,33.09,33.09,33.09,33.09,900
HXE.TO,20240304,34.77,34.77,34.42,34.42,935
HXEM.TO,20240304,33.65,33.7,33.65,33.7,1546
HXF.TO,20240304,66.57,66.57,66.57,66.57,307
HXH.TO,20240304,47.28,47.28,47,47,1950
HXQ.TO,20240304,70.89,70.96,70.7,70.7,18666
HXQ.U.TO,20240304,52.18,52.26,52.11,52.11,851
HXS.TO,20240304,70.76,71.11,70.75,70.86,32270
HXS.U.TO,20240304,52.16,52.34,52.16,52.34,3190
HXT.TO,20240304,55.06,55.2,54.98,55.04,51329
HXU.TO,20240304,21.13,21.21,21.09,21.13,9006
HXX.TO,20240304,49.85,49.85,49.8,49.8,6408
HYBR.TO,20240304,8.43,8.45,8.41,8.45,3888
HYDR.TO,20240304,8.51,8.6,8.51,8.6,465
HYI.TO,20240304,7.49,7.49,7.47,7.47,10387
HYLD.TO,20240304,13.15,13.23,13.15,13.17,109778
HYLD.U.TO,20240304,13.53,13.58,13.5,13.55,5839
HZD.TO,20240304,14.6,14.62,13.98,14.01,33757
HZM.TO,20240304,0.05,0.055,0.05,0.055,31450
HZU.TO,20240304,18.79,19.61,18.76,19.56,73727
IAF.PR.B.TO,20240304,21.73,21.73,21.49,21.49,480
IAG.TO,20240304,84.01,85.86,84.01,85.61,274395
IAU.TO,20240304,1.86,1.97,1.83,1.97,1312800
ICAE.TO,20240304,19.91,19.91,19.83,19.9,705
ICPB.TO,20240304,9.39,9.4,9.39,9.39,20700
IDG.TO,20240304,2.03,2.03,2.02,2.02,34832
IDIV.B.TO,20240304,13,13.08,13,13.08,400
IE.TO,20240304,10.55,10.7,10.43,10.64,7830
IFA.TO,20240304,1.14,1.14,1,1,8500
IFC.TO,20240304,226.76,228.02,225.08,225.44,268391
IFC.PR.C.TO,20240304,19.49,19.5,19.46,19.47,1684
IFC.PR.F.TO,20240304,20.58,20.67,20.58,20.67,4000
IFC.PR.G.TO,20240304,21.85,21.85,21.7,21.7,3643
IFC.PR.I.TO,20240304,21.59,21.59,21.59,21.59,200
IFC.PR.K.TO,20240304,20.5,20.5,20.43,20.43,2300
IFP.TO,20240304,20.62,21.06,20.44,20.84,137271
IGAF.TO,20240304,14.02,14.02,14,14,1217
IGB.TO,20240304,17.84,17.85,17.84,17.85,3000
IGBT.UN.TO,20240304,10.06,10.06,10.06,10.06,300
IGM.TO,20240304,35.5,35.89,35.41,35.6,124156
IGX.TO,20240304,0.215,0.22,0.215,0.22,35185
IICE.TO,20240304,21.78,21.78,21.78,21.78,1201
III.TO,20240304,2.21,2.21,2.15,2.21,77010
IIMF.TO,20240304,21.25,21.25,21.16,21.2,23900
IIMF.F.TO,20240304,21.55,21.55,21.53,21.53,2400
IIP.UN.TO,20240304,13.85,13.96,13.69,13.91,309659
ILGB.TO,20240304,8.72,8.72,8.72,8.72,125
ILLM.TO,20240304,1.63,1.69,1.6,1.61,39727
IMG.TO,20240304,3.75,3.89,3.73,3.86,1300049
IMO.TO,20240304,86.42,86.75,84.69,84.81,1018966
IMP.TO,20240304,0.9,0.92,0.89,0.91,5000
INAI.TO,20240304,23.54,23.59,23.51,23.51,740
INC.UN.TO,20240304,7.71,7.71,7.71,7.71,300
INE.TO,20240304,8.5,8.55,8.17,8.25,658951
INE.PR.A.TO,20240304,12.52,12.6,12.5,12.5,3300
INE.PR.C.TO,20240304,18.65,18.65,18.5,18.5,200
INO.UN.TO,20240304,1.26,1.28,1.25,1.26,29995
INOC.TO,20240304,15.14,15.14,14.99,14.99,1526
IPCI.TO,20240304,0.07,0.09,0.07,0.09,49127
IPCO.TO,20240304,15.15,15.2,14.82,14.9,64858
IPO.TO,20240304,2.36,2.36,2.33,2.34,48635
IQD.TO,20240304,34.95,34.96,34.88,34.91,12050
IQD.B.TO,20240304,30.4,30.4,30.4,30.4,200
ISV.TO,20240304,22.83,22.83,22.67,22.68,1324
ITE.TO,20240304,0.155,0.16,0.155,0.155,60991
ITH.TO,20240304,0.79,0.82,0.79,0.82,22500
IUFR.U.TO,20240304,20.06,20.06,20.06,20.06,100
IUMF.TO,20240304,21.66,21.66,21.61,21.61,7297
IUMF.F.TO,20240304,20.91,20.91,20.78,20.78,4200
IVN.TO,20240304,14.3,14.58,14.23,14.46,762810
IVQ.TO,20240304,0.49,0.49,0.49,0.49,500
IVQ.DB.U.TO,20240304,49.99,50,49.99,50,3000
IVQ.DB.V.TO,20240304,52.5,52.5,52.5,52.5,22000
IWBE.TO,20240304,17.54,17.54,17.52,17.52,1100
JAG.TO,20240304,1.88,2,1.88,2,100242
JAPN.TO,20240304,47.28,47.32,47.2,47.28,10607
JAPN.B.TO,20240304,33.76,33.76,33.76,33.76,100
JFS.UN.TO,20240304,25.2,25.2,25.2,25.2,2500
JOY.TO,20240304,3.91,4.08,3.91,4.01,127995
JWEL.TO,20240304,30.79,30.79,29.97,30,25215
K.TO,20240304,6.99,7.3,6.98,7.27,4341400
KBL.TO,20240304,32.42,33.31,32.42,32.64,5511
KEC.TO,20240304,10.82,10.82,10.62,10.79,1251
KEG.UN.TO,20240304,14.93,14.93,14.82,14.88,3156
KEI.TO,20240304,4.63,4.86,4.63,4.86,11168
KEL.TO,20240304,6.11,6.22,6.05,6.21,213228
KEY.TO,20240304,33.68,33.79,33.49,33.68,564050
KILO.TO,20240304,31.15,31.53,31.15,31.53,3770
KITS.TO,20240304,6.66,6.82,6.51,6.62,25583
KLS.TO,20240304,0.2,0.205,0.2,0.205,2001
KMP.UN.TO,20240304,19.2,19.35,19.03,19.29,186839
KNT.TO,20240304,5.99,6.14,5.91,6.1,604852
KPT.TO,20240304,8.57,8.83,8.5,8.55,8469
KRR.TO,20240304,4.44,4.59,4.39,4.58,666687
KSI.TO,20240304,3.73,3.77,3.7,3.77,27855
KXS.TO,20240304,149.07,155.78,149.07,153.8,88532
L.TO,20240304,144.12,144.84,142.46,142.66,332447
L.PR.B.TO,20240304,22.04,22.05,21.9,21.9,1875
LAAC.TO,20240304,6.76,6.82,6.6,6.65,284465
LABS.TO,20240304,0.07,0.07,0.065,0.07,293481
LAC.TO,20240304,7.67,7.68,7.27,7.36,690285
LAM.TO,20240304,0.82,0.83,0.8,0.8,186308
LAS.A.TO,20240304,156,156,153.85,155.28,2129
LB.TO,20240304,26.97,27.65,26.9,27.63,253628
LB.PR.H.TO,20240304,17.4,17.54,17.4,17.54,5345
LBS.TO,20240304,7.7,7.78,7.69,7.7,55121
LBS.PR.A.TO,20240304,10.18,10.24,10.18,10.24,17497
LCFS.TO,20240304,6.39,6.39,6.29,6.36,2400
LCS.TO,20240304,6.64,6.73,6.64,6.72,5644
LCS.PR.A.TO,20240304,10.09,10.09,10,10.07,5800
LEAD.TO,20240304,19.38,19.38,19.38,19.38,100
LEV.TO,20240304,1.92,1.93,1.83,1.86,749665
LEV.WT.A.TO,20240304,0.46,0.48,0.39,0.39,9369
LFE.TO,20240304,4.62,4.62,4.55,4.61,28670
LFE.PR.B.TO,20240304,10.21,10.21,10.17,10.2,3195
LGD.TO,20240304,0.25,0.285,0.25,0.27,536162
LGO.TO,20240304,2.48,2.48,2.4,2.41,16000
LIF.TO,20240304,30.11,30.45,30.07,30.11,120605
LIFE.TO,20240304,21.79,21.79,21.73,21.77,7426
LIFE.B.TO,20240304,25.35,25.41,25.35,25.39,2500
LIFE.U.TO,20240304,21.32,21.32,21.32,21.32,100
LIRC.TO,20240304,7.6,7.9,7.4,7.42,15538
LMAX.TO,20240304,16.05,16.05,16.03,16.03,3079
LN.TO,20240304,0.32,0.33,0.315,0.33,41500
LNF.TO,20240304,22.06,22.25,22.03,22.25,5177
LNR.TO,20240304,66.06,66.35,63.67,63.67,166543
LPAY.TO,20240304,27.99,28.09,27.99,28.09,1218
LPEN.TO,20240304,0.17,0.17,0.16,0.17,29975
LSPD.TO,20240304,19.35,19.56,18.91,19.26,553781
LSPK.TO,20240304,0.55,0.58,0.55,0.58,9000
LUC.TO,20240304,0.345,0.355,0.335,0.34,92096
LUG.TO,20240304,16.39,17.26,16.31,17.18,483866
LUN.TO,20240304,10.84,10.91,10.77,10.81,915145
LYFR.TO,20240304,10.18,10.18,10.18,10.18,2928
MAG.TO,20240304,11.92,12.25,11.9,12.2,206543
MAL.TO,20240304,8.06,8.06,8.01,8.02,9715
MARI.TO,20240304,3.55,3.56,3.5,3.55,6900
MATR.TO,20240304,15.54,15.7,15.28,15.31,67507
MBX.TO,20240304,0.395,0.4,0.39,0.39,55434
MCAD.TO,20240304,100.08,100.08,100.08,100.08,710
MCB.TO,20240304,2.31,2.31,2.28,2.28,29800
MCLC.TO,20240304,36.45,36.51,36.34,36.41,1238
MCON.TO,20240304,20.76,20.76,20.76,20.76,964
MCSB.TO,20240304,19.17,19.17,19.16,19.16,7000
MCSM.TO,20240304,36.88,37.03,36.88,37.03,5800
MDA.TO,20240304,14.94,15.35,14.8,15.05,701890
MDF.TO,20240304,3.66,3.7,3.63,3.65,43351
MDI.TO,20240304,7.74,7.94,7.67,7.78,68067
MDIV.TO,20240304,15.44,15.44,15.44,15.44,588
MDNA.TO,20240304,1.18,1.2,1.11,1.17,125431
MDP.TO,20240304,1.8,1.81,1.71,1.72,18450
MEG.TO,20240304,29.26,29.42,28.56,28.69,2679861
MEQ.TO,20240304,171.01,171.01,170,170,1051
MEQT.TO,20240304,22.06,22.06,22.06,22.06,100
MESH.TO,20240304,7.85,7.9,7.85,7.89,3318
MEU.TO,20240304,21.92,21.92,21.92,21.92,400
MFC.TO,20240304,32.18,32.65,32.11,32.55,6231233
MFC.PR.B.TO,20240304,19.18,19.39,19.18,19.39,7900
MFC.PR.C.TO,20240304,18.84,18.94,18.83,18.85,977
MFC.PR.F.TO,20240304,14.43,14.68,14.43,14.68,274
MFC.PR.I.TO,20240304,22,22.01,21.95,21.97,4550
MFC.PR.J.TO,20240304,22.07,22.22,22.05,22.22,2825
MFC.PR.K.TO,20240304,22,22.25,21.99,22.25,2200
MFC.PR.L.TO,20240304,19.56,19.65,19.55,19.65,3255
MFC.PR.M.TO,20240304,19.25,19.35,19.24,19.35,10280
MFC.PR.N.TO,20240304,19.02,19.02,19.02,19.02,100
MFC.PR.P.TO,20240304,16.4,16.4,16.4,16.4,700
MFC.PR.Q.TO,20240304,21.42,21.42,21.42,21.42,100
MFI.TO,20240304,22.99,22.99,22.63,22.73,125958
MFT.TO,20240304,17.34,17.35,17.32,17.35,16030
MG.TO,20240304,73.1,73.77,72.9,73.55,945475
MGA.TO,20240304,0.4,0.4075,0.38,0.38,540727
MGB.TO,20240304,16.29,16.31,16.28,16.29,3579
MGRW.TO,20240304,25.56,25.56,25.56,25.56,300
MHC.U.TO,20240304,15.7,15.77,15.51,15.51,2550
MHC.UN.TO,20240304,21.55,21.55,21.4,21.4,280
MI.UN.TO,20240304,16.9,16.98,16.61,16.94,37985
MID.UN.TO,20240304,6.45,6.45,6.45,6.45,10400
MIN.TO,20240304,0.12,0.12,0.12,0.12,14500
MINN.TO,20240304,18.57,18.57,18.57,18.57,1763
MKB.TO,20240304,18.72,18.8,18.72,18.79,17102
MKC.TO,20240304,33.2,33.24,33.12,33.21,3318
MKP.TO,20240304,16.61,16.85,16.56,16.79,41392
MMP.UN.TO,20240304,1.49,1.49,1.45,1.46,4100
MND.TO,20240304,1.51,1.54,1.46,1.53,9179
MNO.TO,20240304,0.355,0.365,0.345,0.355,201378
MNS.TO,20240304,16.8,16.8,16.8,16.8,1505
MNT.TO,20240304,27.73,28.5,27.73,28.48,21129
MNU.U.TO,20240304,100.06,100.06,100.06,100.06,1526
MNY.TO,20240304,100.08,100.09,100.08,100.08,7145
MOGO.TO,20240304,2.58,2.99,2.58,2.96,105895
MPAY.TO,20240304,27.47,27.52,27.47,27.52,4500
MPAY.U.TO,20240304,20.28,20.28,20.28,20.28,600
MPCT.UN.TO,20240304,3.97,4.07,3.97,3.99,30164
MPVD.TO,20240304,0.25,0.265,0.235,0.24,252904
MR.DB.B.TO,20240304,92,95,92,95,71000
MR.UN.TO,20240304,2.4,2.64,2.19,2.4,175291
MRC.TO,20240304,112.48,112.5,111.96,112.22,5044
MRD.TO,20240304,11.5,11.61,11.36,11.38,10187
MRE.TO,20240304,12.19,12.53,11.92,11.95,411529
MREL.TO,20240304,12.1,12.14,12.01,12.12,9473
MRG.UN.TO,20240304,15.72,15.95,15.72,15.83,10030
MRT.DB.A.TO,20240304,94.25,94.25,94.25,94.25,5000
MRT.UN.TO,20240304,5.25,5.3,5.25,5.28,15700
MRU.TO,20240304,73.36,73.44,72.43,72.51,312984
MSA.TO,20240304,0.78,0.82,0.78,0.8,97864
MSCL.TO,20240304,0.73,0.73,0.69,0.69,45350
MSRE.UN.TO,20240304,7.24,7.24,7.24,7.24,3700
MSV.TO,20240304,0.17,0.17,0.17,0.17,18147
MTAV.TO,20240304,26.11,26.11,26.11,26.11,125
MTL.TO,20240304,14.91,14.97,14.82,14.82,89490
MTY.TO,20240304,51.17,51.51,50.75,51.24,45050
MUB.TO,20240304,18.14,18.18,18.13,18.17,65654
MULC.TO,20240304,47.38,47.38,47.38,47.38,100
MULC.B.TO,20240304,52.11,52.11,51.97,51.97,500
MUMC.TO,20240304,41.47,41.47,41.45,41.46,500
MUMC.B.TO,20240304,45.83,45.83,45.83,45.83,384
MUS.TO,20240304,35.81,35.88,35.81,35.85,11000
MUSD.U.TO,20240304,100.08,100.08,100.08,100.08,100
MUX.TO,20240304,9.4,10.61,9.4,10.61,74339
MVP.TO,20240304,1.69,1.7,1.69,1.7,45369
MWD.TO,20240304,28.86,28.86,28.73,28.73,2700
MX.TO,20240304,60.03,60.5,58.85,58.94,135909
MXG.TO,20240304,4.39,4.48,4.39,4.43,9294
MXU.TO,20240304,21.8,21.8,21.8,21.8,5000
NA.TO,20240304,106.43,107.86,106.43,107.68,1262916
NA.PR.C.TO,20240304,25.19,25.19,25.05,25.13,5486
NA.PR.E.TO,20240304,22.2,22.63,22.19,22.63,6668
NA.PR.G.TO,20240304,24.83,24.83,24.8,24.82,2100
NA.PR.S.TO,20240304,21.3,21.75,21.3,21.65,20632
NA.PR.W.TO,20240304,19.47,19.7,19.47,19.7,2728
NALT.TO,20240304,23.25,23.27,23.21,23.21,4700
NANO.TO,20240304,2.01,2.01,1.89,1.94,123444
NB.TO,20240304,3.4,3.63,3.4,3.5,7351
NBLY.TO,20240304,18.45,18.5,18.45,18.49,64872
NCF.TO,20240304,0.03,0.03,0.03,0.03,211916
NCP.TO,20240304,0.015,0.02,0.015,0.015,111000
NCU.TO,20240304,0.065,0.065,0.06,0.065,106239
NDM.TO,20240304,0.325,0.395,0.325,0.375,409985
NEO.TO,20240304,7.14,7.14,7,7.02,30104
NEXT.TO,20240304,0.66,0.67,0.65,0.65,179787
NFI.TO,20240304,11.91,11.96,11.43,11.6,247865
NFI.DB.TO,20240304,86,86,86,86,1000
NG.TO,20240304,3.44,3.45,3.34,3.39,232801
NGD.TO,20240304,1.84,1.92,1.79,1.91,1563043
NGEX.TO,20240304,7.98,8.26,7.93,8.21,107281
NGPE.TO,20240304,43.63,44.12,43.63,43.74,1206
NGT.TO,20240304,43.48,45.66,42.96,45.43,627499
NHYB.TO,20240304,21.22,21.26,21.22,21.26,1125
NOA.TO,20240304,34.36,34.4,34.08,34.33,49082
NOA.DB.A.TO,20240304,144.17,144.2,144.17,144.2,30000
NOVC.TO,20240304,1.86,2.08,1.85,1.93,42726
NPI.TO,20240304,22.84,23,22.5,22.89,963161
NPI.PR.A.TO,20240304,16.69,16.69,16.4,16.4,2400
NPI.PR.B.TO,20240304,18.54,18.7,18.54,18.7,1000
NPK.TO,20240304,1.26,1.28,1.21,1.28,45544
NPRF.TO,20240304,20.89,20.94,20.86,20.93,7700
NREA.TO,20240304,18.7,18.82,18.7,18.82,550
NRR.UN.TO,20240304,13.85,13.95,13.85,13.86,1377
NSCC.TO,20240304,21.73,21.75,21.73,21.75,2400
NSCE.TO,20240304,39.2,39.2,39.06,39.06,952
NTR.TO,20240304,70.71,70.71,69.12,69.16,710281
NUAG.TO,20240304,1.38,1.54,1.38,1.54,180568
NUBF.TO,20240304,21.26,21.27,21.26,21.27,1300
NUMI.TO,20240304,0.11,0.115,0.105,0.11,922754
NUSA.TO,20240304,41.15,41.15,40.97,40.97,3906
NVA.TO,20240304,11.93,11.93,11.77,11.78,360063
NVEI.TO,20240304,35.99,36.33,34.67,34.88,428203
NVO.TO,20240304,0.14,0.15,0.13,0.14,41600
NWC.TO,20240304,40.41,40.89,39.11,39.24,89708
NWH.DB.G.TO,20240304,99.6,99.6,99.6,99.6,5000
NWH.DB.I.TO,20240304,80,80,79,79,85000
NWH.UN.TO,20240304,4.08,4.08,4,4.06,398587
NXE.TO,20240304,10.59,10.7,10.25,10.3,1534226
NXF.TO,20240304,6.11,6.11,6.05,6.05,144225
NXF.B.TO,20240304,7.94,7.94,7.84,7.84,701
NXR.UN.TO,20240304,7.7,7.76,7.67,7.69,102284
OBE.TO,20240304,9.75,9.81,9.61,9.62,149884
OGC.TO,20240304,2.45,2.6,2.43,2.58,2861488
OGD.TO,20240304,0.49,0.5,0.49,0.5,26500
OGI.TO,20240304,2.9,2.9,2.73,2.74,413125
OLA.TO,20240304,4.74,4.84,4.72,4.79,457793
OLY.TO,20240304,113.99,113.99,102.36,103,9100
ONC.TO,20240304,1.52,1.52,1.22,1.24,346687
ONEQ.TO,20240304,38.75,38.75,38.75,38.75,600
ONEX.TO,20240304,101.84,101.84,99.78,99.95,68965
OPT.TO,20240304,5.2,5.7,5.2,5.7,2202
OR.TO,20240304,20.75,21.27,20.71,20.88,548147
ORA.TO,20240304,8.78,9.1,8.78,9.08,9062
ORE.TO,20240304,0.79,0.84,0.78,0.82,115027
ORV.TO,20240304,0.12,0.12,0.12,0.12,1280
OSK.TO,20240304,2.65,2.7,2.63,2.65,1242624
OTEX.TO,20240304,53,54.06,52.73,53.66,383307
OVV.TO,20240304,68,68.21,66.28,66.35,145972
PAAS.TO,20240304,17.76,18.24,17.63,18.14,811526
PABF.TO,20240304,22.09,22.12,22.09,22.12,3800
PAGF.TO,20240304,22.57,22.61,22.57,22.6,10000
PAY.TO,20240304,7.01,7.06,6.75,6.77,91666
PAYF.TO,20240304,18.63,18.63,18.54,18.54,1000
PBH.TO,20240304,90.45,90.45,89.3,89.75,26507
PBH.DB.G.TO,20240304,99,99,99,99,4000
PBH.DB.H.TO,20240304,92.5,92.5,92.45,92.5,71000
PBH.DB.I.TO,20240304,93,93.99,92.65,92.75,79000
PBI.TO,20240304,40.62,40.62,40.62,40.62,100
PBL.TO,20240304,36.82,36.82,36.06,36.1,1393
PBY.UN.TO,20240304,14.76,14.78,14.75,14.76,10427
PCOR.TO,20240304,18.13,18.15,18.1,18.13,2834
PD.TO,20240304,83.75,84.19,82.52,82.87,74253
PDC.TO,20240304,30.41,30.45,30.38,30.39,9172
PDF.TO,20240304,30.75,30.83,30.74,30.79,12100
PDIV.TO,20240304,9.47,9.47,9.4,9.42,7555
PDV.PR.A.TO,20240304,10.25,10.25,10.07,10.07,1500
PEA.TO,20240304,0.345,0.355,0.345,0.35,27570
PET.TO,20240304,30,30.01,29.81,29.96,125218
PEY.TO,20240304,14.47,14.67,14.42,14.56,878229
PFAA.TO,20240304,10.79,10.79,10.78,10.78,295
PFH.F.TO,20240304,17.82,17.82,17.82,17.82,1879
PFIA.TO,20240304,9.74,9.75,9.72,9.75,34700
PFL.TO,20240304,19.6,19.6,19.59,19.59,12715
PFLS.TO,20240304,16.44,16.44,16.34,16.34,977
PFMN.TO,20240304,13.99,13.99,13.96,13.97,11000
PFSS.TO,20240304,9.1,9.1,9.1,9.1,1100
PGI.UN.TO,20240304,7.43,7.47,7.39,7.41,28410
PHX.TO,20240304,9.41,9.46,9.2,9.2,25244
PHYS.TO,20240304,22.08,22.31,22.05,22.26,113888
PHYS.U.TO,20240304,16.24,16.41,16.24,16.41,480
PIC.A.TO,20240304,4.34,4.34,4.21,4.22,27555
PIC.PR.A.TO,20240304,13.98,14.1,13.98,14.1,8300
PID.TO,20240304,22.24,22.24,22.24,22.24,500
PIF.TO,20240304,11.8,11.8,11.54,11.6,86877
PIN.TO,20240304,17.21,17.23,17.21,17.23,400
PINC.TO,20240304,17.29,17.35,17.29,17.35,1878
PIX.UN.TO,20240304,7.68,7.77,7.65,7.65,20020
PKI.TO,20240304,43,43.87,42.46,43.17,448214
PLC.TO,20240304,19.11,19.11,18.4,18.43,36572
PLC.DB.TO,20240304,100,100,99.6,99.6,16000
PLDI.TO,20240304,18.85,18.85,18.85,18.85,1059
PLV.TO,20240304,22.89,22.95,22.88,22.95,2600
PLZ.UN.TO,20240304,3.54,3.54,3.5,3.51,42245
PMB.UN.TO,20240304,6.98,6.98,6.98,6.98,1300
PME.TO,20240304,1.97,1.97,1.94,1.94,2400
PMET.TO,20240304,8.11,8.19,7.87,8,167359
PMIF.TO,20240304,18,18.09,18,18.06,104566
PMIF.U.TO,20240304,19.2,19.2,19.2,19.2,2300
PMM.TO,20240304,21.73,21.76,21.73,21.76,3400
PMT.TO,20240304,0.425,0.425,0.41,0.41,2509
PMZ.UN.TO,20240304,13.64,13.71,13.49,13.51,125158
PNC.A.TO,20240304,1.31,1.34,1.11,1.26,1900
PNC.B.TO,20240304,1.19,1.33,1.19,1.33,900
PNE.TO,20240304,1.14,1.14,1.11,1.12,689404
PNP.TO,20240304,5.07,5.31,5.05,5.15,8175
POU.TO,20240304,30.13,30.75,30.08,30.34,168882
POW.TO,20240304,38.97,39.42,38.97,39.19,914983
POW.PR.A.TO,20240304,21.28,21.28,21.21,21.23,1000
POW.PR.B.TO,20240304,20.29,20.43,20.22,20.42,2500
POW.PR.C.TO,20240304,22.35,22.78,22.35,22.71,2978
POW.PR.D.TO,20240304,19.27,19.6,19.27,19.6,7900
POW.PR.G.TO,20240304,21.14,21.19,21.12,21.19,2064
PPL.TO,20240304,47.43,47.55,46.93,47,2285879
PPL.PF.A.TO,20240304,21.48,21.5,21.4,21.4,3822
PPL.PF.E.TO,20240304,22.25,22.25,22.25,22.25,1400
PPL.PR.A.TO,20240304,20.75,20.75,20.7,20.75,1404
PPL.PR.C.TO,20240304,19.55,19.55,19.49,19.49,1023
PPL.PR.E.TO,20240304,20.65,20.65,20.55,20.55,1314
PPL.PR.G.TO,20240304,18.8,18.8,18.8,18.8,300
PPL.PR.I.TO,20240304,21.35,21.35,21.34,21.35,505
PPL.PR.O.TO,20240304,20.73,20.73,20.7,20.7,900
PPL.PR.Q.TO,20240304,21.65,21.73,21.65,21.73,3388
PPL.PR.S.TO,20240304,23.26,23.26,23.26,23.26,500
PPL.R.TO,20240304,46.89,46.89,46.1,46.1,102363
PPR.TO,20240304,0.07,0.08,0.07,0.075,73857
PPTA.TO,20240304,4.39,4.81,4.35,4.8,78045
PR.TO,20240304,8.78,8.79,8.78,8.79,500
PRA.TO,20240304,26.6,26.6,26.6,26.6,203
PRB.TO,20240304,1.33,1.35,1.29,1.34,37000
PRL.TO,20240304,18,18,16.23,16.65,69952
PRMW.TO,20240304,21.89,22.06,21.89,21.98,54100
PRN.TO,20240304,12.31,12.6,12.17,12.49,1425
PRQ.TO,20240304,1.43,1.44,1.33,1.33,58478
PRU.TO,20240304,1.63,1.7,1.62,1.7,67166
PRV.DB.TO,20240304,98.99,98.99,98.99,98.99,1000
PRV.UN.TO,20240304,5.17,5.23,5.17,5.21,22435
PRYM.TO,20240304,2.25,2.35,2.21,2.32,115710
PSA.TO,20240304,50.03,50.04,50.03,50.04,60640
PSB.TO,20240304,17.17,17.19,17.17,17.19,3100
PSD.TO,20240304,2.15,2.2,2.14,2.16,32230
PSI.TO,20240304,13.99,14,13.73,13.82,96913
PSK.TO,20240304,24.68,24.68,24.18,24.37,173059
PSLV.TO,20240304,10.56,10.82,10.56,10.81,224529
PSLV.U.TO,20240304,7.78,7.95,7.78,7.95,5000
PSU.U.TO,20240304,100.07,100.08,100.07,100.08,18509
PTI.UN.TO,20240304,6.39,6.41,6.35,6.4,22121
PTM.TO,20240304,1.4,1.41,1.35,1.4,27952
PTO.UN.TO,20240304,7.01,7.09,6.96,6.97,28000
PVS.PR.K.TO,20240304,22.01,22.01,22,22,2700
PWF.PF.A.TO,20240304,17.33,17.34,17.33,17.34,4200
PWF.PR.A.TO,20240304,12.95,12.95,12.95,12.95,100
PWF.PR.E.TO,20240304,20.83,20.85,20.82,20.82,5600
PWF.PR.F.TO,20240304,19.95,20,19.95,20,1800
PWF.PR.G.TO,20240304,22.51,22.51,22.45,22.45,300
PWF.PR.H.TO,20240304,21.56,21.56,21.56,21.56,1600
PWF.PR.K.TO,20240304,18.62,18.64,18.62,18.64,2000
PWF.PR.L.TO,20240304,19.23,19.33,19.18,19.33,1400
PWF.PR.O.TO,20240304,21.8,21.8,21.79,21.8,2100
PWF.PR.Q.TO,20240304,15.75,15.75,15.75,15.75,1000
PWF.PR.R.TO,20240304,20.68,20.7,20.6,20.6,5600
PWF.PR.S.TO,20240304,18.2,18.23,18.09,18.22,1400
PWF.PR.Z.TO,20240304,19.37,19.37,19.36,19.36,1100
PWI.TO,20240304,6.81,6.86,6.81,6.85,3318
PWI.PR.A.TO,20240304,9.86,9.86,9.86,9.86,300
PXC.TO,20240304,36.6,36.67,36.59,36.59,1688
PXS.TO,20240304,43.77,43.77,43.77,43.77,600
PXT.TO,20240304,21.14,21.4,20.57,20.86,1613329
PXU.F.TO,20240304,58.41,58.41,58.32,58.32,300
PYF.TO,20240304,17.05,17.11,17.05,17.11,1950
PYR.TO,20240304,0.495,0.495,0.47,0.47,19933
PZA.TO,20240304,14.4,14.4,14.32,14.33,15972
QAH.TO,20240304,170.53,170.53,170.07,170.07,500
QBB.TO,20240304,90.9,91.12,90.88,91.02,11900
QBR.B.TO,20240304,31.77,32.09,31.52,31.92,307893
QBTC.TO,20240304,90,92.17,90,91.73,71765
QBTC.U.TO,20240304,65.93,67.77,65.93,67.53,17830
QBTL.TO,20240304,18.43,18.43,18.43,18.43,103
QCD.TO,20240304,33.2,33.2,33.2,33.2,200
QCE.TO,20240304,132.32,132.32,132.15,132.2,930
QCLN.TO,20240304,16,16,15.54,15.57,7926
QCN.TO,20240304,131.89,131.89,131.77,131.77,395
QDX.TO,20240304,114.8,114.8,114.79,114.79,513
QDXB.TO,20240304,87.8,87.83,87.8,87.83,200
QEBH.TO,20240304,76.46,76.5,76.46,76.5,910
QEC.TO,20240304,0.255,0.255,0.235,0.235,37000
QEE.TO,20240304,87.04,87.04,86.73,86.73,6600
QETH.U.TO,20240304,56,56.2,55.5,55.7,11279
QETH.UN.TO,20240304,75.01,76.5,75.01,75.86,14155
QHY.TO,20240304,85.15,85.16,85.15,85.16,200
QIE.TO,20240304,31.25,31.33,31.25,31.28,2456
QINF.TO,20240304,110.68,110.86,110.68,110.86,300
QIPT.TO,20240304,5.71,5.74,5.48,5.51,56111
QLB.TO,20240304,102.06,102.06,102.06,102.06,1900
QMAX.TO,20240304,20.02,20.15,20,20.05,35613
QQC.TO,20240304,29.6,29.6,29.46,29.47,44252
QQC.F.TO,20240304,146.32,146.32,145.71,145.77,5849
QQCC.TO,20240304,11.83,11.83,11.8,11.8,26745
QQCE.TO,20240304,25.14,25.15,25.01,25.06,1300
QQCL.TO,20240304,22.39,22.41,22.32,22.34,10315
QQEQ.TO,20240304,26.29,26.29,26.27,26.27,653
QQQT.TO,20240304,27.22,27.51,27.22,27.51,2565
QQQT.B.TO,20240304,28.19,28.36,28.19,28.36,208
QQQY.TO,20240304,25.84,25.84,25.66,25.66,2526
QRC.TO,20240304,0.83,0.87,0.83,0.84,17990
QSB.TO,20240304,96.47,96.47,96.37,96.38,3000
QSR.TO,20240304,105.2,106.1,105.01,105.96,679461
QTLT.TO,20240304,102.47,102.47,102.47,102.47,200
QTRH.TO,20240304,1.72,1.73,1.7,1.73,55563
QUB.TO,20240304,81.4,81.42,81.4,81.42,800
QUIG.TO,20240304,85.56,85.56,85.56,85.56,200
QUS.TO,20240304,50.28,50.34,50.28,50.34,1098
QUU.TO,20240304,199.97,200.7,199.97,200.14,1381
QXM.TO,20240304,27.64,27.64,27.64,27.64,107
RA.UN.TO,20240304,7.35,7.35,7.34,7.34,3400
RATE.TO,20240304,20.89,20.89,20.89,20.89,1514
RAY.A.TO,20240304,7.32,7.35,7.3,7.33,38664
RAY.B.TO,20240304,7.28,7.28,7.21,7.26,3525
RBA.TO,20240304,103.49,104.16,102.42,103.38,143622
RBN.UN.TO,20240304,7.81,7.81,7.81,7.81,325
RBNK.TO,20240304,23.91,24.14,23.91,24.03,18952
RBO.TO,20240304,18.16,18.17,18.16,18.16,7983
RBOT.TO,20240304,31.11,31.23,30.93,31.23,3990
RBOT.U.TO,20240304,22.91,22.91,22.91,22.91,400
RBY.TO,20240304,2.23,2.26,2.19,2.26,7600
RCD.TO,20240304,25.84,25.88,25.84,25.84,1261
RCDC.TO,20240304,19.89,19.89,19.89,19.89,333
RCG.TO,20240304,8.2,8.2,8,8.14,2592
RCG.PR.B.TO,20240304,11.65,11.65,11.5,11.5,200
RCH.TO,20240304,44.01,44.25,43.65,43.66,24693
RCI.A.TO,20240304,62.22,62.24,60.49,61.25,1418
RCI.B.TO,20240304,60.17,60.34,59.49,60.26,2387650
REAL.TO,20240304,6.06,6.14,5.95,5.95,20875
REI.UN.TO,20240304,18.28,18.43,18.17,18.33,480153
RGQL.TO,20240304,20.29,20.29,20.26,20.26,1800
RGQN.TO,20240304,20.04,20.04,20.04,20.04,1300
RGQO.TO,20240304,19.96,19.96,19.96,19.96,1300
RGQP.TO,20240304,19.76,19.76,19.76,19.76,500
RGQQ.TO,20240304,19.61,19.61,19.61,19.61,1300
RGQR.TO,20240304,19.51,19.53,19.51,19.53,1476
RIB.UN.TO,20240304,13,13,12.83,12.83,400
RIDH.TO,20240304,27.8,27.8,27.8,27.8,122
RIFI.TO,20240304,17.64,17.67,17.64,17.64,900
RIIN.TO,20240304,18.3,18.33,18.3,18.33,701
RIT.TO,20240304,16.05,16.15,16,16.13,10240
RLB.TO,20240304,18.19,18.19,18.18,18.18,18300
ROOT.TO,20240304,2.45,2.45,2.39,2.39,500
RPF.TO,20240304,19.2,19.21,19.15,19.18,7090
RPI.UN.TO,20240304,32.62,33.02,32.5,32.59,5264
RPSB.TO,20240304,19.54,19.54,19.54,19.54,500
RQL.TO,20240304,20.25,20.25,20.24,20.25,38450
RQN.TO,20240304,20.07,20.07,20.06,20.07,38901
RQO.TO,20240304,18.16,18.16,18.15,18.16,25501
RQP.TO,20240304,17.69,17.69,17.68,17.69,17300
RQQ.TO,20240304,21.25,21.25,21.25,21.25,7705
RQR.TO,20240304,21.05,21.09,21.05,21.06,1300
RS.TO,20240304,12.77,12.95,12.65,12.7,13769
RS.PR.A.TO,20240304,9.79,9.82,9.73,9.8,11849
RSI.TO,20240304,5.22,5.26,5.15,5.15,635195
RSI.DB.E.TO,20240304,98,98.8,97.8,98.8,13000
RSI.DB.F.TO,20240304,97.25,97.25,97.25,97.25,25000
RUBH.TO,20240304,16.36,16.36,16.36,16.36,6000
RUBY.TO,20240304,19.12,19.12,19.12,19.12,200
RUD.TO,20240304,61.71,62.28,61.71,62,3127
RUDB.U.TO,20240304,15.08,15.08,15.08,15.08,1000
RUDH.TO,20240304,43.63,43.63,43.63,43.63,100
RUP.TO,20240304,3.34,3.59,3.28,3.55,45004
RUS.TO,20240304,44.5,44.5,43.51,43.64,171695
RVX.TO,20240304,0.055,0.065,0.055,0.055,7087
RXD.TO,20240304,20.02,20.02,20.02,20.02,100
RY.TO,20240304,131.5,132.53,131.3,131.91,1145706
RY.PR.H.TO,20240304,20.87,21.24,20.8,21.2,65454
RY.PR.J.TO,20240304,21.46,21.46,21.05,21.08,81739
RY.PR.M.TO,20240304,20.22,20.49,20.2,20.4,7200
RY.PR.N.TO,20240304,22.13,22.26,22.13,22.26,3200
RY.PR.O.TO,20240304,22.35,22.35,22.14,22.14,533
RY.PR.S.TO,20240304,22.88,23.04,22.57,23.04,13000
RY.PR.Z.TO,20240304,21.75,22.14,21.6,21.98,78597
S.TO,20240304,0.29,0.29,0.275,0.29,160331
SAM.TO,20240304,0.1,0.11,0.085,0.085,67125
SAP.TO,20240304,27.15,27.16,26.47,26.48,388008
SBC.TO,20240304,8.9,8.9,8.84,8.89,17780
SBC.PR.A.TO,20240304,10.03,10.03,10,10.01,28900
SBI.TO,20240304,0.93,0.93,0.84,0.86,7500
SBN.PR.A.TO,20240304,8.65,8.65,8.65,8.65,100
SBT.B.TO,20240304,16.84,17.17,16.84,17.17,1100
SCR.TO,20240304,23.93,25.05,23.93,25.05,32660
SCY.TO,20240304,0.02,0.02,0.02,0.02,78001
SDE.TO,20240304,3.33,3.4,3.33,3.38,161730
SEA.TO,20240304,16.2,16.89,16.04,16.87,80914
SEC.TO,20240304,314.5,315,314.5,315,200
SES.TO,20240304,11.35,11.55,11.31,11.39,769504
SFC.TO,20240304,6.68,6.91,6.67,6.88,19788
SFC.WT.TO,20240304,0.005,0.005,0.005,0.005,2000
SFI.TO,20240304,0.295,0.295,0.295,0.295,11000
SFTC.TO,20240304,17.99,17.99,17.42,17.72,5303
SGLD.TO,20240304,0.095,0.1,0.095,0.1,89485
SGNL.TO,20240304,0.095,0.11,0.095,0.1,129050
SGR.U.TO,20240304,8.67,8.67,8.67,8.67,300
SGR.UN.TO,20240304,11.11,11.22,11.1,11.18,51508
SGY.TO,20240304,6.99,6.99,6.91,6.91,367450
SGY.DB.B.TO,20240304,101.55,101.55,101.1,101.1,41000
SHLE.TO,20240304,8.55,8.55,8.44,8.44,2861
SHOP.TO,20240304,103.64,103.8,100.45,102.86,1638158
SIA.TO,20240304,13.44,13.51,13.33,13.36,202565
SII.TO,20240304,50.33,50.33,49.5,49.79,34451
SIL.TO,20240304,7.19,7.36,7.18,7.3,210445
SIS.TO,20240304,16.67,16.78,16.59,16.59,37913
SJ.TO,20240304,72.87,73.12,71.88,72.24,174928
SKE.TO,20240304,5.48,5.56,5.3,5.46,285594
SKYY.TO,20240304,23.15,23.26,23.15,23.22,1900
SLF.TO,20240304,72.15,72.71,72.11,72.29,2218195
SLF.PR.C.TO,20240304,18.96,18.99,18.9,18.99,1900
SLF.PR.D.TO,20240304,18.68,18.8,18.68,18.8,10700
SLF.PR.E.TO,20240304,18.8,18.99,18.8,18.99,2588
SLF.PR.H.TO,20240304,18.75,19.04,18.75,19.04,1250
SLF.PR.J.TO,20240304,16.35,16.35,16.2,16.2,3400
SLF.PR.K.TO,20240304,20,20,20,20,100
SLR.TO,20240304,0.79,0.83,0.79,0.82,121496
SLS.TO,20240304,3.9,3.98,3.83,3.86,104002
SMAX.TO,20240304,18.1,18.18,18.1,18.17,11792
SMC.TO,20240304,0.025,0.025,0.025,0.025,300000
SMT.TO,20240304,0.82,0.82,0.78,0.78,94202
SOIL.TO,20240304,2.38,2.43,2.38,2.4,208309
SOLG.TO,20240304,0.11,0.115,0.105,0.115,297509
SOT.DB.A.TO,20240304,56,56,56,56,1000
SOT.DB.B.TO,20240304,55.01,57,55.01,57,11000
SOT.UN.TO,20240304,0.81,0.82,0.8,0.81,40960
SOY.TO,20240304,9.29,9.37,9.07,9.11,72860
SPAY.TO,20240304,27.04,27.05,27.03,27.05,4200
SPB.TO,20240304,9.52,9.74,9.51,9.67,932212
SPLT.TO,20240304,10.38,10.38,10.35,10.38,20999
SPPP.TO,20240304,12.49,12.74,12.49,12.67,60630
SRU.UN.TO,20240304,23.55,23.62,23.24,23.32,265503
SRV.UN.TO,20240304,15.44,15.45,15.35,15.35,2143
SSF.UN.TO,20240304,6.89,6.92,6.89,6.9,800
SSL.TO,20240304,6.16,6.31,6.14,6.26,390685
SSRM.TO,20240304,5.82,5.92,5.6,5.68,985454
STC.TO,20240304,5.35,5.4,5.3,5.36,8650
STCK.TO,20240304,9.2,9.56,9.2,9.56,8227
STEP.TO,20240304,4.29,4.34,4.27,4.28,61216
STGO.TO,20240304,0.65,0.7,0.65,0.7,153203
STLC.TO,20240304,40.17,40.25,39.62,39.79,280582
STLR.TO,20240304,1.21,1.23,1.19,1.2,52546
STN.TO,20240304,110.24,112.02,109.9,111.57,323795
STPL.TO,20240304,23.05,23.09,23.05,23.09,461
SU.TO,20240304,47.53,47.62,46.41,46.5,18179320
SVA.TO,20240304,0.61,0.61,0.57,0.58,58158
SVB.TO,20240304,0.19,0.19,0.18,0.18,8500
SVI.TO,20240304,5.37,5.42,5.35,5.36,169472
SVI.DB.TO,20240304,97.7,97.85,97.5,97.5,27000
SVI.DB.B.TO,20240304,96.05,96.05,96.05,96.05,10000
SVI.DB.C.TO,20240304,91.8,92,91.8,92,111000
SVM.TO,20240304,3.41,3.65,3.4,3.64,390340
SVR.TO,20240304,11.37,11.6,11.37,11.59,7593
SVR.C.TO,20240304,12.15,12.15,12.15,12.15,1059
SWP.TO,20240304,2.8,2.8,2.8,2.8,2720
SXP.TO,20240304,3.93,3.93,3.75,3.75,51516
SYLD.TO,20240304,18.29,18.29,18.26,18.28,3800
SYZ.TO,20240304,8.98,9.01,8.9,8.95,15927
SZLS.TO,20240304,0.04,0.045,0.04,0.045,5700
T.TO,20240304,23.79,23.8,23.47,23.52,2265408
TA.TO,20240304,9.26,9.38,9.19,9.27,797052
TA.PR.E.TO,20240304,15.61,15.61,15.56,15.56,2160
TA.PR.F.TO,20240304,17.95,18.07,17.95,18.02,2300
TA.PR.G.TO,20240304,19.66,20.2,19.66,20.2,2150
TA.PR.H.TO,20240304,21.2,21.2,21,21.01,4000
TA.PR.J.TO,20240304,20.66,20.67,20.61,20.65,1644
TAIG.TO,20240304,0.7,0.7,0.69,0.69,16763
TAIG.WT.TO,20240304,0.07,0.07,0.025,0.025,31888
TAL.TO,20240304,0.75,0.76,0.74,0.75,250572
TBAL.TO,20240304,17.3,17.32,17.27,17.29,21029
TBIL.TO,20240304,50.03,50.03,50.03,50.03,500
TBL.TO,20240304,3.04,3.21,3.04,3.21,11642
TBNK.TO,20240304,25.45,25.66,25.45,25.64,2176
TC.TO,20240304,25.83,25.83,24.18,24.75,7404
TCL.A.TO,20240304,14.33,14.41,14.13,14.25,50440
TCL.B.TO,20240304,14.25,14.25,14.25,14.25,100
TCLB.TO,20240304,118.67,118.84,118.67,118.84,6000
TCLV.TO,20240304,19.78,19.78,19.78,19.78,1500
TCN.TO,20240304,15.08,15.11,15.08,15.09,261961
TCON.TO,20240304,14.7,14.7,14.7,14.7,2302
TCS.TO,20240304,38.62,38.77,36.46,38.44,20025
TCSB.TO,20240304,14.45,14.45,14.42,14.42,10607
TCSH.TO,20240304,50.18,50.18,50.15,50.16,26530
TCW.TO,20240304,4.25,4.26,4.14,4.25,718167
TD.TO,20240304,81,81.34,80.21,80.23,3793128
TD.PF.A.TO,20240304,22.4,22.57,22.35,22.57,4500
TD.PF.B.TO,20240304,22.99,23.3,22.67,23.3,12450
TD.PF.C.TO,20240304,20.6,21.11,20.6,21.05,101926
TD.PF.D.TO,20240304,21.15,21.15,21.08,21.08,718
TD.PF.E.TO,20240304,21.38,21.38,21.38,21.38,206
TD.PF.I.TO,20240304,24.4,24.49,24.4,24.49,15900
TD.PF.J.TO,20240304,22.34,22.4,22.34,22.35,16069
TD.PF.L.TO,20240304,24.9,24.9,24.83,24.9,8300
TD.PF.M.TO,20240304,24.8,24.8,24.7,24.7,4500
TDB.TO,20240304,12.83,12.85,12.81,12.84,85771
TDOC.TO,20240304,18.48,18.62,18.48,18.61,23401
TDOC.U.TO,20240304,13.58,13.58,13.58,13.58,100
TEC.TO,20240304,35.85,35.95,35.71,35.77,58645
TEC.U.TO,20240304,26.38,26.38,26.37,26.37,1000
TECH.TO,20240304,13.96,13.96,13.8,13.8,13615
TECH.B.TO,20240304,15.79,15.79,15.71,15.71,906
TECH.U.TO,20240304,14.28,14.28,14.28,14.28,100
TECI.TO,20240304,7.93,7.93,7.82,7.86,6111
TECK.A.TO,20240304,53.4,53.85,53.4,53.48,4517
TECK.B.TO,20240304,53.2,53.97,53.12,53.51,584720
TECX.TO,20240304,24.65,24.65,24.54,24.55,763
TERM.TO,20240304,9.34,9.34,9.34,9.34,5400
TF.TO,20240304,7.71,7.75,7.6,7.6,152966
TF.DB.C.TO,20240304,99.11,99.11,99.01,99.01,22000
TF.DB.D.TO,20240304,91.01,91.01,91,91,26000
TFII.TO,20240304,200.19,202.7,200.19,201.34,113732
TFPM.TO,20240304,17.59,17.9,17.53,17.9,52958
TGAF.TO,20240304,20.43,20.43,20.4,20.4,800
TGED.TO,20240304,22.89,22.99,22.86,22.92,33560
TGED.U.TO,20240304,16.76,16.76,16.76,16.76,100
TGFI.TO,20240304,20.24,20.3,20.2,20.21,24505
TGGR.TO,20240304,25.6,25.6,25.52,25.52,12600
TGO.TO,20240304,1.29,1.37,1.27,1.3,9768
TGRE.TO,20240304,13.85,14.06,13.85,14.06,1638
TGRO.TO,20240304,20.14,20.2,20.14,20.18,20286
TH.TO,20240304,2,2.04,1.96,2.02,16023
The.TO,20240304,24.73,24.75,24.65,24.72,2603
THNC.TO,20240304,3.62,3.8,3.62,3.75,143023
THU.TO,20240304,34.39,34.48,34.36,34.39,2610
TI.TO,20240304,0.25,0.25,0.25,0.25,19500
TIH.TO,20240304,124.47,125.66,124.04,124.75,57133
TINF.TO,20240304,17.72,17.77,17.72,17.76,10800
TIPS.F.TO,20240304,28.56,28.56,28.55,28.55,1500
TIXT.TO,20240304,13.66,13.76,13.35,13.57,219820
TKN.TO,20240304,19.5,19.75,19.47,19.75,1385
TKO.TO,20240304,2.13,2.13,2.09,2.1,88758
TLF.TO,20240304,23.98,24.17,23.98,24.17,3908
TLG.TO,20240304,0.57,0.57,0.54,0.55,340950
TLO.TO,20240304,0.145,0.155,0.145,0.155,135552
TLRY.TO,20240304,2.35,2.35,2.27,2.29,1070950
TLV.TO,20240304,29.35,29.56,29.35,29.5,2002
TMCC.TO,20240304,9.22,9.22,9.22,9.22,300
TMD.TO,20240304,0.095,0.1,0.095,0.095,22000
TMEC.TO,20240304,19.05,19.12,19.04,19.09,4963
TMEI.TO,20240304,16.74,16.83,16.74,16.81,6000
TMEU.TO,20240304,21.37,21.59,21.37,21.53,1500
TML.TO,20240304,0.135,0.14,0.13,0.135,88347
TMQ.TO,20240304,0.58,0.61,0.58,0.59,21285
TNT.UN.TO,20240304,8.31,8.38,8.2,8.32,37551
TNZ.TO,20240304,4.07,4.13,3.81,3.84,89518
TOT.TO,20240304,9.56,9.74,9.56,9.65,17151
TOU.TO,20240304,62.66,63.48,62.26,62.8,976128
TOY.TO,20240304,32.22,32.42,31.46,31.89,88753
TPAY.TO,20240304,21.05,21.08,21.04,21.07,2700
TPE.TO,20240304,21.55,21.58,21.5,21.56,13279
TPRF.TO,20240304,9.82,9.84,9.81,9.83,3922
TPU.TO,20240304,39.4,39.55,39.35,39.4,88864
TPU.U.TO,20240304,29.4,29.47,29.39,29.47,1508
TPX.B.TO,20240304,82.02,82.02,82.02,82.02,260
TPZ.TO,20240304,20.1,20.48,20.1,20.35,252080
TQCD.TO,20240304,16.51,16.56,16.51,16.52,78804
TQGD.TO,20240304,18,18.09,17.95,18.04,81302
TQSM.TO,20240304,22.4,22.46,22.3,22.3,122910
TRI.TO,20240304,215.19,216.38,214.11,215.2,214455
TRI.PR.B.TO,20240304,13.97,13.99,13.97,13.99,1900
TRP.TO,20240304,54.06,54.15,53.81,54,3346498
TRP.PR.A.TO,20240304,15,15.25,15,15.25,4959
TRP.PR.B.TO,20240304,11.71,11.79,11.7,11.75,3281
TRP.PR.C.TO,20240304,12.08,12.16,12.03,12.15,4393
TRP.PR.D.TO,20240304,18,18.19,18,18.19,6102
TRP.PR.E.TO,20240304,16.86,16.87,16.84,16.86,2700
TRP.PR.F.TO,20240304,15.65,15.75,15.54,15.54,6143
TRP.PR.G.TO,20240304,17.9,18,17.9,17.99,17800
TRP.PR.H.TO,20240304,13.52,13.55,13.51,13.51,1286
TRP.PR.I.TO,20240304,14.75,14.75,14.65,14.65,1400
TRVI.TO,20240304,20.2,20.2,20.1,20.1,4300
TRVL.TO,20240304,24.7,24.7,24.55,24.55,2372
TRX.TO,20240304,0.48,0.485,0.47,0.48,24000
TRZ.TO,20240304,4.11,4.15,4.1,4.13,29563
TSAT.TO,20240304,11.96,11.96,11.96,11.96,259
TSK.TO,20240304,0.31,0.31,0.3,0.31,125000
TSL.TO,20240304,3.45,3.45,3.4,3.45,1900
TSND.TO,20240304,2.36,2.39,2.31,2.36,228078
TSU.TO,20240304,44.22,44.55,43.92,44.03,24505
TTNM.TO,20240304,2.26,2.26,2.23,2.23,5090
TTP.TO,20240304,24.68,24.71,24.65,24.65,34898
TUED.TO,20240304,24.59,24.68,24.56,24.61,42600
TUED.U.TO,20240304,18.1,18.1,18.1,18.1,5000
TUEX.TO,20240304,22.9,22.93,22.9,22.93,2103
TUHY.TO,20240304,20.83,20.86,20.8,20.86,1800
TULB.TO,20240304,114.94,114.94,114.85,114.85,2153
TULV.TO,20240304,19.37,19.4,19.37,19.4,300
TUSB.TO,20240304,13.73,13.73,13.73,13.73,118
TUSB.U.TO,20240304,9.93,9.93,9.93,9.93,200
TVA.B.TO,20240304,1.5,1.64,1.5,1.54,16361
TVE.TO,20240304,3.52,3.56,3.49,3.51,4919476
TVK.TO,20240304,57,57.75,56.52,56.65,13513
TWC.TO,20240304,16.76,16.76,16.75,16.75,300
TWM.TO,20240304,0.8,0.82,0.8,0.81,379687
TWM.DB.TO,20240304,99.05,99.25,99,99.25,74000
TXF.TO,20240304,21.57,21.77,21.57,21.64,34051
TXF.B.TO,20240304,26.73,26.73,26.61,26.61,400
TXG.TO,20240304,15.35,16.2,15.35,16.18,362419
TXP.TO,20240304,0.9,0.9,0.86,0.86,134922
TXT.PR.A.TO,20240304,11.05,11.05,11.05,11.05,100
TXT.UN.TO,20240304,2.69,2.69,2.69,2.69,100
U.U.TO,20240304,20.82,21.05,19.54,19.93,49127
U.UN.TO,20240304,28,28.56,26.51,27.08,1441210
UBIL.U.TO,20240304,49.98,49.98,49.98,49.98,3272
UCSH.U.TO,20240304,50.04,50.04,50.04,50.04,943
UDIV.TO,20240304,12.28,12.44,12.28,12.4,4533
UDIV.B.TO,20240304,13.02,13.02,13.02,13.02,3100
ULV.F.TO,20240304,46.39,46.46,46.39,46.45,710
UMAX.TO,20240304,15.05,15.05,14.89,14.98,66229
UMI.TO,20240304,31.1,31.15,31.1,31.15,200
UMNY.U.TO,20240304,50.1,50.1,50.1,50.1,110
UNC.TO,20240304,118,118.5,117.35,117.35,1000
UNI.TO,20240304,1.15,1.15,1.15,1.15,3600
URB.TO,20240304,5.48,5.48,5.23,5.23,7983
URB.A.TO,20240304,4.75,4.81,4.69,4.76,9204
URC.TO,20240304,3.7,3.74,3.42,3.42,237481
URC.WT.TO,20240304,1.6,1.61,1.48,1.53,46100
URE.TO,20240304,2.27,2.3,2.15,2.17,143107
USA.TO,20240304,0.305,0.315,0.305,0.315,130146
USCC.TO,20240304,18.22,18.22,18.13,18.18,2648
USCL.TO,20240304,21.28,21.31,21.19,21.25,18643
UTIL.TO,20240304,20.06,20.1,20.03,20.07,1600
VA.TO,20240304,38.36,38.47,38.29,38.4,9552
VAB.TO,20240304,22.5,22.54,22.48,22.52,62001
VALT.TO,20240304,26.16,26.46,26.16,26.46,17772
VALT.U.TO,20240304,20.87,20.87,20.87,20.87,1300
VBAL.TO,20240304,30.43,30.47,30.39,30.42,89858
VBNK.TO,20240304,15.98,16.26,15.59,15.91,17180
VBNK.PR.A.TO,20240304,10,10,10,10,200
VCB.TO,20240304,23.33,23.37,23.33,23.33,10549
VCE.TO,20240304,47.61,47.68,47.51,47.62,27969
VCIP.TO,20240304,25.28,25.28,25.22,25.23,7914
VCM.TO,20240304,17.6,17.7,17.6,17.7,3063
VCN.TO,20240304,43.95,44.1,43.89,43.97,64085
VCNS.TO,20240304,27.6,27.6,27.57,27.59,7979
VDU.TO,20240304,41.82,41.94,41.8,41.88,13544
VDY.TO,20240304,43,43.07,42.88,42.9,100772
VE.TO,20240304,34.32,34.5,34.32,34.5,1456
VEE.TO,20240304,33.86,33.87,33.76,33.79,21398
VEF.TO,20240304,54.17,54.36,54.17,54.28,2320
VEQT.TO,20240304,39.22,39.29,39.15,39.2,171958
VET.TO,20240304,15.64,15.69,15.5,15.61,753722
VFV.TO,20240304,123.83,124.23,123.59,123.84,275672
VGCX.TO,20240304,5.55,5.89,5.52,5.86,397428
VGG.TO,20240304,82.8,83.02,82.61,82.87,8372
VGH.TO,20240304,58.78,58.88,58.71,58.81,3661
VGRO.TO,20240304,33.43,33.47,33.37,33.41,161415
VGV.TO,20240304,22,22.03,21.99,22.03,2797
VGZ.TO,20240304,0.58,0.58,0.56,0.56,3504
VHI.TO,20240304,5.85,5.85,5.73,5.8,43836
VI.TO,20240304,38.2,38.29,38.16,38.26,7059
VIDY.TO,20240304,29.47,29.54,29.44,29.53,6143
VIU.TO,20240304,33.36,33.53,33.36,33.49,26958
VLB.TO,20240304,20.94,21.02,20.94,21.02,15041
VLE.TO,20240304,3.93,3.98,3.81,3.82,263375
VLN.TO,20240304,5.17,5.24,5.12,5.13,2600
VMO.TO,20240304,56.16,56.34,56.02,56.06,7443
VNP.TO,20240304,4.74,4.75,4.56,4.64,257564
VOXR.TO,20240304,2.58,2.62,2.53,2.56,3443
VPH.TO,20240304,0.18,0.185,0.17,0.18,48505
VQS.TO,20240304,0.165,0.185,0.16,0.18,98154
VRE.TO,20240304,30.26,30.32,30.08,30.32,9769
VRIF.TO,20240304,23.95,23.95,23.88,23.9,12288
VRTS.TO,20240304,0.025,0.025,0.025,0.025,21982
VSB.TO,20240304,22.62,22.64,22.62,22.64,15638
VSC.TO,20240304,23.25,23.27,23.25,23.27,9405
VSP.TO,20240304,83.88,84.11,83.77,83.85,34335
VUN.TO,20240304,93.9,94.28,93.87,93.95,47346
VUS.TO,20240304,90.85,91.24,90.85,90.97,6018
VVL.TO,20240304,47.11,47.12,46.85,46.88,6833
VVO.TO,20240304,34.84,34.85,34.84,34.85,586
VXC.TO,20240304,56.04,56.17,55.96,56.04,31164
VXM.B.TO,20240304,28.39,28.45,28.39,28.45,1400
WCM.B.TO,20240304,7.85,7.85,7.55,7.55,200
WCN.TO,20240304,223.7,226.12,223.7,225.4,133290
WCP.TO,20240304,9.65,9.75,9.6,9.63,1650464
WDO.TO,20240304,9.36,9.75,9.34,9.62,583431
WEED.TO,20240304,4.36,4.38,4.05,4.09,976790
WEF.TO,20240304,0.63,0.65,0.61,0.62,285293
WELL.TO,20240304,4.2,4.2,4.06,4.08,636366
WFC.TO,20240304,21,21,19.86,19.86,2743
WFG.TO,20240304,110.23,113.8,110.23,113.5,212759
WFS.PR.A.TO,20240304,9.37,9.37,9.37,9.37,100
WILD.TO,20240304,1.13,1.29,1.1,1.25,86330
WILD.DB.TO,20240304,96,96,96,96,16000
WJX.TO,20240304,33.79,34.39,33.79,34.09,32270
WLLW.TO,20240304,0.115,0.115,0.115,0.115,17883
WM.TO,20240304,0.065,0.08,0.065,0.08,1733017
WN.TO,20240304,178.21,179.98,175.95,176.12,120866
WN.PR.A.TO,20240304,22.69,22.69,22.5,22.69,2397
WN.PR.C.TO,20240304,19.87,19.9,19.8,19.9,1018
WN.PR.D.TO,20240304,19.91,19.93,19.86,19.86,4787
WN.PR.E.TO,20240304,18.23,18.39,18.23,18.26,1704
WNDR.TO,20240304,0.27,0.2775,0.265,0.27,766276
WNDR.WT.B.TO,20240304,0.045,0.045,0.005,0.005,5000
WOMN.TO,20240304,32.67,32.74,32.67,32.74,300
WPK.TO,20240304,40.73,41.36,40.66,40.66,30652
WPM.TO,20240304,57.38,58.7,57.38,58.05,780754
WPRT.TO,20240304,8.39,8.39,7.84,7.84,16966
WRN.TO,20240304,1.77,1.95,1.76,1.91,130608
WRX.TO,20240304,0.14,0.14,0.13,0.13,13000
WSP.TO,20240304,218.5,223.23,218.5,221.87,137368
WSRD.TO,20240304,28.09,28.26,28.09,28.26,4850
WSRI.TO,20240304,39.51,39.58,39.51,39.56,658
WTE.TO,20240304,25.21,25.44,25.05,25.39,70960
WXM.TO,20240304,26.23,26.35,26.23,26.29,5069
X.TO,20240304,35.38,35.86,35.38,35.72,330941
X.DB.A.TO,20240304,94.6,94.6,94.6,94.6,4000
XAD.TO,20240304,56.56,56.7,56.56,56.66,1168
XAM.TO,20240304,0.035,0.04,0.035,0.035,48000
XAU.TO,20240304,7.69,7.85,7.68,7.85,4827
XAW.TO,20240304,38.96,39.08,38.93,38.98,30441
XAW.U.TO,20240304,29.01,29.09,29.01,29.09,282
XBAL.TO,20240304,27.65,27.71,27.64,27.67,28745
XBB.TO,20240304,27.56,27.62,27.53,27.58,165641
XBM.TO,20240304,18,18.16,17.96,18.16,9654
XCB.TO,20240304,19.48,19.51,19.46,19.5,59127
XCBG.TO,20240304,36.45,36.48,36.45,36.48,3800
XCBU.TO,20240304,34.7,34.7,34.7,34.7,100
XCD.TO,20240304,52.87,52.87,52.86,52.86,370
XCG.TO,20240304,49.1,49.3,49,49.21,5253
XCH.TO,20240304,15.3,15.3,15.06,15.13,61269
XCHP.TO,20240304,53.7,54.42,53.7,54.16,4286
XCLN.TO,20240304,31.48,31.48,31.48,31.48,119
XCNS.TO,20240304,21.99,22.03,21.99,22.02,1751
XCS.TO,20240304,18.41,18.48,18.41,18.44,2061
XCSR.TO,20240304,62.74,63,62.74,62.85,4013
XCV.TO,20240304,34.11,34.22,34.11,34.11,1315
XDG.TO,20240304,24.61,24.67,24.61,24.65,1181
XDGH.TO,20240304,25.14,25.18,25.1,25.18,4840
XDIV.TO,20240304,25.89,25.92,25.82,25.85,130702
XDNA.TO,20240304,33.7,33.7,33.7,33.7,485
XDSR.TO,20240304,57.2,57.24,57.12,57.21,800
XDU.TO,20240304,28.55,28.65,28.55,28.6,5302
XDU.U.TO,20240304,21.09,21.09,21.09,21.09,370
XDUH.TO,20240304,26.18,26.18,26.18,26.18,100
XDV.TO,20240304,27.4,27.51,27.4,27.45,47961
XEB.TO,20240304,15.62,15.62,15.62,15.62,400
XEC.TO,20240304,26.55,26.65,26.51,26.51,29632
XEF.TO,20240304,36.46,36.59,36.44,36.54,61128
XEF.U.TO,20240304,26.77,26.77,26.77,26.77,100
XEG.TO,20240304,17.29,17.3,17.03,17.03,574900
XEH.TO,20240304,31.53,31.67,31.53,31.59,3100
XEI.TO,20240304,24.92,24.92,24.82,24.83,62923
XEM.TO,20240304,30.35,30.35,30.3,30.31,5704
XEMC.TO,20240304,45.76,46.08,45.69,45.71,4400
XEN.TO,20240304,32.81,32.81,32.69,32.7,2087
XEQT.TO,20240304,29.62,29.63,29.51,29.6,297865
XESG.TO,20240304,26.05,26.13,26.05,26.07,5745
XETM.TO,20240304,35.82,35.82,35.82,35.82,107
XEU.TO,20240304,29.07,29.15,29.01,29.12,2971
XEXP.TO,20240304,49.35,49.35,49.35,49.35,381
XFH.TO,20240304,30.96,30.98,30.89,30.92,5511
XFN.TO,20240304,48.61,48.98,48.61,48.77,91508
XFR.TO,20240304,20.13,20.13,20.11,20.11,66209
XGB.TO,20240304,18.93,18.97,18.93,18.97,97726
XGD.TO,20240304,16.05,16.6,16.05,16.57,574272
XGI.TO,20240304,50.7,50.71,50.7,50.71,250
XGRO.TO,20240304,27.2,27.24,27.16,27.2,88125
XHAK.TO,20240304,48.37,48.44,48.06,48.44,1837
XHB.TO,20240304,19.06,19.08,19.06,19.06,5400
XHC.TO,20240304,71.45,71.45,71.21,71.33,4518
XHD.TO,20240304,31.16,31.34,31.16,31.29,1159
XHU.TO,20240304,29.2,29.24,29.13,29.24,2337
XHY.TO,20240304,16.34,16.4,16.34,16.37,19238
XIC.TO,20240304,34.42,34.51,34.36,34.42,192775
XID.TO,20240304,52.86,52.86,52.45,52.63,3820
XIG.TO,20240304,19.94,19.94,19.91,19.92,6300
XIN.TO,20240304,35.08,35.19,35.07,35.13,13911
XIT.TO,20240304,55.24,55.49,54.97,55.28,17183
XIU.TO,20240304,32.75,32.85,32.69,32.74,1293304
XLB.TO,20240304,19.11,19.21,19.11,19.21,150270
XLVE.TO,20240304,8.79,8.82,8.79,8.82,1400
XLY.TO,20240304,0.02,0.02,0.015,0.015,680898
XMA.TO,20240304,16.57,16.83,16.57,16.82,9861
XMC.TO,20240304,30.36,30.58,30.36,30.43,16500
XMD.TO,20240304,32.44,32.57,32.44,32.57,1735
XMF.PR.C.TO,20240304,2.12,2.12,2.12,2.12,550
XMH.TO,20240304,26.42,26.53,26.42,26.44,3133
XMI.TO,20240304,35.86,36,35.86,35.96,1517
XMM.TO,20240304,27.42,27.46,27.41,27.46,2992
XMS.TO,20240304,34.13,34.17,34.13,34.17,1600
XMTM.TO,20240304,31.31,31.33,31.23,31.24,800
XMU.TO,20240304,74.4,74.6,74.4,74.6,1552
XMV.TO,20240304,40.98,40.98,40.84,40.9,6084
XMW.TO,20240304,49.48,49.56,49.48,49.52,800
XPF.TO,20240304,14.62,14.62,14.62,14.62,528
XQB.TO,20240304,18.5,18.54,18.5,18.54,2913
XQLT.TO,20240304,36.04,36.15,36.03,36.03,3631
XQQ.TO,20240304,139.21,139.21,138.52,138.6,60138
XQQU.TO,20240304,59.28,59.28,58.97,58.97,3353
XQQU.U.TO,20240304,43.57,43.57,43.37,43.41,700
XRB.TO,20240304,21.95,21.99,21.92,21.95,3856
XRE.TO,20240304,15.75,15.75,15.59,15.72,332812
XSAB.TO,20240304,17.63,17.74,17.63,17.73,5470
XSB.TO,20240304,26.05,26.07,26.05,26.06,48319
XSC.TO,20240304,17.68,17.68,17.68,17.68,4900
XSE.TO,20240304,17.76,17.76,17.75,17.75,1800
XSEA.TO,20240304,25.08,25.19,25.06,25.06,2360
XSEM.TO,20240304,19.04,19.06,19.04,19.05,1121
XSH.TO,20240304,18.4,18.41,18.38,18.39,666866
XSHG.TO,20240304,37.98,37.99,37.98,37.98,509
XSHU.U.TO,20240304,30.02,30.02,30.02,30.02,100
XSI.TO,20240304,16.86,16.86,16.86,16.86,200
XSMC.TO,20240304,29.37,29.37,29.28,29.28,900
XSMH.TO,20240304,26.91,26.91,26.7,26.72,2252
XSP.TO,20240304,53.82,54.02,53.81,53.85,156213
XST.TO,20240304,94.42,94.42,93.41,93.41,2639
XSTB.TO,20240304,19.14,19.14,19.13,19.14,12275
XSTH.TO,20240304,36.96,36.96,36.91,36.91,901
XSU.TO,20240304,40.31,40.47,40.04,40.04,36854
XSUS.TO,20240304,37.08,37.11,37,37.11,3021
XTC.TO,20240304,7.44,7.45,7.32,7.32,11461
XTD.TO,20240304,2.64,2.64,2.52,2.58,14563
XTG.TO,20240304,1,1.05,1,1.04,23301
XTLH.TO,20240304,35.46,35.57,35.46,35.56,10196
XTLT.TO,20240304,36.26,36.32,36.26,36.31,2100
XTR.TO,20240304,10.49,10.5,10.48,10.49,23287
XTRA.TO,20240304,0.72,0.73,0.71,0.72,81359
XUH.TO,20240304,42.86,42.91,42.83,42.83,1505
XUS.TO,20240304,86.34,86.73,86.32,86.42,70691
XUS.U.TO,20240304,64.59,64.79,64.55,64.55,2401
XUSF.TO,20240304,58.72,58.82,58.66,58.68,1500
XUSR.TO,20240304,77.55,77.85,77.37,77.5,3931
XUT.TO,20240304,24.76,24.87,24.61,24.83,99172
XUU.TO,20240304,51.74,51.91,51.67,51.74,49319
XUU.U.TO,20240304,38.49,38.49,38.36,38.36,1668
XWD.TO,20240304,82.68,82.94,82.64,82.91,96316
XXM.TO,20240304,13.83,13.83,13.83,13.83,1200
XXM.B.TO,20240304,20.55,20.55,20.55,20.55,300
Y.TO,20240304,10.18,10.25,10.07,10.25,4400
YCM.TO,20240304,1.85,1.85,1.85,1.85,8100
YGR.TO,20240304,1.25,1.25,1.2,1.21,88444
YRB.TO,20240304,0.03,0.035,0.03,0.035,23038
YXM.B.TO,20240304,36.67,36.67,36.63,36.63,200
ZACE.TO,20240304,39.28,39.28,39.27,39.27,300
ZAG.TO,20240304,13.53,13.56,13.53,13.55,206842
ZBAL.TO,20240304,36.85,36.88,36.8,36.84,9908
ZBAL.T.TO,20240304,28.6,28.63,28.6,28.62,2603
ZBK.TO,20240304,27.04,27.96,27.04,27.69,86126
ZCB.TO,20240304,46.01,46.01,45.98,45.98,701
ZCH.TO,20240304,12.4,12.4,12.13,12.16,24116
ZCLN.TO,20240304,14.86,14.86,14.6,14.65,1427
ZCM.TO,20240304,14.86,14.87,14.85,14.85,3561
ZCN.TO,20240304,28.92,28.98,28.85,28.93,84750
ZCON.TO,20240304,33.07,33.07,33.06,33.06,317
ZCS.TO,20240304,13.4,13.41,13.4,13.4,14721
ZDB.TO,20240304,14.55,14.59,14.55,14.57,17852
ZDH.TO,20240304,26.57,26.57,26.45,26.51,3513
ZDI.TO,20240304,23.24,23.31,23.23,23.3,7061
ZDJ.TO,20240304,60.51,60.93,60.51,60.8,12290
ZDM.TO,20240304,28.71,28.82,28.71,28.76,7027
ZDV.TO,20240304,19.81,19.86,19.78,19.84,38052
ZDY.TO,20240304,39.68,39.87,39.68,39.82,5023
ZDY.U.TO,20240304,30.02,30.09,30.02,30.03,800
ZEA.TO,20240304,22.34,22.36,22.27,22.33,31142
ZEB.TO,20240304,35.21,35.54,35.21,35.38,843300
ZEF.TO,20240304,12.21,12.21,12.21,12.21,222
ZEM.TO,20240304,19.72,19.82,19.65,19.76,22769
ZEO.TO,20240304,67.78,67.78,67.09,67.11,5572
ZEQ.TO,20240304,30.8,30.89,30.79,30.87,4787
ZEQT.TO,20240304,45.28,45.3,45.18,45.24,4889
ZESG.TO,20240304,34.73,34.76,34.73,34.74,1130
ZFC.TO,20240304,42.16,42.49,42.16,42.49,970
ZFH.TO,20240304,14.66,14.68,14.63,14.68,17805
ZFL.TO,20240304,12.94,12.98,12.91,12.96,12565
ZFM.TO,20240304,14.24,14.25,14.24,14.25,8029
ZFS.L.TO,20240304,21.04,21.06,21.04,21.06,14210
ZGB.TO,20240304,44.85,44.85,44.8,44.8,505
ZGD.TO,20240304,68.36,70.81,68.36,70.81,1194
ZGI.TO,20240304,41.61,42.27,41.61,42.27,7911
ZGQ.TO,20240304,62.01,62.44,62,62.21,9466
ZGRN.TO,20240304,34.7,34.7,34.55,34.6,900
ZGRO.TO,20240304,40.87,40.94,40.83,40.85,9025
ZGRO.T.TO,20240304,32.4,32.4,32.4,32.4,100
ZGSB.TO,20240304,26.68,26.7,26.68,26.7,300
ZHP.TO,20240304,18.49,18.49,18.49,18.49,450
ZHY.TO,20240304,11.13,11.13,11.09,11.12,5655
ZIC.TO,20240304,17.24,17.29,17.23,17.29,1526
ZIC.U.TO,20240304,12.91,12.91,12.91,12.91,300
ZID.TO,20240304,46.3,46.35,46.15,46.32,4634
ZIU.TO,20240304,49.5,49.5,49.5,49.5,112
ZJG.TO,20240304,62.63,63.16,62.62,63.16,1763
ZJK.TO,20240304,17.98,17.98,17.9,17.96,1817
ZJPN.TO,20240304,34.89,34.96,34.78,34.9,4410
ZJPN.F.TO,20240304,45.95,46.01,45.84,46,2200
ZLB.TO,20240304,43.2,43.34,43.19,43.29,44127
ZLC.TO,20240304,15.11,15.14,15.07,15.11,24316
ZLD.TO,20240304,26.18,26.18,26.18,26.18,100
ZLH.TO,20240304,31.83,31.83,31.82,31.82,2240
ZLU.TO,20240304,48.08,48.41,48,48.41,12133
ZLU.U.TO,20240304,36.44,36.52,36.41,36.52,1009
ZMBS.TO,20240304,29.15,29.15,29.15,29.15,366
ZMI.TO,20240304,16.38,16.44,16.38,16.41,5484
ZMID.TO,20240304,42.83,42.9,42.69,42.69,811
ZMMK.TO,20240304,49.95,49.95,49.94,49.95,94540
ZMU.TO,20240304,12.55,12.55,12.5,12.5,16001
ZNQ.TO,20240304,80.5,80.5,79.97,79.97,3679
ZNQ.U.TO,20240304,39.87,39.89,39.75,39.84,1276
ZPAY.TO,20240304,30.82,30.91,30.82,30.9,1976
ZPAY.F.TO,20240304,28.75,28.75,28.75,28.75,1089
ZPH.TO,20240304,15.33,15.33,15.24,15.24,1222
ZPL.TO,20240304,12.36,12.41,12.35,12.4,18918
ZPR.TO,20240304,9.63,9.68,9.63,9.68,79341
ZPS.TO,20240304,12,12,12,12,7700
ZPW.TO,20240304,16.08,16.08,16.02,16.02,225
ZQB.TO,20240304,28.13,28.15,28.13,28.15,1289
ZQQ.TO,20240304,128.7,128.8,128.19,128.2,24105
ZRE.TO,20240304,20.51,20.51,20.32,20.49,12733
ZRR.TO,20240304,14.12,14.12,14.08,14.1,1250
ZSDB.TO,20240304,29.45,29.46,29.45,29.46,5299
ZSML.TO,20240304,38.78,38.78,38.7,38.7,1600
ZSML.F.TO,20240304,35.39,35.39,35.39,35.39,100
ZSP.TO,20240304,76.14,76.51,76.14,76.26,133270
ZSP.U.TO,20240304,56.18,56.38,56.18,56.21,6513
ZST.TO,20240304,48.78,48.79,48.78,48.78,7318
ZST.L.TO,20240304,58.01,58.03,58.01,58.02,7152
ZSU.TO,20240304,13.2,13.2,13.2,13.2,300
ZTIP.TO,20240304,31.09,31.09,31.09,31.09,100
ZUAG.TO,20240304,30.06,30.06,30.06,30.06,100
ZUAG.F.TO,20240304,29.36,29.36,29.35,29.35,3272
ZUB.TO,20240304,25.15,25.85,25.15,25.57,55146
ZUCM.TO,20240304,30.16,30.16,30.14,30.14,2502
ZUCM.U.TO,20240304,30.05,30.05,30.04,30.04,1713
ZUD.TO,20240304,27.83,27.85,27.82,27.82,980
ZUE.TO,20240304,71.56,71.7,71.39,71.53,7933
ZUGE.TO,20240304,18.28,18.28,18.28,18.28,1000
ZUH.TO,20240304,70.8,71.11,70.8,71.02,1055
ZUP.TO,20240304,20.89,20.89,20.89,20.89,100
ZUQ.TO,20240304,76.42,76.7,76.3,76.39,16191
ZUQ.F.TO,20240304,48.1,48.17,48.05,48.09,600
ZUQ.U.TO,20240304,49.98,49.98,49.98,49.98,198
ZUS.U.TO,20240304,46.79,46.79,46.73,46.73,600
ZUS.V.TO,20240304,55.12,55.12,55.12,55.12,100
ZUT.TO,20240304,19.22,19.22,19,19.15,78346
ZVC.TO,20240304,27.58,27.6,27.48,27.51,1500
ZVU.TO,20240304,28.51,28.51,28.51,28.51,3800
ZWA.TO,20240304,25.66,25.68,25.65,25.65,2014
ZWB.TO,20240304,17.74,17.85,17.73,17.78,143778
ZWB.U.TO,20240304,22.53,22.53,22.53,22.53,100
ZWC.TO,20240304,17.18,17.18,17.11,17.15,51785
ZWE.TO,20240304,20.64,20.64,20.46,20.49,23387
ZWEN.TO,20240304,29.13,29.13,29.01,29.02,5651
ZWG.TO,20240304,29.94,30.2,29.94,30.16,6036
ZWH.TO,20240304,22.64,22.76,22.64,22.72,16052
ZWH.U.TO,20240304,22.98,22.98,22.98,22.98,3600
ZWHC.TO,20240304,29.59,29.59,29.59,29.59,100
ZWK.TO,20240304,19.48,19.99,19.48,19.85,90965
ZWP.TO,20240304,18.13,18.16,17.86,17.86,18147
ZWQT.TO,20240304,16.32,16.32,16.21,16.21,2900
ZWS.TO,20240304,19.92,19.92,19.89,19.91,1700
ZWT.TO,20240304,42.89,43.15,42.78,42.91,4918
ZWU.TO,20240304,10.07,10.08,10.01,10.08,198996
ZXM.TO,20240304,40.68,40.68,40.68,40.68,100
ZZZ.TO,20240304,28.53,28.95,28.27,28.42,25625
ZZZD.TO,20240304,27.77,27.77,27.77,27.77,200
