<ticker>,<date>,<open>,<high>,<low>,<close>,<vol>
AAV.TO,20250430,10.06,10.06,9.640,9.790,695 881
AAUC.TO,20250430,5.420,5.555,5.360,5.550,1 311 953
AAB.TO,20250430,0.0300,0.0400,0.0300,0.0400,1 712 254
ABX.TO,20250430,25.95,26.29,25.95,26.29,4 594 712
ACAA.TO,20250430,0,0,0,0,0
AC.TO,20250430,13.93,14.00,13.73,13.97,1 793 751
ACB.TO,20250430,6.340,6.700,6.130,6.380,822 045
ACQ.TO,20250430,15.62,15.81,15.53,15.59,2 964
ACD.TO,20250430,3.400,3.400,3.400,3.400,400
ACX.TO,20250430,4.840,4.880,4.800,4.850,11 721
ADCO.TO,20250430,0.2800,0.2800,0.2700,0.2700,8 000
ADN.TO,20250430,17.06,17.28,17.06,17.27,4 729
AEG.TO,20250430,0.3750,0.3750,0.3400,0.3400,3 000
AEM.TO,20250430,161.00,162.27,160.42,162.03,1 218 112
ADEN.TO,20250430,26.86,27.03,26.50,27.01,37 546
AFN.TO,20250430,33.47,33.47,32.20,33.22,101 336
AG.TO,20250430,0,0,0,37.40€,0
AGI.TO,20250430,38.62,39.43,38.62,39.41,1 409 589
AGG.TO,20250430,19.55,19.55,19.54,19.54,1 850
AIDX.TO,20250430,1.500,1.510,1.435,1.480,148 145
AI.TO,20250430,10.85,10.86,10.67,10.78,78 639
AIF.TO,20250430,50.25,51.41,50.25,51.34,245 430
AII.TO,20250430,2.420,2.510,2.340,2.500,382 807
AKTAF,20250430,1.190,1.190,1.190,1.190,3 075
AIM.TO,20250430,2.570,2.650,2.550,2.600,134 390
ALA.TO,20250430,40.54,40.98,40.18,40.80,833 264
AIGO.TO,20250430,-,-,-,-,46
ALS.TO,20250430,27.45,27.45,26.73,27.09,197 781
ALYA.TO,20250430,1.710,1.710,1.640,1.680,13 313
AMAX.TO,20250430,23.90,24.17,23.80,24.17,16 240
AMC.TO,20250430,1.120,1.160,1.090,1.140,216 851
AMHE.TO,20250430,11.21,11.32,10.98,11.29,19 905
ALC.TO,20250430,15.53,15.53,15.28,15.40,3 788
AMM.TO,20250430,0.1450,0.1450,0.1425,0.1425,1 800
AND.TO,20250430,53.39,53.50,53.24,53.50,129 811
ANRG.TO,20250430,1.150,1.160,1.150,1.160,36 750
AMZH.TO,20250430,11.40,11.48,11.30,11.48,5 684
AOI.TO,20250430,1.800,1.805,1.760,1.800,439 312
AOT.TO,20250430,0.1250,0.1300,0.1200,0.1250,1 475 271
APLI.TO,20250430,0.0300,0.0300,0.0300,0.0300,349 000
APS.TO,20250430,2.910,2.910,2.800,2.810,2 934
ARA.TO,20250430,0.7600,0.8000,0.7500,0.8000,91 650
ARB.TO,20250430,26.92,26.92,26.92,26.92,335
ARE.TO,20250430,15.90,16.15,15.68,16.14,301 341
ARG.TO,20250430,1.710,1.730,1.685,1.730,148 061
ARIS.TO,20250430,7.250,7.575,7.250,7.540,453 730
ARR.TO,20250430,0.7800,0.7800,0.7600,0.7600,39 687
AQN.TO,20250430,7.420,7.470,7.340,7.430,2 731 952
ARTI.TO,20250430,7.160,7.280,7.130,7.230,108 386
ARX.TO,20250430,25.82,26.10,25.26,25.51,2 004 783
ASM.TO,20250430,2.960,3.070,2.920,3.020,3 636 127
ASCU.TO,20250430,2.120,2.120,2.050,2.100,34 596
ASTL.TO,20250430,6.490,7.190,6.000,7.060,238 864
ASND.TO,20250430,0.0850,0.0900,0.0800,0.0850,3 452 100
ATCU.TO,20250430,0.4050,0.4050,0.4000,0.4000,35 500
ATD.TO,20250430,72.37,72.37,71.38,71.96,1 553 419
ATRL.TO,20250430,67.57,68.67,66.76,68.27,452 976
ATH.TO,20250430,4.620,4.620,4.465,4.540,2 307 648
ATS.TO,20250430,34.60,34.77,33.81,34.74,141 993
ATZ.TO,20250430,47.67,48.76,46.67,48.49,698 039
ATSX.TO,20250430,27.35,27.35,27.35,27.35,1 000
AUMN.TO,20250430,0.1980,0.1980,0.1500,0.1501,21 221
AVCN.TO,20250430,0.2450,0.2550,0.2300,0.2450,258 900
AVNT.TO,20250430,0,0,0,0,0
AVL.TO,20250430,0.0300,0.0300,0.0250,0.0300,276 157
AXIS.TO,20250430,70.10,70.40,70.00,70.10,14 990
AYA.TO,20250430,9.510,9.590,9.350,9.480,822 547
BABY.TO,20250430,0.0200,0.0200,0.0150,0.0150,435 822
BAM.TO,20250430,73.50,73.73,72.30,73.56,1 563 818
BANK.TO,20250430,68.50,69.02,67.89,68.98,6 580 748
BASE.TO,20250430,21.20,21.32,21.00,21.32,9 072
BBUC.TO,20250430,35.00,36.52,35.00,36.16,34 354
BB.TO,20250430,4.630,4.680,4.530,4.680,1 092 790
BCT.TO,20250430,6.400,6.400,5.680,6.120,21 642
BCE.TO,20250430,30.30,30.65,29.98,30.64,2 703 937
BDI.TO,20250430,8.190,8.190,8.100,8.140,2 235
BDIV.TO,20250430,21.67,21.85,21.67,21.83,1 530
BDT.TO,20250430,21.13,21.28,20.71,21.11,142 298
BDGI.TO,20250430,37.03,39.87,37.00,39.28,175 367
BEPC.TO,20250430,39.57,39.65,38.60,39.29,536 028
BESG.TO,20250430,0,0,0,0,0
BFIN.TO,20250430,22.75,22.75,22.75,22.75,100
BEPR.TO,20250430,8.700,8.700,8.650,8.660,14 652
BGU.TO,20250430,-,-,-,-,73
BHC.TO,20250430,7.410,7.410,7.090,7.330,478 785
BIPC.TO,20250430,50.68,51.76,49.18,51.64,261 409
BGC.TO,20250430,-,-,-,-,4
BITF.TO,20250430,1.360,1.390,1.290,1.390,2 055 432
BIR.TO,20250430,5.800,5.830,5.530,5.630,1 192 311
BITI.TO,20250430,14.50,14.50,14.50,14.50,100
BK.TO,20250430,10.87,10.92,10.69,10.89,88 071
BKCL.TO,20250430,18.03,18.09,17.89,18.09,8 280
BKCC.TO,20250430,13.75,13.78,13.66,13.78,474
BKI.TO,20250430,0.0850,0.0850,0.0850,0.0850,28 560
BLCO.TO,20250430,16.81,16.81,14.56,15.25,28 383
BLCK.TO,20250430,33.48,33.48,33.46,33.46,1 600
BLDP.TO,20250430,1.670,1.680,1.630,1.680,371 573
BLOV.TO,20250430,0,0,0,0,0
BLX.TO,20250430,30.68,30.96,30.26,30.62,289 352
BMAX.TO,20250430,13.14,13.29,12.99,13.28,8 751
BMO.TO,20250430,131.45,132.09,129.73,132.09,8 602 603
BN.TO,20250430,73.51,74.33,72.40,74.06,2 152 702
BNC.TO,20250430,27.07,27.18,26.91,27.18,1 600
BNE.TO,20250430,3.130,3.300,3.130,3.170,36 900
BLN.TO,20250430,6.590,6.650,6.440,6.450,93 079
BNG.TO,20250430,0.0150,0.0150,0.0150,0.0150,19 300
BNKL.TO,20250430,24.57,24.70,24.57,24.70,400
BNK.TO,20250430,13.13,13.21,13.13,13.21,500
BNS.TO,20250430,68.50,69.02,67.89,68.98,6 580 748
BNT.TO,20250430,72.20,74.34,72.20,74.25,32 366
BOND.TO,20250430,0,0,0,0,0
BOS.TO,20250430,3.840,3.920,3.770,3.900,13 703
BPRF.TO,20250430,-,-,-,-,75
BRAG.TO,20250430,5.700,5.700,5.420,5.500,1 900
BRE.TO,20250430,14.58,14.58,13.79,14.32,2 726
BR.TO,20250430,1.080,1.080,1.080,1.080,534
BRMI.TO,20250430,0.8900,0.8900,0.8900,0.8900,4 500
BRY.TO,20250430,0.2800,0.2800,0.2800,0.2800,1 166
BSX.TO,20250430,0.2000,0.2100,0.2000,0.2100,6 111
BTCC.TO,20250430,17.36,17.36,17.04,17.29,402 001
BSKT.TO,20250430,8.760,8.780,8.760,8.770,30 545
BTCY.TO,20250430,8.010,8.070,7.930,8.000,45 130
BTO.TO,20250430,4.240,4.390,4.240,4.310,2 149 707
BU.TO,20250430,0.0950,0.1000,0.0950,0.0950,26 841
BTE.TO,20250430,2.160,2.170,2.100,2.130,5 620 886
BUI.TO,20250430,8.760,8.760,8.740,8.740,300
BXF.TO,20250430,10.19,10.22,10.19,10.22,10 500
BYD.TO,20250430,198.29,200.88,196.20,198.00,58 053
CACB.TO,20250430,20.05,20.08,20.05,20.08,78 401
CAE.TO,20250430,33.45,34.54,33.34,34.49,743 623
CAFR.TO,20250430,19.84,19.85,19.83,19.84,21 403
BYL.TO,20250430,0.3000,0.3050,0.2900,0.3000,47 253
CAGG.TO,20250430,44.82,44.86,44.82,44.86,500
CAGS.TO,20250430,-,-,-,-,8
CALL.TO,20250430,11.46,11.56,11.43,11.55,10 427
CAPI.TO,20250430,51.00,52.73,50.29,52.34,1 028 374
CANL.TO,20250430,0,0,0,0,0
CAPM.TO,20250430,24.49,24.49,24.49,24.49,200
CAPW.TO,20250430,0,0,0,0,0
CARB.TO,20250430,0,0,0,0,0
CARS.TO,20250430,0,0,0,0,0
CAS.TO,20250430,8.840,8.850,8.720,8.830,188 132
CBAL.TO,20250430,22.84,22.92,22.84,22.92,7 395
CBCX.TO,20250430,0,0,0,0,0
CBGR.TO,20250430,23.38,23.46,23.38,23.46,931
CBH.TO,20250430,0,0,0,0,0
CBIL.TO,20250430,0,0,0,0,0
CBIN.TO,20250430,0,0,0,0,0
CBND.TO,20250430,9.210,9.220,9.180,9.220,5 430
CBNK.TO,20250430,7.860,7.970,7.840,7.950,10 758
CBUG.TO,20250430,0,0,0,0,0
CCBD.TO,20250430,0,0,0,0,0
CCA.TO,20250430,66.06,67.88,66.06,67.80,77 506
CCBI.TO,20250430,18.25,18.28,18.23,18.28,9 200
CCM.TO,20250430,0.3900,0.3900,0.3800,0.3800,28 964
CCNS.TO,20250430,0,0,0,0,0
CCEI.TO,20250430,26.87,26.92,26.86,26.87,1 400
CCNV.TO,20250430,0,0,0,0,0
CCO.TO,20250430,62.04,62.58,60.66,62.23,995 497
CCOM.TO,20250430,18.95,18.95,18.92,18.92,200
CDEF.TO,20250430,0,0,0,0,0
CCRE.TO,20250430,17.86,17.92,17.85,17.92,13 900
CDIV.TO,20250430,14.89,15.01,14.86,15.01,11 076
CDNA.TO,20250430,0,0,0,0,0
CDLB.TO,20250430,0,0,0,0,0
CDR.TO,20250430,1.650,1.650,1.570,1.630,54 500
CDZ.TO,20250430,35.16,35.44,34.99,35.44,17 353
CEMI.TO,20250430,0,0,0,0,0
CEMX.TO,20250430,0.2450,0.2450,0.2250,0.2400,33 380
CEF.TO,20250430,40.13,40.33,39.90,39.93,29 730
CEU.TO,20250430,6.060,6.110,5.910,6.080,584 987
CEQT.TO,20250430,-,-,-,-,1
CEW.TO,20250430,20.47,20.47,20.34,20.45,4 438
CFF.TO,20250430,0,0,0,0,0
CF.TO,20250430,8.320,8.520,8.230,8.450,93 346
CFP.TO,20250430,12.94,13.20,12.75,13.17,208 085
CFLX.TO,20250430,16.89,16.89,16.89,16.89,100
CFRT.TO,20250430,0,0,0,0,0
CFW.TO,20250430,3.400,3.400,3.300,3.310,71 474
CG.TO,20250430,9.080,9.250,9.080,9.230,789 621
CGAA.TO,20250430,0,0,0,0,0
CFX.TO,20250430,0.7450,0.7700,0.7450,0.7600,10 798
CGBI.TO,20250430,17.66,17.67,17.65,17.66,3 222
CGDV.TO,20250430,23.60,23.81,23.60,23.81,700
CGG.TO,20250430,8.620,8.620,8.610,8.610,225
CGIN.TO,20250430,21.10,21.13,21.09,21.13,12 265
CGHY.TO,20250430,0,0,0,0,0
CGI.TO,20250430,35.25,35.31,35.25,35.25,690
CGL.TO,20250430,25.89,25.95,25.68,25.68,164 480
CGO.TO,20250430,62.72,64.19,62.53,64.12,20 260
CGR.TO,20250430,29.68,30.06,29.68,29.86,4 570
CGLO.TO,20250430,28.06,28.07,28.06,28.07,1 400
CGRB.TO,20250430,0,0,0,0,0
CGRA.TO,20250430,0,0,0,0,0
CGRE.TO,20250430,0,0,0,0,0
CGRN.TO,20250430,0,0,0,0,0
CGX.TO,20250430,9.620,9.880,9.500,9.870,145 643
CGXF.TO,20250430,13.67,13.84,13.67,13.84,2 523
CHPS.TO,20250430,32.58,33.30,32.35,33.27,2 834
CHR.TO,20250430,18.49,18.78,18.35,18.63,21 054
CGY.TO,20250430,47.82,47.82,47.00,47.58,8 951
CIA.TO,20250430,4.000,4.025,3.920,4.000,289 313
CIAI.TO,20250430,21.89,22.11,21.89,22.11,1 550
CIBR.TO,20250430,52.16,53.02,52.16,52.95,5 120
CIC.TO,20250430,0,0,0,0,0
CIEH.TO,20250430,0,0,0,0,0
CIEM.TO,20250430,19.07,19.18,19.07,19.18,1 000
CIEI.TO,20250430,24.98,25.08,24.93,25.06,4 200
CIGI.TO,20250430,162.41,165.94,159.69,164.81,69 866
CINF.TO,20250430,27.86,28.00,27.86,28.00,5 900
CINT.TO,20250430,22.50,22.65,22.50,22.60,491
CINV.TO,20250430,0,0,0,0,0
CIF.TO,20250430,47.51,47.51,46.77,47.33,4 853
CIX.TO,20250430,31.20,31.27,31.18,31.25,287 606
CJ.TO,20250430,6.000,6.000,5.710,5.740,1 499 154
CJT.TO,20250430,85.13,85.77,83.51,85.30,95 068
CLF.TO,20250430,17.56,17.59,17.56,17.59,8 616
CLG.TO,20250430,0,0,0,0,0
CLML.TO,20250430,31.52,31.60,31.45,31.53,12 703
CKI.TO,20250430,22.41,22.41,22.40,22.40,900
CLS.TO,20250430,115.85,118.19,113.40,117.63,876 501
CMAG.TO,20250430,35.10,35.10,35.10,35.10,100
CMAR.TO,20250430,0,0,0,0,0
CM.TO,20250430,86.26,87.00,85.33,86.95,4 437 297
CMDO.TO,20250430,19.46,19.48,19.42,19.48,1 794
CMG.TO,20250430,7.840,7.960,7.770,7.950,151 852
CMGG.TO,20250430,30.94,31.30,30.94,31.30,551
CMEY.TO,20250430,0,0,0,0,0
CMNY.TO,20250430,50.06,50.06,50.04,50.04,5 961
CMOM.TO,20250430,0,0,0,0,0
CMR.TO,20250430,50.03,50.03,50.02,50.02,62 244
CNCC.TO,20250430,12.05,12.13,12.04,12.13,2 588
CNAO.TO,20250430,0,0,0,0,0
CMVX.TO,20250430,0,0,0,0,0
CNCL.TO,20250430,19.36,19.36,19.35,19.35,1 051
CNDX.TO,20250430,27.94,27.94,27.73,27.83,1 601
CNE.TO,20250430,2.970,2.970,2.870,2.970,13 695
CNL.TO,20250430,12.94,13.01,12.35,12.68,194 819
CNR.TO,20250430,133.04,133.52,131.40,133.51,1 291 350
CNT.TO,20250430,0,0,0,0,0
COG.TO,20250430,62.72,64.19,62.53,64.12,20 260
COMM.TO,20250430,0.0700,0.0700,0.0700,0.0700,69 000
COPP.TO,20250430,0.2500,0.2500,0.2350,0.2350,24 000
COPR.TO,20250430,0.1500,0.1500,0.1400,0.1450,805 013
CORE.TO,20250430,52.06,52.87,51.32,52.68,1 405 978
CNQ.TO,20250430,40.29,40.30,38.85,39.56,6 237 518
COW.TO,20250430,64.16,64.16,64.16,64.16,300
CP.TO,20250430,99.09,100.13,98.44,100.13,2 292 190
CPD.TO,20250430,12.25,12.31,12.20,12.28,50 430
CPLS.TO,20250430,0,0,0,0,0
CPH.TO,20250430,13.24,13.58,12.88,13.52,16 527
CR.TO,20250430,-,-,-,-,3
CPX.TO,20250430,51.00,52.73,50.29,52.34,1 028 374
CRED.TO,20250430,0,0,0,0,0
CRDL.TO,20250430,1.570,1.580,1.480,1.510,82 051
CRON.TO,20250430,2.520,2.650,2.485,2.590,234 841
CROP.TO,20250430,18.23,18.26,18.20,18.26,4 062
CRRX.TO,20250430,2.840,2.860,2.840,2.860,1 900
CRP.TO,20250430,2.590,2.600,2.590,2.600,800
CS.TO,20250430,0,0,0,0,0
CSAV.TO,20250430,50.03,50.03,50.02,50.03,35 144
CSBI.TO,20250430,20.79,20.79,20.79,20.79,11 700
CRWN.TO,20250430,0.9500,0.9900,0.9500,0.9900,1 000
CSU.TO,20250430,4 957.08,4 973.35,4 802.15,4 968.35,40 112
CSCI.TO,20250430,4.670,4.710,4.670,4.710,700
CTS.TO,20250430,0,0,0,0,0
CTX.TO,20250430,0.5800,0.5800,0.5800,0.5800,500
CTC.TO,20250430,0,0,0,0,0
CU.TO,20250430,38.01,38.67,38.01,38.59,516 425
CUD.TO,20250430,51.28,51.91,51.28,51.91,481
CUBD.TO,20250430,20.56,20.56,20.56,20.56,800
CUDV.TO,20250430,24.69,24.69,24.69,24.69,1 500
CUEH.TO,20250430,0,0,0,0,0
CUEI.TO,20250430,30.15,30.16,29.96,30.16,861
CUTL.TO,20250430,21.71,21.71,21.71,21.71,1 000
CURA.TO,20250430,1.280,1.520,1.205,1.500,1 198 217
CVD.TO,20250430,17.30,17.35,17.30,17.35,1 104
CVE.TO,20250430,16.46,16.70,16.08,16.23,4 853 435
CVLU.TO,20250430,0,0,0,0,0
CVG.TO,20250430,70.55,70.55,70.55,70.55,100
CVO.TO,20250430,6.190,6.190,6.000,6.140,49 133
CWB.TO,20250430,27.49,27.49,27.49,27.49,482
CWL.TO,20250430,0.7500,0.7500,0.7500,0.7500,2 250
CWW.TO,20250430,59.66,59.70,58.99,59.70,2 549
CXB.TO,20250430,3.210,3.280,3.170,3.230,2 742 491
CXF.TO,20250430,9.880,9.880,9.720,9.730,6 500
CXI.TO,20250430,19.85,20.31,19.85,20.31,43 626
CYB.TO,20250430,72.59,72.60,72.00,72.00,4 447
CYBR.TO,20250430,52.81,52.96,52.30,52.80,859
CWEB.TO,20250430,0.1250,0.1250,0.1100,0.1100,51 182
DAMG.TO,20250430,20.09,20.09,20.09,20.09,100
CYH.TO,20250430,21.64,21.82,21.64,21.75,4 514
DANC.TO,20250430,0,0,0,0,0
DAY.TO,20250430,77.68,79.90,77.09,79.73,21 146
DBO.TO,20250430,0.1500,0.1550,0.1500,0.1550,57 750
DCBC.TO,20250430,21.10,21.10,21.10,21.10,100
DCBO.TO,20250430,42.94,43.59,42.94,43.18,54 607
DBM.TO,20250430,6.920,6.920,6.740,6.880,107 944
DCG.TO,20250430,0,0,0,0,0
DCM.TO,20250430,1.720,1.720,1.700,1.720,4 100
DCC.TO,20250430,0,0,0,0,0
DCS.TO,20250430,19.09,19.11,19.09,19.11,2 750
DCP.TO,20250430,19.08,19.08,19.08,19.08,100
DCU.TO,20250430,18.02,18.02,18.02,18.02,1 110
DFN.TO,20250430,5.440,5.470,5.370,5.410,325 767
DFY.TO,20250430,67.71,69.05,67.35,68.81,208 133
DF.TO,20250430,5.280,5.390,5.280,5.390,57 902
DGR.TO,20250430,43.92,44.41,43.92,44.23,1 116
DGRC.TO,20250430,39.16,39.19,38.89,39.19,3 321
DGS.TO,20250430,6.320,6.320,6.180,6.270,110 505
DISC.TO,20250430,2.650,2.900,2.620,2.760,8 418 896
DIAM.TO,20250430,0.0200,0.0200,0.0200,0.0200,2 000
DIV.TO,20250430,2.890,2.895,2.850,2.890,173 383
DLCG.TO,20250430,8.050,8.100,7.820,7.950,19 620
DLR.TO,20250430,10.20,10.21,10.20,10.21,596 321
DIVS.TO,20250430,0,0,0,0,0
DMEC.TO,20250430,22.94,23.03,22.94,23.03,6 674
DMEI.TO,20250430,22.15,22.15,22.06,22.14,5 416
DMEU.TO,20250430,22.06,22.16,21.79,22.10,4 494
DML.TO,20250430,1.910,1.980,1.880,1.980,1 293 163
DND.TO,20250430,9.000,9.040,8.700,8.940,156 426
DNTL.TO,20250430,8.240,8.420,8.080,8.410,226 214
DOL.TO,20250430,172.00,172.58,169.02,170.10,1 103 127
DOO.TO,20250430,46.49,46.90,44.98,46.70,165 501
DPM.TO,20250430,18.00,18.31,17.89,18.07,753 174
DNG.TO,20250430,4.910,4.930,4.740,4.750,33 878
DRCU.TO,20250430,0,0,0,0,0
DR.TO,20250430,14.71,14.72,14.42,14.55,33 763
DRFD.TO,20250430,26.20,26.20,26.20,26.20,101
DRFC.TO,20250430,32.92,32.92,32.72,32.90,3 221
DRFE.TO,20250430,22.95,23.06,22.94,23.03,2 400
DRFU.TO,20250430,0,0,0,0,0
DRFG.TO,20250430,30.19,30.35,30.19,30.35,218
DRM.TO,20250430,18.93,19.02,18.37,19.01,21 314
DRMD.TO,20250430,27.75,27.90,27.75,27.90,362
DRME.TO,20250430,18.29,18.29,18.21,18.21,676
DRMC.TO,20250430,32.13,32.13,31.98,32.09,5 330
DRT.TO,20250430,0.9600,0.9900,0.9500,0.9500,95 140
DRX.TO,20250430,6.060,6.210,5.960,6.080,41 923
DRMU.TO,20250430,40.65,40.84,40.21,40.84,4 143
DSAE.TO,20250430,0,0,0,0,0
DS.TO,20250430,6.400,6.420,6.400,6.420,1 758
DSG.TO,20250430,144.88,145.30,143.34,145.18,219 226
DTOL.TO,20250430,13.60,13.79,12.75,12.80,7 051
DSV.TO,20250430,2.650,2.900,2.620,2.760,8 418 896
DXB.TO,20250430,17.91,17.91,17.91,17.91,1 140
DXBC.TO,20250430,-,-,-,-,1
DXAU.TO,20250430,32.06,32.06,32.06,32.06,795
DXBU.TO,20250430,0,0,0,0,0
DXC.TO,20250430,37.41,37.76,37.41,37.76,5 404
DXDB.TO,20250430,21.35,21.43,21.35,21.43,4 978
DXET.TO,20250430,0,0,0,0,0
DXEM.TO,20250430,0,0,0,0,0
DXF.TO,20250430,-,-,-,-,9
DXG.TO,20250430,60.60,61.52,60.60,61.52,4 013
DXGE.TO,20250430,24.57,24.58,24.56,24.56,5 002
DXMO.TO,20250430,20.85,21.06,20.85,21.06,320
DXIF.TO,20250430,0,0,0,0,0
DXN.TO,20250430,0,0,0,0,0
DXP.TO,20250430,22.57,22.59,22.43,22.53,9 353
DXQ.TO,20250430,23.86,24.15,23.80,23.92,8 632
DXR.TO,20250430,22.10,22.14,22.10,22.14,400
DXO.TO,20250430,19.25,19.25,19.14,19.18,1 706
DXRE.TO,20250430,0,0,0,0,0
DXT.TO,20250430,8.400,8.580,8.240,8.580,36 204
DXU.TO,20250430,56.08,56.16,55.71,56.16,7 422
DXUS.TO,20250430,27.49,27.70,27.48,27.70,1 750
DXV.TO,20250430,19.57,19.57,19.54,19.55,81 826
DXZ.TO,20250430,0,0,0,0,0
DXW.TO,20250430,0,0,0,0,0
E.TO,20250430,1.320,1.320,1.250,1.250,146 274
DYA.TO,20250430,0.1600,0.1600,0.1600,0.1600,6 700
EARN.TO,20250430,0,0,0,0,0
EAGR.TO,20250430,0.3500,0.3600,0.3500,0.3600,33 510
EBIT.TO,20250430,46.37,46.38,45.70,46.07,22 769
ECN.TO,20250430,2.770,2.800,2.730,2.790,32 358
EBNK.TO,20250430,12.60,12.78,12.53,12.78,11 754
ECO.TO,20250430,4.140,4.140,4.060,4.060,5 300
EDGE.TO,20250430,0,0,0,0,0
ECOR.TO,20250430,1.030,1.070,1.020,1.020,19 601
EDR.TO,20250430,4.950,5.020,4.830,5.000,518 563
EDGF.TO,20250430,10.91,10.97,10.91,10.97,2 100
EDV.TO,20250430,36.91,37.42,36.91,37.35,363 009
EDT.TO,20250430,0.8300,0.8300,0.7900,0.8100,8 460
EFN.TO,20250430,30.16,30.19,29.80,30.19,1 195 250
EFR.TO,20250430,6.050,6.360,5.890,6.270,559 306
EGIF.TO,20250430,0,0,0,0,0
EGLX.TO,20250430,0.0700,0.0700,0.0600,0.0600,152 823
EFX.TO,20250430,9.110,9.110,8.890,9.020,791 605
EHE.TO,20250430,0,0,0,0,0
EIF.TO,20250430,50.14,50.73,49.51,50.66,70 593
ELD.TO,20250430,25.66,26.10,25.60,25.94,698 092
ELEF.TO,20250430,0.2700,0.2700,0.2500,0.2500,6 381
ELO.TO,20250430,0.9200,0.9900,0.9100,0.9900,156 010
ELR.TO,20250430,0,0,0,0,0
ELVA.TO,20250430,3.600,3.670,3.580,3.650,3 810
ELF.TO,20250430,1 352.20,1 352.20,1 352.20,1 352.20,325
EMA.TO,20250430,61.27,62.23,61.07,62.05,2 946 259
ENB.TO,20250430,64.49,64.62,63.83,64.47,9 679 976
ENCC.TO,20250430,10.02,10.02,9.780,9.865,190 955
EMAX.TO,20250430,12.58,12.58,12.20,12.33,82 057
ENCL.TO,20250430,17.05,17.05,16.63,16.81,72 084
ENGH.TO,20250430,25.25,25.27,24.76,25.05,69 063
ENS.TO,20250430,14.07,14.17,13.99,14.08,25 900
EQB.TO,20250430,95.52,95.52,93.77,95.31,47 167
EPRX.TO,20250430,5.500,5.700,5.490,5.490,60 900
EQCL.TO,20250430,20.75,20.75,20.52,20.55,3 395
EQCC.TO,20250430,19.42,19.42,19.42,19.42,261
EQL.TO,20250430,35.24,35.43,34.80,35.43,55 258
EQLI.TO,20250430,19.25,19.40,19.20,19.34,20 236
EQY.TO,20250430,0,0,0,0,0
EQX.TO,20250430,9.050,9.270,9.020,9.270,932 853
ERD.TO,20250430,0.8800,0.8800,0.8500,0.8700,153 641
ERO.TO,20250430,16.82,17.25,16.70,17.22,600 281
ESGA.TO,20250430,40.49,40.54,40.45,40.54,500
ESGC.TO,20250430,0,0,0,0,0
ESGB.TO,20250430,27.82,27.82,27.82,27.82,200
ESGE.TO,20250430,35.46,35.48,35.46,35.48,500
ESGF.TO,20250430,0,0,0,0,0
ESGH.TO,20250430,0,0,0,0,0
ESGG.TO,20250430,46.39,46.39,46.29,46.29,210
ESGY.TO,20250430,52.37,52.79,52.37,52.79,700
ESI.TO,20250430,1.860,1.870,1.760,1.800,113 037
ESM.TO,20250430,0.0850,0.0850,0.0850,0.0850,8 000
ESP.TO,20250430,22.47,22.47,22.47,22.47,390
ET.TO,20250430,10.91,10.97,10.78,10.97,24 426
ETC.TO,20250430,0,0,0,0,0
ESPX.TO,20250430,22.47,22.47,22.47,22.47,390
ETHH.TO,20250430,6.860,6.970,6.800,6.950,41 664
ETG.TO,20250430,2.100,2.200,2.080,2.190,98 155
ETHR.TO,20250430,8.250,8.290,8.070,8.290,8 535
ETP.TO,20250430,0,0,0,0,0
ETHY.TO,20250430,1.950,2.020,1.880,1.940,18 368
EVO.TO,20250430,23.77,23.90,23.60,23.90,8 131
ETSX.TO,20250430,20.38,20.38,20.38,20.38,241
EXE.TO,20250430,13.56,13.86,13.56,13.80,270 478
EXN.TO,20250430,0.1550,0.1550,0.1400,0.1500,392 002
EXRO.TO,20250430,0.1300,0.1300,0.1100,0.1200,221 803
FAP.TO,20250430,2.820,2.870,2.820,2.860,8 025
FAR.TO,20250430,0.8800,0.9000,0.8700,0.8900,179 013
FBGO.TO,20250430,17.26,17.32,17.26,17.32,2 714
FBT.TO,20250430,0,0,0,0,0
EVT.TO,20250430,0,0,0,0,0
FBTC.TO,20250430,30.82,31.21,30.81,31.21,2 000
FCCD.TO,20250430,29.75,29.92,29.70,29.92,3 200
FCCQ.TO,20250430,37.29,37.31,37.14,37.23,4 762
FC.TO,20250430,11.87,11.87,11.71,11.84,22 353
FCCV.TO,20250430,14.89,14.98,14.85,14.98,3 482
FCGI.TO,20250430,0,0,0,0,0
FCEM.TO,20250430,10.12,10.18,10.11,10.18,253 440
FCID.TO,20250430,28.45,28.50,28.45,28.50,1 718
FCII.TO,20250430,23.74,23.74,23.59,23.62,907
FCIQ.TO,20250430,29.60,29.91,29.60,29.91,700
FCMI.TO,20250430,-,-,-,-,6
FCIV.TO,20250430,37.26,37.48,36.99,37.40,28 331
FCRR.TO,20250430,39.88,40.12,39.88,39.92,500
FCQH.TO,20250430,54.44,54.44,54.32,54.32,1 100
FCU.TO,20250430,30.28,30.45,30.28,30.45,4 000
FCSI.TO,20250430,0,0,0,0,0
FCUD.TO,20250430,34.83,35.05,34.83,34.98,2 674
FCUQ.TO,20250430,59.21,60.36,59.21,60.33,2 483
FCUH.TO,20250430,30.28,30.45,30.28,30.45,4 000
FCUV.TO,20250430,18.70,18.72,18.43,18.72,24 294
FDL.TO,20250430,0,0,0,0,0
FDN.TO,20250430,25.60,25.65,25.59,25.64,1 300
FCVH.TO,20250430,17.26,17.33,17.26,17.33,9 806
FDY.TO,20250430,0.8800,0.9000,0.8700,0.8900,179 013
FEC.TO,20250430,4.820,5.010,4.820,4.980,16 087
FETH.TO,20250430,32.30,33.00,32.30,33.00,1 896
FFH.TO,20250430,2 134.92,2 154.24,2 110.66,2 152.30,47 978
FF.TO,20250430,33.22,33.77,32.86,33.51,529 751
FGB.TO,20250430,0,0,0,0,0
FFN.TO,20250430,5.810,5.860,5.680,5.790,356 829
FGEP.TO,20250430,10.58,10.68,10.57,10.65,14 032
FGGE.TO,20250430,23.10,23.10,23.05,23.05,942
FGEB.TO,20250430,0,0,0,0,0
FGO.TO,20250430,10.11,10.12,10.11,10.12,2 041
FGOV.TO,20250430,0,0,0,0,0
FGRW.TO,20250430,0,0,0,0,0
FHG.TO,20250430,-,-,-,-,6
FHH.TO,20250430,-,-,-,-,20
FHIS.TO,20250430,20.89,20.90,20.88,20.90,13 818
FHQ.TO,20250430,87.79,88.71,87.79,88.71,603
FIE.TO,20250430,6.240,6.370,6.110,6.330,302 623
FIG.TO,20250430,9.450,9.460,9.450,9.460,570
FHI.TO,20250430,10.57,10.57,10.57,10.57,1 200
FINC.TO,20250430,0,0,0,0,0
FIL.TO,20250430,21.82₺,22.16₺,21.40₺,21.40₺,1 310 095
FINO.TO,20250430,0,0,0,0,0
FINT.TO,20250430,28.36,28.36,28.36,28.36,200
FLCI.TO,20250430,0,0,0,0,0
FLCP.TO,20250430,18.01,18.02,17.97,18.02,6 100
FLGA.TO,20250430,18.98,18.98,18.97,18.98,641
FLI.TO,20250430,0,0,0,0,0
FLNT.TO,20250430,0.0200,0.0300,0.0200,0.0250,54 333
FLOW.TO,20250430,0,0,0,0,0
FLUS.TO,20250430,44.64,45.03,44.52,45.03,600
FLSD.TO,20250430,19.32,19.32,19.32,19.32,2 500
FLX.TO,20250430,0,0,0,0,0
FM.TO,20250430,17.97,18.58,17.66,18.51,4 888 108
FN.TO,20250430,23.78,23.78,23.78,23.78,20
FNV.TO,20250430,231.60,237.34,231.60,236.91,393 789
FOM.TO,20250430,3.400,3.410,3.280,3.370,447 549
FMAX.TO,20250430,17.79,17.79,17.53,17.66,40 639
FOOD.TO,20250430,0.1600,0.1600,0.1450,0.1500,182 832
FOUR.TO,20250430,0,0,0,0,0
FORA.TO,20250430,4.990,4.990,4.580,4.700,54 758
FRU.TO,20250430,11.60,11.63,11.38,11.41,714 984
FPR.TO,20250430,0,0,0,0,0
FRX.TO,20250430,0,0,0,0,0
FSB.TO,20250430,0,0,0,0,0
FSF.TO,20250430,0,0,0,0,0
FSL.TO,20250430,16.56,16.56,16.56,16.56,900
FST.TO,20250430,55.90,55.90,55.90,55.90,102
FSV.TO,20250430,236.67,242.25,235.41,241.96,88 241
FSY.TO,20250430,0.5400,0.5400,0.4800,0.5100,65 096
FSZ.TO,20250430,6.240,6.370,6.110,6.330,302 623
FTG.TO,20250430,9.080,9.080,8.900,9.000,21 000
FTHI.TO,20250430,10.04,10.04,10.03,10.03,1 025
FTN.TO,20250430,8.060,8.080,7.970,8.070,218 135
FT.TO,20250430,0.0600,0.0650,0.0600,0.0650,166 600
FTT.TO,20250430,39.17,39.85,38.42,38.91,386 830
FTU.TO,20250430,0,0,0,0,0
FURY.TO,20250430,0.5300,0.5300,0.5300,0.5300,2 000
FVI.TO,20250430,8.350,8.640,8.310,8.600,1 029 891
FVL.TO,20250430,0.9700,0.9900,0.9500,0.9900,213 338
FTS.TO,20250430,67.75,68.38,67.30,68.27,1 349 237
FXM.TO,20250430,25.16,25.18,25.16,25.18,444
GAU.TO,20250430,1.800,1.880,1.790,1.870,61 696
GBAL.TO,20250430,50.26,50.26,50.26,50.26,1 073
GBT.TO,20250430,12.01,12.01,11.75,11.75,1 600
GCBD.TO,20250430,18.49,18.49,18.49,18.49,1 002
GCG.TO,20250430,0,0,0,0,0
GCFE.TO,20250430,-,-,-,-,75
GCL.TO,20250430,0.9600,0.9900,0.9500,0.9900,49 913
GCNS.TO,20250430,-,-,-,-,45
GCSC.TO,20250430,26.58,26.66,26.58,26.66,6 000
GCTB.TO,20250430,50.03,50.03,50.03,50.03,1 001
GDEP.TO,20250430,19.41,19.60,19.41,19.60,600
GDC.TO,20250430,3.110,3.110,3.110,3.110,1 600
GDL.TO,20250430,11.66,11.69,11.66,11.69,800
GDPY.TO,20250430,19.54,19.59,19.39,19.59,13 950
GDI.TO,20250430,30.99,31.52,30.99,31.41,6 323
GEC.TO,20250430,0.1900,0.1900,0.1900,0.1900,59 500
GDV.TO,20250430,10.45,10.53,10.30,10.46,13 634
GENM.TO,20250430,0.1950,0.1950,0.1900,0.1900,123 500
GEO.TO,20250430,3.060,3.070,2.920,3.040,8 673
GEI.TO,20250430,21.85,21.85,21.60,21.69,562 515
GFL.TO,20250430,69.33,69.38,67.49,68.79,386 915
GEQT.TO,20250430,62.23,62.23,62.10,62.10,517
GFP.TO,20250430,3.700,3.700,3.700,3.700,400
GGD.TO,20250430,1.720,1.820,1.720,1.770,1 286 102
GFR.TO,20250430,6.600,6.600,6.420,6.540,10 250
GH.TO,20250430,9.920,9.940,9.920,9.940,300
GGRO.TO,20250430,56.18,56.18,56.18,56.18,215
GIGC.TO,20250430,0,0,0,0,0
GIES.TO,20250430,-,-,-,-,27
GIL.TO,20250430,59.51,64.20,59.26,63.53,832 278
GIQU.TO,20250430,28.58,28.58,28.58,28.58,100
GIQG.TO,20250430,27.28,27.47,27.27,27.47,1 100
GLCC.TO,20250430,33.77,34.24,33.77,34.24,35 200
GLXY.TO,20250430,20.79,22.22,20.34,21.92,1 095 611
GLO.TO,20250430,67.22€,67.22€,66.16€,66.16€,50
GMIN.TO,20250430,19.11,19.44,18.90,19.12,382 638
GMX.TO,20250430,1.270,1.270,1.250,1.260,19 472
GMTN.TO,20250430,0.0150,0.0150,0.0150,0.0150,598 500
GOOS.TO,20250430,11.43,11.55,11.18,11.54,219 652
GPMD.TO,20250430,0,0,0,0,0
GRA.TO,20250430,0.0650,0.0650,0.0650,0.0650,50 000
GOLD.TO,20250430,20.00,20.48,20.00,20.35,4 285 175
GRC.TO,20250430,0,0,0,0,0
GRCC.TO,20250430,0,0,0,0,0
GRID.TO,20250430,2.230,2.250,2.160,2.250,347 270
GRN.TO,20250430,0.0850,0.0900,0.0850,0.0900,26 880
GRNI.TO,20250430,29.72,29.72,29.53,29.66,3 250
GTE.TO,20250430,6.130,6.130,5.960,6.120,11 681
GSY.TO,20250430,154.00,155.75,150.16,155.65,49 706
GUD.TO,20250430,5.990,6.080,5.950,6.080,30 855
GURU.TO,20250430,0,0,0,0,0
GVC.TO,20250430,0,0,0,0,0
GWO.TO,20250430,53.05,53.66,52.96,53.61,3 097 671
GTWO.TO,20250430,3.200,3.260,3.150,3.230,186 808
H.TO,20250430,52.10,53.11,51.85,53.04,1 547 531
HAB.TO,20250430,10.21,10.23,10.21,10.23,7 750
HAC.TO,20250430,29.88,29.88,29.86,29.86,2 158
HAD.TO,20250430,-,-,-,-,50
HAZ.TO,20250430,36.98,37.03,36.75,37.03,1 330
HAI.TO,20250430,4.030,4.230,4.000,4.060,14 681
HBAL.TO,20250430,15.48,15.52,15.43,15.52,5 888
HBA.TO,20250430,27.05,27.05,27.05,27.05,661
HBF.TO,20250430,9.270,9.350,9.180,9.350,23 980
HBGD.TO,20250430,25.78,25.78,25.78,25.78,555
HBB.TO,20250430,49.50,49.59,49.44,49.55,17 309
HBIE.TO,20250430,0,0,0,0,0
HBIG.TO,20250430,0,0,0,0,0
HBIL.TO,20250430,15.27,15.27,15.25,15.26,25 387
HBLK.TO,20250430,14.06,14.06,14.05,14.05,544
HBM.TO,20250430,9.900,10.04,9.670,10.03,2 079 531
HBNK.TO,20250430,24.08,24.34,23.99,24.34,55 235
HBND.TO,20250430,13.62,13.62,13.54,13.54,12 056
HBP.TO,20250430,0.7800,0.9600,0.7800,0.9600,7 224
HCA.TO,20250430,23.30,23.30,23.30,23.30,2 006
HCLN.TO,20250430,7.020,7.020,7.010,7.010,2 212
HCAL.TO,20250430,23.59,23.76,23.33,23.76,23 110
HDGE.TO,20250430,25.69,25.83,25.69,25.83,700
HDIF.TO,20250430,7.850,7.910,7.740,7.910,48 177
HCON.TO,20250430,0,0,0,0,0
HEB.TO,20250430,0,0,0,0,0
HEQL.TO,20250430,25.70,25.70,25.70,25.70,130
HDIV.TO,20250430,16.52,16.64,16.39,16.64,91 128
HERO.TO,20250430,39.76,39.86,39.75,39.86,556
HFIN.TO,20250430,19.34,19.46,19.14,19.46,4 528
HFR.TO,20250430,10.04,10.04,10.04,10.04,17 770
HGGB.TO,20250430,0,0,0,0,0
HGGG.TO,20250430,46.13,46.13,46.06,46.06,337
HGR.TO,20250430,0,0,0,0,0
HGY.TO,20250430,13.26,13.26,13.20,13.20,5 506
HHL.TO,20250430,0,0,0,0,0
HHLE.TO,20250430,9.000,9.060,8.920,9.050,5 108
HIG.TO,20250430,3.250,3.350,3.240,3.340,30 015
HLF.TO,20250430,17.00,17.05,16.80,16.94,15 729
HLIF.TO,20250430,9.460,9.460,9.425,9.460,7 905
HMAX.TO,20250430,13.67,13.75,13.55,13.75,219 599
HLS.TO,20250430,4.270,4.330,4.220,4.240,11 900
HMP.TO,20250430,0,0,0,0,0
HMMJ.TO,20250430,0,0,0,0,0
HNU.TO,20250430,33.35,34.40,32.19,33.95,327 230
HND.TO,20250430,7.210,7.440,7.000,7.100,3 684 123
HOU.TO,20250430,8.810,8.860,8.240,8.300,2 732 813
HOD.TO,20250430,7.630,8.100,7.600,8.070,1 669 973
HPF.TO,20250430,2.780,2.785,2.765,2.765,13 029
HPR.TO,20250430,9.020,9.050,9.000,9.020,36 088
HPYT.TO,20250430,9.430,9.430,9.380,9.380,139 998
HPYM.TO,20250430,11.03,11.03,11.00,11.02,29 897
HRAA.TO,20250430,0,0,0,0,0
HRIF.TO,20250430,-,-,-,-,33
HSAV.TO,20250430,0,0,0,0,0
HSH.TO,20250430,0,0,0,0,0
HTA.TO,20250430,15.76,16.09,15.70,16.07,27 940
HTAE.TO,20250430,13.57,13.90,13.55,13.90,11 653
HSU.TO,20250430,114.79,114.79,114.67,114.72,4 087
HTL.TO,20250430,0,0,0,0,0
HUBL.TO,20250430,11.67,11.69,11.64,11.69,602
HUC.TO,20250430,18.20,18.20,17.98,17.98,6 283
HUT.TO,20250430,17.14,17.22,16.44,16.98,1 314 339
HUTL.TO,20250430,18.01,18.22,17.91,18.22,8 245
HUTS.TO,20250430,0,0,0,0,0
HUZ.TO,20250430,14.13,14.14,14.05,14.11,2 334
HWO.TO,20250430,0.8700,0.8700,0.8700,0.8700,675
HWX.TO,20250430,5.660,5.660,5.540,5.600,512 916
HUTE.TO,20250430,10.78,10.86,10.71,10.85,25 469
HXDM.TO,20250430,36.65,36.65,36.65,36.65,100
HXE.TO,20250430,32.50,32.71,32.13,32.35,1 151
HXEM.TO,20250430,37.31,37.42,37.31,37.40,858
HXD.TO,20250430,36.65,36.65,36.65,36.65,100
HXH.TO,20250430,53.93,53.93,53.74,53.92,705
HXF.TO,20250430,84.08,84.33,84.08,84.33,220
HXS.TO,20250430,78.09,78.95,77.27,78.91,19 857
HXX.TO,20250430,57.03,57.03,56.66,56.77,4 681
HXT.TO,20250430,65.39,65.71,64.80,65.62,585 475
HYLD.TO,20250430,12.12,12.29,11.95,12.26,147 546
HYBR.TO,20250430,-,-,-,-,22
IAU.TO,20250430,0.8500,0.8700,0.8400,0.8600,451 358
IAG.TO,20250430,131.09,133.93,131.08,133.92,280 889
ICCB.TO,20250430,0,0,0,0,0
ICAE.TO,20250430,23.14,23.21,23.09,23.21,600
ICE.TO,20250430,0,0,0,0,0
ICPB.TO,20250430,9.370,9.370,9.370,9.370,435
ICTE.TO,20250430,19.19,19.19,19.19,19.19,100
IE.TO,20250430,6.430,6.430,6.190,6.300,547 367
IFA.TO,20250430,1.000,1.000,0.9900,0.9900,30 000
IFC.TO,20250430,302.87,307.10,302.79,306.17,496 013
IFP.TO,20250430,13.40,13.41,12.84,13.28,204 419
IFRF.TO,20250430,0,0,0,0,0
IGAF.TO,20250430,0,0,0,0,0
IGB.TO,20250430,-,-,-,-,24
IGCF.TO,20250430,-,-,-,-,20
IGEO.TO,20250430,0,0,0,0,0
IGM.TO,20250430,42.80,43.88,42.61,43.81,279 311
IIAE.TO,20250430,27.05,27.05,27.05,27.05,100
IICE.TO,20250430,23.97,23.97,23.97,23.97,250
III.TO,20250430,3.530,3.540,3.370,3.480,49 345
IITE.TO,20250430,0,0,0,0,0
IIMF.TO,20250430,-,-,-,-,71
ILGB.TO,20250430,0,0,0,0,0
ILLM.TO,20250430,1.880,1.940,1.870,1.920,62 414
IMG.TO,20250430,9.580,9.870,9.560,9.770,1 543 225
IMP.TO,20250430,2.180,2.200,2.090,2.150,31 400
INAI.TO,20250430,0,0,0,0,0
IMO.TO,20250430,95.26,95.41,91.78,92.99,994 084
INCM.TO,20250430,0,0,0,0,0
INE.TO,20250430,13.56,13.59,13.56,13.58,458 790
INOC.TO,20250430,14.90,14.96,14.90,14.96,5 562
IPO.TO,20250430,7.320,7.330,6.930,6.960,97 026
IS.TO,20250430,13.87,13.96,13.60,13.96,1 104
IPCO.TO,20250430,18.94,18.94,18.06,18.35,105 724
ISCB.TO,20250430,0,0,0,0,0
ISO.TO,20250430,8.500,8.500,8.000,8.360,62 580
ITH.TO,20250430,0.8900,0.9100,0.8800,0.8800,26 400
IUAE.TO,20250430,22.51,22.59,22.49,22.59,600
ITE.TO,20250430,38.20¥,38.58¥,37.75¥,38.30¥,22 259 770
IUCE.TO,20250430,0,0,0,0,0
IUMF.TO,20250430,22.17,22.18,22.17,22.18,290
IUTE.TO,20250430,0,0,0,0,0
IVN.TO,20250430,12.49,12.81,12.16,12.24,6 500 682
IWEB.TO,20250430,0,0,0,0,0
IVQ.TO,20250430,0.1600,0.1600,0.1600,0.1600,2 502
IWBE.TO,20250430,17.66,17.66,17.66,17.66,1 100
IXTE.TO,20250430,22.44,22.50,22.44,22.49,300
JAG.TO,20250430,3.180,3.190,3.070,3.100,103 996
JEPI.TO,20250430,24.05,24.26,24.05,24.24,19 374
JAPN.TO,20250430,48.78,48.78,48.78,48.78,240
JEPQ.TO,20250430,23.85,24.15,23.74,24.15,64 345
JOY.TO,20250430,1.360,1.360,1.310,1.330,93 715
JWEL.TO,20250430,31.62,32.03,30.89,31.95,40 080
KBL.TO,20250430,35.73,35.73,34.66,35.01,2 386
K.TO,20250430,20.00,20.48,20.00,20.35,4 285 175
KEI.TO,20250430,9.640,9.640,9.300,9.350,39 387
KEC.TO,20250430,14.76,14.76,14.50,14.51,2 400
KEY.TO,20250430,43.04,43.04,41.91,42.79,876 651
KEL.TO,20250430,5.660,5.690,5.540,5.590,257 727
KITS.TO,20250430,11.85,11.85,11.40,11.42,12 337
KLS.TO,20250430,0.1500,0.1500,0.1500,0.1500,11 000
KNGC.TO,20250430,0,0,0,0,0
KILO.TO,20250430,48.23,48.52,48.08,48.12,26 953
KNGU.TO,20250430,0,0,0,0,0
KNGX.TO,20250430,0,0,0,0,0
KNT.TO,20250430,12.45,12.68,12.44,12.68,818 583
KPT.TO,20250430,8.020,8.050,7.970,7.990,9 520
KRN.TO,20250430,0.2450,0.2450,0.2450,0.2450,4 317
KSI.TO,20250430,6.130,6.190,6.050,6.110,9 773
L.TO,20250430,217.54,225.30,215.50,223.80,595 536
KXS.TO,20250430,183.40,186.94,182.90,186.15,75 495
LABS.TO,20250430,0.0900,0.0900,0.0850,0.0900,34 100
LAC.TO,20250430,3.950,3.990,3.840,3.960,528 120
LAM.TO,20250430,0.6500,0.7000,0.6500,0.7000,246 218
LB.TO,20250430,27.01,27.37,26.67,27.36,154 497
LCFS.TO,20250430,3.060,3.150,3.060,3.150,920
LCS.TO,20250430,8.120,8.200,8.110,8.200,929
LEAD.TO,20250430,0.2150,0.2150,0.1950,0.2100,55 727
LBS.TO,20250430,8.600,8.620,8.340,8.560,91 339
LFE.TO,20250430,5.990,5.990,5.740,5.950,16 587
LGD.TO,20250430,0.2850,0.2900,0.2750,0.2800,888 520
LGO.TO,20250430,2.140,2.140,2.100,2.120,4 075
LIF.TO,20250430,29.50,29.89,29.32,29.86,259 578
LEV.TO,20250430,0.2250,0.2600,0.2250,0.2600,8 718
LIFE.TO,20250430,0.3100,0.3150,0.3100,0.3100,16 000
LLHE.TO,20250430,0,0,0,0,0
LIRC.TO,20250430,5.100,5.100,4.700,4.700,5 010
LLYH.TO,20250430,0,0,0,0,0
LMAX.TO,20250430,14.35,14.35,14.20,14.34,7 738
LN.TO,20250430,0.6000,0.6000,0.5900,0.5900,57 950
LNF.TO,20250430,22.45,23.00,22.39,23.00,17 232
LNR.TO,20250430,49.67,50.66,48.80,50.59,89 050
LSPD.TO,20250430,13.69,13.69,13.36,13.49,588 474
LSPK.TO,20250430,0.3100,0.3150,0.3100,0.3100,16 000
LPAY.TO,20250430,0,0,0,0,0
LUG.TO,20250430,55.81,56.63,55.40,56.23,583 367
LUN.TO,20250430,11.34,11.36,11.04,11.28,3 168 585
LUC.TO,20250430,0.3550,0.3550,0.3500,0.3500,5 005
MAG.TO,20250430,21.22,21.51,20.94,21.41,197 938
MAL.TO,20250430,13.99,13.99,13.51,13.60,21 837
MATR.TO,20250430,9.600,9.890,9.445,9.520,214 126
MBAL.TO,20250430,24.88,24.88,24.88,24.88,100
MARI.TO,20250430,5.000,5.000,4.700,4.830,30 572
MCAD.TO,20250430,100.02,100.02,100.02,100.02,1 410
MCB.TO,20250430,3.350,3.390,3.300,3.390,45 579
MCLC.TO,20250430,41.78,41.84,41.73,41.84,400
MBX.TO,20250430,0.3500,0.3500,0.3500,0.3500,29 373
MCON.TO,20250430,21.91,21.91,21.91,21.91,1 960
MCSB.TO,20250430,0,0,0,0,0
MCLV.TO,20250430,23.10,23.16,23.10,23.16,600
MCSM.TO,20250430,0,0,0,0,0
MDA.TO,20250430,26.68,27.04,26.20,26.91,375 551
MDIV.TO,20250430,16.56,16.56,16.45,16.48,5 500
MDI.TO,20250430,8.650,8.820,8.510,8.720,172 888
MDP.TO,20250430,2.750,2.810,2.620,2.740,25 800
MDNA.TO,20250430,1.090,1.170,1.060,1.160,27 880
MEE.TO,20250430,0,0,0,0,0
MEG.TO,20250430,19.89,19.97,19.16,19.34,1 965 610
MEQ.TO,20250430,186.00,186.50,185.82,186.19,2 037
MDVD.TO,20250430,0,0,0,0,0
MEQT.TO,20250430,0,0,0,0,0
MFC.TO,20250430,42.14,42.32,41.59,42.25,7 858 211
MFT.TO,20250430,16.50,16.50,16.47,16.48,4 715
MFI.TO,20250430,24.51,25.30,24.45,25.23,313 165
MG.TO,20250430,47.72,48.06,47.18,47.90,1 252 811
MGAB.TO,20250430,17.00,17.00,17.00,17.00,3 800
MGA.TO,20250430,0.2700,0.2750,0.2700,0.2700,82 580
MGB.TO,20250430,16.08,16.08,16.08,16.08,1 459
MGQE.TO,20250430,21.42,21.74,21.42,21.74,2 200
MGDV.TO,20250430,21.41,21.72,21.41,21.72,9 297
MGRW.TO,20250430,28.00,28.00,28.00,28.00,100
MHCD.TO,20250430,11.14,11.15,11.14,11.15,987
MINF.TO,20250430,0,0,0,0,0
MINN.TO,20250430,0,0,0,0,0
MIN.TO,20250430,17.97,18.58,17.66,18.51,4 888 108
MINT.TO,20250430,6.500,6.500,6.500,6.500,450
MIVG.TO,20250430,0,0,0,0,0
MIQE.TO,20250430,22.31,22.51,22.31,22.51,18 785
MKB.TO,20250430,19.33,19.37,19.29,19.35,37 645
MKP.TO,20250430,18.85,18.95,18.63,18.89,21 431
MND.TO,20250430,5.590,5.630,5.330,5.380,128 274
MNO.TO,20250430,0.6600,0.6900,0.6500,0.6800,433 609
MNS.TO,20250430,27.75,27.75,27.31,27.31,719
MNXT.TO,20250430,20.26,20.45,20.26,20.45,646
MNT.TO,20250430,48.28,48.28,47.55,47.60,19 745
MNY.TO,20250430,100.02,100.02,100.01,100.02,17 614
MPAY.TO,20250430,0,0,0,0,0
MOGO.TO,20250430,1.340,1.340,1.250,1.260,11 120
MPC.TO,20250430,4.660,4.660,4.660,4.660,400
MPVD.TO,20250430,0,0,0,0,0
MPY.TO,20250430,0,0,0,0,0
MRC.TO,20250430,112.71,115.99,112.71,115.99,1 086
MRD.TO,20250430,12.20,12.25,12.07,12.09,8 415
MRE.TO,20250430,7.250,7.360,7.040,7.340,182 433
MRU.TO,20250430,103.15,106.46,102.63,106.24,882 186
MREL.TO,20250430,11.77,11.84,11.77,11.84,4 187
MSCL.TO,20250430,0.6600,0.6900,0.6500,0.6500,109 521
MSA.TO,20250430,1.990,1.990,1.940,1.950,198 390
MSFH.TO,20250430,0,0,0,0,0
MSHE.TO,20250430,0,0,0,0,0
MSV.TO,20250430,0.1900,0.1900,0.1900,0.1900,16 525
MTAV.TO,20250430,0,0,0,0,0
MTL.TO,20250430,12.93,13.15,12.86,13.11,179 759
MUB.TO,20250430,18.28,18.28,18.13,18.18,26 221
MULC.TO,20250430,49.03,49.03,49.03,49.03,102
MTY.TO,20250430,43.97,43.97,42.60,43.37,41 190
MULV.TO,20250430,-,-,-,-,67
MUMC.TO,20250430,0,0,0,0,0
MUS.TO,20250430,0,0,0,0,0
MUSA.TO,20250430,0,0,0,0,0
MUSC.TO,20250430,0,0,0,0,0
MUX.TO,20250430,10.46,10.82,10.43,10.65,83 560
MX.TO,20250430,43.07,43.41,41.46,43.20,183 169
MXG.TO,20250430,3.920,3.970,3.700,3.950,14 805
NA.TO,20250430,120.00,121.25,119.44,121.08,2 262 350
MWLV.TO,20250430,24.36,24.36,24.36,24.36,264
NALT.TO,20250430,21.84,21.88,21.84,21.88,714
NANO.TO,20250430,0.7300,0.7400,0.7300,0.7400,35 504
NCP.TO,20250430,0.5800,0.5800,0.5800,0.5800,5 674
NCF.TO,20250430,0.0450,0.0450,0.0400,0.0400,16 500
NDM.TO,20250430,1.650,1.670,1.550,1.580,14 454 371
NDIV.TO,20250430,0,0,0,0,0
NEO.TO,20250430,11.34,11.42,11.00,11.21,70 604
NEXT.TO,20250430,0.2650,0.2700,0.2500,0.2550,362 325
NFI.TO,20250430,11.67,11.67,11.36,11.60,171 604
NGD.TO,20250430,4.680,5.490,4.600,5.490,5 448 480
NGEX.TO,20250430,12.34,12.37,12.04,12.09,502 269
NG.TO,20250430,5.900,6.100,5.650,5.850,602 947
NGT.TO,20250430,72.94,73.12,72.04,72.60,232 900
NGPE.TO,20250430,47.41,47.43,47.38,47.38,1 100
NINT.TO,20250430,0,0,0,0,0
NHYB.TO,20250430,21.52,21.56,21.52,21.56,6 100
NOVC.TO,20250430,0,0,0,0,0
NOA.TO,20250430,21.04,21.04,20.52,21.00,67 821
NPK.TO,20250430,0.5000,0.5200,0.4800,0.4800,139 350
NPI.TO,20250430,18.79,18.86,18.65,18.73,745 609
NPS.TO,20250430,11.30,11.35,11.30,11.35,2 000
NPRF.TO,20250430,23.39,23.39,23.23,23.23,1 600
NREA.TO,20250430,23.55,23.56,23.55,23.56,1 300
NSCC.TO,20250430,22.60,22.60,22.60,22.60,600
NSCE.TO,20250430,-,-,-,-,40
NSCB.TO,20250430,0,0,0,0,0
NSGE.TO,20250430,37.91,37.91,37.91,37.91,400
NTR.TO,20250430,78.18,78.91,76.56,78.70,1 571 714
NUAG.TO,20250430,1.600,1.690,1.600,1.640,61 305
NUBF.TO,20250430,21.13,21.19,21.13,21.18,11 800
NUSA.TO,20250430,40.86,41.02,40.85,40.98,810
NVA.TO,20250430,11.87,11.89,11.64,11.75,491 396
NUMI.TO,20250430,0,0,0,0,0
NVDH.TO,20250430,8.840,9.110,8.840,9.110,20 165
NVEI.TO,20250430,0,0,0,0,0
NVO.TO,20250430,0.1050,0.1050,0.1000,0.1050,223 180
NWC.TO,20250430,54.32,55.48,54.32,55.30,90 326
NXE.TO,20250430,7.050,7.260,7.000,7.220,1 549 651
NXF.TO,20250430,5.000,5.000,4.880,4.920,17 853
NXTG.TO,20250430,0,0,0,0,0
NVHE.TO,20250430,0,0,0,0,0
OBE.TO,20250430,6.000,6.000,5.765,5.810,745 213
OGD.TO,20250430,1.560,1.600,1.560,1.570,29 093
OGI.TO,20250430,1.570,1.645,1.510,1.620,89 830
OLA.TO,20250430,14.34,15.18,14.27,15.18,542 034
OLY.TO,20250430,103.45,103.50,103.45,103.50,314
ONC.TO,20250430,0.8100,0.8200,0.7700,0.7700,33 579
OGC.TO,20250430,4.850,4.970,4.840,4.880,1 686 085
ONEC.TO,20250430,0,0,0,0,0
ONEB.TO,20250430,0,0,0,0,0
ONEQ.TO,20250430,0,0,0,0,0
ONEX.TO,20250430,96.80,97.78,94.59,97.61,219 117
OPT.TO,20250430,0,0,0,0,0
OR.TO,20250430,32.46,33.27,32.46,33.04,1 338 131
ORV.TO,20250430,0.5400,0.5600,0.5200,0.5500,27 763
ORA.TO,20250430,27.29,28.57,27.29,28.50,32 950
OTEX.TO,20250430,37.17,37.47,36.53,37.32,776 165
OVV.TO,20250430,47.27,47.27,45.48,46.25,201 990
PAAS.TO,20250430,34.53,34.92,34.38,34.71,986 031
ORE.TO,20250430,1.070,1.120,1.070,1.110,689 897
PABF.TO,20250430,23.23,23.25,23.22,23.24,19 200
PACF.TO,20250430,22.97,22.97,22.96,22.97,40 200
PAGF.TO,20250430,24.20,24.23,24.19,24.23,1 800
PAY.TO,20250430,0,0,0,0,0
PAYS.TO,20250430,0,0,0,0,0
PBD.TO,20250430,0,0,0,0,0
PAYF.TO,20250430,18.42,18.54,18.42,18.54,1 500
PBH.TO,20250430,77.62,78.44,77.15,78.39,75 976
PBI.TO,20250430,0,0,0,0,0
PBL.TO,20250430,19.41,20.57,19.41,20.48,8 426
PCOR.TO,20250430,18.14,18.14,18.05,18.06,5 308
PCON.TO,20250430,0,0,0,0,0
PD.TO,20250430,59.22,59.58,56.89,57.68,135 297
PDF.TO,20250430,33.00,33.34,32.98,33.34,9 000
PDIV.TO,20250430,8.990,8.990,8.890,8.980,8 916
PDC.TO,20250430,33.70,33.85,33.68,33.83,2 572
PDV.TO,20250430,7.820,7.820,7.820,7.820,630
PET.TO,20250430,27.50,28.67,27.12,28.61,220 235
PEA.TO,20250430,0,0,0,0,0
PFAA.TO,20250430,11.96,11.96,11.92,11.95,13 357
PEY.TO,20250430,17.26,17.33,16.99,17.26,766 763
PFCB.TO,20250430,10.68,10.73,10.67,10.69,7 917
PFAE.TO,20250430,20.31,20.42,20.30,20.42,2 603
PFIA.TO,20250430,10.04,10.06,10.04,10.05,64 659
PFL.TO,20250430,0,0,0,0,0
PFLS.TO,20250430,18.40,18.43,18.27,18.43,4 672
PFMN.TO,20250430,15.62,15.62,15.57,15.59,26 515
PFSS.TO,20250430,-,-,-,-,38
PFMS.TO,20250430,13.56,13.56,13.54,13.55,500
PGIC.TO,20250430,6.130,6.350,5.990,6.220,51 351
PHR.TO,20250430,0,0,0,0,0
PHW.TO,20250430,0,0,0,0,0
PHX.TO,20250430,7.730,7.730,7.550,7.570,41 892
PHYS.TO,20250430,25.12,25.26,25.12,25.21,8 870
PID.TO,20250430,26.01,26.04,25.98,26.00,2 199
PIN.TO,20250430,0.0550,0.0550,0.0550,0.0550,1 000
PIF.TO,20250430,12.00,12.02,11.82,11.97,17 241
PINV.TO,20250430,0,0,0,0,0
PINC.TO,20250430,18.26,18.30,18.26,18.30,500
PKI.TO,20250430,35.01,35.26,34.40,34.73,423 970
PME.TO,20250430,2.650,2.650,2.590,2.590,300
PMET.TO,20250430,2.350,2.390,2.290,2.370,285 946
PMIF.TO,20250430,17.90,17.92,17.89,17.90,92 255
PMM.TO,20250430,22.97,23.08,22.93,22.93,600
PMNT.TO,20250430,18.95,18.95,18.95,18.95,189
PNP.TO,20250430,17.64,17.70,17.12,17.70,5 090
POU.TO,20250430,15.71,15.99,15.37,15.65,620 815
POW.TO,20250430,50.88,52.27,50.85,52.18,1 908 867
PNE.TO,20250430,0.5400,0.5500,0.5200,0.5500,183 034
PPL.TO,20250430,53.09,53.10,52.09,52.70,3 680 441
PPR.TO,20250430,0.0350,0.0350,0.0300,0.0350,20 000
PPTA.TO,20250430,19.26,20.35,19.14,20.30,202 375
PPLN.TO,20250430,11.00,11.00,10.94,10.94,1 582
PR.TO,20250430,9.690,9.690,9.690,9.690,200
PRA.TO,20250430,23.59,23.59,22.97,23.21,555 541
PREF.TO,20250430,10.47,10.53,10.46,10.53,32 871
PRB.TO,20250430,2.110,2.110,2.010,2.070,84 506
PRL.TO,20250430,26.86,27.05,25.92,27.02,95 804
PRM.TO,20250430,0,0,0,0,0
PRN.TO,20250430,6.970,6.970,6.590,6.930,6 800
PRMW.TO,20250430,0,0,0,0,0
PRU.TO,20250430,2.910,2.950,2.910,2.950,23 201
PRQ.TO,20250430,1.290,1.290,1.270,1.280,4 061
PRYM.TO,20250430,1.460,1.530,1.430,1.460,187 150
PSD.TO,20250430,2.580,2.630,2.580,2.610,3 082
PSI.TO,20250430,11.26,11.26,10.74,10.98,283 504
PSLV.TO,20250430,15.14,15.24,15.01,15.08,265 114
PSK.TO,20250430,23.59,23.59,22.97,23.21,555 541
PWI.TO,20250430,8.150,8.180,8.060,8.150,2 132
PXC.TO,20250430,41.77,41.87,41.77,41.87,584
PXS.TO,20250430,0,0,0,0,0
PXT.TO,20250430,11.50,11.50,11.04,11.10,377 002
PYF.TO,20250430,17.32,17.32,17.27,17.29,4 688
PTM.TO,20250430,1.660,1.680,1.635,1.680,14 800
PZA.TO,20250430,14.19,14.35,13.94,14.30,132 105
PYR.TO,20250430,0.4450,0.4450,0.4400,0.4400,7 200
PZW.TO,20250430,0,0,0,0,0
QAH.TO,20250430,180.23,182.89,180.23,182.71,11 200
QBB.TO,20250430,0,0,0,0,0
QASH.TO,20250430,0,0,0,0,0
QBTC.TO,20250430,131.33,131.41,129.00,130.00,13 046
QBTL.TO,20250430,21.15,21.16,21.12,21.12,400
QCE.TO,20250430,149.93,151.03,149.71,151.02,7 316
QCN.TO,20250430,150.80,151.63,150.36,151.63,10 611
QDX.TO,20250430,0,0,0,0,0
QCLN.TO,20250430,12.28,12.28,12.26,12.26,900
QDXH.TO,20250430,0,0,0,0,0
QEBH.TO,20250430,0,0,0,0,0
QDXB.TO,20250430,89.08,89.15,89.08,89.15,200
QEC.TO,20250430,0.2500,0.2650,0.2500,0.2650,32 850
QEE.TO,20250430,95.07,95.07,95.07,95.07,172
QEBL.TO,20250430,77.31,77.31,77.31,77.31,200
QHY.TO,20250430,0,0,0,0,0
QIE.TO,20250430,0,0,0,0,0
QINF.TO,20250430,143.05,143.85,142.90,143.69,905
QIPT.TO,20250430,3.010,3.010,2.900,2.970,4 348
QMAX.TO,20250430,18.11,18.40,18.00,18.40,25 541
QQC.TO,20250430,31.68,32.08,31.27,32.06,75 104
QQCC.TO,20250430,11.18,11.38,11.18,11.37,88 391
QQCE.TO,20250430,26.55,27.12,26.55,27.12,7 630
QQCI.TO,20250430,19.41,19.58,19.41,19.57,1 612
QLB.TO,20250430,0,0,0,0,0
QQCL.TO,20250430,20.88,21.06,20.56,21.06,57 263
QQJE.TO,20250430,18.20,18.32,18.20,18.32,400
QQJR.TO,20250430,0,0,0,0,0
QQEQ.TO,20250430,25.83,26.19,25.83,26.19,2 571
QQQL.TO,20250430,0,0,0,0,0
QQQT.TO,20250430,27.00,27.79,27.00,27.79,1 600
QQQX.TO,20250430,21.08,21.44,20.82,21.40,36 200
QQQY.TO,20250430,21.49,21.75,21.20,21.75,13 622
QRC.TO,20250430,6.530,6.700,6.510,6.510,1 150
QSB.TO,20250430,100.17,100.17,100.17,100.17,500
QRET.TO,20250430,110.59,110.59,110.59,110.59,100
QSR.TO,20250430,88.29,89.05,87.22,88.83,551 139
QTLT.TO,20250430,0,0,0,0,0
QTRH.TO,20250430,1.460,1.460,1.390,1.410,278 085
QUB.TO,20250430,81.46,81.46,81.46,81.46,100
QUS.TO,20250430,0,0,0,0,0
QUU.TO,20250430,217.00,221.16,217.00,220.88,8 429
QUIG.TO,20250430,0,0,0,0,0
QXM.TO,20250430,0,0,0,0,0
RATE.TO,20250430,21.05,21.06,21.05,21.06,2 800
RBA.TO,20250430,136.80,138.95,135.01,138.93,510 124
RBNK.TO,20250430,27.52,27.69,27.30,27.69,4 476
RBO.TO,20250430,-,-,-,-,49
RAAA.TO,20250430,0,0,0,0,0
RBOT.TO,20250430,0,0,0,0,0
RBY.TO,20250430,1.770,1.770,1.700,1.720,9 025
RCDC.TO,20250430,20.68,20.68,20.68,20.68,342
RCG.TO,20250430,8.400,8.400,8.060,8.260,7 630
RCH.TO,20250430,32.06,32.65,31.83,32.61,87 140
RCD.TO,20250430,30.04,30.04,29.35,29.92,23 891
REAL.TO,20250430,6.030,6.200,5.900,6.010,79 576
RDBH.TO,20250430,20.68,20.68,20.66,20.68,1 200
RGQO.TO,20250430,20.80,20.80,20.80,20.80,300
RGQN.TO,20250430,20.61,20.61,20.61,20.61,525
RGQP.TO,20250430,20.64,20.65,20.64,20.65,2 588
RGQR.TO,20250430,-,-,-,-,90
RGQQ.TO,20250430,20.48,20.48,20.48,20.48,800
RGQS.TO,20250430,21.61,21.62,21.61,21.62,325
RID.TO,20250430,28.80,28.82,28.67,28.79,938
RIDH.TO,20250430,0,0,0,0,0
RIFI.TO,20250430,-,-,-,-,61
RIGE.TO,20250430,0,0,0,0,0
RIIN.TO,20250430,21.55,21.55,21.32,21.43,3 086
RIRA.TO,20250430,17.20,17.20,16.96,17.05,3 016
RIT.TO,20250430,0,0,0,0,0
RLB.TO,20250430,0,0,0,0,0
ROOT.TO,20250430,2.570,2.750,2.570,2.730,12 700
RPD.TO,20250430,28.36,28.36,28.32,28.32,1 273
RPDH.TO,20250430,27.67,27.82,27.67,27.82,3 350
RMAX.TO,20250430,16.02,16.15,16.02,16.05,561
RPF.TO,20250430,21.01,21.10,20.94,21.10,15 008
RQN.TO,20250430,0,0,0,0,0
RQO.TO,20250430,18.83,18.86,18.83,18.86,8 434
RQP.TO,20250430,18.38,18.39,18.36,18.38,7 101
RQQ.TO,20250430,22.04,22.08,22.04,22.08,3 455
RPSB.TO,20250430,20.13,20.13,20.13,20.13,800
RQS.TO,20250430,-,-,-,-,99
RQR.TO,20250430,22.03,22.06,22.00,22.06,2 632
RSI.TO,20250430,5.580,5.660,5.560,5.650,181 327
RS.TO,20250430,50.44€,51.15€,50.20€,51.00€,7 784
RUBH.TO,20250430,0,0,0,0,0
RTG.TO,20250430,0.0250,0.0300,0.0250,0.0300,8 500
RUBY.TO,20250430,0,0,0,0,0
RUD.TO,20250430,22.62,22.69,22.38,22.69,9 523
RUDB.TO,20250430,21.65,21.66,21.55,21.55,4 283
RUDC.TO,20250430,0,0,0,0,0
RUDH.TO,20250430,0,0,0,0,0
RUP.TO,20250430,4.530,4.660,4.470,4.620,126 622
RUQN.TO,20250430,20.60,20.60,20.60,20.60,100
RUQO.TO,20250430,0,0,0,0,0
RUQP.TO,20250430,0,0,0,0,0
RUQQ.TO,20250430,21.14,21.14,21.14,21.14,913
RUQR.TO,20250430,-,-,-,-,5
RUQS.TO,20250430,0,0,0,0,0
RUS.TO,20250430,40.00,40.07,39.43,40.00,112 695
RXD.TO,20250430,21.32,21.32,21.32,21.32,121
RUSB.TO,20250430,0,0,0,0,0
RVX.TO,20250430,0.0400,0.0450,0.0350,0.0450,6 000
S.TO,20250430,0.1300,0.1350,0.1300,0.1300,9 200
RY.TO,20250430,164.65,165.55,162.61,165.47,5 363 604
SAM.TO,20250430,0.2450,0.2600,0.2200,0.2550,27 846
SAU.TO,20250430,0.0650,0.0700,0.0650,0.0700,333 000
SAP.TO,20250430,26.44,26.97,26.39,26.90,828 103
SBC.TO,20250430,9.520,9.520,9.240,9.500,13 912
SBT.TO,20250430,16.99,16.99,16.95,16.98,818
SCR.TO,20250430,25.31,25.31,24.46,24.63,22 307
SBI.TO,20250430,0.5000,0.5200,0.5000,0.5100,9 110
SCY.TO,20250430,0.0300,0.0300,0.0300,0.0300,6 000
SDE.TO,20250430,2.760,2.760,2.645,2.700,320 246
SEC.TO,20250430,319.73,320.00,319.73,320.00,600
SEA.TO,20250430,16.90,17.14,16.72,17.13,112 527
SFD.TO,20250430,0.2450,0.2450,0.2400,0.2450,13 540
SES.TO,20250430,13.10,13.22,12.85,13.13,575 291
SFC.TO,20250430,7.670,7.810,7.650,7.700,5 114
SGY.TO,20250430,4.830,4.830,4.650,4.670,439 169
SHLE.TO,20250430,9.050,9.170,8.750,9.080,15 953
SFI.TO,20250430,0.2850,0.2900,0.2850,0.2900,10 000
SIA.TO,20250430,16.70,16.93,16.67,16.93,344 795
SII.TO,20250430,71.64,72.51,70.99,72.43,37 274
SHOP.TO,20250430,133.16,133.16,127.82,131.12,3 194 217
SIL.TO,20250430,15.03,15.40,14.99,15.30,130 613
SIS.TO,20250430,17.10,17.38,17.10,17.36,95 406
SKE.TO,20250430,16.10,16.49,15.94,16.48,151 549
SKYY.TO,20250430,24.88,25.16,24.88,25.16,2 805
SLF.TO,20250430,81.69,82.39,81.18,82.15,1 468 011
SLR.TO,20250430,0,0,0,0,0
SJ.TO,20250430,67.00,67.79,66.35,67.60,103 270
SLS.TO,20250430,6.150,6.200,5.880,6.150,539 430
SMAX.TO,20250430,17.44,17.51,17.25,17.50,26 079
SMT.TO,20250430,1.100,1.110,1.100,1.110,76 000
SOBO.TO,20250430,34.65,34.65,33.81,34.05,706 648
SOIL.TO,20250430,1.600,1.600,1.520,1.540,105 501
SMC.TO,20250430,0,0,0,0,0
SOLG.TO,20250430,0.1350,0.1350,0.1300,0.1300,203 468
SPAY.TO,20250430,19.12,19.12,19.12,19.12,300
SOY.TO,20250430,5.950,6.045,5.810,6.000,68 634
SPLT.TO,20250430,10.94,10.94,10.87,10.92,28 409
SPB.TO,20250430,6.880,6.940,6.810,6.920,701 291
SSL.TO,20250430,11.55,12.02,11.55,11.99,821 827
SSRM.TO,20250430,14.34,14.72,14.29,14.68,240 397
STC.TO,20250430,7.830,8.140,7.660,7.740,18 032
STCK.TO,20250430,10.25,10.36,10.24,10.36,3 400
STEP.TO,20250430,3.870,3.950,3.820,3.900,15 912
STGO.TO,20250430,0.8200,0.8400,0.8000,0.8400,124 313
STLR.TO,20250430,1.050,1.070,1.040,1.070,45 600
SPPP.TO,20250430,9.400,9.430,9.400,9.430,1 200
STN.TO,20250430,120.55,121.30,119.34,121.00,457 500
SU.TO,20250430,49.11,49.31,47.94,48.69,5 687 997
SVA.TO,20250430,0.2000,0.2000,0.1950,0.1950,34 250
SVB.TO,20250430,0.1550,0.1550,0.1550,0.1550,23 500
STPL.TO,20250430,24.66,24.92,24.66,24.92,1 476
SVI.TO,20250430,3.650,3.770,3.650,3.770,304 548
SVR.TO,20250430,15.61,15.76,15.61,15.76,6 871
SVM.TO,20250430,5.100,5.170,5.055,5.150,598 587
SWP.TO,20250430,3.030,3.030,2.820,2.950,13 326
SXP.TO,20250430,3.740,3.910,3.740,3.850,12 899
SYLD.TO,20250430,0,0,0,0,0
SYZ.TO,20250430,8.500,8.720,8.410,8.510,21 730
T.TO,20250430,21.01,21.25,20.96,21.22,3 670 708
SXI.TO,20250430,2.300,2.300,2.300,2.300,4 300
TA.TO,20250430,12.40,12.45,12.19,12.29,2 096 674
TBAL.TO,20250430,18.65,18.75,18.60,18.75,24 000
TBCE.TO,20250430,25.52,25.53,25.52,25.52,14 769
TAL.TO,20250430,0.5800,0.5900,0.5700,0.5900,576 564
TBCG.TO,20250430,26.09,26.11,26.09,26.11,1 574
TBIL.TO,20250430,50.01,50.01,50.00,50.01,6 322
TBCF.TO,20250430,25.96,25.96,25.95,25.95,4 332
TBL.TO,20250430,3.860,3.860,3.860,3.860,600
TBNK.TO,20250430,0,0,0,0,0
TCBN.TO,20250430,0,0,0,0,0
TC.TO,20250430,22.53,22.81,22.15,22.63,1 175
TCLV.TO,20250430,23.78,23.87,23.73,23.86,1 950
TCON.TO,20250430,15.39,15.42,15.39,15.41,54 484
TCSB.TO,20250430,14.75,14.76,14.74,14.76,1 300
TCSH.TO,20250430,50.01,50.01,50.00,50.01,70 703
TCS.TO,20250430,41.84,42.65,41.56,42.38,12 652
TCW.TO,20250430,4.070,4.080,4.000,4.050,527 487
TD.TO,20250430,87.32,88.09,86.92,88.09,7 453 930
TDB.TO,20250430,13.09,13.13,13.08,13.12,55 592
TECH.TO,20250430,16.15,16.46,16.00,16.46,6 709
TDOC.TO,20250430,0,0,0,0,0
TEC.TO,20250430,46.37,47.02,45.60,46.85,2 197 943
TECX.TO,20250430,26.52,26.52,26.52,26.52,300
TECI.TO,20250430,0,0,0,0,0
TF.TO,20250430,6.990,6.990,6.840,6.920,123 090
TFII.TO,20250430,110.17,112.44,109.14,112.07,281 051
TGAF.TO,20250430,0,0,0,0,0
TGED.TO,20250430,24.74,24.96,24.50,24.95,58 909
TFPM.TO,20250430,27.67,28.64,27.61,28.61,231 223
TGGR.TO,20250430,25.95,26.14,25.95,26.14,801
TGFI.TO,20250430,20.13,20.15,20.10,20.15,2 201
TGO.TO,20250430,1.140,1.260,1.140,1.190,1 227
TGRE.TO,20250430,0,0,0,0,0
TGRO.TO,20250430,22.39,22.43,22.16,22.42,11 417
TH.TO,20250430,3.940,3.980,3.870,3.910,73 601
THNC.TO,20250430,2.250,2.400,2.240,2.320,25 785
TI.TO,20250430,0.6200,0.6400,0.6000,0.6100,78 186
TIH.TO,20250430,114.98,116.79,113.98,116.64,148 751
TILV.TO,20250430,18.26,18.26,18.25,18.25,1 700
TINF.TO,20250430,21.92,22.06,21.92,22.01,10 008
TIPS.TO,20250430,0,0,0,0,0
THU.TO,20250430,0.0600,0.0650,0.0600,0.0650,18 000
TIXT.TO,20250430,3.370,3.380,3.310,3.370,169 377
TKO.TO,20250430,3.080,3.135,3.020,3.130,520 623
TKN.TO,20250430,0,0,0,0,0
TLF.TO,20250430,21.57,21.94,21.57,21.94,1 530
TLG.TO,20250430,0.5600,0.5600,0.5500,0.5600,581 363
TLRY.TO,20250430,0.6600,0.6800,0.6450,0.6800,986 936
TLV.TO,20250430,34.18,34.18,34.18,34.18,145
TLO.TO,20250430,0.1000,0.1050,0.1000,0.1050,798 261
TMD.TO,20250430,0,0,0,0,0
TNZ.TO,20250430,15.54,15.87,15.12,15.71,65 062
TOT.TO,20250430,9.070,9.070,8.790,8.860,67 325
TMQ.TO,20250430,2.340,2.620,2.230,2.390,19 225
TOWR.TO,20250430,0,0,0,0,0
TOU.TO,20250430,61.57,61.75,60.42,60.90,1 108 111
TPE.TO,20250430,23.69,23.78,23.66,23.74,19 419
TPRF.TO,20250430,10.71,10.83,10.71,10.79,8 067
TPU.TO,20250430,43.13,43.57,42.63,43.53,94 952
TPZ.TO,20250430,23.14,23.39,22.78,23.03,237 492
TOY.TO,20250430,23.99,24.45,23.63,24.38,128 078
TQCD.TO,20250430,0,0,0,0,0
TQGD.TO,20250430,0,0,0,0,0
TQSM.TO,20250430,0,0,0,0,0
TRI.TO,20250430,254.21,256.84,252.62,256.53,381 706
TQGM.TO,20250430,0,0,0,0,0
TRVI.TO,20250430,17.60,17.88,17.60,17.88,1 147
TRVL.TO,20250430,25.19,25.57,25.19,25.54,2 229
TRP.TO,20250430,69.39,69.65,68.57,69.65,4 565 531
TRZ.TO,20250430,1.500,1.540,1.500,1.520,9 156
TRX.TO,20250430,0.4400,0.4450,0.4250,0.4350,25 425
TSK.TO,20250430,0.5900,0.5900,0.5700,0.5800,38 344
TSAT.TO,20250430,22.17,22.17,21.00,21.48,5 680
TSND.TO,20250430,0.5000,0.6200,0.4650,0.6200,388 735
TSU.TO,20250430,37.74,37.88,36.88,37.85,119 398
TSL.TO,20250430,2.670,2.770,2.670,2.760,3 910
TTNM.TO,20250430,1.420,1.420,1.340,1.350,77 114
TUED.TO,20250430,27.26,27.28,26.94,27.17,19 764
TTTX.TO,20250430,21.28,21.28,21.28,21.28,600
TUEX.TO,20250430,24.24,24.32,24.24,24.32,300
TUHY.TO,20250430,0,0,0,0,0
TULV.TO,20250430,21.93,21.95,21.86,21.95,800
TVE.TO,20250430,3.620,3.630,3.535,3.570,2 102 852
TVK.TO,20250430,144.00,144.00,140.40,143.69,63 368
TUSB.TO,20250430,14.19,14.19,14.19,14.19,100
TWM.TO,20250430,0.2800,0.2850,0.2700,0.2800,394 875
TXF.TO,20250430,17.68,18.17,17.63,18.13,38 492
TXG.TO,20250430,43.62,44.66,43.22,44.65,360 258
TXP.TO,20250430,0.3800,0.4000,0.3650,0.3650,189 088
UDA.TO,20250430,0,0,0,0,0
TWC.TO,20250430,17.25,17.60,17.25,17.60,1 900
UDIV.TO,20250430,12.10,12.14,12.10,12.14,2 522
UMAX.TO,20250430,13.50,13.57,13.40,13.56,157 482
UNC.TO,20250430,0,0,0,0,0
UNI.TO,20250430,1.150,1.250,1.150,1.250,9 800
URB.TO,20250430,0,0,0,0,0
URC.TO,20250430,2.520,2.530,2.430,2.500,106 806
URE.TO,20250430,1.000,1.060,1.000,1.050,37 502
USA.TO,20250430,0.8700,0.8850,0.8300,0.8500,13 985 379
UDEF.TO,20250430,0,0,0,0,0
USCC.TO,20250430,0,0,0,0,0
USCL.TO,20250430,20.31,20.38,20.05,20.36,72 577
USSL.TO,20250430,0,0,0,0,0
USSX.TO,20250430,20.86,21.20,20.71,21.15,22 500
UTES.TO,20250430,9.190,9.260,9.120,9.250,42 797
UTIL.TO,20250430,0,0,0,0,0
VAB.TO,20250430,23.20,23.30,23.19,23.25,126 598
VA.TO,20250430,91.20NT,91.90NT,89.90NT,89.90NT,4 962 721
VALT.TO,20250430,40.56,40.64,40.40,40.40,4 225
VBNK.TO,20250430,15.95,15.95,15.25,15.29,23 304
VBAL.TO,20250430,32.60,32.71,32.40,32.70,108 939
VCB.TO,20250430,24.31,24.33,24.30,24.33,7 629
VCE.TO,20250430,54.87,55.02,54.42,54.98,52 248
VCIP.TO,20250430,0,0,0,0,0
VCM.TO,20250430,9.980,10.00,9.830,10.00,1 500
VCN.TO,20250430,50.69,50.97,50.29,50.92,139 749
VCNS.TO,20250430,29.07,29.11,28.94,29.11,6 894
VDU.TO,20250430,45.92,45.93,45.55,45.89,33 886
VE.TO,20250430,0,0,0,0,0
VDY.TO,20250430,48.88,48.99,48.39,48.91,209 609
VEF.TO,20250430,56.92,57.43,56.82,57.37,7 813
VEQT.TO,20250430,0,0,0,0,0
VET.TO,20250430,8.710,8.710,8.250,8.320,1 066 580
VFV.TO,20250430,134.84,136.28,133.38,136.13,278 877
VGRO.TO,20250430,36.35,36.54,36.09,36.50,115 362
VGV.TO,20250430,22.66,22.69,22.66,22.67,3 485
VGZ.TO,20250430,1.410,1.430,1.350,1.370,50 006
VHI.TO,20250430,11.24,11.26,10.92,11.25,33 048
VI.TO,20250430,1 023.00¥,1 027.00¥,1 023.00¥,1 024.00¥,2 900
VGH.TO,20250430,61.28,61.79,60.61,61.78,7 185
VIDY.TO,20250430,34.74,34.91,34.59,34.84,76 522
VLB.TO,20250430,20.93,21.07,20.93,21.04,4 553
VIU.TO,20250430,0,0,0,0,0
VLE.TO,20250430,7.500,7.960,7.435,7.520,441 489
VLN.TO,20250430,16.97,17.00,16.97,17.00,400
VNP.TO,20250430,6.600,6.640,6.370,6.640,318 935
VOXR.TO,20250430,4.400,4.580,4.400,4.480,9 460
VPH.TO,20250430,0,0,0,0,0
VQS.TO,20250430,0.1700,0.1850,0.1700,0.1700,6 550
VRE.TO,20250430,30.13,30.49,30.00,30.36,12 715
VRIF.TO,20250430,0,0,0,0,0
VMO.TO,20250430,0,0,0,0,0
VRTS.TO,20250430,0.0150,0.0150,0.0100,0.0100,71 170
VSB.TO,20250430,23.49,23.52,23.47,23.51,92 955
VRN.TO,20250430,8.310,8.310,8.050,8.160,4 184 367
VSC.TO,20250430,24.22,24.26,24.22,24.25,52 755
VSP.TO,20250430,88.40,89.65,87.44,89.48,61 244
VUN.TO,20250430,101.14,102.28,100.30,102.27,98 943
VUS.TO,20250430,94.88,96.11,94.87,96.11,6 576
VVO.TO,20250430,0,0,0,0,0
VVSG.TO,20250430,50.44,50.45,50.44,50.44,1 280
VVL.TO,20250430,0,0,0,0,0
VXC.TO,20250430,60.94,61.26,60.44,61.25,56 670
WCN.TO,20250430,270.50,272.63,267.52,272.27,439 424
WCP.TO,20250430,8.010,8.010,7.740,7.820,7 990 854
VXM.TO,20250430,36.96,37.04,36.96,37.02,935
WEED.TO,20250430,1.880,2.080,1.770,1.900,3 286 589
WDO.TO,20250430,16.46,17.02,16.46,16.96,411 446
WEF.TO,20250430,0.3750,0.3850,0.3700,0.3850,159 536
WELL.TO,20250430,151.04,153.79,150.14,152.59,4 269 538
WFG.TO,20250430,100.12,102.12,99.18,102.07,161 597
WGX.TO,20250430,2.600,2.630,2.570,2.630,96 428
WFC.TO,20250430,0,0,0,0,0
WILD.TO,20250430,1.710,1.710,1.660,1.710,7 700
WLLW.TO,20250430,0.005000,0.005000,0.005000,0.005000,66 450
WM.TO,20250430,0.0600,0.0600,0.0550,0.0550,815 300
WN.TO,20250430,263.00,269.53,259.61,268.60,181 364
WNDR.TO,20250430,0.2150,0.2175,0.2050,0.2150,739 512
WJX.TO,20250430,17.45,17.65,17.14,17.63,31 141
WPK.TO,20250430,41.92,42.80,41.92,42.71,66 026
WPM.TO,20250430,112.50,115.15,112.49,115.11,1 085 857
WPRT.TO,20250430,4.040,4.040,4.040,4.040,101
WOMN.TO,20250430,37.06,37.24,37.05,37.24,1 100
WRG.TO,20250430,2.050,2.060,2.050,2.050,1 405
WRX.TO,20250430,0,0,0,0,0
WSP.TO,20250430,242.67,244.36,239.60,244.36,370 465
WSRD.TO,20250430,31.31,31.52,31.28,31.52,8 200
WRN.TO,20250430,1.520,1.545,1.490,1.520,116 727
WTE.TO,20250430,25.24,25.50,24.94,25.47,81 548
WXM.TO,20250430,32.91,33.16,32.81,33.16,3 872
WSRI.TO,20250430,42.50,42.82,42.50,42.68,537
XAD.TO,20250430,71.49,71.49,69.00,69.60,817
X.TO,20250430,54.88,55.91,54.39,55.87,1 019 912
XAGH.TO,20250430,33.20,33.29,33.20,33.25,5 516
XAGG.TO,20250430,37.65,37.70,37.65,37.70,200
XAM.TO,20250430,0.0500,0.0500,0.0500,0.0500,93 500
XAW.TO,20250430,42.30,42.59,41.95,42.59,45 703
XAU.TO,20250430,7.980,7.990,7.980,7.980,1 000
XBB.TO,20250430,28.40,28.48,28.37,28.46,101 848
XBM.TO,20250430,17.59,17.62,17.10,17.55,27 339
XCB.TO,20250430,20.12,20.22,20.12,20.18,75 754
XCBG.TO,20250430,37.84,37.86,37.84,37.86,3 400
XCBU.TO,20250430,35.43,35.50,35.36,35.36,400
XBAL.TO,20250430,29.60,29.71,29.45,29.70,38 873
XCG.TO,20250430,55.80,56.17,55.72,56.17,2 845
XCH.TO,20250430,22.22,22.26,22.06,22.18,37 006
XCLN.TO,20250430,-,-,-,-,92
XCNS.TO,20250430,23.35,23.39,23.29,23.39,2 984
XCS.TO,20250430,20.30,20.45,20.30,20.44,3 065
XCSR.TO,20250430,76.67,77.16,76.31,77.16,4 348
XCHP.TO,20250430,43.00,43.78,42.65,43.78,1 409
XCV.TO,20250430,39.91,40.05,39.67,40.01,2 349
XDG.TO,20250430,27.00,27.33,27.00,27.33,10 209
XDGH.TO,20250430,0,0,0,0,0
XDNA.TO,20250430,0,0,0,0,0
XDIV.TO,20250430,30.60,30.69,30.33,30.65,145 662
XDSR.TO,20250430,60.46,60.82,60.46,60.81,1 095
XDRV.TO,20250430,-,-,-,-,2
XDU.TO,20250430,29.59,29.96,29.59,29.96,7 112
XDUH.TO,20250430,0,0,0,0,0
XEB.TO,20250430,15.62,15.66,15.61,15.64,5 845
XDV.TO,20250430,31.75,32.06,31.65,32.04,53 833
XEC.TO,20250430,28.95,29.00,28.82,28.96,21 211
XEF.TO,20250430,0,0,0,0,0
XEG.TO,20250430,15.62,15.62,15.16,15.34,3 858 003
XEI.TO,20250430,26.88,27.03,26.69,27.01,114 605
XEH.TO,20250430,33.67,33.91,33.50,33.91,3 448
XEMC.TO,20250430,46.37,46.42,46.27,46.41,3 800
XEM.TO,20250430,33.26,33.26,33.13,33.26,1 915
XEQT.TO,20250430,32.67,32.87,32.37,32.81,284 373
XESG.TO,20250430,30.14,30.14,29.92,30.08,4 839
XEN.TO,20250430,37.00,37.00,36.78,36.85,1 648
XEU.TO,20250430,33.03,33.14,32.84,33.02,6 809
XEXP.TO,20250430,0,0,0,0,0
XETM.TO,20250430,-,-,-,-,30
XFH.TO,20250430,32.61,33.03,32.61,32.98,29 122
XFLI.TO,20250430,39.86,39.86,39.70,39.70,1 170
XFLX.TO,20250430,38.57,38.57,38.57,38.57,313
XFLB.TO,20250430,0,0,0,0,0
XFN.TO,20250430,58.86,59.34,58.42,59.26,224 081
XFR.TO,20250430,20.00,20.00,19.98,19.99,36 324
XGD.TO,20250430,29.34,29.73,29.27,29.73,394 511
XGB.TO,20250430,19.46,19.53,19.44,19.51,56 850
XGRO.TO,20250430,29.60,29.80,29.47,29.79,73 425
XHAK.TO,20250430,49.60,49.60,49.60,49.60,180
XGI.TO,20250430,0,0,0,0,0
XHB.TO,20250430,19.73,19.75,19.69,19.69,1 951
XHD.TO,20250430,33.29,33.70,33.27,33.70,2 309
XHU.TO,20250430,32.18,32.36,32.12,32.34,10 032
XHY.TO,20250430,16.39,16.45,16.36,16.45,10 876
XIC.TO,20250430,39.46,39.68,39.18,39.66,383 547
XID.TO,20250430,55.27,55.56,55.27,55.56,3 449
XHC.TO,20250430,65.39,65.65,64.70,65.65,3 797
XIG.TO,20250430,19.62,19.63,19.58,19.59,3 639
XINC.TO,20250430,20.45,20.46,20.39,20.46,1 448
XIT.TO,20250430,64.71,64.71,63.05,64.08,18 904
XIU.TO,20250430,37.71,37.90,37.37,37.84,4 058 919
XLB.TO,20250430,19.14,19.23,19.09,19.20,54 140
XIGS.TO,20250430,37.42,37.42,37.39,37.42,2 494
XLY.TO,20250430,0.0750,0.0800,0.0750,0.0800,84 723
XMA.TO,20250430,25.29,25.68,25.29,25.66,18 484
XMC.TO,20250430,29.98,30.17,29.64,30.17,35 824
XMD.TO,20250430,37.43,37.73,37.30,37.71,15 135
XMH.TO,20250430,25.20,25.43,24.90,25.41,11 746
XML.TO,20250430,29.83,29.83,29.82,29.82,430
XMM.TO,20250430,29.28,29.28,29.26,29.26,2 287
XMS.TO,20250430,37.82,37.82,37.82,37.82,100
XMI.TO,20250430,43.38,43.38,43.17,43.24,2 706
XMTM.TO,20250430,0,0,0,0,0
XMU.TO,20250430,0,0,0,0,0
XMV.TO,20250430,48.03,48.09,47.76,48.09,1 703
XMY.TO,20250430,32.25,32.49,32.25,32.49,3 055
XMW.TO,20250430,56.60,56.73,56.54,56.71,992
XQB.TO,20250430,19.10,19.15,19.10,19.15,886
XQLT.TO,20250430,0,0,0,0,0
XQQ.TO,20250430,47.96,48.95,47.53,48.82,237 388
XRB.TO,20250430,23.21,23.21,23.14,23.14,1 004
XQQU.TO,20250430,63.66,64.31,62.69,64.31,5 747
XSAB.TO,20250430,18.24,18.29,18.22,18.28,1 800
XSB.TO,20250430,26.96,27.02,26.96,27.02,54 524
XSC.TO,20250430,17.86,17.87,17.86,17.87,3 700
XRE.TO,20250430,14.60,14.78,14.48,14.78,349 584
XSEA.TO,20250430,27.68,27.86,27.68,27.80,3 525
XSEM.TO,20250430,21.28,21.28,21.20,21.26,3 600
XSE.TO,20250430,17.91,17.91,17.90,17.90,3 100
XSH.TO,20250430,19.08,19.11,19.08,19.11,13 730
XSHG.TO,20250430,39.42,39.47,39.41,39.47,19 000
XSHU.TO,20250430,42.74,42.74,42.74,42.74,1 300
XSI.TO,20250430,16.98,16.98,16.98,16.98,400
XSMC.TO,20250430,0,0,0,0,0
XSMH.TO,20250430,0,0,0,0,0
XSP.TO,20250430,56.90,57.75,56.28,57.54,327 115
XSPC.TO,20250430,40.01,40.79,40.01,40.79,39 030
XST.TO,20250430,58.20,59.38,58.00,59.38,14 948
XSTB.TO,20250430,19.87,19.87,19.86,19.86,500
XSTH.TO,20250430,38.06,38.07,38.06,38.06,434
XSU.TO,20250430,37.03,37.56,36.74,37.47,117 289
XSTP.TO,20250430,43.24,43.24,43.05,43.05,2 208
XTC.TO,20250430,5.620,5.730,5.620,5.700,20 504
XSUS.TO,20250430,39.72,40.04,39.55,39.91,2 063
XTD.TO,20250430,3.660,3.770,3.650,3.650,4 800
XTLH.TO,20250430,33.21,33.21,33.00,33.00,83 965
XTG.TO,20250430,2.000,2.070,2.000,2.050,6 323
XTR.TO,20250430,11.18,11.18,11.11,11.15,1 210
XTLT.TO,20250430,35.15,35.15,34.79,34.80,28 019
XUH.TO,20250430,44.50,45.38,44.50,45.38,22 495
XTRA.TO,20250430,0.3950,0.4000,0.3900,0.3900,62 251
XUS.TO,20250430,0,0,0,0,0
XUSF.TO,20250430,71.00,71.00,71.00,71.00,100
XUSC.TO,20250430,41.41,41.67,41.33,41.66,1 601
XUSR.TO,20250430,82.15,82.33,82.15,82.33,512
XUU.TO,20250430,55.83,56.34,55.25,56.34,36 007
XVLU.TO,20250430,0,0,0,0,0
XUT.TO,20250430,29.31,29.68,29.18,29.61,155 386
XWD.TO,20250430,90.38,91.45,89.84,91.23,18 422
Y.TO,20250430,9.900,10.12,9.900,10.12,705
YGR.TO,20250430,0.8500,0.8600,0.8400,0.8500,159 500
YCM.TO,20250430,0,0,0,0,0
YRB.TO,20250430,0.0400,0.0400,0.0400,0.0400,1 000
ZACE.TO,20250430,44.35,44.59,44.35,44.54,1 200
ZAG.TO,20250430,13.92,13.96,13.89,13.94,381 292
ZBBB.TO,20250430,28.83,28.87,28.81,28.87,2 900
ZBAL.TO,20250430,39.51,39.51,39.24,39.50,10 011
ZBI.TO,20250430,30.31,30.31,30.31,30.31,100
ZBK.TO,20250430,31.73,32.03,31.41,32.03,55 020
ZCB.TO,20250430,0,0,0,0,0
ZCH.TO,20250430,17.39,17.39,17.20,17.24,24 884
ZCLN.TO,20250430,12.60,12.60,12.47,12.47,1 492
ZCDB.TO,20250430,0,0,0,0,0
ZCN.TO,20250430,0,0,0,0,0
ZCM.TO,20250430,15.61,15.65,15.61,15.65,15 444
ZCON.TO,20250430,34.87,34.87,34.76,34.81,479
ZCS.TO,20250430,13.97,13.99,13.97,13.98,4 107
ZCPB.TO,20250430,28.15,28.15,28.11,28.11,3 700
ZDB.TO,20250430,15.17,15.21,15.16,15.19,23 027
ZDI.TO,20250430,25.44,25.47,25.29,25.44,32 564
ZDJ.TO,20250430,61.63,62.49,61.10,62.49,12 535
ZDM.TO,20250430,29.99,30.32,29.98,30.32,6 191
ZDV.TO,20250430,22.46,22.56,22.27,22.54,47 776
ZDY.TO,20250430,31.90,32.01,31.81,32.01,1 400
ZDH.TO,20250430,27.63,27.63,27.63,27.63,370
ZEAT.TO,20250430,25.05,25.05,24.90,24.90,600
ZEB.TO,20250430,40.64,40.98,40.37,40.93,1 593 054
ZEA.TO,20250430,24.51,24.60,24.40,24.57,41 929
ZEF.TO,20250430,12.30,12.30,12.30,12.30,900
ZEM.TO,20250430,21.44,21.50,21.35,21.46,48 909
ZEO.TO,20250430,69.56,69.56,68.42,68.83,33 763
ZEQT.TO,20250430,49.91,50.06,49.40,50.06,6 059
ZEQ.TO,20250430,29.82,30.13,29.80,30.09,9 302
ZESG.TO,20250430,37.08,37.08,36.93,37.01,923
ZFC.TO,20250430,44.76,44.95,44.76,44.95,208
ZFH.TO,20250430,14.46,14.46,14.43,14.43,6 042
ZFL.TO,20250430,12.80,12.90,12.80,12.88,98 676
ZFM.TO,20250430,14.89,14.94,14.88,14.94,32 396
ZFN.TO,20250430,52.99,53.14,52.83,53.14,3 123
ZGB.TO,20250430,46.10,46.26,46.10,46.26,912
ZGD.TO,20250430,0,0,0,0,0
ZGI.TO,20250430,52.15,52.26,51.98,52.02,2 969
ZGLD.TO,20250430,49.04,49.32,48.76,48.90,14 515
ZFS.TO,20250430,13.95,13.97,13.95,13.97,1 100
ZGQ.TO,20250430,64.84,65.26,64.18,65.26,9 628
ZGLH.TO,20250430,46.46,46.46,46.29,46.29,5 622
ZGRN.TO,20250430,37.61,37.61,37.61,37.61,665
ZGRO.TO,20250430,44.40,44.60,44.15,44.60,23 758
ZHP.TO,20250430,0,0,0,0,0
ZGSB.TO,20250430,26.83,26.83,26.83,26.83,100
ZIC.TO,20250430,18.06,18.06,17.95,18.02,2 950
ZHY.TO,20250430,10.92,10.94,10.92,10.94,662
ZIN.TO,20250430,0,0,0,0,0
ZIU.TO,20250430,57.24,57.24,57.24,57.24,133
ZID.TO,20250430,49.68,49.68,49.48,49.68,2 968
ZJG.TO,20250430,123.73,124.68,123.73,124.68,4 240
ZJPN.TO,20250430,36.49,36.50,36.36,36.46,3 545
ZJK.TO,20250430,18.45,18.45,18.24,18.25,38 722
ZLB.TO,20250430,50.53,51.09,50.33,51.03,86 977
ZLD.TO,20250430,29.65,29.81,29.65,29.81,1 200
ZLE.TO,20250430,18.83,18.83,18.83,18.83,300
ZLC.TO,20250430,15.22,15.30,15.22,15.25,33 002
ZLH.TO,20250430,35.02,35.54,35.02,35.54,3 835
ZLI.TO,20250430,28.68,28.78,28.60,28.78,6 307
ZLSC.TO,20250430,36.90,36.90,36.84,36.84,1 100
ZLSU.TO,20250430,39.38,40.15,39.38,40.12,7 557
ZLU.TO,20250430,55.27,55.51,54.80,55.51,13 564
ZMBS.TO,20250430,0,0,0,0,0
ZMID.TO,20250430,0,0,0,0,0
ZMMK.TO,20250430,49.86,49.87,49.85,49.85,336 828
ZMP.TO,20250430,14.13,14.18,14.13,14.16,12 412
ZMI.TO,20250430,16.93,17.05,16.93,17.04,4 756
ZMT.TO,20250430,0,0,0,0,0
ZMU.TO,20250430,12.65,12.65,12.61,12.61,3 100
ZMSB.TO,20250430,28.64,28.64,28.64,28.64,100
ZPAY.TO,20250430,30.50,30.55,30.30,30.55,15 344
ZPH.TO,20250430,13.65,13.78,13.65,13.75,10 700
ZPL.TO,20250430,12.26,12.33,12.24,12.33,23 520
ZNQ.TO,20250430,85.80,87.30,85.03,87.23,28 803
ZPR.TO,20250430,10.57,10.64,10.53,10.62,51 217
ZPS.TO,20250430,12.46,12.47,12.46,12.47,1 700
ZQB.TO,20250430,0,0,0,0,0
ZPW.TO,20250430,14.89,14.95,14.85,14.93,2 923
ZQQ.TO,20250430,132.94,135.75,131.89,135.67,55 057
ZRE.TO,20250430,20.59,20.80,20.38,20.78,11 625
ZRR.TO,20250430,14.41,14.48,14.41,14.48,1 600
ZSDB.TO,20250430,31.17,31.17,31.17,31.17,124
ZSML.TO,20250430,0,0,0,0,0
ZSB.TO,20250430,48.99,48.99,48.99,48.99,211
ZST.TO,20250430,48.99,48.99,48.96,48.97,46 393
ZSP.TO,20250430,0,0,0,0,0
ZSU.TO,20250430,13.40,13.45,13.40,13.45,600
ZUAG.TO,20250430,31.49,31.49,31.47,31.47,535
ZTIP.TO,20250430,0,0,0,0,0
ZUB.TO,20250430,28.60,28.84,28.19,28.80,116 936
ZUD.TO,20250430,28.99,29.27,28.99,29.27,3 300
ZUE.TO,20250430,0,0,0,0,0
ZUGE.TO,20250430,0,0,0,0,0
ZUCM.TO,20250430,30.71,30.71,30.58,30.61,4 580
ZUH.TO,20250430,61.48,62.30,61.35,62.30,1 306
ZUP.TO,20250430,20.03,20.03,20.02,20.03,1 804
ZUT.TO,20250430,23.00,23.19,22.91,23.19,195 210
ZUQ.TO,20250430,80.95,82.15,80.50,82.15,6 076
ZUVE.TO,20250430,0,0,0,0,0
ZVC.TO,20250430,0,0,0,0,0
ZVU.TO,20250430,0,0,0,0,0
ZWB.TO,20250430,18.92,19.05,18.82,19.05,93 637
ZWA.TO,20250430,24.48,24.48,24.38,24.38,805
ZWC.TO,20250430,17.75,17.85,17.62,17.85,43 828
ZWE.TO,20250430,19.96,20.04,19.80,20.04,31 122
ZWG.TO,20250430,30.00,30.00,29.76,29.83,1 513
ZWH.TO,20250430,22.29,22.43,22.04,22.43,19 478
ZWHC.TO,20250430,0,0,0,0,0
ZWEN.TO,20250430,26.20,26.20,25.60,25.73,23 130
ZWK.TO,20250430,20.98,21.12,20.73,21.08,22 741
ZWQT.TO,20250430,16.06,16.06,15.98,15.98,586
ZWS.TO,20250430,18.82,18.94,18.81,18.94,1 066
ZWT.TO,20250430,44.26,44.56,44.20,44.56,1 512
ZWU.TO,20250430,10.99,11.08,10.94,11.07,162 592
ZWP.TO,20250430,0,0,0,0,0
ZZZ.TO,20250430,0,0,0,0,0
ZZZD.TO,20250430,0,0,0,0,0
ZXM.TO,20250430,0,0,0,0,0
