<ticker>,<date>,<open>,<high>,<low>,<close>,<vol>
AAB.TO,20240111,0.025,0.025,0.02,0.02,93400
AAUC.TO,20240111,3.6,3.6,3.48,3.5,101878
AAV.TO,20240111,8.8,9.12,8.7,8.98,899004
ABX.TO,20240111,23.24,23.4,22.77,22.98,1771650
AC.TO,20240111,19.65,19.68,19.16,19.43,1906546
ACB.TO,20240111,0.61,0.62,0.59,0.6,933077
ACO.X.TO,20240111,38.3,38.31,37.75,38.21,115670
ACO.Y.TO,20240111,40.14,40.15,40.14,40.15,806
ACQ.TO,20240111,23.21,23.34,22.8,23.15,21387
AD.DB.TO,20240111,98.95,98.95,98.95,98.95,7000
AD.UN.TO,20240111,16.29,16.39,16.05,16.32,70086
ADCO.TO,20240111,0.185,0.19,0.185,0.19,25500
ADEN.TO,20240111,31.46,31.69,30.85,31.69,23144
ADIV.TO,20240111,19.89,19.89,19.89,19.89,10000
ADN.TO,20240111,17.69,17.69,17.4,17.5,8281
ADW.A.TO,20240111,4.81,4.89,4.8,4.85,95789
AEG.TO,20240111,0.265,0.275,0.265,0.265,7602
AEM.TO,20240111,69.73,70.24,68.46,69.17,701407
AEZS.TO,20240111,2.83,2.91,2.8,2.84,600
AFN.TO,20240111,53.64,54.42,53,54.25,21958
AFN.DB.H.TO,20240111,99,99,98.55,98.55,17000
AFN.DB.J.TO,20240111,98.51,98.51,98.5,98.5,15000
AGF.B.TO,20240111,7.89,7.89,7.72,7.84,32027
AGI.TO,20240111,17.1,17.25,16.79,17.03,1003593
AI.TO,20240111,10.71,10.79,10.62,10.76,15212
AI.DB.D.TO,20240111,96,96,96,96,9000
AI.DB.G.TO,20240111,83.11,83.11,83.11,83.11,20000
AIDX.TO,20240111,0.73,0.73,0.69,0.7,120000
AIF.TO,20240111,43.84,44.31,43.07,44.3,49238
AII.TO,20240111,0.55,0.57,0.55,0.57,23000
AIM.TO,20240111,3.23,3.28,3.18,3.27,45300
AIM.PR.C.TO,20240111,18.65,18.75,18.65,18.75,200
AKT.A.TO,20240111,1.35,1.39,1.35,1.36,24400
ALA.TO,20240111,28.7,28.7,28.18,28.39,601906
ALA.PR.A.TO,20240111,17.37,17.52,17.37,17.43,4950
ALA.PR.B.TO,20240111,20.05,20.05,20.05,20.05,2410
ALA.PR.G.TO,20240111,22.48,22.58,22.48,22.58,4269
ALA.PR.H.TO,20240111,22.77,22.77,22.77,22.77,600
ALC.TO,20240111,14.9,14.91,14.82,14.82,5871
ALC.DB.A.TO,20240111,103.5,103.5,103,103,78000
ALS.TO,20240111,18.28,18.41,18.2,18.37,48204
ALYA.TO,20240111,1.89,1.94,1.87,1.94,15140
AMC.TO,20240111,2.19,2.24,2.1,2.11,94595
AND.TO,20240111,41.21,41.21,40.5,41.14,7340
ANRG.TO,20240111,0.255,0.255,0.23,0.235,58100
AOI.TO,20240111,2.58,2.59,2.55,2.56,321861
AOT.TO,20240111,0.53,0.53,0.49,0.49,241987
AP.UN.TO,20240111,20.93,21.26,20.51,21.12,367009
APLI.TO,20240111,0.035,0.035,0.03,0.03,795309
APR.UN.TO,20240111,10.93,10.93,10.77,10.78,14921
APS.TO,20240111,3.14,3.15,3.06,3.08,4811
AQN.TO,20240111,8.8,8.81,8.35,8.57,3502192
AQN.PR.A.TO,20240111,20.45,20.81,20.45,20.81,3244
AQN.PR.D.TO,20240111,20.38,20.5,20.38,20.5,700
AR.TO,20240111,0.41,0.415,0.39,0.4,2167021
ARA.TO,20240111,0.51,0.51,0.5,0.5,13071
ARB.TO,20240111,25.83,25.83,25.83,25.83,200
ARE.TO,20240111,13.82,13.85,13.62,13.66,271005
ARG.TO,20240111,1.34,1.41,1.32,1.41,193005
ARIS.TO,20240111,4.28,4.33,4.19,4.29,120327
ARIS.WT.A.TO,20240111,0.275,0.275,0.275,0.275,20200
ARIS.WT.B.TO,20240111,2.09,2.09,2.05,2.05,9800
ARKG.TO,20240111,13.78,13.78,13.3,13.33,1862
ARKK.TO,20240111,19.4,19.4,18.67,18.88,27563
ARKW.TO,20240111,22.88,22.88,22.55,22.58,2572
ARR.TO,20240111,7.75,7.97,7.67,7.85,33913
ARX.TO,20240111,20.78,21.2,20.6,21.16,2324700
ASCU.TO,20240111,1.58,1.58,1.45,1.52,686941
ASM.TO,20240111,0.62,0.63,0.62,0.62,12107
ASND.TO,20240111,0.08,0.08,0.08,0.08,50000
ASTL.TO,20240111,12.65,12.65,12.47,12.52,52438
ATD.TO,20240111,80.4,80.78,78.85,79.79,901054
ATE.TO,20240111,1.06,1.06,1.03,1.03,25873
ATH.TO,20240111,4.3,4.36,4.26,4.32,2175492
ATRL.TO,20240111,42.69,43.02,42.38,42.96,86646
ATS.TO,20240111,55.87,56.34,55.43,56.23,137543
ATZ.TO,20240111,30,32.9,29.55,32.01,2951234
AUMN.TO,20240111,0.65,0.65,0.64,0.64,4647
AVCN.TO,20240111,0.33,0.33,0.33,0.33,1500
AVL.TO,20240111,0.1,0.105,0.095,0.105,119193
AVNT.TO,20240111,0.1425,0.145,0.14,0.14,122809
AW.UN.TO,20240111,31.96,31.96,31.4,31.76,8011
AX.PR.E.TO,20240111,17.1,17.2,17.05,17.05,2700
AX.PR.I.TO,20240111,17.11,17.3,16.83,16.91,16905
AX.UN.TO,20240111,6.74,6.78,6.64,6.77,125993
AYA.TO,20240111,10.09,10.23,9.69,9.77,409593
BABY.TO,20240111,0.2,0.2,0.18,0.19,649185
BAM.TO,20240111,52.59,52.59,51.01,51.75,594691
BANK.TO,20240111,7.34,7.34,7.22,7.27,48562
BASE.TO,20240111,26,26,25.75,25.9,952
BB.TO,20240111,4.58,4.61,4.42,4.55,1700000
BBD.A.TO,20240111,55.28,55.53,54.01,54.76,1955
BBD.B.TO,20240111,55,55.41,53.62,54.77,236091
BBD.PR.B.TO,20240111,16.31,16.31,16.26,16.3,1800
BBD.PR.C.TO,20240111,18.8,18.8,18.65,18.78,11318
BBU.UN.TO,20240111,26.33,26.5,25.83,26.3,22455
BBUC.TO,20240111,28.77,29.04,28.25,28.57,18588
BCE.TO,20240111,54.75,54.89,54.16,54.5,2649117
BCE.PR.A.TO,20240111,17.24,17.24,16.95,17,1120
BCE.PR.B.TO,20240111,18.75,18.75,18.6,18.64,3240
BCE.PR.C.TO,20240111,17.44,17.44,17.3,17.3,728
BCE.PR.D.TO,20240111,18.64,18.64,18.45,18.47,4253
BCE.PR.E.TO,20240111,18.41,18.41,18.21,18.21,3731
BCE.PR.F.TO,20240111,16.3,16.32,16.3,16.32,1800
BCE.PR.G.TO,20240111,15.45,15.45,15.25,15.25,700
BCE.PR.H.TO,20240111,18.78,18.78,18.64,18.64,3240
BCE.PR.J.TO,20240111,18.31,18.39,18.31,18.39,550
BCE.PR.K.TO,20240111,14.88,15.01,14.88,15,41354
BCE.PR.L.TO,20240111,16.48,16.5,16.4,16.4,3268
BCE.PR.M.TO,20240111,15.41,15.5,15.41,15.5,4700
BCE.PR.N.TO,20240111,17,17,17,17,1000
BCE.PR.Q.TO,20240111,22.35,22.35,22.2,22.2,3800
BCE.PR.R.TO,20240111,15.4,15.4,15.27,15.33,3501
BCE.PR.S.TO,20240111,18.5,18.5,18.45,18.45,900
BCE.PR.T.TO,20240111,17.24,17.28,17.2,17.2,4900
BCE.PR.Y.TO,20240111,18.46,18.46,18.24,18.26,2700
BCE.PR.Z.TO,20240111,17.8,17.81,17.77,17.81,1000
BCT.TO,20240111,5.99,6,5.71,5.71,11146
BDGI.TO,20240111,42.74,42.74,41.64,41.88,33820
BDI.TO,20240111,8.65,8.68,8.47,8.54,42094
BDIV.TO,20240111,18.5,18.5,18.36,18.4,1280
BDT.TO,20240111,14.25,14.32,13.94,14.17,101652
BEI.UN.TO,20240111,68.28,68.38,67.19,68.37,139118
BEP.PR.G.TO,20240111,22.35,22.45,22.35,22.4,7701
BEP.PR.M.TO,20240111,19.19,19.29,19.19,19.28,6600
BEP.PR.O.TO,20240111,22.8,23.06,22.79,23.04,13693
BEP.PR.R.TO,20240111,17.5,17.57,17.5,17.5,5655
BEP.UN.TO,20240111,36.25,36.42,35.07,35.17,258094
BEPC.TO,20240111,40.42,40.43,39.01,39.33,215026
BEPR.TO,20240111,8.82,8.82,8.8,8.82,3409
BFIN.TO,20240111,19.3,19.3,19.3,19.3,100
BGI.UN.TO,20240111,4.24,4.24,4.15,4.2,10304
BGU.TO,20240111,39.71,39.72,39.71,39.71,484
BGU.U.TO,20240111,29.6,29.6,29.6,29.6,2600
BHC.TO,20240111,11.33,11.35,11.16,11.28,212854
BIK.PR.A.TO,20240111,22.55,22.55,22.3,22.3,8076
BIP.PR.A.TO,20240111,17.66,17.66,17.66,17.66,300
BIP.PR.B.TO,20240111,22.75,22.75,22.75,22.75,300
BIP.PR.E.TO,20240111,20.9,20.9,20.8,20.8,1700
BIP.PR.F.TO,20240111,19.9,19.9,19.74,19.84,8920
BIP.UN.TO,20240111,41.34,41.34,40.25,40.47,679661
BIPC.TO,20240111,48.48,48.48,46.77,47.49,135431
BIR.TO,20240111,5.71,5.82,5.64,5.82,1317842
BITF.TO,20240111,4.29,4.54,3.4,3.47,12352930
BITI.TO,20240111,7.01,7.45,6.85,7.31,379431
BITI.U.TO,20240111,5.14,5.51,5.14,5.44,21099
BK.TO,20240111,10.42,10.42,10.24,10.32,101702
BK.PR.A.TO,20240111,9.84,9.84,9.82,9.84,47579
BKCC.TO,20240111,14.08,14.08,13.91,13.95,51141
BKCL.TO,20240111,18.87,18.87,18.6,18.69,39233
BLB.UN.TO,20240111,7.49,7.55,7.49,7.55,4500
BLCO.TO,20240111,20.39,20.53,19.93,20.24,5098
BLDP.TO,20240111,4.64,4.65,4.45,4.48,597687
BLN.TO,20240111,4.14,4.15,4.07,4.08,34530
BLOV.TO,20240111,21.34,21.37,21.34,21.37,900
BLX.TO,20240111,33.56,33.71,32.54,33,226012
BMAX.TO,20240111,12.65,12.65,12.51,12.56,11104
BMO.TO,20240111,127.24,127.5,125.76,126.84,2724045
BMO.PR.E.TO,20240111,24.5,24.5,24.4,24.4,4018
BMO.PR.F.TO,20240111,24.53,24.7,24.53,24.7,3930
BMO.PR.S.TO,20240111,20.2,20.22,20.15,20.15,51760
BMO.PR.T.TO,20240111,19.3,19.3,19.3,19.3,575
BN.TO,20240111,53.23,53.25,51.65,52.55,996312
BN.PF.A.TO,20240111,20.75,20.75,20.65,20.65,1200
BN.PF.B.TO,20240111,18.1,18.2,18.06,18.06,3293
BN.PF.C.TO,20240111,17.94,17.94,17.72,17.75,2824
BN.PF.D.TO,20240111,18.1,18.1,18,18,1925
BN.PF.E.TO,20240111,16.43,16.43,16.43,16.43,100
BN.PF.G.TO,20240111,16.53,16.55,16.53,16.55,800
BN.PF.H.TO,20240111,21.66,21.66,21.55,21.55,400
BN.PF.I.TO,20240111,20.5,20.5,20.5,20.5,615
BN.PF.J.TO,20240111,20.11,20.37,20.11,20.36,1300
BN.PF.K.TO,20240111,13.95,14,13.95,13.96,800
BN.PR.B.TO,20240111,11.38,11.38,11.25,11.29,11580
BN.PR.C.TO,20240111,11.25,11.25,11.25,11.25,1000
BN.PR.K.TO,20240111,11.24,11.24,11.24,11.24,3100
BN.PR.M.TO,20240111,17.87,17.87,17.84,17.85,2662
BN.PR.N.TO,20240111,17.64,17.86,17.63,17.63,2632
BN.PR.R.TO,20240111,14.67,14.68,14.67,14.68,200
BN.PR.X.TO,20240111,15.18,15.26,15.18,15.26,2926
BN.PR.Z.TO,20240111,18.97,18.97,18.86,18.86,6480
BNC.TO,20240111,24.5,24.57,24.5,24.57,400
BND.TO,20240111,17.38,17.38,17.34,17.38,7543
BNE.TO,20240111,5,5.05,4.94,4.96,40291
BNG.TO,20240111,0.03,0.035,0.025,0.035,97100
BNK.TO,20240111,10.93,10.93,10.76,10.79,1600
BNK.PR.A.TO,20240111,10.3,10.3,10.3,10.3,1100
BNKL.TO,20240111,20.6,20.6,20.49,20.49,1900
BNRE.TO,20240111,53.7,53.7,51.74,52.84,7929
BNRE.A.TO,20240111,53.5,53.5,51.89,52.23,1100
BNS.TO,20240111,63.48,63.55,62.26,62.74,4770205
BOND.TO,20240111,21.78,21.78,21.74,21.74,4825
BOS.TO,20240111,5.1,5.1,4.85,4.9,33182
BPF.UN.TO,20240111,15.32,15.32,15.19,15.3,73221
BPO.PR.A.TO,20240111,8.69,8.7,8.39,8.4,50349
BPO.PR.C.TO,20240111,12.6,12.88,12.53,12.53,4500
BPO.PR.E.TO,20240111,10.8,10.9,10.7,10.75,12489
BPO.PR.G.TO,20240111,10.98,11,10.58,10.85,19112
BPO.PR.I.TO,20240111,10.8,10.96,10.7,10.75,10900
BPO.PR.N.TO,20240111,7.78,7.78,7.32,7.32,21988
BPO.PR.P.TO,20240111,8.04,8.04,7.48,7.56,25589
BPO.PR.R.TO,20240111,7.8,7.84,7.56,7.63,56960
BPO.PR.T.TO,20240111,11.1,11.61,11.1,11.32,79384
BPO.PR.W.TO,20240111,7.96,8.01,7.95,8,1300
BPO.PR.X.TO,20240111,7.8,7.8,7.8,7.8,8000
BPS.PR.U.TO,20240111,24.83,24.83,24.83,24.83,200
BPYP.PR.A.TO,20240111,17.8,17.9,17.65,17.65,13269
BR.TO,20240111,1.55,1.55,1.41,1.41,3000
BRAG.TO,20240111,6.85,6.92,6.85,6.9,5967
BRE.TO,20240111,12.92,13.03,12.85,12.99,9690
BREA.TO,20240111,22.65,22.65,22.65,22.65,200
BRF.PR.A.TO,20240111,15.63,15.63,15.63,15.63,307
BRF.PR.B.TO,20240111,16.71,16.9,16.69,16.9,9843
BRF.PR.C.TO,20240111,17.34,17.34,17.34,17.34,527
BRF.PR.E.TO,20240111,17.35,17.35,17.35,17.35,100
BRF.PR.F.TO,20240111,17.22,17.38,17.22,17.38,5100
BRMI.TO,20240111,1.25,1.25,1.25,1.25,200
BSX.TO,20240111,0.05,0.05,0.045,0.045,39254
BTB.DB.G.TO,20240111,99.01,99.01,98.56,98.56,25000
BTB.DB.H.TO,20240111,98.5,98.5,97.9,97.9,79000
BTB.UN.TO,20240111,3.06,3.06,3.02,3.05,95303
BTCC.TO,20240111,9.15,9.38,8.68,8.76,1985095
BTCC.B.TO,20240111,9.22,9.45,8.8,8.88,2950692
BTCC.J.TO,20240111,8.1,8.18,7.86,7.86,2930
BTCC.U.TO,20240111,8.61,8.94,8.31,8.38,1289408
BTCQ.TO,20240111,10.41,10.62,9.88,9.96,240839
BTCQ.U.TO,20240111,7.71,7.92,7.38,7.38,31545
BTCX.B.TO,20240111,9.6,9.81,9.09,9.18,975000
BTCX.U.TO,20240111,8.93,9.26,8.54,8.67,737331
BTCY.TO,20240111,5.44,5.5,5.15,5.19,72259
BTCY.B.TO,20240111,6.15,6.15,5.84,5.91,9466
BTCY.U.TO,20240111,5.1,5.22,4.98,5.02,6661
BTE.TO,20240111,4.26,4.28,4.18,4.21,2995274
BTO.TO,20240111,4.12,4.13,4.02,4.04,2001241
BU.TO,20240111,0.21,0.21,0.2,0.205,7609
BXF.TO,20240111,9.92,9.92,9.89,9.89,1263
BYD.TO,20240111,281,281,277.33,278.73,15368
BYL.TO,20240111,0.18,0.18,0.18,0.18,2000
BYL.DB.TO,20240111,66.99,66.99,66.99,66.99,2000
CACB.TO,20240111,19.48,19.49,19.48,19.48,91300
CAE.TO,20240111,28.22,28.33,27.9,28.33,281261
CALL.TO,20240111,11.59,11.59,11.32,11.44,39688
CANL.TO,20240111,20.86,20.86,20.86,20.86,1000
CAR.UN.TO,20240111,46.94,46.94,46.2,46.56,809590
CARB.TO,20240111,7.01,7.05,6.93,6.93,10844
CARS.TO,20240111,21.81,21.81,21.67,21.67,560
CAS.TO,20240111,13,13.9,12.82,13.68,608580
CASH.TO,20240111,50.07,50.08,50.07,50.07,250617
CBCX.TO,20240111,17.02,17.02,17.02,17.02,100
CBH.TO,20240111,17.3,17.32,17.27,17.29,3200
CBIL.TO,20240111,50.04,50.04,50.03,50.04,13833
CBND.TO,20240111,8.89,8.89,8.89,8.89,900
CBNK.TO,20240111,7.12,7.14,7.06,7.09,17280
CBO.TO,20240111,17.66,17.71,17.65,17.71,8274
CBUG.TO,20240111,23.88,23.89,23.88,23.89,1600
CCA.TO,20240111,60.53,61.55,59.47,61.38,107369
CCEI.TO,20240111,22.35,22.48,22.35,22.48,11928
CCL.B.TO,20240111,56.98,57.55,56.44,57.29,306835
CCNS.TO,20240111,17.95,17.95,17.95,17.95,100
CCO.TO,20240111,60.66,62.55,60.17,62.51,1097875
CCRE.TO,20240111,17.74,17.74,17.71,17.72,1168
CCS.PR.C.TO,20240111,19.16,19.61,19.16,19.5,980
CDIV.TO,20240111,13,13,12.91,13,8975
CDR.TO,20240111,1.45,1.49,1.45,1.49,36629
CDZ.TO,20240111,31.23,31.23,30.95,31.16,31854
CEE.TO,20240111,1.58,1.58,1.58,1.58,22500
CEF.TO,20240111,24.99,25.07,24.83,24.98,4947
CEMI.TO,20240111,16.57,16.57,16.57,16.57,200
CET.TO,20240111,0.74,0.76,0.71,0.72,202870
CEU.TO,20240111,3.5,3.56,3.47,3.53,243983
CEW.TO,20240111,16.5,16.5,16.35,16.44,5195
CF.TO,20240111,7.61,7.64,7.37,7.41,129278
CF.PR.C.TO,20240111,17.2,17.25,17.2,17.25,900
CFF.TO,20240111,0.67,0.68,0.65,0.68,30866
CFLX.TO,20240111,16.93,16.93,16.93,16.93,100
CFP.TO,20240111,18.09,18.09,17.34,18.07,251432
CFW.TO,20240111,4.8,4.81,4.55,4.55,27300
CFX.TO,20240111,1.85,1.85,1.78,1.79,20250
CG.TO,20240111,7.31,7.38,7.06,7.08,306672
CGAA.TO,20240111,24.5,24.5,24.5,24.5,100
CGDV.TO,20240111,20.7,20.7,20.7,20.7,456
CGDV.B.TO,20240111,20.33,20.33,20.33,20.33,359
CGG.TO,20240111,5.68,5.68,5.62,5.62,2701
CGI.TO,20240111,34.9,35.22,34.79,35.22,1500
CGL.TO,20240111,16.27,16.27,16.12,16.21,13272
CGL.C.TO,20240111,22.97,23.1,22.89,22.89,3834
CGLO.TO,20240111,25.68,25.8,25.68,25.73,21800
CGO.TO,20240111,56.82,58.43,56.42,58.18,30716
CGR.TO,20240111,28.19,28.19,28.04,28.07,1010
CGRA.TO,20240111,21.03,21.03,21.03,21.03,200
CGX.TO,20240111,8.18,8.21,8.08,8.18,338316
CGXF.TO,20240111,9.36,9.36,9.21,9.25,25782
CGY.TO,20240111,53.9,54.49,53.9,54.22,4005
CHE.DB.E.TO,20240111,99.4,99.4,99.4,99.4,10000
CHE.DB.G.TO,20240111,100.75,100.75,100.03,100.03,60000
CHE.DB.H.TO,20240111,99.02,99.02,98.75,98.75,118000
CHE.UN.TO,20240111,8.55,8.55,8.34,8.49,191742
CHNA.B.TO,20240111,18.38,18.38,18.38,18.38,222
CHP.UN.TO,20240111,14.14,14.35,14.04,14.32,247146
CHPS.TO,20240111,30.92,30.92,30.43,30.88,3893
CHR.TO,20240111,2.69,2.69,2.56,2.61,160457
CHR.DB.C.TO,20240111,88,88,86.5,87,53000
CHW.TO,20240111,8.01,8.03,8,8.03,908
CIA.TO,20240111,7.44,7.44,7.27,7.32,236301
CIBR.TO,20240111,42.06,42.35,42.06,42.35,400
CIC.TO,20240111,10.58,10.58,10.49,10.53,6962
CIEI.TO,20240111,21.47,21.52,21.47,21.52,400
CIEM.TO,20240111,17.56,17.56,17.56,17.56,6338
CIF.TO,20240111,37.6,37.69,37.59,37.69,20873
CIGI.TO,20240111,151.14,152.03,149.87,151.68,21135
CINF.TO,20240111,23.95,23.99,23.95,23.98,5831
CINT.TO,20240111,21.68,21.68,21.67,21.67,5170
CIX.TO,20240111,15.2,15.48,14.97,15.31,640574
CJ.TO,20240111,6.34,6.37,6.3,6.34,432718
CJR.B.TO,20240111,0.75,0.75,0.7,0.73,472816
CJT.TO,20240111,118.43,118.57,117.18,117.9,39619
CJT.DB.E.TO,20240111,100,100,99.51,99.51,37000
CJT.DB.F.TO,20240111,98.5,98.6,98.5,98.5,75000
CKI.TO,20240111,14.1,14.1,13.83,13.9,400
CLF.TO,20240111,16.89,16.91,16.87,16.91,28605
CLG.TO,20240111,16.87,16.89,16.84,16.89,1327
CLP.UN.TO,20240111,6.48,6.61,6.44,6.49,9340
CLS.TO,20240111,39.38,40,37.83,38.44,354491
CM.TO,20240111,62.87,62.99,61.72,62.05,5094494
CM.PR.P.TO,20240111,18.25,18.29,18.25,18.29,5500
CM.PR.Q.TO,20240111,18.95,18.95,18.95,18.95,500
CM.PR.S.TO,20240111,21.5,21.64,21.5,21.64,331
CM.PR.T.TO,20240111,24.36,24.36,24.36,24.36,1340
CM.PR.Y.TO,20240111,24.45,24.5,24.45,24.5,2000
CMAG.TO,20240111,27.57,27.65,27.57,27.65,600
CMAG.U.TO,20240111,20.67,20.79,20.67,20.7,24100
CMAR.TO,20240111,18.1,18.2,18.1,18.19,9700
CMCX.B.TO,20240111,11.49,11.49,10.93,10.93,1371
CMDO.TO,20240111,19.32,19.36,19.3,19.36,25717
CMDO.U.TO,20240111,19.48,19.48,19.41,19.41,200
CMEY.TO,20240111,19.37,19.37,19.37,19.37,494
CMG.TO,20240111,9.6,9.62,9.39,9.62,50341
CMGG.TO,20240111,22.21,22.21,22.21,22.21,100
CMNY.TO,20240111,50.15,50.15,50.15,50.15,2205
CMR.TO,20240111,50.1,50.1,50.09,50.1,27004
CNAO.U.TO,20240111,24.27,24.27,24.27,24.27,100
CNCC.TO,20240111,11.92,11.95,11.92,11.94,1447
CNCL.TO,20240111,19.36,19.37,19.31,19.37,12703
CNE.TO,20240111,6.67,6.67,6.46,6.58,21809
CNL.TO,20240111,4.1,4.11,4.01,4.02,7100
CNQ.TO,20240111,87.5,87.56,86.5,87.12,5791887
CNR.TO,20240111,166.41,166.95,164.96,166.76,614908
CNT.TO,20240111,0.055,0.06,0.055,0.06,169000
COG.TO,20240111,0.395,0.4,0.395,0.4,26170
COMM.TO,20240111,30.26,30.26,30.26,30.26,175
COPP.TO,20240111,26.9,26.9,26.9,26.9,223
COW.TO,20240111,60.46,60.46,60.24,60.32,1493
CP.TO,20240111,105,105.23,102.73,103.27,1267666
CPD.TO,20240111,11.01,11.06,11.01,11.02,92384
CPG.TO,20240111,8.86,8.96,8.79,8.9,2547235
CPH.TO,20240111,5.92,5.92,5.77,5.78,31463
CPLF.TO,20240111,6.02,6.2,5.95,6.2,17575
CPX.TO,20240111,37.12,37.12,36.24,36.3,696456
CPX.PR.A.TO,20240111,13.6,13.6,13.6,13.6,1500
CPX.PR.C.TO,20240111,22.75,22.75,22.75,22.75,300
CPX.PR.E.TO,20240111,22.41,22.41,22,22.25,2500
CPX.PR.K.TO,20240111,24.56,24.7,24.56,24.7,4700
CR.TO,20240111,4.54,4.55,4.42,4.55,251779
CRDL.TO,20240111,1.37,1.39,1.33,1.39,53663
CRED.TO,20240111,19.2,19.2,19.2,19.2,1048
CRON.TO,20240111,2.7,2.73,2.65,2.7,115481
CROP.TO,20240111,17.58,17.64,17.58,17.64,20999
CRP.TO,20240111,2.19,2.19,2.15,2.15,17800
CRR.UN.TO,20240111,13.72,14,13.55,13.99,128643
CRRX.TO,20240111,1.83,1.83,1.76,1.77,8604
CRT.UN.TO,20240111,14.74,14.79,14.47,14.75,103339
CRWN.NT.TO,20240111,93,93,92.5,93,118000
CS.TO,20240111,6.46,6.5,6.32,6.46,684039
CSAV.TO,20240111,50.14,50.15,50.14,50.15,41578
CSBI.TO,20240111,20.03,20.03,20.03,20.03,100
CSE.PR.A.TO,20240111,13.2,13.2,13.2,13.2,1005
CSH.UN.TO,20240111,12,12,11.79,11.86,316231
CSU.TO,20240111,3461,3492.5,3439.45,3486.92,15585
CSU.DB.TO,20240111,128,128,127.8,127.8,19000
CSW.A.TO,20240111,13.48,13.54,13.3,13.49,10620
CSW.B.TO,20240111,12.11,12.2,12.11,12.2,801
CTC.A.TO,20240111,144.17,144.79,141.56,144.2,129183
CTF.UN.TO,20240111,2.61,2.61,2.59,2.59,3350
CTS.TO,20240111,4,4.08,3.9,3.94,238481
CTX.TO,20240111,0.57,0.57,0.57,0.57,3500
CU.TO,20240111,32.19,32.19,31.72,32,413188
CU.PR.C.TO,20240111,19.44,19.44,19.42,19.42,1200
CU.PR.D.TO,20240111,19.63,19.63,19.61,19.61,700
CU.PR.E.TO,20240111,19.82,19.85,19.81,19.85,1000
CU.PR.F.TO,20240111,17.77,17.77,17.77,17.77,100
CU.PR.I.TO,20240111,23,23.1,22.88,22.88,5698
CU.PR.J.TO,20240111,18.74,18.74,18.4,18.4,700
CUD.TO,20240111,49.91,50.04,49.72,50.04,5425
CUEH.TO,20240111,19.67,19.74,19.6,19.7,1105
CUEI.TO,20240111,25.26,25.31,25.26,25.28,5299
CURA.TO,20240111,5.65,5.85,5.6,5.77,189141
CVD.TO,20240111,15.84,16.25,15.84,16.18,1100
CVE.TO,20240111,21.81,21.81,21.22,21.28,3707182
CVE.PR.A.TO,20240111,14.15,14.15,14.05,14.05,890
CVE.PR.B.TO,20240111,15.3,15.3,15.15,15.25,2973
CVE.PR.C.TO,20240111,22.2,22.48,22.2,22.28,2802
CVE.PR.E.TO,20240111,23.12,23.12,23.12,23.12,150
CVE.PR.G.TO,20240111,22.5,22.5,22.5,22.5,400
CVE.WT.TO,20240111,15.1,15.1,14.75,14.75,6801
CVO.TO,20240111,8.69,8.77,8.55,8.67,69903
CWB.TO,20240111,30.16,30.69,29.8,30.39,268320
CWB.PR.B.TO,20240111,19.2,19.2,19.1,19.1,750
CWB.PR.D.TO,20240111,24.53,24.53,24.53,24.53,100
CWEB.TO,20240111,0.27,0.27,0.26,0.27,52301
CWL.TO,20240111,0.79,0.79,0.76,0.76,2100
CWW.TO,20240111,51.01,51.01,50.58,50.58,3747
CXB.TO,20240111,1.31,1.32,1.24,1.24,1132343
CXF.TO,20240111,9.19,9.33,9.19,9.33,2328
CXI.TO,20240111,24.28,24.43,24.28,24.4,1668
CYB.TO,20240111,61.25,64.75,61.25,63.75,28289
CYBR.TO,20240111,45.05,45.48,45.05,45.48,573
CYH.TO,20240111,19.89,19.89,19.76,19.76,1474
D.UN.TO,20240111,10.95,10.95,10.62,10.92,55096
DANC.TO,20240111,21.75,21.75,21.75,21.75,1378
DATA.TO,20240111,21.31,21.56,21.31,21.56,780
DATA.B.TO,20240111,22.79,23,22.79,23,400
DBM.TO,20240111,8.4,8.4,8.27,8.33,84384
DBO.TO,20240111,0.085,0.09,0.085,0.09,25000
DC.A.TO,20240111,0.89,0.9,0.89,0.89,11500
DC.PR.B.TO,20240111,19.11,19.22,19.1,19.18,2200
DC.PR.D.TO,20240111,20.33,20.33,20.33,20.33,200
DCBO.TO,20240111,62.97,63.46,61.89,62.87,37679
DCG.TO,20240111,17.77,17.79,17.76,17.79,3200
DCM.TO,20240111,2.69,2.72,2.69,2.72,6520
DCS.TO,20240111,18.38,18.38,18.38,18.38,100
DF.TO,20240111,4.13,4.14,4.01,4.03,28376
DF.PR.A.TO,20240111,9.81,9.84,9.81,9.83,6850
DFN.TO,20240111,5.4,5.42,5.28,5.32,342513
DFN.PR.A.TO,20240111,9.75,9.8,9.75,9.78,80647
DFY.TO,20240111,37.61,37.62,37.16,37.35,69928
DGR.TO,20240111,40.71,40.86,40.52,40.52,1712
DGR.B.TO,20240111,44.46,44.57,44.46,44.53,3046
DGRC.TO,20240111,35.28,35.28,35.04,35.15,16944
DGS.TO,20240111,5.18,5.18,5.03,5.08,170730
DGS.PR.A.TO,20240111,9.86,9.87,9.85,9.86,7020
DHT.UN.TO,20240111,12.77,12.9,12.68,12.75,10987
DIAM.TO,20240111,0.075,0.075,0.075,0.075,11001
DII.B.TO,20240111,6.95,7.15,6.91,6.94,23473
DIR.UN.TO,20240111,13.61,13.89,13.55,13.85,393021
DIV.TO,20240111,2.78,2.78,2.75,2.78,180741
DIV.DB.A.TO,20240111,95,95,94,94,50000
DIVS.TO,20240111,14.6,14.6,14.6,14.6,2059
DLCG.TO,20240111,2.75,2.75,2.68,2.68,705
DLR.TO,20240111,13.5,13.57,13.5,13.53,516727
DLR.U.TO,20240111,10.09,10.1,10.09,10.09,447522
DML.TO,20240111,2.34,2.42,2.32,2.4,1864761
DN.TO,20240111,0.025,0.03,0.025,0.025,401729
DND.TO,20240111,13.52,13.64,13.28,13.59,103809
DNG.TO,20240111,3.99,4.13,3.99,4.07,19005
DNTL.TO,20240111,7.02,7.03,6.9,6.97,287926
DOL.TO,20240111,97.31,97.31,96.08,97.23,509254
DOO.TO,20240111,92.2,93.4,91.1,92.25,140880
DPM.TO,20240111,8.37,8.41,8.18,8.26,397127
DQD.TO,20240111,41.25,41.25,41.25,41.25,277
DR.TO,20240111,9.05,9.19,9,9.1,92951
DRCU.TO,20240111,18.35,18.35,18.35,18.35,281
DRFC.TO,20240111,26.66,26.66,26.45,26.5,800
DRFD.TO,20240111,21.03,21.03,21.03,21.03,400
DRFE.TO,20240111,19.59,19.59,19.59,19.59,100
DRFG.TO,20240111,25.58,25.58,25.52,25.52,1000
DRM.TO,20240111,23.36,23.64,23.09,23.59,18313
DRMC.TO,20240111,26.43,26.43,26.23,26.31,976
DRMD.TO,20240111,25.58,25.58,25.58,25.58,100
DRMU.TO,20240111,34.25,34.25,34.09,34.11,1400
DRR.UN.TO,20240111,9.1,9.1,9.1,9.1,100
DRT.TO,20240111,0.46,0.47,0.435,0.46,133532
DRX.TO,20240111,7.4,7.4,7.16,7.25,42652
DS.TO,20240111,6.19,6.19,6.14,6.19,7208
DSG.TO,20240111,110.25,112.59,109.72,112.39,88060
DSV.TO,20240111,0.69,0.69,0.67,0.68,141555
DTOL.TO,20240111,10.15,10.3,10.15,10.3,546
DXB.TO,20240111,18.36,18.4,18.32,18.39,22500
DXBC.TO,20240111,21.33,21.33,21.33,21.33,7600
DXBU.TO,20240111,21.64,21.64,21.64,21.64,9200
DXC.TO,20240111,34.11,34.11,33.87,34.04,22578
DXDB.TO,20240111,20.67,20.68,20.62,20.68,8895
DXEM.TO,20240111,12.31,12.31,12.31,12.31,2500
DXF.TO,20240111,34.26,34.26,34.04,34.04,250
DXG.TO,20240111,50.55,50.86,50.5,50.72,2011
DXGE.TO,20240111,21.61,21.66,21.61,21.66,14100
DXIF.TO,20240111,19.77,19.77,19.77,19.77,103
DXN.TO,20240111,19.1,19.1,19.1,19.1,300
DXO.TO,20240111,19.41,19.41,19.3,19.32,4750
DXP.TO,20240111,20,20.01,19.87,19.88,11785
DXQ.TO,20240111,23.35,23.35,23.34,23.34,796
DXT.TO,20240111,5.85,5.85,5.74,5.79,15477
DXU.TO,20240111,47.6,47.87,47.6,47.87,626
DXUS.TO,20240111,22.16,22.16,21.95,21.96,8300
DXV.TO,20240111,19.6,19.6,19.59,19.6,4600
DXW.TO,20240111,21.8,21.96,21.8,21.96,7825
DYA.TO,20240111,0.165,0.17,0.165,0.165,102009
E.TO,20240111,0.77,0.77,0.76,0.76,46550
EAGR.TO,20240111,0.53,0.53,0.53,0.53,8005
EBIT.TO,20240111,23.25,23.9,22.25,22.49,191370
EBIT.U.TO,20240111,17.44,17.89,16.73,16.78,8629
EBNK.TO,20240111,9.95,9.95,9.95,9.95,300
EBNK.U.TO,20240111,9.03,9.03,9.03,9.03,4000
ECN.TO,20240111,2.8,2.82,2.69,2.77,197385
ECN.DB.A.TO,20240111,81.5,81.5,81.5,81.5,5000
ECN.PR.C.TO,20240111,16,16,16,16,100
ECO.TO,20240111,3.82,3.97,3.82,3.95,1247016
ECOR.TO,20240111,1.69,1.69,1.69,1.69,4600
EDGE.TO,20240111,33.23,33.23,33.23,33.23,181
EDGF.TO,20240111,9.56,9.6,9.56,9.6,3113
EDR.TO,20240111,2.56,2.58,2.34,2.37,808462
EDT.TO,20240111,0.5,0.5,0.48,0.485,177280
EDV.TO,20240111,24.78,24.96,23.97,24.05,856129
EFN.TO,20240111,22.31,22.45,21.96,22.42,343820
EFN.PR.C.TO,20240111,24.85,24.85,24.85,24.85,400
EFN.PR.E.TO,20240111,24.68,24.7,24.67,24.67,2000
EFR.TO,20240111,9.38,9.54,9.15,9.47,260037
EFX.TO,20240111,6.09,6.09,5.89,5.93,184626
EGLX.TO,20240111,0.235,0.235,0.215,0.215,298252
EHE.TO,20240111,31.11,31.11,31.11,31.11,409
EIF.TO,20240111,46.91,46.98,45.95,46.88,80207
EIF.DB.J.TO,20240111,101.5,101.5,101.5,101.5,6000
EIF.DB.L.TO,20240111,98.75,99.1,98.7,99.1,32000
EIF.DB.M.TO,20240111,95.25,97.3,95.1,97,1618999
EIT.PR.B.TO,20240111,24.56,24.57,24.55,24.55,3000
EIT.UN.TO,20240111,13.08,13.09,13.01,13.09,192432
ELD.TO,20240111,16.29,16.39,16,16.26,195552
ELEF.TO,20240111,0.305,0.305,0.26,0.26,67610
ELF.PR.F.TO,20240111,20.32,20.32,20.31,20.31,300
ELF.PR.G.TO,20240111,18,18,18,18,1000
ELF.PR.H.TO,20240111,21.25,21.25,21.25,21.25,800
ELO.TO,20240111,1.95,2.01,1.84,1.85,52501
ELR.TO,20240111,0.195,0.195,0.195,0.195,6520
ELVA.TO,20240111,5.42,5.42,5.2,5.2,9590
EMA.TO,20240111,51.42,51.42,50.83,51.09,882846
EMA.PR.A.TO,20240111,13.8,13.95,13.8,13.95,8505
EMA.PR.B.TO,20240111,16.29,16.29,15.78,16,4075
EMA.PR.C.TO,20240111,21.31,21.31,21.28,21.3,1200
EMA.PR.E.TO,20240111,17.97,17.97,17.97,17.97,100
EMA.PR.F.TO,20240111,18.81,18.81,18.81,18.81,100
EMA.PR.H.TO,20240111,21.73,21.77,21.7,21.7,2948
EMA.PR.J.TO,20240111,19.86,19.86,19.86,19.86,333
EMA.PR.L.TO,20240111,17.8,17.88,17.8,17.88,2200
EMP.A.TO,20240111,35.02,35.15,34.92,35.1,387801
EMV.B.TO,20240111,25.93,25.93,25.87,25.9,2476
ENB.TO,20240111,49.49,49.54,48.88,49.08,4236531
ENB.PF.A.TO,20240111,16.8,16.85,16.8,16.85,3920
ENB.PF.C.TO,20240111,15.83,15.83,15.83,15.83,200
ENB.PF.E.TO,20240111,15.41,15.59,15.41,15.59,1925
ENB.PF.G.TO,20240111,15.41,15.61,15.41,15.61,3600
ENB.PF.K.TO,20240111,20.9,20.9,20.85,20.85,1084
ENB.PF.U.TO,20240111,19.1,19.1,19.07,19.1,1500
ENB.PF.V.TO,20240111,21.74,21.74,21.55,21.55,2300
ENB.PR.A.TO,20240111,20.95,20.95,20.85,20.85,1100
ENB.PR.B.TO,20240111,16.4,16.55,16.37,16.37,4300
ENB.PR.D.TO,20240111,16.78,16.78,16.74,16.75,6477
ENB.PR.F.TO,20240111,17.3,17.3,17.25,17.29,2632
ENB.PR.G.TO,20240111,19.75,19.75,19.75,19.75,400
ENB.PR.H.TO,20240111,18.85,18.85,18.79,18.79,3044
ENB.PR.J.TO,20240111,17.75,17.75,17.7,17.7,1712
ENB.PR.N.TO,20240111,20.8,20.8,20.56,20.56,6958
ENB.PR.P.TO,20240111,17.45,17.68,17.45,17.68,9900
ENB.PR.T.TO,20240111,16.65,16.8,16.65,16.8,700
ENB.PR.V.TO,20240111,21.1,21.2,21.04,21.04,9800
ENB.PR.Y.TO,20240111,15.73,15.73,15.6,15.66,8360
ENCC.TO,20240111,10.65,10.68,10.58,10.67,207126
ENCL.TO,20240111,18.95,19,18.79,18.97,27498
ENGH.TO,20240111,36.08,36.3,35.82,36.13,25148
ENI.UN.TO,20240111,1.4,1.4,1.4,1.4,5800
ENS.TO,20240111,12.14,12.17,12.09,12.15,25138
ENS.PR.A.TO,20240111,9.8,9.82,9.8,9.81,15316
EPRX.TO,20240111,5.61,5.62,5.3,5.41,10017
EPRX.WT.A.TO,20240111,3.5,3.5,3.5,3.5,3000
EQB.TO,20240111,92.5,92.79,90.44,91.43,84624
EQB.PR.C.TO,20240111,24.2,24.2,24.2,24.2,100
EQCL.TO,20240111,20.59,20.59,20.53,20.59,658
EQL.TO,20240111,31.96,31.96,31.71,31.86,25704
EQL.F.TO,20240111,27.9,27.9,27.7,27.88,6115
EQL.U.TO,20240111,23.75,23.76,23.62,23.73,8550
EQX.TO,20240111,6.24,6.24,6.02,6.12,369914
ERD.TO,20240111,0.32,0.33,0.315,0.32,51167
ERE.UN.TO,20240111,2.54,2.55,2.5,2.55,41851
ERF.TO,20240111,19.37,19.62,19.23,19.59,502285
ERO.TO,20240111,20.75,21.04,20.49,20.84,227957
ESG.TO,20240111,33.85,33.86,33.73,33.86,4700
ESG.F.TO,20240111,32.25,32.34,32.22,32.34,500
ESGE.TO,20240111,31.7,31.77,31.7,31.77,588
ESGY.TO,20240111,45.51,45.65,45.51,45.65,509
ESGY.F.TO,20240111,36.88,36.88,36.66,36.66,600
ESI.TO,20240111,2.13,2.18,2.09,2.15,218561
ESM.TO,20240111,0.035,0.035,0.03,0.035,87000
ESP.TO,20240111,3.15,3.18,3.15,3.18,5055
ESP.PR.A.TO,20240111,10.03,10.04,10.03,10.04,1100
ESPX.TO,20240111,22.06,22.06,22.06,22.06,322
ESPX.B.TO,20240111,22.28,22.28,22.28,22.28,200
ET.TO,20240111,14.21,14.21,13.9,13.95,10869
ETC.TO,20240111,10.36,10.7,10.15,10.2,11038
ETC.U.TO,20240111,9.68,9.68,9.68,9.68,151
ETG.TO,20240111,1.2,1.2,1.2,1.2,4200
ETHH.TO,20240111,10.78,10.97,10.46,10.58,360378
ETHH.B.TO,20240111,12.23,12.53,12,12.05,323653
ETHH.U.TO,20240111,11.43,11.72,11.19,11.3,33938
ETHI.TO,20240111,46.89,47.01,46.66,47.01,1555
ETHQ.TO,20240111,13.94,14.28,13.71,13.75,27566
ETHQ.U.TO,20240111,10.38,10.5,10.2,10.32,146794
ETHR.TO,20240111,12.16,12.46,11.93,11.99,91681
ETHR.U.TO,20240111,11.35,11.55,11.22,11.22,5519
ETHX.B.TO,20240111,12.72,13.05,12.45,12.51,734802
ETHX.U.TO,20240111,11.85,12.15,11.6,11.66,252071
ETHY.TO,20240111,3.89,3.91,3.75,3.79,73242
ETHY.B.TO,20240111,4.84,4.84,4.6,4.67,23310
ETHY.U.TO,20240111,3.72,3.72,3.66,3.66,890
ETP.TO,20240111,16.42,16.42,16.42,16.42,100
ETSX.TO,20240111,19.42,19.42,19.41,19.41,582
EVT.TO,20240111,138,138.82,137.99,138,1720
EXE.TO,20240111,7.3,7.37,7.21,7.33,116813
EXE.DB.C.TO,20240111,98.29,98.29,98.28,98.28,29000
EXN.TO,20240111,0.095,0.095,0.085,0.085,394440
EXRO.TO,20240111,1.18,1.18,1.08,1.13,300911
EXRO.WT.TO,20240111,0.45,0.45,0.45,0.45,4500
FANS.TO,20240111,0.05,0.05,0.045,0.05,80769
FAP.TO,20240111,2.66,2.68,2.63,2.68,29619
FAR.TO,20240111,2.14,2.2,2.14,2.18,95305
FBTC.TO,20240111,21.45,21.89,20.4,20.72,122645
FBTC.U.TO,20240111,16.06,16.33,15.25,15.39,8579
FC.TO,20240111,10.76,10.93,10.76,10.91,21277
FC.DB.H.TO,20240111,99.25,99.25,99.25,99.25,3000
FC.DB.K.TO,20240111,85,85.5,85,85.2,63000
FCCB.TO,20240111,22.18,22.26,22.13,22.25,6583
FCCD.TO,20240111,26.82,26.82,26.62,26.67,3336
FCCM.TO,20240111,10.51,10.51,10.51,10.51,1100
FCCQ.TO,20240111,31.4,31.4,31.4,31.4,100
FCCV.TO,20240111,13.33,13.33,13.15,13.23,6876
FCD.UN.TO,20240111,4.85,4.85,4.81,4.85,17510
FCGB.TO,20240111,21.94,21.98,21.87,21.98,17654
FCGB.U.TO,20240111,16.32,16.32,16.32,16.32,200
FCGI.TO,20240111,12.69,12.69,12.69,12.69,630
FCID.TO,20240111,25.49,25.53,25.48,25.48,1800
FCIG.TO,20240111,21.59,21.7,21.59,21.65,4059
FCIG.U.TO,20240111,16.11,16.11,16.07,16.07,400
FCIM.TO,20240111,10.49,10.57,10.49,10.57,2200
FCIQ.TO,20240111,35,35.22,35,35.1,2306
FCIV.TO,20240111,32.26,32.37,32.22,32.37,3100
FCQH.TO,20240111,46.63,46.63,46.62,46.62,710
FCR.UN.TO,20240111,15.46,15.46,15.12,15.43,540041
FCRR.TO,20240111,35.29,35.29,35.29,35.29,2600
FCSB.TO,20240111,24.73,24.75,24.72,24.75,3170
FCU.TO,20240111,1.12,1.15,1.11,1.14,2069971
FCUD.TO,20240111,31.28,31.28,31.11,31.21,15943
FCUH.TO,20240111,28.31,28.31,28.31,28.31,100
FCUL.TO,20240111,42.27,42.33,42.27,42.33,900
FCUQ.TO,20240111,49.38,49.38,49.01,49.3,4493
FCUV.TO,20240111,15.02,15.04,15,15.03,2202
FCVH.TO,20240111,14.65,14.65,14.57,14.57,700
FDGE.TO,20240111,0.345,0.345,0.34,0.34,8533
FDL.TO,20240111,30.11,30.11,30.1,30.1,700
FDN.TO,20240111,20.5,20.5,20.33,20.33,1800
FDY.TO,20240111,0.59,0.6,0.55,0.59,353700
FEBB.F.TO,20240111,40.4,40.4,40.4,40.4,800
FEC.TO,20240111,7.6,7.72,7.6,7.67,54921
FETH.TO,20240111,47.84,48.75,46.42,47.1,1813
FF.TO,20240111,0.125,0.125,0.12,0.12,594427
FFH.TO,20240111,1249.32,1262.18,1242.5,1252.81,146232
FFH.PR.D.TO,20240111,20.79,20.79,20.65,20.71,2200
FFH.PR.E.TO,20240111,16,16,16,16,100
FFH.PR.F.TO,20240111,16.81,17,16.81,17,1213
FFH.PR.G.TO,20240111,16.53,16.53,16.53,16.53,11000
FFH.PR.H.TO,20240111,18.2,18.2,18,18,700
FFH.PR.I.TO,20240111,17.09,17.1,17.01,17.01,1806
FFH.PR.J.TO,20240111,18.82,18.9,18.79,18.87,2860
FFH.PR.K.TO,20240111,19.8,19.8,19.75,19.75,200
FFH.PR.M.TO,20240111,22,22,22,22,242
FFN.TO,20240111,4.27,4.27,4.11,4.18,208830
FFN.PR.A.TO,20240111,10.1,10.11,10.09,10.11,8550
FGB.TO,20240111,17.93,17.93,17.93,17.93,4460
FGO.TO,20240111,10,10.01,9.99,10.01,3255
FHIS.TO,20240111,20.5,20.53,20.5,20.53,4472
FHQ.TO,20240111,80.72,81.02,80.72,81.02,400
FIE.TO,20240111,6.87,6.87,6.81,6.85,327042
FIG.TO,20240111,9.25,9.26,9.25,9.26,4300
FIH.U.TO,20240111,14.35,14.58,14.31,14.58,15769
FIL.TO,20240111,22.37,22.95,21.86,22.82,308781
FINT.TO,20240111,24.6,24.6,24.6,24.6,150
FLCI.TO,20240111,17.47,17.47,17.45,17.45,1500
FLCP.TO,20240111,17.61,17.61,17.61,17.61,300
FLDM.TO,20240111,21.99,21.99,21.99,21.99,1200
FLGA.TO,20240111,18.8,18.84,18.79,18.84,1300
FLI.TO,20240111,9.89,9.89,9.82,9.89,1694
FLNT.TO,20240111,0.025,0.025,0.025,0.025,1450
FLOW.TO,20240111,0.29,0.29,0.27,0.27,7600
FLSD.TO,20240111,18.69,18.73,18.69,18.73,555
FM.TO,20240111,12.5,12.84,12.48,12.74,3158262
FN.TO,20240111,38.62,38.62,37.9,38.2,30905
FN.PR.B.TO,20240111,13.4,13.4,13.3,13.4,600
FNV.TO,20240111,141.59,142.65,140.59,141.87,483289
FOM.TO,20240111,4.11,4.21,4.08,4.19,210482
FOOD.TO,20240111,0.275,0.29,0.275,0.275,36038
FOOD.DB.A.TO,20240111,38.5,40,38.5,40,20999
FORA.TO,20240111,4.51,4.51,4.5,4.5,550
FORZ.TO,20240111,0.145,0.145,0.145,0.145,1659925
FPR.TO,20240111,20.21,20.25,20.21,20.25,3595
FR.TO,20240111,7.31,7.37,6.98,7.12,668363
FRU.TO,20240111,14.04,14.21,13.81,14.2,376142
FSB.TO,20240111,9.6,9.6,9.6,9.6,323
FSL.TO,20240111,17.01,17.01,17.01,17.01,565
FST.TO,20240111,44.52,44.52,44.52,44.52,185
FSV.TO,20240111,215.5,215.5,211.96,214.88,35197
FSY.TO,20240111,0.9,0.98,0.89,0.98,392419
FSZ.TO,20240111,6.43,6.47,6.3,6.36,371810
FSZ.DB.B.TO,20240111,105,105,105,105,15000
FT.TO,20240111,0.045,0.05,0.045,0.05,105197
FTG.TO,20240111,4.15,4.16,4.12,4.12,3222
FTN.TO,20240111,7.77,7.77,7.63,7.68,173236
FTN.PR.A.TO,20240111,10.2,10.22,10.16,10.21,67363
FTS.TO,20240111,55.81,55.81,54.69,54.95,718814
FTS.PR.F.TO,20240111,19.9,19.99,19.77,19.77,2600
FTS.PR.G.TO,20240111,20.85,20.9,20.8,20.8,1689
FTS.PR.H.TO,20240111,13.6,13.61,13.59,13.61,4800
FTS.PR.I.TO,20240111,15.51,15.51,15.4,15.48,2601
FTS.PR.J.TO,20240111,19.17,19.25,19.05,19.05,12300
FTS.PR.K.TO,20240111,18.14,18.14,18.05,18.05,8625
FTS.PR.M.TO,20240111,18.05,18.1,18.02,18.06,2843
FTT.TO,20240111,37.61,38.3,37.38,38.21,150682
FTU.PR.B.TO,20240111,6,6.1,5.86,5.86,6575
FURY.TO,20240111,0.55,0.55,0.52,0.53,7600
FVI.TO,20240111,4.96,5,4.75,4.86,512629
FVL.TO,20240111,0.495,0.5,0.49,0.495,587605
FWCP.TO,20240111,17.11,17.15,17.11,17.15,17500
FXM.TO,20240111,20.42,20.55,20.42,20.55,2750
G.TO,20240111,0.82,0.82,0.76,0.76,16454
GATO.TO,20240111,8.29,8.53,8.15,8.15,2605
GAU.TO,20240111,1.32,1.33,1.28,1.28,61114
GBAL.TO,20240111,44.21,44.4,44.21,44.39,1912
GBT.TO,20240111,13.62,13.7,12.98,12.98,36245
GCBD.TO,20240111,17.96,17.96,17.94,17.96,11561
GCG.TO,20240111,44,44,43,43,1200
GCG.A.TO,20240111,43.03,43.03,42.75,42.8,2009
GCL.TO,20240111,1.19,1.19,1.19,1.19,5140
GCNS.TO,20240111,40.26,40.26,40.26,40.26,175
GCSC.TO,20240111,22.51,22.51,22.51,22.51,505
GCTB.TO,20240111,50.12,50.14,50.12,50.14,3279
GDC.TO,20240111,2.31,2.34,2.27,2.34,2000
GDI.TO,20240111,36.67,37.02,36.5,37.02,3476
GDL.TO,20240111,14.03,14.03,14.03,14.03,200
GDPY.B.TO,20240111,19.8,19.8,19.8,19.8,200
GDV.TO,20240111,9.28,9.28,8.97,9.08,21763
GDV.PR.A.TO,20240111,9.62,9.62,9.6,9.6,950
GEI.TO,20240111,20.78,20.88,20.55,20.83,345111
GENM.TO,20240111,0.195,0.2,0.19,0.2,57133
GEO.TO,20240111,1.79,1.8,1.79,1.8,8950
GEQT.TO,20240111,51.77,51.77,51.39,51.39,559
GFL.TO,20240111,43.79,43.84,43.28,43.77,108283
GFP.TO,20240111,0.9,0.9,0.84,0.86,68400
GGD.TO,20240111,1.25,1.26,1.2,1.23,443620
GGEM.TO,20240111,14.21,14.31,14.19,14.31,1437
GGRO.TO,20240111,48.05,48.05,47.75,48.05,551
GH.TO,20240111,9.3,9.3,9.25,9.3,1600
GIB.A.TO,20240111,141.84,143.44,141.62,142.98,424125
GIL.TO,20240111,42.5,42.51,41.55,42.27,324192
GIQG.TO,20240111,23.33,23.35,23.27,23.34,2011
GIQG.B.TO,20240111,24.34,24.35,24.29,24.3,4498
GIVX.TO,20240111,0.72,0.78,0.71,0.77,78500
GLCC.TO,20240111,22.03,22.18,21.8,21.92,64313
GLO.TO,20240111,3.1,3.2,3.04,3.19,487169
GLXY.TO,20240111,11.8,12.4,9.94,10.59,2277382
GMIN.TO,20240111,1.75,1.75,1.67,1.7,45222
GMTN.TO,20240111,0.02,0.02,0.01,0.01,3595219
GMX.TO,20240111,0.89,0.89,0.83,0.88,61250
GOLD.TO,20240111,1.17,1.17,1.12,1.13,126488
GOOS.TO,20240111,15.6,15.91,15.2,15.91,255562
GRA.TO,20240111,2.28,2.28,2.13,2.19,112730
GRC.TO,20240111,0.08,0.08,0.08,0.08,1060
GRID.TO,20240111,0.81,0.81,0.81,0.81,2000
GRN.TO,20240111,0.15,0.15,0.14,0.145,149305
GRNI.TO,20240111,26.52,26.52,26.49,26.49,4800
GRT.UN.TO,20240111,77.06,78.33,75.88,78.09,54685
GSY.TO,20240111,160.48,161.1,157.28,160.31,22827
GTE.TO,20240111,6.92,6.96,6.84,6.86,67791
GUD.TO,20240111,5.71,5.71,5.62,5.67,58345
GURU.TO,20240111,2.23,2.63,2.23,2.5,26630
GUTB.U.TO,20240111,50.16,50.16,50.16,50.16,1400
GWO.TO,20240111,43.18,43.26,42.78,43.17,581739
GWO.PR.G.TO,20240111,20.37,20.37,20.12,20.14,16480
GWO.PR.H.TO,20240111,18.81,18.85,18.8,18.85,3688
GWO.PR.I.TO,20240111,17.91,17.96,17.8,17.82,5920
GWO.PR.L.TO,20240111,21.68,21.68,21.68,21.68,1500
GWO.PR.M.TO,20240111,22.81,22.81,22.77,22.77,3200
GWO.PR.N.TO,20240111,14.04,14.15,14.04,14.15,1330
GWO.PR.P.TO,20240111,20.95,21.01,20.95,21.01,2400
GWO.PR.Q.TO,20240111,19.91,19.92,19.91,19.91,3531
GWO.PR.R.TO,20240111,18.7,18.72,18.7,18.71,4400
GWO.PR.S.TO,20240111,20.47,20.55,20.42,20.45,8600
GWO.PR.T.TO,20240111,20.05,20.09,20,20,3000
GWO.PR.Y.TO,20240111,18,18.39,17.86,18.39,5100
GXE.TO,20240111,0.64,0.64,0.62,0.64,330541
H.TO,20240111,38.8,39.22,38.47,38.95,919520
HAB.TO,20240111,9.82,9.88,9.82,9.88,2500
HAC.TO,20240111,28.04,28.04,28,28,948
HAF.TO,20240111,7.25,7.25,7.21,7.21,6100
HAI.TO,20240111,3.8,4,3.8,3.89,58260
HAL.TO,20240111,18.92,18.92,18.77,18.84,7751
HARC.TO,20240111,23.77,23.77,23.76,23.76,200
HAZ.TO,20240111,31.24,31.24,31.05,31.14,3749
HBA.TO,20240111,22.46,22.46,22.46,22.46,152
HBAL.TO,20240111,13.91,13.91,13.89,13.89,1084
HBB.TO,20240111,46.79,46.81,46.65,46.76,23410
HBD.TO,20240111,10.55,10.64,10.55,10.64,1905
HBF.TO,20240111,9.57,9.58,9.53,9.56,9650
HBF.B.TO,20240111,10.45,10.45,10.43,10.43,500
HBGD.TO,20240111,26.98,27.03,24.96,24.98,2506
HBKU.TO,20240111,19.43,19.44,19.07,19.07,612
HBLK.TO,20240111,14.83,14.83,14.12,14.24,3490
HBM.TO,20240111,7.21,7.36,7.12,7.25,1304781
HBND.TO,20240111,16,16.05,15.91,16.05,27769
HBNK.TO,20240111,20.8,20.8,20.51,20.59,17187
HBP.TO,20240111,0.19,0.19,0.18,0.185,30050
HBU.TO,20240111,11.4,11.4,11.2,11.34,3943
HCA.TO,20240111,20.89,20.99,20.82,20.91,2700
HCAL.TO,20240111,20.4,20.4,20.03,20.14,90361
HCLN.TO,20240111,9.32,9.32,9.25,9.25,612
HCON.TO,20240111,12.76,12.76,12.76,12.76,3089
HCRE.TO,20240111,24.79,24.79,24.79,24.79,238
HDIF.TO,20240111,8.1,8.1,7.99,8.04,73484
HDIV.TO,20240111,15.72,15.72,15.52,15.64,49671
HEB.TO,20240111,16.22,16.22,16.2,16.21,3000
HED.TO,20240111,5.63,5.67,5.57,5.59,15313
HEQL.TO,20240111,21.75,21.75,21.73,21.73,296
HEQT.TO,20240111,14.92,14.92,14.79,14.86,33510
HEU.TO,20240111,23.35,23.45,22.99,23.35,84687
HEWB.TO,20240111,30.75,30.75,30.37,30.49,21586
HFD.TO,20240111,9.96,10.24,9.95,10.14,20248
HFIN.TO,20240111,14.58,14.58,14.43,14.53,4534
HFPC.U.TO,20240111,2.63,2.63,2.41,2.52,58165
HFR.TO,20240111,9.86,9.86,9.85,9.85,11118
HFU.TO,20240111,19.72,19.72,19.3,19.48,19721
HGD.TO,20240111,5.65,5.87,5.59,5.77,516501
HGR.TO,20240111,6.28,6.28,6.17,6.28,18636
HGU.TO,20240111,12.94,13.04,12.44,12.69,268089
HGY.TO,20240111,9.72,9.72,9.71,9.72,925
HHL.TO,20240111,8.26,8.27,8.21,8.25,147033
HHL.B.TO,20240111,8.92,8.92,8.92,8.92,100
HHL.U.TO,20240111,8.7,8.7,8.7,8.7,11016
HHLE.TO,20240111,10.48,10.48,10.38,10.45,10254
HIG.TO,20240111,8.52,8.52,8.52,8.52,1000
HISU.U.TO,20240111,100.18,100.18,100.18,100.18,859
HIU.TO,20240111,12.91,13.04,12.91,12.95,17884
HIX.TO,20240111,28.81,28.84,28.81,28.83,2300
HLF.TO,20240111,11.95,12.1,11.88,12.02,12572
HLFE.TO,20240111,9.82,9.82,9.82,9.82,700
HLIF.TO,20240111,8.82,8.82,8.82,8.82,2000
HLIT.TO,20240111,24.05,24.05,23.51,23.67,1272
HLPR.TO,20240111,23.08,23.08,23.06,23.06,2600
HMAX.TO,20240111,13.88,13.88,13.7,13.78,173454
HMM.A.TO,20240111,8.68,8.68,8.65,8.67,3913
HMMJ.TO,20240111,8.99,8.99,8.9,8.96,2667
HMP.TO,20240111,9.3,9.33,9.3,9.33,2127
HND.TO,20240111,57.9,59.66,54.35,59.44,653379
HNU.TO,20240111,9.12,9.69,8.85,8.9,6727453
HOD.TO,20240111,8.77,9.09,8.6,8.94,1585473
HOG.TO,20240111,10.43,10.43,10.43,10.43,400
HOM.U.TO,20240111,11.7,11.71,11.68,11.68,19808
HOM.UN.TO,20240111,15.87,15.87,15.64,15.69,10908
HOT.UN.TO,20240111,0.81,0.82,0.81,0.82,19100
HOU.TO,20240111,11.87,12.08,11.47,11.66,1513119
HPF.TO,20240111,3.35,3.36,3.35,3.35,6704
HPR.TO,20240111,7.81,7.83,7.81,7.81,39798
HPS.A.TO,20240111,82.21,84.49,81.42,82.15,47707
HPYT.TO,20240111,11.9,11.98,11.87,11.97,159541
HQD.TO,20240111,16,16.42,15.88,16.01,493722
HQU.TO,20240111,16.91,17.02,16.46,16.87,1294947
HR.UN.TO,20240111,9.88,10.08,9.72,10.06,462118
HRAA.TO,20240111,10.95,11.03,10.95,11,14700
HREU.TO,20240111,15.3,15.35,15.3,15.35,1600
HRX.TO,20240111,15.53,15.9,15.37,15.77,6658
HSAV.TO,20240111,109.75,109.81,109.74,109.76,42104
HSD.TO,20240111,22.38,22.87,22.33,22.48,299753
HSH.TO,20240111,58.95,58.95,58.65,58.65,2310
HSL.TO,20240111,8.87,8.88,8.87,8.87,3800
HSU.TO,20240111,18.29,18.34,17.9,18.21,247420
HSUV.U.TO,20240111,108.15,108.15,108.1,108.13,12388
HTA.TO,20240111,16.43,16.49,16.3,16.46,33266
HTAE.TO,20240111,14.68,14.79,14.53,14.71,26970
HTL.TO,20240111,1.3,1.31,1.3,1.31,1713
HUBL.TO,20240111,11.17,11.17,11.03,11.11,922
HUBL.U.TO,20240111,12.37,12.37,12.37,12.37,1001
HUC.TO,20240111,20.3,20.34,20.28,20.34,1272
HUF.U.TO,20240111,10.04,10.04,10.04,10.04,110
HUG.TO,20240111,16.09,16.1,15.98,16.08,32263
HULC.TO,20240111,76.05,76.19,75.74,76.07,2256
HULC.U.TO,20240111,56.44,56.63,56.44,56.63,2500
HUN.TO,20240111,9.15,9.15,8.97,8.97,930
HURA.TO,20240111,36.99,37.53,36.7,37.5,8990
HUT.TO,20240111,17.9,18.11,14.82,15.06,2374800
HUTE.TO,20240111,9.81,9.81,9.71,9.71,5558
HUTL.TO,20240111,16.55,16.55,16.44,16.44,6593
HUTS.TO,20240111,12.27,12.37,12.26,12.31,12180
HUV.TO,20240111,10.28,10.72,10.26,10.41,147714
HUZ.TO,20240111,10.46,10.49,10.26,10.35,24937
HWO.TO,20240111,1.15,1.16,1.11,1.12,17800
HWX.TO,20240111,6.04,6.07,5.92,6.02,404675
HXCN.TO,20240111,33.36,33.42,33.2,33.42,6988
HXD.TO,20240111,6.35,6.51,6.35,6.43,73551
HXDM.TO,20240111,42.74,42.74,42.4,42.55,9585
HXDM.U.TO,20240111,31.85,31.85,31.85,31.85,100
HXE.TO,20240111,31.57,31.58,31.47,31.58,505
HXEM.TO,20240111,32.02,32.15,32,32.15,1818
HXF.TO,20240111,64,64,63.95,63.95,200
HXH.TO,20240111,46.58,46.58,46.43,46.43,250
HXQ.TO,20240111,64.29,64.41,63.73,64.24,24494
HXS.TO,20240111,65.13,65.14,64.7,65.05,27507
HXS.U.TO,20240111,48.26,48.46,48.26,48.46,230
HXT.TO,20240111,53.63,53.7,53.02,53.35,839066
HXU.TO,20240111,20.34,20.34,19.86,20.09,47354
HXX.TO,20240111,45.23,45.23,44.92,45.14,3943
HYDR.TO,20240111,9.18,9.18,9,9,768
HYI.TO,20240111,7.54,7.54,7.51,7.54,5105
HYLD.TO,20240111,12.41,12.45,12.31,12.43,112146
HYLD.U.TO,20240111,12.7,12.7,12.58,12.58,5651
HZD.TO,20240111,15.22,15.88,15.16,15.52,58007
HZM.TO,20240111,0.22,0.22,0.21,0.21,31500
HZU.TO,20240111,18.35,18.45,17.68,18.06,79328
IAF.PR.B.TO,20240111,20.4,20.5,20.31,20.31,4025
IAG.TO,20240111,88.25,88.51,87.45,88.33,121813
IAU.TO,20240111,2,2.02,1.91,1.95,237828
IDG.TO,20240111,1.72,1.72,1.65,1.65,16186
IE.TO,20240111,12.26,12.26,11.87,11.87,2420
IFA.TO,20240111,1.21,1.21,1.2,1.21,2500
IFC.TO,20240111,205.28,205.94,202.9,205.04,441422
IFC.PR.A.TO,20240111,18.07,18.07,18.02,18.02,800
IFC.PR.C.TO,20240111,18.74,18.92,18.74,18.76,25901
IFC.PR.F.TO,20240111,20.79,20.79,20.79,20.79,100
IFC.PR.G.TO,20240111,22.29,22.29,21.93,21.93,1651
IFC.PR.I.TO,20240111,21.52,21.52,21.5,21.52,1500
IFC.PR.K.TO,20240111,20.5,20.77,20.5,20.55,2300
IFP.TO,20240111,24.28,24.28,22.31,23.08,347191
IFRF.TO,20240111,8.71,8.71,8.71,8.71,600
IGB.TO,20240111,17.9,17.9,17.88,17.88,3000
IGBT.UN.TO,20240111,10.1,10.1,10.1,10.1,110
IGCF.TO,20240111,16.51,16.51,16.51,16.51,200
IGM.TO,20240111,35.16,35.3,34.77,35.18,107592
IGX.TO,20240111,0.24,0.24,0.215,0.215,27500
IICE.TO,20240111,20.63,20.63,20.63,20.63,200
III.TO,20240111,2.43,2.51,2.4,2.5,35000
IIMF.TO,20240111,20.6,20.6,20.6,20.6,1200
IIMF.F.TO,20240111,20.92,20.92,20.85,20.9,800
IIP.UN.TO,20240111,13.05,13.15,12.93,13.13,244105
ILLM.TO,20240111,1.65,1.68,1.62,1.64,40071
IMG.TO,20240111,3.2,3.25,3.11,3.16,795105
IMO.TO,20240111,78.07,78.34,77.16,78.28,2681073
IMP.TO,20240111,0.62,0.62,0.61,0.61,1000
INC.UN.TO,20240111,7.26,7.28,7.05,7.08,8437
INE.TO,20240111,9.44,9.44,9.01,9.21,1057969
INE.DB.C.TO,20240111,92.45,92.5,92.45,92.5,25000
INE.PR.A.TO,20240111,12.25,12.25,12.02,12.15,12550
INE.PR.C.TO,20240111,20.5,20.5,20.5,20.5,1605
INO.UN.TO,20240111,1.71,1.71,1.62,1.64,69940
INOC.TO,20240111,14.29,14.29,14.29,14.29,400
IPCI.TO,20240111,0.07,0.07,0.07,0.07,1000
IPCO.TO,20240111,15,15.06,14.82,14.85,76763
IPO.TO,20240111,2.26,2.3,2.23,2.29,106050
IQD.TO,20240111,32.42,32.5,32.35,32.5,1177
IQD.B.TO,20240111,28.41,28.41,28.35,28.35,798
ISV.TO,20240111,23.47,23.47,23.04,23.3,906
ITE.TO,20240111,0.175,0.175,0.175,0.175,69046
ITH.TO,20240111,0.88,0.88,0.86,0.86,1000
IUMF.F.TO,20240111,19.9,19.92,19.9,19.9,3700
IVN.TO,20240111,13.4,13.45,13.3,13.35,1872632
IVQ.TO,20240111,0.36,0.36,0.36,0.36,500
IVQ.DB.U.TO,20240111,42.5,42.5,42.5,42.5,5000
IVQ.DB.V.TO,20240111,40,40,40,40,1000
IVQ.U.TO,20240111,0.265,0.265,0.265,0.265,875
IXTE.TO,20240111,19.06,19.1,19.06,19.1,200
JAG.TO,20240111,1.59,1.6,1.53,1.57,17451
JAPN.TO,20240111,41.99,41.99,41.82,41.82,6291
JAPN.B.TO,20240111,30.75,30.75,30.75,30.75,100
JFS.UN.TO,20240111,24.2,24.26,24.06,24.26,5328
JOY.TO,20240111,3.65,3.72,3.61,3.71,37741
JWEL.TO,20240111,30.99,31.22,30.51,31.11,39967
K.TO,20240111,7.52,7.59,7.46,7.54,2018943
KBL.TO,20240111,33.48,34.31,33.21,34.31,2738
KEC.TO,20240111,11.29,11.3,11.29,11.3,600
KEG.UN.TO,20240111,14.14,14.25,14.09,14.22,1400
KEI.TO,20240111,4.77,4.8,4.64,4.8,8701
KEL.TO,20240111,5.72,5.72,5.62,5.64,163503
KEY.TO,20240111,32.17,32.55,31.96,32.48,381986
KILO.TO,20240111,30.2,30.25,30,30.2,1968
KILO.B.TO,20240111,32.3,32.3,32.3,32.3,100
KITS.TO,20240111,6.28,6.4,6.26,6.4,14363
KLS.TO,20240111,0.22,0.22,0.22,0.22,697
KMP.UN.TO,20240111,18.43,18.43,18.21,18.31,172747
KNT.TO,20240111,6.97,7.02,6.8,6.9,920091
KPT.TO,20240111,9,9,8.93,8.95,43241
KRN.TO,20240111,0.165,0.165,0.165,0.165,930
KRR.TO,20240111,4.38,4.4,4.27,4.28,164978
KSI.TO,20240111,3.04,3.12,3.04,3.12,27872
KXS.TO,20240111,142.98,144.69,142.86,143.95,72357
L.TO,20240111,128,130,127.17,129.82,290807
L.PR.B.TO,20240111,21.29,21.29,21,21.06,3019
LAAC.TO,20240111,7.57,7.61,7.28,7.43,427760
LABS.TO,20240111,0.07,0.075,0.065,0.065,747510
LAC.TO,20240111,7.81,7.81,7.2,7.21,720920
LAM.TO,20240111,0.78,0.81,0.77,0.81,480168
LAS.A.TO,20240111,139.72,139.72,139.72,139.72,100
LB.TO,20240111,26.81,26.9,26.52,26.6,201762
LB.PR.H.TO,20240111,15.75,15.76,15.72,15.75,5450
LBS.TO,20240111,7.85,7.87,7.74,7.74,72097
LBS.PR.A.TO,20240111,9.91,9.92,9.91,9.91,48900
LCFS.TO,20240111,9.2,9.2,9.14,9.18,2401
LCS.TO,20240111,6.38,6.38,6.17,6.21,20682
LCS.PR.A.TO,20240111,10.13,10.13,10.12,10.12,1300
LEV.TO,20240111,2.4,2.67,2.4,2.48,654227
LEV.WT.TO,20240111,0.09,0.09,0.075,0.09,16100
LEV.WT.A.TO,20240111,0.57,0.58,0.57,0.57,1500
LFE.TO,20240111,4.12,4.13,4.04,4.11,6272
LFE.PR.B.TO,20240111,10.13,10.15,10.12,10.13,4845
LGD.TO,20240111,0.28,0.2825,0.275,0.275,246001
LGO.TO,20240111,3.46,3.46,3.2,3.2,30933
LIF.TO,20240111,31.86,32.43,31.86,32.35,129957
LIFE.TO,20240111,21.68,21.68,21.5,21.55,6679
LIFE.B.TO,20240111,25.01,25.01,24.9,24.91,5669
LIRC.TO,20240111,8.27,8.27,8.02,8.03,27610
LN.TO,20240111,0.35,0.35,0.35,0.35,1000
LNF.TO,20240111,19.43,19.63,19.34,19.45,2220
LNR.TO,20240111,63.4,64.21,62.58,63.69,82608
LPAY.TO,20240111,28.5,28.69,28.5,28.69,66800
LPAY.U.TO,20240111,21.3,21.41,21.28,21.39,101000
LPEN.TO,20240111,0.195,0.195,0.18,0.18,40000
LSPD.TO,20240111,25.7,25.94,25.03,25.52,491008
LUC.TO,20240111,0.3975,0.41,0.3975,0.4,20500
LUG.TO,20240111,15.01,15.26,14.91,15.09,246256
LUN.TO,20240111,10.59,10.61,10.38,10.52,1423894
LYFR.TO,20240111,10.17,10.17,10.17,10.17,3000
MAG.TO,20240111,13.09,13.12,12.66,12.72,188248
MAL.TO,20240111,7.65,7.77,7.65,7.77,2328
MARI.TO,20240111,3.08,3.08,2.77,3,52738
MATR.TO,20240111,14.87,14.87,14.4,14.6,124455
MBX.TO,20240111,0.39,0.395,0.39,0.39,4000
MCAD.TO,20240111,100.2,100.2,100.2,100.2,300
MCB.TO,20240111,1.97,1.97,1.97,1.97,4893
MCSB.TO,20240111,19.17,19.17,19.17,19.17,9200
MCSM.TO,20240111,35.77,35.77,35.68,35.75,542
MDA.TO,20240111,11.05,11.05,10.8,10.91,62396
MDF.TO,20240111,4.07,4.13,4.05,4.07,4300
MDI.TO,20240111,9,9.07,8.87,8.92,74457
MDIV.TO,20240111,14.03,14.03,14.02,14.02,1000
MDNA.TO,20240111,0.435,0.435,0.415,0.415,21241
MDP.TO,20240111,2.69,2.69,2.43,2.43,103290
MDVD.TO,20240111,22.35,22.35,22.35,22.35,100
MEG.TO,20240111,23.33,23.53,23.02,23.42,2152543
MEQ.TO,20240111,146.85,146.86,146.85,146.86,200
MESH.TO,20240111,7.43,7.43,7.32,7.36,980
MFC.TO,20240111,28.86,28.91,28.45,28.77,6259105
MFC.PR.B.TO,20240111,19.13,19.13,19.11,19.11,1700
MFC.PR.C.TO,20240111,18.9,18.9,18.55,18.57,6500
MFC.PR.F.TO,20240111,14.65,14.66,14.6,14.6,57902
MFC.PR.I.TO,20240111,22.6,22.6,22.51,22.58,3470
MFC.PR.J.TO,20240111,22.87,22.87,22.87,22.87,100
MFC.PR.K.TO,20240111,22.85,22.85,22.7,22.7,884
MFC.PR.L.TO,20240111,19.27,19.27,19.24,19.24,3190
MFC.PR.M.TO,20240111,18.82,18.99,18.82,18.99,3100
MFC.PR.N.TO,20240111,18.7,18.7,18.64,18.65,17802
MFC.PR.Q.TO,20240111,22.53,22.53,22.53,22.53,200
MFI.TO,20240111,25.87,26.06,25.26,25.69,201009
MFT.TO,20240111,17.32,17.37,17.3,17.37,25679
MG.TO,20240111,75.87,76.32,75.05,76.17,611516
MGA.TO,20240111,0.435,0.44,0.4275,0.44,411355
MGB.TO,20240111,16.3,16.38,16.3,16.38,2376
MGRW.TO,20240111,24.23,24.23,24.23,24.23,175
MHC.U.TO,20240111,16.04,16.04,15.81,15.85,10900
MHCD.TO,20240111,11.2,11.22,11.19,11.22,1000
MI.UN.TO,20240111,16.04,16.39,15.94,16.31,100418
MIC.PR.A.TO,20240111,18.87,18.87,18.48,18.48,800
MID.UN.TO,20240111,6.49,6.49,6.4,6.46,12247
MIN.TO,20240111,0.16,0.16,0.16,0.16,855
MINN.TO,20240111,16,16,15.99,16,1427
MKB.TO,20240111,18.84,18.93,18.81,18.93,11345
MKC.TO,20240111,31.79,31.79,31.59,31.79,1221
MKP.TO,20240111,16.14,16.14,15.9,16,37764
MKZ.UN.TO,20240111,0.365,0.37,0.355,0.365,5500
MMP.UN.TO,20240111,1.64,1.64,1.64,1.64,800
MND.TO,20240111,1.87,1.87,1.83,1.84,10900
MNO.TO,20240111,0.36,0.36,0.35,0.35,118200
MNS.TO,20240111,16.36,16.36,16.25,16.32,2856
MNT.TO,20240111,27.01,27.01,26.91,27,2869
MNU.U.TO,20240111,100.18,100.18,100.18,100.18,401
MNY.TO,20240111,100.16,100.16,100.16,100.16,490
MOGO.TO,20240111,2.57,2.57,2.4,2.42,64645
MPAY.TO,20240111,27.68,27.75,27.68,27.75,31910
MPAY.U.TO,20240111,20.65,20.7,20.65,20.7,53200
MPC.TO,20240111,6.5,6.5,6.3,6.3,5200
MPCT.DB.A.TO,20240111,86.1,86.1,85.01,85.01,17000
MPCT.UN.TO,20240111,7.25,7.25,6.8,6.8,62432
MPVD.TO,20240111,0.27,0.27,0.25,0.27,156946
MR.DB.B.TO,20240111,97.51,97.51,96.6,96.6,40000
MR.UN.TO,20240111,4.54,4.55,4.38,4.43,8494
MRC.TO,20240111,111.86,113.78,111.86,113.78,441
MRD.TO,20240111,11.54,11.6,11.42,11.42,4886
MRE.TO,20240111,13.96,13.96,13.51,13.82,170862
MREL.TO,20240111,12.02,12.06,11.96,12.06,4327
MRG.UN.TO,20240111,15.23,15.23,14.93,15.21,14657
MRT.DB.A.TO,20240111,92,92,92,92,3000
MRT.UN.TO,20240111,5.4,5.45,5.33,5.45,7719
MRU.TO,20240111,68.5,68.84,67.93,68.68,307478
MSA.TO,20240111,0.69,0.74,0.69,0.7,40756
MTAV.TO,20240111,23.75,23.75,23.75,23.75,100
MTL.TO,20240111,14.11,14.11,13.9,14.09,151471
MTL.DB.TO,20240111,110.85,110.98,110.85,110.94,29000
MTY.TO,20240111,55.05,55.38,53.82,54.89,20086
MUB.TO,20240111,18.14,18.24,18.1,18.24,34375
MULC.B.TO,20240111,47.75,47.83,47.75,47.83,300
MUS.TO,20240111,33.71,33.71,33.56,33.56,2010
MUX.TO,20240111,8.91,8.91,8.71,8.82,12318
MVP.TO,20240111,1.42,1.42,1.36,1.36,9400
MWD.TO,20240111,27.3,27.4,27.28,27.35,6700
MX.TO,20240111,60.07,60.87,59.53,60.53,47354
MXG.TO,20240111,4.56,4.62,4.47,4.47,6747
NA.TO,20240111,100.82,101.38,100.12,100.82,2080469
NA.PR.C.TO,20240111,25.31,25.31,25.3,25.3,4600
NA.PR.E.TO,20240111,21.57,21.57,21.46,21.46,1200
NA.PR.G.TO,20240111,24.68,24.68,24.37,24.55,3200
NA.PR.S.TO,20240111,19.9,20,19.9,19.97,6668
NA.PR.W.TO,20240111,18.32,18.7,18.3,18.5,15326
NALT.TO,20240111,22.93,23,22.92,22.92,3113
NANO.TO,20240111,2.29,2.29,2.24,2.29,32791
NB.TO,20240111,4.19,4.19,4.01,4.05,10212
NBLY.TO,20240111,15.85,16.07,15.55,15.89,63121
NCF.TO,20240111,0.025,0.025,0.025,0.025,50000
NCP.TO,20240111,0.02,0.02,0.02,0.02,1771278
NCU.TO,20240111,0.13,0.13,0.13,0.13,54102
NDM.TO,20240111,0.39,0.41,0.385,0.385,59959
NEO.TO,20240111,7.95,7.95,7.69,7.69,36847
NEXT.TO,20240111,1.07,1.08,1.05,1.08,39254
NFI.TO,20240111,13.88,14.1,13.6,14.03,112004
NFI.DB.TO,20240111,86.49,86.5,86,86,170000
NG.TO,20240111,4.77,4.81,4.67,4.72,92047
NGD.TO,20240111,1.82,1.82,1.74,1.81,858470
NGPE.TO,20240111,40.1,40.15,40.1,40.15,1000
NGT.TO,20240111,50.85,50.92,49.97,50.29,163033
NHYB.TO,20240111,21.41,21.46,21.41,21.46,2210
NOA.TO,20240111,28.05,28.94,28.05,28.89,85839
NOA.DB.B.TO,20240111,125,125,125,125,10000
NOVB.F.TO,20240111,38.67,38.67,38.67,38.67,200
NOVC.TO,20240111,0.89,0.9,0.89,0.89,7500
NPI.TO,20240111,25.29,25.29,24.24,24.79,1109486
NPI.PR.A.TO,20240111,16.11,16.55,16.11,16.25,2442
NPK.TO,20240111,1.36,1.39,1.33,1.36,25350
NPRF.TO,20240111,20.07,20.21,20.01,20.21,8133
NRR.UN.TO,20240111,13.76,13.98,13.6,13.98,3206
NSCB.TO,20240111,22.19,22.19,22.19,22.19,300
NSCC.TO,20240111,21.74,21.81,21.74,21.8,700
NSCE.TO,20240111,36.41,36.56,36.41,36.56,525
NTR.TO,20240111,71.35,71.6,70.35,70.84,2171875
NUAG.TO,20240111,2.15,2.15,2.09,2.12,16819
NUBF.TO,20240111,21.3,21.31,21.27,21.31,5860
NUMI.TO,20240111,0.18,0.18,0.16,0.165,387430
NUSA.TO,20240111,37.4,37.44,37.38,37.4,2885
NVA.TO,20240111,10.9,10.94,10.68,10.92,176651
NVEI.TO,20240111,33,33.32,32.24,33.01,203389
NVO.TO,20240111,0.18,0.18,0.17,0.175,10536
NWC.TO,20240111,39.12,39.28,38.76,38.83,67510
NWH.DB.G.TO,20240111,99,99,98.61,99,213000
NWH.DB.I.TO,20240111,83.06,83.06,82.77,82.77,8000
NWH.UN.TO,20240111,5.18,5.23,5.02,5.21,511441
NXE.TO,20240111,9.2,9.57,9.15,9.45,11957350
NXF.TO,20240111,5.94,5.95,5.92,5.94,49241
NXF.B.TO,20240111,7.58,7.61,7.57,7.58,21201
NXR.UN.TO,20240111,8.35,8.35,8.1,8.21,118090
OBE.TO,20240111,8.99,9.09,8.87,8.99,107044
OGC.TO,20240111,2.51,2.51,2.43,2.45,566619
OGD.TO,20240111,0.52,0.52,0.48,0.5,35525
OGI.TO,20240111,1.94,2.32,1.92,2.3,478170
OLA.TO,20240111,4.25,4.34,4.17,4.2,408526
OLY.TO,20240111,94.3,94.3,93.9,94,1110
ONC.TO,20240111,1.68,1.68,1.59,1.63,89624
ONEX.TO,20240111,92.56,93.56,91.4,93.43,113230
OPT.TO,20240111,2.81,2.81,2.8,2.8,3000
OR.TO,20240111,18.53,18.65,18.25,18.56,225918
ORA.TO,20240111,8.95,9.18,8.9,8.96,9229
ORE.TO,20240111,0.87,0.88,0.86,0.86,71400
OSK.TO,20240111,2.53,2.56,2.51,2.54,982497
OTEX.TO,20240111,55.85,56.51,55.35,56.5,378138
OVV.TO,20240111,55.65,55.99,54.99,55.12,170407
PAAS.TO,20240111,20,20.14,19.49,19.75,453885
PABF.TO,20240111,21.52,21.52,21.52,21.52,200
PAGF.TO,20240111,21.75,21.75,21.75,21.75,600
PAY.TO,20240111,6.4,6.4,6,6.21,226795
PAYF.TO,20240111,18.25,18.25,18.25,18.25,1800
PBD.TO,20240111,16.43,16.43,16.43,16.43,300
PBH.TO,20240111,94.26,94.47,93.28,94.22,29385
PBH.DB.G.TO,20240111,98.65,99,98.25,98.25,63000
PBH.DB.H.TO,20240111,94,94,94,94,37000
PBH.DB.I.TO,20240111,94.25,94.7,94.25,94.7,34000
PBI.B.TO,20240111,45.14,45.24,45.14,45.24,300
PBL.TO,20240111,32.5,33.1,32.5,33,9368
PBY.UN.TO,20240111,14.37,14.48,14.37,14.39,13972
PCOR.TO,20240111,18.1,18.2,18.1,18.2,10599
PD.TO,20240111,71.81,73.42,70.53,73.42,76163
PDC.TO,20240111,30.38,30.46,30.06,30.21,9973
PDF.TO,20240111,30.15,30.27,30.15,30.25,3100
PDIV.TO,20240111,9.5,9.5,9.4,9.41,5228
PDV.TO,20240111,6.75,6.75,6.75,6.75,218
PDV.PR.A.TO,20240111,10.38,10.38,10.38,10.38,5000
PEA.TO,20240111,0.45,0.45,0.43,0.445,18997
PET.TO,20240111,28.74,29.54,28.56,29.3,79445
PEY.TO,20240111,13.16,13.32,13.05,13.29,751279
PFAA.TO,20240111,10.54,10.54,10.54,10.54,2351
PFH.F.TO,20240111,17.88,17.88,17.88,17.88,200
PFIA.TO,20240111,9.68,9.69,9.66,9.66,21950
PFL.TO,20240111,19.65,19.65,19.63,19.63,9211
PFLS.TO,20240111,15.64,15.65,15.64,15.64,1300
PFMN.TO,20240111,13.54,13.55,13.51,13.55,5200
PFSS.TO,20240111,9,9,9,9,700
PGI.UN.TO,20240111,7.48,7.48,7.4,7.43,27304
PHE.TO,20240111,31.75,31.75,31.75,31.75,150
PHR.TO,20240111,19.14,19.14,19.14,19.14,100
PHX.TO,20240111,8.2,8.23,8.05,8.16,32769
PHYS.TO,20240111,20.95,21.08,20.87,20.99,14026
PHYS.U.TO,20240111,15.63,15.63,15.63,15.63,101
PIC.A.TO,20240111,4.95,4.95,4.79,4.84,85129
PIC.PR.A.TO,20240111,14.33,14.33,13.95,14.02,174500
PID.TO,20240111,21.47,21.58,21.47,21.58,800
PIF.TO,20240111,13.53,13.53,13.12,13.39,23842
PIN.TO,20240111,17.11,17.11,17.08,17.08,3700
PINC.TO,20240111,17.5,17.5,17.47,17.47,400
PIX.UN.TO,20240111,7.7,7.73,7.62,7.7,9000
PKI.TO,20240111,45.1,45.31,44.7,45.2,292287
PLC.TO,20240111,18.86,18.94,18.36,18.62,73010
PLC.DB.TO,20240111,99.03,99.5,99,99,29000
PLDI.TO,20240111,18.84,18.84,18.84,18.84,3000
PLZ.UN.TO,20240111,3.84,3.88,3.78,3.84,95446
PME.TO,20240111,2.15,2.16,2.1,2.1,5278
PMIF.TO,20240111,18.01,18.09,18.01,18.08,53578
PMIF.U.TO,20240111,19.13,19.16,19.13,19.16,4238
PMM.TO,20240111,20.68,20.78,20.68,20.75,400
PMT.TO,20240111,0.43,0.475,0.43,0.475,15500
PMZ.UN.TO,20240111,13.66,13.82,13.48,13.81,128009
PNE.TO,20240111,1.46,1.46,1.43,1.46,203467
PNP.TO,20240111,4.1,4.15,4.02,4.03,7400
POU.TO,20240111,25.98,26.07,25.65,25.74,208019
POW.TO,20240111,38.4,38.4,37.6,37.67,2632178
POW.PR.A.TO,20240111,21.85,21.85,21.67,21.78,3875
POW.PR.B.TO,20240111,20.51,20.55,20.51,20.55,1100
POW.PR.C.TO,20240111,23.3,23.3,23,23.08,3100
POW.PR.D.TO,20240111,19.5,19.57,19.49,19.57,900
POW.PR.G.TO,20240111,21.42,21.48,21.4,21.4,1400
PPL.TO,20240111,46,46.23,45.68,45.99,1044289
PPL.PF.A.TO,20240111,20.9,20.9,20.7,20.71,3211
PPL.PF.E.TO,20240111,21.87,22,21.87,22,6100
PPL.PR.A.TO,20240111,19.7,19.99,19.69,19.99,14100
PPL.PR.C.TO,20240111,18.55,18.6,18.4,18.4,3050
PPL.PR.E.TO,20240111,19,19,18.79,18.79,5800
PPL.PR.G.TO,20240111,17.77,17.88,17.76,17.88,5299
PPL.PR.O.TO,20240111,20.04,20.19,19.98,20.19,2450
PPL.PR.Q.TO,20240111,19.19,19.39,19.16,19.39,2700
PPL.PR.S.TO,20240111,22.51,22.51,22.5,22.5,1597
PPL.R.TO,20240111,45.44,45.71,45.22,45.59,61901
PPR.TO,20240111,0.06,0.065,0.06,0.065,71000
PPTA.TO,20240111,4.42,4.42,4.33,4.38,9251
PR.TO,20240111,8.68,8.68,8.54,8.54,885
PRA.TO,20240111,26.24,26.3,26.24,26.3,4000
PRB.TO,20240111,1.59,1.59,1.55,1.57,55415
PRL.TO,20240111,12.7,12.7,12.34,12.37,10744
PRM.TO,20240111,14.4,14.45,14.4,14.45,2398
PRMW.TO,20240111,19.84,19.89,19.61,19.87,49730
PRN.TO,20240111,10.1,10.15,10.01,10.15,3336
PRQ.TO,20240111,1.32,1.34,1.31,1.33,6869
PRU.TO,20240111,1.54,1.54,1.51,1.52,26770
PRV.DB.TO,20240111,96.5,97,96.5,97,45000
PRV.UN.TO,20240111,5.15,5.2,5.06,5.2,54390
PRYM.TO,20240111,1.72,1.8,1.65,1.78,156477
PSA.TO,20240111,50.08,50.08,50.07,50.08,60996
PSB.TO,20240111,17.14,17.19,17.14,17.19,2851
PSD.TO,20240111,1.88,1.89,1.86,1.87,9715
PSI.TO,20240111,14.93,15.01,14.43,14.5,136890
PSK.TO,20240111,23.28,23.41,23.06,23.34,158267
PSLV.TO,20240111,10.39,10.43,10.2,10.3,93662
PSU.U.TO,20240111,100.16,100.16,100.15,100.16,4513
PTI.UN.TO,20240111,6.43,6.46,6.4,6.44,14100
PTM.TO,20240111,1.51,1.54,1.49,1.5,18400
PTO.UN.TO,20240111,6.85,6.85,6.58,6.85,16057
PVS.PR.F.TO,20240111,24.64,24.64,24.63,24.63,1000
PVS.PR.H.TO,20240111,23.5,23.5,23.5,23.5,200
PVS.PR.I.TO,20240111,24.09,24.09,23.93,24,3014
PVS.PR.J.TO,20240111,22.89,22.89,22.6,22.6,2800
PVS.PR.K.TO,20240111,22.65,22.65,22.6,22.61,1400
PWF.PF.A.TO,20240111,17.65,17.65,17.4,17.4,5985
PWF.PR.A.TO,20240111,13.2,13.2,12.76,12.76,1168
PWF.PR.E.TO,20240111,20.94,20.97,20.94,20.94,400
PWF.PR.F.TO,20240111,20.22,20.22,20.02,20.06,5378
PWF.PR.G.TO,20240111,23,23.03,22.95,22.95,9000
PWF.PR.H.TO,20240111,21.9,21.9,21.8,21.8,1700
PWF.PR.K.TO,20240111,19,19,18.86,18.86,3508
PWF.PR.L.TO,20240111,19.56,19.56,19.5,19.51,1600
PWF.PR.O.TO,20240111,22.39,22.39,22.09,22.09,1100
PWF.PR.Q.TO,20240111,15.17,15.17,15.16,15.16,300
PWF.PR.R.TO,20240111,21,21.1,20.9,20.9,4400
PWF.PR.S.TO,20240111,18.38,18.5,18.36,18.36,3579
PWF.PR.T.TO,20240111,19.95,19.95,19.85,19.9,14700
PWF.PR.Z.TO,20240111,19.66,19.8,19.66,19.8,2000
PWI.TO,20240111,6.35,6.35,6.32,6.35,3156
PWI.PR.A.TO,20240111,9.75,9.75,9.75,9.75,1035
PXC.TO,20240111,35.32,35.32,35.31,35.31,1800
PXS.TO,20240111,40.8,40.8,40.8,40.8,669
PXT.TO,20240111,24.21,24.69,24.08,24.58,282234
PXU.F.TO,20240111,55.12,55.12,55.12,55.12,100
PYF.TO,20240111,17.29,17.29,17.24,17.25,3450
PYF.B.TO,20240111,19.73,19.73,19.73,19.73,100
PYR.TO,20240111,0.54,0.54,0.51,0.54,85377
PZA.TO,20240111,14.84,14.92,14.75,14.86,11949
PZW.TO,20240111,30.92,30.92,30.92,30.92,200
QAH.TO,20240111,157.62,157.62,157.55,157.55,992
QBB.TO,20240111,92.06,92.06,91.74,92.01,4700
QBR.A.TO,20240111,34,35.2,34,35.2,423
QBR.B.TO,20240111,31.95,32.36,31.64,32.36,194204
QBTC.TO,20240111,64.35,66.54,62.52,63.4,61371
QBTC.U.TO,20240111,48.1,49.63,46.7,47.45,22021
QBTL.TO,20240111,18.12,18.12,18.12,18.12,112
QCD.TO,20240111,32.17,32.17,32.17,32.17,210
QCE.TO,20240111,127.52,127.52,127.52,127.52,100
QCLN.TO,20240111,16.56,16.56,16.51,16.51,1550
QCN.TO,20240111,126.63,127.36,126.61,127.3,1234
QDX.TO,20240111,108.39,108.7,108.39,108.7,578
QEBH.TO,20240111,76.24,76.41,76.24,76.41,2100
QETH.U.TO,20240111,42.31,42.31,40.2,40.62,2714
QETH.UN.TO,20240111,54,56.55,54,54.55,12898
QIE.TO,20240111,29.74,29.74,29.74,29.74,200
QINF.TO,20240111,112.45,112.46,112.45,112.46,200
QIPT.TO,20240111,6.32,6.36,6.21,6.3,28341
QLB.TO,20240111,105.66,105.66,105.66,105.66,4000
QMAX.TO,20240111,18.05,18.11,17.93,18.1,35660
QQC.TO,20240111,26.8,26.86,26.61,26.83,17541
QQC.F.TO,20240111,134.25,134.25,133.05,134.15,3747
QQCC.TO,20240111,11.13,11.13,11.06,11.11,23775
QQCE.TO,20240111,22.55,22.55,22.55,22.55,100
QQCE.F.TO,20240111,20.54,20.54,20.54,20.54,100
QQCL.TO,20240111,20.65,20.81,20.65,20.76,8679
QQEQ.F.TO,20240111,21.61,21.61,21.61,21.61,100
QQQT.TO,20240111,23.66,23.66,23.2,23.2,1160
QQQT.B.TO,20240111,23.68,23.73,23.68,23.73,317
QQQY.TO,20240111,23.11,23.2,23.11,23.19,4045
QRC.TO,20240111,0.79,0.8,0.76,0.76,117000
QRET.TO,20240111,105.48,105.48,105.48,105.48,100
QSB.TO,20240111,96.7,96.7,96.7,96.7,230
QSR.TO,20240111,105.4,105.62,103.78,104.76,1356116
QTLT.TO,20240111,103.37,103.37,103.37,103.37,1600
QTRH.TO,20240111,1.91,1.93,1.89,1.93,44976
QUIG.TO,20240111,87.07,87.07,87.07,87.07,100
QUU.TO,20240111,182.79,183.24,182.79,183.24,438
QXM.TO,20240111,26.71,26.73,26.56,26.56,3536
RA.UN.TO,20240111,7.32,7.32,7.27,7.27,2100
RATE.TO,20240111,20.58,20.58,20.58,20.58,5459
RAY.A.TO,20240111,6.25,6.25,6.15,6.18,10190
RBA.TO,20240111,88.49,88.59,87.42,88.25,117433
RBN.UN.TO,20240111,7.61,7.61,7.45,7.5,8984
RBNK.TO,20240111,23.65,23.65,23.35,23.47,28173
RBO.TO,20240111,18.15,18.18,18.15,18.18,3300
RBOT.TO,20240111,27.57,27.78,27.45,27.78,2714
RBY.TO,20240111,1.99,2.04,1.99,2,11799
RCG.TO,20240111,8.52,8.52,8.21,8.35,6330
RCG.PR.B.TO,20240111,10.74,10.75,10.74,10.75,1200
RCH.TO,20240111,46.2,46.25,44.99,45.59,61882
RCI.A.TO,20240111,63.45,64.4,63.41,64.24,600
RCI.B.TO,20240111,63.55,63.6,62.96,63.4,518516
REAL.TO,20240111,6.23,6.23,6.03,6.11,15685
REI.UN.TO,20240111,18.65,18.83,18.52,18.81,488132
RGQQ.TO,20240111,19.71,19.71,19.71,19.71,110
RGQR.TO,20240111,19.72,19.72,19.72,19.72,1040
RIB.UN.TO,20240111,13.27,13.27,13.25,13.25,300
RIFI.TO,20240111,17.81,17.83,17.81,17.81,1200
RIIN.TO,20240111,18.55,18.55,18.55,18.55,300
RIT.TO,20240111,16.04,16.12,15.9,16.12,14397
RLB.TO,20240111,18.23,18.23,18.23,18.23,900
ROOT.TO,20240111,2.36,2.46,2.36,2.44,15108
RPD.TO,20240111,24,24,24,24,130
RPF.TO,20240111,18.45,18.49,18.42,18.43,10316
RPI.UN.TO,20240111,34.28,35.47,34.28,35.47,1900
RPSB.TO,20240111,19.58,19.58,19.58,19.58,2300
RQL.TO,20240111,20.19,20.2,20.17,20.19,133079
RQN.TO,20240111,20.02,20.04,20.02,20.03,72440
RQO.TO,20240111,18.15,18.18,18.15,18.16,57278
RQP.TO,20240111,17.69,17.72,17.68,17.71,32426
RQQ.TO,20240111,21.25,21.29,21.24,21.29,14637
RQR.TO,20240111,21.16,21.17,21.14,21.17,3290
RS.TO,20240111,12.96,13.07,12.95,12.97,11089
RS.PR.A.TO,20240111,9.6,9.6,9.6,9.6,12630
RSI.TO,20240111,5.5,5.53,5.45,5.51,111966
RSI.DB.E.TO,20240111,98.95,98.95,98.47,98.47,68000
RSI.DB.F.TO,20240111,98.4,98.75,98.25,98.25,98000
RUD.TO,20240111,55.92,56,55.92,56,375
RUDB.TO,20240111,20.1,20.1,20.1,20.1,380
RUDC.TO,20240111,20.3,20.3,20.3,20.3,195
RUDH.TO,20240111,39.74,39.93,39.74,39.93,400
RUP.TO,20240111,3.65,3.68,3.44,3.51,36242
RUS.TO,20240111,43.76,43.97,43.38,43.81,215894
RVX.TO,20240111,0.065,0.065,0.065,0.065,52000
RXD.TO,20240111,18.72,18.72,18.72,18.72,219
RY.TO,20240111,134.33,134.61,132.73,133.32,3157874
RY.PR.H.TO,20240111,19.21,19.21,19.19,19.19,4180
RY.PR.J.TO,20240111,19.8,19.8,19.79,19.79,980
RY.PR.M.TO,20240111,19.27,19.27,19,19,706
RY.PR.N.TO,20240111,22.49,22.49,22.49,22.49,200
RY.PR.O.TO,20240111,22.25,22.73,22.25,22.61,4102
RY.PR.Z.TO,20240111,19.95,19.97,19.78,19.78,2903
S.TO,20240111,0.32,0.32,0.3,0.305,116410
SAM.TO,20240111,0.09,0.095,0.085,0.09,11250
SAP.TO,20240111,27.1,27.18,26.7,26.89,345315
SAU.TO,20240111,0.085,0.085,0.075,0.075,213900
SBC.TO,20240111,9.4,9.4,9.15,9.24,25190
SBC.PR.A.TO,20240111,9.77,9.77,9.75,9.75,6302
SBI.TO,20240111,0.83,0.85,0.81,0.81,11000
SBN.PR.A.TO,20240111,8.31,8.31,8.31,8.31,400
SBT.B.TO,20240111,16.22,16.26,16.16,16.26,5400
SCR.TO,20240111,22.18,22.65,22.18,22.51,7465
SCY.TO,20240111,0.025,0.025,0.025,0.025,30850
SDE.TO,20240111,3.04,3.06,2.96,3.05,320632
SEA.TO,20240111,14.83,14.91,14.6,14.65,27716
SES.TO,20240111,10.05,10.08,9.85,9.97,1015919
SFC.TO,20240111,6.56,6.56,6.3,6.36,3800
SFI.TO,20240111,0.3,0.3,0.3,0.3,10000
SFTC.TO,20240111,16.72,16.88,16.55,16.86,17952
SGLD.TO,20240111,0.12,0.125,0.12,0.12,33589
SGNL.TO,20240111,0.12,0.12,0.12,0.12,50008
SGR.U.TO,20240111,9.12,9.26,9.12,9.26,8898
SGR.UN.TO,20240111,12.41,12.41,12.15,12.34,87608
SGY.TO,20240111,6.33,6.35,6.24,6.28,383678
SGY.DB.B.TO,20240111,102,102,101.75,102,243000
SHLE.TO,20240111,6.05,6.1,5.9,5.92,4700
SHOP.TO,20240111,108.5,110.55,106.35,108.9,1982019
SIA.TO,20240111,11.95,12.15,11.95,12.07,296364
SID.TO,20240111,31.61,31.7,31.61,31.7,300
SIH.UN.TO,20240111,10.43,10.43,10.42,10.42,1500
SII.TO,20240111,43.26,43.54,42.24,42.73,13794
SIL.TO,20240111,8.45,8.51,8.04,8.17,213166
SIS.TO,20240111,15.06,15.06,14.92,14.95,58764
SJ.TO,20240111,80.01,80.46,78.88,80.13,66150
SKE.TO,20240111,5.69,5.69,5.41,5.54,125427
SKYY.TO,20240111,20.56,20.64,20.43,20.64,600
SLF.TO,20240111,68.4,68.57,67.6,68.31,2905953
SLF.PR.C.TO,20240111,18.86,18.86,18.85,18.85,3510
SLF.PR.D.TO,20240111,19.2,19.2,18.76,18.85,1713
SLF.PR.E.TO,20240111,18.79,18.95,18.64,18.64,3088
SLF.PR.G.TO,20240111,14.55,14.67,14.55,14.6,1800
SLF.PR.H.TO,20240111,18.65,19,18.65,18.95,29117
SLF.PR.J.TO,20240111,16.2,16.2,16.2,16.2,300
SLF.PR.K.TO,20240111,21.24,21.24,21.24,21.24,100
SLR.TO,20240111,0.75,0.75,0.74,0.74,3978
SLS.TO,20240111,4.37,4.48,4.05,4.21,397714
SMAX.TO,20240111,17.02,17.03,16.98,17.03,2888
SMT.TO,20240111,0.7,0.7,0.68,0.69,31129
SOIL.TO,20240111,2.39,2.45,2.38,2.41,34704
SOIL.WT.A.TO,20240111,0.415,0.415,0.415,0.415,4500
SOLG.TO,20240111,0.145,0.145,0.135,0.14,364079
SOT.UN.TO,20240111,0.77,0.79,0.77,0.79,68660
SOY.TO,20240111,7.2,7.44,7.13,7.42,30757
SPAY.TO,20240111,26.92,26.98,26.92,26.93,20450
SPAY.U.TO,20240111,20.08,20.09,20.08,20.09,10000
SPB.TO,20240111,9.65,9.8,9.54,9.71,798787
SPLT.TO,20240111,10.29,10.29,10.27,10.29,6565
SPPP.TO,20240111,12.64,12.64,12.5,12.52,1100
SRU.UN.TO,20240111,25.3,25.63,24.92,25.61,759806
SRV.UN.TO,20240111,16.3,16.3,16.3,16.3,1900
SSF.UN.TO,20240111,6.75,6.8,6.75,6.75,4200
SSL.TO,20240111,6.46,6.49,6.33,6.44,169090
SSRM.TO,20240111,13.8,13.8,13.65,13.74,473230
STC.TO,20240111,4.05,4.09,4.02,4.06,5407
STCK.TO,20240111,9.07,9.07,8.6,8.6,1270
STEP.TO,20240111,4.03,4.03,3.86,3.94,76135
STGO.TO,20240111,0.72,0.72,0.71,0.72,26000
STLC.TO,20240111,46.63,47.2,46.47,46.95,93163
STN.TO,20240111,107.31,107.57,106.87,107.34,210795
STPL.TO,20240111,23.06,23.06,23.04,23.05,1500
SU.TO,20240111,43.73,43.98,43.26,43.74,2336737
SVA.TO,20240111,0.64,0.67,0.64,0.67,92725
SVB.TO,20240111,0.15,0.15,0.14,0.145,49454
SVI.TO,20240111,5.44,5.46,5.34,5.42,199582
SVI.DB.TO,20240111,97.05,98,97.01,97.65,99744
SVI.DB.B.TO,20240111,96.95,96.95,96,96,26000
SVI.DB.C.TO,20240111,92.5,93,92.25,92.5,253000
SVM.TO,20240111,3.21,3.21,3.1,3.14,125284
SVR.TO,20240111,11.07,11.09,10.96,10.97,1905
SXI.TO,20240111,1.93,1.93,1.93,1.93,200
SXP.TO,20240111,4.32,4.32,4.18,4.2,25810
SYZ.TO,20240111,7.34,7.35,7.27,7.33,34992
SZLS.TO,20240111,0.045,0.045,0.045,0.045,2550
T.TO,20240111,24.42,24.6,24.12,24.22,1903377
TA.TO,20240111,10.58,10.64,10.43,10.5,621724
TA.PR.D.TO,20240111,12.75,13,12.75,12.98,1175
TA.PR.E.TO,20240111,15.3,15.3,15.3,15.3,18615
TA.PR.F.TO,20240111,17.95,17.95,17.9,17.91,3206
TA.PR.G.TO,20240111,18.82,18.95,18.82,18.95,528
TA.PR.H.TO,20240111,21.29,21.29,21.23,21.23,2443
TA.PR.J.TO,20240111,20.84,20.84,20.67,20.67,300
TAIG.TO,20240111,1.07,1.07,0.97,1,28638
TAL.TO,20240111,0.81,0.82,0.81,0.82,16055
TBAL.TO,20240111,16.72,16.77,16.71,16.77,2206
TBL.TO,20240111,2.94,2.94,2.88,2.88,2125
TBNK.TO,20240111,25.4,25.4,25.14,25.26,3007
TC.TO,20240111,29.73,29.81,29,29.04,2300
TCL.A.TO,20240111,13.5,13.84,13.43,13.81,181403
TCLB.TO,20240111,121.5,121.5,121.34,121.34,515
TCLV.TO,20240111,19.09,19.09,19.09,19.09,7000
TCN.TO,20240111,12.13,12.19,11.95,12.13,311317
TCON.TO,20240111,14.56,14.56,14.56,14.56,100
TCS.TO,20240111,30.39,30.39,29.2,29.63,56284
TCSB.TO,20240111,14.43,14.46,14.43,14.45,5200
TCW.TO,20240111,4.13,4.13,4.02,4.06,487504
TD.TO,20240111,81.65,81.85,80.32,80.8,11463840
TD.PF.A.TO,20240111,19.45,19.68,19.45,19.57,2214
TD.PF.B.TO,20240111,20.05,20.4,20,20.4,8615
TD.PF.C.TO,20240111,18.85,18.86,18.7,18.72,5242
TD.PF.D.TO,20240111,19.96,19.96,19.83,19.83,3400
TD.PF.E.TO,20240111,19.95,19.97,19.95,19.97,25400
TD.PF.I.TO,20240111,24.44,24.44,24.36,24.36,1050
TD.PF.J.TO,20240111,22.18,22.18,22.18,22.18,115
TD.PF.L.TO,20240111,24.6,24.61,24.56,24.57,7051
TD.PF.M.TO,20240111,24.5,24.5,24.45,24.45,6020
TDB.TO,20240111,12.96,13.02,12.96,13.01,88929
TDOC.TO,20240111,17.9,17.94,17.89,17.93,2700
TEC.TO,20240111,31.97,32.15,31.75,32.03,27255
TECH.TO,20240111,12.35,12.5,12.25,12.38,15500
TECH.B.TO,20240111,13.94,13.94,13.8,13.8,1067
TECH.U.TO,20240111,12.64,12.64,12.64,12.64,100
TECI.TO,20240111,7.37,7.37,7.31,7.31,960
TECK.A.TO,20240111,51.54,51.86,51.24,51.6,1777
TECK.B.TO,20240111,52.09,52.21,51.09,51.7,561701
TERM.TO,20240111,9.31,9.31,9.3,9.31,8200
TF.TO,20240111,6.87,6.9,6.77,6.9,105334
TF.DB.C.TO,20240111,99.01,99.01,99,99,22000
TF.DB.D.TO,20240111,92.6,92.6,92.5,92.5,40000
TFII.TO,20240111,177.58,180.13,177.58,179.59,99764
TFPM.TO,20240111,16.91,17.04,16.66,16.99,51040
TGAF.TO,20240111,19.21,19.21,19.21,19.21,200
TGED.TO,20240111,20.51,20.57,20.44,20.52,14897
TGED.U.TO,20240111,15.24,15.24,15.24,15.24,300
TGFI.TO,20240111,20.43,20.45,20.4,20.4,14402
TGGR.TO,20240111,23.21,23.22,23.14,23.21,8900
TGO.TO,20240111,1.61,1.61,1.5,1.5,5167
TGRE.TO,20240111,13.63,13.63,13.62,13.62,776
TGRO.TO,20240111,19.17,19.17,19.07,19.15,2301
TH.TO,20240111,2.78,2.78,2.47,2.54,99839
The.TO,20240111,23.28,23.28,23.18,23.18,700
THNC.TO,20240111,3.04,3.14,2.97,3.14,22104
THU.TO,20240111,32,32,31.77,31.92,802
TI.TO,20240111,0.34,0.34,0.34,0.34,557
TIH.TO,20240111,115.57,116.43,115.19,116.29,40289
TINF.TO,20240111,17.77,17.77,17.77,17.77,104
TIPS.F.TO,20240111,28.6,28.63,28.6,28.63,1027
TIXT.TO,20240111,11.61,11.73,11.32,11.72,163458
TKN.TO,20240111,15.25,15.65,15.09,15.09,4690
TKN.U.TO,20240111,11.49,11.56,11.49,11.56,500
TKO.TO,20240111,1.96,1.96,1.89,1.91,285830
TLF.TO,20240111,21.76,21.76,21.49,21.72,2029
TLG.TO,20240111,0.41,0.45,0.375,0.385,310252
TLO.TO,20240111,0.17,0.17,0.165,0.165,246375
TLRY.TO,20240111,2.64,2.68,2.48,2.54,2324187
TLV.TO,20240111,28.52,28.58,28.36,28.57,4490
TMCC.TO,20240111,9.18,9.19,9.18,9.19,2500
TMD.TO,20240111,0.085,0.085,0.085,0.085,11380
TMEC.TO,20240111,18.45,18.49,18.38,18.48,1656
TMEI.TO,20240111,15.92,15.92,15.92,15.92,1600
TMEU.TO,20240111,19.61,19.61,19.61,19.61,500
TML.TO,20240111,0.16,0.16,0.155,0.16,53597
TMQ.TO,20240111,0.6,0.6,0.6,0.6,1002
TNT.UN.TO,20240111,9.78,9.88,9.5,9.74,51270
TNZ.TO,20240111,3.66,3.92,3.66,3.88,70647
TOT.TO,20240111,7.91,7.93,7.77,7.9,49136
TOU.TO,20240111,60.67,61.35,60.24,61.02,1672113
TOY.TO,20240111,33.85,34.35,33.49,33.75,65000
TPAY.TO,20240111,21.29,21.32,21.25,21.32,1900
TPE.TO,20240111,20.46,20.46,20.31,20.44,7122
TPRF.TO,20240111,9.35,9.35,9.35,9.35,8100
TPU.TO,20240111,36.02,36.17,35.92,36.1,39557
TPU.U.TO,20240111,27.23,27.31,27.23,27.29,1400
TPX.B.TO,20240111,84.98,85,84.85,84.91,881
TPZ.TO,20240111,19.48,19.64,19.45,19.57,129922
TQCD.TO,20240111,16.05,16.06,15.94,16.05,46685
TQGD.TO,20240111,17.18,17.18,17.1,17.15,62000
TQSM.TO,20240111,20.61,20.81,20.61,20.79,557177
TRI.TO,20240111,193.99,195.03,191.83,193.1,239762
TRI.PR.B.TO,20240111,13.25,13.25,13.25,13.25,700
TRP.TO,20240111,53.19,53.26,52.31,52.74,4121848
TRP.PR.A.TO,20240111,14.78,14.78,14.48,14.48,2400
TRP.PR.C.TO,20240111,11.82,11.82,11.81,11.81,500
TRP.PR.D.TO,20240111,17.07,17.21,16.89,16.9,9650
TRP.PR.E.TO,20240111,15.68,15.68,15.55,15.55,6388
TRP.PR.F.TO,20240111,15.13,15.2,15.13,15.18,1200
TRP.PR.G.TO,20240111,16.7,16.7,16.7,16.7,1300
TRP.PR.H.TO,20240111,13.23,13.25,13.23,13.25,1500
TRP.PR.I.TO,20240111,14.01,14.01,14,14,800
TRVI.TO,20240111,19.79,19.92,19.79,19.89,1600
TRVL.TO,20240111,23.37,23.46,23.32,23.43,1234
TRVL.U.TO,20240111,22.18,22.18,22.16,22.16,400
TRZ.TO,20240111,4.04,4.04,3.91,3.97,77571
TSAT.TO,20240111,13.28,13.28,13.28,13.28,100
TSK.TO,20240111,0.345,0.345,0.31,0.31,21800
TSL.TO,20240111,3.4,3.47,3.4,3.47,13200
TSND.TO,20240111,2.25,2.39,2.23,2.39,88346
TSU.TO,20240111,34.2,34.2,33.15,33.54,46820
TTNM.TO,20240111,2.28,2.3,2.26,2.28,27420
TTP.TO,20240111,23.95,23.95,23.68,23.83,20111
TUED.TO,20240111,22.09,22.09,21.93,22.04,6400
TUED.U.TO,20240111,16.4,16.41,16.4,16.41,1213
TUEX.TO,20240111,20.89,20.89,20.78,20.79,1360
TUHY.TO,20240111,20.9,20.95,20.9,20.95,1600
TULB.TO,20240111,114.99,114.99,114.97,114.97,800
TULV.TO,20240111,18.5,18.5,18.5,18.5,100
TUSB.TO,20240111,13.69,13.69,13.67,13.67,300
TVE.TO,20240111,3.06,3.08,3.01,3.02,1724541
TVK.TO,20240111,44.89,44.89,44.44,44.6,6672
TWM.TO,20240111,1.04,1.06,1.04,1.05,298791
TWM.DB.TO,20240111,99.1,99.1,99.1,99.1,54000
TWM.WT.TO,20240111,0.035,0.035,0.035,0.035,1000
TXF.TO,20240111,19.25,19.29,19,19.25,17430
TXF.B.TO,20240111,23.15,23.2,23.12,23.2,1600
TXG.TO,20240111,14.77,14.89,14.2,14.28,297840
TXP.TO,20240111,0.73,0.74,0.73,0.73,97400
U.U.TO,20240111,21.79,22.52,21.49,22.44,29883
U.UN.TO,20240111,29.05,30.23,28.82,30.06,1073161
UBIL.U.TO,20240111,50.05,50.05,50.05,50.05,2025
UDIV.TO,20240111,12.12,12.12,12.01,12.08,9600
UDIV.B.TO,20240111,12.56,12.56,12.49,12.49,1706
ULV.F.TO,20240111,45.47,45.58,45.42,45.52,1400
ULV.U.TO,20240111,22.88,22.94,22.88,22.94,200
UMAX.TO,20240111,15.3,15.3,15.11,15.2,43769
UMI.TO,20240111,30.18,30.27,30.18,30.27,344
UNI.TO,20240111,1.27,1.27,1.27,1.27,100
URB.TO,20240111,4.97,4.97,4.97,4.97,240
URB.A.TO,20240111,4.6,4.6,4.54,4.55,6880
URC.TO,20240111,3.57,3.66,3.47,3.64,132196
URC.WT.TO,20240111,1.65,1.71,1.61,1.71,13250
URE.TO,20240111,2.14,2.17,2.08,2.16,48132
USA.TO,20240111,0.305,0.305,0.2925,0.295,32247
USCC.TO,20240111,17.25,17.25,17.21,17.22,2524
USCL.TO,20240111,19.97,19.97,19.9,19.93,11742
UTIL.TO,20240111,20.69,20.82,20.68,20.79,2552
VA.TO,20240111,36.21,36.26,36.21,36.26,4911
VAB.TO,20240111,22.78,22.82,22.71,22.78,239153
VALT.TO,20240111,25.33,25.33,25.33,25.33,1050
VALT.B.TO,20240111,26.92,27.02,26.92,27.02,5299
VBAL.TO,20240111,29.48,29.48,29.27,29.41,65576
VBNK.TO,20240111,14.77,14.98,14.75,14.75,8370
VBNK.PR.A.TO,20240111,9.8,9.85,9.8,9.85,600
VCB.TO,20240111,23.4,23.45,23.38,23.44,13244
VCE.TO,20240111,46.14,46.14,45.64,45.9,12482
VCIP.TO,20240111,24.97,25.08,24.97,25.08,3450
VCM.TO,20240111,17.85,18.06,17.85,17.92,2500
VCN.TO,20240111,42.7,42.78,42.27,42.54,47438
VCNS.TO,20240111,27.07,27.07,26.93,27.03,13125
VDU.TO,20240111,39.86,40,39.71,39.9,43077
VDY.TO,20240111,42.75,42.75,42.23,42.43,114816
VE.TO,20240111,32.95,32.96,32.76,32.87,906
VEE.TO,20240111,32.45,32.45,32.3,32.37,38701
VEF.TO,20240111,51.54,51.54,51.1,51.34,4854
VEQT.TO,20240111,37,37.03,36.7,36.93,160291
VET.TO,20240111,15.75,15.9,15.47,15.81,991508
VFV.TO,20240111,113.71,113.76,112.97,113.56,213834
VGCX.TO,20240111,6.3,6.31,6.06,6.15,389644
VGG.TO,20240111,77.58,77.71,77.35,77.71,11015
VGH.TO,20240111,56.03,56.03,55.47,55.87,7119
VGRO.TO,20240111,31.88,31.91,31.7,31.86,101336
VGV.TO,20240111,22.29,22.36,22.27,22.35,6276
VGZ.TO,20240111,0.51,0.51,0.51,0.51,571
VHI.TO,20240111,4,4.2,4,4.2,360135
VI.TO,20240111,36.26,36.26,35.94,36.16,10480
VIDY.TO,20240111,28.47,28.47,28.28,28.38,6558
VIU.TO,20240111,31.91,31.95,31.68,31.95,55640
VLB.TO,20240111,21.41,21.54,21.38,21.51,25007
VLE.TO,20240111,2.7,2.79,2.67,2.77,147216
VLN.TO,20240111,5.47,5.54,5.47,5.5,13100
VMO.TO,20240111,49.1,49.26,48.96,49.26,4538
VNP.TO,20240111,3.67,3.7,3.65,3.65,101182
VOXR.TO,20240111,2.69,2.69,2.65,2.67,3600
VPH.TO,20240111,0.225,0.225,0.225,0.225,7200
VQS.TO,20240111,0.225,0.24,0.225,0.23,55342
VRE.TO,20240111,30.13,30.2,29.74,30.2,8872
VRIF.TO,20240111,23.77,23.77,23.64,23.73,2209
VSB.TO,20240111,22.7,22.74,22.69,22.74,27207
VSC.TO,20240111,23.28,23.3,23.26,23.29,18177
VSP.TO,20240111,78,78.11,77.25,77.82,36498
VUN.TO,20240111,86.5,86.5,85.83,86.32,43014
VUS.TO,20240111,84.94,84.94,84,84.67,11799
VVL.TO,20240111,44.86,44.95,44.77,44.95,1518
VXC.TO,20240111,52.11,52.23,51.95,52.23,17255
WCM.B.TO,20240111,8.5,8.5,8.5,8.5,100
WCN.TO,20240111,199.39,199.95,196.9,198.41,362302
WCP.TO,20240111,8.84,8.88,8.74,8.85,2983941
WDO.TO,20240111,7.2,7.25,7.03,7.1,162029
WEED.TO,20240111,6.07,6.09,5.86,5.95,947404
WEF.TO,20240111,0.71,0.71,0.7,0.7,313054
WELL.TO,20240111,3.83,3.83,3.73,3.77,602900
WELL.DB.TO,20240111,92,93.97,92,93.93,82000
WFC.TO,20240111,19.43,19.62,19.43,19.61,4460
WFG.TO,20240111,116.25,116.25,114.04,115.58,172605
WILD.TO,20240111,1.25,1.32,1.25,1.3,51302
WILD.DB.TO,20240111,94,94,94,94,5000
WJX.TO,20240111,30.78,30.99,30.06,30.93,29330
WJX.DB.TO,20240111,101,101,100,100,51000
WLLW.TO,20240111,0.1,0.1,0.095,0.1,57100
WM.TO,20240111,0.09,0.09,0.085,0.085,237000
WN.TO,20240111,167.3,169.6,167.19,169.45,86579
WN.PR.A.TO,20240111,22.78,22.78,22.65,22.65,3370
WN.PR.C.TO,20240111,20.16,20.33,20.16,20.33,600
WN.PR.D.TO,20240111,20.3,20.3,20.2,20.3,1400
WN.PR.E.TO,20240111,18.5,18.6,18.42,18.6,25090
WNDR.TO,20240111,0.29,0.3,0.23,0.245,3870030
WOMN.TO,20240111,30.86,30.86,30.86,30.86,200
WPK.TO,20240111,42.14,42.57,42,42.49,65440
WPM.TO,20240111,64.44,64.78,63.47,63.98,801918
WPRT.TO,20240111,8.2,8.25,8,8.23,6515
WRG.TO,20240111,2.76,2.76,2.75,2.75,4900
WRN.TO,20240111,1.78,1.78,1.69,1.73,35429
WRX.TO,20240111,0.15,0.15,0.15,0.15,3000
WSP.TO,20240111,187.66,188.06,184.68,187.88,139063
WSRD.TO,20240111,27.48,27.48,27.35,27.35,2304
WSRI.TO,20240111,37.44,37.46,37.44,37.46,2447
WTE.TO,20240111,28.11,28.6,27.97,28.48,47235
WXM.TO,20240111,24.7,24.7,24.47,24.68,2020
X.TO,20240111,32.01,32.28,31.75,31.81,327961
XAGH.TO,20240111,33.76,33.76,33.76,33.76,100
XAM.TO,20240111,0.045,0.045,0.045,0.045,13500
XAU.TO,20240111,7.52,7.77,7.52,7.73,4259
XAW.TO,20240111,36.26,36.31,36.1,36.31,31354
XAW.U.TO,20240111,27.49,27.49,27.49,27.49,200
XBAL.TO,20240111,26.7,26.7,26.58,26.68,29179
XBB.TO,20240111,27.84,27.93,27.8,27.88,1088584
XBM.TO,20240111,18.29,18.3,18.15,18.24,6401
XCB.TO,20240111,19.47,19.52,19.45,19.52,75277
XCBG.TO,20240111,36.48,36.48,36.48,36.48,300
XCBU.TO,20240111,35.01,35.01,35.01,35.01,100
XCD.TO,20240111,49.51,49.51,49.08,49.08,463
XCG.TO,20240111,46.95,47.15,46.77,47.15,7013
XCH.TO,20240111,14.48,14.57,14.46,14.57,26350
XCHP.TO,20240111,42.75,43.06,42.75,43.06,500
XCLN.TO,20240111,32.75,32.75,32.75,32.75,160
XCNS.TO,20240111,21.44,21.51,21.44,21.51,19172
XCS.TO,20240111,17.94,17.94,17.74,17.82,43832
XCSR.TO,20240111,61.1,61.43,60.98,61.39,2145
XCV.TO,20240111,33.08,33.2,33.06,33.16,7602
XDG.TO,20240111,24.11,24.12,24,24.06,217103
XDGH.TO,20240111,24.64,24.64,24.52,24.6,1389
XDIV.TO,20240111,25.75,25.75,25.46,25.64,68432
XDNA.TO,20240111,32,32,32,32,100
XDSR.TO,20240111,52.99,53.23,52.93,53.16,607
XDU.TO,20240111,27.14,27.14,26.97,27.01,1711
XDUH.TO,20240111,25.29,25.29,25.02,25.03,492
XDV.TO,20240111,27.65,27.69,27.4,27.58,44352
XEB.TO,20240111,15.52,15.62,15.5,15.6,19000
XEC.TO,20240111,25.3,25.39,25.25,25.39,18880
XEF.TO,20240111,34.74,34.8,34.57,34.78,73239
XEF.U.TO,20240111,25.81,25.86,25.76,25.76,6280
XEG.TO,20240111,15.67,15.71,15.52,15.67,477725
XEH.TO,20240111,30.09,30.12,30.09,30.12,1146
XEI.TO,20240111,25.01,25.01,24.68,24.85,64515
XEM.TO,20240111,28.9,28.9,28.86,28.86,432
XEMC.TO,20240111,43.39,43.39,43.12,43.15,500
XEN.TO,20240111,32.2,32.2,31.98,32.12,1089
XEQT.TO,20240111,27.85,27.85,27.62,27.83,158796
XESG.TO,20240111,25.1,25.23,25.05,25.23,3319
XEU.TO,20240111,27.75,27.78,27.75,27.78,838
XFH.TO,20240111,29.34,29.34,29.08,29.21,5501
XFLB.TO,20240111,49.36,49.74,49.36,49.74,200
XFN.TO,20240111,47.6,47.64,46.95,47.23,216795
XFR.TO,20240111,20.13,20.14,20.13,20.13,25635
XGB.TO,20240111,19.18,19.24,19.16,19.23,70901
XGD.TO,20240111,16.86,16.99,16.67,16.77,283605
XGI.TO,20240111,46.61,46.75,46.61,46.75,2900
XGRO.TO,20240111,25.89,25.9,25.73,25.87,74348
XHB.TO,20240111,19.05,19.06,19.02,19.02,950
XHC.TO,20240111,69.32,69.32,68.83,69.02,3434
XHD.TO,20240111,30.7,30.7,30.53,30.53,1701
XHU.TO,20240111,28.22,28.22,28.12,28.13,4372
XHY.TO,20240111,16.37,16.5,16.37,16.47,40966
XIC.TO,20240111,33.43,33.5,33.1,33.33,138364
XID.TO,20240111,50.42,50.42,50.3,50.3,635
XIG.TO,20240111,20.29,20.42,20.29,20.42,5910
XIN.TO,20240111,33.15,33.15,32.9,33.06,4408
XINC.TO,20240111,19.35,19.35,19.32,19.32,263
XIT.TO,20240111,52.8,53.25,52.32,53.01,10336
XIU.TO,20240111,32.18,32.21,31.79,32.01,3437737
XLB.TO,20240111,19.56,19.64,19.47,19.58,170645
XLVE.TO,20240111,8.7,8.7,8.7,8.7,320
XLY.TO,20240111,0.02,0.02,0.0125,0.015,598039
XMA.TO,20240111,17.09,17.09,16.91,16.96,15811
XMC.TO,20240111,27.97,27.97,27.79,27.95,14541
XMD.TO,20240111,31.3,31.3,31.16,31.27,1595
XMF.PR.B.TO,20240111,5,5,5,5,300
XMH.TO,20240111,24.65,24.65,24.36,24.5,9186
XMI.TO,20240111,35.55,35.61,35.5,35.61,1500
XMS.TO,20240111,32.66,32.71,32.66,32.71,303
XMU.TO,20240111,70.47,70.49,70.47,70.49,370
XMV.TO,20240111,39.11,39.26,39.07,39.26,3072
XMW.TO,20240111,47.67,47.67,47.67,47.67,100
XMY.TO,20240111,28.02,28.03,28.02,28.03,288
XPF.TO,20240111,14.33,14.33,14.27,14.28,2594
XQB.TO,20240111,18.67,18.73,18.67,18.73,771
XQLT.TO,20240111,32.3,32.41,32.28,32.41,1351
XQQ.TO,20240111,127.98,128.3,126.19,127.76,76339
XQQU.TO,20240111,53.31,53.67,53.31,53.65,600
XQQU.U.TO,20240111,39.8,39.8,39.8,39.8,100
XRB.TO,20240111,22.18,22.18,21.98,22.08,3450
XRE.TO,20240111,16.02,16.16,15.86,16.15,974629
XSAB.TO,20240111,17.87,17.94,17.85,17.94,1914
XSB.TO,20240111,26.11,26.15,26.09,26.14,48779
XSE.TO,20240111,17.85,17.92,17.85,17.92,10008
XSEA.TO,20240111,23.8,23.82,23.8,23.82,3227
XSEM.TO,20240111,18.32,18.32,18.27,18.29,11146
XSH.TO,20240111,18.38,18.39,18.34,18.39,14444
XSHG.TO,20240111,37.93,37.93,37.93,37.93,400
XSI.TO,20240111,16.89,16.91,16.89,16.91,6100
XSMC.TO,20240111,28.19,28.19,27.9,28.09,3467
XSMH.TO,20240111,25.82,26.05,25.76,26.04,2293
XSP.TO,20240111,50.19,50.22,49.61,50.06,158422
XST.TO,20240111,89.36,89.56,88.74,89.56,1501
XSTB.TO,20240111,19.17,19.17,19.15,19.17,7444
XSTH.TO,20240111,36.77,36.82,36.77,36.82,1400
XSTP.TO,20240111,39.91,40,39.91,40,721
XSU.TO,20240111,37.91,37.91,37.27,37.73,77305
XSUS.TO,20240111,33.91,34.01,33.85,33.99,10944
XTC.TO,20240111,7.7,7.97,7.7,7.95,11552
XTD.TO,20240111,3.07,3.12,3.01,3.12,46859
XTD.PR.A.TO,20240111,9.83,9.84,9.83,9.84,500
XTG.TO,20240111,0.97,0.97,0.97,0.97,6500
XTLH.TO,20240111,36.38,36.48,36.21,36.48,20260
XTLT.TO,20240111,36.54,36.77,36.5,36.77,16016
XTR.TO,20240111,10.44,10.44,10.41,10.44,10036
XTRA.TO,20240111,0.75,0.76,0.73,0.76,50144
XUH.TO,20240111,39.91,39.91,39.56,39.79,2452
XUS.TO,20240111,79.4,79.4,78.87,79.31,69373
XUS.U.TO,20240111,60.14,60.23,59.52,59.93,24893
XUSF.TO,20240111,54.04,54.04,54.04,54.04,100
XUSR.TO,20240111,68.44,68.85,68.44,68.85,1377
XUT.TO,20240111,26.13,26.13,25.58,25.71,238994
XUU.TO,20240111,47.58,47.58,47.26,47.52,18780
XUU.U.TO,20240111,35.67,35.73,35.67,35.73,900
XVLU.TO,20240111,25.06,25.13,25.06,25.13,3140
XWD.TO,20240111,76.76,76.82,76.37,76.68,8173
Y.TO,20240111,11.5,11.5,11.22,11.22,2957
YCM.TO,20240111,1.38,1.38,1.38,1.38,300
YCM.PR.B.TO,20240111,5.01,5.01,5.01,5.01,200
YGR.TO,20240111,1.24,1.25,1.24,1.24,21050
YRB.TO,20240111,0.035,0.035,0.035,0.035,17000
ZAG.TO,20240111,13.68,13.71,13.64,13.7,189456
ZBAL.TO,20240111,35.66,35.66,35.42,35.51,6176
ZBAL.T.TO,20240111,27.75,27.75,27.75,27.75,728
ZBBB.TO,20240111,27.51,27.51,27.51,27.51,100
ZBK.TO,20240111,26.18,26.18,25.88,26.13,13030
ZCB.TO,20240111,45.69,45.69,45.59,45.59,3212
ZCDB.TO,20240111,28.9,28.9,28.88,28.88,800
ZCH.TO,20240111,12.15,12.22,12.12,12.21,15472
ZCLN.TO,20240111,15.3,15.34,15.24,15.28,3001
ZCM.TO,20240111,14.89,14.94,14.89,14.94,26349
ZCN.TO,20240111,28.11,28.12,27.8,28,53346
ZCON.TO,20240111,32.26,32.26,32.26,32.26,100
ZCPB.TO,20240111,27.31,27.36,27.31,27.36,4947
ZCS.TO,20240111,13.38,13.4,13.37,13.4,12036
ZCS.L.TO,20240111,22.86,22.86,22.86,22.86,1400
ZDB.TO,20240111,14.72,14.75,14.68,14.74,73163
ZDH.TO,20240111,25.38,25.52,25.34,25.39,3179
ZDI.TO,20240111,22.46,22.49,22.4,22.41,3621
ZDJ.TO,20240111,58.36,58.67,58.36,58.67,1234
ZDM.TO,20240111,27.01,27.08,26.94,27.08,12618
ZDV.TO,20240111,19.67,19.67,19.44,19.53,49415
ZDY.TO,20240111,38.15,38.15,38.01,38.04,3329
ZDY.U.TO,20240111,29.03,29.15,29.03,29.15,608
ZEA.TO,20240111,21.16,21.19,21.07,21.18,12927
ZEB.TO,20240111,34.98,34.99,34.5,34.67,3180598
ZEF.TO,20240111,11.89,12.15,11.89,12.14,1887
ZEM.TO,20240111,18.75,18.85,18.75,18.85,13097
ZEO.TO,20240111,63.68,63.68,63.29,63.61,6451
ZEQ.TO,20240111,28.98,29.02,28.85,28.93,3984
ZEQT.TO,20240111,42.58,42.58,42.27,42.42,4476
ZESG.TO,20240111,33.39,33.39,33.39,33.39,250
ZFC.TO,20240111,40.09,40.09,40.09,40.09,100
ZFH.TO,20240111,14.61,14.61,14.61,14.61,3318
ZFL.TO,20240111,13.33,13.42,13.27,13.38,80193
ZFM.TO,20240111,14.42,14.46,14.4,14.46,31797
ZFN.TO,20240111,42.27,42.48,42.27,42.48,425
ZFS.TO,20240111,13.46,13.47,13.46,13.47,12100
ZGB.TO,20240111,45.14,45.28,45.14,45.28,297
ZGD.TO,20240111,68.66,68.66,68.66,68.66,193
ZGI.TO,20240111,42.34,42.34,41.95,41.99,1769
ZGQ.TO,20240111,55.64,56,55.64,55.92,3495
ZGRN.TO,20240111,32.06,32.06,32.06,32.06,100
ZGRO.TO,20240111,38.95,38.95,38.7,38.84,5360
ZGRO.T.TO,20240111,31.07,31.07,31.07,31.07,381
ZGSB.TO,20240111,26.39,26.39,26.39,26.39,100
ZHU.TO,20240111,41.95,41.95,41.95,41.95,100
ZHY.TO,20240111,11.13,11.14,11.08,11.12,8191
ZIC.TO,20240111,17.26,17.34,17.26,17.34,9329
ZID.TO,20240111,43.21,43.23,43.03,43.23,6401
ZIN.TO,20240111,37.31,37.31,37.31,37.31,350
ZIU.TO,20240111,48.75,48.75,48.57,48.57,200
ZJG.TO,20240111,64.25,64.25,64,64,630
ZJK.TO,20240111,17.71,17.75,17.71,17.75,5325
ZJPN.TO,20240111,32.39,32.39,32.39,32.39,400
ZJPN.F.TO,20240111,41.34,41.55,41.34,41.55,2605
ZLB.TO,20240111,42.08,42.08,41.72,41.99,32160
ZLC.TO,20240111,15.25,15.25,15.13,15.22,16586
ZLH.TO,20240111,31.34,31.34,31.3,31.32,901
ZLU.TO,20240111,47,47.1,46.85,46.89,9136
ZMBS.TO,20240111,29.19,29.19,29.19,29.19,100
ZMI.TO,20240111,16.1,16.14,16.1,16.13,5996
ZMID.TO,20240111,39.01,39.02,38.98,39.02,1845
ZMMK.TO,20240111,49.99,50,49.99,50,49035
ZMP.TO,20240111,13.6,13.64,13.6,13.64,6751
ZMT.TO,20240111,53.87,53.87,53.87,53.87,100
ZMU.TO,20240111,12.6,12.74,12.6,12.74,7150
ZNQ.TO,20240111,72.65,72.94,72.5,72.72,5711
ZPAY.TO,20240111,30.36,30.48,30.36,30.44,8836
ZPAY.F.TO,20240111,28.75,28.75,28.64,28.74,1837
ZPH.TO,20240111,15.32,15.32,15.25,15.27,1100
ZPL.TO,20240111,12.7,12.75,12.65,12.71,13722
ZPR.TO,20240111,9.34,9.36,9.32,9.35,75413
ZPS.TO,20240111,12.07,12.07,12.07,12.07,378
ZPW.TO,20240111,15.87,15.87,15.76,15.83,926
ZQB.TO,20240111,27.97,27.97,27.97,27.97,200
ZQQ.TO,20240111,118.42,118.76,116.78,118.22,48505
ZRE.TO,20240111,21.03,21.17,20.8,21.16,29426
ZRR.TO,20240111,14.29,14.35,14.29,14.35,1194
ZSB.TO,20240111,47.21,47.23,47.21,47.23,5700
ZSDB.TO,20240111,29.41,29.41,29.41,29.41,1300
ZSML.TO,20240111,36.87,37.09,36.87,37.09,216
ZSML.F.TO,20240111,34.23,34.46,34.23,34.46,454
ZSP.TO,20240111,70.06,70.1,69.59,69.99,182667
ZSP.U.TO,20240111,52.39,52.4,51.89,52.15,6681
ZST.TO,20240111,48.81,48.81,48.78,48.79,53907
ZST.L.TO,20240111,57.54,57.54,57.53,57.54,7600
ZSU.TO,20240111,13.23,13.25,13.23,13.24,1131
ZTIP.TO,20240111,30.64,30.67,30.64,30.65,1100
ZTIP.F.TO,20240111,28.29,28.5,28.29,28.5,11543
ZTIP.U.TO,20240111,28.75,28.81,28.73,28.81,12700
ZUB.TO,20240111,24.7,24.7,24.25,24.49,74180
ZUCM.TO,20240111,29.84,29.84,29.83,29.83,2100
ZUD.TO,20240111,26.93,27,26.93,26.99,300
ZUE.TO,20240111,66.68,66.68,65.89,66.36,16346
ZUH.TO,20240111,69.9,69.9,69.5,69.75,1410
ZUP.TO,20240111,20.07,20.09,20.07,20.08,882
ZUQ.TO,20240111,68,68.1,67.66,68.09,7436
ZUQ.F.TO,20240111,43.12,43.39,43.12,43.39,500
ZUQ.U.TO,20240111,44.65,44.65,44.65,44.65,100
ZUS.U.TO,20240111,46.87,46.87,46.87,46.87,100
ZUS.V.TO,20240111,54.75,54.75,54.75,54.75,300
ZUT.TO,20240111,20.5,20.5,20.03,20.19,31842
ZVC.TO,20240111,26.16,26.16,26.16,26.16,188
ZWA.TO,20240111,25.1,25.15,25.04,25.12,7872
ZWB.TO,20240111,17.7,17.7,17.49,17.57,168076
ZWB.U.TO,20240111,22.63,22.63,22.62,22.62,2400
ZWC.TO,20240111,17.12,17.12,16.93,16.99,99287
ZWE.TO,20240111,19.77,19.93,19.77,19.91,14291
ZWEN.TO,20240111,28.27,28.27,28.07,28.11,59333
ZWG.TO,20240111,29.02,29.07,28.99,29.03,7600
ZWH.TO,20240111,22.02,22.02,21.94,21.97,18615
ZWH.U.TO,20240111,22.5,22.5,22.48,22.5,1342
ZWHC.TO,20240111,28.88,28.95,28.88,28.95,200
ZWK.TO,20240111,19.23,19.23,18.95,19.08,112505
ZWP.TO,20240111,17.49,17.57,17.45,17.57,9620
ZWQT.TO,20240111,15.64,15.64,15.58,15.58,5420
ZWS.TO,20240111,19.55,19.55,19.43,19.5,2800
ZWT.TO,20240111,37.5,37.5,37.15,37.41,1993
ZWU.TO,20240111,10.53,10.53,10.37,10.4,251560
ZXM.TO,20240111,36.69,36.7,36.69,36.7,860
ZXM.B.TO,20240111,34.13,34.13,34.13,34.13,200
ZZZ.TO,20240111,24.99,25.11,24.8,25.11,30129
ZZZD.TO,20240111,28.42,28.6,28.42,28.45,6000
