<ticker>,<date>,<open>,<high>,<low>,<close>,<vol>
AAB.TO,20231129,0.025,0.025,0.025,0.025,50000
AAUC.TO,20231129,3.8,3.87,3.77,3.78,903200
AAV.TO,20231129,9.76,9.8,9.41,9.46,390563
ABX.TO,20231129,23.5,23.75,23.43,23.64,4105650
AC.TO,20231129,17.67,17.76,17.42,17.45,1982650
ACAA.TO,20231129,19.86,19.86,19.86,19.86,10000
ACB.TO,20231129,0.62,0.63,0.62,0.62,425279
ACD.TO,20231129,4.28,4.28,4.15,4.15,300
ACO.X.TO,20231129,37.37,37.37,36.52,36.66,224339
ACQ.TO,20231129,18.6,19.25,18.04,19.12,66483
AD.DB.TO,20231129,97.51,97.51,97.01,97.5,80000
AD.DB.A.TO,20231129,93,93,93,93,12000
AD.UN.TO,20231129,15.06,15.31,15.06,15.28,55140
ADCO.TO,20231129,0.185,0.19,0.18,0.19,15727
ADEN.TO,20231129,25.53,25.86,25.18,25.35,19933
ADN.TO,20231129,16.01,16.26,15.96,16.02,7773
ADW.A.TO,20231129,4.48,4.58,4.4,4.41,24019
ADW.B.TO,20231129,5.5,5.5,5.5,5.5,313
AEG.TO,20231129,0.3,0.31,0.28,0.31,9000
AEM.TO,20231129,72.75,72.75,71.62,72.6,1414799
AEZS.TO,20231129,2.71,2.71,2.71,2.71,1490
AFN.TO,20231129,49.59,51.75,49.59,51.5,68989
AFN.DB.F.TO,20231129,98.69,98.7,98.25,98.25,41999
AFN.DB.G.TO,20231129,97.51,97.88,97.5,97.88,26000
AFN.DB.H.TO,20231129,96.5,96.5,93.62,93.62,74000
AFN.DB.I.TO,20231129,124.2,127.38,124.2,126.18,110000
AFN.DB.J.TO,20231129,94.41,97,94.41,97,150000
AGF.B.TO,20231129,7.27,7.39,7.24,7.33,118141
AGI.TO,20231129,19.67,19.94,19.58,19.87,637591
AI.TO,20231129,10.29,10.29,9.95,9.98,119898
AI.DB.C.TO,20231129,96.62,96.62,96.62,96.62,8000
AI.DB.E.TO,20231129,96.5,96.5,96.5,96.5,3000
AIDX.TO,20231129,0.94,0.94,0.86,0.88,276470
AIF.TO,20231129,40.21,40.38,39.79,39.94,49535
AII.TO,20231129,0.52,0.53,0.52,0.53,62100
AIM.TO,20231129,2.96,2.96,2.9,2.9,71416
AIM.PR.A.TO,20231129,16,16,16,16,700
AIM.PR.C.TO,20231129,19.75,19.75,19.75,19.75,200
AKT.A.TO,20231129,1.4,1.4,1.39,1.39,19261
ALA.TO,20231129,26.87,27.06,26.58,27.04,546355
ALA.PR.A.TO,20231129,15.71,15.83,15.71,15.83,1000
ALA.PR.B.TO,20231129,18.25,18.25,18.25,18.25,2000
ALA.PR.G.TO,20231129,21.15,21.15,21.05,21.15,1000
ALA.PR.H.TO,20231129,22.15,22.15,22.15,22.15,988
ALC.TO,20231129,14.6,14.85,14.59,14.85,14507
ALS.TO,20231129,18.88,18.96,18.6,18.83,54085
ALYA.TO,20231129,1.55,1.56,1.5,1.51,35332
AMC.TO,20231129,2.25,2.25,2.1,2.15,150114
AMM.TO,20231129,0.185,0.205,0.185,0.205,6700
AND.TO,20231129,39.38,39.65,39.05,39.09,12902
AOI.TO,20231129,2.57,2.59,2.55,2.57,327904
AOT.TO,20231129,0.46,0.55,0.46,0.52,508581
AP.UN.TO,20231129,18,18.29,17.91,18.02,531516
APLI.TO,20231129,0.03,0.03,0.03,0.03,4000
APR.UN.TO,20231129,10.42,10.42,10.13,10.21,19191
APS.TO,20231129,3.15,3.6,3.15,3.6,796
AQN.TO,20231129,8.24,8.29,8.16,8.26,2116216
AQN.PR.A.TO,20231129,20.25,20.25,20.25,20.25,200
AQN.PR.D.TO,20231129,20.67,20.67,20.67,20.67,1060
AR.TO,20231129,0.46,0.4775,0.45,0.455,2972076
ARA.TO,20231129,0.43,0.435,0.42,0.42,14737
ARE.TO,20231129,11.26,11.4,11.19,11.35,161144
ARG.TO,20231129,1.31,1.34,1.31,1.32,47259
ARIS.TO,20231129,4.39,4.4,4.22,4.26,488154
ARIS.WT.A.TO,20231129,0.265,0.275,0.25,0.27,58600
ARKG.TO,20231129,12.43,12.43,12.43,12.43,200
ARKK.TO,20231129,19,19.05,18.59,18.63,13155
ARKW.TO,20231129,21.82,22,21.75,21.75,9200
ARR.TO,20231129,6.9,7.09,6.9,7.03,54765
ARX.TO,20231129,21.75,22.05,21.37,21.68,1728682
ASCU.TO,20231129,1.43,1.45,1.41,1.43,70538
ASM.TO,20231129,0.7,0.75,0.67,0.73,77651
ASND.TO,20231129,0.095,0.095,0.09,0.09,213000
ASTL.TO,20231129,11.38,11.41,11.15,11.35,33317
ASTL.WT.TO,20231129,1.59,1.6,1.59,1.6,200
ATD.TO,20231129,77.9,77.9,74.5,76.23,2255437
ATH.TO,20231129,3.88,3.92,3.81,3.89,2851758
ATRL.TO,20231129,42.73,43.07,42.05,42.34,266333
ATS.TO,20231129,53.25,53.67,52.73,53.25,132188
ATZ.TO,20231129,25.64,26.11,25.27,26.08,308633
AUMN.TO,20231129,0.84,0.84,0.76,0.8,27541
AVCN.TO,20231129,0.34,0.365,0.325,0.35,113600
AVL.TO,20231129,0.105,0.105,0.105,0.105,16561
AVNT.TO,20231129,0.145,0.145,0.145,0.145,27001
AW.UN.TO,20231129,30.65,30.95,30.51,30.56,5080
AX.PR.E.TO,20231129,15.76,15.78,15.6,15.65,4600
AX.PR.I.TO,20231129,15.71,16.23,15.71,16,2200
AX.UN.TO,20231129,6.26,6.29,6.14,6.24,955604
AYA.TO,20231129,9.9,10.16,9.82,10.12,648312
BABY.TO,20231129,0.24,0.265,0.24,0.255,128200
BAM.TO,20231129,46.11,48.68,46.11,48.52,1979632
BANK.TO,20231129,6.83,6.85,6.79,6.83,17413
BASE.TO,20231129,25.56,25.56,25.44,25.48,719
BB.TO,20231129,5.03,5.12,4.98,5.12,2267384
BBD.A.TO,20231129,48.86,48.86,46.64,47.02,4954
BBD.B.TO,20231129,49.41,49.53,46.16,46.84,784980
BBD.PR.B.TO,20231129,16.26,16.3,16.25,16.28,2601
BBD.PR.C.TO,20231129,17.32,17.45,17.32,17.34,1300
BBD.PR.D.TO,20231129,19.71,19.99,19.71,19.99,701
BBU.UN.TO,20231129,21.06,22.03,21.06,21.8,26786
BBUC.TO,20231129,22.64,23.67,22.64,23.55,33075
BCE.TO,20231129,53.39,53.45,53.04,53.12,1665141
BCE.PR.A.TO,20231129,15.72,15.72,15.62,15.63,500
BCE.PR.B.TO,20231129,18.44,18.45,18.43,18.45,4238
BCE.PR.C.TO,20231129,16.27,16.5,16.27,16.5,300
BCE.PR.D.TO,20231129,18.17,18.17,18.07,18.07,2220
BCE.PR.E.TO,20231129,18.23,18.24,18.01,18.01,8386
BCE.PR.F.TO,20231129,16.12,16.12,16.12,16.12,700
BCE.PR.G.TO,20231129,15.23,15.23,14.88,14.95,1600
BCE.PR.H.TO,20231129,17.9,17.95,17.9,17.95,1106
BCE.PR.I.TO,20231129,14.57,14.57,14.57,14.57,100
BCE.PR.J.TO,20231129,18.1,18.11,18.1,18.1,1800
BCE.PR.K.TO,20231129,14.39,14.4,14.35,14.35,944
BCE.PR.M.TO,20231129,15.08,15.08,14.73,14.76,3200
BCE.PR.Q.TO,20231129,21.87,21.87,21.05,21.8,1400
BCE.PR.S.TO,20231129,18,18,18,18,700
BCE.PR.T.TO,20231129,17.17,17.17,16.6,16.63,1200
BCE.PR.Y.TO,20231129,18,18.03,18,18.03,500
BCE.PR.Z.TO,20231129,16.66,16.66,16.66,16.66,2600
BCT.TO,20231129,6.81,6.95,6.75,6.95,2103
BDGI.TO,20231129,40.24,40.8,40.02,40.46,275809
BDI.TO,20231129,8.2,8.27,8.1,8.26,343582
BDIV.TO,20231129,17.94,18.05,17.94,18.05,600
BDT.TO,20231129,11.74,11.88,11.69,11.8,46634
BEI.UN.TO,20231129,65.51,66.15,65.51,66.05,98514
BEP.PR.G.TO,20231129,19.6,19.65,19.59,19.63,3300
BEP.PR.M.TO,20231129,18.02,18.3,18.02,18.23,3700
BEP.PR.R.TO,20231129,16.46,16.7,16.41,16.5,11525
BEP.UN.TO,20231129,33.69,34.07,33.53,33.67,178518
BEPC.TO,20231129,36.05,36.5,35.8,36.12,120941
BEPR.TO,20231129,8.45,8.48,8.45,8.48,1645
BEPR.U.TO,20231129,8.74,8.75,8.74,8.75,400
BESG.TO,20231129,15.47,15.48,15.47,15.48,5000
BGC.TO,20231129,29.19,29.19,29.19,29.19,100
BGI.UN.TO,20231129,4.03,4.06,4.03,4.04,19100
BGU.TO,20231129,38.14,38.14,38.14,38.14,240
BGU.U.TO,20231129,28.05,28.06,28.05,28.06,4100
BHC.TO,20231129,9.43,9.7,9.43,9.59,272005
BIK.PR.A.TO,20231129,22.8,22.81,22.8,22.8,3200
BIP.PR.A.TO,20231129,16.52,16.52,16.5,16.5,2800
BIP.PR.B.TO,20231129,20.91,21.1,20.9,21.1,13279
BIP.PR.E.TO,20231129,20.55,21,20.55,20.65,24513
BIP.PR.F.TO,20231129,19.85,20.05,19.85,19.87,9488
BIP.UN.TO,20231129,35.76,36.4,34.99,35.13,413415
BIPC.TO,20231129,43.44,43.79,42.17,42.68,203202
BIR.TO,20231129,6.65,6.66,6.52,6.58,1025370
BITF.TO,20231129,1.94,2.09,1.86,2.05,6593014
BITI.TO,20231129,9.1,9.24,9.1,9.22,53384
BK.TO,20231129,9.85,9.88,9.77,9.84,63583
BK.PR.A.TO,20231129,9.84,9.84,9.8,9.83,55767
BKCC.TO,20231129,13.03,13.2,13,13.18,11808
BKCL.TO,20231129,17.25,17.44,17.11,17.36,23105
BKI.TO,20231129,0.06,0.06,0.06,0.06,39116
BLCO.TO,20231129,20.12,21.31,20.09,21.31,2779
BLDP.TO,20231129,4.75,4.93,4.71,4.82,579435
BLN.TO,20231129,3.65,3.68,3.65,3.65,13602
BLOV.TO,20231129,20.35,20.35,20.35,20.35,200
BLX.TO,20231129,29.55,30.29,29.55,30.24,243957
BMAX.TO,20231129,12.16,12.16,12.15,12.15,2050
BMO.TO,20231129,108.5,110.59,108.32,110.1,2451908
BMO.PR.E.TO,20231129,24,24,23.85,23.94,4356
BMO.PR.T.TO,20231129,18.23,18.54,18.23,18.54,6800
BMO.PR.W.TO,20231129,17.85,18,17.85,18,1975
BMO.PR.Y.TO,20231129,18.46,18.48,18.45,18.48,2900
BN.TO,20231129,47.29,48.63,47.25,48.36,2230293
BN.PF.A.TO,20231129,20.08,20.08,20.08,20.08,34979
BN.PF.B.TO,20231129,17.9,18,17.88,18,3200
BN.PF.C.TO,20231129,17.1,17.12,17.1,17.1,6350
BN.PF.D.TO,20231129,17.32,17.32,17.31,17.31,400
BN.PF.E.TO,20231129,14.74,14.93,14.74,14.93,300
BN.PF.F.TO,20231129,17.11,17.11,16.9,16.9,4600
BN.PF.G.TO,20231129,15.2,15.3,15.2,15.25,32435
BN.PF.H.TO,20231129,20.26,20.26,20.25,20.25,2000
BN.PF.I.TO,20231129,18.46,18.5,18.45,18.46,26900
BN.PF.J.TO,20231129,19.48,19.48,18.55,18.64,22351
BN.PF.L.TO,20231129,10.1,10.1,10.1,10.1,400
BN.PR.B.TO,20231129,11.48,11.49,11.25,11.25,6769
BN.PR.C.TO,20231129,11.49,11.49,11.3,11.3,2840
BN.PR.K.TO,20231129,11.24,11.24,11.22,11.22,1977
BN.PR.M.TO,20231129,16.92,16.92,16.9,16.9,1200
BN.PR.N.TO,20231129,16.9,16.9,16.71,16.71,1400
BN.PR.R.TO,20231129,13.56,13.56,13.55,13.55,4200
BN.PR.X.TO,20231129,14.01,14.1,14.01,14.1,1000
BN.PR.Z.TO,20231129,17.99,18.05,17.99,18.05,3007
BNC.TO,20231129,22.9,23.03,22.9,23,1100
BND.TO,20231129,16.94,16.99,16.93,16.99,5738
BNE.TO,20231129,5.91,6.02,5.86,5.99,32776
BNG.TO,20231129,0.02,0.025,0.02,0.02,82000
BNK.TO,20231129,9.25,9.36,9.25,9.36,2800
BNKL.TO,20231129,18.04,18.04,18.04,18.04,1035
BNRE.TO,20231129,47.31,48.65,47.31,48.65,9233
BNRE.A.TO,20231129,47.95,49,47.95,48.55,900
BNS.TO,20231129,58,59.89,57.88,59.71,4258767
BOND.TO,20231129,21.3,21.34,21.3,21.34,702
BOS.TO,20231129,3.77,4.17,3.77,4.1,158808
BPF.UN.TO,20231129,15.47,15.6,15.36,15.55,29221
BPO.PR.A.TO,20231129,9.96,10.01,9.96,10.01,900
BPO.PR.C.TO,20231129,13,13.34,12.94,13.21,17647
BPO.PR.E.TO,20231129,10.63,11.04,10.5,11.03,21099
BPO.PR.G.TO,20231129,11.55,11.75,11.55,11.65,9991
BPO.PR.I.TO,20231129,11.28,11.61,11.28,11.6,10172
BPO.PR.N.TO,20231129,8.78,8.78,8.56,8.7,3350
BPO.PR.R.TO,20231129,8.95,9,8.92,9,18200
BPO.PR.T.TO,20231129,12.5,12.74,12.5,12.74,3000
BPO.PR.W.TO,20231129,7.66,7.66,7.57,7.57,600
BPO.PR.X.TO,20231129,7.75,7.75,7.75,7.75,3150
BPRF.TO,20231129,21.25,21.25,21.23,21.23,900
BPS.PR.A.TO,20231129,24.83,24.83,24.82,24.83,700
BPS.PR.B.TO,20231129,24.78,24.78,24.78,24.78,200
BPYP.PR.A.TO,20231129,18.77,18.77,18.08,18.08,2554
BRAG.TO,20231129,7.09,7.22,6.82,6.86,37207
BRE.TO,20231129,11.64,11.82,11.64,11.76,1870
BRF.PR.A.TO,20231129,15,15,15,15,25000
BRF.PR.C.TO,20231129,16.62,16.62,16.6,16.62,2100
BRF.PR.E.TO,20231129,16.08,16.11,16,16,7300
BRF.PR.F.TO,20231129,16.06,16.1,15.99,16,10225
BRMI.TO,20231129,1.51,1.51,1.42,1.42,200
BSKT.TO,20231129,8.34,8.34,8.34,8.34,1300
BSX.TO,20231129,0.05,0.055,0.05,0.055,9000
BTB.UN.TO,20231129,2.87,2.87,2.82,2.84,61416
BTCC.TO,20231129,7.31,7.31,7.19,7.2,165309
BTCC.B.TO,20231129,7.46,7.47,7.34,7.35,1615470
BTCC.J.TO,20231129,6.59,6.59,6.59,6.59,100
BTCC.U.TO,20231129,6.97,6.97,6.87,6.87,159508
BTCQ.TO,20231129,8.4,8.4,8.28,8.3,11772
BTCX.B.TO,20231129,7.7,7.7,7.57,7.59,229683
BTCX.U.TO,20231129,7.16,7.16,7.06,7.08,38648
BTCY.TO,20231129,4.48,4.48,4.38,4.38,19000
BTCY.B.TO,20231129,5.05,5.08,5.05,5.05,456
BTCY.U.TO,20231129,4.4,4.4,4.25,4.25,965
BTE.TO,20231129,5.23,5.26,5.13,5.21,3429671
BTO.TO,20231129,4.55,4.61,4.51,4.58,3261304
BU.TO,20231129,0.14,0.14,0.135,0.135,2575
BUI.TO,20231129,2.25,2.25,2.22,2.22,4800
BXF.TO,20231129,9.84,9.86,9.84,9.85,2825
BYD.TO,20231129,263.93,263.93,257.24,259.76,49838
BYL.TO,20231129,0.17,0.18,0.17,0.175,20500
CAE.TO,20231129,27.19,27.2,25.69,26.45,1930483
CAFR.TO,20231129,19.7,19.71,19.7,19.71,7800
CALL.TO,20231129,10.55,10.61,10.55,10.55,3897
CAR.UN.TO,20231129,45.72,46.06,45.49,45.82,278901
CARS.TO,20231129,21.99,22,21.72,21.72,813
CARS.B.TO,20231129,25,25,25,25,100
CAS.TO,20231129,11.94,12.21,11.94,12.14,100966
CASH.TO,20231129,50.21,50.21,50.2,50.2,126397
CBGR.TO,20231129,20.34,20.34,20.34,20.34,210
CBH.TO,20231129,17.01,17.03,17.01,17.01,26342
CBIL.TO,20231129,50.18,50.19,50.17,50.19,36179
CBND.TO,20231129,8.64,8.66,8.64,8.66,600
CBNK.TO,20231129,6.39,6.43,6.38,6.42,2420
CBO.TO,20231129,17.43,17.44,17.42,17.44,18033
CBUG.TO,20231129,22.21,22.21,22.21,22.21,413
CCA.TO,20231129,52.49,52.64,51.98,52.08,36405
CCBI.TO,20231129,17.53,17.53,17.53,17.53,3500
CCL.B.TO,20231129,56.39,56.57,56,56.21,207047
CCM.TO,20231129,0.2,0.21,0.2,0.205,124600
CCO.TO,20231129,61.49,61.49,59.84,60.08,1448161
CCOM.TO,20231129,19.9,19.96,19.9,19.96,901
CCRE.TO,20231129,17.46,17.46,17.46,17.46,200
CCS.PR.C.TO,20231129,18.8,18.8,18.75,18.8,4550
CDIV.TO,20231129,12.46,12.47,12.44,12.47,28588
CDLB.TO,20231129,16.38,16.38,16.38,16.38,1000
CDNA.TO,20231129,16.16,16.16,16.16,16.16,2000
CDR.TO,20231129,1.49,1.53,1.45,1.45,12880
CDZ.TO,20231129,29.09,29.18,29.09,29.13,24453
CEE.TO,20231129,1.66,1.69,1.65,1.65,39300
CEF.TO,20231129,26.26,26.26,26.17,26.19,20374
CEF.U.TO,20231129,19.28,19.28,19.27,19.27,768
CET.TO,20231129,0.72,0.72,0.71,0.71,60500
CEU.TO,20231129,3.46,3.47,3.41,3.46,117044
CEW.TO,20231129,15.36,15.41,15.35,15.37,5838
CF.TO,20231129,6.84,6.89,6.8,6.82,73666
CF.PR.A.TO,20231129,11.57,11.57,11.51,11.51,600
CF.PR.C.TO,20231129,16.4,16.4,16.4,16.4,300
CFF.TO,20231129,0.62,0.62,0.59,0.61,59973
CFP.TO,20231129,17.55,17.65,17.22,17.28,250615
CFW.TO,20231129,4.6,4.6,4.44,4.5,71582
CFX.TO,20231129,1.6,1.6,1.56,1.57,13701
CG.TO,20231129,8.14,8.16,7.95,7.99,433429
CGAA.TO,20231129,24.15,24.18,24.15,24.18,1800
CGBI.TO,20231129,17.2,17.2,17.2,17.2,200
CGDV.TO,20231129,20.19,20.19,20.15,20.15,4100
CGG.TO,20231129,5.58,5.64,5.54,5.6,40050
CGHY.TO,20231129,9.64,9.64,9.64,9.64,675
CGI.TO,20231129,34,34.35,34,34.31,14600
CGIN.TO,20231129,20.18,20.18,20.18,20.18,300
CGL.TO,20231129,16.35,16.42,16.35,16.38,24038
CGL.C.TO,20231129,23.52,23.56,23.52,23.56,1817
CGLO.TO,20231129,25.16,25.22,25.16,25.18,4200
CGO.TO,20231129,46.88,46.9,46.36,46.4,9380
CGR.TO,20231129,26.88,26.88,26.78,26.78,3379
CGRE.TO,20231129,19.92,19.92,19.92,19.92,2025
CGX.TO,20231129,8.21,8.31,8.16,8.18,254480
CGX.DB.B.TO,20231129,98,98,98,98,1010000
CGXF.TO,20231129,10.29,10.29,10.22,10.27,5041
CGXF.U.TO,20231129,7.88,7.92,7.86,7.92,3700
CGY.TO,20231129,52.2,55.85,52.2,54.89,27483
CHE.DB.E.TO,20231129,97.5,97.5,97.5,97.5,15000
CHE.DB.G.TO,20231129,102,102,102,102,9000
CHE.DB.H.TO,20231129,97.5,97.5,97.01,97.01,15000
CHE.UN.TO,20231129,8.92,9.03,8.85,8.87,215233
CHP.UN.TO,20231129,13.03,13.08,12.86,12.88,269100
CHPS.TO,20231129,28.9,29.21,28.9,28.92,1036
CHR.TO,20231129,2.26,2.28,2.22,2.22,355470
CHR.DB.A.TO,20231129,95.25,95.25,95.25,95.25,5000
CHR.DB.B.TO,20231129,90.5,90.5,90.5,90.5,15000
CHR.DB.C.TO,20231129,83.99,83.99,82,82,41000
CHW.TO,20231129,6.77,7.05,6.77,7.05,10000
CIA.TO,20231129,6.87,6.88,6.78,6.78,469118
CIBR.TO,20231129,38.95,39.5,38.95,39.5,761
CIC.TO,20231129,9.73,9.9,9.73,9.88,14613
CIEI.TO,20231129,21.04,21.04,21.04,21.04,900
CIF.TO,20231129,35.9,35.93,35.74,35.76,6636
CIGI.TO,20231129,147.97,147.97,144.54,145.88,48845
CINF.TO,20231129,23.95,23.95,23.93,23.93,400
CINT.TO,20231129,21.5,21.58,21.5,21.51,6308
CINV.TO,20231129,17.68,17.68,17.68,17.68,700
CIQ.UN.TO,20231129,6.27,6.27,6.25,6.27,2200
CIU.PR.A.TO,20231129,17,17.24,17,17.24,2100
CIU.PR.C.TO,20231129,12.55,12.55,12.55,12.55,2200
CIX.TO,20231129,13.71,14.15,13.7,14.04,685343
CJ.TO,20231129,6.9,6.92,6.76,6.83,484864
CJR.B.TO,20231129,0.51,0.54,0.51,0.54,1575807
CJT.TO,20231129,96.53,100.09,96.52,99,118841
CKI.TO,20231129,13.31,13.55,13.3,13.55,6600
CLF.TO,20231129,16.74,16.75,16.74,16.75,18738
CLG.TO,20231129,16.6,16.64,16.6,16.62,12561
CLS.TO,20231129,36.08,38.41,35.25,37.09,717287
CM.TO,20231129,52.61,53.51,52.48,53.36,3441889
CM.PR.O.TO,20231129,18.48,18.58,18.44,18.51,11662
CM.PR.P.TO,20231129,17.71,17.9,17.7,17.9,3900
CM.PR.Q.TO,20231129,18.4,18.4,18.4,18.4,50000
CM.PR.S.TO,20231129,21.1,21.2,20.8,20.98,12140
CM.PR.Y.TO,20231129,24.47,24.47,24.46,24.46,3400
CMAG.TO,20231129,26.7,26.81,26.69,26.7,10951
CMDO.TO,20231129,18.9,19.42,18.9,19.03,81700
CMDO.U.TO,20231129,19.06,19.11,19.06,19.11,800
CMG.TO,20231129,9.94,10.02,9.8,9.96,105158
CMGG.TO,20231129,21.53,21.53,21.53,21.53,100
CMR.TO,20231129,50.05,50.06,50.05,50.06,14341
CNCC.TO,20231129,11.65,11.66,11.62,11.62,4375
CNCL.TO,20231129,18.73,18.81,18.73,18.81,1901
CNE.TO,20231129,6.92,7.03,6.9,6.9,105319
CNL.TO,20231129,3.99,4.27,3.99,4.2,696700
CNQ.TO,20231129,89.12,90.26,88.8,90.18,12384540
CNR.TO,20231129,153.6,155.9,153.11,155.53,977720
COPP.TO,20231129,23.72,23.72,23.72,23.72,100
COW.TO,20231129,59.9,59.9,59.52,59.52,3181
CP.TO,20231129,95.79,97.13,95.37,96.95,1193225
CPD.TO,20231129,10.61,10.66,10.6,10.65,90966
CPH.TO,20231129,6.2,6.29,6.05,6.2,15965
CPLF.TO,20231129,6.01,6.44,6.01,6.3,335918
CPLS.TO,20231129,17.47,17.47,17.47,17.47,15900
CPX.TO,20231129,36.99,36.99,36.63,36.8,432710
CPX.PR.A.TO,20231129,13.5,13.51,13.5,13.51,325
CPX.PR.C.TO,20231129,23.09,23.15,23.05,23.05,2160
CPX.PR.E.TO,20231129,21.24,21.25,21.24,21.24,934
CPX.PR.K.TO,20231129,24.67,24.67,24.65,24.65,800
CR.TO,20231129,4.91,4.91,4.79,4.88,502924
CRDL.TO,20231129,1.2,1.24,1.17,1.24,38196
CRON.TO,20231129,2.67,2.71,2.67,2.67,65054
CROP.TO,20231129,17.22,17.22,17.22,17.22,13000
CRP.TO,20231129,2.28,2.28,2.28,2.28,300
CRR.UN.TO,20231129,13.04,13.04,12.58,12.65,181446
CRRX.TO,20231129,1.43,1.45,1.4,1.41,11073
CRT.UN.TO,20231129,13.69,13.7,13.47,13.55,95537
CRWN.TO,20231129,5.7,5.7,5.7,5.7,2500
CS.TO,20231129,5.65,5.65,5.44,5.49,1043358
CSAV.TO,20231129,50.04,50.05,50.04,50.04,93317
CSH.UN.TO,20231129,10.76,10.98,10.76,10.8,210797
CSU.TO,20231129,3209.02,3229.19,3190.07,3215.72,21610
CSU.DB.TO,20231129,129.01,129.01,129.01,129.01,5899
CSW.A.TO,20231129,12.43,12.74,12.32,12.35,66041
CSW.B.TO,20231129,11.78,12.11,11.6,11.6,8600
CTC.TO,20231129,268,268,268,268,118
CTC.A.TO,20231129,141,141,138.88,140.51,132354
CTF.UN.TO,20231129,2.97,2.97,2.83,2.91,3900
CTS.TO,20231129,4.14,4.2,4.05,4.08,1341349
CU.TO,20231129,30.46,30.58,30.13,30.2,311490
CU.PR.C.TO,20231129,17.8,17.9,17.75,17.9,1600
CU.PR.D.TO,20231129,18.69,18.7,18.69,18.7,300
CU.PR.E.TO,20231129,18.6,18.6,18.6,18.6,150
CU.PR.F.TO,20231129,16.77,16.77,16.75,16.75,600
CU.PR.G.TO,20231129,16.9,16.9,16.68,16.81,5450
CU.PR.I.TO,20231129,21.98,21.98,21.98,21.98,200
CU.PR.J.TO,20231129,17.6,17.71,17.6,17.62,3425
CUD.TO,20231129,47.85,48,47.68,47.68,7561
CUEI.TO,20231129,24.48,24.48,24.48,24.48,400
CVD.TO,20231129,15.19,15.23,15.19,15.23,500
CVE.TO,20231129,24.19,24.22,23.79,24.01,3802719
CVE.PR.A.TO,20231129,13.23,13.57,13.23,13.57,4088
CVE.PR.B.TO,20231129,15.05,15.05,15,15,4000
CVE.PR.C.TO,20231129,21.2,21.23,21.05,21.05,3800
CVE.PR.E.TO,20231129,21.9,22.08,21.9,22.05,20494
CVE.PR.G.TO,20231129,21.39,21.39,21.39,21.39,125
CVE.WT.TO,20231129,17.47,17.6,17.27,17.5,4833
CVG.TO,20231129,76.76,76.76,73.94,73.94,300
CVO.TO,20231129,10.79,10.98,10.54,10.54,56153
CWB.TO,20231129,28.34,28.71,28.22,28.71,211854
CWB.PR.B.TO,20231129,18.92,18.92,18.88,18.88,500
CWEB.TO,20231129,0.29,0.29,0.27,0.27,33380
CWL.TO,20231129,0.69,0.8,0.69,0.8,21524
CWW.TO,20231129,49.62,49.62,49.45,49.47,443
CXB.TO,20231129,1.37,1.37,1.31,1.33,1112283
CXF.TO,20231129,8.64,8.64,8.64,8.64,1000
CXI.TO,20231129,20.99,21.28,20.99,21.25,1300
CYB.TO,20231129,60.21,60.21,59.13,59.24,7609
CYBR.TO,20231129,40.75,41.34,40.75,41.24,5647
CYBR.B.TO,20231129,47.42,47.42,47.42,47.42,100
CYH.TO,20231129,18.89,18.89,18.86,18.86,1307
D.UN.TO,20231129,8.82,9.07,8.8,8.96,88374
DANC.TO,20231129,21.53,21.56,21.53,21.56,4300
DATA.TO,20231129,20.47,20.47,20.45,20.45,528
DBM.TO,20231129,6.81,6.81,6.69,6.73,175876
DBO.TO,20231129,0.08,0.085,0.08,0.085,51400
DC.A.TO,20231129,0.95,1.04,0.95,1.02,541543
DC.PR.B.TO,20231129,18.3,18.3,18.3,18.3,500
DC.PR.D.TO,20231129,20.58,20.6,20.58,20.6,5299
DCBO.TO,20231129,63.13,64.24,60,61.24,111350
DCC.TO,20231129,17.93,17.93,17.92,17.92,4000
DCG.TO,20231129,17.62,17.62,17.62,17.62,100
DCM.TO,20231129,2.52,2.58,2.5,2.52,25901
DCS.TO,20231129,18.24,18.24,18.23,18.23,3400
DF.TO,20231129,3.23,3.28,3.2,3.26,31377
DF.PR.A.TO,20231129,9.77,9.78,9.76,9.78,6600
DFN.TO,20231129,3.96,4.06,3.95,3.99,224922
DFN.PR.A.TO,20231129,9.71,9.76,9.71,9.76,41900
DFY.TO,20231129,36.91,37.16,36.11,36.27,113419
DGR.TO,20231129,39.07,39.08,38.95,38.95,3100
DGR.B.TO,20231129,43.25,43.36,43.21,43.21,555
DGRC.TO,20231129,34.76,34.76,34.68,34.69,6790
DGS.TO,20231129,4.56,4.6,4.5,4.54,32050
DGS.PR.A.TO,20231129,9.79,9.82,9.79,9.82,10905
DHT.UN.TO,20231129,12.47,12.66,12.29,12.66,42669
DIAM.TO,20231129,0.08,0.095,0.08,0.09,1286206
DII.B.TO,20231129,4.94,4.95,4.84,4.87,4754
DIR.UN.TO,20231129,12.44,12.6,12.36,12.49,499193
DISC.TO,20231129,34.04,34.04,34.04,34.04,113
DIV.TO,20231129,2.61,2.63,2.61,2.62,169580
DIV.DB.A.TO,20231129,92,92,92,92,20000
DIVS.TO,20231129,14.04,14.04,14.04,14.04,100
DLCG.TO,20231129,2.43,2.75,2.43,2.7,453629
DLR.TO,20231129,13.98,14.01,13.97,13.99,427581
DLR.U.TO,20231129,10.29,10.3,10.29,10.3,320815
DML.TO,20231129,2.48,2.48,2.36,2.38,1832866
DN.TO,20231129,0.03,0.03,0.03,0.03,81197
DND.TO,20231129,14.05,14.33,13.81,13.81,172308
DNG.TO,20231129,3.85,3.95,3.82,3.89,77313
DNTL.TO,20231129,5.87,5.9,5.67,5.7,244736
DOL.TO,20231129,98.45,98.45,96.95,97.4,433810
DOO.TO,20231129,95.94,96.74,94.61,95,360989
DPM.TO,20231129,9.88,9.89,9.65,9.67,422142
DR.TO,20231129,8.85,8.94,8.77,8.88,29295
DRFE.TO,20231129,19.62,19.62,19.61,19.61,300
DRFG.TO,20231129,24.8,24.8,24.74,24.74,540
DRM.TO,20231129,20.01,20.45,20.01,20.43,21900
DRMC.TO,20231129,25.31,25.33,25.31,25.33,400
DRMU.TO,20231129,33.21,33.21,33.21,33.21,101
DRR.U.TO,20231129,6.37,6.37,6.18,6.18,701
DRR.UN.TO,20231129,8.62,8.7,8.27,8.27,2504
DRT.TO,20231129,0.365,0.375,0.365,0.375,13502
DRT.DB.TO,20231129,55,55,55,55,17000
DRX.TO,20231129,5.22,5.35,5.22,5.34,11572
DS.TO,20231129,6.1,6.12,6,6.09,5781
DSG.TO,20231129,110.78,111.09,109.3,109.88,163395
DSV.TO,20231129,0.91,0.91,0.85,0.9,504404
DTOL.TO,20231129,8.22,8.27,8.22,8.25,2948
DXB.TO,20231129,18.05,18.1,18.05,18.1,7711
DXBU.TO,20231129,21.12,21.12,21.12,21.12,7500
DXC.TO,20231129,32.56,32.68,32.55,32.55,14441
DXDB.TO,20231129,20.22,20.29,20.21,20.29,16922
DXEM.TO,20231129,12.69,12.69,12.69,12.69,2100
DXG.TO,20231129,49.19,49.3,49.09,49.09,7050
DXGE.TO,20231129,21.33,21.33,21.33,21.33,8000
DXO.TO,20231129,18.88,18.88,18.88,18.88,3700
DXP.TO,20231129,19.35,19.47,19.35,19.47,16000
DXQ.TO,20231129,23.06,23.06,23,23.01,3328
DXT.TO,20231129,5.5,5.58,5.5,5.52,12029
DXU.TO,20231129,46.12,46.24,46.12,46.2,775
DXUS.TO,20231129,21.43,21.43,21.43,21.43,9200
DXV.TO,20231129,19.7,19.7,19.65,19.65,2973
DXW.TO,20231129,21.79,21.82,21.79,21.82,9800
DYA.TO,20231129,0.17,0.17,0.16,0.16,102632
E.TO,20231129,0.7,0.7,0.68,0.7,45500
EAGR.TO,20231129,0.45,0.45,0.45,0.45,2504
EBIT.TO,20231129,18.85,18.85,18.6,18.63,22916
EBIT.U.TO,20231129,13.88,13.88,13.77,13.83,971
EBNK.TO,20231129,9.58,9.58,9.58,9.58,100
ECN.TO,20231129,2.48,2.48,2.24,2.31,250353
ECN.DB.TO,20231129,82,82,78.1,78.1,26000
ECN.DB.B.TO,20231129,69,69,69,69,11000
ECN.PR.C.TO,20231129,16.15,16.15,16.15,16.15,1600
ECO.TO,20231129,3.62,3.65,3.56,3.6,25800
ECOR.TO,20231129,1.6,1.6,1.55,1.55,11523
EDR.TO,20231129,3.1,3.1,2.92,2.93,416681
EDT.TO,20231129,0.395,0.4,0.39,0.39,26500
EDV.TO,20231129,32.02,32.23,31.35,31.37,393930
EFN.TO,20231129,21.33,21.56,21.19,21.5,528241
EFN.DB.B.TO,20231129,183.59,183.59,183.59,183.59,1000
EFN.PR.C.TO,20231129,25,25,24.95,24.95,1300
EFN.PR.E.TO,20231129,24.66,24.66,24.66,24.66,300
EFR.TO,20231129,11.23,11.23,10.32,10.35,443895
EFX.TO,20231129,5.81,5.87,5.7,5.84,381185
EGIF.TO,20231129,20.54,20.54,20.54,20.54,200
EGLX.TO,20231129,0.33,0.35,0.31,0.31,219943
EIF.TO,20231129,45.57,45.86,45.38,45.78,45022
EIF.DB.J.TO,20231129,100,100,100,100,16000
EIF.DB.K.TO,20231129,100,100,100,100,10000
EIF.DB.L.TO,20231129,96.25,97.25,96.25,97.25,32000
EIF.DB.M.TO,20231129,92.5,92.5,92.5,92.5,10000
EIT.PR.A.TO,20231129,24.7,24.78,24.7,24.78,200
EIT.PR.B.TO,20231129,24.33,24.4,24.3,24.3,5924
EIT.UN.TO,20231129,12.62,12.7,12.62,12.69,150768
ELD.TO,20231129,17.52,17.65,17.34,17.63,345513
ELEF.TO,20231129,0.315,0.33,0.29,0.325,64871
ELF.TO,20231129,992.55,1013.59,992.55,1013.59,2526
ELF.PR.F.TO,20231129,20.07,20.08,20.07,20.08,1000
ELF.PR.H.TO,20231129,20.09,20.42,20.09,20.4,10880
ELO.TO,20231129,1.62,1.62,1.49,1.5,52200
ELVA.TO,20231129,3.42,3.47,3.42,3.47,3600
EMA.TO,20231129,48.12,48.13,47.4,47.5,1094022
EMA.PR.B.TO,20231129,15.15,15.15,15.15,15.15,300
EMA.PR.C.TO,20231129,20.18,20.2,20.1,20.11,4800
EMA.PR.E.TO,20231129,16.41,16.41,16.4,16.4,700
EMA.PR.F.TO,20231129,16.66,16.66,16.66,16.66,700
EMA.PR.H.TO,20231129,21.45,21.6,21.35,21.58,6200
EMA.PR.J.TO,20231129,17.7,17.7,17.64,17.64,7100
EMA.PR.L.TO,20231129,16.6,16.7,16.6,16.7,3400
EMP.A.TO,20231129,37,37,36.46,36.72,473291
EMV.B.TO,20231129,26,26,25.9,25.9,988
ENB.TO,20231129,46.74,47.12,46.68,46.92,4134555
ENB.PF.A.TO,20231129,16,16,15.98,15.98,2544
ENB.PF.C.TO,20231129,15.53,15.54,15.3,15.43,8300
ENB.PF.E.TO,20231129,14.98,14.98,14.98,14.98,100
ENB.PF.G.TO,20231129,14.83,14.83,14.81,14.81,1925
ENB.PF.K.TO,20231129,19.52,19.85,19.52,19.73,7340
ENB.PF.U.TO,20231129,18.79,18.81,18.65,18.81,4229
ENB.PF.V.TO,20231129,21.98,22.01,21.95,21.99,2900
ENB.PR.A.TO,20231129,19.77,19.81,19.77,19.81,1738
ENB.PR.B.TO,20231129,15.57,15.57,15.28,15.5,35754
ENB.PR.D.TO,20231129,15.97,15.98,15.78,15.8,10411
ENB.PR.F.TO,20231129,16.29,16.45,16.25,16.35,21015
ENB.PR.H.TO,20231129,17.76,17.91,17.76,17.83,2000
ENB.PR.J.TO,20231129,17.27,17.3,17.23,17.25,38110
ENB.PR.N.TO,20231129,19.35,19.42,19.32,19.4,14508
ENB.PR.P.TO,20231129,17.27,17.27,17.02,17.02,4575
ENB.PR.T.TO,20231129,16.36,16.45,16.35,16.44,3906
ENB.PR.V.TO,20231129,20.76,20.8,20.7,20.77,15900
ENB.PR.Y.TO,20231129,15.36,15.36,15.31,15.35,6887
ENCC.TO,20231129,10.94,10.94,10.82,10.88,39429
ENCL.TO,20231129,19.57,19.57,19.38,19.48,17352
ENGH.TO,20231129,34.75,34.87,34.2,34.35,32507
ENI.UN.TO,20231129,1.56,1.56,1.56,1.56,329
ENS.TO,20231129,12.65,12.7,12.62,12.66,78140
ENS.PR.A.TO,20231129,9.86,9.89,9.86,9.88,16000
EPRX.TO,20231129,5.69,5.78,5.69,5.69,3229
EPRX.WT.TO,20231129,0.65,0.65,0.65,0.65,1000
EQB.TO,20231129,74.04,76.17,74.04,75.94,52060
EQB.PR.C.TO,20231129,23.59,23.7,23.5,23.5,2389
EQCL.TO,20231129,20.3,20.3,20.28,20.28,1809
EQL.TO,20231129,30.38,30.58,30.37,30.37,18580
EQL.F.TO,20231129,26.3,26.48,26.3,26.32,4167
EQL.U.TO,20231129,22.49,22.49,22.49,22.49,100
EQX.TO,20231129,7.23,7.39,7.17,7.38,471068
ERD.TO,20231129,0.33,0.35,0.33,0.35,53603
ERE.UN.TO,20231129,2.22,2.26,2.2,2.21,89034
ERO.TO,20231129,17.17,17.17,16.77,16.86,354790
ESG.TO,20231129,33.03,33.03,32.91,32.91,300
ESGA.TO,20231129,32.89,32.89,32.84,32.84,1200
ESGB.TO,20231129,26.38,26.38,26.38,26.38,1300
ESGC.TO,20231129,23.28,23.31,23.28,23.31,2900
ESI.TO,20231129,2.1,2.1,2.04,2.07,235764
ESM.TO,20231129,0.035,0.04,0.035,0.04,20500
ESPX.TO,20231129,21.4,21.4,21.28,21.28,5231
ET.TO,20231129,12.25,12.25,12.06,12.17,6370
ETC.TO,20231129,8.43,8.45,8.43,8.44,3605
ETG.TO,20231129,1.24,1.24,1.22,1.23,20100
ETHH.TO,20231129,8.42,8.42,8.26,8.29,18077
ETHH.B.TO,20231129,9.73,9.73,9.56,9.58,36357
ETHH.U.TO,20231129,8.88,8.91,8.88,8.91,578
ETHI.TO,20231129,44.49,44.53,44.37,44.37,475
ETHQ.TO,20231129,11.05,11.05,10.87,10.89,20430
ETHQ.U.TO,20231129,7.99,7.99,7.99,7.99,1500
ETHR.TO,20231129,9.68,9.68,9.51,9.57,2775
ETHR.U.TO,20231129,8.82,8.82,8.82,8.82,5600
ETHX.B.TO,20231129,10.06,10.06,9.9,9.93,94488
ETHX.U.TO,20231129,9.29,9.29,9.12,9.14,60738
ETHY.TO,20231129,3.15,3.15,3.07,3.07,13555
ETHY.B.TO,20231129,3.9,3.9,3.82,3.82,719
ETHY.U.TO,20231129,2.97,2.97,2.97,2.97,1255
ETP.TO,20231129,15.93,15.93,15.92,15.92,6200
ETSX.TO,20231129,18.78,18.78,18.76,18.78,2515
EVT.TO,20231129,138,138,138,138,100
EXE.TO,20231129,6.96,7.03,6.93,7.02,198360
EXE.DB.C.TO,20231129,95,95.49,95,95.49,134000
EXN.TO,20231129,0.125,0.125,0.115,0.115,139427
EXRO.TO,20231129,1.39,1.39,1.35,1.37,67002
FANS.TO,20231129,0.04,0.04,0.04,0.04,87454
FAP.TO,20231129,2.57,2.59,2.56,2.57,15100
FAR.TO,20231129,1.8,1.8,1.79,1.79,8608
FBGO.TO,20231129,17.13,17.14,17.11,17.12,5500
FBTC.TO,20231129,17.29,17.29,17.08,17.11,14611
FBTC.U.TO,20231129,12.73,12.73,12.73,12.73,1544
FC.TO,20231129,10.2,10.24,10.12,10.15,19491
FC.DB.H.TO,20231129,96.53,96.56,96.53,96.56,12000
FC.DB.I.TO,20231129,93.1,93.1,93.01,93.01,17000
FC.DB.K.TO,20231129,81.3,81.3,81.3,81.3,1000
FC.DB.L.TO,20231129,79.85,79.85,79.75,79.75,68000
FCCD.TO,20231129,25.42,25.51,25.42,25.43,2529
FCCQ.TO,20231129,30.79,30.79,30.79,30.79,200
FCCV.TO,20231129,12.8,12.91,12.8,12.86,4813
FCD.UN.TO,20231129,4.9,4.91,4.75,4.75,28666
FCID.TO,20231129,24.6,24.6,24.6,24.6,419
FCIQ.TO,20231129,34.61,34.68,34.5,34.66,12616
FCIQ.U.TO,20231129,25.48,25.49,25.48,25.49,2000
FCIV.TO,20231129,32.07,32.12,32.02,32.12,10130
FCQH.TO,20231129,45.3,45.3,45.3,45.3,200
FCR.UN.TO,20231129,13.85,13.88,13.75,13.84,235947
FCRR.TO,20231129,33.95,33.95,33.95,33.95,200
FCU.TO,20231129,1.01,1.03,0.93,0.94,2377394
FCUD.TO,20231129,30.37,30.46,30.37,30.46,900
FCUQ.TO,20231129,48.74,48.74,48.42,48.48,1777
FCUV.TO,20231129,14.43,14.48,14.42,14.42,1518
FCVH.TO,20231129,13.86,13.86,13.81,13.81,8900
FDY.TO,20231129,0.55,0.56,0.55,0.55,36010
FEC.TO,20231129,8.98,8.98,8.5,8.52,113311
FETH.TO,20231129,37.94,37.94,37.46,37.46,436
FF.TO,20231129,0.135,0.14,0.13,0.14,1036037
FFH.TO,20231129,1227.04,1236.78,1224.51,1229.35,37314
FFH.PR.C.TO,20231129,19.9,19.9,19.84,19.9,7337
FFH.PR.D.TO,20231129,20.24,20.25,20.22,20.22,2736
FFH.PR.E.TO,20231129,14.95,14.97,14.95,14.95,1300
FFH.PR.F.TO,20231129,16.32,16.32,16.31,16.31,600
FFH.PR.G.TO,20231129,15.44,15.5,15.44,15.5,3115
FFH.PR.I.TO,20231129,15.6,15.95,15.5,15.87,13110
FFH.PR.J.TO,20231129,18.2,18.2,18.2,18.2,100
FFH.PR.K.TO,20231129,18.38,18.38,18.38,18.38,100
FFH.PR.M.TO,20231129,22.01,22.11,22,22,6400
FFN.TO,20231129,3.17,3.25,3.17,3.19,113371
FFN.PR.A.TO,20231129,9.98,9.98,9.98,9.98,39727
FGB.TO,20231129,17.79,17.82,17.79,17.82,800
FGGE.TO,20231129,21.89,21.89,21.89,21.89,300
FGO.TO,20231129,9.8,9.83,9.8,9.83,105197
FHH.TO,20231129,34.96,34.96,34.96,34.96,100
FHI.TO,20231129,10.96,11.02,10.96,10.98,1200
FHIS.TO,20231129,20.48,20.5,20.48,20.5,15793
FHQ.TO,20231129,77.27,77.57,77.27,77.27,400
FIE.TO,20231129,6.42,6.48,6.42,6.46,125405
FIG.TO,20231129,9.05,9.08,9.05,9.06,68758
FIH.U.TO,20231129,13.02,13.19,13.02,13.03,17841
FIL.TO,20231129,18.75,19.73,18.6,19.59,208507
FINE.TO,20231129,19.75,19.75,19.75,19.75,922
FINO.TO,20231129,18.39,18.39,18.39,18.39,100
FLCP.TO,20231129,17.29,17.29,17.29,17.29,200
FLDM.TO,20231129,21.68,21.68,21.68,21.68,200
FLGA.TO,20231129,18.49,18.51,18.48,18.51,800
FLI.TO,20231129,9.6,9.67,9.6,9.65,1410
FLNT.TO,20231129,0.025,0.025,0.025,0.025,2000
FLOW.TO,20231129,0.25,0.27,0.25,0.27,35232
FLUS.TO,20231129,36.22,36.22,35.97,35.97,200
FLX.TO,20231129,6.83,6.83,6.8,6.83,7186
FM.TO,20231129,11.7,12.35,11.13,11.36,6918032
FN.TO,20231129,37.34,37.37,36.86,37.04,23387
FN.PR.B.TO,20231129,13.2,13.2,13.2,13.2,800
FNV.TO,20231129,159.7,159.7,154.14,154.99,742044
FOM.TO,20231129,4.17,4.24,4.11,4.15,381986
FOOD.TO,20231129,0.305,0.325,0.305,0.305,85972
FORA.TO,20231129,4.49,4.49,4.48,4.48,838
FOUR.TO,20231129,44.33,44.33,44.33,44.33,502
FRU.TO,20231129,14.13,14.14,13.94,14.13,250088
FRX.TO,20231129,11.7,11.7,11.7,11.7,2300
FSB.TO,20231129,9.5,9.51,9.5,9.5,10562
FSF.TO,20231129,22.46,22.51,22.3,22.51,81400
FST.TO,20231129,42.97,42.97,42.97,42.97,1954
FSV.TO,20231129,212.13,213.47,211.68,212.27,49569
FSY.TO,20231129,0.74,0.74,0.7,0.7,82235
FSZ.TO,20231129,4.99,5.08,4.93,4.95,229935
FSZ.DB.B.TO,20231129,102,102,102,102,8000
FT.TO,20231129,0.03,0.03,0.025,0.03,302500
FTG.TO,20231129,4,4.22,4,4.19,29827
FTN.TO,20231129,6.86,6.96,6.79,6.9,251028
FTN.PR.A.TO,20231129,10.03,10.05,10.03,10.05,54800
FTS.TO,20231129,55.15,55.17,54.17,54.36,1519315
FTS.PR.F.TO,20231129,18.79,18.79,18.7,18.74,2240
FTS.PR.G.TO,20231129,19.62,19.75,19.62,19.62,3888
FTS.PR.I.TO,20231129,15.1,15.11,15.1,15.1,1968
FTS.PR.J.TO,20231129,18.26,18.26,18.12,18.2,3643
FTS.PR.K.TO,20231129,18.39,18.39,18.07,18.07,5299
FTS.PR.M.TO,20231129,17.58,17.64,17.53,17.53,2800
FTT.TO,20231129,34.32,34.53,34.04,34.24,534114
FTU.TO,20231129,0.17,0.17,0.17,0.17,1300
FTU.PR.B.TO,20231129,5.11,5.29,5.1,5.29,8640
FURY.TO,20231129,0.51,0.55,0.51,0.54,256895
FVI.TO,20231129,5.36,5.4,5.31,5.37,455608
FVI.DB.U.TO,20231129,98,98,98,98,2000
FVL.TO,20231129,0.415,0.425,0.4,0.42,253015
FXM.TO,20231129,20.42,20.42,20.37,20.4,440
G.TO,20231129,0.77,0.78,0.76,0.77,22706
GATO.TO,20231129,8.49,8.49,8.4,8.4,300
GAU.TO,20231129,0.89,0.9,0.86,0.86,29879
GBAL.TO,20231129,43.12,43.12,43.12,43.12,125
GBT.TO,20231129,12.34,12.34,12.16,12.16,1200
GCBD.TO,20231129,17.53,17.57,17.53,17.57,7016
GCG.A.TO,20231129,45.81,46.3,44.25,44.25,7722
GCL.TO,20231129,1.13,1.16,1.12,1.13,11698
GCTB.TO,20231129,50.05,50.06,50.05,50.05,38600
GDC.TO,20231129,2.24,2.24,2.24,2.24,300
GDI.TO,20231129,36.29,36.3,35.74,36.01,7297
GDL.TO,20231129,14.26,14.34,14.2,14.3,22267
GDPY.TO,20231129,20.4,20.4,20.4,20.4,228
GDV.TO,20231129,8.76,8.76,8.56,8.59,18271
GDV.PR.A.TO,20231129,9.6,9.63,9.59,9.63,18500
GEI.TO,20231129,20.89,20.95,20.43,20.45,384310
GENM.TO,20231129,0.23,0.245,0.23,0.24,69000
GEO.TO,20231129,1.75,1.77,1.75,1.77,1200
GEQT.TO,20231129,49.4,49.4,49.4,49.4,197
GFL.TO,20231129,37.39,37.56,36.56,37.33,596185
GFP.TO,20231129,1.01,1.06,1,1.05,36000
GGD.TO,20231129,1.34,1.39,1.34,1.39,217583
GGRO.TO,20231129,46.25,46.25,46.25,46.25,266
GH.TO,20231129,9.15,9.15,9.04,9.04,4045
GIB.A.TO,20231129,137.42,137.97,135.9,137.05,229361
GIL.TO,20231129,48.83,49,48.33,48.62,295265
GIVX.TO,20231129,0.54,0.54,0.54,0.54,2600
GLCC.TO,20231129,24.58,24.67,24.44,24.62,22227
GLO.TO,20231129,2.45,2.46,2.27,2.29,744812
GLXY.TO,20231129,8.28,8.48,8.15,8.47,777247
GMTN.TO,20231129,0.085,0.085,0.085,0.085,137482
GMX.TO,20231129,0.94,0.94,0.92,0.93,13000
GOLD.TO,20231129,1.26,1.27,1.22,1.23,97178
GOOS.TO,20231129,14.9,15.33,14.9,14.95,476762
GRA.TO,20231129,2.03,2.09,1.96,1.96,164706
GRC.TO,20231129,0.095,0.095,0.095,0.095,526
GRN.TO,20231129,0.155,0.155,0.15,0.155,29342
GRNI.TO,20231129,25.98,26,25.98,26,4800
GRT.UN.TO,20231129,68.81,69.38,68.81,68.96,122235
GSY.TO,20231129,132.5,133.55,131.91,133.46,43083
GTE.TO,20231129,8.77,8.85,8.62,8.62,47869
GUD.TO,20231129,5.28,5.3,5.25,5.27,26150
GURU.TO,20231129,2.01,2.2,2.01,2.14,8105
GUTB.U.TO,20231129,50.05,50.06,50.05,50.06,3102
GVC.TO,20231129,0.105,0.11,0.105,0.11,20016
GWO.TO,20231129,43.02,43.28,42.82,43.05,9700282
GWO.PR.G.TO,20231129,19.1,19.22,19.06,19.11,9556
GWO.PR.H.TO,20231129,18.12,18.18,18.12,18.18,1500
GWO.PR.I.TO,20231129,17.26,17.26,17.26,17.26,260
GWO.PR.L.TO,20231129,21.2,21.2,21,21.01,6300
GWO.PR.M.TO,20231129,21.7,21.71,21.69,21.69,2300
GWO.PR.N.TO,20231129,13.05,13.2,13.05,13.2,38700
GWO.PR.P.TO,20231129,19.8,19.88,19.78,19.78,4975
GWO.PR.R.TO,20231129,18.2,18.2,17.95,17.96,7018
GWO.PR.S.TO,20231129,19.35,19.37,19.2,19.25,4370
GWO.PR.T.TO,20231129,19.2,19.2,19.15,19.15,1800
GWO.PR.Y.TO,20231129,17.5,17.5,17.19,17.19,789
GXE.TO,20231129,0.69,0.69,0.67,0.67,333039
H.TO,20231129,37.88,37.89,37.37,37.54,1133866
HAB.TO,20231129,9.61,9.65,9.6,9.65,70746
HAI.TO,20231129,3.55,3.55,3.5,3.52,4729
HAL.TO,20231129,18.25,18.27,18.24,18.24,4072
HAZ.TO,20231129,30.5,30.5,30.4,30.4,2380
HBA.TO,20231129,21.15,21.15,21.13,21.13,1080
HBAL.TO,20231129,13.55,13.55,13.55,13.55,1875
HBB.TO,20231129,45.6,45.79,45.6,45.75,33238
HBD.TO,20231129,10.24,10.24,10.19,10.19,2400
HBF.TO,20231129,9.3,9.3,9.28,9.29,5662
HBFE.TO,20231129,10.07,10.07,9.93,9.93,225
HBGD.TO,20231129,21.8,21.95,21.8,21.81,948
HBLK.TO,20231129,12.01,12.21,12.01,12.14,6079
HBM.TO,20231129,6.12,6.17,6.07,6.1,1020329
HBND.TO,20231129,15.67,15.69,15.61,15.69,10448
HBNK.TO,20231129,18.51,18.73,18.49,18.7,7436
HBU.TO,20231129,11.73,11.75,11.7,11.74,1076
HCA.TO,20231129,18.66,18.98,18.63,18.91,10300
HCAL.TO,20231129,17.6,17.97,17.6,17.91,129469
HCLN.TO,20231129,9.05,9.12,9.05,9.1,4554
HCON.TO,20231129,12.37,12.37,12.37,12.37,8000
HCRE.TO,20231129,22.59,22.59,22.59,22.59,528
HDGE.TO,20231129,23.3,23.3,23.3,23.3,200
HDIF.TO,20231129,7.6,7.61,7.57,7.57,63359
HDIV.TO,20231129,15.31,15.33,15.27,15.32,12866
HEB.TO,20231129,14.62,14.69,14.62,14.69,1202
HED.TO,20231129,5.23,5.32,5.18,5.21,22908
HEQT.TO,20231129,14.46,14.47,14.42,14.42,3468
HEU.TO,20231129,25.7,25.75,25.16,25.67,25129
HEWB.TO,20231129,27.17,27.65,27.17,27.59,1803
HFD.TO,20231129,11.74,11.74,11.49,11.54,23110
HFG.TO,20231129,20.7,20.7,20.7,20.7,125
HFIN.TO,20231129,13.43,13.51,13.43,13.49,2800
HFPC.U.TO,20231129,2.4,2.45,2.4,2.45,1967
HFR.TO,20231129,9.76,9.77,9.76,9.76,31633
HFU.TO,20231129,16.97,17.24,16.94,17.16,19963
HGD.TO,20231129,5.22,5.22,5.13,5.15,321244
HGGB.TO,20231129,21.15,21.15,21.15,21.15,400
HGGG.TO,20231129,27.27,27.33,27.27,27.33,300
HGR.TO,20231129,5.9,5.9,5.88,5.88,1443
HGU.TO,20231129,14.51,14.65,14.35,14.62,323543
HGY.TO,20231129,9.77,9.78,9.77,9.78,4309
HHL.TO,20231129,7.73,7.75,7.7,7.73,96376
HHL.B.TO,20231129,8.47,8.47,8.46,8.46,5802
HHLE.TO,20231129,9.65,9.65,9.61,9.63,1225
HIG.TO,20231129,7.99,7.99,7.99,7.99,700
HISU.U.TO,20231129,100.44,100.45,100.44,100.45,2242
HIU.TO,20231129,13.4,13.44,13.4,13.44,725
HIX.TO,20231129,29.9,29.9,29.77,29.77,1560
HLF.TO,20231129,10.7,11.2,10.7,10.9,48295
HLFE.TO,20231129,9.33,9.34,9.33,9.34,225
HLIF.TO,20231129,8.45,8.45,8.45,8.45,21119
HLIT.TO,20231129,24.6,24.6,24.34,24.4,1315
HLPR.TO,20231129,22.1,22.18,22.1,22.14,5400
HLS.TO,20231129,3.83,3.83,3.48,3.53,1500
HMAX.TO,20231129,13.22,13.36,13.2,13.32,131944
HMM.A.TO,20231129,8.25,8.25,8.05,8.06,19827
HMMJ.TO,20231129,8.61,8.65,8.54,8.54,3150
HND.TO,20231129,71.8,75.43,71.44,75.2,177821
HNU.TO,20231129,8.32,8.37,7.91,7.94,2476033
HOD.TO,20231129,8.07,8.41,7.92,7.99,1222020
HOM.U.TO,20231129,10.25,10.56,10.13,10.44,77708
HOM.UN.TO,20231129,13.97,14.33,13.8,14.25,90776
HOT.DB.V.TO,20231129,72,72,69,69,142000
HOT.U.TO,20231129,0.51,0.51,0.51,0.51,2300
HOT.UN.TO,20231129,0.71,0.71,0.66,0.66,127475
HOU.TO,20231129,13.53,13.82,13.02,13.71,1460933
HPF.TO,20231129,3.43,3.43,3.43,3.43,10362
HPR.TO,20231129,7.56,7.58,7.51,7.53,101871
HPS.A.TO,20231129,79.82,81.24,78.73,80.25,48722
HPYT.TO,20231129,11.96,11.97,11.9,11.97,99740
HQD.TO,20231129,17.29,17.61,17.2,17.6,236270
HQU.TO,20231129,15.64,15.75,15.38,15.4,1031695
HR.UN.TO,20231129,9,9.04,8.87,8.9,738647
HRIF.TO,20231129,14.65,14.65,14.65,14.65,9800
HRX.TO,20231129,15.49,15.49,14.8,14.8,4350
HSAV.TO,20231129,109.11,109.31,109.07,109.1,36465
HSD.TO,20231129,24.28,24.6,24.17,24.58,109708
HSH.TO,20231129,55.89,56.23,55.84,55.84,615
HSU.TO,20231129,16.82,16.91,16.62,16.63,169410
HSUV.U.TO,20231129,107.46,107.57,107.38,107.41,8629
HTA.TO,20231129,15.78,15.92,15.78,15.81,10713
HTA.B.TO,20231129,16.3,16.3,16.3,16.3,100
HTA.U.TO,20231129,16.95,16.95,16.93,16.93,800
HTAE.TO,20231129,14.1,14.1,13.98,13.98,46704
HTB.TO,20231129,54.14,54.37,54.14,54.37,939
HTL.TO,20231129,1.14,1.19,1.14,1.17,40668
HUBL.TO,20231129,10.21,10.27,10.2,10.2,10330
HUBL.U.TO,20231129,11.29,11.3,11.29,11.29,600
HUC.TO,20231129,21.5,21.51,21.5,21.51,500
HULC.TO,20231129,74,74,73.37,73.37,2572
HULC.U.TO,20231129,54.11,54.17,53.99,53.99,2100
HUM.TO,20231129,25.16,25.16,25.16,25.16,555
HUN.TO,20231129,9.48,9.48,9.47,9.47,1239
HURA.TO,20231129,35.62,35.62,34.36,34.36,1588
HUT.TO,20231129,2.8,2.87,2.66,2.69,3810123
HUTE.TO,20231129,9.66,9.66,9.6,9.6,453
HUTL.TO,20231129,16.3,16.34,16.21,16.21,69334
HUTS.TO,20231129,11.65,11.65,11.55,11.57,12108
HUV.TO,20231129,12.21,12.52,12.18,12.46,41426
HUZ.TO,20231129,11.49,11.55,11.49,11.49,2669
HWO.TO,20231129,1.11,1.13,1.11,1.12,18860
HWX.TO,20231129,7.23,7.28,7.12,7.19,225963
HXCN.TO,20231129,31.94,32.01,31.94,32.01,11619
HXD.TO,20231129,7,7.01,6.94,6.97,130700
HXDM.TO,20231129,41.45,41.5,41.41,41.45,6586
HXE.TO,20231129,32.67,32.79,32.67,32.79,225
HXEM.TO,20231129,32.39,32.41,32.28,32.28,2011
HXH.TO,20231129,44.43,44.62,44.35,44.44,3677
HXQ.TO,20231129,62.44,62.6,61.97,61.99,8920
HXQ.U.TO,20231129,45.58,45.58,45.58,45.58,200
HXS.TO,20231129,63.06,63.18,62.72,62.73,18758
HXS.U.TO,20231129,46.27,46.32,46.27,46.32,797
HXT.TO,20231129,50.84,51.08,50.75,50.96,173650
HXU.TO,20231129,18.45,18.6,18.39,18.53,23510
HXX.TO,20231129,44.89,44.9,44.83,44.83,868
HYLD.TO,20231129,12.06,12.07,12,12.01,18697
HYLD.U.TO,20231129,12.29,12.29,12.26,12.26,1553
HZD.TO,20231129,12.86,12.98,12.67,12.91,19888
HZU.TO,20231129,22.57,22.88,22.35,22.44,27019
IAF.PR.B.TO,20231129,19.04,19.04,19.04,19.04,900
IAG.TO,20231129,89.17,89.43,88.18,89.1,230391
IAU.TO,20231129,2.2,2.23,2.16,2.2,410831
ICAE.TO,20231129,18.64,18.64,18.64,18.64,100
ICPB.TO,20231129,9.21,9.25,9.21,9.25,8518
IDIV.B.TO,20231129,11.98,12.02,11.92,12.02,20002
IE.TO,20231129,14.44,14.44,14.38,14.38,400
IFA.TO,20231129,1.15,1.17,1.15,1.17,7500
IFC.TO,20231129,211.79,211.81,208.62,208.89,223550
IFC.PR.A.TO,20231129,17.53,17.53,17.53,17.53,225
IFC.PR.C.TO,20231129,18.3,18.32,18.3,18.31,1109
IFC.PR.E.TO,20231129,20.14,20.15,20.14,20.15,400
IFC.PR.F.TO,20231129,20.3,20.3,20.3,20.3,700
IFC.PR.G.TO,20231129,21.39,21.6,21.39,21.6,3500
IFC.PR.K.TO,20231129,20.35,20.35,20.34,20.35,2196
IFP.TO,20231129,22.18,22.39,21.9,21.98,107004
IFRF.TO,20231129,8.71,8.71,8.71,8.71,100
IGM.TO,20231129,33.56,33.66,33.37,33.5,180046
IICE.TO,20231129,20.08,20.08,20.08,20.08,1200
III.TO,20231129,1.99,2.16,1.99,2.16,1600
IIMF.TO,20231129,20.42,20.42,20.42,20.42,100
IIP.UN.TO,20231129,12.18,12.29,12.1,12.25,212803
IITE.TO,20231129,19.51,19.51,19.51,19.51,200
ILGB.TO,20231129,8.44,8.44,8.44,8.44,1700
ILLM.TO,20231129,1.5,1.5,1.41,1.41,94104
IMG.TO,20231129,3.45,3.52,3.45,3.49,566235
IMO.TO,20231129,78.95,78.97,77.84,78.23,978351
IMP.TO,20231129,0.51,0.51,0.51,0.51,7500
INE.TO,20231129,9.5,9.6,9.39,9.56,460844
INE.DB.B.TO,20231129,93.5,93.51,93.5,93.5,20999
INE.DB.C.TO,20231129,88.5,88.5,88.5,88.5,50000
INE.PR.A.TO,20231129,11.8,11.95,11.8,11.8,3100
INE.PR.C.TO,20231129,18.87,18.88,18.87,18.88,805
INO.UN.TO,20231129,1.1,1.17,1.1,1.16,47532
IPCO.TO,20231129,14.19,14.5,14.14,14.46,68850
IPO.TO,20231129,2.36,2.38,2.35,2.36,60935
IQD.TO,20231129,31.09,31.12,31.05,31.05,8180
ISV.TO,20231129,20.98,21.01,20.75,20.75,3318
ITE.TO,20231129,0.175,0.185,0.175,0.18,77600
ITH.TO,20231129,0.66,0.66,0.63,0.64,6459
IUAE.TO,20231129,19.89,19.89,19.89,19.89,500
IUMF.F.TO,20231129,19.02,19.02,19.02,19.02,2000
IUTE.TO,20231129,21.43,21.43,21.43,21.43,900
IVN.TO,20231129,11.08,11.18,10.93,11.02,1177152
IVQ.TO,20231129,0.33,0.33,0.33,0.33,13000
IVQ.DB.U.TO,20231129,37,38,37,38,12000
IVQ.DB.V.TO,20231129,37,37,37,37,13000
IVQ.U.TO,20231129,0.23,0.23,0.23,0.23,2500
IWBE.TO,20231129,17.37,17.56,17.33,17.53,21535
IWEB.TO,20231129,10.5,10.5,10.5,10.5,7200
JAG.TO,20231129,2,2.04,1.99,2.01,41002
JFS.UN.TO,20231129,23.85,23.85,23.85,23.85,400
JOY.TO,20231129,4.09,4.14,4.04,4.12,58488
JWEL.TO,20231129,29.55,30.58,29.4,30.3,168841
K.TO,20231129,7.94,7.98,7.85,7.93,2542890
KBL.TO,20231129,34.22,35.26,34.22,35.09,5095
KEC.TO,20231129,13.06,13.08,13,13,9445
KEG.UN.TO,20231129,13.1,13.16,12.9,13.1,13890
KEI.TO,20231129,5.72,5.96,5.67,5.96,5434
KEL.TO,20231129,7,7.03,6.8,6.87,267078
KEY.TO,20231129,33.09,33.25,32.76,32.99,430104
KILO.TO,20231129,30.45,30.53,30.42,30.49,2389
KILO.B.TO,20231129,33.18,33.19,33.08,33.19,1225
KILO.U.TO,20231129,31.75,31.75,31.75,31.75,1130
KITS.TO,20231129,5.25,5.41,5.1,5.26,19658
KLS.TO,20231129,0.225,0.225,0.215,0.215,16000
KMP.UN.TO,20231129,17.07,17.15,16.92,17.1,160337
KNT.TO,20231129,5.94,6.05,5.94,6,520549
KPT.TO,20231129,9.38,9.39,9.3,9.39,2301
KRN.TO,20231129,0.2,0.2,0.2,0.2,1010
KRR.TO,20231129,4.84,4.85,4.71,4.82,515836
KSI.TO,20231129,3.09,3.33,3.09,3.33,32076
KXS.TO,20231129,152.73,153.96,150.87,151.39,80913
L.TO,20231129,119.64,121.67,118.95,120.46,519212
L.PR.B.TO,20231129,20.55,20.6,20.45,20.5,7550
LAAC.TO,20231129,7.28,7.44,7.1,7.2,178318
LABS.TO,20231129,0.065,0.07,0.065,0.065,113000
LAC.TO,20231129,8.88,9.14,8.83,8.97,355070
LAM.TO,20231129,0.7,0.7,0.63,0.65,234081
LAS.A.TO,20231129,142.16,142.16,139.21,139.21,3890
LB.TO,20231129,25.34,25.84,25.34,25.63,81715
LB.PR.H.TO,20231129,15.35,15.35,15.21,15.25,1800
LBS.TO,20231129,7.63,7.75,7.6,7.73,15063
LBS.PR.A.TO,20231129,9.81,9.87,9.81,9.86,25700
LCFS.TO,20231129,7.61,7.61,7.32,7.53,7419
LCS.TO,20231129,6.14,6.19,6.13,6.15,4325
LCS.PR.A.TO,20231129,9.98,9.98,9.96,9.96,6800
LEV.TO,20231129,2.19,2.27,2.17,2.21,168369
LFE.TO,20231129,3.53,3.6,3.52,3.56,9183
LFE.PR.B.TO,20231129,10.15,10.17,10.13,10.13,13244
LGD.TO,20231129,0.315,0.36,0.3,0.33,1338920
LGO.TO,20231129,2.8,2.84,2.74,2.76,46223
LIF.TO,20231129,31.34,31.55,31.23,31.45,97250
LIFE.TO,20231129,20.02,20.02,19.97,20.02,26045
LIFE.B.TO,20231129,23.44,23.44,23.34,23.37,1900
LIRC.TO,20231129,10.11,10.11,9.75,9.88,42758
LN.TO,20231129,0.345,0.345,0.345,0.345,524
LNF.TO,20231129,18.01,18.06,17.96,18,9672
LNR.TO,20231129,57.99,58.2,57.39,58.11,107592
LPAY.TO,20231129,28.24,28.25,28.24,28.25,1031
LPAY.U.TO,20231129,20.76,20.77,20.76,20.77,4700
LPEN.TO,20231129,0.065,0.075,0.065,0.07,59000
LSPD.TO,20231129,22.84,23.02,22.64,22.82,427443
LSPK.TO,20231129,0.55,0.55,0.55,0.55,18755
LUC.TO,20231129,0.35,0.355,0.345,0.345,18050
LUG.TO,20231129,16.16,16.34,16.09,16.33,194334
LUN.TO,20231129,9.29,9.32,9.13,9.31,1327187
MAG.TO,20231129,15.99,16.12,15.74,16.04,157577
MAL.TO,20231129,7.8,7.81,7.72,7.8,8636
MARI.TO,20231129,3.5,3.5,3.27,3.41,7169
MATR.TO,20231129,14.14,14.14,13.87,13.93,235230
MBAL.TO,20231129,21.77,21.77,21.77,21.77,1600
MBX.TO,20231129,0.29,0.29,0.28,0.285,66500
MCB.TO,20231129,1.81,1.81,1.79,1.81,21500
MCLC.TO,20231129,34,34,33.91,33.98,421
MCON.TO,20231129,20.01,20.01,19.96,19.96,4104
MCSB.TO,20231129,19.04,19.06,19.04,19.05,3300
MCSM.TO,20231129,35.53,35.57,35.5,35.5,2293
MDA.TO,20231129,11.57,11.65,11.32,11.5,253631
MDI.TO,20231129,7.54,7.76,7.45,7.69,230620
MDIV.TO,20231129,13.43,13.44,13.43,13.44,800
MDNA.TO,20231129,0.485,0.49,0.47,0.485,42100
MDP.TO,20231129,1.48,1.5,1.44,1.46,22311
MDVD.TO,20231129,21.67,21.67,21.56,21.56,700
MEE.TO,20231129,24.29,24.3,24.25,24.25,519
MEG.TO,20231129,25.64,25.97,25.04,25.74,3140534
MEME.B.TO,20231129,26.68,26.71,26.68,26.71,3400
MEQ.TO,20231129,140.68,142.99,140.68,142.99,1296
MEQT.TO,20231129,20.13,20.13,20.13,20.13,700
MFC.TO,20231129,26.29,26.35,26.21,26.24,6798521
MFC.PR.B.TO,20231129,18.83,18.9,18.64,18.75,2800
MFC.PR.C.TO,20231129,18.04,18.08,18.04,18.08,1800
MFC.PR.F.TO,20231129,14.1,14.37,14.1,14.36,31900
MFC.PR.I.TO,20231129,21.24,21.59,21.24,21.59,16860
MFC.PR.J.TO,20231129,22.1,22.1,21.8,21.8,825
MFC.PR.K.TO,20231129,21.7,21.7,21.7,21.7,3779
MFC.PR.L.TO,20231129,18.89,18.95,18.89,18.95,1000
MFC.PR.M.TO,20231129,18.84,18.87,18.84,18.84,1600
MFC.PR.Q.TO,20231129,21.27,21.79,21.27,21.73,6100
MFI.TO,20231129,24.51,24.75,24.06,24.27,141750
MFT.TO,20231129,17.33,17.43,17.33,17.43,16894
MG.TO,20231129,74.59,75.06,73.47,73.73,507579
MGA.TO,20231129,0.38,0.38,0.355,0.365,401479
MGAB.TO,20231129,17.02,17.1,17.02,17.1,1900
MGB.TO,20231129,16.22,16.23,16.16,16.16,3400
MGRW.TO,20231129,23.78,23.78,23.7,23.7,4600
MHC.U.TO,20231129,15,15,14.9,14.9,24305
MHC.UN.TO,20231129,20.49,20.5,20.49,20.5,1800
MHCD.TO,20231129,10.56,10.56,10.52,10.54,1000
MI.UN.TO,20231129,14.42,14.7,14.42,14.69,70950
MIC.PR.A.TO,20231129,16.99,16.99,16.9,16.98,700
MID.UN.TO,20231129,6.28,6.32,6.28,6.32,16002
MIN.TO,20231129,0.145,0.155,0.145,0.155,3554
MINF.TO,20231129,8.84,8.84,8.84,8.84,700
MINN.TO,20231129,15.39,15.39,15.31,15.32,11505
MINT.B.TO,20231129,30.43,30.43,30.42,30.42,3000
MKB.TO,20231129,18.52,18.57,18.5,18.56,27079
MKC.TO,20231129,30.55,30.6,30.55,30.59,3560
MKP.TO,20231129,15.7,15.7,15.53,15.6,9661
MKZ.UN.TO,20231129,0.395,0.395,0.395,0.395,500
MMP.UN.TO,20231129,1.77,1.78,1.6,1.64,5928
MND.TO,20231129,1.87,1.97,1.86,1.97,2100
MNO.TO,20231129,0.38,0.38,0.36,0.375,167198
MNS.TO,20231129,18.26,18.34,18.26,18.34,1150
MNT.TO,20231129,27.67,27.95,27.67,27.95,9669
MNY.TO,20231129,100.03,100.03,100,100,8375
MOGO.TO,20231129,1.86,1.95,1.8,1.8,64657
MPAY.TO,20231129,27.71,27.77,27.71,27.77,1300
MPAY.U.TO,20231129,20.42,20.42,20.42,20.42,400
MPCT.DB.A.TO,20231129,84.01,84.01,81.5,81.5,54000
MPCT.UN.TO,20231129,5.86,6.19,5.85,5.9,29888
MPVD.TO,20231129,0.275,0.275,0.195,0.205,875210
MR.UN.TO,20231129,3.85,3.92,3.78,3.88,8200
MRC.TO,20231129,104.29,105.02,103.62,103.62,1619
MRD.TO,20231129,11.45,11.48,11.45,11.46,2400
MRE.TO,20231129,11.9,12.03,11.78,11.96,179477
MREL.TO,20231129,11.39,11.39,11.33,11.35,7326
MRG.UN.TO,20231129,13.42,13.49,13.27,13.29,45450
MRT.DB.A.TO,20231129,87,87,86.6,87,55000
MRT.UN.TO,20231129,5.25,5.26,5.25,5.26,41000
MRU.TO,20231129,68.5,69.36,67.72,69.18,598712
MSA.TO,20231129,0.58,0.58,0.58,0.58,608
MTL.TO,20231129,13.02,13.26,12.99,13.2,176720
MTY.TO,20231129,51.04,52.04,50.93,51.65,40639
MUB.TO,20231129,17.93,18,17.9,17.95,96850
MULC.TO,20231129,42.24,42.24,42.24,42.24,200
MUMC.TO,20231129,36.63,36.63,36.63,36.63,100
MUMC.B.TO,20231129,40.46,40.46,40.3,40.3,1400
MUS.TO,20231129,32.22,32.22,32.08,32.08,6661
MUSA.TO,20231129,15.38,15.38,15.38,15.38,300
MUX.TO,20231129,10.23,10.59,10.23,10.5,16480
MWD.TO,20231129,26.58,26.6,26.48,26.48,7300
MX.TO,20231129,56.97,58.39,56.97,57.81,84028
MXG.TO,20231129,4.3,4.31,4.3,4.3,4600
MXU.TO,20231129,20.96,20.97,20.96,20.97,785
NA.TO,20231129,88.38,89.75,88.22,89.52,775968
NA.PR.C.TO,20231129,25,25.05,25,25.05,5800
NA.PR.E.TO,20231129,20.79,21.18,20.79,21.1,10613
NA.PR.G.TO,20231129,24.06,24.28,24.06,24.28,7940
NA.PR.S.TO,20231129,19.21,19.34,19.21,19.25,6604
NA.PR.W.TO,20231129,17.29,17.29,17.29,17.29,925
NALT.TO,20231129,23.07,23.25,23.07,23.2,1262
NANO.TO,20231129,2.47,2.5,2.42,2.44,88211
NCF.TO,20231129,0.03,0.03,0.03,0.03,43000
NCP.TO,20231129,0.015,0.015,0.015,0.015,40352
NCU.TO,20231129,0.14,0.145,0.14,0.145,144008
NDM.TO,20231129,0.49,0.495,0.485,0.49,30383
NEO.TO,20231129,7.34,7.6,7.34,7.47,42062
NEXT.TO,20231129,1.28,1.28,1.2,1.22,42399
NFI.TO,20231129,13.79,13.79,13.47,13.49,50519
NFI.DB.TO,20231129,85.27,85.27,85.21,85.21,22000
NG.TO,20231129,5.8,5.84,5.63,5.77,120209
NGD.TO,20231129,1.98,1.98,1.84,1.86,1417303
NGPE.TO,20231129,37.78,37.78,37.78,37.78,129
NGT.TO,20231129,54.54,55.2,54.16,54.97,190425
NHYB.TO,20231129,20.9,20.9,20.9,20.9,100
NOA.TO,20231129,26.92,28.11,26.74,27.89,102517
NOA.DB.A.TO,20231129,123,123,123,123,15000
NOVC.TO,20231129,0.77,0.78,0.77,0.78,2104
NPI.TO,20231129,22.04,22.17,21.7,21.88,603300
NPI.PR.A.TO,20231129,15.31,15.33,15.31,15.32,1500
NPI.PR.B.TO,20231129,17.07,17.07,17.05,17.05,1100
NPK.TO,20231129,1.09,1.14,1.09,1.1,27895
NPRF.TO,20231129,19.51,19.51,19.51,19.51,100
NREA.TO,20231129,18.96,18.96,18.92,18.92,7000
NRR.UN.TO,20231129,10.43,10.43,10.28,10.28,4327
NSCB.TO,20231129,21.74,21.74,21.7,21.7,18900
NSCC.TO,20231129,21.29,21.29,21.29,21.29,500
NSCE.TO,20231129,34.77,34.77,34.77,34.77,110
NSSB.TO,20231129,9.61,9.61,9.61,9.61,100
NTR.TO,20231129,75.33,75.76,74.85,75.47,1080666
NUAG.TO,20231129,2.59,2.66,2.54,2.66,58520
NUBF.TO,20231129,20.79,20.86,20.79,20.81,24316
NUMI.TO,20231129,0.105,0.105,0.095,0.105,493131
NUSA.TO,20231129,36.21,36.21,36.13,36.13,2700
NVA.TO,20231129,11.72,11.77,11.41,11.73,685813
NVEI.TO,20231129,28.1,28.6,27.95,28.1,310379
NVO.TO,20231129,0.16,0.16,0.155,0.155,71300
NWC.TO,20231129,35.99,35.99,35.51,35.66,42110
NWH.DB.G.TO,20231129,95,95.25,95,95,93000
NWH.DB.H.TO,20231129,80.03,80.03,80,80.01,108000
NWH.DB.I.TO,20231129,81,81,81,81,102000
NWH.UN.TO,20231129,4.56,4.63,4.46,4.5,796718
NXE.TO,20231129,8.98,8.98,8.6,8.62,1227304
NXF.TO,20231129,6.22,6.25,6.18,6.19,9983
NXF.B.TO,20231129,8.04,8.04,8,8,1401
NXF.U.TO,20231129,11.28,11.28,11.28,11.28,100
NXR.UN.TO,20231129,7.35,7.5,7.35,7.42,104572
NXTG.TO,20231129,9.49,9.49,9.49,9.49,100
OBE.TO,20231129,10.18,10.33,10.02,10.22,232089
OGC.TO,20231129,2.48,2.51,2.43,2.45,884300
OGD.TO,20231129,0.52,0.56,0.52,0.56,7300
OGI.TO,20231129,1.7,1.8,1.69,1.8,78319
OLA.TO,20231129,4.06,4.11,4.04,4.07,400615
OLY.TO,20231129,89.63,90,89.63,90,227
ONC.TO,20231129,2.05,2.08,1.97,2.01,44327
ONEC.TO,20231129,20.38,20.38,20.38,20.38,100
ONEX.TO,20231129,90.31,93.21,90.31,93.18,107061
OPT.TO,20231129,3.88,3.88,3.88,3.88,100
OR.TO,20231129,19.79,20.02,19.66,20.01,343232
ORA.TO,20231129,9.55,9.75,9.34,9.73,11590
ORE.TO,20231129,0.88,0.89,0.85,0.85,98934
ORV.TO,20231129,0.16,0.16,0.14,0.15,25800
OSK.TO,20231129,2.85,3.04,2.84,3.03,1317890
OTEX.TO,20231129,55.28,56.46,55.01,55.33,1068756
OVV.TO,20231129,60.18,60.34,59.16,59.73,113135
PAAS.TO,20231129,21.17,21.38,20.92,21.28,585387
PABF.TO,20231129,21,21,21,21,3400
PAGF.TO,20231129,21.14,21.14,21.14,21.14,5000
PAY.TO,20231129,5.25,5.36,5.14,5.16,129891
PBH.TO,20231129,89.2,90.03,88.71,88.95,32732
PBH.DB.G.TO,20231129,96.24,96.24,95.5,95.7,37000
PBH.DB.H.TO,20231129,89,89,88.75,89,71000
PBH.DB.I.TO,20231129,90,90,89.99,89.99,192998
PBL.TO,20231129,31,32.4,31,32,631
PBY.UN.TO,20231129,14.25,14.25,14.15,14.18,7850
PCOR.TO,20231129,17.88,17.91,17.84,17.84,1838
PD.TO,20231129,77.54,78.87,77.25,78.53,115989
PDC.TO,20231129,28.58,28.76,28.58,28.65,3693
PDF.TO,20231129,28.87,28.87,28.77,28.77,2788
PDIV.TO,20231129,9.26,9.26,9.23,9.25,3438
PEA.TO,20231129,0.33,0.33,0.325,0.325,60001
PET.TO,20231129,27.28,27.74,27.28,27.42,50718
PEY.TO,20231129,12.91,12.91,12.57,12.69,685553
PFAA.TO,20231129,10.46,10.47,10.44,10.46,13237
PFAE.TO,20231129,15.59,15.59,15.59,15.59,100
PFH.F.TO,20231129,17.53,17.53,17.53,17.53,100
PFIA.TO,20231129,9.61,9.62,9.61,9.62,11799
PFL.TO,20231129,19.6,19.62,19.6,19.61,54083
PFLS.TO,20231129,15.52,15.53,15.44,15.52,4700
PFMN.TO,20231129,13.63,13.69,13.63,13.69,16696
PFMS.TO,20231129,11.52,11.52,11.51,11.51,2800
PGI.UN.TO,20231129,6.99,7.07,6.95,6.98,48179
PHR.TO,20231129,17.78,17.78,17.78,17.78,1000
PHX.TO,20231129,8.66,8.75,8.65,8.71,31635
PHYS.TO,20231129,21.66,21.69,21.61,21.68,146721
PHYS.U.TO,20231129,15.88,15.88,15.88,15.88,500
PIC.A.TO,20231129,3.99,4.24,3.96,4.09,31279
PIC.PR.A.TO,20231129,13.37,13.48,13.37,13.48,2000
PID.TO,20231129,20.9,20.98,20.9,20.93,1200
PIF.TO,20231129,12.99,13.01,12.6,12.62,66592
PINC.TO,20231129,16.72,16.76,16.71,16.76,1243
PIX.UN.TO,20231129,7.27,7.45,7.25,7.36,39500
PKI.TO,20231129,43.76,43.96,43.5,43.72,505470
PLC.TO,20231129,15.89,16.35,15.87,16.31,145843
PLDI.TO,20231129,18.48,18.48,18.48,18.48,200
PLZ.UN.TO,20231129,3.46,3.46,3.42,3.43,40104
PME.TO,20231129,2.23,2.24,2.15,2.21,7600
PMIF.TO,20231129,17.82,17.87,17.82,17.87,61672
PMIF.U.TO,20231129,18.9,18.92,18.9,18.9,34500
PMM.TO,20231129,20.61,20.61,20.61,20.61,200
PMNT.TO,20231129,19.22,19.22,19.17,19.17,600
PMT.TO,20231129,0.48,0.48,0.48,0.48,6000
PMZ.UN.TO,20231129,13.25,13.35,13.17,13.23,150928
PNC.A.TO,20231129,1.38,1.38,1.31,1.31,200
PNC.B.TO,20231129,1.29,1.43,1.29,1.43,227
PNE.TO,20231129,1.45,1.45,1.42,1.42,162495
PNP.TO,20231129,3.84,3.86,3.74,3.78,1800
POU.TO,20231129,26.9,27.03,26.68,26.94,159594
POW.TO,20231129,37.59,37.74,37.26,37.33,1399553
POW.PR.B.TO,20231129,19.46,19.65,19.46,19.65,400
POW.PR.C.TO,20231129,22,22,22,22,2200
POW.PR.D.TO,20231129,18.82,18.82,18.82,18.82,100
POW.PR.G.TO,20231129,20.32,20.32,20.26,20.28,1672
PPL.TO,20231129,45.17,45.27,44.86,45.04,1210950
PPL.PF.A.TO,20231129,20.16,20.55,20.16,20.45,13400
PPL.PF.E.TO,20231129,20.52,21.04,20.52,21.04,7944
PPL.PR.A.TO,20231129,19.83,20.02,19.83,19.85,38000
PPL.PR.C.TO,20231129,18.45,18.45,18.3,18.3,2400
PPL.PR.E.TO,20231129,18.51,18.66,18.5,18.6,900
PPL.PR.G.TO,20231129,17.4,17.41,17.4,17.41,200
PPL.PR.I.TO,20231129,19.35,19.54,19.35,19.54,2100
PPL.PR.O.TO,20231129,19.5,19.56,19.42,19.5,6151
PPL.PR.Q.TO,20231129,19.51,19.51,19.35,19.4,5299
PPL.PR.S.TO,20231129,22,22,22,22,100
PPR.TO,20231129,0.075,0.085,0.075,0.075,167998
PPTA.TO,20231129,4.4,4.48,4.35,4.48,2967
PR.TO,20231129,8.3,8.3,8.3,8.3,3000
PRA.TO,20231129,26.99,27.39,26.57,27.03,1570
PRB.TO,20231129,1.33,1.37,1.33,1.37,62344
PRL.TO,20231129,10.89,11.25,10.89,11.24,22693
PRMW.TO,20231129,19.78,19.93,19.49,19.52,62333
PRN.TO,20231129,13.78,14.11,13.65,14.08,4202
PRQ.TO,20231129,1.29,1.29,1.24,1.26,27162
PRU.TO,20231129,1.7,1.75,1.7,1.72,62252
PRV.DB.TO,20231129,91.5,91.5,90.53,90.53,44000
PRV.UN.TO,20231129,4.71,4.75,4.6,4.61,50205
PSA.TO,20231129,50.01,50.01,50,50,388058
PSB.TO,20231129,16.89,16.91,16.89,16.89,3600
PSD.TO,20231129,1.9,1.93,1.85,1.93,5700
PSI.TO,20231129,13.77,14.2,13.77,14,53004
PSK.TO,20231129,24.31,24.84,24.31,24.82,292628
PSLV.TO,20231129,11.52,11.6,11.48,11.49,76429
PSLV.U.TO,20231129,8.45,8.45,8.44,8.44,800
PSU.U.TO,20231129,100.01,100.01,100,100.01,26735
PTI.UN.TO,20231129,6.2,6.22,6.13,6.22,37138
PTM.TO,20231129,1.48,1.62,1.44,1.62,63330
PTO.UN.TO,20231129,6.59,6.67,6.57,6.67,9650
PVS.PR.F.TO,20231129,24.65,24.65,24.65,24.65,100
PVS.PR.G.TO,20231129,24,24,24,24,2500
PVS.PR.H.TO,20231129,22.81,23.35,22.81,23.35,5200
PVS.PR.I.TO,20231129,23.76,24.08,23.75,24.08,5299
PVS.PR.J.TO,20231129,22.36,22.64,22.36,22.37,2400
PVS.PR.K.TO,20231129,22.31,22.36,22.3,22.36,14300
PWF.PF.A.TO,20231129,16.97,16.99,16.73,16.73,1342
PWF.PR.E.TO,20231129,19.81,19.94,19.8,19.94,4000
PWF.PR.F.TO,20231129,18.95,19.01,18.92,19,14700
PWF.PR.H.TO,20231129,20.58,20.8,20.58,20.8,3611
PWF.PR.K.TO,20231129,17.92,18.02,17.89,17.9,88266
PWF.PR.L.TO,20231129,18.51,18.55,18.4,18.4,17105
PWF.PR.O.TO,20231129,21,21.12,21,21.12,200
PWF.PR.P.TO,20231129,13.7,13.7,13.4,13.4,8500
PWF.PR.Q.TO,20231129,15.1,15.1,15.1,15.1,2100
PWF.PR.R.TO,20231129,19.81,19.98,19.8,19.98,2275
PWF.PR.S.TO,20231129,17.7,17.7,17.32,17.32,3200
PWF.PR.T.TO,20231129,20.65,20.66,20.65,20.65,1000
PWF.PR.Z.TO,20231129,18.76,18.76,18.71,18.71,1788
PWI.TO,20231129,5.78,5.78,5.7,5.72,5906
PWI.PR.A.TO,20231129,9.85,9.86,9.85,9.86,9150
PXC.TO,20231129,34.04,34.15,34.04,34.11,3700
PXT.TO,20231129,27.18,27.64,27,27.24,298554
PYF.TO,20231129,17.29,17.29,17.29,17.29,2800
PYR.TO,20231129,0.5,0.51,0.5,0.5,54820
PZA.TO,20231129,14.38,14.38,14.1,14.19,23438
PZW.F.TO,20231129,22.16,22.16,22.16,22.16,1400
QASH.TO,20231129,50.09,50.09,50.08,50.08,3959
QBB.TO,20231129,90.42,90.62,90.42,90.49,1243
QBR.A.TO,20231129,32.13,32.23,31.83,32,1404
QBR.B.TO,20231129,30.14,30.14,29.65,29.73,460530
QBTC.TO,20231129,51.96,52.46,51.5,51.55,7329
QBTC.U.TO,20231129,38.58,38.58,38,38.1,2554
QBTL.TO,20231129,18.96,19.05,18.94,19.05,5400
QCLN.TO,20231129,16.43,16.53,16.43,16.49,2434
QCN.TO,20231129,123.21,123.23,123.09,123.09,4614
QDX.TO,20231129,106.55,106.55,106.34,106.42,450
QDXB.TO,20231129,87.05,87.05,87.05,87.05,100
QDXH.TO,20231129,117.55,117.55,117.55,117.55,100
QEBH.TO,20231129,74.89,74.96,74.89,74.96,1500
QEBL.TO,20231129,83.21,83.21,83.21,83.21,100
QEC.TO,20231129,0.19,0.19,0.19,0.19,500
QEE.TO,20231129,86.29,86.29,85.97,85.97,300
QETH.U.TO,20231129,32.15,32.15,32.08,32.11,608
QETH.UN.TO,20231129,43.86,44,43.69,43.69,1055
QIE.TO,20231129,29.73,29.73,29.73,29.73,400
QINF.TO,20231129,112.51,112.51,112.03,112.48,400
QIPT.TO,20231129,6.36,6.61,6.36,6.5,9958
QMAX.TO,20231129,17.71,17.83,17.61,17.61,13207
QQC.TO,20231129,26.12,26.17,25.9,25.92,6472
QQC.F.TO,20231129,129,129.5,128.11,128.11,3577
QQCC.TO,20231129,10.98,10.98,10.92,10.92,33313
QQCL.TO,20231129,20.6,20.6,20.38,20.38,636
QQEQ.TO,20231129,23.27,23.27,23.27,23.27,100
QQQY.TO,20231129,22.12,22.3,22.12,22.15,2300
QRC.TO,20231129,0.64,0.67,0.64,0.67,141309
QSB.TO,20231129,95.98,95.98,95.98,95.98,100
QSR.TO,20231129,95.54,95.54,94.22,94.69,386944
QTRH.TO,20231129,1.64,1.68,1.64,1.66,39800
QUB.TO,20231129,80.99,80.99,80.7,80.7,200
QUU.TO,20231129,178.25,178.27,177.46,177.46,7387
QXM.TO,20231129,25.7,25.71,25.7,25.7,538
RA.UN.TO,20231129,7.23,7.23,7.23,7.23,500
RATE.TO,20231129,20.26,20.26,20.23,20.26,2318
RAY.A.TO,20231129,5.2,5.4,5.2,5.4,17200
RAY.B.TO,20231129,5.3,5.35,5.3,5.35,1200
RBA.TO,20231129,85.84,86.21,84.98,85.88,138129
RBN.UN.TO,20231129,7.16,7.26,7.16,7.26,17544
RBNK.TO,20231129,20.94,21.33,20.94,21.26,9886
RBO.TO,20231129,17.92,17.92,17.92,17.92,200
RBOT.TO,20231129,25.8,25.8,25.78,25.78,1001
RBY.TO,20231129,2.31,2.31,2.3,2.3,5511
RCDC.TO,20231129,18.69,18.69,18.63,18.63,805
RCG.TO,20231129,6.17,6.67,6.17,6.58,10729
RCG.PR.B.TO,20231129,10.45,10.45,10.25,10.3,9243
RCH.TO,20231129,43.2,43.3,42.66,43.24,55152
RCI.A.TO,20231129,58.36,58.5,57.37,57.58,2639
RCI.B.TO,20231129,58.05,58.39,57.17,57.42,1295675
RDBH.TO,20231129,19.94,19.94,19.93,19.93,600
REAL.TO,20231129,5.37,5.76,5.34,5.44,141708
REI.UN.TO,20231129,17.41,17.53,17.29,17.43,1031299
RGQN.TO,20231129,19.91,19.93,19.91,19.93,1323
RGQO.TO,20231129,19.85,19.85,19.85,19.85,1127
RGQP.TO,20231129,19.62,19.62,19.62,19.62,1185
RGQQ.TO,20231129,19.49,19.49,19.49,19.49,100
RGQR.TO,20231129,19.38,19.38,19.38,19.38,4725
RID.TO,20231129,23.63,23.63,23.63,23.63,100
RIFI.TO,20231129,17.45,17.45,17.45,17.45,900
RIIN.TO,20231129,18.27,18.27,18.27,18.27,398
RIRA.TO,20231129,16.98,16.98,16.98,16.98,300
RIT.TO,20231129,14.72,14.84,14.72,14.79,13082
RLB.TO,20231129,17.99,18,17.99,18,12400
ROOT.TO,20231129,2.68,2.68,2.65,2.65,505
RPD.TO,20231129,22.92,22.92,22.92,22.92,126
RPF.TO,20231129,17.72,17.82,17.72,17.78,18000
RPI.UN.TO,20231129,34.52,34.81,34.52,34.54,400
RQL.TO,20231129,20.11,20.11,20.1,20.11,11600
RQN.TO,20231129,19.91,19.91,19.9,19.91,54917
RQO.TO,20231129,17.92,17.95,17.92,17.95,16005
RQP.TO,20231129,17.41,17.42,17.4,17.42,3400
RQQ.TO,20231129,20.82,20.83,20.8,20.83,10080
RQR.TO,20231129,20.7,20.7,20.67,20.67,1993
RS.TO,20231129,11.5,11.5,11.41,11.48,10011
RS.PR.A.TO,20231129,9.61,9.65,9.61,9.63,5314
RSI.TO,20231129,5.52,5.52,5.39,5.44,54483
RSI.DB.F.TO,20231129,96.39,96.45,96.39,96.45,15000
RUBH.TO,20231129,13.99,14.07,13.99,14.04,2352
RUBY.TO,20231129,16.44,16.44,16.44,16.44,1059
RUD.TO,20231129,54.05,54.05,53.6,53.6,900
RUDB.TO,20231129,20.13,20.13,20.11,20.11,300
RUDH.TO,20231129,37.79,37.79,37.78,37.78,2000
RUP.TO,20231129,3.27,3.53,3.27,3.48,91134
RUS.TO,20231129,37.52,38.18,37.46,38.18,112893
RUSB.TO,20231129,20.4,20.41,20.4,20.41,2000
RUSB.U.TO,20231129,14.95,14.95,14.95,14.95,1400
RVX.TO,20231129,0.065,0.07,0.065,0.065,87000
RXD.TO,20231129,18.67,18.67,18.64,18.64,1575
RY.TO,20231129,117.62,119.08,117.33,118.81,2681008
RY.PR.H.TO,20231129,19.55,19.55,19.42,19.43,21500
RY.PR.J.TO,20231129,18.82,19.22,18.77,19.22,4300
RY.PR.M.TO,20231129,18.55,18.59,18.48,18.59,4934
RY.PR.N.TO,20231129,21.55,21.75,21.55,21.65,9444
RY.PR.O.TO,20231129,21.2,21.5,21.2,21.35,4524
RY.PR.S.TO,20231129,22.34,22.35,22.34,22.35,950
S.TO,20231129,0.335,0.335,0.33,0.335,118519
SAM.TO,20231129,0.115,0.115,0.115,0.115,9097
SAP.TO,20231129,26.1,26.21,25.75,26.05,626878
SAU.TO,20231129,0.08,0.08,0.08,0.08,22041
SBC.TO,20231129,7.85,8.01,7.85,7.99,18074
SBC.PR.A.TO,20231129,9.66,9.69,9.62,9.66,25669
SBT.TO,20231129,13.25,13.25,13.25,13.25,200
SCR.TO,20231129,22.7,22.84,22.4,22.6,15693
SCY.TO,20231129,0.035,0.035,0.035,0.035,11713
SDE.TO,20231129,3.21,3.22,3.08,3.1,249389
SEA.TO,20231129,16.73,16.9,16.5,16.85,44429
SES.TO,20231129,8.01,8.11,7.87,8.01,329221
SFC.TO,20231129,5.8,5.86,5.8,5.86,6337
SFI.TO,20231129,0.245,0.25,0.245,0.25,10499
SFTC.TO,20231129,17.52,17.88,17.52,17.78,3418
SGLD.TO,20231129,0.125,0.14,0.125,0.14,366472
SGNL.TO,20231129,0.135,0.175,0.13,0.155,609529
SGR.U.TO,20231129,7.69,7.69,7.62,7.68,1500
SGR.UN.TO,20231129,10.57,10.57,10.37,10.47,126365
SGY.TO,20231129,7.9,7.92,7.76,7.87,375541
SHOP.TO,20231129,100.99,101.91,99.26,99.72,3018481
SIA.TO,20231129,10.85,10.86,10.62,10.64,137082
SIH.UN.TO,20231129,9.97,9.97,9.97,9.97,1900
SII.TO,20231129,43.45,44.42,43.45,44.33,16816
SIL.TO,20231129,8.35,8.54,8.28,8.51,226627
SIS.TO,20231129,14.45,14.72,14.45,14.62,71472
SJ.TO,20231129,77.94,80.16,77.94,78.86,253437
SKE.TO,20231129,6.23,6.5,6.09,6.09,302476
SLF.TO,20231129,68.81,68.89,68.32,68.38,2730379
SLF.PR.C.TO,20231129,18.32,18.5,18.31,18.4,16100
SLF.PR.D.TO,20231129,18.33,18.57,18.33,18.57,2100
SLF.PR.E.TO,20231129,18.5,18.56,18.48,18.55,7450
SLF.PR.G.TO,20231129,14.5,14.8,14.5,14.8,31551
SLF.PR.H.TO,20231129,18.32,18.32,18.32,18.32,100
SLF.PR.J.TO,20231129,15.6,15.75,15.5,15.75,9800
SLR.TO,20231129,0.75,0.75,0.72,0.74,19577
SLS.TO,20231129,5,5.23,4.99,5.08,150906
SMAX.TO,20231129,16.68,16.68,16.58,16.58,15283
SMC.TO,20231129,0.065,0.065,0.06,0.06,343977
SMT.TO,20231129,0.75,0.82,0.75,0.78,52838
SOIL.TO,20231129,2.28,2.31,2.22,2.27,143872
SOLG.TO,20231129,0.16,0.16,0.16,0.16,35560
SOT.DB.A.TO,20231129,52.26,53,52.26,53,390000
SOT.UN.TO,20231129,0.82,0.83,0.8,0.81,75057
SOY.TO,20231129,6.59,6.69,6.57,6.61,18802
SPAY.TO,20231129,27.3,27.3,27.23,27.25,1664
SPAY.U.TO,20231129,20.06,20.06,20.06,20.06,900
SPB.TO,20231129,9.93,9.97,9.73,9.75,634658
SPLT.TO,20231129,10.19,10.21,10.19,10.21,22952
SPPP.TO,20231129,13.63,13.63,13.55,13.58,1638
SRU.UN.TO,20231129,22.84,22.92,22.64,22.77,268005
SRV.UN.TO,20231129,16.18,16.3,16.06,16.3,10200
SSF.UN.TO,20231129,6.75,6.8,6.73,6.73,2600
SSL.TO,20231129,6.82,6.87,6.72,6.76,245156
SSRM.TO,20231129,16.04,16.12,15.85,16.06,350131
STC.TO,20231129,3.66,4.07,3.62,4.01,102376
STCK.TO,20231129,7.6,7.7,7.35,7.69,8353
STCK.WT.TO,20231129,0.01,0.01,0.01,0.01,2500
STEP.TO,20231129,3.93,3.95,3.81,3.82,28901
STGO.TO,20231129,0.79,0.82,0.79,0.79,26177
STLC.TO,20231129,43.54,44.38,43.54,44.25,161063
STN.TO,20231129,97.4,97.82,96.77,97.01,529562
STPL.TO,20231129,22.71,22.71,22.68,22.68,500
SU.TO,20231129,44.75,45.06,44.47,44.83,9804962
SVA.TO,20231129,0.75,0.76,0.74,0.74,50000
SVB.TO,20231129,0.11,0.115,0.105,0.11,40200
SVI.TO,20231129,4.78,4.94,4.78,4.84,335246
SVI.DB.TO,20231129,93.65,93.65,93.65,93.65,13000
SVM.TO,20231129,3.63,3.78,3.59,3.73,477641
SVR.TO,20231129,12.22,12.32,12.2,12.2,12247
SVR.C.TO,20231129,13.01,13.01,13.01,13.01,300
SWP.TO,20231129,2.71,2.81,2.71,2.77,5260
SXI.TO,20231129,2.05,2.05,2.05,2.05,112
SXP.TO,20231129,3.77,3.77,3.69,3.69,71040
SYLD.TO,20231129,17.65,17.66,17.63,17.66,2200
SYZ.TO,20231129,7.45,7.5,7.18,7.18,126246
T.TO,20231129,24.13,24.17,23.85,23.86,2463146
TA.TO,20231129,10.97,11.05,10.96,10.97,625793
TA.PR.D.TO,20231129,12.6,12.6,12.6,12.6,2152
TA.PR.E.TO,20231129,15.25,15.25,15.15,15.22,4700
TA.PR.F.TO,20231129,18.3,18.47,18.3,18.32,2800
TA.PR.H.TO,20231129,21.29,21.7,21.29,21.7,4550
TA.PR.J.TO,20231129,19.95,20.1,19.94,20.1,4600
TAIG.TO,20231129,1.02,1.07,1.01,1.01,20677
TAL.TO,20231129,0.85,0.86,0.84,0.86,436635
TBL.TO,20231129,2.98,2.98,2.95,2.95,5299
TBNK.TO,20231129,22.38,22.77,22.38,22.77,6700
TC.TO,20231129,30.56,30.88,28.82,29.03,7816
TCBN.TO,20231129,39.58,39.58,39.58,39.58,100
TCL.A.TO,20231129,11.05,11.41,11,11.36,262170
TCLB.TO,20231129,117.36,117.95,117.16,117.87,3102
TCS.TO,20231129,33.78,34.73,33.66,33.66,8400
TCSB.TO,20231129,14.27,14.27,14.26,14.27,9900
TCW.TO,20231129,4.12,4.14,4.04,4.11,3254548
TD.TO,20231129,82.8,83.88,82.67,83.3,2728309
TD.PF.A.TO,20231129,19,19.1,18.98,19,7501
TD.PF.B.TO,20231129,19.85,19.95,19.84,19.87,14369
TD.PF.C.TO,20231129,18.34,18.34,18.25,18.33,3000
TD.PF.D.TO,20231129,18.74,18.74,18.74,18.74,200
TD.PF.I.TO,20231129,24.38,24.38,24.21,24.35,8493
TD.PF.J.TO,20231129,21.95,21.95,21.88,21.88,648
TD.PF.M.TO,20231129,24.35,24.35,24.15,24.15,3000
TDB.TO,20231129,12.75,12.77,12.72,12.77,50672
TDOC.TO,20231129,16.79,16.8,16.72,16.72,2500
TEC.TO,20231129,31.28,31.39,31.07,31.09,20520
TECH.TO,20231129,12.05,12.05,11.89,11.89,18617
TECI.TO,20231129,7.03,7.04,7.03,7.04,1412
TECK.A.TO,20231129,50.09,50.69,49.96,50.38,13633
TECK.B.TO,20231129,49.9,50.79,49.68,50.4,1029775
TERM.TO,20231129,9.17,9.18,9.16,9.18,36779
TF.TO,20231129,6.51,6.56,6.49,6.53,65963
TF.DB.C.TO,20231129,97.6,97.9,97.6,97.9,32000
TF.DB.E.TO,20231129,82.99,83,82.99,83,25000
TFII.TO,20231129,156.56,159.58,156.56,158.71,179207
TFPM.TO,20231129,18.35,18.35,18.07,18.17,50296
TGAF.TO,20231129,18.6,18.6,18.6,18.6,200
TGED.TO,20231129,20.19,20.2,20.08,20.09,9400
TGFI.TO,20231129,19.95,19.95,19.94,19.94,3037
TGO.TO,20231129,1.57,1.87,1.57,1.74,53600
TGRE.TO,20231129,13.1,13.1,13.07,13.07,901
TGRO.TO,20231129,18.58,18.58,18.54,18.54,1138
TH.TO,20231129,2.21,2.53,2.21,2.25,36382
The.TO,20231129,22.58,22.58,22.58,22.58,100
THNC.TO,20231129,3.34,3.48,3.26,3.27,28083
THU.TO,20231129,30.67,30.67,30.52,30.52,1400
TI.TO,20231129,0.4,0.4,0.4,0.4,81426
TIH.TO,20231129,112.22,112.22,109.8,110.55,115070
TILV.TO,20231129,15.06,15.06,15.05,15.06,3500
TINF.TO,20231129,17.59,17.59,17.49,17.49,7462
TIXT.TO,20231129,9.88,10.18,9.8,9.88,223360
TKN.TO,20231129,13.25,13.25,13.19,13.23,2175
TKO.TO,20231129,1.69,1.69,1.64,1.66,165744
TLG.TO,20231129,0.39,0.47,0.39,0.445,1562839
TLO.TO,20231129,0.185,0.19,0.18,0.19,276180
TLRY.TO,20231129,2.43,2.55,2.43,2.47,932808
TLV.TO,20231129,27.13,27.19,27.1,27.12,6283
TMD.TO,20231129,0.085,0.085,0.08,0.085,57000
TMEC.TO,20231129,17.7,17.7,17.69,17.69,244
TMEI.TO,20231129,15.6,15.6,15.59,15.59,1200
TMEU.TO,20231129,19.08,19.08,19.08,19.08,1300
TML.TO,20231129,0.195,0.195,0.16,0.18,370825
TMQ.TO,20231129,0.56,0.6,0.56,0.6,39716
TNT.UN.TO,20231129,6.53,7.13,6.52,6.72,134114
TNZ.TO,20231129,4.15,4.31,4.15,4.31,42968
TOT.TO,20231129,7.58,7.86,7.58,7.79,49073
TOU.TO,20231129,65.99,65.99,64.92,65.33,863320
TOY.TO,20231129,33.82,33.82,33.34,33.45,56964
TPE.TO,20231129,20.03,20.03,19.96,19.99,8902
TPRF.TO,20231129,8.98,9.04,8.98,9.01,11200
TPU.TO,20231129,35.06,35.2,34.93,34.95,48527
TPU.U.TO,20231129,26.06,26.07,26.06,26.07,1530
TPX.B.TO,20231129,81.89,81.89,81.89,81.89,100
TPZ.TO,20231129,19.7,19.82,19.42,19.49,312767
TQCD.TO,20231129,15.32,15.36,15.29,15.33,40549
TQGD.TO,20231129,16.47,16.48,16.42,16.46,21700
TQGM.TO,20231129,15.64,15.64,15.62,15.62,600
TQSM.TO,20231129,19.99,19.99,19.84,19.85,22938
TRI.TO,20231129,190.32,190.65,188.49,189.08,202271
TRI.PR.B.TO,20231129,13,13.1,13,13.09,27300
TRP.TO,20231129,51,51.11,50.36,50.41,3186701
TRP.PR.A.TO,20231129,14.05,14.05,13.98,14.02,5820
TRP.PR.C.TO,20231129,11.3,11.49,11.3,11.49,10400
TRP.PR.D.TO,20231129,16.42,16.59,16.42,16.57,17800
TRP.PR.E.TO,20231129,15.3,15.44,15.3,15.31,500
TRP.PR.F.TO,20231129,15.02,15.02,14.79,14.85,12190
TRP.PR.G.TO,20231129,15.39,15.39,15.39,15.39,100
TRP.PR.H.TO,20231129,13.05,13.27,13.05,13.12,8265
TRP.PR.I.TO,20231129,13.96,13.96,13.88,13.88,9100
TRVI.TO,20231129,18.52,18.52,18.38,18.39,22400
TRVL.TO,20231129,21.58,21.67,21.39,21.39,3630
TRVL.U.TO,20231129,20.21,20.21,20.21,20.21,100
TRZ.TO,20231129,3.09,3.13,3.05,3.05,69695
TSAT.TO,20231129,14.71,14.71,14.64,14.64,329
TSK.TO,20231129,0.34,0.34,0.34,0.34,15700
TSL.TO,20231129,2.88,2.9,2.8,2.86,14865
TSND.TO,20231129,2.18,2.28,2.18,2.25,100853
TSU.TO,20231129,34.69,34.85,34.07,34.15,62715
TTNM.TO,20231129,2.32,2.35,2.3,2.3,20841
TTP.TO,20231129,22.95,23.05,22.95,23,16081
TUED.TO,20231129,21.55,21.55,21.41,21.41,12800
TUHY.TO,20231129,20.47,20.5,20.47,20.5,200
TULB.TO,20231129,112.15,112.15,112.15,112.15,100
TVA.B.TO,20231129,1.28,1.28,1.27,1.27,500
TVE.TO,20231129,3.61,3.68,3.53,3.67,2541591
TVK.TO,20231129,37.8,37.88,37.5,37.5,1544
TWM.TO,20231129,0.98,1.01,0.98,1.01,251276
TXF.TO,20231129,18.65,18.83,18.62,18.64,29163
TXF.B.TO,20231129,22.89,22.89,22.89,22.89,100
TXF.U.TO,20231129,9.76,9.76,9.74,9.74,2700
TXG.TO,20231129,14.61,14.89,14.4,14.78,341818
TXP.TO,20231129,0.83,0.84,0.79,0.79,161805
TXT.UN.TO,20231129,2.2,2.2,2.2,2.2,200
U.U.TO,20231129,18.93,19.08,18.4,18.55,46188
U.UN.TO,20231129,25.76,25.99,24.9,25.19,1347491
UBIL.U.TO,20231129,50.19,50.19,50.19,50.19,515
UDIV.TO,20231129,11.51,11.64,11.51,11.59,7100
ULV.C.TO,20231129,30.25,30.25,30.25,30.25,200
ULV.F.TO,20231129,44.29,44.29,44.13,44.13,800
UMAX.TO,20231129,14.72,14.72,14.63,14.65,45050
UMI.TO,20231129,28.52,28.52,28.42,28.42,436
UNC.TO,20231129,113.28,113.6,112.9,113,8277
UNI.TO,20231129,1.3,1.3,1.25,1.29,24100
URB.TO,20231129,4.8,4.8,4.79,4.8,1280
URB.A.TO,20231129,4.11,4.16,4.08,4.08,35160
URC.TO,20231129,4.04,4.06,3.83,3.85,146716
URC.WT.TO,20231129,2,2,1.84,1.85,58400
URE.TO,20231129,2.19,2.19,2.08,2.1,184778
USA.TO,20231129,0.365,0.365,0.34,0.345,112007
USCC.TO,20231129,17.07,17.07,17,17.02,7002
USCL.TO,20231129,19.76,19.76,19.65,19.65,8761
UTIL.TO,20231129,19.88,19.88,19.88,19.88,100
VA.TO,20231129,35.28,35.3,35.28,35.3,432
VAB.TO,20231129,22.36,22.41,22.33,22.39,77388
VALT.TO,20231129,25.6,25.64,25.6,25.64,662
VALT.B.TO,20231129,27.68,27.68,27.66,27.66,200
VBAL.TO,20231129,28.75,28.8,28.74,28.74,40719
VBNK.TO,20231129,10.62,10.62,10.55,10.55,2313
VCB.TO,20231129,23,23,22.99,22.99,642
VCE.TO,20231129,44.07,44.29,44.02,44.21,23961
VCIP.TO,20231129,24.7,24.71,24.7,24.7,3361
VCM.TO,20231129,16.94,17,16.5,16.5,2300
VCN.TO,20231129,40.93,41.1,40.86,41.03,72884
VCNS.TO,20231129,26.47,26.57,26.47,26.53,9009
VDU.TO,20231129,39.08,39.2,39.08,39.17,9013
VDY.TO,20231129,40.32,40.64,40.32,40.55,65516
VE.TO,20231129,32.31,32.41,32.31,32.41,1077
VEE.TO,20231129,33.14,33.23,33.06,33.07,23401
VEF.TO,20231129,49.9,50,49.89,49.91,3572
VEQT.TO,20231129,36.37,36.41,36.27,36.3,35653
VET.TO,20231129,17.25,17.36,16.92,17.21,725716
VFV.TO,20231129,110.61,110.78,109.89,109.92,92510
VGCX.TO,20231129,6.91,6.98,6.83,6.83,199332
VGG.TO,20231129,75.71,75.81,75.5,75.51,6169
VGH.TO,20231129,53.75,53.92,53.68,53.69,10126
VGRO.TO,20231129,30.99,31.11,30.99,31.03,43725
VGV.TO,20231129,21.92,21.96,21.92,21.95,3806
VGZ.TO,20231129,0.54,0.55,0.51,0.55,16742
VHI.TO,20231129,4.18,4.3,4.16,4.29,458647
VI.TO,20231129,35,35.02,34.97,34.99,2310
VIDY.TO,20231129,28,28.05,27.95,27.96,4872
VIU.TO,20231129,31.15,31.23,31.15,31.18,11586
VLB.TO,20231129,20.83,20.94,20.78,20.92,62652
VLE.TO,20231129,3.48,3.55,3.48,3.5,294510
VLN.TO,20231129,5.48,5.48,5.34,5.34,18805
VMO.TO,20231129,46.94,47.24,46.94,47.06,3565
VNP.TO,20231129,3.24,3.34,3.24,3.29,32804
VOXR.TO,20231129,2.89,2.89,2.86,2.86,500
VPH.TO,20231129,0.15,0.15,0.15,0.15,4000
VQS.TO,20231129,0.135,0.135,0.135,0.135,69250
VRE.TO,20231129,28.12,28.16,27.98,28.01,14382
VRIF.TO,20231129,23.23,23.32,23.23,23.3,23754
VRTS.TO,20231129,0.04,0.04,0.04,0.04,8000
VSB.TO,20231129,22.52,22.54,22.52,22.53,18411
VSC.TO,20231129,23.03,23.03,23.01,23.03,20983
VSP.TO,20231129,74.81,75.07,74.45,74.52,88830
VUN.TO,20231129,83.52,83.85,83.21,83.23,23852
VUS.TO,20231129,80.65,81.07,80.6,80.62,7286
VVL.TO,20231129,44.07,44.07,44,44,970
VXC.TO,20231129,50.83,51,50.83,50.84,8284
VXM.TO,20231129,29.41,29.41,29.41,29.41,100
WCM.A.TO,20231129,4.45,4.45,4.45,4.45,315
WCN.TO,20231129,180.65,181.07,179.67,180.3,175317
WCP.TO,20231129,9.42,9.47,9.3,9.43,1530980
WDO.TO,20231129,8.05,8.42,8.04,8.41,465814
WEED.TO,20231129,0.74,0.77,0.73,0.77,4022721
WEF.TO,20231129,0.7,0.72,0.69,0.7,479902
WELL.TO,20231129,3.8,3.83,3.77,3.81,496178
WELL.DB.TO,20231129,89.8,89.8,89.8,89.8,20000
WFG.TO,20231129,101.99,102.47,100.97,101.24,96223
WILD.TO,20231129,1.17,1.2,1.1,1.19,16550
WJX.TO,20231129,26.78,26.9,26.41,26.55,37776
WJX.DB.TO,20231129,99.03,99.49,99.03,99.49,12000
WLLW.TO,20231129,0.075,0.075,0.07,0.075,81000
WM.TO,20231129,0.09,0.1,0.09,0.095,2061683
WN.TO,20231129,162.1,163.09,160.7,162.17,118559
WN.PR.A.TO,20231129,21.46,21.5,21.16,21.5,6400
WN.PR.C.TO,20231129,19.25,19.33,19.25,19.27,4200
WN.PR.D.TO,20231129,19.27,19.31,19.27,19.27,2800
WN.PR.E.TO,20231129,17.6,17.72,17.6,17.7,2756
WNDR.TO,20231129,0.185,0.19,0.18,0.18,264136
WPK.TO,20231129,39.19,39.22,38.33,38.56,38794
WPM.TO,20231129,66.52,67.11,66.3,66.68,717741
WPRT.TO,20231129,9.94,10.38,9.94,10.23,31133
WRN.TO,20231129,1.67,1.72,1.66,1.68,66055
WRX.TO,20231129,0.17,0.17,0.17,0.17,1500
WSP.TO,20231129,184.3,186.52,183.42,186.43,189375
WSRD.TO,20231129,26.8,26.8,26.8,26.8,400
WSRI.TO,20231129,35.79,35.81,35.71,35.71,5062
WTE.TO,20231129,25.91,26.78,25.9,26.6,183910
WXM.TO,20231129,24.44,24.5,24.44,24.45,1400
X.TO,20231129,28.87,28.98,28.63,28.7,253828
XAGH.TO,20231129,32.91,32.94,32.91,32.94,1600
XAM.TO,20231129,0.055,0.055,0.05,0.05,57694
XAU.TO,20231129,8.11,8.18,8.1,8.18,1200
XAW.TO,20231129,35.55,35.65,35.45,35.46,17410
XBAL.TO,20231129,26.11,26.16,26.09,26.12,17502
XBB.TO,20231129,27.31,27.37,27.27,27.37,327266
XBM.TO,20231129,17.12,17.2,17.08,17.08,6465
XCB.TO,20231129,19.1,19.13,19.07,19.12,88770
XCBG.TO,20231129,35.79,35.8,35.79,35.8,203
XCG.TO,20231129,45.04,45.04,44.89,45.03,4800
XCH.TO,20231129,16.38,16.38,16.23,16.28,25754
XCHP.TO,20231129,40.74,40.74,40.74,40.74,100
XCNS.TO,20231129,21.04,21.1,21.04,21.07,1213
XCS.TO,20231129,17.55,17.55,17.45,17.48,1985
XCSR.TO,20231129,58.5,58.74,58.5,58.62,1542
XCV.TO,20231129,31.95,32.03,31.95,32.03,905
XDG.TO,20231129,23.37,23.42,23.33,23.34,56933
XDIV.TO,20231129,24.8,24.83,24.73,24.78,22788
XDSR.TO,20231129,51.52,51.52,51.52,51.52,100
XDU.TO,20231129,26.06,26.06,25.97,25.97,7256
XDUH.TO,20231129,23.79,23.89,23.78,23.78,2101
XDV.TO,20231129,25.82,25.92,25.79,25.86,29475
XEB.TO,20231129,15.16,15.26,15.16,15.26,22116
XEC.TO,20231129,25.86,25.91,25.8,25.8,5357
XEF.TO,20231129,34.03,34.14,34.03,34.07,38080
XEG.TO,20231129,16.37,16.46,16.23,16.42,1451053
XEH.TO,20231129,29.6,29.6,29.6,29.6,469
XEI.TO,20231129,23.71,23.77,23.67,23.72,38182
XEM.TO,20231129,29.76,29.76,29.76,29.76,600
XEMC.TO,20231129,42.79,42.79,42.76,42.76,401
XEN.TO,20231129,31.11,31.11,31.08,31.08,411
XEQT.TO,20231129,27.03,27.08,26.97,26.99,62351
XESG.TO,20231129,24.46,24.52,24.46,24.49,10528
XEU.TO,20231129,27.53,27.53,27.53,27.53,203
XFH.TO,20231129,28.48,28.53,28.45,28.46,15851
XFN.TO,20231129,43.78,44.37,43.78,44.24,340871
XFR.TO,20231129,20.09,20.11,20.09,20.09,37163
XGB.TO,20231129,18.81,18.86,18.8,18.86,93044
XGD.TO,20231129,18.23,18.27,18.06,18.22,308445
XGI.TO,20231129,44.22,44.24,44.22,44.24,505
XGRO.TO,20231129,25.24,25.27,25.19,25.19,23336
XHB.TO,20231129,18.47,18.58,18.47,18.58,6315
XHC.TO,20231129,64.97,65.14,64.97,65.11,1428
XHD.TO,20231129,29.5,29.5,29.29,29.32,40261
XHU.TO,20231129,27.49,27.49,27.32,27.32,1410
XHY.TO,20231129,15.96,16.07,15.96,16.03,15847
XIC.TO,20231129,32.02,32.14,31.96,32.09,179675
XID.TO,20231129,47.85,47.88,47.85,47.85,2486
XIG.TO,20231129,19.76,19.83,19.76,19.83,2326
XIGS.TO,20231129,36.83,36.83,36.81,36.81,400
XIN.TO,20231129,32.24,32.27,32.19,32.23,4709
XIT.TO,20231129,50.15,50.5,49.9,50.04,23122
XIU.TO,20231129,30.48,30.64,30.44,30.57,2222127
XLB.TO,20231129,18.97,19.06,18.93,19.04,98164
XLY.TO,20231129,0.015,0.02,0.015,0.015,247513
XMA.TO,20231129,17.36,17.43,17.36,17.41,5804
XMC.TO,20231129,26.6,26.82,26.6,26.62,6025
XMD.TO,20231129,30.42,30.43,30.33,30.33,3470
XMF.PR.B.TO,20231129,5,5,5,5,2100
XMH.TO,20231129,23.24,23.25,23.15,23.15,2815
XMI.TO,20231129,34.93,34.95,34.93,34.95,600
XMS.TO,20231129,31.7,31.71,31.7,31.71,736
XMU.TO,20231129,69.03,69.03,68.88,68.88,825
XMV.TO,20231129,38.03,38.11,38.03,38.06,2143
XMY.TO,20231129,27.4,27.4,27.4,27.4,700
XPF.TO,20231129,13.79,13.79,13.79,13.79,215
XQLT.TO,20231129,31.38,31.38,31.25,31.25,1451
XQQ.TO,20231129,122.89,123.2,121.83,121.91,40016
XQQU.TO,20231129,51.78,51.78,51.78,51.78,200
XRB.TO,20231129,22.24,22.24,22.13,22.19,2296
XRE.TO,20231129,14.85,14.88,14.76,14.81,331220
XSAB.TO,20231129,17.55,17.58,17.54,17.54,5196
XSB.TO,20231129,25.9,25.9,25.87,25.88,85438
XSC.TO,20231129,17.55,17.55,17.54,17.54,1300
XSE.TO,20231129,17.57,17.61,17.57,17.61,9155
XSEM.TO,20231129,18.76,18.78,18.69,18.69,2800
XSH.TO,20231129,18.12,18.13,18.11,18.12,30773
XSI.TO,20231129,16.63,16.63,16.63,16.63,14413
XSMC.TO,20231129,26.63,26.63,26.24,26.24,392
XSMH.TO,20231129,24.37,24.41,24.33,24.33,801
XSP.TO,20231129,48.28,48.41,47.99,48.03,116507
XST.TO,20231129,86.67,86.67,85.49,86.22,15190
XSTB.TO,20231129,18.98,18.98,18.98,18.98,244
XSTH.TO,20231129,36.53,36.57,36.5,36.5,9200
XSTP.TO,20231129,40.21,40.21,40.21,40.21,300
XSU.TO,20231129,35.28,35.59,35.11,35.15,65302
XSUS.TO,20231129,33.07,33.07,32.94,32.94,405
XTC.TO,20231129,7.15,7.19,7.09,7.15,9100
XTD.TO,20231129,2.93,3.07,2.93,3,8575
XTD.PR.A.TO,20231129,9.88,9.88,9.81,9.81,203
XTG.TO,20231129,0.99,1.01,0.99,1,13900
XTLH.TO,20231129,35.01,35.07,34.84,35.07,15463
XTLT.TO,20231129,35.26,35.71,35.26,35.71,13419
XTR.TO,20231129,10.11,10.14,10.11,10.14,30144
XTRA.TO,20231129,0.83,0.84,0.81,0.84,59360
XUH.TO,20231129,38.25,38.25,38.03,38.03,2334
XUS.TO,20231129,77.44,77.57,77,77.04,46093
XUS.U.TO,20231129,57.82,57.85,57.46,57.47,5730
XUSR.TO,20231129,65.53,65.63,65.43,65.45,5075
XUT.TO,20231129,24.6,24.62,24.4,24.43,263341
XUU.TO,20231129,46.09,46.19,45.85,45.85,7433
XUU.U.TO,20231129,33.97,33.97,33.97,33.97,142
XWD.TO,20231129,75.05,75.09,74.69,74.72,15851
Y.TO,20231129,11.11,11.18,11.08,11.12,1342
YCM.PR.A.TO,20231129,4.95,4.95,4.95,4.95,100
YGR.TO,20231129,1.42,1.43,1.38,1.38,31850
ZACE.TO,20231129,34.68,34.68,34.68,34.68,170
ZAG.TO,20231129,13.4,13.44,13.39,13.43,325998
ZBAL.TO,20231129,34.62,34.75,34.62,34.72,5116
ZBBB.TO,20231129,27.2,27.2,27.19,27.2,5700
ZBK.TO,20231129,23.22,23.8,23.22,23.65,23008
ZCB.TO,20231129,45.08,45.18,45.08,45.13,5526
ZCH.TO,20231129,13.95,13.95,13.83,13.83,8269
ZCLN.TO,20231129,14.96,15.02,14.89,14.89,5977
ZCM.TO,20231129,14.51,14.53,14.51,14.51,12233
ZCN.TO,20231129,26.94,27.06,26.91,27.01,68857
ZCPB.TO,20231129,26.94,26.97,26.94,26.97,615
ZCS.TO,20231129,13.21,13.22,13.2,13.22,43835
ZDB.TO,20231129,14.4,14.44,14.4,14.44,3884
ZDH.TO,20231129,24.56,24.64,24.56,24.58,3545
ZDI.TO,20231129,21.94,21.99,21.94,21.99,2101
ZDJ.TO,20231129,55.44,55.67,55.44,55.45,13161
ZDM.TO,20231129,26.27,26.33,26.26,26.27,8256
ZDV.TO,20231129,18.64,18.73,18.64,18.68,24925
ZDY.TO,20231129,36.66,36.8,36.66,36.71,1327
ZEA.TO,20231129,20.68,20.77,20.68,20.72,16958
ZEB.TO,20231129,31.03,31.56,30.97,31.47,1720958
ZEF.TO,20231129,11.95,11.97,11.92,11.92,20300
ZEM.TO,20231129,19.39,19.49,19.37,19.4,10944
ZEO.TO,20231129,64.78,65,64.43,64.72,8126
ZEQ.TO,20231129,28.07,28.16,28.05,28.09,11272
ZEQT.TO,20231129,41.33,41.33,41.24,41.24,6154
ZFC.TO,20231129,40.29,40.29,40.29,40.29,700
ZFH.TO,20231129,14.23,14.23,14.22,14.22,1905
ZFL.TO,20231129,12.84,12.94,12.84,12.93,68934
ZFM.TO,20231129,14.1,14.14,14.1,14.14,81408
ZFN.TO,20231129,40.59,40.59,40.59,40.59,900
ZFS.TO,20231129,13.36,13.36,13.35,13.35,7200
ZGB.TO,20231129,44.63,44.65,44.63,44.65,500
ZGD.TO,20231129,76.69,76.82,76.69,76.82,308
ZGI.TO,20231129,42.47,42.51,42.34,42.34,2579
ZGQ.TO,20231129,54.14,54.35,54.14,54.22,2957
ZGRO.TO,20231129,37.9,37.95,37.84,37.84,1678
ZGSB.TO,20231129,25.79,25.79,25.75,25.75,200
ZHP.TO,20231129,17.01,17.07,17.01,17.07,400
ZHU.TO,20231129,38.89,38.89,38.89,38.89,400
ZHY.TO,20231129,10.82,10.88,10.82,10.84,39886
ZIC.TO,20231129,17.07,17.07,17.02,17.04,1500
ZID.TO,20231129,40.8,40.95,40.8,40.94,658
ZIN.TO,20231129,34.48,34.64,34.48,34.64,8500
ZIU.TO,20231129,46.65,46.65,46.65,46.65,100
ZJG.TO,20231129,70.31,70.31,70.16,70.16,337
ZJK.TO,20231129,17.49,17.51,17.49,17.51,908
ZJK.U.TO,20231129,16.77,16.77,16.77,16.77,1200
ZJPN.TO,20231129,30.98,31,30.98,30.98,2531
ZJPN.F.TO,20231129,39.42,39.42,39.42,39.42,300
ZLB.TO,20231129,40.59,40.59,40.37,40.43,44499
ZLC.TO,20231129,14.73,14.8,14.71,14.77,14644
ZLD.TO,20231129,25.03,25.05,25.03,25.05,2400
ZLH.TO,20231129,30.56,30.56,30.41,30.41,3300
ZLI.TO,20231129,23.37,23.37,23.37,23.37,634
ZLU.TO,20231129,46.25,46.3,46.05,46.07,6919
ZLU.U.TO,20231129,34.74,34.74,34.74,34.74,130
ZMBS.TO,20231129,28.94,28.94,28.93,28.93,295
ZMI.TO,20231129,15.59,15.68,15.59,15.66,1160
ZMID.TO,20231129,37.23,37.23,37.23,37.23,619
ZMMK.TO,20231129,49.91,49.91,49.9,49.91,77660
ZMP.TO,20231129,13.34,13.36,13.32,13.36,262368
ZMU.TO,20231129,12.37,12.39,12.35,12.35,9100
ZNQ.TO,20231129,70.84,70.84,70.43,70.43,5440
ZPAY.TO,20231129,30.04,30.11,30.04,30.09,1185
ZPAY.F.TO,20231129,28.11,28.11,28.04,28.04,1900
ZPAY.U.TO,20231129,29.01,29.01,28.92,28.92,400
ZPH.TO,20231129,14.86,14.86,14.86,14.86,100
ZPL.TO,20231129,12.3,12.35,12.29,12.35,14622
ZPR.TO,20231129,9.04,9.06,9.03,9.05,132230
ZPS.TO,20231129,11.96,11.96,11.96,11.96,100
ZPW.TO,20231129,15.6,15.6,15.6,15.6,540
ZQB.TO,20231129,27.66,27.67,27.66,27.67,913
ZQQ.TO,20231129,113.8,114.21,112.91,112.97,50457
ZRE.TO,20231129,19.2,19.32,19.16,19.24,40005
ZRR.TO,20231129,14.2,14.26,14.2,14.25,10478
ZSDB.TO,20231129,29.14,29.15,29.14,29.15,3000
ZSML.TO,20231129,35.01,35.01,34.64,34.64,200
ZSML.F.TO,20231129,31.9,31.9,31.9,31.9,500
ZSP.TO,20231129,68.11,68.24,67.71,67.74,481540
ZSP.U.TO,20231129,50.15,50.15,49.85,49.85,7429
ZST.TO,20231129,48.71,48.71,48.68,48.68,11544
ZST.L.TO,20231129,57.16,57.18,57.16,57.16,2900
ZTIP.F.TO,20231129,28.45,28.52,28.45,28.52,1000
ZUAG.TO,20231129,29.74,29.76,29.74,29.76,2784
ZUAG.F.TO,20231129,29.02,29.07,29.01,29.01,1367
ZUAG.U.TO,20231129,29.23,29.23,29.23,29.23,700
ZUB.TO,20231129,21.55,22.1,21.55,21.94,14427
ZUCM.TO,20231129,30.19,30.19,30.19,30.19,2010
ZUCM.U.TO,20231129,30.02,30.02,30.02,30.02,106200
ZUD.TO,20231129,25.73,25.73,25.68,25.68,666
ZUE.TO,20231129,63.84,64.06,63.52,63.59,19319
ZUH.TO,20231129,63.43,63.81,63.43,63.52,2700
ZUP.TO,20231129,19.15,19.15,19.15,19.15,700
ZUQ.TO,20231129,65.66,65.66,65.22,65.23,4296
ZUQ.F.TO,20231129,41.26,41.26,41.14,41.14,200
ZUS.U.TO,20231129,46.71,46.71,46.71,46.71,2500
ZUS.V.TO,20231129,54.37,54.37,54.37,54.37,1600
ZUT.TO,20231129,19.42,19.42,19.3,19.36,11799
ZVC.TO,20231129,25.45,25.47,25.39,25.47,401
ZVU.TO,20231129,25.68,25.68,25.68,25.68,100
ZWA.TO,20231129,24.24,24.28,24.24,24.28,1333
ZWB.TO,20231129,16.18,16.49,16.18,16.44,178484
ZWB.U.TO,20231129,20.55,20.79,20.55,20.79,6000
ZWC.TO,20231129,16.33,16.43,16.33,16.4,54246
ZWE.TO,20231129,19.46,19.56,19.37,19.47,6088
ZWEN.TO,20231129,29,29.04,28.99,29.04,3210
ZWG.TO,20231129,28.24,28.29,28.24,28.29,544
ZWH.TO,20231129,21.51,21.62,21.51,21.52,11280
ZWH.U.TO,20231129,21.73,21.73,21.73,21.73,1000
ZWK.TO,20231129,17.59,17.9,17.59,17.82,97019
ZWP.TO,20231129,17.32,17.38,17.23,17.25,4404
ZWQT.TO,20231129,15.21,15.21,15.17,15.17,3000
ZWS.TO,20231129,18.88,18.93,18.87,18.87,3940
ZWT.TO,20231129,36.4,36.47,36.16,36.16,4025
ZWU.TO,20231129,10.11,10.13,10.06,10.07,144659
ZZZ.TO,20231129,24.28,24.5,24.13,24.35,41647
ZZZD.TO,20231129,28.13,28.13,28.13,28.13,103
