<ticker>,<date>,<open>,<high>,<low>,<close>,<vol>
AAB.TO,20250214,0.035,0.035,0.035,0.035,252400
AAUC.TO,20250214,4.81,4.95,4.52,4.52,439267
AAV.TO,20250214,9.77,9.77,9.63,9.67,378406
ABX.TO,20250214,26.16,26.25,25.4,25.43,4631418
AC.TO,20250214,19,19.42,17.51,17.75,7115275
ACAA.TO,20250213,21.4,21.4,21.4,21.4,100
ACB.TO,20250214,9.52,9.57,8.76,8.94,757753
ACD.TO,20250214,3.89,3.89,3.89,3.89,200
ACQ.TO,20250214,19.3,19.55,18.77,18.92,19021
ACX.TO,20250214,6.03,6.03,5.84,5.9,53915
ADCO.TO,20250214,0.34,0.34,0.34,0.34,2000
ADEN.TO,20250214,34.01,34.38,33.69,34.07,40571
ADN.TO,20250214,17.44,17.45,17.15,17.45,9882
AEG.TO,20250213,0.355,0.355,0.35,0.35,1500
AEM.TO,20250214,140.93,141,135.31,135.79,1547834
AFN.TO,20250214,37.81,38.04,37.26,37.36,123017
AG.TO,20250214,8.46,8.46,7.64,7.7,1699866
AGG.TO,20250214,19.8,19.8,19.8,19.8,2652
AGI.TO,20250214,32.69,32.92,31.38,31.58,2123397
AI.TO,20250214,10.91,10.94,10.71,10.71,153300
AIDX.TO,20250214,1.7,1.73,1.62,1.7,572929
AIF.TO,20250214,56.76,57.88,56.76,57.69,61716
AIGO.TO,20250214,26,26.09,25.91,26.09,1787
AII.TO,20250214,1.83,1.91,1.75,1.89,529963
AIM.TO,20250214,2.41,2.425,2.37,2.395,48125
AKTAF,20250214,1.2,1.22,1.2,1.225,16744
ALA.TO,20250214,35.16,35.16,34.385,34.5,536161
ALC.TO,20250214,15.11,15.14,15,15.08,3196
ALS.TO,20250214,27.28,27.33,26.85,26.89,54706
ALYA.TO,20250214,1.82,1.92,1.82,1.89,41962
AMAX.TO,20250214,21.99,21.99,21.36,21.39,36339
AMC.TO,20250214,1.49,1.49,1.41,1.41,154788
AMHE.TO,20250214,15.63,15.63,15.49,15.61,16187
AMM.TO,20250214,0.11,0.12,0.11,0.12,31500
AMZH.TO,20250214,14.83,14.9,14.83,14.9,1441
AND.TO,20250214,45.3,45.5,45.02,45.46,14649
ANRG.TO,20250214,1.15,1.18,1.1,1.14,78259
AOI.TO,20250214,1.92,1.96,1.905,1.93,657610
AOT.TO,20250214,0.15,0.155,0.145,0.155,1072499
APLI.TO,20250214,0.03,0.03,0.03,0.03,41000
APS.TO,20250214,0.28,0.28,0.235,0.255,120445
AQN.TO,20250214,6.82,6.925,6.73,6.86,2234782
ARA.TO,20250214,0.56,0.56,0.495,0.51,84560
ARB.TO,20250214,26.4,26.43,26.4,26.43,4100
ARE.TO,20250214,23.48,23.52,23.13,23.29,187229
ARG.TO,20250214,1.86,1.87,1.83,1.83,117968
ARIS.TO,20250214,5.91,5.96,5.72,5.72,357220
ARR.TO,20250214,0,0,0,0,0
ARTI.TO,20250214,12.44,12.48,12.44,12.48,982
ARX.TO,20250214,26.9,26.99,26.34,26.61,945595
ASCU.TO,20250214,2.02,2.08,2.01,2.08,133970
ASM.TO,20250214,2.13,2.15,1.915,1.96,184316
ASND.TO,20250214,0.045,0.045,0.045,0.045,3000
ASTL.TO,20250214,11.8,11.8,11.29,11.34,42314
ATCU.TO,20250214,0.42,0.425,0.41,0.42,30612
ATD.TO,20250214,73.1,73.69,72.15,72.35,1192305
ATH.TO,20250214,5.01,5.03,4.92,4.95,1203826
ATRL.TO,20250214,71.95,71.95,70.5,71.2,316737
ATS.TO,20250214,42.19,42.19,41.19,41.51,108729
ATSX.TO,20250127,27.23,27.23,27.23,27.23,1
ATZ.TO,20250214,69.5,69.71,68.37,68.63,430059
AUMN.TO,20250214,0.125,0.125,0.12,0.12,4000
AVCN.TO,20250214,0.26,0.26,0.235,0.24,579000
AVL.TO,20250214,0.04,0.04,0.03,0.035,298982
AVNT.TO,20250214,1.16,1.25,1.16,1.17,33749
AW.TO,20250214,34.85,35.79,34.8,35.27,31688
AXIS.TO,20241125,0.005,0.005,0.005,0.005,3
AYA.TO,20250214,12.34,12.65,11.55,11.7,984109
BABY.TO,20250214,0.015,0.02,0.015,0.015,318500
BAM.TO,20250214,82.86,84.84,82.47,84.78,1358418
BANK.TO,20250214,7.94,7.94,7.9,7.905,345849
BASE.TO,20250214,23.38,23.38,23.25,23.25,4366
BB.TO,20250214,8.42,8.5,7.99,8.05,2986061
BBUC.TO,20250214,36.92,37.98,36.92,37.54,29638
BCE.TO,20250214,33.51,33.85,33.33,33.78,4408056
BCT.TO,20250214,5.5,6.28,5.5,6.26,16852
BDGI.TO,20250214,40.09,40.14,39.06,39.25,34977
BDI.TO,20250214,8.78,8.83,8.75,8.75,18200
BDIV.TO,20250214,23.12,23.12,23.12,23.12,200
BDT.TO,20250214,24.02,24.02,23.29,23.31,80520
BEPC.TO,20250214,38.97,39.81,38.825,39.29,247815
BEPR.TO,20250214,9.09,9.09,9.07,9.08,4800
BESG.TO,20250214,16.35,16.36,16.32,16.36,2702
BFIN.TO,20250211,25.53,25.53,25.53,25.53,31
BGC.TO,20250214,34.74,34.74,34.74,34.74,587
BGU.TO,20250214,49.35,49.35,48.7,48.7,380
BHC.TO,20250214,9.05,9.09,8.69,8.73,389398
BIPC.TO,20250214,60.04,60.16,58.24,58.53,223051
BIR.TO,20250214,5.9,5.945,5.755,5.79,766857
BITF.TO,20250214,1.99,2.04,1.98,2,1060628
BITI.TO,20250214,21.01,21.14,20.57,20.94,26275
BK.TO,20250214,11.51,11.57,11.49,11.55,52672
BKCC.TO,20250214,14.51,14.52,14.48,14.48,1575
BKCL.TO,20250214,19.35,19.38,19.28,19.29,46133
BKI.TO,20250214,0.21,0.21,0.185,0.2,646223
BLCK.TO,20250214,35.94,35.94,35.85,35.85,258
BLCO.TO,20250214,23.73,23.73,23.37,23.43,500
BLDP.TO,20250214,2.13,2.14,2.025,2.08,456743
BLN.TO,20250214,7.24,7.26,7.2,7.26,8823
BLOV.TO,20250206,23.28,23.28,23.28,23.28,1
BLX.TO,20250214,25.79,25.97,25.47,25.79,214309
BMAX.TO,20250214,14.37,14.4,14.37,14.38,20988
BMO.TO,20250214,142.8,143.825,142.53,143.21,2038885
BN.TO,20250214,86.83,86.96,85.95,86.25,1210435
BNC.TO,20250214,27.45,27.45,27.45,27.45,104
BND.TO,20250214,17.9,17.91,17.86,17.89,4061
BNE.TO,20250214,3.6,3.76,3.6,3.68,30820
BNG.TO,20250214,0.01,0.01,0.01,0.01,332975
BNK.TO,20250214,13.11,13.28,12.65,13.28,4533
BNKL.TO,20250214,25.97,25.97,25.97,25.97,101
BNS.TO,20250214,72.86,73.03,72.52,72.59,2564216
BNT.TO,20250214,86.46,86.72,86,86.33,16487
BOND.TO,20250214,18.76,18.8,18.76,18.8,1767
BOS.TO,20250214,4,4.21,4,4.2,23250
BPRF.TO,20250213,22.98,22.98,22.98,22.98,38
BR.TO,20250214,1.34,1.34,1.15,1.15,1202
BRAG.TO,20250214,7.71,7.99,7.6,7.86,20113
BRE.TO,20250214,13.75,13.76,13.62,13.62,6081
BREA.TO,20250120,28.63,28.63,28.61,28.62,1940
BRMI.TO,20250214,0.71,0.71,0.67,0.71,11000
BRY.TO,20250213,0.355,0.355,0.355,0.355,1000
BSKT.TO,20250214,8.83,8.84,8.81,8.82,12612
BSX.TO,20250214,0.205,0.22,0.205,0.205,139653
BTCC.TO,20250214,17.89,18.305,17.81,17.98,366701
BTCQ.TO,20250214,21.69,22.16,21.67,21.81,35304
BTCY.TO,20250214,8.68,8.76,8.54,8.63,109354
BTE.TO,20250214,3.51,3.56,3.45,3.49,3322817
BTO.TO,20250214,3.7,3.71,3.58,3.6,2342256
BU.TO,20250214,0.1,0.1,0.1,0.1,8655
BUI.TO,20250214,7.16,7.16,7.15,7.16,866
BXF.TO,20250214,10.2,10.2,10.195,10.195,697
BYD.TO,20250214,237.57,240.69,236.065,238.55,28178
BYL.TO,20250214,0.33,0.33,0.31,0.315,57665
CACB.TO,20250214,20.26,20.3,20.22,20.3,4700
CAE.TO,20250214,35.53,39.16,35.49,37.99,2387425
CAFR.TO,20250214,19.92,19.92,19.92,19.92,191500
CAGG.TO,20250214,45.11,45.11,45.1,45.1,2801
CAGS.TO,20250120,47.53,47.53,47.53,47.53,1
CALL.TO,20250214,14.04,14.2,14.04,14.15,18040
CANL.TO,20250214,26.12,26.12,26.12,26.12,206
CAPG.TO,20250214,26.63,26.66,26.61,26.625,12900
CAPI.TO,20250214,25.92,25.93,25.9,25.92,3700
CAPM.TO,20250213,24.82,24.855,24.82,24.845,8100
CAPW.TO,20250214,24.72,24.72,24.72,24.72,100
CARB.TO,20250213,7.92,7.92,7.92,7.91,300
CARS.TO,20250214,20.35,20.6,20.35,20.6,1870
CAS.TO,20250214,12.61,12.92,12.59,12.84,187423
CASH.TO,20250214,50.05,50.06,50.05,50.06,416559
CBAL.TO,20250214,23.69,23.69,23.69,23.69,15200
CBCX.TO,20250212,32.9,32.9,32.9,32.9,183
CBGR.TO,20250213,24.36,24.36,24.36,24.36,100
CBH.TO,20250214,17.99,17.99,17.99,17.99,605
CBIL.TO,20250214,50.07,50.08,50.065,50.07,60249
CBIN.TO,20250214,22.65,22.66,22.65,22.66,46300
CBND.TO,20250214,9.26,9.26,9.26,9.26,810
CBNK.TO,20250214,8.42,8.42,8.35,8.36,4022
CBO.TO,20250214,18.45,18.45,18.42,18.43,5965
CBUG.TO,20250213,31.11,31.24,30.91,31.24,50200
CCA.TO,20250214,63.84,64.96,63.84,64.87,79216
CCBD.TO,20250129,18.59,18.59,18.59,18.59,100
CCBI.TO,20250214,18.37,18.38,18.37,18.38,6797
CCEI.TO,20250214,27.98,27.98,27.7,27.7,5936
CCM.TO,20250214,0.32,0.325,0.305,0.325,33500
CCNS.TO,20250214,18.32,18.32,18.32,18.32,1300
CCNV.TO,20250214,21.65,21.65,21.65,21.65,2400
CCO.TO,20250214,69.9,69.91,66.2,66.88,1368799
CCOM.TO,20250214,19.4,19.4,19.36,19.36,4183
CCRE.TO,20250214,18.05,18.08,18.05,18.08,28000
CDEF.TO,20250210,11.45,11.45,11.42,11.42,200
CDIV.TO,20250214,14.97,14.97,14.84,14.85,16260
CDLB.TO,20250211,16.63,16.65,16.63,16.65,2800
CDNA.TO,20250212,16.3,16.38,16.26,16.38,9800
CDR.TO,20250214,1.97,1.98,1.89,1.95,72588
CDZ.TO,20250214,35.5,35.57,35.34,35.35,16230
CEE.TO,20250214,0,0,0,0,0
CEF.TO,20250214,38.4,38.4,37.5,37.61,19504
CEMI.TO,20250214,19.52,19.56,19.48,19.55,2020
CEMX.TO,20250214,0.22,0.22,0.21,0.215,189465
CEQT.TO,20250213,26.25,26.25,26.25,26.25,33
CEU.TO,20250214,8.9,8.97,8.69,8.7,188347
CEW.TO,20250214,20.66,20.69,20.62,20.63,5745
CF.TO,20250214,8.39,8.64,8.35,8.61,168662
CFF.TO,20250214,0.34,0.34,0.32,0.32,8500
CFLX.TO,20250214,17.01,17.01,16.99,16.99,4500
CFP.TO,20250214,15.15,15.52,15.04,15.16,178675
CFRT.TO,20250214,20.98,20.98,20.98,20.98,6100
CFW.TO,20250214,3.9,3.9,3.83,3.87,134300
CFX.TO,20250214,0.79,0.8,0.79,0.8,1500
CG.TO,20250214,9.29,9.46,9.02,9.04,402129
CGAA.TO,20250214,28.68,28.68,28.67,28.67,269
CGBI.TO,20250214,17.59,17.61,17.58,17.61,9900
CGDV.TO,20250212,22.58,22.62,22.58,22.62,800
CGG.TO,20250214,8.67,8.67,8.51,8.51,7704
CGHY.TO,20250207,10.35,10.35,10.34,10.34,24
CGI.TO,20250214,40.21,40.64,40.02,40.54,2937
CGIN.TO,20250214,21.39,21.39,21.39,21.39,1082
CGL.TO,20250214,23.1,23.1,22.73,22.78,172836
CGLO.TO,20250214,30.79,30.79,30.75,30.75,3265
CGO.TO,20250214,54.81,57.22,54.81,57.22,21739
CGR.TO,20250214,30.78,30.78,30.67,30.68,1746
CGRA.TO,20250212,22.41,22.41,22.41,22.41,100
CGRB.TO,20250203,21.79,21.79,21.79,21.79,700
CGRE.TO,20250212,21.23,21.27,21.23,21.27,602
CGRN.TO,20250206,21.66,21.66,21.66,21.66,200
CGRO.TO,20250214,25.21,25.21,25.21,25.21,8248
CGX.TO,20250214,11.53,11.56,11.18,11.26,250588
CGXF.TO,20250214,12.3,12.3,11.99,12.01,32614
CGY.TO,20250214,44.54,46.82,44.27,44.5,81293
CHPS.TO,20250214,40,40,39.75,39.8,3271
CHR.TO,20250214,19.31,19.81,19.27,19.62,70712
CIA.TO,20250214,5.42,5.52,5.42,5.45,632188
CIAI.TO,20250214,27.73,27.78,27.59,27.78,5519
CIBR.TO,20250214,58.96,58.96,58.39,58.7,733
CIC.TO,20250214,12.11,12.15,12.1,12.1,3196
CIEH.TO,20250214,19.78,19.78,19.78,19.78,200
CIEI.TO,20250214,24.96,24.96,24.96,24.96,100
CIEM.TO,20250214,20,20,19.9,19.93,4700
CIF.TO,20250214,48.84,48.94,48.52,48.52,15116
CIGI.TO,20250214,187.99,190.13,186.26,186.63,32831
CINF.TO,20250214,27.49,27.495,27.41,27.41,6100
CINT.TO,20250214,24.09,24.1,24.03,24.03,2142
CINV.TO,20250214,28.7,28.78,28.7,28.78,300
CIX.TO,20250214,31.35,31.43,31.3,31.38,146921
CJ.TO,20250214,6.45,6.46,6.35,6.4,421862
CJT.TO,20250214,108.54,109.55,108.04,109.13,51940
CKI.TO,20250204,23.6,23.6,23.45,23.45,9
CLF.TO,20250214,17.52,17.52,17.5,17.505,7765
CLG.TO,20250214,17.43,17.43,17.4,17.4,13421
CLML.TO,20250213,34.31,34.4,34.3,34.4,2
CLS.TO,20250214,181.93,188.14,175.48,187.37,663362
CM.TO,20250214,87.96,88.425,87.74,88.01,1883192
CMAG.TO,20250214,39.25,39.25,39.19,39.19,200
CMAR.TO,20250213,18.15,18.15,18.15,18.15,50
CMDO.TO,20250214,19.55,19.55,19.53,19.53,1281
CMEY.TO,20250131,19.89,19.89,19.89,19.89,75
CMG.TO,20250214,8.86,8.99,8.54,8.55,338796
CMGG.TO,20250214,35.2,35.2,35.02,35.17,1342
CMNY.TO,20250214,50.125,50.13,50.125,50.13,2300
CMOM.TO,20250211,28.59,28.59,28.55,28.55,1035
CMR.TO,20250214,50.1,50.1,50.085,50.095,115501
CMVX.TO,20250106,30.4,30.4,30.4,30.4,49
CNAO.TO,20241231,31.16,31.27,31.16,31.19,1165
CNCC.TO,20250214,12.74,12.74,12.645,12.645,3893
CNCL.TO,20250214,20.71,20.71,20.56,20.56,645
CNDX.TO,20250214,29,29,28.77,28.77,2600
CNE.TO,20250214,3.74,3.75,3.7,3.72,10629
CNL.TO,20250214,8.73,8.99,8.24,8.4,68518
CNQ.TO,20250214,43.24,43.41,42.525,42.67,4451158
CNR.TO,20250214,146.1,146.6,143.84,144.04,2026730
CNT.TO,20250214,0.025,0.025,0.025,0.025,77000
COG.TO,20250113,0.56,0.57,0.56,0.56,53600
COMM.TO,20250214,42.89,42.89,42.85,42.85,200
COPP.TO,20250214,32.8,33.03,32.8,33.03,385
COPR.TO,20250214,0.2,0.225,0.195,0.205,223280
CORE.TO,20250214,20.49,20.52,20.46,20.51,35887
COW.TO,20250214,64.8,65.77,64.8,65.46,7907
CP.TO,20250214,111.47,111.72,109.77,109.88,1367188
CPD.TO,20250214,12.82,12.82,12.77,12.81,77606
CPH.TO,20250214,13.06,13.08,12.7,12.9,41091
CPLS.TO,20250213,18.08,18.08,18.08,18.08,3800
CPX.TO,20250214,51,52.66,50.95,52.07,813524
CRDL.TO,20250214,1.75,1.76,1.69,1.72,93151
CRED.TO,20250212,20.23,20.23,20.21,20.23,2203
CRON.TO,20250214,2.85,2.86,2.78,2.8,98529
CROP.TO,20250214,18.93,18.93,18.88,18.92,11767
CRP.TO,20250214,2.9,2.9,2.76,2.85,6900
CRRX.TO,20250214,2.69,2.69,2.63,2.65,6800
CRWN.TO,20250212,1.45,1.45,1.45,1.45,20
CS.TO,20250214,8.75,8.82,8.505,8.64,1425634
CSAV.TO,20250214,50.1,50.1,50.09,50.09,29661
CSBI.TO,20250214,20.73,20.73,20.73,20.73,3622
CSCI.TO,20250214,3.89,3.94,3.88,3.89,900
CSU.TO,20250214,4961.57,4987.92,4918.81,4934.84,15052
CTC.TO,20250213,229.99,229.99,223,224,41
CTS.TO,20250214,5.41,5.43,5.41,5.43,1296267
CTX.TO,20250214,0.57,0.57,0.57,0.57,4000
CU.TO,20250214,34.31,34.39,33.87,33.89,345158
CUBD.TO,20250214,20.78,20.78,20.75,20.77,2550
CUD.TO,20250214,53.91,53.91,53.37,53.38,602
CUDV.TO,20250213,24.44,24.45,24.44,24.45,800
CUEH.TO,20250214,23.86,23.86,23.83,23.84,2702
CUEI.TO,20250214,34.39,34.39,34.39,34.39,400
CURA.TO,20250214,2.14,2.14,2.05,2.07,136355
CUTL.TO,20250129,21.14,21.16,21.14,21.16,3700
CVD.TO,20250213,17.37,17.37,17.29,17.29,401
CVE.TO,20250214,21.86,22.06,21.595,21.68,3271418
CVG.TO,20250214,68.76,70,68.76,70,1470
CVLU.TO,20250210,23.75,23.75,23.75,23.75,100
CVO.TO,20250214,7.36,7.56,7.35,7.52,173586
CWB.TO,20250204,57.05,58.31,56.61,56.63,2358275
CWEB.TO,20250214,0.125,0.13,0.12,0.125,190543
CWL.TO,20250214,1.07,1.07,1.07,1.07,190
CWW.TO,20250214,58.71,58.71,58.7,58.7,352
CXB.TO,20250214,3,3.035,2.92,2.93,3088878
CXF.TO,20250214,10.08,10.08,10.08,10.08,1590
CXI.TO,20250213,21.49,21.49,21.14,21.4,62
CYB.TO,20250214,76.93,77.85,76.93,77.85,1107
CYBR.TO,20250214,57.5,57.6,57.2,57.53,1378
CYH.TO,20250214,22.27,22.27,22.25,22.25,1220
DAMG.TO,20250207,20.72,20.72,20.72,20.72,100
DANC.TO,20250214,22.65,22.65,22.65,22.65,146
DATA.TO,20250214,28.99,28.99,28.99,28.99,100
DAY.TO,20250214,94.61,95.88,93.86,94.03,16538
DBM.TO,20250214,7.7,7.76,7.57,7.68,261353
DBO.TO,20250214,0.17,0.175,0.165,0.175,2780938
DCBC.TO,20250213,21.06,21.06,21.06,21.06,12
DCBO.TO,20250214,60.39,61.64,59.49,59.89,47311
DCC.TO,20250214,19,19,19,19,964
DCG.TO,20250213,18.41,18.41,18.41,18.41,400
DCM.TO,20250214,1.87,1.91,1.86,1.91,9710
DCP.TO,20250214,20.25,20.25,20.14,20.15,1850
DCS.TO,20250213,19.04,19.04,19.04,19.04,513
DCU.TO,20250214,18.09,18.11,18.09,18.11,1914
DF.TO,20250214,5.79,5.8,5.72,5.73,74280
DFN.TO,20250214,5.82,5.85,5.79,5.8,238206
DFY.TO,20250214,64.01,64.14,61.16,61.66,213128
DGR.TO,20250214,48.44,48.44,48.27,48.27,854
DGRC.TO,20250214,40.35,40.35,39.85,39.85,440
DGS.TO,20250214,6.5,6.5,6.45,6.485,77870
DIAM.TO,20250214,0.04,0.04,0.04,0.04,58000
DISC.TO,20250214,45.4,45.4,45.29,45.38,1450
DIV.TO,20250214,2.84,2.84,2.815,2.82,148495
DIVS.TO,20250214,16.46,16.48,16.46,16.48,700
DLCG.TO,20250214,8.74,8.74,8.39,8.39,2153
DLR.TO,20250214,14.41,14.44,14.4,14.425,834400
DMEC.TO,20250214,23.63,23.63,23.63,23.63,374
DMEI.TO,20250213,21.9,22.08,21.9,22.035,71
DMEU.TO,20250214,25.11,25.11,25.11,25.11,341
DML.TO,20250214,2.47,2.48,2.29,2.32,3203577
DND.TO,20250214,13.75,14.31,13.19,13.27,401899
DNG.TO,20250214,5.56,5.63,5.5,5.57,107681
DNTL.TO,20250214,7.82,7.92,7.72,7.86,103505
DOL.TO,20250214,139.89,141.01,138.69,139.48,514527
DOO.TO,20250214,60.65,62,60.64,61.2,90790
DPM.TO,20250214,16.12,16.84,15.94,15.98,827630
DR.TO,20250214,16.83,17.14,16.755,17.05,141264
DRCU.TO,20250213,18.99,18.99,18.97,18.97,2
DRFC.TO,20250214,33.62,33.62,33.47,33.47,1081
DRFD.TO,20250212,25.11,25.12,25.11,25.12,45
DRFE.TO,20250214,23.98,23.98,23.8,23.91,4540
DRFG.TO,20250212,32.46,32.46,32.46,32.46,350
DRFU.TO,20250207,38.73,38.75,38.73,38.75,5
DRM.TO,20250214,21.75,22.15,21.74,21.89,21709
DRMC.TO,20250214,33.21,33.21,33.04,33.04,580
DRMD.TO,20250214,27.36,27.36,27.36,27.36,114
DRME.TO,20250214,18.89,18.89,18.89,18.89,200
DRMU.TO,20250214,46.33,46.33,46.33,46.33,100
DRT.TO,20250214,1.19,1.23,1.18,1.19,27644
DRX.TO,20250214,8.09,8.15,8.01,8.08,43622
DS.TO,20250214,6.75,6.76,6.72,6.72,4650
DSAE.TO,20250214,26.88,26.88,26.8,26.8,200
DSG.TO,20250214,165.57,166.465,164.01,165.19,99117
DSV.TO,20250214,1.65,1.66,1.56,1.58,1015356
DTOL.TO,20250214,18.41,19.5,18.41,19.22,72349
DXAU.TO,20250214,27.7,27.7,27.7,27.7,100
DXB.TO,20250214,17.96,17.97,17.93,17.93,1600
DXBC.TO,20250214,22.04,22.04,21.98,21.98,5301
DXBU.TO,20250214,21.61,21.61,21.61,21.61,3400
DXC.TO,20250214,38.35,38.35,37.98,38,16564
DXDB.TO,20250214,21.46,21.465,21.44,21.45,5200
DXEM.TO,20250207,13.55,13.55,13.55,13.55,80
DXET.TO,20250214,18.3,18.3,18.3,18.3,100
DXF.TO,20250214,48.78,48.78,48.78,48.78,100
DXG.TO,20250214,69.75,69.85,69.49,69.83,17213
DXGE.TO,20250206,25.75,25.75,25.75,25.75,636
DXIF.TO,20250213,26.41,26.41,26.41,26.41,200
DXMO.TO,20250214,20.6,20.6,20.6,20.6,1000
DXN.TO,20250213,22.13,22.13,22.13,22.13,600
DXO.TO,20250214,19.63,19.64,19.63,19.64,4300
DXP.TO,20250214,23.56,23.72,23.56,23.72,2929
DXQ.TO,20250214,26.4,26.46,26.4,26.44,30333
DXR.TO,20250213,22.89,22.89,22.89,22.89,500
DXRE.TO,20250211,21.48,21.63,21.63,21.48,2000
DXT.TO,20250214,8.09,8.21,7.91,8.16,59120
DXU.TO,20250214,64.75,64.97,64.75,64.97,394
DXUS.TO,20250214,31.78,31.78,31.71,31.76,9136
DXV.TO,20250214,19.68,19.685,19.66,19.685,6402
DXW.TO,20250214,23.29,23.29,23.28,23.28,1900
DXZ.TO,20250212,13.9,13.92,13.89,13.9,40
DYA.TO,20250214,0.145,0.15,0.145,0.15,182020
E.TO,20250214,2.42,2.48,2.42,2.47,145909
EAGR.TO,20250214,0.435,0.45,0.425,0.45,40400
EARN.TO,20250214,49.34,49.34,48.99,48.99,242
EBIT.TO,20250214,48.71,49.94,48.64,49.08,44407
EBNK.TO,20250214,12.52,12.53,12.5,12.51,2719
ECN.TO,20250214,3.4,3.4,3.34,3.37,36270
ECO.TO,20250214,5.02,5.14,5,5.06,12797
ECOR.TO,20250214,1.14,1.18,1.14,1.16,40648
EDGE.TO,20250214,41.28,41.45,41.28,41.45,2250
EDGF.TO,20250214,11.12,11.12,11.12,11.12,825
EDR.TO,20250214,6.2,6.24,5.7,5.74,830570
EDT.TO,20250214,0.62,0.65,0.62,0.64,111651
EDV.TO,20250214,32.02,32.18,31.05,31.07,423352
EFN.TO,20250214,28.93,28.93,28.29,28.62,402840
EFR.TO,20250214,7.08,7.08,6.73,6.81,691725
EFX.TO,20250214,13,13.13,12.83,12.94,637737
EGIF.TO,20250206,22.75,22.75,22.75,22.75,500
EGLX.TO,20250214,0.12,0.13,0.12,0.13,20104
EHE.TO,20241203,31.63,31.63,31.63,31.63,1
EIF.TO,20250214,52.3,52.83,51.95,52.21,81501
ELD.TO,20250214,21.14,21.34,19.79,19.79,421504
ELEF.TO,20250214,0.27,0.3,0.27,0.285,84668
ELF.TO,20250213,1502,1502,1502,1502,25
ELO.TO,20250214,1.15,1.18,1.1,1.11,39133
ELR.TO,20250214,0.18,0.18,0.18,0.18,22000
ELVA.TO,20250214,3.62,3.65,3.43,3.56,39618
EMA.TO,20250214,56.06,56.7,56.03,56.53,1166646
EMAX.TO,20250214,15.1,15.23,15.06,15.06,15398
ENB.TO,20250214,63.68,64.25,61.01,61.08,19149975
ENCC.TO,20250214,10.92,10.92,10.68,10.705,114120
ENCL.TO,20250214,19.14,19.14,18.65,18.76,161043
ENGH.TO,20250214,27.21,27.36,27.07,27.09,40429
ENS.TO,20250214,14.52,14.52,14.07,14.08,107321
EPRX.TO,20250214,4.49,4.74,4.49,4.53,41490
EQB.TO,20250214,107.06,107.06,105.86,106.38,35800
EQCC.TO,20250214,21.33,21.33,21.33,21.33,653
EQCL.TO,20250214,23.26,23.26,23.22,23.235,2230
EQL.TO,20250214,39.1,39.1,38.95,38.96,35710
EQLI.TO,20250214,21.61,21.65,21.53,21.65,274092
EQX.TO,20250214,9.93,10.02,9.52,9.58,628693
EQY.TO,20250117,22.94,22.94,22.94,22.94,1000
ERD.TO,20250214,0.75,0.77,0.71,0.73,559915
ERO.TO,20250214,20.13,20.74,20.06,20.5,408848
ESG.TO,20250214,44.94,44.95,44.86,44.87,9848
ESGA.TO,20250214,42.12,42.12,42.12,42.12,152
ESGB.TO,20250214,28.04,28.04,28.04,28.04,100
ESGC.TO,20250214,30.02,30.02,29.92,29.92,300
ESGE.TO,20250214,35.99,36.06,35.94,35.94,1600
ESGF.TO,20250213,23.94,23.99,23.94,23.99,400
ESGG.TO,20250214,51.05,51.06,51.05,51.06,534
ESGH.TO,20250214,29.52,29.52,29.52,29.52,100
ESGY.TO,20250214,59.73,59.73,59.7,59.7,1787
ESI.TO,20250214,3.08,3.09,2.92,2.94,199947
ESM.TO,20250214,0.05,0.055,0.05,0.055,99395
ESP.TO,20250214,5.3,5.39,5.25,5.27,1200
ESPX.TO,20250214,25.6,25.6,25.6,25.6,703
ET.TO,20250214,11.91,12.03,11.8,11.96,20458
ETC.TO,20250214,19.32,19.65,19.32,19.65,1009
ETG.TO,20250214,2.53,2.53,2.46,2.48,78352
ETHH.TO,20250214,10.58,10.99,10.58,10.73,144519
ETHI.TO,20250213,55.3,55.3,55.3,55.3,71
ETHQ.TO,20250214,15.03,15.51,15.02,15.27,10719
ETHR.TO,20250214,12.89,13.35,12.85,13.04,49073
ETHY.TO,20250214,3.06,3.17,3.06,3.11,44163
ETP.TO,20250212,17.6,17.6,17.6,17.6,1100
ETSX.TO,20250213,21.52,21.6,21.52,21.6,49
EVO.TO,20250214,23.2,23.2,23.08,23.08,4498
EVT.TO,20250213,189.8,190,189.8,190,1800
EXE.TO,20250214,10.85,11.17,10.84,11.12,248040
EXN.TO,20250214,0.105,0.145,0.105,0.13,1293013
EXRO.TO,20250214,0.095,0.095,0.09,0.09,361846
FAP.TO,20250214,2.87,2.87,2.85,2.86,39555
FAR.TO,20250214,2.36,2.36,2.19,2.24,68343
FBGO.TO,20250214,17.73,17.73,17.73,17.73,2400
FBT.TO,20250214,31.4,31.4,31.4,31.4,100
FBTC.TO,20250214,45.23,46.33,45.08,45.58,101012
FC.TO,20250214,12.09,12.15,11.98,11.98,46132
FCCD.TO,20250214,30.5,30.52,30.37,30.37,6101
FCCQ.TO,20250214,38.96,38.96,38.96,38.96,1524
FCCV.TO,20250214,15.41,15.42,15.35,15.35,3662
FCEM.TO,20250214,10.64,10.66,10.64,10.65,1600
FCGI.TO,20250214,14.22,14.22,14.21,14.21,2700
FCID.TO,20250214,28.14,28.14,28.14,28.14,225
FCII.TO,20250214,22.25,22.25,22.25,22.25,300
FCIQ.TO,20250214,41.9,41.9,41.67,41.72,7689
FCIV.TO,20250214,36.4,36.4,36.28,36.305,6813
FCMI.TO,20250210,13.42,13.42,13.42,13.42,10
FCQH.TO,20250213,58.75,58.98,58.75,58.98,9381
FCRR.TO,20250211,45.62,45.62,45.62,45.62,100
FCSI.TO,20250213,23.98,23.98,23.94,23.94,400
FCU.TO,20241224,0.72,0.73,0.71,0.72,2497091
FCUD.TO,20250214,39.03,39.03,38.72,38.73,2028
FCUH.TO,20250131,32.3,32.3,32.3,32.3,72
FCUQ.TO,20250214,66.65,66.65,66.5,66.52,2765
FCUV.TO,20250214,20.83,20.96,20.83,20.95,46253
FCVH.TO,20250214,19.11,19.11,19.1,19.1,1300
FDL.TO,20250213,35.31,35.31,35.31,35.31,100
FDN.TO,20250214,30.61,30.61,30.6,30.6,200
FDY.TO,20250214,0.74,0.75,0.74,0.75,22821
FEC.TO,20250214,7.84,7.86,7.71,7.75,40392
FEME.TO,20241217,20.57,20.57,20.57,20.57,2
FETH.TO,20250214,51.45,52.92,51.45,51.76,1399
FF.TO,20250214,0.135,0.135,0.125,0.125,1108333
FFH.TO,20250214,2000.01,2119.64,2000.01,2070.19,89187
FFN.TO,20250214,7,7.03,6.93,6.96,208580
FGB.TO,20250213,18.545,18.545,18.545,18.545,100
FGEB.TO,20250213,10.96,10.96,10.96,10.96,56
FGEP.TO,20250214,11.48,11.48,11.35,11.38,22828
FGGE.TO,20250211,26.05,26.05,26.05,26.05,853
FGO.TO,20250214,10.01,10.04,10.01,10.02,10695
FGOV.TO,20250214,21.04,21.07,21,21,3000
FGRW.TO,20250207,22.94,22.94,22.7,22.7,75
FHG.TO,20250214,57.19,57.19,57.11,57.13,400
FHH.TO,20250115,41.42,41.42,41.42,41.42,1
FHI.TO,20250214,11,11,10.88,10.88,7262
FHIS.TO,20250214,20.88,20.94,20.88,20.94,19240
FHQ.TO,20250214,106.79,106.79,106.47,106.47,203
FIE.TO,20250214,8.26,8.3,8.26,8.285,62586
FIG.TO,20250214,9.48,9.48,9.48,9.48,3104
FIL.TO,20250117,32.46,32.46,32.25,32.25,430612
FINC.TO,20250211,21.97,22,21.97,22,300
FINO.TO,20250214,28.02,28.02,28.02,28.02,100
FINT.TO,20250211,28.12,28.12,28.12,28.12,300
FLCI.TO,20250214,18.07,18.09,18.07,18.09,1900
FLCP.TO,20250214,18.1,18.15,18.08,18.13,17353
FLDM.TO,20241126,23.58,23.59,23.58,23.59,300
FLGA.TO,20250214,18.94,18.94,18.86,18.86,310
FLGD.TO,20241127,29.81,29.81,29.81,29.81,100
FLI.TO,20250214,11.5,11.5,11.43,11.45,3109
FLNT.TO,20250214,0.025,0.025,0.025,0.025,25000
FLOW.TO,20250214,0.13,0.13,0.13,0.13,135500
FLSD.TO,20250214,19.36,19.36,19.36,19.36,2500
FLUS.TO,20250214,50.83,50.83,50.76,50.76,652
FLX.TO,20250214,7.13,7.13,7.1,7.1,2101
FM.TO,20250214,19.93,19.93,19.34,19.56,1712804
FMAX.TO,20250214,20.12,20.18,20.12,20.15,3806
FN.TO,20250214,40.5,40.64,40,40.42,19501
FNV.TO,20250214,204.96,204.96,195.93,196.12,207473
FOM.TO,20250214,4.22,4.22,4.105,4.15,271662
FOOD.TO,20250214,0.425,0.43,0.415,0.415,37739
FORA.TO,20250214,13.76,14.05,13.5,13.93,21274
FOUR.TO,20250212,56.35,56.35,56.35,56.35,45
FPR.TO,20250211,23.51,23.51,23.44,23.49,2
FRU.TO,20250214,12.83,12.86,12.61,12.66,547842
FRX.TO,20250214,9.28,9.8,9.28,9.8,1012
FSB.TO,20250214,9.65,9.71,9.65,9.705,20020
FSF.TO,20250204,32.44,32.44,32.44,32.44,30
FSL.TO,20250214,16.94,16.94,16.87,16.93,1965
FST.TO,20250214,57.89,57.89,57.66,57.66,871
FSV.TO,20250214,248.79,249.935,247.14,248.65,111104
FSY.TO,20250214,0.45,0.45,0.43,0.445,72998
FSZ.TO,20250214,7.41,7.41,7.29,7.37,279130
FT.TO,20250214,0.045,0.045,0.045,0.045,27100
FTG.TO,20250214,8.42,8.42,8.24,8.37,11520
FTHI.TO,20250214,10.97,10.98,10.95,10.96,10530
FTN.TO,20250214,9.44,9.45,9.38,9.4,201286
FTS.TO,20250214,63.25,64.39,63.16,63.64,4057405
FTT.TO,20250214,43.91,44.27,43.27,44.05,412936
FTU.TO,20250214,0.68,0.68,0.68,0.68,2500
FURY.TO,20250214,0.57,0.57,0.55,0.55,50000
FVI.TO,20250214,7.7,7.8,7.25,7.31,1260038
FVL.TO,20250214,1.04,1.04,0.94,0.94,667167
FWCP.TO,20241129,17.32,17.32,17.32,17.32,200
FXM.TO,20250214,25.87,25.87,25.62,25.62,2200
G.TO,20250214,1.25,1.25,1.14,1.14,49472
GATO.TO,20250117,20.47,22.23,20.47,21.59,8801
GAU.TO,20250214,1.88,1.93,1.79,1.79,89745
GBAL.TO,20250214,53.08,53.08,52.81,52.81,2239
GBT.TO,20250214,12.83,12.84,12.83,12.84,200
GCBD.TO,20250213,18.52,18.52,18.5,18.52,1881
GCFE.TO,20250212,29.27,29.27,29.27,29.27,136
GCG.TO,20250214,43.23,43.98,43.23,43.98,700
GCL.TO,20250214,0.85,0.85,0.84,0.85,15000
GCNS.TO,20250214,46.03,46.03,46.03,46.03,1170
GCSC.TO,20250214,27.02,27.02,27.02,27.02,148
GCTB.TO,20250214,50.1,50.1,50.1,50.1,100
GDC.TO,20250214,3.34,3.34,3.3,3.3,2000
GDEP.TO,20250131,20.48,20.48,20.48,20.48,100
GDI.TO,20250214,33.39,34.28,33.39,34.28,2722
GDL.TO,20250214,12.2,12.2,12.11,12.14,855
GDPY.TO,20250214,21.29,21.29,21.2,21.2,400
GDV.TO,20250214,10.8,10.83,10.74,10.74,37007
GEC.TO,20250214,0.225,0.225,0.225,0.225,17500
GEI.TO,20250214,24.07,24.07,23.6,23.7,359404
GENM.TO,20250214,0.16,0.16,0.155,0.155,95000
GEO.TO,20250214,3.26,3.26,3.15,3.2,28922
GEQT.TO,20250214,66.8,66.9,66.8,66.9,415
GFL.TO,20250214,64.85,66.23,64.67,65.99,231545
GFP.TO,20250214,4.4,4.7,4.4,4.68,1310
GFR.TO,20250214,9.38,9.44,9.19,9.19,13200
GGD.TO,20250214,1.63,1.645,1.55,1.59,894335
GGRO.TO,20250214,59.87,59.87,59.61,59.61,1161
GH.TO,20250214,10.4,10.4,10.32,10.32,1900
GIES.TO,20250213,23.37,23.37,23.37,23.37,200
GIGC.TO,20250131,21.75,21.75,21.75,21.75,93
GIL.TO,20250214,72.16,72.37,71.72,72.2,292581
GIQG.TO,20250211,31.09,31.09,31.09,31.09,600
GIQU.TO,20250131,32.5,32.5,32.5,32.5,100
GIVX.TO,20250214,0,0,0,0,0
GLCC.TO,20250214,31.27,31.27,30.46,30.53,43167
GLO.TO,20250214,0.57,0.58,0.5,0.52,1151099
GLXY.TO,20250214,28.14,28.26,26.93,27.65,773283
GMIN.TO,20250214,15.38,15.54,14.89,15.04,383382
GMTN.TO,20250214,0.025,0.025,0.02,0.025,104230
GMX.TO,20250214,1.55,1.55,1.5,1.5,34406
GOLD.TO,20250214,1.21,1.21,1.15,1.17,126012
GOOS.TO,20250214,14.19,14.4,14.13,14.3,166556
GPMD.TO,20250212,10.62,10.62,10.62,10.62,400
GRA.TO,20250214,2.43,2.43,2.31,2.33,211293
GRC.TO,20250214,0.065,0.065,0.065,0.065,43000
GRCC.TO,20250214,22.46,22.46,22.44,22.44,1125
GRID.TO,20250214,2,2,1.94,1.94,36296
GRN.TO,20250214,0.09,0.095,0.09,0.09,14334
GRNI.TO,20250212,28.15,28.15,28.11,28.11,5000
GSY.TO,20250214,176,182,171.15,177.61,185726
GTE.TO,20250214,8.1,8.22,7.97,8.2,25145
GTWO.TO,20250214,2.87,3.07,2.85,3.02,507075
GUD.TO,20250214,5.55,5.66,5.51,5.65,39592
GURU.TO,20250214,1.91,1.99,1.91,1.94,4810
GVC.TO,20250214,0.135,0.15,0.135,0.15,17500
GWO.TO,20250214,51.47,51.67,51.17,51.59,3658931
GXE.TO,20250207,0.48,0.485,0.47,0.48,1033500
H.TO,20250214,45.23,45.3,44.94,44.97,588521
HAB.TO,20250214,10.33,10.33,10.32,10.33,500
HAC.TO,20250214,31.82,31.88,31.8,31.8,3400
HAD.TO,20250213,9.16,9.16,9.16,9.16,2
HAF.TO,20250214,7.11,7.17,7.11,7.17,8143
HAI.TO,20250214,5.04,5.06,5,5.05,14535
HAL.TO,20250214,21.87,21.87,21.87,21.87,814
HAZ.TO,20250214,39.92,39.94,39.85,39.85,1472
HBA.TO,20250214,30.06,30.06,29.73,29.73,10206
HBAL.TO,20250214,16.2,16.2,16.155,16.16,13771
HBB.TO,20250214,49.52,49.56,49.47,49.49,12343
HBD.TO,20250117,24.4,24.59,24.25,24.59,3688
HBF.TO,20250214,10.43,10.43,10.38,10.38,10978
HBGD.TO,20250214,32.34,32.34,32.33,32.33,602
HBIE.TO,20250214,24.05,24.05,24.05,24.05,156
HBIG.TO,20250214,24.22,24.22,24.21,24.21,2005
HBIL.TO,20250214,15.47,15.47,15.45,15.46,33423
HBKD.TO,20250114,13.17,13.19,13.17,13.19,27
HBKU.TO,20250115,28.9,28.94,28.9,28.94,3
HBLK.TO,20250214,19.99,19.99,19.73,19.73,1086
HBM.TO,20250214,12.91,13.065,12.68,12.95,1135074
HBND.TO,20250214,13.84,13.87,13.82,13.82,22883
HBNK.TO,20250214,25.09,25.1,25,25,6926
HBP.TO,20250214,0.95,0.95,0.95,0.95,1600
HBU.TO,20250117,18.07,18.31,18.07,18.09,4975
HBUG.TO,20250213,27.96,27.96,27.96,27.96,100
HCA.TO,20250214,24.22,24.27,24.22,24.23,13600
HCAL.TO,20250214,24.87,24.9,24.75,24.76,26472
HCLN.TO,20250214,7.35,7.35,7.32,7.33,665
HCON.TO,20250214,14.14,14.14,14.14,14.14,3303
HCRE.TO,20250214,26.19,26.2,26.12,26.12,2348
HDGE.TO,20250214,27.45,27.45,27.4,27.4,1600
HDIF.TO,20250214,8.93,8.93,8.87,8.87,43754
HDIV.TO,20250214,17.9,17.93,17.8,17.805,52592
HEB.TO,20250214,19.72,19.72,19.72,19.72,100
HED.TO,20250117,23.88,23.9,23.24,23.24,10374
HEQL.TO,20250214,28.61,28.61,28.58,28.58,475
HEQT.TO,20250214,18.77,18.77,18.685,18.685,4203
HERO.TO,20250214,38.34,38.5,38.32,38.36,1151
HEU.TO,20250117,28.33,28.93,28.15,28.79,8254
HEWB.TO,20250214,38.94,39.05,38.88,38.88,1350
HFD.TO,20250117,6.15,6.15,6.11,6.12,11300
HFG.TO,20250213,29.26,29.26,28.94,29.04,152
HFIN.TO,20250214,19.86,19.86,19.77,19.77,931
HFR.TO,20250214,10.09,10.09,10.09,10.09,4854
HFU.TO,20250117,32.19,32.22,32.17,32.2,2577
HGD.TO,20250117,27.09,27.6,26.2,26.32,50486
HGGB.TO,20250203,21.42,21.42,21.42,21.42,4
HGGG.TO,20250213,41.53,41.53,41.14,41.36,17
HGR.TO,20250214,6,6,5.93,5.93,1903
HGRW.TO,20250213,25.91,25.91,25.8,25.8,12
HGU.TO,20250117,22.72,23.7,22.49,23.63,160193
HGY.TO,20250214,12.21,12.21,12.07,12.085,14378
HHL.TO,20250214,8.03,8.05,7.95,7.955,182242
HHLE.TO,20250214,9.95,9.95,9.85,9.85,25552
HIG.TO,20250214,8.1,8.1,8.03,8.03,10111
HIND.TO,20250214,12.12,12.12,12.1,12.1,873
HIU.TO,20250117,10.81,10.81,10.79,10.82,18600
HIX.TO,20250117,24.77,24.77,24.68,24.69,15200
HLF.TO,20250214,15.81,16.32,15.81,16.05,19632
HLIF.TO,20250213,9.52,9.52,9.52,9.52,7
HLIT.TO,20250214,14.87,14.87,14.86,14.86,584
HLPR.TO,20250214,29.53,29.55,29.53,29.55,202
HLS.TO,20250214,4.23,4.23,4.2,4.2,11900
HMAX.TO,20250214,14.45,14.5,14.44,14.45,217508
HMMJ.TO,20250214,8.69,8.89,8.62,8.62,11802
HMP.TO,20250213,9.69,9.69,9.69,9.69,600
HND.TO,20250214,6.96,6.98,6.68,6.92,3856391
HNU.TO,20250214,49.17,51.03,48.98,49.44,357267
HOD.TO,20250214,5.93,6.08,5.92,6.065,639446
HOU.TO,20250214,12.68,12.71,12.37,12.43,610237
HPF.TO,20250214,3.18,3.19,3.16,3.17,10400
HPR.TO,20250214,9.47,9.49,9.45,9.48,15116
HPYM.TO,20250214,10.93,10.94,10.93,10.935,21995
HPYT.TO,20250214,9.73,9.77,9.72,9.72,110932
HQD.TO,20250117,10,10.13,9.97,10.05,762791
HQU.TO,20250117,24.65,24.76,24.36,24.59,1011832
HRAA.TO,20250213,12.4,12.4,12.4,12.4,1100
HRED.TO,20250114,15.57,15.57,15.57,15.57,50
HREU.TO,20250113,14.45,14.45,14.45,14.45,70
HRIF.TO,20250214,16.96,16.96,16.85,16.85,4475
HRX.TO,20250213,32.485,32.49,32.48,32.48,52546
HSAV.TO,20250214,115.37,115.42,115.1,115.35,31297
HSD.TO,20250117,15.13,15.2,15.02,15.12,224234
HSH.TO,20250214,75.06,75.15,75.01,75.01,65700
HSU.TO,20250117,26.42,26.63,26.325,26.47,271657
HTA.TO,20250214,19.09,19.09,18.98,19.03,43031
HTAE.TO,20250214,17.34,17.34,17.23,17.31,12894
HTB.TO,20250214,58.8,58.83,58.77,58.82,2051
HTL.TO,20250214,0,0,0,0,0
HUBL.TO,20250214,14.21,14.31,14.21,14.28,11756
HUC.TO,20250214,21.64,21.64,21.64,21.64,218
HUG.TO,20250214,22.62,22.62,22.2,22.2,2739
HULC.TO,20250214,104.89,104.89,104.74,104.74,206
HUM.TO,20250214,36.95,36.95,36.86,36.86,1107
HUN.TO,20250214,8.7,8.77,8.68,8.69,636919
HURA.TO,20250214,35.78,35.78,34.54,34.67,8148
HUT.TO,20250214,29.03,29.58,28.79,29.03,968460
HUTE.TO,20250214,10.42,10.42,10.38,10.39,19933
HUTL.TO,20250214,17.6,17.63,17.52,17.52,21131
HUTS.TO,20250214,12.45,12.47,12.38,12.385,4404
HUV.TO,20250117,7.6,7.78,7.58,7.78,363795
HUZ.TO,20250214,14.88,14.88,14.3,14.3,15617
HWO.TO,20250214,1.1,1.11,1.1,1.11,8600
HWX.TO,20250214,6.89,6.89,6.72,6.74,223773
HXCN.TO,20250214,42.31,42.31,41.93,41.93,11973
HXD.TO,20250117,23.35,23.35,23.06,23.105,131062
HXDM.TO,20250214,50.53,50.55,50.35,50.35,10828
HXE.TO,20250214,36.65,36.65,36.15,36.15,611
HXEM.TO,20250214,38.88,38.88,38.88,38.88,1212
HXF.TO,20250214,85.82,85.82,85.82,85.82,1000
HXH.TO,20250214,53.95,53.95,53.95,53.95,700
HXQ.TO,20250214,89.3,89.84,89.25,89.76,17886
HXS.TO,20250214,88.83,88.99,88.79,88.89,41684
HXT.TO,20250214,67.57,67.57,66.92,66.93,208886
HXU.TO,20250117,27.71,28.04,27.71,27.99,69393
HXX.TO,20250214,57.53,57.53,57.16,57.16,8124
HYBR.TO,20250214,9.84,9.84,9.84,9.84,103
HYLD.TO,20250214,14.22,14.23,14.18,14.19,123647
HZD.TO,20250117,7.25,7.27,7.12,7.24,64034
HZU.TO,20250117,26.81,27.34,26.7,26.89,179340
IAG.TO,20250214,130.05,130.48,129.06,130.32,266729
IAU.TO,20250214,1.01,1.04,0.955,0.98,527976
ICAE.TO,20250214,23.03,23.05,22.96,22.96,525
ICCB.TO,20250130,20.1,20.1,20.1,20.1,1200
ICE.TO,20250214,4.08,4.08,4.08,4.08,500
ICPB.TO,20250214,9.51,9.51,9.47,9.47,1884
ICTE.TO,20250207,19.47,19.47,19.47,19.47,45
IE.TO,20250214,8.62,8.9,8.48,8.87,9740
IFA.TO,20250214,1.15,1.16,1.13,1.15,39071
IFC.TO,20250214,286.51,291.04,286.51,288.21,293419
IFP.TO,20250214,16.51,17.67,16.29,16.78,399725
IFRF.TO,20250213,8.23,8.23,8.23,8.23,3700
IGAF.TO,20250214,15.95,15.95,15.95,15.95,4500
IGB.TO,20250214,18.39,18.4,18.39,18.4,3750
IGCF.TO,20250206,16.18,16.18,16.18,16.18,500
IGEO.TO,20250210,15.37,15.37,15.37,15.37,500
IGM.TO,20250214,44.63,45.18,44.29,44.95,415371
IIAE.TO,20250211,25.05,25.06,25.05,25.06,485
IICE.TO,20250214,24.03,24.03,24.03,24.03,1200
III.TO,20250214,2.28,2.42,2.28,2.39,29842
IIMF.TO,20250214,22.27,22.27,22.27,22.27,1827
IITE.TO,20250123,21.39,21.39,21.39,21.39,200
ILGB.TO,20250214,8.84,8.84,8.84,8.84,2400
ILLM.TO,20250214,3.18,3.18,3.08,3.09,35876
IMG.TO,20250214,9.29,9.385,8.96,8.98,1682479
IMO.TO,20250214,99.97,100.5,97.81,98.25,316787
IMP.TO,20250214,2.7,2.78,2.63,2.76,63171
INAI.TO,20250214,30.63,30.63,30.63,30.63,101
INCM.TO,20250214,20.01,20.1,20.01,20.03,6800
INE.TO,20250214,7.38,7.505,7.35,7.45,474389
INOC.TO,20250214,15.49,15.49,15.49,15.49,114
IPCO.TO,20250214,19.57,19.67,19.24,19.32,69796
IPO.TO,20250214,1.73,1.73,1.69,1.72,60330
IQD.TO,20250214,36.22,36.22,36.22,36.22,717
IS.TO,20250214,14.11,14.27,14.11,14.14,2551
ISCB.TO,20250211,10.78,10.78,10.78,10.78,75
ISO.TO,20250214,2.58,2.58,2.45,2.5,374031
ISV.TO,20250214,0,0,0,0,0
ITE.TO,20250214,0,0,0,0,0
ITH.TO,20250214,0.75,0.75,0.7,0.7,8593
IUAE.TO,20250214,24.41,24.41,24.41,24.41,110
IUCE.TO,20250203,25.27,25.27,25.18,25.18,200
IUMF.TO,20250214,24.59,24.63,24.59,24.63,1500
IUTE.TO,20250210,26.75,26.75,26.75,26.75,119
IVN.TO,20250214,16.96,17.19,16.51,16.66,1302419
IVQ.TO,20250214,0.14,0.18,0.14,0.18,5713
IWBE.TO,20250214,17.85,17.85,17.85,17.85,900
IWEB.TO,20250122,11,11,11,11,4
IXTE.TO,20250214,23.18,23.18,23.18,23.18,100
JAG.TO,20250214,2.97,2.98,2.76,2.78,76613
JAPN.TO,20250214,50.11,50.11,50.05,50.05,758
JEPI.TO,20250214,26.59,26.59,26.46,26.47,12030
JEPQ.TO,20250214,27.98,28.09,27.98,28.09,10822
JOY.TO,20250214,1.96,1.99,1.92,1.96,60238
JWEL.TO,20250214,32.13,32.405,31.86,32,62332
K.TO,20250214,16.12,16.18,15.84,15.99,3125586
KBL.TO,20250214,35.79,36.13,35.61,35.68,1600
KEC.TO,20250214,17.1,17.1,16.92,17.06,4600
KEI.TO,20250214,12.2,12.2,11.71,12.05,24746
KEL.TO,20250214,6.73,6.73,6.6,6.61,294074
KEY.TO,20250214,43.16,43.16,41.88,42.05,1249129
KILO.TO,20250214,42.99,43.02,42.32,42.34,9639
KITS.TO,20250214,8.91,8.95,8.85,8.9,12865
KLS.TO,20250214,0.16,0.165,0.155,0.16,41000
KNGC.TO,20250214,10.91,10.91,10.83,10.83,1980
KNGU.TO,20250214,11.09,11.09,11.09,11.09,2000
KNGX.TO,20250214,9.91,9.91,9.87,9.87,3100
KNT.TO,20250214,10.64,10.64,10.22,10.23,567804
KPT.TO,20250214,8,8.07,8,8.07,16876
KRN.TO,20250213,0.095,0.095,0.095,0.095,500
KSI.TO,20250214,6.78,6.83,6.71,6.82,27367
KXS.TO,20250214,164.8,165.15,162.99,163.13,105773
L.TO,20250214,179.88,180.68,178.29,178.36,290225
LAAC.TO,20250124,3.99,4.13,3.88,3.91,185259
LABS.TO,20250214,0.065,0.07,0.065,0.07,207064
LAC.TO,20250214,4.45,4.45,4.205,4.28,678101
LAM.TO,20250214,0.57,0.58,0.53,0.56,325629
LB.TO,20250214,27.84,28.08,27.68,27.76,134342
LBS.TO,20250214,8.43,8.48,8.4,8.47,61606
LCFS.TO,20250214,0.75,0.75,0.6,0.61,77667
LCS.TO,20250214,7.65,7.68,7.58,7.615,21400
LEAD.TO,20250213,23.79,23.79,23.79,23.79,165
LEV.TO,20241216,0.355,0.41,0.34,0.345,2863397
LFE.TO,20250214,5.79,5.8,5.72,5.78,16665
LGD.TO,20250214,0.37,0.38,0.345,0.345,153666
LGO.TO,20250214,2.62,2.67,2.55,2.55,31062
LIF.TO,20250214,31,31,30.67,30.73,148694
LIFE.TO,20250214,20.62,20.62,20.45,20.46,4666
LIRC.TO,20250214,5,5.01,4.95,5.01,11443
LLHE.TO,20250214,10.51,10.52,10.16,10.17,48884
LLYH.TO,20250214,10.89,10.89,10.68,10.68,4915
LMAX.TO,20250214,15.59,15.59,15.485,15.485,10199
LN.TO,20250214,0.56,0.56,0.54,0.54,19495
LNF.TO,20250214,25.42,25.765,25.42,25.58,11120
LNR.TO,20250214,53.28,54,52.54,52.97,157985
LONG.TO,20250214,39.4,39.4,39.4,39.4,100
LPAY.TO,20250214,26.38,26.38,26.36,26.36,377
LSPD.TO,20250214,19,19.19,18.7,19.17,830425
LSPK.TO,20250214,0.32,0.32,0.32,0.32,1600
LUC.TO,20250214,0.385,0.39,0.36,0.38,31100
LUG.TO,20250214,38.35,38.72,37.03,37.31,556404
LUN.TO,20250214,12.4,12.54,12.25,12.33,1514523
LYCT.TO,20250207,10.4,10.4,10.4,10.4,14
LYFR.TO,20250204,10.14,10.14,10.14,10.14,1000
MAG.TO,20250214,24.5,24.5,22.96,23.22,245178
MAL.TO,20250214,9.75,9.87,9.735,9.76,7714
MARI.TO,20250214,5.54,5.6,5.4,5.6,6819
MATR.TO,20250214,11.85,11.925,11.58,11.6,97181
MBAL.TO,20250213,25.9,25.92,25.9,25.92,713
MBX.TO,20250214,0.48,0.55,0.48,0.55,414873
MCAD.TO,20250214,100.2,100.2,100.2,100.2,1564
MCB.TO,20250214,2.88,2.89,2.79,2.81,132500
MCLC.TO,20250214,42.9,42.9,42.53,42.53,630
MCLV.TO,20250214,23,23,22.97,22.97,947
MCON.TO,20250213,22.58,22.61,22.58,22.61,2900
MCSB.TO,20250214,19.94,19.94,19.9,19.9,4400
MCSM.TO,20250214,42.7,42.7,42.7,42.7,1545
MDA.TO,20250214,24.21,24.49,23.73,24.26,291960
MDI.TO,20250214,9.32,9.32,9.08,9.13,35917
MDIV.TO,20250214,19.36,19.39,19.33,19.39,3562
MDNA.TO,20250214,1.39,1.4,1.32,1.34,120844
MDP.TO,20250214,3.13,3.15,3.05,3.09,61290
MDVD.TO,20250213,27.4,27.4,27.4,27.4,100
MEE.TO,20240927,26.18,26.32,26.14,26.16,12400
MEG.TO,20250214,23.47,23.48,22.81,22.98,1489046
MEQ.TO,20250214,204.5,204.5,200.95,200.95,1924
MEQT.TO,20250214,26.32,26.38,26.32,26.38,207
MFC.TO,20250214,41.99,42.11,41.76,42.07,6490806
MFI.TO,20250214,21.36,21.51,21.3,21.44,95800
MFT.TO,20250214,16.98,16.98,16.94,16.96,10892
MG.TO,20250214,53.48,56.3,53.06,53.61,2092727
MGA.TO,20250214,0.305,0.305,0.29,0.295,397290
MGAB.TO,20250213,16.99,16.99,16.99,16.99,200
MGB.TO,20250214,16.26,16.26,16.23,16.23,1630
MGDV.TO,20250214,23.41,23.41,23.41,23.41,110
MGQE.TO,20250214,23.87,23.87,23.87,23.87,427
MGRW.TO,20250214,29.85,29.85,29.69,29.69,266
MHCD.TO,20250213,12.12,12.12,12.03,12.06,46
MIN.TO,20250214,0,0,0,0,0
MINF.TO,20250211,9.86,9.86,9.86,9.86,1000
MINN.TO,20250211,23.73,24.11,23.73,24.11,16
MINT.TO,20250213,40,40.02,40,40.02,700
MIQE.TO,20250214,21.79,21.81,21.75,21.76,7550
MIVG.TO,20250213,37.57,37.58,37.57,37.58,2000
MKB.TO,20250214,19.5,19.51,19.45,19.48,25329
MKP.TO,20250214,18.54,18.55,18.35,18.55,11487
MND.TO,20250214,4.72,4.72,4.57,4.67,21029
MNO.TO,20250214,0.5,0.5,0.475,0.475,167644
MNS.TO,20250214,27.4,27.91,27.15,27.45,13290
MNT.TO,20250214,45,45,43.67,44.51,26451
MNXT.TO,20250214,22.6,22.65,22.6,22.63,3800
MNY.TO,20250214,100.19,100.19,100.18,100.19,22314
MOGO.TO,20250214,1.75,1.78,1.72,1.77,9070
MORE.TO,20250214,22.51,22.51,22.33,22.33,1550
MPAY.TO,20250214,26.84,26.88,26.84,26.86,5340
MPC.TO,20250214,4.8,4.8,4.8,4.8,200
MPVD.TO,20250214,0.06,0.06,0.06,0.06,389200
MPY.TO,20250210,10.16,10.17,10.16,10.16,900
MRC.TO,20250214,112.5,112.5,111.01,111.99,1540
MRD.TO,20250214,12.76,12.91,12.76,12.85,5802
MRE.TO,20250214,8.51,8.56,8.38,8.46,66928
MREL.TO,20250214,12.06,12.15,12.04,12.04,10901
MRU.TO,20250214,92.6,92.76,91.31,91.43,262433
MSA.TO,20250214,2.28,2.28,2.19,2.2,122131
MSCL.TO,20250214,0.78,0.78,0.73,0.73,97600
MSFH.TO,20250214,11.64,11.665,11.59,11.665,11743
MSHE.TO,20250214,11.33,11.36,11.26,11.36,48028
MSV.TO,20250214,0.185,0.19,0.185,0.185,27310
MTAV.TO,20250213,32.16,32.21,32.14,32.21,17
MTL.TO,20250214,13.23,13.57,13.23,13.46,363579
MTY.TO,20250214,48,48,43.51,44.11,260432
MUB.TO,20250214,18.42,18.44,18.39,18.43,25051
MULC.TO,20250212,53.75,53.83,53.75,53.83,4
MULV.TO,20250213,23.37,23.4,23.34,23.4,16600
MUMC.TO,20250214,45.96,45.96,45.96,45.96,300
MUS.TO,20240927,37.91,37.91,37.91,37.91,201
MUSA.TO,20250214,22.8,22.8,22.8,22.8,1919
MUSC.TO,20250213,35.17,35.17,35.165,35.165,1300
MUX.TO,20250214,10.9,10.9,10.44,10.47,38185
MWD.TO,20240927,29.23,29.23,29.23,29.23,301
MWLV.TO,20250214,24.3,24.3,24.26,24.26,2420
MX.TO,20250214,66.44,66.68,65.23,65.28,125322
MXG.TO,20250214,5.85,5.85,5.65,5.68,10758
MXU.TO,20240927,23.7,23.7,23.7,23.7,270
NA.TO,20250214,126.8,127.2,125.66,126.23,1523201
NALT.TO,20250214,22.61,22.76,22.61,22.67,3985
NANO.TO,20250214,0.8,0.8,0.76,0.78,20530
NCF.TO,20250214,0.045,0.045,0.04,0.04,32631
NCP.TO,20241220,0.51,0.54,0.51,0.54,1100
NDIV.TO,20250207,34.05,34.05,34.05,34.05,50
NDM.TO,20250214,1,1,0.98,0.98,168366
NEO.TO,20250214,8.7,8.71,8.53,8.57,33015
NEXT.TO,20250214,0.72,0.72,0.68,0.68,66822
NFAM.TO,20241126,33.3,33.3,33.3,33.3,2415
NFI.TO,20250214,10.11,11.66,10.1,11.64,1244613
NG.TO,20250214,4.79,4.81,4.47,4.47,254657
NGD.TO,20250214,4.27,4.35,4.07,4.12,1774016
NGEX.TO,20250214,13.58,14.29,13.58,14.16,328767
NGPE.TO,20250214,54.19,54.48,54.19,54.19,1140
NGT.TO,20250214,67.77,67.8,65.95,65.97,285463
NHYB.TO,20250214,21.9,21.9,21.9,21.9,593
NINT.TO,20250214,26.86,26.86,26.85,26.85,300
NOA.TO,20250214,26.78,26.93,26.22,26.47,55780
NOVC.TO,20250214,0,0,0,0,0
NPI.TO,20250214,17.25,17.41,16.93,17.18,861077
NPK.TO,20250214,0.73,0.74,0.67,0.7,42307
NPRF.TO,20250214,24.32,24.475,24.31,24.43,7902
NPS.TO,20250214,11.75,11.77,11.75,11.75,2305
NREA.TO,20250214,23.2,23.21,23.2,23.21,3300
NSCB.TO,20250214,22.96,22.96,22.87,22.91,2400
NSCC.TO,20250214,22.8,22.8,22.8,22.8,200
NSCE.TO,20250214,45.42,45.42,45.25,45.28,1866
NSGE.TO,20250214,42.12,42.12,42.12,42.12,100
NSSB.TO,20250212,10.25,10.25,10.2,10.2,200
NTR.TO,20250214,72.18,72.5,71.54,72.15,597263
NUAG.TO,20250214,1.77,1.8,1.68,1.71,122500
NUBF.TO,20250214,21.22,21.22,21.11,21.12,20967
NUMI.TO,20250129,0.04,0.05,0.04,0.05,989752
NUSA.TO,20250214,46.4,46.42,46.4,46.4,7553
NVA.TO,20250214,12.6,12.65,12.315,12.38,427864
NVDH.TO,20250214,12.085,12.25,12.05,12.24,31731
NVEI.TO,20250214,0,0,0,0,0
NVHE.TO,20250214,11.74,12.03,11.71,11.99,142887
NVO.TO,20250214,0.095,0.1,0.095,0.1,317510
NWC.TO,20250214,45.7,46.54,45.5,45.56,82727
NXE.TO,20250214,9.15,9.15,8.5,8.61,1678976
NXF.TO,20250214,5.55,5.63,5.55,5.555,54561
NXTG.TO,20250123,12.38,12.38,12.38,12.38,40
OBE.TO,20250214,7.61,7.69,7.45,7.52,141487
OGC.TO,20250214,4.66,4.67,4.46,4.47,1153213
OGD.TO,20250214,1.19,1.22,1.18,1.2,24343
OGI.TO,20250214,1.92,1.93,1.8,1.81,569809
OLA.TO,20250214,10.1,10.18,9.82,9.89,456256
OLY.TO,20250214,109.75,110.5,108.7,109,1739
ONC.TO,20250214,1.1,1.11,1.08,1.11,30700
ONEB.TO,20250214,49.66,49.66,49.66,49.66,300
ONEC.TO,20250214,23.52,23.52,23.52,23.52,100
ONEQ.TO,20250210,44.57,44.57,44.57,44.57,20
ONEX.TO,20250214,110.16,110.715,108.88,110.18,96336
OPT.TO,20250214,4.4,4.61,4.38,4.61,4200
OR.TO,20250214,28.85,29.06,27.87,27.95,268174
ORA.TO,20250214,22.1,22.33,21.78,22.3,23529
ORE.TO,20250214,0.88,0.89,0.84,0.86,253836
ORV.TO,20250214,0.36,0.365,0.33,0.365,19269
OSK.TO,20250214,0,0,0,0,0
OTEX.TO,20250214,40.7,40.74,40.22,40.25,758424
OVV.TO,20250214,61.9,63.16,61.9,62.55,104238
PAAS.TO,20250214,36.28,36.34,34.37,34.63,906684
PABF.TO,20250214,23.48,23.48,23.45,23.45,4375
PACF.TO,20250214,23.12,23.13,23.12,23.13,8000
PAGF.TO,20250214,24.85,24.85,24.82,24.85,2800
PAY.TO,20250214,3.85,3.88,3.85,3.85,217756
PAYF.TO,20250214,19.54,19.55,19.54,19.55,725
PAYS.TO,20250214,19.53,19.53,19.525,19.525,1800
PBD.TO,20250212,16.65,16.65,16.63,16.63,12400
PBH.TO,20250214,76.17,76.65,75.57,76.32,112682
PBI.TO,20250213,47.57,47.57,47.57,47.57,100
PBL.TO,20250214,25.9,26.37,25.49,26.35,11056
PCON.TO,20250214,18.05,18.05,18.05,18.05,1750
PCOR.TO,20250214,18.19,18.3,18.19,18.3,4600
PD.TO,20250214,78.97,79.3,77.02,77.47,185566
PDC.TO,20250214,34.26,34.26,34.1,34.1,1736
PDF.TO,20250214,33.72,33.73,33.4,33.42,2700
PDIV.TO,20250214,9.32,9.33,9.28,9.28,17727
PDV.TO,20250206,7.93,7.93,7.93,7.93,4
PEA.TO,20250214,0.26,0.26,0.25,0.26,24000
PET.TO,20250214,24.88,24.97,24.45,24.45,41786
PEY.TO,20250214,16.06,16.11,15.79,15.85,381186
PFAA.TO,20250214,11.99,11.99,11.9,11.92,16500
PFAE.TO,20250212,21.54,21.55,21.54,21.55,46
PFCB.TO,20250214,10.65,10.65,10.65,10.65,1200
PFIA.TO,20250214,10.07,10.1,10.06,10.095,26725
PFL.TO,20250214,19.48,19.51,19.48,19.49,7170
PFLS.TO,20250214,18.99,19.13,18.89,18.98,12471
PFMN.TO,20250214,15.6,15.6,15.48,15.52,33320
PFMS.TO,20250213,13.56,13.56,13.56,13.56,1600
PFSS.TO,20250211,9.38,9.38,9.38,9.38,248
PGIC.TO,20250214,6.97,7.08,6.82,6.99,21983
PHR.TO,20250213,18.77,18.77,18.77,18.77,2
PHW.TO,20241122,19.16,19.16,19.15,19.15,1000
PHX.TO,20250214,9.26,9.26,9.06,9.12,40252
PHYS.TO,20250214,32.16,32.16,31.55,31.68,146053
PID.TO,20250214,24.84,24.85,24.8,24.85,2500
PIF.TO,20250214,12.42,12.62,12.4,12.42,32399
PIN.TO,20250213,17.98,17.98,17.98,17.98,125
PINC.TO,20250214,18.36,18.36,18.31,18.31,600
PINV.TO,20250121,24.9,24.9,24.9,24.9,300
PKI.TO,20250214,38.44,38.585,37.93,38.41,599068
PLDI.TO,20250213,18.64,18.64,18.64,18.64,5101
PLV.TO,20250210,25.32,25.32,25.32,25.32,400
PME.TO,20250214,2.64,2.68,2.57,2.64,9303
PMET.TO,20250214,2.9,2.9,2.69,2.73,347327
PMIF.TO,20250214,17.91,18,17.91,17.99,127374
PMM.TO,20250214,24.36,24.36,24.33,24.33,600
PMNT.TO,20250213,19.09,19.09,19.09,19.09,100
PMT.TO,20250214,0,0,0,0,0
PNE.TO,20250214,0.87,0.87,0.85,0.85,12404
PNP.TO,20250214,12.54,13,12.38,12.81,5423
POU.TO,20250214,31.92,32.05,31.48,31.75,304716
POW.TO,20250214,47.45,47.68,47.04,47.62,2041019
PPL.TO,20250214,52.42,52.725,51.17,51.36,3665528
PPLN.TO,20250214,11.38,11.38,11.34,11.34,1550
PPR.TO,20250214,0.05,0.05,0.045,0.05,397539
PPTA.TO,20250214,17,17.1,13.03,13.13,451409
PR.TO,20250214,9.95,9.95,9.92,9.95,3004
PRA.TO,20250213,30.08,30.15,30.08,30.15,8
PRB.TO,20250214,2,2.02,1.93,1.94,97756
PREF.TO,20250214,10.9,11.02,10.9,11.02,23507
PRL.TO,20250214,36.44,36.76,35.23,35.76,204263
PRM.TO,20250214,13.59,13.59,13.12,13.12,1262
PRMW.TO,20241112,35.99,37.43,35.91,37.4,310478
PRN.TO,20250214,9.12,9.56,9.06,9.56,4590
PRQ.TO,20250214,1.35,1.35,1.33,1.35,56310
PRU.TO,20250214,2.51,2.55,2.49,2.51,7103
PRYM.TO,20250214,1.73,1.73,1.63,1.67,149650
PSA.TO,20250214,50.08,50.08,50.07,50.08,157439
PSB.TO,20250214,17.99,17.99,17.99,17.99,1730
PSD.TO,20250214,2.55,2.66,2.54,2.63,42476
PSI.TO,20250214,13.47,13.53,13.18,13.24,81925
PSK.TO,20250214,27.46,27.48,26.99,27.1,216835
PSLV.TO,20250214,15.94,15.97,15.43,15.47,246741
PTM.TO,20250214,2.15,2.15,1.9,1.98,81117
PWI.TO,20250214,9.14,9.2,9.14,9.17,2872
PXC.TO,20250214,42.76,42.76,42.76,42.76,200
PXS.TO,20250214,51.99,52.14,51.99,52.04,7200
PXT.TO,20250214,13.9,14.08,13.77,14.06,318427
PYF.TO,20250214,17.45,17.45,17.38,17.39,15128
PYR.TO,20250214,0.63,0.65,0.59,0.63,102034
PZA.TO,20250214,13.18,13.23,13.12,13.15,27174
PZW.TO,20250212,36.6,36.6,36.6,36.6,85
QAH.TO,20250214,201.89,201.89,201.64,201.82,300
QASH.TO,20250214,50.47,50.48,50.47,50.48,13079
QBB.TO,20250214,94.73,94.81,94.61,94.77,1545
QBTC.TO,20250214,137.05,140.58,137.05,139.01,10673
QBTL.TO,20250213,19.03,19.03,19.03,19.03,8100
QCE.TO,20250213,156.69,156.69,156.69,156.69,79
QCLN.TO,20250214,15.41,15.41,15.32,15.35,2713
QCN.TO,20250214,156.25,156.25,155.59,155.59,1717
QDX.TO,20250214,126.72,126.72,126.09,126.09,1787
QDXB.TO,20250214,89.29,89.29,88.76,89.2,420
QDXH.TO,20250214,140.94,140.94,140.94,140.94,100
QEBH.TO,20250213,78.36,78.37,78.36,78.37,80
QEBL.TO,20250213,76.5,76.5,76.5,76.5,100
QEC.TO,20250214,0.25,0.25,0.25,0.25,500
QEE.TO,20250214,98.93,98.93,98.78,98.78,607
QHY.TO,20250214,82.89,82.89,82.89,82.89,243
QIE.TO,20250214,34.06,34.06,34.06,34.06,1200
QINF.TO,20250214,141.66,141.66,141.66,141.66,100
QIPT.TO,20250214,4.22,4.25,4.18,4.23,8336
QLB.TO,20250212,103.92,103.97,103.92,103.97,1800
QMAX.TO,20250214,21.88,21.91,21.82,21.91,40404
QQC.TO,20250214,37.12,37.28,37.08,37.24,43007
QQCC.TO,20250214,13.33,13.44,13.33,13.43,13049
QQCE.TO,20250214,31.12,31.21,31.12,31.21,7800
QQCI.TO,20250214,22.98,23.1,22.97,23.1,9838
QQCL.TO,20250214,25.87,26,25.83,26,17202
QQEQ.TO,20250214,29.79,29.79,29.76,29.76,200
QQJE.TO,20250204,21.47,21.47,21.37,21.41,3
QQJR.TO,20250213,23.8,23.8,23.73,23.73,15
QQQL.TO,20250214,25.41,25.41,25.41,25.41,659
QQQT.TO,20250214,32.64,32.81,32.64,32.81,800
QQQX.TO,20250214,34.18,34.27,34.18,34.26,801
QQQY.TO,20250214,26.58,26.73,26.58,26.71,15255
QRC.TO,20250214,7.09,7.09,7.06,7.06,600
QRET.TO,20250213,114.84,114.84,114.84,114.84,100
QSB.TO,20250214,99.72,99.72,99.72,99.72,200
QSR.TO,20250214,92.67,93.45,89.59,91.45,955881
QTLT.TO,20250213,101.81,101.81,101.81,101.81,100
QTRH.TO,20250214,1.63,1.66,1.63,1.65,18822
QUB.TO,20250214,80.73,80.82,80.72,80.82,1400
QUIG.TO,20250210,85.06,85.06,85.06,85.06,115
QUS.TO,20250203,62.25,62.66,62.25,62.66,307
QUU.TO,20250213,249.8,250.1,249.56,250.1,210
QXM.TO,20250214,30.86,30.86,30.78,30.78,400
RAAA.TO,20250213,25.12,25.12,25.11,25.11,234
RATE.TO,20250214,21.12,21.18,21.12,21.18,12170
RBA.TO,20250214,135.86,136.89,134.8,136.43,142656
RBNK.TO,20250214,28.4,28.45,28.36,28.36,11529
RBO.TO,20250214,18.83,18.83,18.83,18.83,1100
RBOT.TO,20250214,32.07,32.07,31.95,32,1143
RBY.TO,20250214,1.93,2.05,1.93,1.97,7768
RCD.TO,20250214,30.24,30.24,29.96,29.96,250
RCDC.TO,20250213,21.52,21.52,21.52,21.52,19
RCG.TO,20250214,11.2,12.07,11,11.84,25043
RCH.TO,20250214,38.31,38.46,37.88,38.03,65635
RDBH.TO,20250214,20.66,20.66,20.42,20.42,12700
REAL.TO,20250214,6.02,6.18,6.02,6.13,10694
RGQN.TO,20250213,20.6,20.6,20.6,20.6,813
RGQO.TO,20250214,20.73,20.73,20.72,20.72,8401
RGQP.TO,20250213,20.55,20.55,20.55,20.55,71
RGQQ.TO,20250213,20.39,20.39,20.39,20.39,713
RGQR.TO,20250207,20.4,20.4,20.37,20.37,48
RGQS.TO,20250214,21.42,21.42,21.42,21.42,100
RID.TO,20250214,28.07,28.07,27.97,27.97,800
RIDH.TO,20250214,30.4,30.41,30.4,30.41,1500
RIFI.TO,20250212,18.02,18.02,18.01,18.01,1000
RIGE.TO,20250205,23.03,23.05,23.03,23.05,400
RIIN.TO,20250213,21.19,21.23,21.18,21.23,700
RIRA.TO,20250214,18.19,18.19,18.19,18.19,200
RIT.TO,20250214,15.71,15.75,15.63,15.64,30344
RLB.TO,20250214,18.87,18.87,18.87,18.87,100
RMAX.TO,20250214,16.98,16.98,16.875,16.875,21204
ROOT.TO,20250214,2.52,2.54,2.51,2.54,701
RPD.TO,20250213,27.01,27.01,27.01,27.01,34
RPDH.TO,20250213,27.83,27.83,27.77,27.77,800
RPF.TO,20250214,22.18,22.2,22.11,22.12,1593
RPSB.TO,20250212,0,20.09,20.09,20.09,0
RQN.TO,20250214,20.53,20.55,20.53,20.535,6034
RQO.TO,20250214,18.8,18.82,18.8,18.81,7093
RQP.TO,20250214,18.39,18.39,18.37,18.37,9780
RQQ.TO,20250214,22.1,22.11,22.09,22.09,9020
RQR.TO,20250214,22.1,22.11,22.07,22.09,13800
RQS.TO,20250214,21.45,21.46,21.43,21.46,11400
RS.TO,20250214,9.89,10.04,9.88,10,47719
RSI.TO,20250214,5.48,5.51,5.45,5.5,578400
RTG.TO,20250214,0.03,0.03,0.02,0.025,18005
RUBH.TO,20250214,21.19,21.19,21.19,21.19,459
RUBY.TO,20250214,26.36,26.45,26.36,26.44,605
RUD.TO,20250214,25.7,25.73,25.7,25.73,8691
RUDB.TO,20250214,21.8,21.81,21.8,21.81,1600
RUDC.TO,20250213,22.93,22.93,22.92,22.92,640
RUDH.TO,20250214,25.68,25.68,25.68,25.68,1000
RUP.TO,20250214,4.93,5,4.8,4.82,41244
RUQN.TO,20250214,21.16,21.16,21.16,21.16,100
RUQO.TO,20250210,21.48,21.49,21.48,21.49,64
RUQP.TO,20250212,21.33,21.33,21.33,21.33,163
RUQQ.TO,20250214,21.39,21.39,21.39,21.39,1102
RUQR.TO,20250213,21.37,21.37,21.37,21.37,40
RUQS.TO,20250214,21.59,21.59,21.57,21.57,900
RUS.TO,20250214,41.5,43.29,41.46,42.85,223760
RUSB.TO,20250214,21.94,21.94,21.88,21.88,850
RVX.TO,20250214,0.05,0.05,0.05,0.05,95000
RXD.TO,20250214,22.15,22.15,22.15,22.15,250
RY.TO,20250214,169.66,169.95,168.51,168.67,2850978
S.TO,20250214,0.18,0.185,0.18,0.185,62997
SAM.TO,20250214,0.135,0.145,0.135,0.145,18500
SAP.TO,20250214,24.35,24.8,24.305,24.33,720477
SAU.TO,20250212,0.08,0.08,0.08,0.08,4000
SBC.TO,20250214,9.66,9.75,9.66,9.73,10059
SBI.TO,20250214,2.58,2.6,2.53,2.54,6314
SBT.TO,20250214,17.18,17.18,16.9,16.9,3192
SCR.TO,20250214,27.18,27.29,26.87,27.04,19846
SCY.TO,20250203,0.03,0.035,0.03,0.035,330849
SDE.TO,20250214,3.73,3.745,3.65,3.69,148848
SEA.TO,20250214,17.74,17.74,15.9,16,575268
SEC.TO,20250212,400,400,400,400,121
SES.TO,20250214,14.92,14.92,14.605,14.71,704189
SFC.TO,20250214,8.02,8.17,8.01,8.075,8730
SFD.TO,20250213,0.2,0.2,0.2,0.2,17000
SFI.TO,20250214,0.29,0.29,0.29,0.29,10000
SFTC.TO,20250214,24.4,24.42,24.38,24.42,54034
SGLD.TO,20250207,0.24,0.24,0.22,0.22,27500
SGNL.TO,20241216,0.09,0.09,0.085,0.085,46747
SGY.TO,20250214,5.56,5.61,5.45,5.49,378895
SHLE.TO,20250214,13.28,13.28,12.84,12.88,19253
SHOP.TO,20250214,179.19,182.14,175.45,181.92,1732518
SIA.TO,20250214,15.85,16.03,15.72,15.78,124266
SII.TO,20250214,63.11,63.11,60.6,60.83,21123
SIL.TO,20250214,16.69,16.69,14.12,15.01,4836566
SIS.TO,20250214,18.11,18.16,17.9,17.96,107702
SJ.TO,20250214,69.02,69.76,68.25,68.46,91062
SKE.TO,20250214,15.5,16.15,15.315,15.37,343194
SKYY.TO,20250214,32.19,32.2,32.05,32.16,618
SLF.TO,20250214,78.46,78.69,77.5,78.2,3740410
SLR.TO,20250214,1.09,1.12,1.08,1.1,12937
SLS.TO,20250214,5.9,5.9,5.59,5.66,241296
SMAX.TO,20250214,20.45,20.45,20.36,20.375,32358
SMC.TO,20250203,0.01,0.01,0.01,0.01,1
SMT.TO,20250214,0.86,0.86,0.82,0.83,125817
SOBO.TO,20250214,35.81,35.89,35.03,35.15,685233
SOIL.TO,20250214,2.13,2.15,2.07,2.08,89575
SOLG.TO,20250214,0.13,0.13,0.125,0.125,436719
SOY.TO,20250214,10.65,10.84,10.6,10.84,21661
SPAY.TO,20250214,27.3,27.33,27.27,27.31,10878
SPB.TO,20250214,6.1,6.13,5.975,6.01,632838
SPLT.TO,20250214,11.38,11.38,11.26,11.32,137067
SPPP.TO,20250214,14.05,14.05,13.92,13.97,6270
SSL.TO,20250214,9.38,9.46,9.03,9.04,173816
SSRM.TO,20250214,13.38,13.38,12.86,12.96,356135
STC.TO,20250214,8.88,9.14,8.85,9.13,4038
STCK.TO,20250214,12.01,12.01,11.76,11.89,1639
STEP.TO,20250214,4.44,4.5,4.41,4.46,10105
STGO.TO,20250214,0.8,0.8,0.73,0.75,183377
STLC.TO,20250214,0,0,0,0,0
STLR.TO,20250214,1.14,1.18,1.14,1.15,219450
STN.TO,20250214,110.73,111.01,109.37,109.56,196656
STPL.TO,20250214,23.75,23.75,23.58,23.58,11142
SU.TO,20250214,56.92,57.17,55.855,56.05,7802082
SVA.TO,20250214,0.2,0.205,0.195,0.2,119100
SVB.TO,20250214,0.2,0.22,0.19,0.2,107029
SVI.TO,20250214,3.77,3.78,3.7,3.71,187949
SVM.TO,20250214,5.21,5.45,5.1,5.16,1062754
SVR.TO,20250214,15.93,15.99,15.58,15.58,22717
SWP.TO,20250214,3.49,3.5,3.46,3.46,3139
SXI.TO,20250214,1.6,1.6,1.54,1.54,300
SXP.TO,20250214,3.7,3.72,3.57,3.6,7703
SYLD.TO,20250214,19.32,19.32,19.32,19.32,193
SYZ.TO,20250214,9.79,9.8,9.49,9.5,27770
T.TO,20250214,21.72,21.915,21.66,21.8,3903034
TA.TO,20250214,14.77,15.01,14.7,14.89,1000048
TAL.TO,20250214,0.69,0.71,0.69,0.71,535723
TBAL.TO,20250214,19.53,19.53,19.47,19.47,11900
TBCE.TO,20250214,25.55,25.55,25.54,25.54,5500
TBCF.TO,20250214,25.9,25.9,25.87,25.88,4500
TBCG.TO,20250214,26.06,26.06,26.04,26.04,2300
TBIL.TO,20250214,50.06,50.06,50.05,50.06,5525
TBL.TO,20250214,3.98,3.99,3.94,3.95,3100
TBNK.TO,20250214,30.13,30.16,29.99,29.99,5758
TC.TO,20250214,21.36,28.66,21.36,27.11,43565
TCBN.TO,20250213,42.15,42.15,41.96,41.96,650
TCLB.TO,20250214,121.21,121.21,120.97,121,669
TCLV.TO,20250213,22.54,22.54,22.51,22.52,5210
TCON.TO,20250214,15.76,15.79,15.76,15.76,10700
TCS.TO,20250214,46.09,46.58,45.8,46.57,156946
TCSB.TO,20250214,14.76,14.8,14.76,14.79,3700
TCSH.TO,20250214,50.12,50.12,50.1,50.12,19666
TCW.TO,20250214,4.57,4.57,4.475,4.5,277929
TD.TO,20250214,85.03,85.375,84.62,84.64,4894181
TDB.TO,20250214,13.19,13.22,13.18,13.2,108161
TDOC.TO,20250214,18.98,18.98,18.785,18.785,9993
TEC.TO,20250214,46.9,47.21,46.89,47.17,49696
TECH.TO,20250214,18.58,18.7,18.57,18.7,6345
TECI.TO,20250214,9.87,9.87,9.81,9.84,630
TECX.TO,20250214,30.66,30.66,30.66,30.66,200
TERM.TO,20250214,9.75,9.75,9.73,9.73,9340
TF.TO,20250214,6.85,6.88,6.78,6.79,189399
TFII.TO,20250214,184.53,185.21,182.26,182.5,114930
TFPM.TO,20250214,24.71,24.71,24.18,24.32,111857
TGAF.TO,20250214,24.54,24.54,24.54,24.54,533
TGED.TO,20250214,27.9,27.94,27.85,27.93,62823
TGFI.TO,20250214,20.32,20.33,20.32,20.33,1300
TGGR.TO,20250214,29.06,29.07,29,29,2106
TGO.TO,20250214,1.27,1.27,1.15,1.23,5805
TGRE.TO,20250214,15.45,15.47,15.39,15.39,2103
TGRO.TO,20250214,23.85,23.85,23.75,23.76,11124
TH.TO,20250214,2.7,2.75,2.36,2.49,250338
THNC.TO,20250214,3.15,3.21,3.15,3.2,4856
THU.TO,20250214,40.66,40.66,40.62,40.62,1003
TI.TO,20250214,0.28,0.28,0.26,0.27,97000
TIH.TO,20250214,122.91,123.49,120.69,121.1,99218
TILV.TO,20250214,17.11,17.11,17.11,17.11,300
TINF.TO,20250214,21.91,22.04,21.87,21.87,8875
TIPS.TO,20250214,30.73,30.73,30.73,30.73,100
TIXT.TO,20250214,5.54,5.67,5.28,5.33,312532
TKN.TO,20250213,23.62,23.75,23.62,23.75,4300
TKO.TO,20250214,3.14,3.18,3.05,3.09,415012
TLF.TO,20250214,25.75,25.78,25.69,25.76,6450
TLG.TO,20250214,0.37,0.37,0.345,0.345,394426
TLO.TO,20250214,0.08,0.085,0.08,0.085,1710634
TLRY.TO,20250214,1.35,1.375,1.31,1.32,823760
TLV.TO,20250213,33.57,33.57,33.57,33.57,58
TMD.TO,20250214,0,0,0,0,0
TMQ.TO,20250214,1.8,1.9,1.79,1.9,39900
TNZ.TO,20250214,16.14,16.49,15.6,15.83,44927
TOT.TO,20250214,11.34,11.34,11.14,11.23,40441
TOU.TO,20250214,68.82,68.82,67.21,67.58,1402319
TOWR.TO,20250213,28.65,28.65,28.65,28.65,300
TOY.TO,20250214,30.18,30.18,29.96,30.11,56709
TPE.TO,20250214,23.82,23.86,23.75,23.75,12466
TPRF.TO,20250214,11.27,11.35,11.27,11.32,700
TPU.TO,20250214,49.32,49.34,49.23,49.29,52362
TPZ.TO,20250214,25.96,25.96,25.245,25.33,218354
TQCD.TO,20250214,19.8,19.81,19.725,19.75,106585
TQGD.TO,20250214,20.71,20.72,20.65,20.69,47800
TQGM.TO,20250214,19.85,19.88,19.85,19.88,2100
TQSM.TO,20250214,25.17,25.28,25.03,25.06,29188
TRI.TO,20250214,255.11,255.11,246.19,246.24,320381
TRP.TO,20250214,66.46,66.79,64.47,65.14,5869616
TRVI.TO,20250214,22.45,22.45,22.36,22.4,3600
TRVL.TO,20250214,32.04,32.26,32.04,32.26,1647
TRX.TO,20250214,0.45,0.45,0.445,0.445,2630
TRZ.TO,20250214,1.79,1.79,1.76,1.78,28434
TSAT.TO,20250214,33.15,33.15,30.11,30.53,5612
TSK.TO,20250214,0.465,0.48,0.465,0.475,198722
TSL.TO,20250214,2.93,2.95,2.92,2.95,11004
TSND.TO,20250214,0.91,0.92,0.83,0.83,54240
TSU.TO,20250214,35.92,36.7,35.44,36.19,258167
TTNM.TO,20250214,1.63,1.77,1.63,1.68,93831
TTP.TO,20250214,29.41,29.43,29.16,29.18,29382
TTTX.TO,20250214,24.67,24.67,24.67,24.67,200
TUED.TO,20250214,31.51,31.66,31.51,31.65,53319
TUEX.TO,20250214,27.79,27.83,27.79,27.83,800
TUHY.TO,20250214,20.89,20.91,20.89,20.91,600
TULB.TO,20250214,115,115,114.94,115,6345
TULV.TO,20250214,22.55,22.55,22.43,22.43,1047
TUSB.TO,20250214,14.53,14.53,14.53,14.53,202
TVE.TO,20250214,4.55,4.55,4.44,4.45,1912510
TVK.TO,20250214,118.83,119.97,117.8,119.25,91124
TWC.TO,20250214,17.87,17.87,17.75,17.75,9600
TWM.TO,20250214,0.18,0.18,0.165,0.165,642669
TXF.TO,20250214,22.09,22.24,22.09,22.22,14109
TXG.TO,20250214,34.23,34.86,33.49,33.5,282751
TXP.TO,20250214,0.42,0.425,0.41,0.415,50500
UDA.TO,20250213,16.53,16.53,16.39,16.41,2584
UDEF.TO,20250124,10.11,10.19,10.11,10.19,400
UDIV.TO,20250214,13.32,13.43,13.32,13.38,16500
UMAX.TO,20250214,14.1,14.1,13.95,13.96,189359
UMI.TO,20250214,34.47,34.47,34.32,34.32,400
UNC.TO,20250214,126.01,128,126.01,126.5,1955
UNI.TO,20250214,1.44,1.44,1.42,1.42,1400
URB.TO,20250214,6.27,6.27,6.15,6.26,4945
URC.TO,20250214,3.31,3.32,3.135,3.16,91372
URE.TO,20250214,1.43,1.43,1.365,1.39,97472
USA.TO,20250214,0.81,0.84,0.77,0.77,1417091
USCC.TO,20250214,20.32,20.32,20.3,20.32,1493
USCL.TO,20250214,24.22,24.25,24.19,24.23,32862
USSL.TO,20250212,24.87,24.87,24.81,24.81,1
USSX.TO,20250214,33.03,33.03,33.03,33.03,811
UTES.TO,20250214,9.23,9.27,9.14,9.14,70579
UTIL.TO,20250214,21.66,21.66,21.46,21.46,2515
VA.TO,20250214,40.05,40.05,40.05,40.05,733
VAB.TO,20250214,23.33,23.37,23.31,23.34,106283
VALT.TO,20250214,35.8,35.8,35.59,35.59,1069
VBAL.TO,20250214,34.16,34.16,34.06,34.07,96651
VBNK.TO,20250214,19.56,19.56,19.23,19.44,12212
VCB.TO,20250214,24.35,24.36,24.34,24.36,6468
VCE.TO,20250214,57.04,57.04,56.53,56.54,11644
VCIP.TO,20250214,26.52,26.56,26.5,26.52,2276
VCM.TO,20250214,11.01,11.79,11.01,11.75,2039
VCN.TO,20250214,52.79,52.79,52.33,52.35,87931
VCNS.TO,20250214,29.97,29.99,29.95,29.96,8127
VDU.TO,20250214,46.17,46.17,45.91,45.91,12233
VDY.TO,20250214,49.78,49.89,49.35,49.38,130528
VE.TO,20250214,38.75,38.79,38.62,38.63,2777
VEE.TO,20250214,39.02,39.12,38.95,39.11,36741
VEF.TO,20250214,59.45,59.45,59.2,59.21,3051
VEQT.TO,20250214,46.98,46.98,46.83,46.85,161472
VET.TO,20250214,12.84,13.13,12.63,12.77,769027
VFV.TO,20250214,153.8,154.02,153.68,153.85,159836
VGG.TO,20250214,98.78,98.78,98.32,98.38,15041
VGH.TO,20250214,66.38,66.39,66.06,66.06,2769
VGRO.TO,20250214,38.66,38.68,38.58,38.59,194154
VGV.TO,20250214,22.81,22.81,22.77,22.77,6813
VGZ.TO,20250214,0.99,0.99,0.93,0.93,33918
VHI.TO,20250214,11.35,11.44,11.25,11.4,45225
VI.TO,20250214,41.54,41.55,41.51,41.54,17606
VIDY.TO,20250214,33.58,33.63,33.48,33.53,30697
VIU.TO,20250214,36.64,36.67,36.57,36.59,55283
VLB.TO,20250214,21.46,21.54,21.46,21.47,4787
VLE.TO,20250214,8.34,8.35,8.17,8.24,359904
VLN.TO,20250214,14.41,15.25,14.35,15.09,20014
VMO.TO,20250214,68.1,68.2,68,68.18,27777
VNP.TO,20250214,7.57,7.59,7.26,7.31,75139
VOXR.TO,20250214,3.64,3.69,3.58,3.6,1700
VQS.TO,20250214,0.26,0.26,0.24,0.26,91500
VRE.TO,20250214,31.55,31.72,31.53,31.6,2954
VRIF.TO,20250214,25.22,25.25,25.22,25.24,5425
VRN.TO,20250214,7.46,7.58,7.36,7.42,1834708
VRTS.TO,20250214,0.02,0.03,0.02,0.025,1277600
VSB.TO,20250214,23.41,23.41,23.4,23.41,24193
VSC.TO,20250214,24.16,24.19,24.16,24.16,23964
VSP.TO,20250214,98.73,98.85,98.59,98.71,29769
VUN.TO,20250214,116.38,116.39,116.12,116.28,54587
VUS.TO,20250214,106.53,106.71,106.53,106.62,5103
VVL.TO,20250214,53.6,53.71,53.59,53.61,5863
VVO.TO,20250214,37.9,37.9,37.9,37.9,100
VVSG.TO,20250214,50.34,50.35,50.33,50.35,8001
VXC.TO,20250214,66.75,66.81,66.73,66.75,28251
VXM.TO,20250210,35.18,35.18,35.18,35.18,24
WCN.TO,20250214,270.07,271.31,266.97,267.86,390613
WCP.TO,20250214,9.75,9.8,9.67,9.72,1185515
WDO.TO,20250214,14.85,14.85,14.26,14.27,589893
WEED.TO,20250214,2.73,2.79,2.62,2.68,909839
WEF.TO,20250214,0.425,0.48,0.425,0.47,1687902
WELL.TO,20250214,6.03,6.08,5.96,6.08,511798
WFC.TO,20250214,14.14,14.14,13.96,13.96,300
WFG.TO,20250214,114.18,116.41,112.96,113.01,225923
WGX.TO,20250214,2.22,2.25,2.15,2.16,339754
WILD.TO,20250214,1.93,1.96,1.87,1.9,99853
WJX.TO,20250214,20.21,20.33,20.02,20.11,56140
WLLW.TO,20250214,0.03,0.03,0.025,0.025,108000
WM.TO,20250214,0.07,0.07,0.07,0.07,449999
WN.TO,20250214,224.88,225.94,221.78,222.17,61714
WNDR.TO,20250214,0.27,0.27,0.25,0.255,1658722
WOMN.TO,20250213,39.7,39.7,39.7,39.7,500
WPK.TO,20250214,42.89,42.91,42.4,42.57,27814
WPM.TO,20250214,98.46,98.49,95.38,95.71,628142
WPRT.TO,20250214,6.35,6.6,6.25,6.47,9186
WRG.TO,20250213,2.5,2.5,2.5,2.5,25857
WRN.TO,20250214,1.57,1.6,1.55,1.56,45375
WRX.TO,20250214,0.045,0.045,0.045,0.045,1000
WSP.TO,20250214,258.85,258.97,249.18,249.23,260736
WSRD.TO,20250214,31.36,31.39,31.31,31.39,817
WSRI.TO,20250214,44.6,44.6,44.37,44.37,1510
WTE.TO,20250214,24.42,24.62,24.11,24.21,102901
WXM.TO,20250214,33.58,33.58,33.39,33.43,11719
X.TO,20250214,50.8,51.05,50.42,50.63,387490
XAD.TO,20250214,71.4,71.4,70.34,70.41,1314
XAGG.TO,20250214,38.36,38.36,38.3,38.3,3500
XAGH.TO,20250213,32.87,32.89,32.86,32.89,836
XAM.TO,20250214,0.05,0.06,0.045,0.055,79278
XAU.TO,20250214,8.74,8.74,8.39,8.39,4995
XAW.TO,20250214,46.34,46.34,46.26,46.3,34341
XBAL.TO,20250214,30.95,30.95,30.9,30.9,53027
XBB.TO,20250214,28.62,28.64,28.58,28.6,110591
XBM.TO,20250214,20.71,20.8,20.44,20.45,7874
XCB.TO,20250214,20.3,20.35,20.3,20.3,53924
XCBG.TO,20250214,37.96,37.96,37.93,37.93,2700
XCBU.TO,20250207,36.65,36.65,36.65,36.65,95
XCD.TO,20250214,62.69,62.69,62.69,62.69,261
XCG.TO,20250214,59.48,59.48,58.94,58.94,2784
XCH.TO,20250214,23.66,23.7,23.44,23.63,51734
XCHP.TO,20250214,54.85,55.04,54.83,54.86,1103
XCLN.TO,20250213,26.47,26.47,26.46,26.46,7
XCNS.TO,20250214,24.02,24.02,23.99,23.99,10733
XCS.TO,20250214,21.37,21.37,21.06,21.08,2569
XCSR.TO,20250214,79.04,79.04,78.62,78.62,2412
XCV.TO,20250214,40,40,39.87,39.87,203
XDG.TO,20250214,28.05,28.1,28.01,28.02,9698
XDGH.TO,20250214,27.63,27.63,27.5,27.5,664
XDIV.TO,20250214,30.64,30.7,30.36,30.36,120155
XDNA.TO,20250207,33.34,33.36,33.34,33.36,9
XDRV.TO,20250212,41.32,41.32,41.32,41.32,44
XDSR.TO,20250214,61.88,61.88,61.8,61.83,303
XDU.TO,20250214,32.29,32.41,32.23,32.23,5639
XDUH.TO,20250214,27.82,27.82,27.82,27.82,100
XDV.TO,20250214,31.73,31.84,31.68,31.71,37138
XEB.TO,20250214,15.91,15.91,15.91,15.91,1123
XEC.TO,20250214,30.1,30.14,29.98,30.13,49888
XEF.TO,20250214,40.34,40.38,40.235,40.25,104696
XEG.TO,20250214,17.5,17.57,17.25,17.3,1593397
XEH.TO,20250214,35.01,35.01,34.95,34.96,14859
XEI.TO,20250214,27.3,27.39,27.08,27.11,94521
XEM.TO,20250214,34.66,34.67,34.61,34.67,3511
XEMC.TO,20250214,47.89,48.05,47.89,48.02,556
XEN.TO,20250214,38.97,38.97,38.65,38.65,393
XEQT.TO,20250214,35.1,35.1,34.96,34.97,351056
XESG.TO,20250214,31.2,31.2,31.05,31.09,2504
XETM.TO,20250213,41.11,41.11,41.11,41.11,66
XEU.TO,20250214,32.57,32.6,32.57,32.59,1746
XEXP.TO,20250211,53.6,53.6,53.59,53.59,20
XFH.TO,20250214,33.99,33.99,33.9,33.92,9863
XFLB.TO,20250214,48.97,48.97,48.97,48.97,101
XFLI.TO,20250214,41.3,41.31,41.3,41.3,1700
XFLX.TO,20250214,39.19,39.19,39.19,39.19,880
XFN.TO,20250214,60.54,60.74,60.51,60.54,58705
XFR.TO,20250214,20.06,20.08,20.06,20.08,34590
XGB.TO,20250214,19.6,19.65,19.6,19.62,31012
XGD.TO,20250214,26.25,26.25,25.28,25.295,590952
XGI.TO,20250214,55.49,55.6,55.49,55.6,287
XGRO.TO,20250214,31.4,31.42,31.34,31.36,83905
XHAK.TO,20250214,54.67,54.75,54.67,54.75,200
XHB.TO,20250214,19.93,19.94,19.92,19.94,2136
XHC.TO,20250214,68.69,68.84,68.13,68.13,8845
XHD.TO,20250214,34.49,34.49,34.28,34.28,2142
XHU.TO,20250214,34.02,34.02,33.77,33.77,1071
XHY.TO,20250214,16.82,16.86,16.8,16.82,22125
XIC.TO,20250214,41.05,41.1,40.7,40.71,192581
XID.TO,20250214,53.12,53.12,53.01,53.01,3354
XIG.TO,20250214,19.74,19.78,19.73,19.73,2875
XIGS.TO,20250214,37.27,37.27,37.245,37.245,2800
XIN.TO,20250214,38.33,38.37,38.24,38.26,9463
XINC.TO,20250214,20.71,20.73,20.71,20.72,2942
XIT.TO,20250214,76.9,77.13,76.85,77.01,6753
XIU.TO,20250214,39.19,39.21,38.84,38.87,4008778
XLB.TO,20250214,19.62,19.69,19.6,19.63,91049
XLVE.TO,20241205,7.79,7.79,7.79,10.077526,300
XLY.TO,20250214,0.05,0.06,0.05,0.06,510920
XMA.TO,20250214,24.21,24.21,23.57,23.59,5639
XMC.TO,20250214,34.85,34.85,34.66,34.69,59120
XMD.TO,20250214,38.96,39.07,38.76,38.76,28934
XMH.TO,20250214,28.7,28.7,28.5,28.52,6860
XMI.TO,20250214,40.25,40.25,40.18,40.19,1844
XML.TO,20250211,28.58,28.58,28.58,28.58,100
XMM.TO,20250214,29.89,29.89,29.89,29.89,500
XMS.TO,20250214,38.47,38.47,38.47,38.47,100
XMTM.TO,20250214,39.54,39.6,39.53,39.56,2815
XMU.TO,20250214,88.78,88.86,88.66,88.66,1135
XMV.TO,20250214,47.62,47.62,47.31,47.31,1605
XMW.TO,20250214,56.95,56.95,56.73,56.73,1192
XMY.TO,20250214,31.93,31.93,31.93,31.93,185
XPF.TO,20250214,15.49,15.5,15.46,15.5,2448
XQB.TO,20250214,19.25,19.25,19.21,19.21,28887
XQLT.TO,20250214,42.95,43,42.84,42.84,6024
XQQ.TO,20250214,55.17,55.42,55.12,55.36,150379
XQQU.TO,20250214,74.43,74.67,74.31,74.66,3889
XRB.TO,20250214,23.14,23.2,23.14,23.2,2301
XRE.TO,20250214,15,15.145,14.88,14.89,413758
XSAB.TO,20250214,18.38,18.38,18.365,18.37,13239
XSB.TO,20250214,26.98,26.98,26.95,26.96,41450
XSC.TO,20250214,17.98,17.98,17.98,17.98,1654
XSE.TO,20250214,18.1,18.1,18.1,18.1,775
XSEA.TO,20250214,27.67,27.67,27.54,27.56,930
XSEM.TO,20250214,22.08,22.16,22.06,22.16,8552
XSH.TO,20250214,19.13,19.13,19.11,19.13,24689
XSHG.TO,20250214,39.52,39.52,39.46,39.48,900
XSHU.TO,20250214,43.59,43.59,43.56,43.56,200
XSI.TO,20250214,17.19,17.19,17.19,17.19,100
XSMC.TO,20250214,33.38,33.48,33.15,33.2,5292
XSMH.TO,20250214,28.94,28.94,28.78,28.79,3600
XSP.TO,20250214,63.33,63.47,63.28,63.34,134269
XSPC.TO,20250214,44.46,44.46,44.38,44.38,1661
XST.TO,20250214,52.46,52.62,52.14,52.14,6062
XSTB.TO,20250214,19.84,19.84,19.84,19.84,2000
XSTH.TO,20250214,37.57,37.57,37.55,37.55,5655
XSTP.TO,20250214,43.57,43.58,43.5,43.53,12300
XSU.TO,20250214,43.69,43.85,43.43,43.5,129748
XSUS.TO,20250214,45.71,45.83,45.71,45.77,306
XTC.TO,20250214,6.6,6.65,6.57,6.61,23668
XTD.TO,20250214,3.75,3.75,3.64,3.65,13347
XTG.TO,20250214,2.07,2.08,1.95,2.05,30400
XTLH.TO,20250214,33.21,33.32,33.14,33.16,49245
XTLT.TO,20250214,35.95,35.99,35.8,35.82,5151
XTR.TO,20250214,11.41,11.41,11.37,11.37,8925
XTRA.TO,20250214,0.495,0.51,0.485,0.485,49419
XUH.TO,20250214,50.29,50.33,50.24,50.24,1485
XUS.TO,20250214,53.69,53.76,53.65,53.7,66325
XUSC.TO,20250214,46.68,46.68,46.46,46.49,2650
XUSF.TO,20250214,78.84,78.97,78.69,78.73,2096
XUSR.TO,20250214,94.31,94.31,94,94,407
XUT.TO,20250214,27.91,28.07,27.86,27.88,170356
XUU.TO,20250214,64.05,64.12,63.99,64.06,24153
XVLU.TO,20250214,29.84,29.85,29.77,29.77,7100
XWD.TO,20250214,99.52,99.65,99.48,99.51,5297
Y.TO,20250214,11.32,11.32,11,11.01,2700
YCM.TO,20250212,3.86,3.86,3.76,3.76,500
YGR.TO,20250214,1.03,1.03,1.02,1.02,26300
YRB.TO,20250214,0.04,0.04,0.04,0.04,5000
ZACE.TO,20250214,50.96,50.96,50.84,50.95,1700
ZAG.TO,20250214,14.01,14.04,14,14.015,399772
ZBAL.TO,20250214,41.51,41.51,41.27,41.29,3122
ZBBB.TO,20250214,28.88,28.94,28.88,28.94,700
ZBI.TO,20250214,30.59,30.59,30.59,30.59,6500
ZBK.TO,20250214,38.96,39.31,38.96,39.25,9341
ZCB.TO,20250214,47.73,47.78,47.7,47.76,1700
ZCDB.TO,20250214,30.79,30.82,30.77,30.77,1100
ZCH.TO,20250214,17.81,18,17.81,17.995,58195
ZCLN.TO,20250214,12.19,12.19,12.19,12.19,999
ZCM.TO,20250214,15.7,15.7,15.69,15.69,3800
ZCN.TO,20250214,34.46,34.46,34.14,34.14,88766
ZCON.TO,20250214,35.98,35.98,35.98,35.98,105
ZCPB.TO,20250214,28.37,28.37,28.37,28.37,1707
ZCS.TO,20250214,13.99,13.99,13.98,13.98,10998
ZDB.TO,20250214,15.26,15.26,15.22,15.24,10076
ZDH.TO,20250214,28.4,28.4,28.4,28.4,205
ZDI.TO,20250214,25.12,25.12,25.07,25.07,334
ZDJ.TO,20250214,68.87,68.87,68.54,68.63,4779
ZDM.TO,20250214,31.57,31.57,31.47,31.47,5466
ZDV.TO,20250214,22.58,22.6,22.395,22.405,26165
ZDY.TO,20250214,47.85,47.9,47.6,47.625,5823
ZEA.TO,20250214,24.74,24.74,24.6,24.6,18967
ZEAT.TO,20250210,25.98,25.98,25.98,25.98,40
ZEB.TO,20250214,42.16,42.3,42.03,42.07,777431
ZEF.TO,20250214,12.34,12.35,12.34,12.35,500
ZEM.TO,20250214,22.2,22.26,22.14,22.26,45298
ZEO.TO,20250214,74.69,74.69,73.16,73.3,9715
ZEQ.TO,20250214,32.06,32.06,31.78,31.88,11447
ZEQT.TO,20250214,54,54,53.7,53.72,13955
ZESG.TO,20250214,39.1,39.1,38.9,38.9,2254
ZFC.TO,20250212,47.115,47.115,47.115,47.115,20
ZFH.TO,20250214,15.12,15.12,15.11,15.115,8051
ZFL.TO,20250214,13.13,13.19,13.12,13.145,29608
ZFM.TO,20250214,14.87,14.89,14.855,14.86,8956
ZFN.TO,20250214,60.16,60.24,60.08,60.13,5100
ZFS.TO,20250214,13.9,13.92,13.89,13.9,16334
ZGB.TO,20250214,46.35,46.43,46.35,46.43,226
ZGD.TO,20250214,124.34,124.34,119.58,119.58,10788
ZGI.TO,20250214,51.19,51.21,50.76,50.76,3519
ZGLD.TO,20250214,44.61,44.61,43.9,44.03,13561
ZGLH.TO,20250214,41.5,41.5,40.71,40.71,5869
ZGQ.TO,20250214,72.86,72.92,72.67,72.7,4782
ZGRN.TO,20250211,41.1,41.22,41.1,41.22,13
ZGRO.TO,20250214,47.46,47.46,47.18,47.18,1837
ZGSB.TO,20250214,27.39,27.41,27.39,27.41,300
ZHP.TO,20250214,18.18,18.26,18.16,18.26,1300
ZHU.TO,20250214,43.44,43.44,43.44,43.44,100
ZHY.TO,20250214,11.23,11.27,11.23,11.24,11111
ZIC.TO,20250213,18.37,18.37,18.32,18.32,60
ZID.TO,20250214,46.66,46.66,46.385,46.39,7900
ZIN.TO,20250213,40.6,40.6,40.56,40.56,627
ZIU.TO,20250213,59.43,59.43,59.43,59.43,31
ZJG.TO,20250214,108.86,108.86,104.86,104.86,698
ZJK.TO,20250214,19.21,19.31,19.21,19.29,12995
ZJPN.TO,20250214,36.49,36.49,36.36,36.36,500
ZLB.TO,20250214,48.69,48.75,48.36,48.37,30678
ZLC.TO,20250214,15.57,15.66,15.57,15.62,12984
ZLD.TO,20250213,29.31,29.31,29.31,29.31,15
ZLE.TO,20250214,19.2,19.21,19.2,19.21,200
ZLH.TO,20250214,34.98,34.98,34.89,34.9,1300
ZLI.TO,20250213,27.11,27.11,27.11,27.11,100
ZLSC.TO,20250213,36.93,37.08,36.93,37.08,270
ZLSU.TO,20250214,43.29,43.29,42.97,42.97,1661
ZLU.TO,20250214,56.3,56.31,55.78,55.78,11354
ZMBS.TO,20250214,30.47,30.47,30.43,30.43,1500
ZMI.TO,20250214,17.76,17.76,17.73,17.76,18346
ZMID.TO,20250214,48.71,48.71,48.5,48.5,801
ZMMK.TO,20250214,50,50.02,49.99,50.01,200727
ZMP.TO,20250214,14.145,14.145,14.125,14.13,3623
ZMSB.TO,20250212,28.77,28.77,28.77,28.77,292
ZMT.TO,20250206,67.5,68,67.5,68,96
ZMU.TO,20250214,12.63,12.63,12.6,12.61,6833
ZNQ.TO,20250214,100.72,101.32,100.7,101.23,4127
ZPAY.TO,20250214,33.25,33.27,33.17,33.18,7311
ZPH.TO,20250214,14.66,14.67,14.65,14.65,1627
ZPL.TO,20250214,12.6,12.66,12.6,12.6,7950
ZPR.TO,20250214,11.13,11.18,11.115,11.18,93931
ZPS.TO,20250214,12.41,12.43,12.4,12.4,7570
ZPW.TO,20250214,16.29,16.29,16.25,16.25,5715
ZQB.TO,20250213,29.21,29.23,29.21,29.22,1000
ZQQ.TO,20250214,153.06,153.8,153,153.67,23870
ZRE.TO,20250214,20.85,21.08,20.8,20.81,38618
ZRR.TO,20250214,14.64,14.66,14.63,14.64,5902
ZSB.TO,20250214,48.9,48.9,48.9,48.9,122
ZSDB.TO,20250214,30.98,31.01,30.98,31.01,11737
ZSML.TO,20250214,44.47,44.47,44.13,44.13,417
ZSP.TO,20250214,94.79,94.93,94.73,94.81,125786
ZST.TO,20250214,49.02,49.02,49.01,49.02,47586
ZSU.TO,20250214,13.36,13.37,13.36,13.37,1400
ZTIP.TO,20250214,33.03,33.03,33.03,33.03,100
ZUAG.TO,20250214,31.67,31.88,31.67,31.88,1115
ZUB.TO,20250214,34.23,34.49,34.15,34.39,82640
ZUCM.TO,20250214,31.4,31.53,31.4,31.53,2758
ZUD.TO,20250214,31.87,31.87,31.69,31.69,14550
ZUE.TO,20250214,84.2,84.29,84.13,84.18,5043
ZUGE.TO,20250211,23.37,23.37,23.37,23.37,100
ZUH.TO,20250214,67.08,67.1,66.79,66.79,725
ZUP.TO,20250213,21.6,21.79,21.6,21.69,940
ZUQ.TO,20250214,91.95,92,91.75,91.78,4120
ZUT.TO,20250214,21.06,21.17,21.04,21.06,16799
ZUVE.TO,20250131,19.425,19.425,19.425,19.425,56
ZVC.TO,20250214,30.25,30.26,30.12,30.12,303
ZVU.TO,20250213,31.84,31.84,31.84,31.84,100
ZWA.TO,20250214,27.37,27.41,27.33,27.33,5015
ZWB.TO,20250214,19.66,19.815,19.66,19.72,93077
ZWC.TO,20250214,18.13,18.14,17.98,18.01,196446
ZWE.TO,20250214,21.39,21.39,21.24,21.29,10144
ZWEN.TO,20250214,29.53,29.62,29.27,29.27,5525
ZWG.TO,20250214,32.89,33.05,32.89,33.05,4472
ZWH.TO,20250214,24.96,24.96,24.85,24.87,10156
ZWHC.TO,20250214,29.91,29.91,29.7,29.7,1313
ZWK.TO,20250214,25.96,26.1,25.86,26.05,33996
ZWP.TO,20250214,18.95,18.95,18.87,18.9,16910
ZWQT.TO,20250213,17.525,17.54,17.525,17.54,6100
ZWS.TO,20250214,20.73,20.73,20.66,20.7,1300
ZWT.TO,20250214,54.3,54.49,54.3,54.49,1169
ZWU.TO,20250214,10.8,10.8,10.695,10.7,103750
ZXM.TO,20250212,44.58,44.77,44.58,44.77,400
ZZZD.TO,20250214,28.73,28.78,28.73,28.78,4800
