<ticker>,<date>,<open>,<high>,<low>,<close>,<vol>
AAB.TO,20230510,0.04,0.045,0.04,0.04,301000
AAV.TO,20230510,7.5,7.57,7.26,7.26,625900
ABX.TO,20230510,26.55,26.55,26.1,26.45,1765858
AC.TO,20230510,21.35,21.52,20.83,20.99,3012214
ACAA.TO,20230510,20.15,20.15,20.15,20.15,0
ACB.TO,20230510,0.83,0.85,0.81,0.81,409645
ACB.WS.U.TO,20230510,0.075,0.075,0.075,0.075,0
ACD.TO,20230510,6.46,6.46,6.46,6.46,500
ACD.DB.TO,20230510,98.5,98.5,98.5,98.5,0
ACO.X.TO,20230510,45.22,45.44,44.8,45.2,172840
ACO.Y.TO,20230510,45.5,45.5,45.2,45.2,200
ACQ.TO,20230510,16.52,16.82,16,16.15,49671
AD.DB.TO,20230510,98,98.9,98,98.9,20999
AD.DB.A.TO,20230510,93.6,93.6,93.6,93.6,25000
AD.UN.TO,20230510,16.89,16.9,15.53,16.07,504622
ADCO.TO,20230510,0.23,0.23,0.23,0.23,20000
ADEN.TO,20230510,27.23,27.5,27.13,27.28,17992
ADN.TO,20230510,17.25,17.25,16.92,17.07,3450
ADW.A.TO,20230510,4.47,4.51,4.44,4.51,6945
ADW.B.TO,20230510,5.99,5.99,5.99,5.99,0
AEG.TO,20230510,0.48,0.5,0.47,0.49,6200
AEM.TO,20230510,80.43,80.43,78.52,79.27,841098
AEZS.TO,20230510,3.91,3.91,3.91,3.91,0
AFN.TO,20230510,55.7,55.72,53.73,54.62,195634
AFN.DB.F.TO,20230510,98.95,99,98.95,99,16000
AFN.DB.G.TO,20230510,98,98,98,98,6000
AFN.DB.H.TO,20230510,98,98,98,98,23000
AFN.DB.I.TO,20230510,134,134,134,134,0
AFN.DB.J.TO,20230510,102.9,102.9,102.9,102.9,0
AGF.B.TO,20230510,7.13,7.21,7,7.01,74284
AGI.TO,20230510,18.42,18.46,17.94,18.25,484389
AI.TO,20230510,11.78,11.78,11.59,11.63,38413
AI.DB.C.TO,20230510,96,99.35,96,99.35,666
AI.DB.D.TO,20230510,97,97,97,97,6000
AI.DB.E.TO,20230510,97.6,97.75,96,96,31000
AI.DB.F.TO,20230510,85.05,85.05,85.05,85.05,0
AI.DB.G.TO,20230510,89,89,89,89,10000
AIF.TO,20230510,41.79,42.94,41.76,41.8,118742
AII.TO,20230510,0.65,0.66,0.64,0.65,67000
AIM.TO,20230510,3.41,3.62,3.41,3.59,107960
AIM.PR.A.TO,20230510,19.09,19.09,19.09,19.09,0
AIM.PR.C.TO,20230510,21.15,21.15,20.99,20.99,200
AKT.A.TO,20230510,1.35,1.36,1.32,1.35,44499
ALA.TO,20230510,23.74,23.74,23.34,23.57,692552
ALA.PR.A.TO,20230510,14.75,14.75,14.75,14.75,100
ALA.PR.B.TO,20230510,16.95,16.95,16.95,16.95,0
ALA.PR.G.TO,20230510,17.5,17.5,17.5,17.5,100
ALA.PR.H.TO,20230510,18.96,18.97,18.96,18.97,200
ALC.TO,20230510,15.47,15.63,15.34,15.63,12994
ALC.DB.A.TO,20230510,105.67,105.67,104.11,104.11,4000
ALS.TO,20230510,21.39,21.83,21.27,21.42,63114
ALYA.TO,20230510,2.55,2.55,2.47,2.53,36600
AMC.TO,20230510,3.99,3.99,3.8,3.9,54569
AMM.TO,20230510,0.16,0.16,0.16,0.16,5683
AND.TO,20230510,47.26,47.44,47.25,47.44,20701
AOI.TO,20230510,2.69,2.69,2.63,2.66,368361
AOT.TO,20230510,0.67,0.68,0.66,0.66,63107
AP.UN.TO,20230510,22.91,23.03,22.55,22.94,209015
APLI.TO,20230510,0.04,0.04,0.04,0.04,0
APR.UN.TO,20230510,11.17,11.32,11.02,11.32,19586
APS.TO,20230510,0.73,0.73,0.67,0.67,2394
AQN.TO,20230510,11.92,11.98,11.81,11.93,1860268
AQN.PR.A.TO,20230510,19.35,19.35,19.35,19.35,100
AQN.PR.D.TO,20230510,19.26,19.39,19.17,19.17,800
AR.TO,20230510,0.6,0.63,0.59,0.61,3303641
ARA.TO,20230510,0.45,0.45,0.45,0.45,797
ARB.TO,20230510,25.55,25.55,25.49,25.51,6900
ARE.TO,20230510,13.21,13.38,13.02,13.38,340800
ARG.TO,20230510,1.6,1.6,1.54,1.54,149710
ARIS.TO,20230510,4.08,4.14,3.93,3.93,185750
ARIS.WT.A.TO,20230510,0.3,0.3,0.28,0.3,65000
ARKG.TO,20230510,13.12,13.4,13.12,13.39,1047
ARKK.TO,20230510,15.1,15.27,15.09,15.19,4120
ARKW.TO,20230510,16.33,16.33,16.33,16.33,100
ARR.TO,20230510,8.61,8.75,8.55,8.7,70609
ARX.TO,20230510,17.22,17.3,16.79,17.03,1725164
ASCU.TO,20230510,1.7,1.7,1.69,1.7,36900
ASM.TO,20230510,1.14,1.15,1.11,1.11,32413
ASND.TO,20230510,0.225,0.225,0.225,0.225,58300
ASTL.TO,20230510,9.77,9.81,9.58,9.63,112616
ASTL.WT.TO,20230510,2.11,2.11,2.11,2.11,0
ATD.TO,20230510,67.89,67.95,66.44,66.97,629426
ATH.TO,20230510,3.04,3.04,2.95,2.97,2725851
ATS.TO,20230510,57.38,57.74,56.5,57.59,94438
ATSX.TO,20230510,22.71,22.71,22.71,22.71,0
ATZ.TO,20230510,37.46,38.1,36.66,36.72,659535
AUGB.F.TO,20230510,37,37,37,37,0
AUMN.TO,20230510,0.295,0.295,0.275,0.28,23301
AVCN.TO,20230510,0.445,0.45,0.445,0.45,12755
AVL.TO,20230510,0.115,0.115,0.11,0.11,212000
AVNT.TO,20230510,0.15,0.155,0.15,0.155,14463
AW.UN.TO,20230510,36.95,37.4,36.64,36.72,8033
AX.PR.E.TO,20230510,15.75,15.8,15.75,15.8,7500
AX.PR.I.TO,20230510,18.63,18.9,18.6,18.6,1663
AX.UN.TO,20230510,6.83,6.89,6.8,6.8,217000
AXIS.TO,20230510,0.24,0.24,0.24,0.24,1000
AYA.TO,20230510,10.47,10.49,10.03,10.21,153627
BABY.TO,20230510,0.79,0.8,0.79,0.79,7500
BABY.WT.A.TO,20230510,0.185,0.185,0.185,0.185,0
BAM.TO,20230510,44.96,44.96,42.45,43.22,1470919
BANK.TO,20230510,7.66,7.66,7.52,7.55,15055
BASE.TO,20230510,25.73,25.9,25.73,25.9,785
BASE.B.TO,20230510,25.81,25.81,25.81,25.81,317
BB.TO,20230510,6.78,7.16,6.78,7.02,2418580
BBD.A.TO,20230510,56.53,56.87,55.6,55.6,3443
BBD.B.TO,20230510,56.61,56.93,54.7,55.16,521772
BBD.PR.B.TO,20230510,16.7,16.7,16.61,16.66,1600
BBD.PR.C.TO,20230510,18.4,18.4,18.3,18.3,2037
BBD.PR.D.TO,20230510,17.95,18.36,17.95,18.3,1600
BBU.UN.TO,20230510,23.35,23.35,22.58,22.76,48035
BBUC.TO,20230510,25.28,25.65,25,25.49,26782
BCE.TO,20230510,64.06,64.35,63.71,64.14,3443245
BCE.PR.A.TO,20230510,18.06,18.24,18.03,18.05,9312
BCE.PR.B.TO,20230510,17.95,17.95,17.87,17.87,9570
BCE.PR.C.TO,20230510,18.24,18.65,18.24,18.31,1300
BCE.PR.D.TO,20230510,17.92,17.92,17.88,17.88,8800
BCE.PR.E.TO,20230510,17.88,17.88,17.88,17.88,100
BCE.PR.F.TO,20230510,16.23,16.33,16.23,16.33,1300
BCE.PR.G.TO,20230510,15.26,15.26,15.26,15.26,650
BCE.PR.H.TO,20230510,17.9,17.9,17.9,17.9,200
BCE.PR.I.TO,20230510,15.2,15.2,15.2,15.2,0
BCE.PR.J.TO,20230510,18.04,18.04,18.04,18.04,200
BCE.PR.K.TO,20230510,13.96,14,13.9,13.91,2948
BCE.PR.L.TO,20230510,16.01,16.01,16.01,16.01,0
BCE.PR.M.TO,20230510,14.48,14.63,14.48,14.63,700
BCE.PR.N.TO,20230510,17.49,17.49,17.49,17.49,400
BCE.PR.Q.TO,20230510,20.53,20.71,20.4,20.71,800
BCE.PR.R.TO,20230510,14.86,15.17,14.86,15.17,3860
BCE.PR.S.TO,20230510,17.95,17.95,17.95,17.95,1000
BCE.PR.T.TO,20230510,18.35,18.35,18.35,18.35,458
BCE.PR.Y.TO,20230510,17.84,17.89,17.84,17.89,300
BCE.PR.Z.TO,20230510,18.89,18.89,18.6,18.6,200
BCT.TO,20230510,9.75,9.75,9.5,9.5,7543
BDGI.TO,20230510,28.16,28.4,27.57,28.02,48185
BDI.TO,20230510,6.6,6.82,6.6,6.77,63435
BDIV.TO,20230510,17.91,17.91,17.85,17.85,346
BDT.TO,20230510,8.75,8.98,8.6,8.7,66628
BEI.UN.TO,20230510,60.1,62.32,60.1,61.15,149960
BEK.B.TO,20230510,13,13,13,13,0
BEP.PR.G.TO,20230510,22.23,22.3,22.23,22.3,2327
BEP.PR.M.TO,20230510,21.65,21.65,21.21,21.21,3100
BEP.PR.R.TO,20230510,18.7,18.75,18.7,18.75,800
BEP.UN.TO,20230510,42.52,42.75,41.6,42.31,240713
BEPC.TO,20230510,47.58,47.67,46.58,47.09,252065
BEPR.TO,20230510,8.37,8.37,8.34,8.34,798
BEPR.U.TO,20230510,8.52,8.52,8.52,8.52,0
BESG.TO,20230510,15.7,15.72,15.7,15.72,934
BFIN.TO,20230510,17.5,17.5,17.5,17.5,100
BGC.TO,20230510,27.72,27.72,27.72,27.72,0
BGI.UN.TO,20230510,4.4,4.43,4.38,4.41,50860
BGU.TO,20230510,34.16,34.16,34.15,34.15,1580
BGU.U.TO,20230510,25.53,25.53,25.53,25.53,0
BHC.TO,20230510,7.9,8.01,7.68,7.96,508022
BIK.PR.A.TO,20230510,22.6,22.75,22.6,22.75,1800
BIP.PR.A.TO,20230510,17.2,17.22,17.2,17.2,3300
BIP.PR.B.TO,20230510,21.72,21.72,21.72,21.72,0
BIP.PR.E.TO,20230510,21.6,21.6,21.26,21.31,7100
BIP.PR.F.TO,20230510,18.98,19.01,18.91,19.01,5150
BIP.UN.TO,20230510,47.77,48.27,46.98,47.24,244143
BIPC.TO,20230510,60.06,60.87,59.02,59.82,82510
BIR.TO,20230510,8.02,8.07,7.76,7.77,965435
BITF.TO,20230510,1.46,1.54,1.45,1.5,1726672
BITI.TO,20230510,12.76,13.37,12.59,12.9,134638
BITI.U.TO,20230510,9.66,9.87,9.64,9.64,3100
BK.TO,20230510,13.02,13.11,12.98,13.07,58591
BK.PR.A.TO,20230510,10.07,10.07,10.06,10.06,16533
BKCC.TO,20230510,14.94,14.94,14.94,14.94,0
BKI.TO,20230510,0.08,0.08,0.08,0.08,0
BLB.UN.TO,20230510,8.48,8.48,8.14,8.14,600
BLCO.TO,20230510,24.65,24.99,24.55,24.65,763
BLDP.TO,20230510,5.7,5.77,5.53,5.66,1070840
BLN.TO,20230510,2.78,2.87,2.75,2.87,13004
BLOV.TO,20230510,22.6,22.6,22.44,22.44,800
BLX.TO,20230510,39.09,39.99,37.16,38.63,498993
BMAX.TO,20230510,12.29,12.29,12.19,12.26,6036
BMO.TO,20230510,118.19,118.46,116.77,117.78,2369846
BMO.PR.E.TO,20230510,20.51,20.51,20.38,20.4,9426
BMO.PR.T.TO,20230510,16.7,16.7,16.55,16.55,1920
BMO.PR.W.TO,20230510,16.87,16.92,16.83,16.83,1600
BMO.PR.Y.TO,20230510,17.41,17.45,17.4,17.45,1940
BN.TO,20230510,43.35,43.35,41.57,41.64,1779980
BN.PF.A.TO,20230510,18.12,18.29,18.12,18.29,8175
BN.PF.B.TO,20230510,16.31,16.57,16.14,16.57,9400
BN.PF.C.TO,20230510,18.76,18.76,18.75,18.75,1910
BN.PF.D.TO,20230510,19.15,19.15,19.02,19.02,2500
BN.PF.E.TO,20230510,14.38,15.24,14.38,15.15,83943
BN.PF.F.TO,20230510,16,16.56,16,16.56,4900
BN.PF.G.TO,20230510,14.9,15.25,14.9,15.25,8800
BN.PF.H.TO,20230510,20.5,20.74,20.5,20.63,13419
BN.PF.I.TO,20230510,19.85,19.97,19.85,19.95,6400
BN.PF.J.TO,20230510,21.91,21.95,21.81,21.94,24070
BN.PF.K.TO,20230510,15.2,15.2,15.2,15.2,78400
BN.PF.L.TO,20230510,11.3,11.3,11.3,11.3,40682
BN.PR.B.TO,20230510,10.71,11.41,10.71,11.41,301
BN.PR.C.TO,20230510,11.63,11.63,11.5,11.5,800
BN.PR.K.TO,20230510,11.68,11.68,11.68,11.68,500
BN.PR.M.TO,20230510,18.45,18.45,18.35,18.35,4200
BN.PR.N.TO,20230510,18.36,18.36,18.31,18.31,1300
BN.PR.R.TO,20230510,13.55,13.55,13.55,13.55,20000
BN.PR.T.TO,20230510,13.72,13.91,13.72,13.91,960
BN.PR.X.TO,20230510,14.28,14.62,14.28,14.62,419
BN.PR.Z.TO,20230510,19.68,19.7,19.61,19.68,5299
BNC.TO,20230510,24.32,24.32,24.22,24.22,200
BND.TO,20230510,17.1,17.17,17.09,17.13,8275
BNE.TO,20230510,6.28,6.28,6.1,6.22,37350
BNG.TO,20230510,0.06,0.06,0.06,0.06,1050
BNK.TO,20230510,10.81,10.88,10.81,10.88,900
BNK.PR.A.TO,20230510,9.95,9.95,9.95,9.95,0
BNRE.TO,20230510,43.18,43.18,42.17,42.34,42505
BNS.TO,20230510,66.18,66.35,65.66,66.09,1592599
BOS.TO,20230510,7.2,7.85,7.15,7.18,217194
BPF.UN.TO,20230510,15.85,16.32,15.8,16.26,73067
BPO.PR.A.TO,20230510,10.8,10.8,10.69,10.69,4177
BPO.PR.C.TO,20230510,16.1,16.25,16.05,16.05,4000
BPO.PR.E.TO,20230510,13.55,13.55,13.53,13.53,1900
BPO.PR.G.TO,20230510,14.95,14.95,14.43,14.56,11600
BPO.PR.I.TO,20230510,13.75,13.96,13.65,13.92,4400
BPO.PR.N.TO,20230510,9.95,9.95,9.61,9.61,3300
BPO.PR.P.TO,20230510,10.75,10.75,10.41,10.51,7483
BPO.PR.R.TO,20230510,10.3,10.3,10.2,10.2,3679
BPO.PR.T.TO,20230510,12.25,12.25,12.01,12.01,5550
BPO.PR.W.TO,20230510,8.9,8.9,8.9,8.9,0
BPO.PR.X.TO,20230510,8.7,8.7,8.7,8.7,0
BPO.PR.Y.TO,20230510,8.4,8.4,8.4,8.4,0
BPRF.TO,20230510,20.85,20.85,20.85,20.85,200
BPRF.U.TO,20230510,20.69,20.69,20.69,20.69,0
BPS.PR.A.TO,20230510,25,25,25,25,0
BPS.PR.B.TO,20230510,24.76,24.76,24.76,24.76,0
BPS.PR.C.TO,20230510,24.8,24.8,24.8,24.8,0
BPS.PR.U.TO,20230510,25,25,25,25,240
BPYP.PR.A.TO,20230510,18.94,19.43,18.94,19.43,12765
BR.TO,20230510,2,2,2,2,0
BRAG.TO,20230510,5.1,5.1,4.6,4.75,40094
BRE.TO,20230510,14.93,15,14.9,14.9,1247
BREA.TO,20230510,22.37,22.37,22.37,22.37,1000
BRF.PR.A.TO,20230510,14.67,14.7,14.64,14.64,2218
BRF.PR.B.TO,20230510,16.72,16.72,16.72,16.72,300
BRF.PR.C.TO,20230510,16,16,16,16,450
BRF.PR.E.TO,20230510,17.92,17.92,17.91,17.91,603
BRF.PR.F.TO,20230510,17.84,17.84,17.78,17.78,2178
BRMI.TO,20230510,2.06,2.06,2.06,2.06,0
BRY.TO,20230510,0.465,0.465,0.465,0.465,0
BSKT.TO,20230510,8.49,8.49,8.49,8.49,300
BSX.TO,20230510,0.07,0.07,0.07,0.07,7200
BTB.DB.G.TO,20230510,98.5,98.5,98.5,98.5,0
BTB.DB.H.TO,20230510,98.75,99,98.75,99,15000
BTB.UN.TO,20230510,3.33,3.34,3.25,3.26,110545
BTCC.TO,20230510,5.44,5.48,5.19,5.36,199303
BTCC.B.TO,20230510,5.45,5.48,5.19,5.37,1224508
BTCC.J.TO,20230510,4.79,4.79,4.79,4.79,1199
BTCC.U.TO,20230510,5.16,5.2,4.93,5.1,140933
BTCQ.TO,20230510,6.14,6.18,5.94,6.07,39535
BTCQ.U.TO,20230510,4.61,4.61,4.61,4.61,1800
BTCX.B.TO,20230510,5.57,5.61,5.35,5.51,145581
BTCX.U.TO,20230510,5.28,5.33,5.05,5.22,34516
BTCY.TO,20230510,3.74,3.74,3.64,3.69,15132
BTCY.B.TO,20230510,4.18,4.19,4.06,4.15,1852
BTCY.U.TO,20230510,3.6,3.6,3.6,3.6,366
BTE.TO,20230510,4.56,4.59,4.42,4.43,3406975
BTO.TO,20230510,5.65,5.74,5.6,5.69,3429857
BU.TO,20230510,0.235,0.24,0.23,0.235,24396
BUI.TO,20230510,2.16,2.16,2.16,2.16,1000
BXF.TO,20230510,9.89,9.89,9.89,9.89,5600
BYD.TO,20230510,229.99,244.68,229.97,244.5,134085
BYL.TO,20230510,0.435,0.44,0.4,0.4,36201
CACB.TO,20230510,19.28,19.35,19.28,19.35,18900
CAE.TO,20230510,29.69,29.72,29.19,29.39,562405
CAFR.TO,20230510,19.67,19.67,19.62,19.62,1650
CAGG.TO,20230510,43.41,43.41,43.41,43.41,0
CALL.TO,20230510,10.3,10.33,9.99,10.04,21275
CALL.B.TO,20230510,12.24,12.24,12,12.03,1525
CALL.U.TO,20230510,11.16,11.16,11.16,11.16,100
CAR.UN.TO,20230510,49.56,49.81,48.93,49.2,255422
CARB.TO,20230510,9.25,9.25,9.25,9.25,0
CARS.TO,20230510,25.32,25.32,24.86,24.96,650
CARS.B.TO,20230510,28.5,28.5,27.97,27.97,550
CAS.TO,20230510,11.46,11.56,11.02,11.5,199706
CASH.TO,20230510,50.1,50.1,50.09,50.09,85530
CBH.TO,20230510,17.24,17.26,17.21,17.24,6300
CBIL.TO,20230510,50.15,50.15,50.15,50.15,5189
CBND.TO,20230510,8.68,8.68,8.68,8.68,0
CBNK.TO,20230510,7.24,7.27,7.24,7.27,400
CBO.TO,20230510,17.4,17.43,17.4,17.43,49868
CBUG.TO,20230510,17.68,17.68,17.68,17.68,300
CCA.TO,20230510,63,63.16,62.56,63.07,194460
CCBI.TO,20230510,17.85,17.85,17.85,17.85,0
CCEI.TO,20230510,22.06,22.06,22.04,22.05,2100
CCL.A.TO,20230510,64,64,64,64,0
CCL.B.TO,20230510,64.9,65.02,63.75,64.98,183358
CCM.TO,20230510,0.255,0.255,0.255,0.255,0
CCNS.TO,20230510,17.89,17.89,17.89,17.89,0
CCO.TO,20230510,38.44,38.75,37.78,38.28,846941
CCOM.TO,20230510,21.06,21.06,21.03,21.04,1864
CCRE.TO,20230510,17.69,17.69,17.69,17.69,26400
CCS.PR.C.TO,20230510,20.25,20.4,20.25,20.35,1384
CDIV.TO,20230510,13,13,12.85,12.91,19308
CDLB.TO,20230510,17.13,17.13,17.13,17.13,0
CDNA.TO,20230510,18.85,18.85,18.85,18.85,0
CDR.TO,20230510,0.34,0.36,0.34,0.36,2000
CDZ.TO,20230510,30.8,30.83,30.59,30.69,8465
CEE.TO,20230510,1.85,1.85,1.82,1.82,2443
CEF.TO,20230510,26.45,26.45,26.17,26.31,10893
CEF.U.TO,20230510,19.65,19.65,19.65,19.65,0
CEMI.TO,20230510,16.51,16.51,16.43,16.43,200
CET.TO,20230510,0.83,0.83,0.8,0.82,141621
CEU.TO,20230510,2.47,2.47,2.36,2.41,641363
CEW.TO,20230510,15.77,15.77,15.48,15.55,27204
CF.TO,20230510,8.91,9.03,8.7,8.85,644720
CF.PR.A.TO,20230510,13.1,13.1,12.83,12.83,1200
CF.PR.C.TO,20230510,18.25,18.25,18.25,18.25,1600
CFF.TO,20230510,1.49,1.49,1.38,1.4,37416
CFLX.TO,20230510,16.84,16.84,16.84,16.84,0
CFP.TO,20230510,21.8,22,21.65,21.75,189620
CFRT.TO,20230510,19.99,19.99,19.99,19.99,0
CFW.TO,20230510,4.48,4.48,4.2,4.32,101097
CFX.TO,20230510,2.01,2.01,1.87,1.88,106230
CG.TO,20230510,9.44,9.51,9.26,9.41,562650
CGAA.TO,20230510,23.44,23.44,23.44,23.44,0
CGBI.TO,20230510,17.46,17.46,17.46,17.46,0
CGDV.TO,20230510,21.14,21.14,21.1,21.1,7000
CGDV.B.TO,20230510,20.94,20.94,20.94,20.94,200
CGG.TO,20230510,6.98,7.08,6.91,7,86319
CGHY.TO,20230510,9.46,9.46,9.46,9.46,0
CGHY.U.TO,20230510,9.47,9.47,9.47,9.47,0
CGI.TO,20230510,34.3,34.3,34.3,34.3,172
CGIN.TO,20230510,20.48,20.53,20.47,20.48,7500
CGIN.U.TO,20230510,20.49,20.51,20.49,20.51,3600
CGL.TO,20230510,16.43,16.47,16.33,16.42,19650
CGL.C.TO,20230510,23.14,23.14,23.04,23.14,29839
CGLO.TO,20230510,23.98,23.98,23.98,23.98,130
CGO.TO,20230510,54.5,54.63,53.47,54.08,33257
CGR.TO,20230510,26.73,26.73,26.63,26.64,639
CGRA.TO,20230510,20.93,20.93,20.93,20.93,0
CGRE.TO,20230510,20.81,20.9,20.81,20.9,6200
CGX.TO,20230510,8.88,9.14,8.86,9.11,283629
CGX.DB.B.TO,20230510,100.22,100.51,100.22,100.51,34000
CGXF.TO,20230510,12.1,12.1,11.93,12.03,10885
CGXF.U.TO,20230510,9.24,9.26,9.2,9.25,1880
CGY.TO,20230510,61.66,62.54,61.34,61.63,6883
CHE.DB.E.TO,20230510,96.99,96.99,96.99,96.99,0
CHE.DB.F.TO,20230510,108,108,108,108,0
CHE.DB.G.TO,20230510,97.99,97.99,97.99,97.99,0
CHE.DB.H.TO,20230510,99,99,98.5,98.5,43000
CHE.UN.TO,20230510,7.34,7.37,7.27,7.33,332610
CHNA.B.TO,20230510,22.97,22.97,22.97,22.97,0
CHP.UN.TO,20230510,14.21,14.48,13.94,14.18,402281
CHPS.TO,20230510,22.73,22.9,22.67,22.88,1000
CHPS.U.TO,20230510,16.95,16.95,16.95,16.95,0
CHR.TO,20230510,3.08,3.12,2.97,2.98,660241
CHR.DB.A.TO,20230510,95.26,96.98,95.26,96.98,58000
CHR.DB.B.TO,20230510,95,95,95,95,13800
CHR.DB.C.TO,20230510,86.7,86.95,86.7,86.95,6000
CHW.TO,20230510,8.51,8.55,8.47,8.47,2858
CIA.TO,20230510,6.09,6.09,5.76,5.97,604359
CIBR.TO,20230510,31.51,31.52,31.51,31.52,10100
CIC.TO,20230510,10.75,10.76,10.72,10.74,1845
CIEH.TO,20230510,20.62,20.62,20.62,20.62,0
CIEI.TO,20230510,20.86,20.86,20.86,20.86,100
CIEM.TO,20230510,16.39,16.43,16.39,16.43,3251
CIEM.U.TO,20230510,16.48,16.48,16.48,16.48,600
CIF.TO,20230510,35.26,35.3,35.07,35.3,1878
CIGI.TO,20230510,122.75,123.65,121.93,122.76,74207
CINF.TO,20230510,23.91,23.91,23.91,23.91,0
CINT.TO,20230510,21.8,21.82,21.79,21.8,2469
CINV.TO,20230510,14.22,14.22,14.22,14.22,0
CIQ.UN.TO,20230510,6.97,6.97,6.97,6.97,400
CIU.PR.A.TO,20230510,18.78,18.78,18.23,18.23,400
CIU.PR.C.TO,20230510,12.37,12.37,12.37,12.37,0
CIX.TO,20230510,12.96,13.03,12.45,12.5,899245
CJ.TO,20230510,6.87,6.87,6.67,6.73,392233
CJR.B.TO,20230510,1.3,1.32,1.28,1.28,437266
CJT.TO,20230510,108.7,109.62,108.46,109.02,28396
CJT.DB.E.TO,20230510,99.75,99.75,99.75,99.75,18000
CJT.DB.F.TO,20230510,95.75,95.75,95,95,7000
CKI.TO,20230510,12.11,12.37,12.11,12.35,3900
CLF.TO,20230510,16.85,16.85,16.82,16.84,5303
CLG.TO,20230510,16.96,16.98,16.96,16.98,12547
CLML.TO,20230510,18.12,18.12,18.12,18.12,0
CLS.TO,20230510,14.58,14.77,14.55,14.61,173383
CM.TO,20230510,55.75,55.81,55.1,55.64,1463195
CM.PR.O.TO,20230510,17.2,17.2,16.96,17.19,7250
CM.PR.P.TO,20230510,16.93,16.93,16.56,16.56,4740
CM.PR.Q.TO,20230510,17.61,17.61,17.34,17.34,6200
CM.PR.S.TO,20230510,21.68,21.68,21.3,21.3,23218
CM.PR.Y.TO,20230510,23.25,23.34,23.25,23.34,8300
CMAG.TO,20230510,23.77,23.84,23.74,23.84,5863
CMAG.U.TO,20230510,17.85,17.85,17.85,17.85,0
CMAR.TO,20230510,18.59,18.62,18.57,18.62,6300
CMAR.U.TO,20230510,18.58,18.58,18.58,18.58,0
CMCX.B.TO,20230510,8.08,8.08,8.08,8.08,0
CMCX.U.TO,20230510,7.16,7.16,7.16,7.16,0
CMDO.TO,20230510,19.64,19.7,19.64,19.68,23118
CMDO.U.TO,20230510,19.69,19.69,19.69,19.69,1500
CMEY.TO,20230510,19.69,19.69,19.69,19.69,0
CMG.TO,20230510,7.35,7.38,7.25,7.33,64941
CMGG.TO,20230510,18.77,18.77,18.77,18.77,500
CMR.TO,20230510,50.1,50.1,50.08,50.09,63846
CNAO.TO,20230510,20.2,20.2,20.2,20.2,300
CNAO.U.TO,20230510,20.35,20.35,20.35,20.35,0
CNCC.TO,20230510,12.46,12.46,12.41,12.42,16319
CNE.TO,20230510,10.36,10.38,10.21,10.28,10401
CNQ.TO,20230510,76.38,76.69,74.92,75.68,2565700
CNR.TO,20230510,162.12,163.55,161.17,162.45,1029945
CNT.TO,20230510,0.11,0.11,0.11,0.11,1250
COG.TO,20230510,0.51,0.51,0.51,0.51,0
COMM.TO,20230510,26.34,26.34,26.34,26.34,0
COPP.TO,20230510,27.7,27.7,27.7,27.7,245
COW.TO,20230510,61.55,61.69,60.94,61.23,6426
CP.TO,20230510,108.74,109.52,108.41,109.21,1376338
CPD.TO,20230510,10.76,10.76,10.7,10.71,37641
CPH.TO,20230510,3.26,3.26,3.18,3.26,21428
CPLF.TO,20230510,6.27,6.32,6,6.09,12800
CPLS.TO,20230510,17.72,17.72,17.72,17.72,0
CPX.TO,20230510,45.71,46.38,45.39,46.32,237377
CPX.PR.A.TO,20230510,12.99,12.99,12.9,12.9,3000
CPX.PR.C.TO,20230510,20.42,20.43,20.42,20.42,1717
CPX.PR.E.TO,20230510,20.57,20.57,20.55,20.55,300
CPX.PR.K.TO,20230510,23.84,23.85,23.84,23.85,300
CR.TO,20230510,4.68,4.77,4.64,4.7,506501
CRDL.TO,20230510,0.84,0.84,0.8,0.81,17683
CRED.TO,20230510,18.74,18.74,18.74,18.74,3000
CRED.U.TO,20230510,18.85,18.85,18.85,18.85,0
CRON.TO,20230510,2.47,2.54,2.46,2.49,59492
CROP.TO,20230510,17.38,17.38,17.33,17.38,7904
CROP.U.TO,20230510,19.33,19.33,19.33,19.33,0
CRP.TO,20230510,2.6,2.6,2.6,2.6,200
CRR.UN.TO,20230510,15,15.23,14.92,15.17,122367
CRRX.TO,20230510,2.25,2.27,2.25,2.26,106028
CRT.UN.TO,20230510,15.59,15.6,15.42,15.45,94223
CRWN.TO,20230510,7.4,7.4,7.4,7.4,1000
CS.TO,20230510,6.61,6.63,6.27,6.36,1337682
CSAV.TO,20230510,50.09,50.11,50.09,50.11,22019
CSBI.TO,20230510,19.97,19.97,19.97,19.97,0
CSE.PR.A.TO,20230510,13.52,13.52,13.52,13.52,0
CSH.UN.TO,20230510,9.39,9.54,9.33,9.5,493625
CSU.TO,20230510,2641.36,2641.36,2611.94,2635.16,15352
CSU.DB.TO,20230510,140.01,140.01,139.02,139.02,16000
CSW.A.TO,20230510,15.35,15.35,15.21,15.21,5952
CSW.B.TO,20230510,14,14,13.91,13.91,1000
CTC.TO,20230510,320,320,320,320,325
CTC.A.TO,20230510,175.2,176.5,174.1,175.39,156220
CTF.UN.TO,20230510,3.06,3.06,3.04,3.04,1100
CTS.TO,20230510,3.14,3.21,2.68,2.71,6648900
CTX.TO,20230510,0.65,0.65,0.65,0.65,1000
CU.TO,20230510,39.33,39.6,38.8,39.3,780616
CU.PR.C.TO,20230510,19.38,19.4,19.35,19.35,2060
CU.PR.D.TO,20230510,19.94,19.94,19.94,19.94,100
CU.PR.E.TO,20230510,19.75,19.75,19.73,19.73,434
CU.PR.F.TO,20230510,18.5,18.5,18.5,18.5,0
CU.PR.G.TO,20230510,18.35,18.38,18.35,18.38,1900
CU.PR.H.TO,20230510,21.03,21.03,21.03,21.03,0
CU.PR.I.TO,20230510,23.85,23.9,23.85,23.9,7906
CU.PR.J.TO,20230510,19.25,19.25,19.24,19.24,608
CUD.TO,20230510,49.89,49.89,49.45,49.72,4149
CUDV.TO,20230510,20.22,20.29,20.22,20.29,7800
CUEH.TO,20230510,20.82,20.82,20.82,20.82,0
CUEI.TO,20230510,21.66,21.82,21.66,21.79,4400
CUP.U.TO,20230510,13.72,13.85,13.3,13.3,2500
CUTL.TO,20230510,20.18,20.18,20.18,20.18,0
CVD.TO,20230510,16.94,16.94,16.94,16.94,0
CVE.TO,20230510,22.15,22.15,21.57,21.72,3971953
CVE.PR.A.TO,20230510,13.8,13.8,13.7,13.7,2939
CVE.PR.B.TO,20230510,16,16,16,16,0
CVE.PR.C.TO,20230510,19.08,19.08,19,19,1513
CVE.PR.E.TO,20230510,20.01,20.27,19.75,19.94,4900
CVE.PR.G.TO,20230510,19.85,19.85,19.65,19.65,1420
CVE.WT.TO,20230510,15.33,15.36,15.32,15.32,2939
CVG.TO,20230510,80.7,81.4,80.7,81.4,200
CVO.TO,20230510,6.47,6.48,6.28,6.34,10436
CWB.TO,20230510,24.33,24.42,23.86,24.06,326077
CWB.PR.B.TO,20230510,17.07,17.07,17.02,17.02,2600
CWB.PR.D.TO,20230510,23.95,23.95,23.95,23.95,300
CWEB.TO,20230510,0.435,0.465,0.435,0.46,12668
CWL.TO,20230510,1.1,1.1,1.06,1.08,3200
CWW.TO,20230510,49.5,49.5,49.48,49.5,1168
CXB.TO,20230510,1.66,1.66,1.62,1.64,1795300
CXF.TO,20230510,9.65,9.65,9.65,9.65,0
CXI.TO,20230510,24.06,24.06,23.9,23.9,5874
CYB.TO,20230510,58.6,58.8,58.33,58.33,4625
CYBR.TO,20230510,34,34,34,34,298
CYBR.B.TO,20230510,37.2,37.2,37.2,37.2,0
CYBR.U.TO,20230510,37.27,37.27,37.27,37.27,0
CYH.TO,20230510,19.28,19.28,19.17,19.17,1009
D.UN.TO,20230510,14.54,14.67,14.4,14.58,127282
DANC.TO,20230510,21.5,21.5,21.5,21.5,2100
DATA.TO,20230510,16.8,16.8,16.76,16.76,600
DATA.B.TO,20230510,17.36,17.36,17.36,17.36,0
DBM.TO,20230510,6.31,6.32,6.27,6.29,87804
DBO.TO,20230510,0.095,0.095,0.095,0.095,71169
DC.A.TO,20230510,1.37,1.4,1.33,1.33,18997
DC.PR.B.TO,20230510,17.05,17.05,17.05,17.05,100
DC.PR.D.TO,20230510,20,20,20,20,500
DCBO.TO,20230510,49.79,51.07,49.21,49.51,22908
DCC.TO,20230510,17.95,17.95,17.95,17.95,244
DCG.TO,20230510,17.71,17.71,17.71,17.71,0
DCM.TO,20230510,3.23,3.25,3.11,3.11,35910
DCP.TO,20230510,15.81,15.81,15.81,15.81,100
DCS.TO,20230510,18.28,18.28,18.28,18.28,0
DCU.TO,20230510,17.66,17.66,17.66,17.66,0
DF.TO,20230510,4.17,4.17,4.12,4.12,3440
DF.PR.A.TO,20230510,9.51,9.51,9.5,9.5,2037
DFN.TO,20230510,7.3,7.34,7.25,7.28,80728
DFN.PR.A.TO,20230510,9.36,9.36,9.34,9.35,46185
DFY.TO,20230510,35.57,36.19,34.97,36.18,110217
DGR.TO,20230510,36.8,36.8,36.56,36.56,821
DGR.B.TO,20230510,39.67,39.81,39.61,39.78,2506
DGRC.TO,20230510,34.68,34.73,34.5,34.59,600
DGS.TO,20230510,5.67,5.69,5.56,5.67,67508
DGS.PR.A.TO,20230510,9.53,9.53,9.5,9.5,21201
DHT.U.TO,20230510,6.61,6.61,6.6,6.6,2000
DHT.UN.TO,20230510,9.17,9.17,8.98,9.12,6808
DIAM.TO,20230510,0.09,0.09,0.085,0.085,46350
DII.A.TO,20230510,4.5,4.5,4.5,4.5,400
DII.B.TO,20230510,4.44,4.52,4.34,4.4,1322975
DIR.UN.TO,20230510,14.1,14.1,13.92,14,564600
DISC.TO,20230510,31.33,31.43,31.33,31.43,697
DIV.TO,20230510,3.07,3.07,2.99,3.06,325405
DIV.DB.A.TO,20230510,93.54,93.54,93.54,93.54,37000
DIVS.TO,20230510,14.45,14.45,14.45,14.45,582
DLCG.TO,20230510,2.42,2.42,2.4,2.4,8904
DLR.TO,20230510,13.64,13.7,13.63,13.67,416257
DLR.U.TO,20230510,10.21,10.21,10.2,10.21,273064
DML.TO,20230510,1.54,1.56,1.48,1.51,1050441
DN.TO,20230510,0.055,0.055,0.05,0.05,47001
DND.TO,20230510,16,16.95,16,16.54,307352
DNG.TO,20230510,3.03,3.06,3.01,3.03,14775
DNTL.TO,20230510,8.63,8.79,7.89,7.9,399434
DOL.TO,20230510,83.89,84.16,83.03,83.85,243369
DOO.TO,20230510,101,101.62,97.84,98.88,152281
DPM.TO,20230510,10.66,10.78,10.4,10.4,393885
DR.TO,20230510,8.65,8.85,8.5,8.8,21328
DRCU.TO,20230510,18.33,18.33,18.33,18.33,0
DRFC.TO,20230510,24.67,24.69,24.67,24.69,200
DRFE.TO,20230510,19.37,19.37,19.37,19.37,200
DRFG.TO,20230510,23.92,23.93,23.79,23.93,627
DRFU.TO,20230510,26.03,26.03,26.03,26.03,0
DRM.TO,20230510,22.38,22.38,21.45,21.62,22600
DRMC.TO,20230510,25.3,25.37,25.3,25.37,3809
DRMD.TO,20230510,24.87,24.87,24.87,24.87,0
DRME.TO,20230510,15.87,15.87,15.87,15.87,0
DRMU.TO,20230510,29.6,29.6,29.6,29.6,0
DRR.U.TO,20230510,8.2,8.23,8.15,8.15,3248
DRT.TO,20230510,0.61,0.65,0.53,0.56,262308
DRT.DB.A.TO,20230510,45,45,45,45,0
DRX.TO,20230510,2.27,2.27,2.25,2.27,13100
DS.TO,20230510,7.03,7.03,7,7,13918
DSAE.TO,20230510,19.56,19.56,19.56,19.56,0
DSG.TO,20230510,104.47,105.12,103.82,104.75,56491
DSV.TO,20230510,1.1,1.1,1.04,1.05,302928
DTOL.TO,20230510,7.84,7.89,7.84,7.84,1000
DXB.TO,20230510,18.52,18.58,18.52,18.58,6875
DXC.TO,20230510,33.06,33.06,32.8,32.91,4202
DXDB.TO,20230510,20.63,20.67,20.63,20.65,4513
DXEM.TO,20230510,13.62,13.62,13.62,13.62,0
DXET.TO,20230510,17.45,17.45,17.45,17.45,0
DXF.TO,20230510,29.13,29.13,29.13,29.13,400
DXG.TO,20230510,44.43,44.46,44.25,44.39,8419
DXIF.TO,20230510,19.52,19.52,19.52,19.52,0
DXN.TO,20230510,20.3,20.3,20.25,20.25,1117
DXO.TO,20230510,18.77,18.77,18.74,18.74,1700
DXP.TO,20230510,19.06,19.06,18.93,18.93,5939
DXQ.TO,20230510,21.18,21.34,21.18,21.33,8143
DXR.TO,20230510,21,21,21,21,0
DXT.TO,20230510,5.08,5.18,4.99,5.15,19675
DXU.TO,20230510,41.24,41.34,41.12,41.33,2861
DXV.TO,20230510,19.8,19.8,19.72,19.76,3588
DXW.TO,20230510,21.28,21.38,21.28,21.38,1200
DXZ.TO,20230510,10.62,10.62,10.62,10.62,0
DYA.TO,20230510,0.17,0.175,0.17,0.175,12800
E.TO,20230510,0.415,0.415,0.405,0.405,57210
EAGR.TO,20230510,0.71,0.72,0.7,0.7,13000
EARN.TO,20230510,46.07,46.07,46.07,46.07,0
EBIT.TO,20230510,13.86,13.87,13.18,13.63,36097
EBIT.U.TO,20230510,10.34,10.34,9.94,10.09,2205
EBNK.TO,20230510,8.91,8.91,8.84,8.84,400
EBNK.B.TO,20230510,8.55,8.55,8.55,8.55,500
EBNK.U.TO,20230510,8.27,8.28,8.27,8.28,3300
ECN.TO,20230510,3.13,3.23,3.13,3.23,1055229
ECN.DB.TO,20230510,85.5,85.56,84.5,84.5,88000
ECN.DB.A.TO,20230510,81,81,81,81,0
ECN.DB.B.TO,20230510,78.99,78.99,78.99,78.99,15000
ECN.PR.C.TO,20230510,21.45,21.45,21.4,21.4,500
ECO.TO,20230510,2.91,2.91,2.9,2.9,15200
ECOR.TO,20230510,2.42,2.42,2.42,2.42,0
EDGE.TO,20230510,29.44,29.45,29.3,29.35,1912
EDGF.TO,20230510,9.77,9.8,9.77,9.8,700
EDR.TO,20230510,5.64,5.64,4.82,4.82,931541
EDT.TO,20230510,0.26,0.27,0.25,0.27,36076
EDV.TO,20230510,35.1,35.35,34.57,34.98,252157
EFN.TO,20230510,19.3,20.55,19.16,20.35,2662691
EFN.DB.B.TO,20230510,147,147,147,147,0
EFN.PR.C.TO,20230510,24.16,24.16,24.16,24.16,100
EFN.PR.E.TO,20230510,24.09,24.1,24.05,24.05,900
EFR.TO,20230510,8.88,9.05,8.44,8.65,479958
EFX.TO,20230510,8.66,8.72,8.44,8.55,214050
EGIF.TO,20230510,21.69,21.69,21.69,21.69,0
EGLX.TO,20230510,0.73,0.73,0.7,0.72,66929
EHE.TO,20230510,30.69,30.69,30.69,30.69,0
EHE.B.TO,20230510,27.9,27.9,27.9,27.9,100
EIF.TO,20230510,53.8,55.29,53.44,54.05,170233
EIF.DB.J.TO,20230510,110.5,113.68,109.87,112,705000
EIF.DB.K.TO,20230510,112,114.44,112,112.76,241000
EIF.DB.L.TO,20230510,106.99,109.2,106.99,109.2,259000
EIF.DB.M.TO,20230510,100,102,100,100.52,447000
EIT.PR.A.TO,20230510,24.6,24.6,24.6,24.6,1600
EIT.PR.B.TO,20230510,24.21,24.21,24.21,24.21,0
EIT.UN.TO,20230510,13,13,12.88,12.93,108444
ELD.TO,20230510,15.99,16.01,15.38,15.62,296430
ELEF.TO,20230510,0.445,0.445,0.42,0.42,19825
ELF.TO,20230510,922.82,922.82,922.82,922.82,0
ELF.PR.F.TO,20230510,20.53,20.53,20.53,20.53,0
ELF.PR.G.TO,20230510,18.7,18.7,18.7,18.7,0
ELF.PR.H.TO,20230510,21.35,21.35,21.35,21.35,0
ELO.TO,20230510,3.5,3.5,3.43,3.45,19730
ELR.TO,20230510,0.125,0.125,0.125,0.125,21210
EMA.TO,20230510,58.73,59.12,58.25,58.75,939327
EMA.PR.A.TO,20230510,13.41,13.41,13.41,13.41,0
EMA.PR.B.TO,20230510,15,15,15,15,0
EMA.PR.C.TO,20230510,19.34,19.35,19.11,19.24,4600
EMA.PR.E.TO,20230510,17.9,17.92,17.73,17.92,1059
EMA.PR.F.TO,20230510,17.66,18.3,17.66,18.23,123268
EMA.PR.H.TO,20230510,20.64,20.64,20.5,20.58,2800
EMA.PR.J.TO,20230510,22.72,22.75,22.62,22.62,3019
EMA.PR.L.TO,20230510,18.2,18.3,18.2,18.3,4500
EMP.A.TO,20230510,35.36,35.55,35,35.13,377013
EMV.B.TO,20230510,25.21,25.21,25.21,25.21,326
ENB.TO,20230510,53.6,53.72,52.89,53.14,13812460
ENB.PF.A.TO,20230510,15.45,15.47,15.35,15.38,3900
ENB.PF.C.TO,20230510,14.87,14.98,14.81,14.85,6552
ENB.PF.E.TO,20230510,14.25,14.25,14.25,14.25,2360
ENB.PF.G.TO,20230510,14.27,14.28,14.21,14.21,2002
ENB.PF.K.TO,20230510,22.85,23,22.85,22.95,3799
ENB.PF.U.TO,20230510,20.07,20.19,20.07,20.07,2200
ENB.PF.V.TO,20230510,20.81,20.81,20.8,20.8,400
ENB.PR.A.TO,20230510,22.26,22.26,22.02,22.1,11619
ENB.PR.B.TO,20230510,17.58,17.66,17.56,17.66,2097
ENB.PR.D.TO,20230510,18.24,18.24,18,18,2550
ENB.PR.F.TO,20230510,18.39,18.54,18.39,18.51,4510
ENB.PR.H.TO,20230510,16,16,15.82,15.82,1200
ENB.PR.J.TO,20230510,16.15,16.15,16.11,16.11,6909
ENB.PR.N.TO,20230510,17.78,17.78,17.4,17.49,2700
ENB.PR.P.TO,20230510,15.85,15.95,15.81,15.93,5200
ENB.PR.T.TO,20230510,15.49,15.64,15.33,15.64,1900
ENB.PR.V.TO,20230510,22.6,22.6,22.5,22.5,2700
ENB.PR.Y.TO,20230510,14.75,14.75,14.61,14.72,3400
ENCC.TO,20230510,10.73,10.75,10.53,10.59,70795
ENGH.TO,20230510,35.55,36.17,35.08,36,51765
ENI.UN.TO,20230510,1.85,1.85,1.79,1.79,700
ENS.TO,20230510,15.16,15.22,15.07,15.15,16561
ENS.PR.A.TO,20230510,10.04,10.04,10.04,10.04,400
EPRX.TO,20230510,6.97,7.5,6.96,7.13,28417
EPRX.WT.TO,20230510,0.9,1,0.9,1,52700
EPRX.WT.A.TO,20230510,5,5,4.75,4.75,20000
EQB.TO,20230510,63.37,63.79,63.04,63.6,49074
EQB.PR.C.TO,20230510,22.77,22.77,22.76,22.77,1300
EQL.TO,20230510,29.1,29.1,28.79,28.95,92052
EQL.F.TO,20230510,25.87,25.87,25.57,25.71,7600
EQL.U.TO,20230510,21.8,21.8,21.57,21.66,7900
EQX.TO,20230510,7.78,7.8,7.38,7.5,431038
ERD.TO,20230510,0.355,0.355,0.34,0.35,180519
ERE.UN.TO,20230510,3.29,3.29,3.24,3.24,82496
ERO.TO,20230510,26.86,26.95,24.28,25.04,687934
ESG.TO,20230510,29.28,29.32,29.14,29.32,1036
ESG.F.TO,20230510,28.43,28.43,28.27,28.37,401
ESGA.TO,20230510,32.7,32.74,32.7,32.74,300
ESGB.TO,20230510,26.55,26.55,26.55,26.55,0
ESGC.TO,20230510,24.41,24.45,24.41,24.45,3500
ESGE.TO,20230510,31.33,31.33,31.17,31.17,2700
ESGF.TO,20230510,24.51,24.51,24.51,24.51,0
ESGG.TO,20230510,35.88,35.88,35.88,35.88,0
ESGH.TO,20230510,26.14,26.14,26.14,26.14,0
ESGH.F.TO,20230510,24.44,24.44,24.44,24.44,1300
ESGY.TO,20230510,38.57,38.57,38.57,38.57,0
ESGY.F.TO,20230510,31.24,31.24,31.24,31.24,0
ESI.TO,20230510,2.19,2.19,2.01,2.05,859479
ESM.TO,20230510,0.045,0.05,0.045,0.045,1162787
ESPX.TO,20230510,20.7,20.7,20.7,20.7,220
ET.TO,20230510,11.96,11.96,11.91,11.91,815
ETC.TO,20230510,6.6,6.62,6.39,6.54,2639
ETC.U.TO,20230510,6.26,6.26,6.26,6.26,0
ETG.TO,20230510,1.32,1.32,1.3,1.3,26600
ETHH.TO,20230510,7.78,7.8,7.45,7.66,33461
ETHH.B.TO,20230510,8.8,8.8,8.42,8.69,63395
ETHH.U.TO,20230510,8.23,8.24,7.89,8.15,8320
ETHI.TO,20230510,40.73,40.73,40.63,40.65,696
ETHQ.TO,20230510,9.98,9.98,9.65,9.86,1076
ETHQ.U.TO,20230510,7.44,7.44,7.28,7.28,200
ETHR.TO,20230510,8.75,8.75,8.44,8.66,11376
ETHR.U.TO,20230510,7.99,7.99,7.97,7.97,2000
ETHX.B.TO,20230510,9.04,9.1,8.69,8.95,126788
ETHX.U.TO,20230510,8.51,8.51,8.16,8.41,37804
ETHY.TO,20230510,3.08,3.08,2.97,3.04,8419
ETHY.B.TO,20230510,3.73,3.73,3.6,3.62,1772
ETHY.U.TO,20230510,2.97,3,2.93,2.98,1334
ETP.TO,20230510,16.28,16.28,16.28,16.28,400
ETSX.TO,20230510,20.2,20.25,20.2,20.2,9908
EVT.TO,20230510,135.5,135.5,135.5,135.5,0
EXE.TO,20230510,7.04,7.19,7.01,7.14,493545
EXE.DB.C.TO,20230510,95.85,96,95.85,95.9,34000
EXN.TO,20230510,0.39,0.39,0.385,0.385,20508
EXRO.TO,20230510,2.6,2.64,2.56,2.57,116701
EXRO.WT.TO,20230510,1.29,1.32,1.29,1.32,4400
FANS.TO,20230510,0.06,0.07,0.06,0.07,540518
FAP.TO,20230510,2.5,2.51,2.49,2.51,11037
FAR.TO,20230510,1.78,1.78,1.78,1.78,1000
FBGO.TO,20230510,17.42,17.42,17.42,17.42,0
FBTC.TO,20230510,12.69,12.69,12.25,12.33,6248
FBTC.U.TO,20230510,9.4,9.4,9.4,9.4,0
FC.TO,20230510,11.01,11.06,11,11.02,9542
FC.DB.H.TO,20230510,96.01,96.01,96.01,96.01,0
FC.DB.I.TO,20230510,93.02,93.02,93.02,93.02,0
FC.DB.J.TO,20230510,94.26,94.26,94.26,94.26,0
FC.DB.K.TO,20230510,85.01,85.01,85.01,85.01,0
FC.DB.L.TO,20230510,89.9,89.9,89.9,89.9,12000
FCCD.TO,20230510,27.61,27.61,27.4,27.49,5633
FCCQ.TO,20230510,30.55,30.55,30.21,30.33,871
FCCV.TO,20230510,13.18,13.18,12.99,13.03,14479
FCD.UN.TO,20230510,5.17,5.28,5.17,5.26,3625
FCGI.TO,20230510,12.24,12.24,12.24,12.24,0
FCID.TO,20230510,24.1,24.1,24.1,24.1,1001
FCII.TO,20230510,21.9,21.9,21.9,21.9,0
FCIQ.TO,20230510,33.73,33.76,33.59,33.66,1482
FCIV.TO,20230510,30.03,30.08,29.97,30.08,5059
FCMI.TO,20230510,12.07,12.07,12.07,12.07,0
FCQH.TO,20230510,40.89,40.89,40.32,40.55,603
FCR.UN.TO,20230510,15.04,15.11,14.93,15.03,492702
FCRH.TO,20230510,29.3,29.3,29.3,29.3,0
FCRR.TO,20230510,31.65,31.65,31.65,31.65,100
FCSI.TO,20230510,19.44,19.44,19.44,19.44,400
FCU.TO,20230510,0.63,0.65,0.62,0.65,1113983
FCUD.TO,20230510,28.91,28.91,28.72,28.84,3494
FCUH.TO,20230510,26.5,26.5,26.3,26.41,2249
FCUQ.TO,20230510,42.5,42.5,42.25,42.48,1631
FCUV.TO,20230510,12.87,12.87,12.84,12.84,220
FCUV.U.TO,20230510,9.62,9.62,9.62,9.62,0
FCVH.TO,20230510,12.64,12.64,12.64,12.64,0
FDL.TO,20230510,29.09,29.09,29.09,29.09,0
FDN.TO,20230510,15.32,15.32,15.32,15.32,0
FDN.F.TO,20230510,11.02,11.02,11.02,11.02,135
FDY.TO,20230510,0.96,0.97,0.89,0.9,154722
FEBB.F.TO,20230510,35.89,35.89,35.89,35.89,0
FEC.TO,20230510,11.42,11.43,10.78,10.84,74635
FETH.TO,20230510,33.41,33.41,33.41,33.41,0
FF.TO,20230510,0.18,0.185,0.175,0.185,460565
FFH.TO,20230510,933.34,933.34,915.03,925.8,24569
FFH.PR.C.TO,20230510,17.72,17.96,17.72,17.96,400
FFH.PR.D.TO,20230510,18.98,19.19,18.98,19.19,6200
FFH.PR.E.TO,20230510,14.35,14.35,14.35,14.35,0
FFH.PR.F.TO,20230510,15.72,15.72,15.72,15.72,702
FFH.PR.G.TO,20230510,14.15,14.2,14.14,14.2,1900
FFH.PR.H.TO,20230510,17.1,17.1,17.1,17.1,0
FFH.PR.I.TO,20230510,15.22,15.22,15.09,15.09,4447
FFH.PR.J.TO,20230510,17.51,17.51,17.51,17.51,0
FFH.PR.K.TO,20230510,18.21,18.22,18.11,18.22,4803
FFH.PR.M.TO,20230510,21.1,21.1,20.91,20.91,3179
FFN.TO,20230510,3.97,3.98,3.88,3.92,40300
FFN.PR.A.TO,20230510,9.45,9.48,9.44,9.46,14480
FGAA.U.TO,20230510,10.15,10.15,10.15,10.15,0
FGAA.WT.U.TO,20230510,1.15,1.15,1.15,1.15,0
FGB.TO,20230510,17.88,17.88,17.88,17.88,0
FGGE.TO,20230510,20.6,20.64,20.57,20.62,5200
FGO.TO,20230510,10.16,10.19,10.16,10.19,6000
FGO.U.TO,20230510,10.25,10.25,10.25,10.25,0
FHG.TO,20230510,38.31,38.31,38.31,38.31,100
FHH.TO,20230510,38.67,38.73,38.67,38.73,1000
FHI.TO,20230510,11.56,11.6,11.55,11.6,2870
FHI.B.TO,20230510,12.63,12.63,12.63,12.63,0
FHI.U.TO,20230510,9.85,9.85,9.85,9.85,800
FHIS.TO,20230510,20.28,20.29,20.28,20.29,16200
FHQ.TO,20230510,62.35,62.35,62.35,62.35,0
FHQ.F.TO,20230510,35.56,35.56,35.56,35.56,100
FIE.TO,20230510,6.7,6.7,6.62,6.64,108271
FIG.TO,20230510,9.27,9.3,9.27,9.27,1800
FIG.U.TO,20230510,8.8,8.8,8.8,8.8,0
FIH.U.TO,20230510,12.7,12.7,12.52,12.56,27685
FIL.TO,20230510,22.46,22.8,22.14,22.38,71604
FINO.TO,20230510,15.71,15.71,15.71,15.71,0
FINT.TO,20230510,24.95,24.95,24.95,24.95,0
FLCI.TO,20230510,17.13,17.13,17.13,17.13,0
FLCP.TO,20230510,17.54,17.54,17.54,17.54,0
FLDM.TO,20230510,20.99,20.99,20.99,20.99,0
FLGA.TO,20230510,18.68,18.7,18.68,18.7,968
FLGD.TO,20230510,23.08,23.08,23.08,23.08,216
FLI.TO,20230510,9.18,9.18,8.98,9.02,6815
FLNT.TO,20230510,0.035,0.04,0.035,0.04,7000
FLOW.TO,20230510,0.44,0.44,0.42,0.42,7900
FLSD.TO,20230510,18.63,18.65,18.63,18.65,4900
FLUS.TO,20230510,32.17,32.17,32.17,32.17,700
FLX.TO,20230510,6.71,6.76,6.71,6.76,19000
FLX.U.TO,20230510,5.63,5.63,5.55,5.55,9600
FM.TO,20230510,35.49,35.62,32.99,33.45,1969717
FN.TO,20230510,39,39.38,38.68,39.12,17727
FN.PR.A.TO,20230510,10.6,10.6,10.6,10.6,0
FN.PR.B.TO,20230510,13.25,13.25,13.25,13.25,0
FNV.TO,20230510,215.24,215.24,209.51,213.02,251902
FOOD.TO,20230510,0.55,0.55,0.53,0.55,46743
FOOD.DB.TO,20230510,30,30,30,30,0
FOOD.DB.A.TO,20230510,32.5,32.5,32.5,32.5,0
FORA.TO,20230510,3,3.59,3,3.47,76300
FOUR.TO,20230510,38.74,38.74,38.74,38.74,0
FPR.TO,20230510,19.76,19.78,19.76,19.76,1700
FRU.TO,20230510,14.64,14.64,14.21,14.24,248742
FRX.TO,20230510,10.47,10.67,10.4,10.67,1159
FSB.TO,20230510,9.62,9.63,9.62,9.63,8400
FSB.U.TO,20230510,9.75,9.75,9.75,9.75,0
FSF.TO,20230510,20.91,20.95,20.91,20.93,800
FSL.TO,20230510,16.88,16.88,16.85,16.85,900
FST.TO,20230510,42.32,42.32,42.32,42.32,0
FSV.TO,20230510,192.26,195.3,192.26,193.98,63397
FSY.TO,20230510,0.455,0.46,0.45,0.46,50876
FSZ.TO,20230510,7.31,7.31,7,7.05,458102
FTG.TO,20230510,3.31,3.31,3.25,3.3,1923
FTN.TO,20230510,8.9,8.9,8.84,8.9,51845
FTN.PR.A.TO,20230510,9.53,9.55,9.52,9.52,44838
FTS.TO,20230510,61.45,61.81,60.8,61.36,2473148
FTS.PR.F.TO,20230510,20.61,20.63,20.6,20.6,3400
FTS.PR.G.TO,20230510,17.61,17.78,17.61,17.78,621
FTS.PR.H.TO,20230510,12.54,12.54,12.53,12.54,300
FTS.PR.I.TO,20230510,15.25,15.25,15.25,15.25,0
FTS.PR.J.TO,20230510,19.96,19.98,19.9,19.96,7800
FTS.PR.K.TO,20230510,16.2,16.2,16.2,16.2,300
FTS.PR.M.TO,20230510,16.86,16.87,16.85,16.85,2200
FTT.TO,20230510,36.35,36.83,35.6,35.94,500885
FTU.TO,20230510,0.19,0.19,0.19,0.19,0
FTU.PR.B.TO,20230510,6.16,6.16,6.16,6.16,200
FUD.TO,20230510,33.35,33.35,33.35,33.35,0
FURY.TO,20230510,0.71,0.72,0.71,0.71,35644
FVI.TO,20230510,5.05,5.06,4.7,4.75,810688
FVI.DB.U.TO,20230510,97.04,97.04,97.04,97.04,0
FVL.TO,20230510,0.67,0.69,0.66,0.69,60020
FWCP.TO,20230510,17.29,17.29,17.29,17.29,0
FXM.TO,20230510,20.78,20.83,20.78,20.83,1180
G.TO,20230510,1.23,1.23,1.21,1.21,37951
GATO.TO,20230510,8.38,8.38,8.22,8.22,300
GAU.TO,20230510,0.96,0.96,0.93,0.93,6690
GBAL.TO,20230510,41.51,41.51,41.51,41.51,0
GBT.TO,20230510,14.65,14.65,14.64,14.64,3100
GCBD.TO,20230510,17.99,18,17.99,18,2004
GCG.TO,20230510,43.98,43.99,43.98,43.99,700
GCG.A.TO,20230510,43.83,44.37,43.4,44.37,2809
GCL.TO,20230510,0.75,0.75,0.75,0.75,139400
GCNS.TO,20230510,38.68,38.68,38.68,38.68,0
GCSC.TO,20230510,21.09,21.1,21.09,21.1,434
GDC.TO,20230510,2,2,2,2,0
GDEP.TO,20230510,19.89,19.89,19.89,19.89,600
GDEP.B.TO,20230510,18.88,18.88,18.88,18.88,0
GDI.TO,20230510,46.01,46.89,46,46.75,13086
GDL.TO,20230510,12.08,12.08,12.08,12.08,163
GDPY.TO,20230510,20.83,20.83,20.82,20.82,1753
GDPY.B.TO,20230510,19.82,19.84,19.82,19.84,800
GDV.TO,20230510,10.15,10.15,10,10.1,18688
GDV.PR.A.TO,20230510,9.34,9.38,9.34,9.35,800
GEC.TO,20230510,0.4,0.4,0.4,0.4,0
GEI.TO,20230510,22.16,22.22,21.78,21.85,329970
GENM.TO,20230510,0.54,0.54,0.5,0.5,144631
GEO.TO,20230510,3.41,3.41,3.05,3.1,54903
GEQT.TO,20230510,45.86,46.1,45.86,46.1,266
GFL.TO,20230510,50.41,51.08,50.01,50.35,613410
GFP.TO,20230510,1.35,1.39,1.35,1.38,3300
GGD.TO,20230510,1.9,1.92,1.8,1.82,272276
GGRO.TO,20230510,43.86,43.89,43.71,43.89,744
GH.TO,20230510,9.49,9.8,9.3,9.75,92095
GIB.A.TO,20230510,136.97,137.84,136.66,137.47,279719
GIL.TO,20230510,40.8,40.88,39.99,40.44,280790
GIQG.TO,20230510,19.86,19.86,19.86,19.86,0
GIQG.B.TO,20230510,20.56,20.56,20.56,20.56,0
GIQU.TO,20230510,19.4,19.4,19.4,19.4,0
GIQU.B.TO,20230510,20.33,20.33,20.33,20.33,0
GIVX.TO,20230510,0.465,0.465,0.465,0.465,0
GLCC.TO,20230510,28.33,28.36,27.89,28.17,17187
GLO.TO,20230510,2.91,2.95,2.83,2.9,232010
GLXY.TO,20230510,5.38,5.77,5.33,5.33,1201812
GMTN.TO,20230510,0.18,0.18,0.17,0.18,108260
GMX.TO,20230510,0.82,0.82,0.8,0.8,6109
GOLD.TO,20230510,1.47,1.51,1.44,1.44,145944
GOOS.TO,20230510,28.03,28.1,27.38,27.64,237217
GRA.TO,20230510,2.94,2.99,2.91,2.93,37780
GRC.TO,20230510,0.115,0.12,0.115,0.115,37004
GRID.TO,20230510,0.78,0.79,0.78,0.78,4600
GRN.TO,20230510,0.3,0.31,0.295,0.3,281142
GRNI.TO,20230510,29.08,29.08,29,29.03,10400
GRT.UN.TO,20230510,79.53,81.34,79.42,80.53,48853
GSY.TO,20230510,100.29,108.79,100.03,108.3,225545
GTE.TO,20230510,8.32,8.33,7.7,7.76,204995
GUD.TO,20230510,4.69,4.78,4.68,4.71,71578
GURU.TO,20230510,2.78,2.78,2.65,2.73,14177
GVC.TO,20230510,0.26,0.26,0.26,0.26,0
GWO.TO,20230510,38.61,38.75,37.46,38.06,1771091
GWO.PR.G.TO,20230510,21.39,21.39,21.29,21.36,1400
GWO.PR.H.TO,20230510,19.72,19.93,19.68,19.93,7500
GWO.PR.I.TO,20230510,18.56,18.72,18.55,18.72,700
GWO.PR.L.TO,20230510,22.65,22.7,22.57,22.7,2520
GWO.PR.M.TO,20230510,23.42,23.42,23.42,23.42,0
GWO.PR.N.TO,20230510,12.36,12.37,12.35,12.37,6594
GWO.PR.P.TO,20230510,21.7,21.7,21.7,21.7,300
GWO.PR.Q.TO,20230510,20.82,20.82,20.82,20.82,0
GWO.PR.R.TO,20230510,19.71,19.91,19.63,19.63,436
GWO.PR.S.TO,20230510,21.2,21.24,21.2,21.2,2400
GWO.PR.T.TO,20230510,21,21,21,21,825
GWO.PR.Y.TO,20230510,18.97,18.97,18.8,18.94,1700
GXE.TO,20230510,1.01,1.01,0.98,1,448871
H.TO,20230510,39.33,39.75,38.94,39.26,1084524
HAB.TO,20230510,9.78,9.8,9.76,9.76,14621
HAC.TO,20230510,25.49,25.49,25.33,25.35,10200
HAD.TO,20230510,8.97,8.97,8.97,8.97,0
HAF.TO,20230510,6.98,6.98,6.98,6.98,200
HAI.TO,20230510,3.97,4.06,3.97,4.05,8234
HAL.TO,20230510,19.54,19.54,19.5,19.5,2350
HAZ.TO,20230510,28.18,28.19,28.1,28.19,822
HBA.TO,20230510,20.52,20.52,20.52,20.52,419
HBAL.TO,20230510,13.16,13.16,13.09,13.09,6284
HBB.TO,20230510,46.09,46.2,46.03,46.12,8561
HBD.TO,20230510,9.77,9.86,9.72,9.79,4600
HBF.TO,20230510,9.54,9.54,9.43,9.53,14240
HBF.B.TO,20230510,10.26,10.26,10.26,10.26,100
HBF.U.TO,20230510,10.56,10.56,10.56,10.56,0
HBFE.TO,20230510,10.3,10.3,10.3,10.3,108
HBGD.TO,20230510,16.72,16.72,16.72,16.72,302
HBKD.TO,20230510,21.35,21.35,21.35,21.35,0
HBKU.TO,20230510,18.51,18.51,18.51,18.51,0
HBLK.TO,20230510,10.01,10.04,10.01,10.04,1225
HBM.TO,20230510,6.96,7.05,6.66,6.72,1893979
HBP.TO,20230510,0.19,0.19,0.19,0.19,2500
HBU.TO,20230510,12.41,12.41,12.29,12.37,16052
HBUG.TO,20230510,17.42,17.42,17.42,17.42,0
HCA.TO,20230510,20.73,20.74,20.67,20.67,1146
HCAL.TO,20230510,20.04,20.07,19.85,19.99,29688
HCLN.TO,20230510,11.55,11.55,11.55,11.55,612
HCON.TO,20230510,12.3,12.3,12.28,12.28,1809
HCRE.TO,20230510,24.7,24.7,24.69,24.7,1217
HDGE.TO,20230510,22.42,22.42,22.42,22.42,0
HDIF.TO,20230510,7.88,8.01,7.77,7.92,375927
HDIV.TO,20230510,16.06,16.06,15.82,15.94,58150
HEB.TO,20230510,15.82,15.82,15.82,15.82,366
HED.TO,20230510,7.07,7.3,7.07,7.25,58550
HERO.TO,20230510,26.93,26.93,26.93,26.93,0
HEU.TO,20230510,20.69,20.69,19.82,20.01,31422
HEWB.TO,20230510,28.78,28.78,28.58,28.71,2102
HFD.TO,20230510,11.34,11.6,11.34,11.52,1738
HFG.TO,20230510,18.72,18.77,18.72,18.77,875
HFIN.TO,20230510,13.48,13.48,13.3,13.37,2029
HFPC.U.TO,20230510,2.52,2.55,2.52,2.54,5500
HFR.TO,20230510,9.77,9.77,9.76,9.76,12316
HFU.TO,20230510,17.4,17.43,17.31,17.43,6400
HGD.TO,20230510,4.54,4.71,4.53,4.62,212928
HGGB.TO,20230510,21.49,21.49,21.49,21.49,0
HGGG.TO,20230510,30.78,30.78,30.78,30.78,100
HGR.TO,20230510,6.44,6.44,6.44,6.44,150
HGU.TO,20230510,18.6,18.62,17.82,18.27,250568
HGY.TO,20230510,10.13,10.13,10.05,10.08,16147
HHL.TO,20230510,8.21,8.22,8.16,8.2,126125
HHL.B.TO,20230510,8.74,8.77,8.74,8.77,400
HHL.U.TO,20230510,8.61,8.61,8.55,8.56,8277
HHLE.TO,20230510,10.46,10.49,10.41,10.48,207178
HIG.TO,20230510,8.58,8.63,8.52,8.6,7700
HISU.U.TO,20230510,100.2,100.2,100.2,100.2,842
HIU.TO,20230510,14.35,14.49,14.33,14.4,12000
HIX.TO,20230510,28.73,28.73,28.73,28.73,1210
HLF.TO,20230510,14.43,14.55,14.43,14.55,3510
HLFE.TO,20230510,10.47,10.47,10.4,10.43,5800
HLIF.TO,20230510,9.17,9.17,9.17,9.17,4409
HLIT.TO,20230510,37.39,37.53,37.39,37.42,5917
HLPR.TO,20230510,21.41,21.41,21.35,21.38,6111
HLS.TO,20230510,5.1,5.1,5.06,5.06,3056
HMAX.TO,20230510,14.77,14.81,14.66,14.73,148641
HMM.A.TO,20230510,6.03,6.03,6.03,6.03,800
HMMJ.TO,20230510,10.04,10.18,10.04,10.18,3167
HMMJ.U.TO,20230510,7.09,7.09,7.09,7.09,0
HMP.TO,20230510,9.31,9.34,9.31,9.34,7800
HND.TO,20230510,76.75,79.71,75.98,78.41,342816
HNU.TO,20230510,13.44,13.68,12.94,13.18,3792767
HOD.TO,20230510,11.22,11.61,11.2,11.32,839587
HOM.DB.U.TO,20230510,101,101,101,101,0
HOM.U.TO,20230510,12.7,12.8,12.69,12.77,18862
HOM.UN.TO,20230510,16.82,17.16,16.82,17.07,6054
HOT.DB.V.TO,20230510,82.09,82.09,82.09,82.09,0
HOT.U.TO,20230510,1.8,1.88,1.8,1.88,600
HOT.UN.TO,20230510,2.55,2.55,2.52,2.52,25076
HOU.TO,20230510,12.13,12.13,11.61,11.91,1199811
HPF.TO,20230510,3.28,3.29,3.27,3.27,24718
HPF.U.TO,20230510,4.05,4.05,4.05,4.05,0
HPR.TO,20230510,7.41,7.43,7.39,7.41,44017
HPS.A.TO,20230510,42.85,43.34,41.62,42.45,35920
HQD.TO,20230510,24.88,25.28,24.6,24.74,800421
HQD.U.TO,20230510,18.49,18.49,18.49,18.49,100
HQU.TO,20230510,11.28,11.4,11.11,11.34,917174
HR.UN.TO,20230510,11.51,11.52,11.39,11.42,263582
HRAA.TO,20230510,10.83,10.83,10.83,10.83,0
HRED.TO,20230510,15.82,15.82,15.82,15.82,0
HREU.TO,20230510,16.06,16.06,16.06,16.06,0
HRIF.TO,20230510,14.86,14.86,14.86,14.86,200
HRX.TO,20230510,13.09,13.09,13,13.04,14551
HSAV.TO,20230510,105.8,105.88,105.78,105.86,11236
HSD.TO,20230510,28.56,29.25,28.46,28.71,896908
HSH.TO,20230510,50.47,50.51,50.26,50.51,1738
HSU.TO,20230510,14.37,14.42,14.03,14.3,566525
HSUV.U.TO,20230510,104.09,104.1,104.07,104.08,8529
HTA.TO,20230510,13.51,13.61,13.49,13.56,17776
HTA.B.TO,20230510,13.53,13.53,13.53,13.53,0
HTA.U.TO,20230510,14.16,14.16,14.16,14.16,0
HTAE.TO,20230510,11.56,11.7,11.56,11.7,11550
HTB.TO,20230510,55.88,55.88,55.83,55.88,871
HTB.U.TO,20230510,41.85,41.87,41.84,41.84,494
HUBL.TO,20230510,9.99,9.99,9.78,9.84,11260
HUBL.U.TO,20230510,10.9,10.9,10.9,10.9,0
HUC.TO,20230510,19.18,19.21,19.08,19.21,1400
HUG.TO,20230510,16.35,16.4,16.33,16.33,600
HULC.TO,20230510,64.94,64.94,64.55,64.83,500
HULC.U.TO,20230510,48.44,48.44,48.44,48.44,0
HUM.TO,20230510,20.74,20.74,20.74,20.74,0
HUN.TO,20230510,11.38,11.38,11.31,11.32,640
HURA.TO,20230510,22.74,22.9,22.72,22.9,1465
HUT.TO,20230510,2.43,2.52,2.41,2.42,3371856
HUTE.TO,20230510,11.02,11.02,11.02,11.02,0
HUTL.TO,20230510,18.16,18.16,17.97,18.15,29357
HUTS.TO,20230510,14.35,14.35,14.2,14.22,631
HUV.TO,20230510,26.87,28.09,26.51,26.97,91404
HUZ.TO,20230510,12,12,11.8,11.84,2026
HWO.TO,20230510,1.03,1.06,1.01,1.06,18649
HWX.TO,20230510,6.23,6.23,5.93,6.1,1011015
HXCN.TO,20230510,32.1,32.1,31.94,31.97,4559
HXD.TO,20230510,6.58,6.71,6.57,6.66,431502
HXDM.TO,20230510,40.64,40.72,40.58,40.69,8130
HXDM.U.TO,20230510,30.19,30.19,30.19,30.19,0
HXE.TO,20230510,28.25,28.25,28.25,28.25,500
HXEM.TO,20230510,31.25,31.34,31.25,31.34,400
HXF.TO,20230510,58.65,58.65,58.65,58.65,100
HXH.TO,20230510,45.47,45.47,45.47,45.47,0
HXQ.TO,20230510,50.55,50.87,50.5,50.8,4872
HXQ.U.TO,20230510,37.74,37.74,37.74,37.74,100
HXS.TO,20230510,55.8,55.83,55.4,55.75,8751
HXS.U.TO,20230510,41.72,41.75,41.71,41.73,4040
HXT.TO,20230510,51.33,51.38,50.8,51.04,267251
HXT.U.TO,20230510,37.28,37.28,37.28,37.28,0
HXU.TO,20230510,19.73,19.74,19.38,19.5,61291
HXX.TO,20230510,42.99,43.08,42.99,43.08,671
HYBR.TO,20230510,7.62,7.65,7.58,7.58,1200
HYLD.TO,20230510,12.28,12.32,12.21,12.3,83115
HYLD.U.TO,20230510,12.5,12.51,12.42,12.51,5896
HZD.TO,20230510,12.59,13.06,12.56,12.93,29660
HZU.TO,20230510,26,26.16,25.12,25.42,22479
IAF.PR.B.TO,20230510,20.5,20.5,20.5,20.5,465
IAG.TO,20230510,88.89,88.89,81.78,82.75,625330
IAU.TO,20230510,3.19,3.21,3.06,3.13,892734
IBG.DB.E.TO,20230510,100,100,100,100,4000
ICAE.TO,20230510,19.68,19.72,19.68,19.72,600
ICE.TO,20230510,3.56,3.56,3.56,3.56,0
ICPB.TO,20230510,9.3,9.3,9.3,9.3,300
IDEF.B.TO,20230510,11.73,11.73,11.73,11.73,0
IDIV.B.TO,20230510,12.05,12.05,12.05,12.05,0
IE.TO,20230510,16.12,16.12,16.12,16.12,0
IFA.TO,20230510,1.38,1.38,1.38,1.38,0
IFC.TO,20230510,201.41,203,200,202.71,165242
IFC.PR.A.TO,20230510,17.6,17.63,17.56,17.63,4700
IFC.PR.C.TO,20230510,17.37,17.46,17.37,17.45,390
IFC.PR.E.TO,20230510,21.7,21.7,21.7,21.7,3200
IFC.PR.F.TO,20230510,22.46,22.68,22.45,22.45,3400
IFC.PR.G.TO,20230510,19.9,19.9,19.85,19.85,2400
IFC.PR.I.TO,20230510,22.85,22.85,22.85,22.85,350
IFC.PR.K.TO,20230510,21.75,21.99,21.75,21.99,4200
IFP.TO,20230510,22.76,22.97,22.08,22.24,152235
IFRF.TO,20230510,8.73,8.73,8.73,8.73,0
IGAF.TO,20230510,11.5,11.5,11.5,11.5,700
IGB.TO,20230510,17.52,17.52,17.52,17.52,100
IGCF.TO,20230510,16.5,16.5,16.5,16.5,0
IGM.TO,20230510,39.32,39.49,38.64,38.89,205167
IICE.TO,20230510,19.95,19.95,19.95,19.95,0
III.TO,20230510,1.75,1.8,1.75,1.79,12850
IIP.UN.TO,20230510,13.48,13.63,13.44,13.54,429239
ILGB.TO,20230510,8.6,8.6,8.6,8.6,0
ILLM.TO,20230510,1.92,1.96,1.85,1.94,119433
IMG.TO,20230510,4.44,4.45,4.29,4.42,1161595
IMO.TO,20230510,63.63,63.76,61.67,62.14,568847
IMP.TO,20230510,0.55,0.56,0.55,0.56,4000
INC.UN.TO,20230510,11.1,11.15,11.1,11.15,627
INE.TO,20230510,13.49,13.64,12.63,12.89,1042770
INE.DB.B.TO,20230510,96.5,96.5,96.01,96.01,41999
INE.DB.C.TO,20230510,94.5,94.5,92.7,92.7,129000
INE.PR.A.TO,20230510,13.6,13.6,13.6,13.6,1000
INE.PR.C.TO,20230510,21.1,21.1,21.1,21.1,0
INO.UN.TO,20230510,3.15,3.49,3.15,3.48,151028
INOC.TO,20230510,12.75,12.75,12.75,12.75,5200
IPCO.TO,20230510,12.46,12.46,12.18,12.19,40254
IPO.TO,20230510,2.65,2.65,2.53,2.59,200282
IQD.TO,20230510,31.46,31.53,31.46,31.53,4000
IQD.B.TO,20230510,27.92,27.92,27.8,27.9,400
ISIF.TO,20230510,10.82,10.82,10.82,10.82,0
ISV.TO,20230510,22,22,21.5,21.6,9401
ITE.TO,20230510,0.315,0.315,0.31,0.31,273254
ITH.TO,20230510,0.7,0.71,0.7,0.71,3267
IUAE.TO,20230510,19.88,19.88,19.88,19.88,0
IVN.TO,20230510,12.19,12.19,11.38,11.53,1871172
IVQ.TO,20230510,1.14,1.14,1.13,1.14,4654
IVQ.DB.U.TO,20230510,79,79,79,79,0
IVQ.DB.V.TO,20230510,81.5,82,81.5,82,1560
IVQ.U.TO,20230510,0.84,0.84,0.84,0.84,0
IWBE.TO,20230510,17.32,17.32,17.32,17.32,0
JAG.TO,20230510,2.65,2.68,2.55,2.57,16202
JAPN.TO,20230510,32.74,32.74,32.74,32.74,0
JAPN.B.TO,20230510,26.78,26.78,26.78,26.78,0
JFS.UN.TO,20230510,23.8,23.8,23.8,23.8,400
JOY.TO,20230510,5.91,5.91,5.52,5.7,584310
JWEL.TO,20230510,32.07,32.36,31.71,31.76,36177
K.TO,20230510,7.25,7.44,7.16,7.42,3216144
KBL.TO,20230510,29.34,29.39,29.33,29.39,2244
KEC.TO,20230510,12.15,12.15,12.15,12.15,0
KEG.UN.TO,20230510,15.62,15.62,15.43,15.43,5716
KEI.TO,20230510,4.54,4.54,4.27,4.39,58666
KEL.TO,20230510,5.1,5.2,5.03,5.11,174494
KEY.TO,20230510,32.44,32.81,31.97,32.25,984245
KILO.TO,20230510,30.3,30.49,30.3,30.49,1770
KILO.B.TO,20230510,32.49,32.49,32.49,32.49,100
KILO.U.TO,20230510,31.66,31.66,31.66,31.66,0
KITS.TO,20230510,5.17,5.6,5.1,5.51,37988
KLS.TO,20230510,0.34,0.34,0.34,0.34,1000
KMP.UN.TO,20230510,17.66,17.81,17.64,17.75,172797
KNT.TO,20230510,6.65,6.72,6.4,6.52,515639
KPT.TO,20230510,10.18,10.24,10.17,10.17,4102
KRN.TO,20230510,0.24,0.24,0.24,0.24,2612
KRR.TO,20230510,5.6,5.6,5.27,5.33,612487
KSI.TO,20230510,2.56,2.65,2.56,2.65,22386
KXS.TO,20230510,180.08,185.45,179.2,184.17,53892
L.TO,20230510,123.65,124.43,122.51,123.59,578637
L.PR.B.TO,20230510,22.21,22.21,22.21,22.21,0
LABS.TO,20230510,0.075,0.08,0.075,0.08,36833
LAC.TO,20230510,28.81,29.5,28.71,29.24,510783
LAM.TO,20230510,0.4,0.41,0.4,0.405,134535
LAS.A.TO,20230510,100,100,98.5,99.71,2559
LB.TO,20230510,31.48,31.7,30.65,30.88,216706
LB.PR.H.TO,20230510,15.7,15.7,15.7,15.7,0
LBS.TO,20230510,8.53,8.64,8.53,8.6,33322
LBS.PR.A.TO,20230510,9.89,9.9,9.89,9.9,36300
LCFS.TO,20230510,8.46,8.46,8.28,8.28,2211
LCS.TO,20230510,5.92,5.92,5.44,5.59,99646
LCS.PR.A.TO,20230510,9.95,9.95,9.92,9.92,4500
LEAD.TO,20230510,15,15.02,15,15.02,1368
LEAD.B.TO,20230510,15.27,15.27,15.27,15.27,0
LEV.TO,20230510,2.99,3.09,2.91,3,486941
LEV.WT.TO,20230510,0.28,0.28,0.25,0.265,10200
LEV.WT.A.TO,20230510,0.88,0.88,0.88,0.88,1500
LFE.TO,20230510,3.41,3.41,3.25,3.28,11000
LFE.PR.B.TO,20230510,10.1,10.17,10.06,10.17,4462
LGD.TO,20230510,0.52,0.52,0.48,0.5,226688
LGO.TO,20230510,7.2,7.2,6.72,6.87,53186
LIF.TO,20230510,29.75,29.84,28.97,29.16,119533
LIFE.TO,20230510,21.89,21.89,21.7,21.78,51529
LIFE.B.TO,20230510,24.74,24.74,24.74,24.74,0
LIFE.U.TO,20230510,21.45,21.45,21.45,21.45,0
LIRC.TO,20230510,14.83,15.38,14.52,15.21,36438
LN.TO,20230510,0.405,0.405,0.405,0.405,2000
LNF.TO,20230510,22.5,22.65,22.31,22.52,5001
LNR.TO,20230510,65.33,66.29,64.25,65.27,84834
LPEN.TO,20230510,0.72,0.72,0.72,0.72,4306
LSPD.TO,20230510,19.5,19.9,19.47,19.62,1057945
LSPK.TO,20230510,0.4,0.405,0.365,0.365,380718
LUC.TO,20230510,0.5,0.53,0.5,0.53,15938
LUG.TO,20230510,19.3,19.42,18.75,19.04,659310
LUN.TO,20230510,11.09,11.12,10.57,10.67,2133483
LYCT.TO,20230510,10.19,10.19,10.19,10.19,0
MAG.TO,20230510,18.02,18.02,16.41,16.51,228794
MAL.TO,20230510,7.73,7.73,7.61,7.64,6754
MARI.TO,20230510,4.26,4.34,4.25,4.26,8800
MAYB.F.TO,20230510,35.2,35.2,35.2,35.2,0
MBAL.TO,20230510,20.66,21.2,20.66,21.2,4160
MBX.TO,20230510,0.37,0.375,0.37,0.37,3880
MCB.TO,20230510,1.58,1.6,1.55,1.55,93400
MCLC.TO,20230510,34.35,34.35,34.09,34.09,1515
MCON.TO,20230510,19.75,19.75,19.75,19.75,0
MCSB.TO,20230510,18.98,18.98,18.98,18.98,500
MCSM.TO,20230510,36.52,36.58,36.51,36.58,631
MDA.TO,20230510,6.55,6.85,6.55,6.71,77621
MDI.TO,20230510,10.27,10.28,10.05,10.15,18355
MDIV.TO,20230510,13.06,13.06,13.06,13.06,300
MDNA.TO,20230510,1.06,1.06,1.01,1.01,19472
MDP.TO,20230510,1.48,1.48,1.4,1.43,17800
MDS.UN.TO,20230510,11.63,11.63,11.63,11.63,0
MDVD.TO,20230510,22.69,22.75,22.69,22.75,1000
MEE.TO,20230510,23.41,23.41,23.4,23.4,200
MEG.TO,20230510,21.16,21.26,20.3,20.55,2103760
MEME.B.TO,20230510,25.93,25.93,25.93,25.93,0
MEQ.TO,20230510,133.23,133.23,132.65,133,520
MEU.TO,20230510,22.03,22.03,22.03,22.03,100
MFC.TO,20230510,26.74,26.74,26.03,26.24,6202061
MFC.PR.B.TO,20230510,19.32,19.45,19.32,19.37,1100
MFC.PR.C.TO,20230510,18.75,18.85,18.74,18.85,3670
MFC.PR.F.TO,20230510,12.73,12.73,12.5,12.5,918
MFC.PR.I.TO,20230510,22.71,22.89,22.71,22.77,1700
MFC.PR.J.TO,20230510,22.3,22.31,22.22,22.26,2680
MFC.PR.K.TO,20230510,18.06,18.06,18.06,18.06,0
MFC.PR.L.TO,20230510,16.61,16.82,16.61,16.82,200
MFC.PR.M.TO,20230510,16.82,16.82,16.82,16.82,200
MFC.PR.N.TO,20230510,16.6,16.6,16.6,16.6,100
MFC.PR.P.TO,20230510,14.35,14.35,14.35,14.35,0
MFC.PR.Q.TO,20230510,19.84,19.87,19.81,19.81,2301
MFI.TO,20230510,25.75,26,24.93,24.98,434733
MFT.TO,20230510,17.32,17.37,17.32,17.34,36854
MG.TO,20230510,71.88,72.2,70.34,70.44,751668
MGA.TO,20230510,0.19,0.1925,0.185,0.19,253315
MGAB.TO,20230510,17.2,17.2,17.2,17.2,100
MGB.TO,20230510,16.66,16.7,16.62,16.7,6830
MGRW.TO,20230510,22.29,22.29,22.29,22.29,1562
MHC.U.TO,20230510,16.33,16.35,16.2,16.35,3611
MHC.UN.TO,20230510,21.65,21.65,21.65,21.65,0
MHCD.TO,20230510,11.13,11.13,11.13,11.13,0
MI.UN.TO,20230510,14.1,15.01,13.86,14.98,217053
MIC.PR.A.TO,20230510,21,21,21,21,0
MID.UN.TO,20230510,6.52,6.52,6.47,6.5,5320
MIN.TO,20230510,0.24,0.245,0.24,0.245,18000
MINF.TO,20230510,9.69,9.69,9.69,9.69,500
MINN.TO,20230510,12.55,12.55,12.55,12.55,0
MINT.TO,20230510,33.09,33.1,33.09,33.1,300
MINT.B.TO,20230510,30.32,30.32,30.32,30.32,0
MIVG.TO,20230510,28.08,28.08,28.08,28.08,200
MKB.TO,20230510,18.95,19.01,18.92,19,27657
MKC.TO,20230510,30.45,30.46,30.25,30.38,2354
MKP.TO,20230510,15.79,15.82,15.6,15.7,12810
MKZ.UN.TO,20230510,0.54,0.54,0.54,0.54,500
MMP.UN.TO,20230510,2.06,2.06,2.04,2.04,200
MND.TO,20230510,2.49,2.51,2.46,2.46,15751
MNO.TO,20230510,0.54,0.54,0.5,0.5,285318
MNS.TO,20230510,19.2,19.2,19.1,19.1,1335
MNT.TO,20230510,27.61,27.75,27.5,27.5,5231
MNT.U.TO,20230510,20.7,20.7,20.7,20.7,1200
MNU.U.TO,20230510,100.19,100.19,100.19,100.19,0
MNY.TO,20230510,100.18,100.18,100.17,100.18,7437
MOGO.TO,20230510,1.08,1.11,1.07,1.07,74425
MPC.TO,20230510,6.22,6.22,6.22,6.22,0
MPC.C.TO,20230510,6.21,6.21,6.21,6.21,1000
MPCT.DB.A.TO,20230510,85.1,85.1,85.1,85.1,0
MPCT.UN.TO,20230510,2.47,2.52,2.35,2.44,37743
MPVD.TO,20230510,0.46,0.49,0.45,0.47,150420
MPY.TO,20230510,9.56,9.56,9.56,9.56,0
MR.DB.B.TO,20230510,92.05,92.05,92.05,92.05,0
MR.UN.TO,20230510,4.8,4.82,4.78,4.82,7318
MRC.TO,20230510,101.83,103.5,101.83,101.98,897
MRD.TO,20230510,11.13,11.13,11.13,11.13,0
MRE.TO,20230510,12.46,12.75,12.15,12.31,260491
MREL.TO,20230510,12.12,12.2,12.12,12.2,2062
MRG.DB.B.TO,20230510,100.25,100.25,100.25,100.25,0
MRG.UN.TO,20230510,16.81,17.1,16.81,16.97,15216
MRT.DB.A.TO,20230510,93.5,93.5,92.15,92.15,230000
MRT.UN.TO,20230510,5.34,5.35,5.34,5.35,2100
MRU.TO,20230510,77.74,77.88,76.57,77.16,477322
MSA.TO,20230510,0.65,0.65,0.65,0.65,20999
MSV.TO,20230510,0.21,0.21,0.21,0.21,500
MTAV.TO,20230510,18.51,18.51,18.51,18.51,0
MTL.TO,20230510,15.42,15.49,15.27,15.31,163798
MTL.DB.TO,20230510,120,120,120,120,9000
MTY.TO,20230510,60.56,61,59.5,59.73,34791
MUB.TO,20230510,18.11,18.21,18.11,18.18,26935
MULC.TO,20230510,39.17,39.17,39.17,39.17,0
MULC.B.TO,20230510,42.01,42.01,42.01,42.01,0
MUMC.TO,20230510,35.41,35.41,35.41,35.41,100
MUMC.B.TO,20230510,38.08,38.2,38.08,38.2,815
MUS.TO,20230510,32.06,32.06,31.97,32.06,10711
MUSA.TO,20230510,14.18,14.18,14.18,14.18,0
MUSC.TO,20230510,27.85,27.85,27.85,27.85,0
MUX.TO,20230510,11.05,11.17,10.53,10.84,40104
MWD.TO,20230510,27.01,27.01,26.85,26.99,1553
MX.TO,20230510,59.33,59.43,57.46,57.59,61778
MXG.TO,20230510,3.76,3.79,3.68,3.68,6400
MXU.TO,20230510,21.77,21.8,21.73,21.73,930
NA.TO,20230510,101.67,101.67,100.29,100.48,829387
NA.PR.C.TO,20230510,25.35,25.35,25.25,25.32,3800
NA.PR.E.TO,20230510,21.1,21.1,21.01,21.01,5000
NA.PR.G.TO,20230510,21.15,21.15,21.1,21.1,2900
NA.PR.S.TO,20230510,17.4,17.47,17.32,17.4,1400
NA.PR.W.TO,20230510,16.75,16.75,16.7,16.71,15400
NALT.TO,20230510,23.75,23.8,23.71,23.79,7473
NANO.TO,20230510,2.82,2.84,2.77,2.8,23796
NCF.TO,20230510,0.035,0.035,0.035,0.035,0
NCP.TO,20230510,0.04,0.04,0.035,0.035,220205
NCU.TO,20230510,0.27,0.305,0.25,0.28,1041526
NDIV.TO,20230510,29.2,29.2,29.2,29.2,0
NDM.TO,20230510,0.31,0.315,0.305,0.315,62700
NEO.TO,20230510,8.61,8.7,8.54,8.63,65575
NEXT.TO,20230510,2.05,2.05,1.96,1.96,16562
NFAM.TO,20230510,26.65,26.65,26.65,26.65,0
NFI.TO,20230510,9.92,9.92,8.72,8.88,964590
NFI.DB.TO,20230510,82,82,79,80,884000
NG.TO,20230510,7.45,7.45,7.24,7.38,57358
NGD.TO,20230510,1.95,1.97,1.93,1.96,1928491
NGPE.TO,20230510,31.81,31.81,31.81,31.81,0
NGT.TO,20230510,64.74,64.74,63.25,63.94,124528
NHYB.TO,20230510,20.69,20.69,20.69,20.69,0
NINT.TO,20230510,23.62,23.62,23.62,23.62,0
NOA.TO,20230510,26.11,26.17,25.5,25.82,28554
NOA.DB.A.TO,20230510,122,122,122,122,0
NOA.DB.B.TO,20230510,121,121,121,121,0
NOVB.F.TO,20230510,34.73,34.73,34.73,34.73,100
NOVC.TO,20230510,0.71,0.74,0.71,0.74,1305
NPI.TO,20230510,31,31,27.2,28.63,3704125
NPI.PR.A.TO,20230510,15.95,15.95,15.95,15.95,0
NPI.PR.B.TO,20230510,18.59,18.59,18,18,750
NPK.TO,20230510,2.27,2.32,2.23,2.28,35376
NPRF.TO,20230510,19.41,19.41,19.41,19.41,500
NREA.TO,20230510,19.92,19.92,19.92,19.92,125
NSCB.TO,20230510,22.1,22.1,22.1,22.1,0
NSCC.TO,20230510,21.44,21.44,21.44,21.44,0
NSCE.TO,20230510,34.59,34.59,34.59,34.59,0
NSGE.TO,20230510,33.36,33.36,33.36,33.36,0
NSSB.TO,20230510,9.6,9.6,9.6,9.6,900
NTR.TO,20230510,85.83,86,83.82,84.67,1527030
NUAG.TO,20230510,3.5,3.5,3.37,3.37,88809
NUBF.TO,20230510,21.33,21.37,21.33,21.37,3720
NUMI.TO,20230510,0.17,0.18,0.17,0.175,204094
NUSA.TO,20230510,31.28,31.28,31.28,31.28,0
NVA.TO,20230510,11.16,11.39,10.97,11.12,797183
NVEI.TO,20230510,51.98,52,43.75,48.55,2206228
NVO.TO,20230510,0.28,0.28,0.27,0.27,130734
NWC.TO,20230510,37.82,38.46,37.02,37.6,280191
NWH.DB.G.TO,20230510,98.5,98.5,98.5,98.5,41999
NWH.DB.H.TO,20230510,94,94,93.5,93.5,20000
NWH.DB.I.TO,20230510,99.79,99.83,99.79,99.83,162000
NWH.UN.TO,20230510,7.88,7.95,7.82,7.89,882000
NXE.TO,20230510,5.6,5.67,5.53,5.58,771658
NXF.TO,20230510,5.83,5.83,5.7,5.74,43564
NXF.B.TO,20230510,7.33,7.33,7.23,7.27,4259
NXF.U.TO,20230510,10.35,10.35,10.35,10.35,1200
NXR.UN.TO,20230510,9.51,9.56,9.5,9.5,52978
NXTG.TO,20230510,8.73,8.73,8.73,8.73,0
OBE.TO,20230510,8.39,8.41,8.1,8.22,143120
OGC.TO,20230510,3.44,3.45,3.37,3.39,895066
OGD.TO,20230510,0.85,0.85,0.85,0.85,0
OGI.TO,20230510,0.69,0.7,0.66,0.66,163560
OLA.TO,20230510,6.41,6.42,6.1,6.24,338040
OLY.TO,20230510,86.45,87,86.45,86.7,600
ONC.TO,20230510,2.19,2.22,2.12,2.19,34058
ONEB.TO,20230510,47.94,47.94,47.94,47.94,0
ONEC.TO,20230510,20.36,20.36,20.36,20.36,0
ONEQ.TO,20230510,32.67,32.67,32.67,32.67,300
ONEX.TO,20230510,61.44,61.44,60.11,60.32,135593
OPT.TO,20230510,16.84,16.84,16.84,16.84,0
OR.TO,20230510,23.22,23.25,22.71,23.05,299116
ORA.TO,20230510,10.5,10.61,10.2,10.44,47939
ORE.TO,20230510,1.59,1.6,1.55,1.59,164775
ORV.TO,20230510,0.2,0.2,0.195,0.195,19000
OSK.TO,20230510,3.45,3.45,3.35,3.38,1625575
OTEX.TO,20230510,55.65,56.03,54.92,55.46,849645
OVV.TO,20230510,47.68,48.58,45.42,45.77,406497
PAAS.TO,20230510,24.01,24.01,22.95,23.48,514972
PAY.TO,20230510,6.77,6.77,6.64,6.73,57361
PAYF.TO,20230510,17.94,17.94,17.94,17.94,0
PBD.TO,20230510,16.59,16.59,16.59,16.59,0
PBH.TO,20230510,100.01,101.16,99.79,100.67,59173
PBH.DB.G.TO,20230510,96.5,97.5,96.5,97.5,116000
PBH.DB.H.TO,20230510,93.11,93.11,93.1,93.11,15000
PBH.DB.I.TO,20230510,97,97,97,97,10000
PBI.TO,20230510,30.15,30.15,30.15,30.15,1400
PBL.TO,20230510,24,24,23.74,23.96,6437
PBY.UN.TO,20230510,14.34,14.34,14.27,14.27,3500
PCON.TO,20230510,18.11,18.11,18.11,18.11,0
PCOR.TO,20230510,17.8,17.8,17.8,17.8,0
PD.TO,20230510,64.86,64.86,62.57,62.82,49807
PDC.TO,20230510,30.85,30.87,30.55,30.7,7648
PDF.TO,20230510,30.31,30.31,30.04,30.15,1917
PDIV.TO,20230510,10.11,10.11,10.06,10.06,2630
PDV.TO,20230510,5.51,5.51,5.51,5.51,132
PDV.PR.A.TO,20230510,10.05,10.05,10,10,6540
PEA.TO,20230510,0.51,0.53,0.51,0.53,24733
PET.TO,20230510,35.23,35.23,33.19,34.4,147208
PEY.TO,20230510,12.2,12.25,11.77,11.78,1531130
PFAA.TO,20230510,10.23,10.28,10.23,10.28,3510
PFAE.TO,20230510,15.56,15.56,15.56,15.56,575
PFH.F.TO,20230510,17.22,17.22,17.22,17.22,0
PFIA.TO,20230510,9.71,9.71,9.7,9.7,15404
PFL.TO,20230510,19.71,19.71,19.71,19.71,1995
PFLS.TO,20230510,15.32,15.32,15.29,15.32,3861
PFMN.TO,20230510,13.45,13.55,13.45,13.52,47972
PFMS.TO,20230510,11.65,11.65,11.65,11.65,0
PFSS.TO,20230510,9.05,9.05,9.05,9.05,0
PGI.UN.TO,20230510,7.3,7.3,7.26,7.28,13961
PHE.B.TO,20230510,31.96,31.96,31.83,31.9,1300
PHR.TO,20230510,19.46,19.46,19.46,19.46,0
PHX.TO,20230510,6.78,6.8,6.26,6.39,158657
PHYS.TO,20230510,21.32,21.38,21.21,21.29,15483
PHYS.U.TO,20230510,15.95,15.95,15.89,15.89,600
PIC.A.TO,20230510,6.01,6.04,5.99,6.03,13487
PIC.PR.A.TO,20230510,13.45,13.45,13.45,13.45,1000
PID.TO,20230510,20.64,20.64,20.64,20.64,263
PIF.TO,20230510,14.79,15.18,14.6,15.09,37483
PIN.TO,20230510,17.23,17.24,17.23,17.24,300
PINC.TO,20230510,18.29,18.29,18.28,18.29,1238
PIX.UN.TO,20230510,8.42,8.45,8.42,8.45,31000
PKI.TO,20230510,33.62,33.91,33.38,33.82,304113
PLC.TO,20230510,24.75,24.96,24.39,24.89,47016
PLC.DB.TO,20230510,99.25,99.9,99.25,99.25,36000
PLDI.TO,20230510,18.62,18.62,18.62,18.62,0
PLV.TO,20230510,22.48,22.52,22.48,22.52,2150
PLZ.UN.TO,20230510,4.05,4.05,4,4.04,39964
PMB.UN.TO,20230510,7.1,7.1,6.95,7.07,3200
PME.TO,20230510,2.57,2.57,2.49,2.49,3700
PMIF.TO,20230510,18,18.07,18,18.07,107409
PMIF.U.TO,20230510,19.03,19.03,19.03,19.03,25000
PMM.TO,20230510,19.84,20,19.84,20,500
PMNT.TO,20230510,19.12,19.12,19.12,19.12,0
PMT.TO,20230510,0.62,0.62,0.62,0.62,8600
PMZ.UN.TO,20230510,12.8,12.89,12.7,12.8,84528
PNC.A.TO,20230510,1.45,1.45,1.45,1.45,0
PNE.TO,20230510,1.29,1.29,1.26,1.26,347309
PNP.TO,20230510,3.59,3.59,3.59,3.59,1200
POU.TO,20230510,31.3,31.3,30.15,30.71,347631
POW.TO,20230510,36.21,36.21,35.43,35.88,1172769
POW.PR.A.TO,20230510,22.45,22.45,22.45,22.45,0
POW.PR.B.TO,20230510,21.82,21.9,21.82,21.9,1200
POW.PR.C.TO,20230510,23.41,23.67,23.41,23.67,1200
POW.PR.D.TO,20230510,20.31,20.31,20.31,20.31,0
POW.PR.G.TO,20230510,22.31,22.33,22.3,22.33,2100
PPL.TO,20230510,43.97,44.13,43.1,43.38,1174782
PPL.PF.A.TO,20230510,22.45,22.5,22.38,22.45,4100
PPL.PF.B.TO,20230510,22,22,22,22,0
PPL.PF.E.TO,20230510,23.78,23.85,23.78,23.81,1100
PPL.PR.A.TO,20230510,17.12,17.12,17.12,17.12,500
PPL.PR.C.TO,20230510,16.49,16.49,16.49,16.49,0
PPL.PR.E.TO,20230510,17.5,17.5,17.41,17.41,2000
PPL.PR.G.TO,20230510,16.86,17.06,16.67,17.06,4300
PPL.PR.I.TO,20230510,19.5,19.5,19.41,19.41,5238
PPL.PR.O.TO,20230510,21.25,21.3,21.12,21.3,13200
PPL.PR.Q.TO,20230510,18.19,18.2,18.1,18.11,2000
PPL.PR.S.TO,20230510,21.25,21.25,21.17,21.2,4100
PPR.TO,20230510,0.085,0.085,0.085,0.085,91099
PPTA.TO,20230510,7.01,7.04,6.82,7.01,8644
PR.TO,20230510,8.08,8.08,8.08,8.08,500
PRA.TO,20230510,26.44,26.44,26.36,26.37,2486
PRB.TO,20230510,1.75,1.76,1.64,1.66,64497
PRL.TO,20230510,6.8,7.05,6.68,6.68,18605
PRM.TO,20230510,15.04,15.04,15.04,15.04,636
PRM.PR.A.TO,20230510,9.8,9.8,9.8,9.8,0
PRMW.TO,20230510,18.62,18.8,18.44,18.67,67879
PRN.TO,20230510,17.87,18.2,17.52,17.52,7131
PRQ.TO,20230510,1.67,1.7,1.59,1.63,12460
PRU.TO,20230510,1.9,1.9,1.88,1.9,109501
PRV.UN.TO,20230510,5.5,5.55,5.49,5.51,39025
PSA.TO,20230510,50.09,50.09,50.08,50.09,78614
PSB.TO,20230510,16.93,16.97,16.92,16.97,8062
PSD.TO,20230510,1.85,1.88,1.85,1.88,2509
PSI.TO,20230510,11.87,11.95,11.6,11.7,150572
PSK.TO,20230510,22.67,22.67,22.05,22.35,420541
PSLV.TO,20230510,11.85,11.85,11.62,11.7,30373
PSLV.U.TO,20230510,8.8,8.8,8.8,8.8,0
PSU.U.TO,20230510,100.18,100.19,100.18,100.19,331
PTI.UN.TO,20230510,7.08,7.15,7.08,7.13,19494
PTM.TO,20230510,2.23,2.23,2.16,2.21,24405
PTO.UN.TO,20230510,7.33,7.4,7.33,7.37,40524
PVS.PR.F.TO,20230510,24.35,24.35,24.28,24.29,2000
PVS.PR.G.TO,20230510,23.62,23.62,23.62,23.62,1000
PVS.PR.H.TO,20230510,22.89,23,22.89,23,1300
PVS.PR.I.TO,20230510,23.7,23.7,23.7,23.7,0
PVS.PR.J.TO,20230510,21.85,22,21.85,22,2500
PVS.PR.K.TO,20230510,21.5,21.75,21.5,21.75,2600
PWF.PF.A.TO,20230510,18.1,18.49,18.1,18.2,6708
PWF.PR.A.TO,20230510,12.76,12.76,12.51,12.51,430
PWF.PR.E.TO,20230510,21.9,21.96,21.8,21.86,1050
PWF.PR.F.TO,20230510,21.26,21.3,21.25,21.3,2700
PWF.PR.G.TO,20230510,23.93,23.93,23.7,23.7,1200
PWF.PR.H.TO,20230510,23.01,23.01,23,23,200
PWF.PR.K.TO,20230510,20.03,20.05,19.93,19.93,2800
PWF.PR.L.TO,20230510,20.49,20.49,20.49,20.49,1000
PWF.PR.O.TO,20230510,23.25,23.25,23.25,23.25,300
PWF.PR.P.TO,20230510,12.16,12.2,12.15,12.15,4600
PWF.PR.Q.TO,20230510,14.24,14.24,14.24,14.24,700
PWF.PR.R.TO,20230510,21.92,21.93,21.92,21.92,1075
PWF.PR.S.TO,20230510,19.4,19.54,19.37,19.54,3500
PWF.PR.T.TO,20230510,18,18,18,18,0
PWF.PR.Z.TO,20230510,20.73,20.73,20.73,20.73,0
PWI.TO,20230510,6.82,6.82,6.76,6.76,500
PWI.PR.A.TO,20230510,9.6,9.6,9.6,9.6,0
PXC.TO,20230510,34.51,34.6,34.51,34.57,2900
PXS.TO,20230510,36.12,36.12,36.12,36.12,1018
PXT.TO,20230510,28.27,28.34,27.65,28.16,412162
PXU.F.TO,20230510,48.79,48.79,48.79,48.79,0
PYF.TO,20230510,17.2,17.21,17.2,17.21,2029
PYF.U.TO,20230510,19.18,19.18,19.18,19.18,975
PYR.TO,20230510,1,1,0.98,0.98,33554
PZA.TO,20230510,14,14.17,13.95,14.1,77585
PZW.TO,20230510,29.04,29.04,29.04,29.04,631
PZW.F.TO,20230510,21,21,21,21,0
QAH.TO,20230510,135.95,135.95,135.95,135.95,0
QBB.TO,20230510,92.22,92.27,92.04,92.27,1717
QBR.A.TO,20230510,33.18,33.18,33.18,33.18,0
QBR.B.TO,20230510,33.7,33.9,33.55,33.82,427741
QBTC.TO,20230510,39.29,39.84,37.87,39.3,12020
QBTC.U.TO,20230510,29.38,29.64,28.33,29.26,4702
QBTL.TO,20230510,19.82,19.82,19.8,19.82,4262
QCE.TO,20230510,124.1,124.33,124.1,124.33,538
QCLN.TO,20230510,20,20.08,20,20.08,1614
QCN.TO,20230510,125.31,125.31,124.76,124.88,811
QDX.TO,20230510,105.8,106.05,105.8,106.05,320
QDXB.TO,20230510,86.51,86.51,86.51,86.51,0
QEBH.TO,20230510,75.61,75.61,75.51,75.51,500
QEBL.TO,20230510,80.67,80.67,80.67,80.67,0
QEC.TO,20230510,0.22,0.22,0.22,0.22,2500
QEE.TO,20230510,83.03,83.03,83.03,83.03,100
QETH.U.TO,20230510,30.98,31.24,29.91,29.91,906
QETH.UN.TO,20230510,41.45,41.7,40.05,40.85,5572
QHY.TO,20230510,82.53,82.53,82.53,82.53,0
QIE.TO,20230510,29.09,29.09,29.09,29.09,0
QINF.TO,20230510,116.9,116.98,116.57,116.76,400
QQC.TO,20230510,21.28,21.34,21.17,21.33,1500
QQC.F.TO,20230510,107.1,108,107,108,1905
QQCC.TO,20230510,10.23,10.32,10.23,10.31,14816
QQCE.TO,20230510,17.81,17.81,17.81,17.81,0
QQCE.F.TO,20230510,15.66,15.66,15.66,15.66,0
QQEQ.TO,20230510,20.58,20.58,20.5,20.5,1394
QRC.TO,20230510,0.72,0.72,0.72,0.72,7000
QRET.TO,20230510,100.87,100.87,100.87,100.87,164
QSB.TO,20230510,95.65,95.65,95.65,95.65,0
QSP.UN.TO,20230510,97.14,97.14,97.14,97.14,0
QSR.TO,20230510,98.12,99.12,97.11,97.66,232484
QTRH.TO,20230510,1.28,1.31,1.18,1.2,365429
QTRH.DB.TO,20230510,90.69,90.69,90.69,90.69,0
QUB.TO,20230510,82.88,82.88,82.88,82.88,203
QUIG.TO,20230510,86.61,86.61,86.61,86.61,0
QUS.TO,20230510,41.09,41.13,41.09,41.13,500
QUU.TO,20230510,157.58,157.62,156.83,157.62,2987
QUU.U.TO,20230510,118.05,118.05,118.05,118.05,0
QXM.TO,20230510,26.15,26.15,26.11,26.11,303
RA.UN.TO,20230510,7.85,7.85,7.85,7.85,1000
RATE.TO,20230510,19.91,19.91,19.8,19.8,3325
RAV.UN.TO,20230510,14,14,14,14,0
RAY.A.TO,20230510,5.73,5.73,5.65,5.66,10736
RAY.B.TO,20230510,5.7,5.7,5.7,5.7,0
RBA.TO,20230510,77.72,77.93,76.51,77.56,232029
RBN.UN.TO,20230510,7.59,7.59,7.45,7.56,2227
RBNK.TO,20230510,22.76,22.78,22.59,22.7,8913
RBO.TO,20230510,17.94,17.94,17.94,17.94,675
RBOT.TO,20230510,24.91,24.91,24.91,24.91,300
RBOT.U.TO,20230510,19,19,19,19,200
RBY.TO,20230510,2.1,2.1,2.01,2.01,66400
RCD.TO,20230510,24.45,24.56,24.45,24.56,715
RCDC.TO,20230510,19.52,19.52,19.52,19.52,0
RCG.TO,20230510,11.86,12.1,11.86,12.1,2000
RCG.PR.B.TO,20230510,12.25,12.25,12.15,12.15,700
RCH.TO,20230510,43.65,44.26,43.65,44.21,82285
RCI.A.TO,20230510,66.75,66.75,66.75,66.75,0
RCI.B.TO,20230510,66.03,66.25,65.73,66.18,1472933
REAL.TO,20230510,5.6,5.74,5.42,5.42,149957
REI.UN.TO,20230510,20.24,20.42,20.19,20.31,393143
RID.TO,20230510,23.27,23.27,23.27,23.27,0
RIDH.TO,20230510,24.6,24.6,24.6,24.6,200
RIFI.TO,20230510,17.99,17.99,17.99,17.99,0
RIIN.TO,20230510,19.42,19.42,19.42,19.42,500
RIRA.TO,20230510,17.63,17.63,17.62,17.62,3400
RIT.TO,20230510,16.35,16.41,16.3,16.41,36454
RLB.TO,20230510,18.03,18.03,18.03,18.03,0
ROOT.TO,20230510,3.15,3.18,3.11,3.15,2009
RPD.TO,20230510,23,23,23,23,0
RPDH.TO,20230510,23.49,23.49,23.49,23.49,100
RPF.TO,20230510,17.89,17.91,17.84,17.91,7340
RPI.UN.TO,20230510,37.65,37.69,37.65,37.65,900
RPSB.TO,20230510,19.65,19.65,19.65,19.65,0
RQL.TO,20230510,19.9,19.91,19.9,19.91,30708
RQN.TO,20230510,19.82,19.83,19.8,19.82,7358
RQO.TO,20230510,17.84,17.89,17.84,17.87,38401
RQP.TO,20230510,17.54,17.54,17.54,17.54,21853
RQQ.TO,20230510,21.05,21.11,21.05,21.1,34360
RQR.TO,20230510,21.07,21.07,21.07,21.07,0
RS.TO,20230510,14.35,14.41,14.26,14.41,5892
RS.PR.A.TO,20230510,9.56,9.56,9.47,9.47,1600
RSI.TO,20230510,6.27,6.27,6.19,6.2,79075
RSI.DB.E.TO,20230510,99.66,99.66,99.66,99.66,5000
RSI.DB.F.TO,20230510,98.25,98.25,98.25,98.25,0
RUBH.TO,20230510,12.92,12.92,12.92,12.92,0
RUBY.TO,20230510,14.71,14.71,14.71,14.71,0
RUBY.U.TO,20230510,11.05,11.05,11.05,11.05,0
RUD.TO,20230510,48.49,48.68,48.49,48.68,1490
RUD.U.TO,20230510,36.62,36.62,36.62,36.62,0
RUDC.TO,20230510,19.59,19.59,19.59,19.59,0
RUDH.TO,20230510,35.01,35.1,35,35.1,1317
RUP.TO,20230510,4.3,4.48,4.3,4.48,20515
RUS.TO,20230510,36.7,36.9,34.84,35.28,354696
RUSB.U.TO,20230510,14.9,14.9,14.9,14.9,0
RVX.TO,20230510,0.14,0.14,0.14,0.14,550
RXD.TO,20230510,18.36,18.36,18.36,18.36,275
RY.TO,20230510,129.64,129.88,128.13,128.96,4930714
RY.PR.H.TO,20230510,16.99,16.99,16.8,16.8,37260
RY.PR.J.TO,20230510,17.99,18.15,17.77,17.85,8400
RY.PR.M.TO,20230510,16.95,17.25,16.85,16.95,6200
RY.PR.N.TO,20230510,21.45,21.46,21.42,21.42,2542
RY.PR.O.TO,20230510,21.44,21.47,21.43,21.43,2100
RY.PR.S.TO,20230510,19.82,19.82,19.55,19.65,14859
S.TO,20230510,0.55,0.56,0.54,0.54,196630
SAM.TO,20230510,0.175,0.175,0.175,0.175,0
SAP.TO,20230510,35,35.6,35,35.5,323432
SAU.TO,20230510,0.055,0.055,0.055,0.055,311700
SBC.TO,20230510,10.4,10.5,10.4,10.44,19572
SBC.PR.A.TO,20230510,9.72,9.73,9.66,9.66,8600
SBI.TO,20230510,0.52,0.52,0.52,0.52,0
SBN.PR.A.TO,20230510,9,9,9,9,0
SBT.TO,20230510,13.61,13.61,13.61,13.61,0
SBT.B.TO,20230510,18.15,18.15,18.15,18.15,465
SCY.TO,20230510,0.055,0.055,0.055,0.055,27500
SDE.TO,20230510,15.06,15.21,14.95,15.16,634201
SEA.TO,20230510,21.41,21.61,20.84,21.07,49362
SEC.TO,20230510,300,300,300,300,0
SES.TO,20230510,6.22,6.29,6.14,6.22,376995
SFC.TO,20230510,4.88,4.93,4.87,4.9,14700
SFD.TO,20230510,0.205,0.205,0.205,0.205,0
SFI.TO,20230510,0.315,0.315,0.315,0.315,10000
SFTC.TO,20230510,17.47,17.47,16.95,17,7929
SGLD.TO,20230510,0.17,0.175,0.165,0.17,56628
SGNL.TO,20230510,0.3,0.3,0.29,0.29,55591
SGR.U.TO,20230510,9.8,9.8,9.78,9.78,800
SGR.UN.TO,20230510,13.05,13.15,13.02,13.08,63101
SGY.TO,20230510,8.01,8.01,7.78,7.78,515162
SHLE.TO,20230510,5.06,5.06,4.97,4.97,7247
SHOP.TO,20230510,85.8,87.53,84.47,84.58,4382425
SIA.TO,20230510,11.1,11.18,11.02,11.16,165181
SIH.UN.TO,20230510,9.64,9.82,9.64,9.82,7200
SII.TO,20230510,48.54,48.79,47.93,48.76,21941
SIL.TO,20230510,9.51,9.54,9.1,9.24,314130
SIS.TO,20230510,17.09,17.17,16.85,17.1,55366
SJ.TO,20230510,57.02,59.83,57,59.31,334903
SKE.TO,20230510,9.41,9.53,9.2,9.49,107294
SKYY.TO,20230510,15.31,15.31,15.31,15.31,0
SLF.TO,20230510,65.45,65.5,64.13,64.71,2675176
SLF.PR.C.TO,20230510,19.2,19.23,19.2,19.23,1206
SLF.PR.D.TO,20230510,18.9,18.9,18.9,18.9,0
SLF.PR.E.TO,20230510,19.35,19.5,19.35,19.4,8200
SLF.PR.G.TO,20230510,12.5,12.5,12.5,12.5,250
SLF.PR.H.TO,20230510,15.16,15.16,15.15,15.15,400
SLF.PR.J.TO,20230510,14.55,14.55,14.45,14.45,1068
SLF.PR.K.TO,20230510,18.9,18.9,18.9,18.9,0
SLR.TO,20230510,0.82,0.82,0.82,0.82,0
SLS.TO,20230510,6.77,6.77,6.41,6.52,113170
SMC.TO,20230510,0.045,0.045,0.045,0.045,28000
SMT.TO,20230510,0.365,0.39,0.365,0.39,9020
SOLG.TO,20230510,0.32,0.32,0.3,0.31,95726
SOT.DB.TO,20230510,90.5,90.5,89.36,90,481000
SOT.DB.A.TO,20230510,73.75,73.75,73,73,170000
SOT.DB.B.TO,20230510,74.5,75.25,74.5,75.25,3000
SOT.UN.TO,20230510,2.03,2.07,2.03,2.04,222842
SOY.TO,20230510,10.84,10.97,10.73,10.83,38313
SPB.TO,20230510,10,10.16,9.79,9.96,1599631
SPPP.TO,20230510,17.95,17.95,17.95,17.95,203
SPPP.U.TO,20230510,13.3,13.45,13.3,13.45,200
SRU.UN.TO,20230510,25.74,25.82,25.5,25.68,163843
SRV.UN.TO,20230510,17.33,17.33,17.33,17.33,100
SSF.UN.TO,20230510,6.62,6.62,6.62,6.62,0
SSL.TO,20230510,8.02,8.09,7.81,7.94,520079
SSRM.TO,20230510,22.98,23.05,22.24,22.41,216246
STC.TO,20230510,4.79,4.88,4.68,4.68,24674
STCK.TO,20230510,6.18,6.28,6.18,6.28,1348
STCK.WT.TO,20230510,0.025,0.025,0.025,0.025,0
STEP.TO,20230510,3.11,3.23,3.11,3.2,244713
STGO.TO,20230510,1.04,1.04,1,1.01,55707
STLC.TO,20230510,47.84,48.67,46.45,46.76,156388
STN.TO,20230510,82.36,83.28,81.63,82.78,300310
STPL.TO,20230510,24.71,24.71,24.71,24.71,400
SU.TO,20230510,39.9,40.02,39.16,39.18,11275200
SVA.TO,20230510,0.93,0.93,0.9,0.9,65200
SVB.TO,20230510,0.215,0.22,0.2,0.21,14572
SVI.TO,20230510,6.08,6.11,6.05,6.06,83641
SVI.DB.TO,20230510,98.5,98.5,98.5,98.5,0
SVI.DB.B.TO,20230510,97.5,97.5,97.5,97.5,4000
SVI.DB.C.TO,20230510,98,98,98,98,0
SVM.TO,20230510,5.03,5.09,4.82,4.88,149981
SVR.TO,20230510,12.51,12.51,12.47,12.49,7002
SVR.C.TO,20230510,13.15,13.15,13.15,13.15,800
SWP.TO,20230510,2.83,2.9,2.83,2.85,8100
SXI.TO,20230510,1.95,1.95,1.95,1.95,0
SXP.TO,20230510,6,6,5.52,5.78,162532
SYLD.TO,20230510,17.87,17.87,17.87,17.87,220
SYZ.TO,20230510,6.21,6.26,6.16,6.16,17413
T.TO,20230510,27.5,27.83,27.49,27.57,2048591
TA.TO,20230510,13.33,13.34,13.02,13.26,624829
TA.PR.D.TO,20230510,12.82,12.9,12.81,12.9,900
TA.PR.E.TO,20230510,15.4,15.4,15.4,15.4,0
TA.PR.F.TO,20230510,18.76,18.92,18.76,18.92,750
TA.PR.G.TO,20230510,19.5,19.5,19.5,19.5,0
TA.PR.H.TO,20230510,21.6,21.6,21.52,21.57,1500
TA.PR.J.TO,20230510,19.66,19.66,19.66,19.66,100
TAIG.TO,20230510,1.2,1.26,1.18,1.22,33397
TAIG.WT.TO,20230510,0.105,0.105,0.105,0.105,0
TAL.TO,20230510,0.74,0.75,0.72,0.73,131543
TBL.TO,20230510,2.7,2.8,2.7,2.8,7100
TBNK.TO,20230510,24.47,24.47,24.47,24.47,0
TC.TO,20230510,33.04,43.14,33.04,36.72,175716
TCBN.TO,20230510,47.55,47.55,47.55,47.55,0
TCL.A.TO,20230510,14.7,14.89,14.58,14.84,103663
TCL.B.TO,20230510,14.45,14.45,14.45,14.45,0
TCLB.TO,20230510,123.46,123.7,123.38,123.7,4100
TCLV.TO,20230510,19.84,19.89,19.79,19.89,500
TCS.TO,20230510,26.14,26.25,25.9,25.98,21029
TCSB.TO,20230510,14.39,14.39,14.39,14.39,0
TCW.TO,20230510,3.01,3.02,2.95,3.02,509166
TD.TO,20230510,81.79,82.27,81.61,82.15,2256885
TD.PF.A.TO,20230510,16.76,16.8,16.65,16.67,14575
TD.PF.B.TO,20230510,16.8,16.8,16.67,16.73,3315
TD.PF.C.TO,20230510,16.7,16.7,16.54,16.54,4779
TD.PF.D.TO,20230510,17.87,17.87,17.83,17.83,2260
TD.PF.E.TO,20230510,18.21,18.25,17.91,17.91,6544
TD.PF.I.TO,20230510,24.61,24.63,24.52,24.63,13990
TD.PF.J.TO,20230510,22.07,22.15,21.93,21.93,8518
TD.PF.M.TO,20230510,23.65,23.7,23.65,23.7,2200
TDB.TO,20230510,13.14,13.16,13.11,13.16,13700
TDOC.TO,20230510,17.53,17.55,17.48,17.48,2868
TEC.TO,20230510,25.11,25.34,25.07,25.3,16238
TECH.TO,20230510,9.3,9.39,9.24,9.35,5303
TECH.B.TO,20230510,10.3,10.4,10.26,10.4,3569
TECH.U.TO,20230510,9.25,9.25,9.25,9.25,0
TECI.TO,20230510,6.12,6.12,6.12,6.12,100
TECK.A.TO,20230510,102.67,102.67,99.37,101.04,2147
TECK.B.TO,20230510,61.57,61.75,59.41,59.89,1086295
TECX.TO,20230510,20.48,20.48,20.48,20.48,0
TERM.TO,20230510,9.15,9.19,9.15,9.18,11500
TF.TO,20230510,7.73,7.73,7.58,7.58,69633
TF.DB.C.TO,20230510,98.5,98.5,98.5,98.5,0
TF.DB.D.TO,20230510,84.21,84.21,84.21,84.21,20000
TF.DB.E.TO,20230510,89,89,89,89,0
TFII.TO,20230510,143.53,145.71,142.3,143.16,182334
TFPM.TO,20230510,22.37,22.4,20.79,21.57,310585
TGED.TO,20230510,18.64,18.64,18.52,18.56,5000
TGED.U.TO,20230510,13.64,13.64,13.64,13.64,0
TGFI.TO,20230510,20.4,20.43,20.31,20.31,1142
TGGR.TO,20230510,20.68,20.69,20.68,20.69,2000
TGO.TO,20230510,2.58,2.69,2.51,2.57,17000
TGRE.TO,20230510,13.41,13.41,13.41,13.41,500
TH.TO,20230510,1.28,1.33,1.25,1.3,8100
The.TO,20230510,21.95,21.95,21.86,21.86,413
THNC.TO,20230510,2.21,2.21,2.21,2.21,0
THU.TO,20230510,27.69,27.84,27.69,27.84,7990
TI.TO,20230510,0.54,0.54,0.45,0.5,58760
TIH.TO,20230510,104.3,105.57,103.99,105.01,121763
TILV.TO,20230510,15.28,15.28,15.28,15.28,4100
TINF.TO,20230510,18.44,18.48,18.38,18.48,1800
TIPS.TO,20230510,30.45,30.45,30.45,30.45,0
TIPS.F.TO,20230510,29.7,29.7,29.7,29.7,0
TIPS.U.TO,20230510,29.85,29.85,29.85,29.85,0
TIXT.TO,20230510,23.48,23.65,23.05,23.45,99004
TKO.TO,20230510,2.03,2.03,1.98,2.02,248469
TLF.TO,20230510,17.5,17.5,17.36,17.48,3100
TLG.TO,20230510,0.67,0.67,0.59,0.6,488681
TLO.TO,20230510,0.33,0.33,0.32,0.325,387900
TLRY.TO,20230510,3.69,3.8,3.65,3.69,705276
TLV.TO,20230510,29.11,29.18,29.05,29.16,500
TMCC.TO,20230510,9.26,9.26,9.26,9.26,0
TMD.TO,20230510,0.185,0.195,0.175,0.18,72986
TMEC.TO,20230510,17.99,17.99,17.99,17.99,300
TMEI.TO,20230510,15.65,15.65,15.65,15.65,0
TMEU.TO,20230510,17.38,17.38,17.38,17.38,0
TML.TO,20230510,0.315,0.315,0.315,0.315,8647
TMQ.TO,20230510,0.8,0.8,0.78,0.78,11108
TMUC.TO,20230510,8.54,8.54,8.54,8.54,0
TNT.UN.TO,20230510,2.66,2.7,2.59,2.6,521889
TNZ.TO,20230510,2.15,2.18,2.13,2.13,14838
TOT.TO,20230510,8,8,7.79,7.85,8608
TOU.TO,20230510,57.5,57.93,55.68,55.9,5878285
TOWR.TO,20230510,25.99,25.99,25.99,25.99,0
TOY.TO,20230510,36.8,37.49,36.66,37.1,86274
TPAY.TO,20230510,21.49,21.49,21.49,21.49,0
TPE.TO,20230510,19.91,19.91,19.73,19.8,3406
TPRF.TO,20230510,9.05,9.05,8.93,8.93,3513
TPU.TO,20230510,31.13,31.13,30.88,31.04,13186
TPU.U.TO,20230510,23.32,23.32,23.32,23.32,500
TPX.A.TO,20230510,86.5,86.5,86.5,86.5,0
TPX.B.TO,20230510,86.99,86.99,86.03,86.5,550
TPZ.TO,20230510,20.08,20.09,19.69,19.75,132676
TQCD.TO,20230510,15.44,15.44,15.32,15.42,28788
TQGD.TO,20230510,15.95,15.95,15.73,15.82,20035
TQGM.TO,20230510,15.72,15.72,15.71,15.72,400
TQSM.TO,20230510,17.99,17.99,17.74,17.82,9509
TRI.TO,20230510,165.62,168.24,164.85,167.94,369160
TRI.PR.B.TO,20230510,13.3,13.3,13.3,13.3,0
TRP.TO,20230510,56.41,56.5,55.52,55.74,1395487
TRP.PR.A.TO,20230510,13.66,13.71,13.63,13.71,400
TRP.PR.B.TO,20230510,10.48,10.48,10.31,10.31,1600
TRP.PR.C.TO,20230510,11.3,11.3,11.3,11.3,200
TRP.PR.D.TO,20230510,15.38,15.72,15.34,15.72,8200
TRP.PR.E.TO,20230510,15,15.04,14.9,15.04,5725
TRP.PR.F.TO,20230510,14.95,14.95,14.95,14.95,1000
TRP.PR.G.TO,20230510,16.55,16.55,16.28,16.33,1720
TRP.PR.H.TO,20230510,12.85,12.85,12.85,12.85,178
TRP.PR.I.TO,20230510,14.22,14.22,14.22,14.22,300
TRVI.TO,20230510,19.45,19.45,18.9,19.1,6020
TRVL.TO,20230510,20.03,20.03,19.84,19.89,2180
TRVL.U.TO,20230510,19.5,19.5,19.5,19.5,0
TRZ.TO,20230510,3.6,3.65,3.51,3.52,105691
TSAT.TO,20230510,11.64,11.64,11.64,11.64,0
TSK.TO,20230510,0.135,0.15,0.13,0.13,343106
TSL.TO,20230510,3.28,3.3,3.28,3.29,9831
TSU.TO,20230510,33.51,33.93,32.8,33.52,257708
TTNM.TO,20230510,2.95,2.97,2.89,2.93,17373
TTP.TO,20230510,23.46,23.46,23.27,23.34,16519
TUED.TO,20230510,18.96,19.14,18.96,19.14,1775
TUED.U.TO,20230510,14.23,14.23,14.23,14.23,800
TUEX.TO,20230510,19.99,19.99,19.99,19.99,0
TUHY.TO,20230510,20.56,20.56,20.56,20.56,0
TULB.TO,20230510,122.15,122.15,122.15,122.15,0
TULV.TO,20230510,18.9,18.9,18.9,18.9,200
TUSB.TO,20230510,13.61,13.62,13.61,13.62,375
TUSB.U.TO,20230510,9.87,9.87,9.87,9.87,0
TVA.B.TO,20230510,1.76,1.76,1.74,1.75,9729
TVE.TO,20230510,3.58,3.6,3.5,3.51,2440079
TVK.TO,20230510,27.76,28.7,27.37,28.1,10708
TWC.TO,20230510,17.75,17.75,17.75,17.75,600
TWM.TO,20230510,0.91,0.92,0.89,0.9,76539
TWM.DB.TO,20230510,97.05,97.05,97.05,97.05,0
TXF.TO,20230510,15.18,15.28,15.13,15.23,33657
TXF.B.TO,20230510,18.25,18.25,18.25,18.25,0
TXF.U.TO,20230510,7.88,7.88,7.88,7.88,0
TXG.TO,20230510,25.4,25.4,23.95,24.15,620379
TXP.TO,20230510,1.01,1.05,1.01,1.01,8976
TXT.PR.A.TO,20230510,11.53,11.53,11.53,11.53,0
TXT.UN.TO,20230510,2.4,2.4,2.4,2.4,0
U.U.TO,20230510,12.42,12.63,12.41,12.52,10168
U.UN.TO,20230510,16.7,16.91,16.58,16.78,541614
UBIL.U.TO,20230510,50.15,50.15,50.15,50.15,200
UDA.TO,20230510,13.61,13.61,13.61,13.61,0
UDEF.TO,20230510,8.51,8.51,8.51,8.51,0
UDIV.TO,20230510,11.5,11.54,11.45,11.53,5350
UDIV.B.TO,20230510,11.81,11.84,11.81,11.84,200
UDIV.U.TO,20230510,10.02,10.02,10.02,10.02,0
ULV.C.TO,20230510,30.92,30.93,30.92,30.93,1600
ULV.F.TO,20230510,46.38,46.54,46.26,46.54,4600
ULV.U.TO,20230510,22.98,22.98,22.98,22.98,0
UMI.TO,20230510,27.08,27.08,27.08,27.08,0
UMI.B.TO,20230510,31.77,31.77,31.77,31.77,0
UNC.TO,20230510,102.01,102.77,101.75,102.77,1731
UNI.TO,20230510,1.97,1.97,1.97,1.97,0
URB.TO,20230510,3.99,3.99,3.99,3.99,264
URB.A.TO,20230510,3.89,3.9,3.76,3.76,3100
URE.TO,20230510,1.35,1.37,1.31,1.32,48088
USA.TO,20230510,0.74,0.74,0.69,0.69,82882
USCC.TO,20230510,16.85,16.85,16.64,16.69,9108
USCC.U.TO,20230510,12.46,12.46,12.46,12.46,100
UTIL.TO,20230510,22.8,22.84,22.78,22.84,2976
VA.TO,20230510,34.73,34.73,34.73,34.73,0
VAB.TO,20230510,22.83,22.9,22.79,22.86,58202
VALT.TO,20230510,25.53,25.53,25.53,25.53,0
VALT.B.TO,20230510,27.03,27.09,27.03,27.04,1080
VALT.U.TO,20230510,20.22,20.22,20.22,20.22,2088
VBAL.TO,20230510,28.17,28.17,28.07,28.14,26419
VBNK.TO,20230510,8.8,9.15,8.8,8.94,5100
VBNK.PR.A.TO,20230510,9.65,9.65,9.65,9.65,0
VCB.TO,20230510,23.18,23.18,23.14,23.18,8694
VCE.TO,20230510,44.95,44.95,44.47,44.65,16241
VCIP.TO,20230510,24.81,24.81,24.76,24.81,10841
VCM.TO,20230510,22.69,23.3,22.65,22.75,13722
VCN.TO,20230510,41.9,41.9,41.38,41.59,40672
VCNS.TO,20230510,26.29,26.32,26.27,26.3,2569
VDU.TO,20230510,38.94,38.97,38.84,38.97,6722
VDY.TO,20230510,42.26,42.26,41.79,42,100438
VE.TO,20230510,32.6,32.6,32.52,32.52,524
VEE.TO,20230510,32.32,32.36,32.24,32.33,16205
VEF.TO,20230510,48.89,48.99,48.82,48.97,67150
VEQT.TO,20230510,34.4,34.4,34.08,34.27,61275
VET.TO,20230510,16.72,16.82,16.19,16.29,588693
VFV.TO,20230510,98.36,98.44,97.55,98.23,139378
VGCX.TO,20230510,10.51,10.51,10.26,10.3,310944
VGG.TO,20230510,71.3,71.31,70.51,70.99,11488
VGH.TO,20230510,51.61,51.72,51.14,51.55,11628
VGRO.TO,20230510,30.02,30.05,29.87,30,86072
VGV.TO,20230510,22.52,22.55,22.5,22.54,2563
VGZ.TO,20230510,0.93,0.93,0.93,0.93,2010
VHI.TO,20230510,2.68,2.7,2.66,2.7,20574
VI.TO,20230510,34.24,34.28,34.22,34.27,3815
VIDY.TO,20230510,27.14,27.23,27.11,27.21,2930
VIU.TO,20230510,31.12,31.12,30.93,31.04,18724
VLB.TO,20230510,21.7,21.82,21.66,21.74,12700
VLE.TO,20230510,2.3,2.31,2.23,2.23,171114
VLN.TO,20230510,12.84,12.84,12.8,12.81,2400
VMO.TO,20230510,43.46,43.57,43.37,43.56,1300
VNP.TO,20230510,3.24,3.34,3.18,3.21,432274
VPH.TO,20230510,0.445,0.445,0.44,0.44,22500
VQS.TO,20230510,0.42,0.42,0.395,0.415,38700
VRE.TO,20230510,29.52,29.58,29.4,29.58,5260
VRIF.TO,20230510,23.56,23.56,23.52,23.55,4084
VSB.TO,20230510,22.54,22.59,22.53,22.57,13861
VSC.TO,20230510,22.93,22.98,22.93,22.97,29414
VSP.TO,20230510,68.2,68.4,67.59,68.15,30416
VUN.TO,20230510,74.51,74.71,74.04,74.53,48428
VUS.TO,20230510,74.33,74.33,73.34,73.94,5238
VVL.TO,20230510,39.51,39.51,39.01,39.17,4986
VVO.TO,20230510,32.42,32.42,32.42,32.42,0
VXC.TO,20230510,47.45,47.45,47,47.27,8503
VXM.TO,20230510,27.11,27.11,27.11,27.11,0
VXM.B.TO,20230510,26.09,26.09,26.09,26.09,0
WCN.TO,20230510,191.46,193.87,191.46,193.76,120797
WCP.TO,20230510,10.21,10.22,9.93,10.03,1323195
WDO.TO,20230510,9.17,9.35,8.98,9.3,374753
WEED.TO,20230510,1.69,1.72,1.61,1.62,1334845
WEF.TO,20230510,1.12,1.12,1.08,1.08,203677
WELL.TO,20230510,5.55,5.64,5.36,5.4,1532866
WELL.DB.TO,20230510,92,92,92,92,9000
WFC.TO,20230510,19.7,19.7,19.7,19.7,1217
WFG.TO,20230510,102.47,103.9,99.25,100.92,274213
WFS.TO,20230510,1.32,1.32,1.32,1.32,100
WFS.PR.A.TO,20230510,9,9,9,9,0
WILD.TO,20230510,2.12,2.12,1.97,1.97,78770
WILD.DB.TO,20230510,94,94,94,94,0
WJX.TO,20230510,23.35,23.35,22.04,22.22,42631
WJX.DB.TO,20230510,100,100,100,100,0
WLLW.TO,20230510,0.14,0.14,0.115,0.12,63675
WM.TO,20230510,0.175,0.175,0.165,0.165,60300
WN.TO,20230510,173.91,173.97,167.35,170.25,268784
WN.PR.A.TO,20230510,23.56,23.99,23.41,23.98,14100
WN.PR.C.TO,20230510,21.01,21.13,21.01,21.13,1000
WN.PR.D.TO,20230510,21.01,21.13,21.01,21.13,1800
WN.PR.E.TO,20230510,19.36,19.4,19.36,19.4,3468
WNDR.TO,20230510,0.16,0.165,0.155,0.155,410936
WOMN.TO,20230510,28.55,28.55,28.35,28.35,540
WPK.TO,20230510,46.34,46.34,45.75,46.02,23677
WPM.TO,20230510,69.4,69.62,68.19,69.29,452852
WPRT.TO,20230510,1.04,1.07,0.99,1.02,121119
WRG.TO,20230510,2.66,2.66,2.66,2.66,0
WRN.TO,20230510,2.35,2.35,2.25,2.25,33413
WRX.TO,20230510,0.305,0.305,0.305,0.305,10499
WSP.TO,20230510,179.6,181.08,177.78,179.47,146759
WSRD.TO,20230510,27.41,27.41,27.41,27.41,216
WSRI.TO,20230510,35.12,35.12,35.12,35.12,0
WTE.TO,20230510,29.01,29.8,28.91,29.3,135175
WXM.TO,20230510,25.06,25.06,24.91,24.95,939
X.TO,20230510,142.86,145,142.86,144,131470
XAGG.TO,20230510,36.54,36.67,36.54,36.67,605
XAGG.U.TO,20230510,27.21,27.24,27.21,27.24,600
XAGH.TO,20230510,34.21,34.22,34.21,34.22,2500
XAM.TO,20230510,0.04,0.04,0.04,0.04,18535
XAU.TO,20230510,1.98,2.02,1.98,2,5580
XAW.TO,20230510,33.11,33.11,32.86,33.05,16161
XAW.U.TO,20230510,24.91,24.91,24.91,24.91,400
XBAL.TO,20230510,25.55,25.55,25.45,25.52,13265
XBB.TO,20230510,27.96,28.05,27.92,27.97,73210
XBM.TO,20230510,20.45,20.45,19.67,19.88,9172
XCB.TO,20230510,19.34,19.38,19.28,19.33,78611
XCBG.TO,20230510,36.01,36.01,36.01,36.01,0
XCD.TO,20230510,45.77,45.77,45.48,45.48,1509
XCG.TO,20230510,45.37,45.37,44.92,44.92,2614
XCH.TO,20230510,17.96,18.05,17.92,18.01,20725
XCLN.TO,20230510,41.56,41.56,41.22,41.22,502
XCNS.TO,20230510,20.91,20.91,20.83,20.83,1296
XCS.TO,20230510,18.2,18.2,18.18,18.18,501
XCSR.TO,20230510,59.5,59.5,59.5,59.5,392
XCV.TO,20230510,32.65,32.65,32.24,32.38,9606
XDG.TO,20230510,22.89,22.92,22.83,22.92,2406
XDG.U.TO,20230510,17.32,17.32,17.32,17.32,0
XDGH.TO,20230510,23.28,23.44,23.28,23.43,721
XDIV.TO,20230510,25.7,25.7,25.39,25.52,23280
XDNA.TO,20230510,34.03,34.03,34.03,34.03,200
XDRV.TO,20230510,36.55,36.55,36.55,36.55,0
XDSR.TO,20230510,51.05,51.05,51.05,51.05,0
XDU.TO,20230510,25.4,25.4,25.08,25.22,4604
XDU.U.TO,20230510,18.73,18.73,18.73,18.73,0
XDUH.TO,20230510,23.9,23.9,23.59,23.67,838
XDV.TO,20230510,28.34,28.34,28.05,28.18,21879
XEB.TO,20230510,15.26,15.26,15.26,15.26,100
XEC.TO,20230510,24.87,24.89,24.81,24.86,10400
XEC.U.TO,20230510,19.14,19.14,19.14,19.14,100
XEF.TO,20230510,34.14,34.14,33.94,34.07,33893
XEF.U.TO,20230510,25.48,25.48,25.48,25.48,0
XEG.TO,20230510,14.62,14.66,14.33,14.39,1218212
XEH.TO,20230510,30.05,30.05,30.05,30.05,160
XEI.TO,20230510,25.45,25.45,25.18,25.32,38670
XEM.TO,20230510,28.97,28.97,28.93,28.94,1968
XEMC.TO,20230510,40.02,40.06,39.98,40.06,1500
XEN.TO,20230510,31.45,31.51,31.24,31.34,2186
XEQT.TO,20230510,25.8,25.8,25.59,25.73,66169
XESG.TO,20230510,24.91,25.03,24.91,25.03,1609
XEU.TO,20230510,27.55,27.55,27.55,27.55,600
XEXP.TO,20230510,40.98,40.98,40.98,40.98,0
XFH.TO,20230510,27.87,27.94,27.86,27.94,4381
XFLB.TO,20230510,50.9,51.01,50.78,50.95,6700
XFN.TO,20230510,44.9,44.91,44.36,44.63,134059
XFR.TO,20230510,20.11,20.14,20.11,20.13,29616
XGB.TO,20230510,19.38,19.42,19.34,19.38,13327
XGD.TO,20230510,20.82,20.82,20.44,20.68,202182
XGI.TO,20230510,41.92,41.92,41.92,41.92,100
XGRO.TO,20230510,24.38,24.38,24.22,24.32,50938
XHAK.TO,20230510,34.91,34.91,34.91,34.91,0
XHB.TO,20230510,18.71,18.71,18.64,18.67,1143
XHC.TO,20230510,67.59,67.76,67.4,67.67,2445
XHD.TO,20230510,29.77,29.77,29.77,29.77,377
XHU.TO,20230510,27.48,27.48,27.15,27.15,2067
XHY.TO,20230510,15.91,15.96,15.9,15.96,14322
XIC.TO,20230510,32.83,32.88,32.5,32.67,191121
XID.TO,20230510,43.76,43.78,43.76,43.78,605
XIG.TO,20230510,20.26,20.32,20.26,20.32,1400
XIGS.TO,20230510,36.8,36.8,36.8,36.8,0
XIN.TO,20230510,31.67,31.67,31.47,31.61,11323
XINC.TO,20230510,19.1,19.1,19.1,19.1,229
XIT.TO,20230510,45.15,45.4,44.95,44.95,14413
XIU.TO,20230510,31.59,31.6,31.25,31.4,2758125
XLB.TO,20230510,19.85,19.91,19.78,19.87,35051
XLVE.TO,20230510,9.68,9.68,9.68,9.68,0
XLY.TO,20230510,0.02,0.02,0.015,0.015,1906004
XMA.TO,20230510,20.62,20.68,20.21,20.36,4945
XMC.TO,20230510,25.47,25.47,24.96,25.13,2088
XMC.U.TO,20230510,19.64,19.64,19.64,19.64,0
XMD.TO,20230510,31.06,31.06,30.64,30.79,4893
XMF.PR.B.TO,20230510,4.98,4.98,4.98,4.98,301
XMF.PR.C.TO,20230510,1.48,1.48,1.48,1.48,0
XMH.TO,20230510,22.38,22.38,22.32,22.36,1172
XMI.TO,20230510,35.99,35.99,35.9,35.94,1300
XML.TO,20230510,24.84,24.84,24.84,24.84,0
XMM.TO,20230510,27.05,27.05,27.05,27.05,0
XMS.TO,20230510,31.05,31.05,30.92,30.92,1800
XMTM.TO,20230510,23.25,23.25,23.25,23.25,160
XMU.TO,20230510,66.13,66.49,66.13,66.48,1755
XMV.TO,20230510,38.85,38.85,38.75,38.84,1900
XMW.TO,20230510,47.08,47.22,47.08,47.22,825
XMY.TO,20230510,27.65,27.65,27.65,27.65,0
XPF.TO,20230510,13.68,13.7,13.66,13.66,11858
XQB.TO,20230510,18.73,18.75,18.71,18.74,4564
XQLT.TO,20230510,27.14,27.14,27.14,27.14,0
XQQ.TO,20230510,102.24,102.81,101.54,102.55,51009
XRB.TO,20230510,22.82,22.9,22.82,22.88,7169
XRE.TO,20230510,16.79,16.87,16.72,16.79,168509
XSAB.TO,20230510,18,18,18,18,3140
XSB.TO,20230510,25.98,26.01,25.96,25.99,73744
XSC.TO,20230510,17.61,17.61,17.61,17.61,2800
XSE.TO,20230510,17.83,17.86,17.83,17.86,5867
XSEA.TO,20230510,23.5,23.5,23.4,23.45,1203
XSEM.TO,20230510,18.03,18.1,18.03,18.1,2100
XSH.TO,20230510,18.13,18.14,18.1,18.12,51970
XSHG.TO,20230510,37.32,37.32,37.32,37.32,0
XSHU.TO,20230510,39.63,39.63,39.63,39.63,0
XSHU.U.TO,20230510,29.57,29.57,29.57,29.57,0
XSI.TO,20230510,16.69,16.69,16.69,16.69,800
XSMC.TO,20230510,25.1,25.1,24.72,24.97,1918
XSMH.TO,20230510,23.33,23.33,23.29,23.33,375
XSP.TO,20230510,44.01,44.08,43.5,43.9,405639
XST.TO,20230510,89.09,89.12,87.75,88.33,5431
XSTB.TO,20230510,18.99,19.04,18.99,19.04,3429
XSTH.TO,20230510,37.25,37.3,37.23,37.24,11500
XSTP.TO,20230510,40.19,40.19,40.19,40.19,0
XSTP.U.TO,20230510,29.78,29.78,29.78,29.78,0
XSU.TO,20230510,34.85,34.85,34.3,34.6,38023
XSUS.TO,20230510,29.36,29.36,29.36,29.36,200
XTC.TO,20230510,7.75,8.06,7.66,8.04,30223
XTD.TO,20230510,4.31,4.4,4.3,4.35,4740
XTD.PR.A.TO,20230510,9.58,9.58,9.4,9.5,8502
XTG.TO,20230510,0.85,0.85,0.85,0.85,0
XTLH.TO,20230510,39.54,39.67,39.54,39.63,19416
XTLT.TO,20230510,39.25,39.25,39.25,39.25,155
XTLT.U.TO,20230510,29.25,29.25,29.25,29.25,0
XTR.TO,20230510,10.36,10.36,10.32,10.36,12395
XTRA.TO,20230510,0.86,0.9,0.85,0.86,129731
XUH.TO,20230510,34.86,34.86,34.59,34.79,2354
XUS.TO,20230510,68.88,68.96,68.35,68.79,176121
XUS.U.TO,20230510,52.35,52.36,51.66,52.14,21099
XUSR.TO,20230510,56.77,57.03,56.76,56.95,1200
XUT.TO,20230510,29.43,29.43,28.85,29.11,204122
XUU.TO,20230510,41,41.1,40.79,41,16047
XUU.U.TO,20230510,30.81,30.81,30.81,30.81,0
XVLU.TO,20230510,22.4,22.4,22.25,22.33,522
XWD.TO,20230510,69.21,69.21,68.73,69.11,3209
Y.TO,20230510,12.96,12.96,12.82,12.82,307
YCM.TO,20230510,1.75,1.75,1.75,1.75,0
YCM.PR.A.TO,20230510,4.75,4.75,4.75,4.75,0
YCM.PR.B.TO,20230510,4.87,4.87,4.87,4.87,0
YGR.TO,20230510,1.8,1.8,1.77,1.8,56497
YRB.TO,20230510,0.05,0.05,0.05,0.05,100001
ZACE.TO,20230510,30.71,30.71,30.49,30.55,631
ZAG.TO,20230510,13.76,13.8,13.74,13.79,148029
ZBAL.TO,20230510,34.16,34.16,33.93,34,3260
ZBAL.T.TO,20230510,27.17,27.17,27.17,27.17,0
ZBBB.TO,20230510,27.3,27.3,27.3,27.3,0
ZBI.TO,20230510,27.31,27.37,27.31,27.37,800
ZBK.TO,20230510,20.55,20.7,20.09,20.16,36033
ZCB.TO,20230510,45.46,45.46,45.46,45.46,0
ZCDB.TO,20230510,28.43,28.43,28.43,28.43,0
ZCH.TO,20230510,14.88,14.89,14.85,14.85,737
ZCLN.TO,20230510,19.09,19.24,19.09,19.22,582
ZCM.TO,20230510,14.88,14.93,14.87,14.89,2603
ZCN.TO,20230510,27.71,27.71,27.38,27.5,63551
ZCON.TO,20230510,31.5,31.5,31.5,31.5,270
ZCPB.TO,20230510,27.4,27.4,27.4,27.4,362
ZCS.TO,20230510,13.21,13.23,13.2,13.22,12180
ZCS.L.TO,20230510,22.05,22.05,22.05,22.05,1700
ZDB.TO,20230510,14.7,14.75,14.7,14.73,7154
ZDH.TO,20230510,24.05,24.05,24.05,24.05,125
ZDI.TO,20230510,21.78,21.78,21.62,21.69,984
ZDJ.TO,20230510,53.02,53.02,52.47,52.72,2369
ZDM.TO,20230510,25.75,25.76,25.64,25.75,5101
ZDV.TO,20230510,19.83,19.83,19.6,19.67,51619
ZDY.TO,20230510,35.98,35.98,35.54,35.78,32992
ZDY.U.TO,20230510,27.29,27.29,27.29,27.29,200
ZEA.TO,20230510,20.75,20.75,20.55,20.58,7397
ZEAT.TO,20230510,27.38,27.38,27.38,27.38,0
ZEB.TO,20230510,33.83,33.86,33.56,33.76,642179
ZEF.TO,20230510,11.83,11.85,11.83,11.85,440
ZEM.TO,20230510,18.75,18.83,18.74,18.83,5335
ZEO.TO,20230510,59.66,59.66,58.75,58.91,23908
ZEQ.TO,20230510,28.95,28.95,28.81,28.86,1525
ZEQT.TO,20230510,39.55,39.55,39.17,39.32,644
ZESG.TO,20230510,31.33,31.33,31.33,31.33,0
ZFC.TO,20230510,39.78,39.78,39.78,39.78,0
ZFH.TO,20230510,13.75,13.76,13.75,13.75,6400
ZFL.TO,20230510,13.8,13.87,13.78,13.84,75264
ZFM.TO,20230510,14.72,14.76,14.7,14.72,15132
ZFN.TO,20230510,37.21,37.21,37.21,37.21,0
ZFS.TO,20230510,13.43,13.43,13.42,13.42,1323
ZFS.L.TO,20230510,20.79,20.79,20.79,20.79,0
ZGB.TO,20230510,45.6,45.77,45.6,45.77,1322
ZGD.TO,20230510,86.64,86.64,85.41,85.41,2152
ZGI.TO,20230510,43,43.08,42.85,43.02,20322
ZGQ.TO,20230510,47.75,47.87,47.64,47.64,2406
ZGRN.TO,20230510,29.23,29.23,29.23,29.23,0
ZGRO.TO,20230510,36.56,36.58,36.49,36.58,1875
ZGRO.T.TO,20230510,30.1,30.1,30.1,30.1,0
ZGSB.TO,20230510,26.04,26.04,26.04,26.04,100
ZHP.TO,20230510,16.29,16.29,16.29,16.29,0
ZHU.TO,20230510,42.61,42.61,42.61,42.61,0
ZHY.TO,20230510,10.86,10.91,10.79,10.85,31954
ZIC.TO,20230510,16.98,16.98,16.98,16.98,0
ZIC.U.TO,20230510,12.95,12.95,12.95,12.95,100
ZID.TO,20230510,37.63,37.63,37.63,37.63,303
ZIN.TO,20230510,34.83,34.83,34.83,34.83,0
ZJG.TO,20230510,79,79,78,78,9861
ZJK.TO,20230510,17.07,17.11,17.07,17.11,232
ZJK.U.TO,20230510,16.53,16.53,16.53,16.53,0
ZJPN.TO,20230510,29.32,29.32,29.32,29.32,1931
ZLB.TO,20230510,42.94,42.98,42.58,42.87,36789
ZLC.TO,20230510,15.17,15.23,15.16,15.19,11993
ZLD.TO,20230510,25.56,25.56,25.56,25.56,100
ZLE.TO,20230510,17.15,17.15,17.15,17.15,0
ZLH.TO,20230510,32.52,32.63,32.52,32.63,500
ZLI.TO,20230510,24.14,24.14,24.14,24.14,154
ZLU.TO,20230510,48.32,48.37,48.07,48.31,13627
ZLU.U.TO,20230510,36.97,36.97,36.97,36.97,0
ZMBS.TO,20230510,28.82,28.82,28.82,28.82,114
ZMI.TO,20230510,15.79,15.79,15.7,15.75,2827
ZMI.U.TO,20230510,26.41,26.41,26.41,26.41,0
ZMID.TO,20230510,35.25,35.25,35.25,35.25,0
ZMID.F.TO,20230510,33.15,33.15,33.15,33.15,0
ZMID.U.TO,20230510,35.39,35.39,35.39,35.39,0
ZMMK.TO,20230510,49.99,49.99,49.96,49.97,70040
ZMP.TO,20230510,13.78,13.79,13.78,13.79,200
ZMSB.TO,20230510,27.54,27.54,27.54,27.54,0
ZMT.TO,20230510,54.67,54.69,54.67,54.69,485
ZMU.TO,20230510,12.7,12.71,12.7,12.71,2002
ZNQ.TO,20230510,57.52,57.81,57.29,57.7,6655
ZNQ.U.TO,20230510,28.97,28.97,28.97,28.97,0
ZPAY.TO,20230510,28.83,28.97,28.83,28.97,7836
ZPAY.F.TO,20230510,27.6,27.6,27.48,27.55,2300
ZPAY.U.TO,20230510,28.13,28.13,28.12,28.12,842
ZPH.TO,20230510,14.34,14.34,14.26,14.33,1703
ZPL.TO,20230510,12.91,12.97,12.89,12.94,3262
ZPR.TO,20230510,8.84,8.85,8.81,8.83,103915
ZPR.U.TO,20230510,14.48,14.48,14.48,14.48,0
ZPS.TO,20230510,12.09,12.09,12.09,12.09,2000
ZPS.L.TO,20230510,21.13,21.13,21.13,21.13,100
ZPW.TO,20230510,14.62,14.62,14.62,14.62,2205
ZPW.U.TO,20230510,14.8,14.8,14.8,14.8,0
ZQB.TO,20230510,27.71,27.71,27.71,27.71,0
ZQQ.TO,20230510,94.55,95.05,93.88,94.8,55584
ZRE.TO,20230510,21.57,21.77,21.57,21.74,10075
ZRR.TO,20230510,15.06,15.08,15.06,15.08,988
ZSB.TO,20230510,47,47,47,47,200
ZSDB.TO,20230510,28.98,28.98,28.98,28.98,1400
ZSML.TO,20230510,33.23,33.23,33.23,33.23,0
ZSP.TO,20230510,60.69,60.74,60.2,60.6,157647
ZSP.U.TO,20230510,45.46,45.46,44.99,45.34,4600
ZST.TO,20230510,48.66,48.66,48.65,48.65,12233
ZST.L.TO,20230510,55.52,55.52,55.52,55.52,140
ZSU.TO,20230510,13.09,13.09,13.09,13.09,0
ZTIP.TO,20230510,30.97,30.97,30.97,30.97,400
ZTIP.F.TO,20230510,29,29,29,29,1900
ZTIP.U.TO,20230510,29.11,29.11,29.11,29.11,100
ZUAG.F.TO,20230510,30.02,30.06,30.02,30.02,606
ZUAG.U.TO,20230510,29.91,29.91,29.91,29.91,0
ZUB.TO,20230510,19.69,19.69,19.13,19.25,16494
ZUD.TO,20230510,25.73,25.73,25.53,25.59,914
ZUE.TO,20230510,58.47,58.48,57.85,58.24,5012
ZUH.TO,20230510,70.28,70.42,70.28,70.42,516
ZUP.TO,20230510,17.59,17.59,17.59,17.59,113
ZUP.U.TO,20230510,17.05,17.05,17.05,17.05,0
ZUQ.TO,20230510,55.75,55.96,55.61,55.96,671
ZUQ.F.TO,20230510,36.02,36.02,35.93,35.93,291
ZUQ.U.TO,20230510,36.97,36.97,36.97,36.97,0
ZUS.U.TO,20230510,46.71,46.72,46.7,46.72,4900
ZUS.V.TO,20230510,52.8,52.82,52.79,52.82,8700
ZUT.TO,20230510,23.61,23.61,23.11,23.35,48850
ZVC.TO,20230510,25.48,25.48,25.48,25.48,0
ZVU.TO,20230510,24.04,24.04,24.04,24.04,100
ZWA.TO,20230510,23.9,23.9,23.76,23.76,2872
ZWB.TO,20230510,17.96,17.96,17.79,17.9,222390
ZWB.U.TO,20230510,22.78,22.78,22.78,22.78,0
ZWC.TO,20230510,17.54,17.57,17.4,17.47,105628
ZWE.TO,20230510,19.91,20.05,19.87,20.03,10069
ZWEN.TO,20230510,26.95,27.01,26.94,26.94,1000
ZWG.TO,20230510,28,28.03,27.87,28.03,1860
ZWH.TO,20230510,21.46,21.46,21.21,21.35,18150
ZWH.U.TO,20230510,21.8,21.96,21.8,21.96,2601
ZWHC.TO,20230510,28.96,29.07,28.96,29.07,200
ZWK.TO,20230510,17.07,17.07,16.48,16.67,132904
ZWP.TO,20230510,17.59,17.64,17.46,17.6,7908
ZWS.TO,20230510,19.29,19.29,19.07,19.18,3856
ZWT.TO,20230510,28.39,28.6,28.39,28.54,11550
ZWU.TO,20230510,11.56,11.59,11.47,11.53,444681
ZXM.TO,20230510,34.8,34.8,34.8,34.8,0
ZXM.B.TO,20230510,33.21,33.21,33.21,33.21,0
ZZZ.TO,20230510,26,26.1,25.37,25.73,146664
ZZZD.TO,20230510,28.55,28.55,28.55,28.55,100
