<ticker>,<date>,<open>,<high>,<low>,<close>,<vol>
AAB.TO,20240523,0.025,0.025,0.025,0.025,1221
AAUC.TO,20240523,3.21,3.23,3.11,3.15,203518
AAV.TO,20240523,11.12,11.47,11.08,11.29,2488408
ABX.TO,20240523,23.45,23.78,23.23,23.29,5463671
AC.TO,20240523,18.56,18.74,18.3,18.41,2531700
ACAA.TO,20240523,20.42,20.42,20.42,20.42,100
ACB.TO,20240523,9.41,9.41,8.7,8.84,1374172
ACD.TO,20240523,4.15,4.15,4,4,5321
ACO.X.TO,20240523,40.74,40.74,40.1,40.38,263687
ACQ.TO,20240523,21.35,21.7,21.1,21.11,14002
AD.DB.A.TO,20240523,96.99,97,96.99,97,8000
AD.UN.TO,20240523,16.21,16.24,16.02,16.12,32366
ADCO.TO,20240523,0.235,0.24,0.235,0.24,2450
ADEN.TO,20240523,38.09,38.36,38,38.33,31473
ADN.TO,20240523,17.44,17.57,17.44,17.57,1613
ADW.A.TO,20240523,3.97,3.97,3.88,3.88,10506
ADW.B.TO,20240523,4.91,4.91,4.9,4.9,626
AEG.TO,20240523,0.38,0.38,0.37,0.37,5000
AEM.TO,20240523,92.6,92.97,91.51,92.46,1378885
AFN.TO,20240523,47.17,47.17,46,46.33,53510
AFN.DB.G.TO,20240523,99.47,99.5,99.47,99.5,9000
AFN.DB.H.TO,20240523,97.98,98,97.98,98,19000
AFN.DB.I.TO,20240523,116.02,116.02,116.02,116.02,10000
AFN.DB.J.TO,20240523,99.6,99.75,99.6,99.75,14000
AGF.B.TO,20240523,8.52,8.74,8.52,8.61,66851
AGI.TO,20240523,22.48,22.93,22.35,22.72,1768658
AI.TO,20240523,10.97,10.97,10.66,10.69,82040
AI.DB.E.TO,20240523,98.01,98.01,98.01,98.01,2000
AI.DB.F.TO,20240523,90.85,90.85,90.85,90.85,4000
AIDX.TO,20240523,1.7,1.78,1.66,1.66,567868
AIF.TO,20240523,48.11,48.15,47,47.87,41430
AIGO.TO,20240523,20.36,20.36,20.36,20.36,205
AII.TO,20240523,0.7,0.71,0.69,0.71,393000
AIM.TO,20240523,2.75,2.75,2.71,2.74,28708
AIM.PR.A.TO,20240523,14.9,14.9,14.9,14.9,200
AKT.A.TO,20240523,1.48,1.48,1.42,1.42,33520
ALA.TO,20240523,30.71,30.71,30.06,30.37,1035398
ALA.PR.A.TO,20240523,19.19,19.19,19.19,19.19,275
ALA.PR.B.TO,20240523,21.6,21.6,21.6,21.6,500
ALA.PR.G.TO,20240523,24.11,24.25,24.05,24.25,7494
ALC.TO,20240523,14.59,14.59,14.35,14.36,9430
ALS.TO,20240523,21.93,22.06,21.5,21.69,28425
ALYA.TO,20240523,2.08,2.12,2.08,2.12,20589
AMAX.TO,20240523,19.11,19.46,19.11,19.26,6348
AMC.TO,20240523,2.32,2.41,2.2,2.21,243597
AMM.TO,20240523,0.17,0.17,0.17,0.17,3000
AND.TO,20240523,37.54,38.34,37.54,38.15,36300
AOI.TO,20240523,2.44,2.46,2.4,2.41,271926
AOT.TO,20240523,0.68,0.7,0.66,0.67,271518
AP.UN.TO,20240523,17.12,17.19,16.87,16.94,622433
APLI.TO,20240523,0.035,0.035,0.035,0.035,3001
APR.UN.TO,20240523,10.04,10.08,10.02,10.04,16813
APS.TO,20240523,1.52,1.52,1.45,1.47,5005
AQN.TO,20240523,9.05,9.1,8.85,8.94,2018247
AQN.PR.A.TO,20240523,22.15,22.2,22.05,22.2,3989
AQN.PR.D.TO,20240523,22.52,22.52,22.32,22.5,4306
ARA.TO,20240523,0.55,0.55,0.53,0.54,63896
ARB.TO,20240523,26.2,26.2,26.11,26.11,5400
ARE.TO,20240523,16.69,16.96,16.69,16.82,114181
ARG.TO,20240523,1.94,1.96,1.91,1.92,260709
ARIS.TO,20240523,5.64,5.85,5.64,5.72,422542
ARIS.WT.A.TO,20240523,0.47,0.49,0.47,0.48,87500
ARR.TO,20240523,9.13,9.2,9.09,9.2,8859
ARTI.TO,20240523,10.15,10.15,10,10,7315
ARX.TO,20240523,25.51,25.67,24.97,25.06,1567268
ASCU.TO,20240523,1.61,1.61,1.51,1.52,34800
ASM.TO,20240523,1.37,1.43,1.37,1.39,111520
ASND.TO,20240523,0.055,0.055,0.055,0.055,263500
ASTL.TO,20240523,11.01,11.02,10.63,10.87,50557
ATCU.TO,20240523,0.78,0.78,0.74,0.75,34910
ATD.TO,20240523,77.74,79.99,77.56,79.37,1703963
ATH.TO,20240523,4.95,5,4.8,4.8,4052358
ATRL.TO,20240523,53.32,54.31,52.63,52.89,198973
ATS.TO,20240523,44.63,44.63,43.14,43.4,261615
ATZ.TO,20240523,32.71,32.82,31.99,32.25,139378
AUGB.F.TO,20240523,43.68,43.68,43.59,43.59,300
AUMN.TO,20240523,0.67,0.67,0.65,0.67,6970
AVCN.TO,20240523,0.3,0.3,0.25,0.255,613471
AVL.TO,20240523,0.065,0.065,0.065,0.065,139578
AVNT.TO,20240523,0.07,0.075,0.07,0.075,57600
AW.UN.TO,20240523,28.8,28.81,28.3,28.53,28807
AX.PR.E.TO,20240523,18.15,18.15,18.13,18.14,1250
AX.PR.I.TO,20240523,18.67,18.67,18.65,18.65,217
AX.UN.TO,20240523,6.47,6.47,6.38,6.4,179892
AYA.TO,20240523,14.26,14.61,14.03,14.05,392204
BABY.TO,20240523,0.225,0.225,0.205,0.215,354034
BAM.TO,20240523,54.68,54.9,53.96,54.45,1586286
BANK.TO,20240523,7.45,7.46,7.34,7.39,197764
BASE.TO,20240523,26.49,26.55,26.33,26.33,810
BASE.B.TO,20240523,27.47,27.47,27.47,27.47,500
BB.TO,20240523,4.1,4.11,3.9,3.92,2457701
BBD.A.TO,20240523,89.42,90.71,83.73,84.32,28566
BBD.B.TO,20240523,90.3,90.92,83.65,84.27,1103153
BBD.PR.B.TO,20240523,17.43,17.46,17.4,17.43,1544
BBD.PR.C.TO,20240523,19,19,18.75,18.75,21500
BBD.PR.D.TO,20240523,18.7,18.7,18.7,18.7,100
BBU.UN.TO,20240523,25.52,25.8,25.39,25.53,19233
BBUC.TO,20240523,28.47,28.47,27.5,27.97,19122
BCE.TO,20240523,46.69,46.79,46.19,46.44,3236775
BCE.PR.A.TO,20240523,17.3,17.3,17.3,17.3,6715
BCE.PR.B.TO,20240523,18.38,18.4,18.3,18.4,4336
BCE.PR.C.TO,20240523,17.76,17.87,17.75,17.87,5012
BCE.PR.D.TO,20240523,18.29,18.3,18.21,18.3,8769
BCE.PR.E.TO,20240523,18.18,18.31,18.18,18.31,7197
BCE.PR.F.TO,20240523,17.2,17.34,17.2,17.34,8489
BCE.PR.G.TO,20240523,16.24,16.48,16.24,16.47,4850
BCE.PR.H.TO,20240523,18.19,18.22,18.16,18.16,800
BCE.PR.I.TO,20240523,16.2,16.32,16.2,16.32,4683
BCE.PR.K.TO,20240523,15.2,15.33,15.2,15.33,16483
BCE.PR.L.TO,20240523,17.07,17.07,17,17,1300
BCE.PR.M.TO,20240523,15.99,16.11,15.99,16.11,6208
BCE.PR.N.TO,20240523,17.41,17.41,17.4,17.4,700
BCE.PR.Q.TO,20240523,22.28,22.4,22.21,22.4,7965
BCE.PR.R.TO,20240523,16.2,16.28,16.02,16.28,48793
BCE.PR.S.TO,20240523,18.22,18.22,18.22,18.22,200
BCE.PR.T.TO,20240523,17.75,18.02,17.62,17.79,5179
BCE.PR.Y.TO,20240523,18.2,18.25,18.19,18.25,4014
BCE.PR.Z.TO,20240523,18,18.2,18,18.2,1500
BCT.TO,20240523,2,2.04,1.97,1.98,23399
BDGI.TO,20240523,42.89,42.89,41.29,41.52,25011
BDI.TO,20240523,7.88,8,7.85,7.91,276617
BDT.TO,20240523,21,21,20.35,20.52,139152
BEI.UN.TO,20240523,72.23,72.4,71.03,71.34,44555
BEP.PR.G.TO,20240523,24.25,24.28,24.05,24.28,3671
BEP.PR.M.TO,20240523,20.83,20.96,20.72,20.95,13800
BEP.UN.TO,20240523,39.05,39.05,38.24,38.47,337281
BEPC.TO,20240523,44.19,44.19,43.11,43.31,206154
BEPR.TO,20240523,8.91,8.91,8.88,8.88,1126
BESG.TO,20240523,15.55,15.56,15.55,15.55,3400
BGI.UN.TO,20240523,4.52,4.52,4.42,4.42,12700
BGU.TO,20240523,43.96,43.96,43.94,43.94,2845
BGU.U.TO,20240523,31.8,31.8,31.8,31.8,1005
BHC.TO,20240523,8.75,8.8,8.62,8.72,236933
BIK.PR.A.TO,20240523,25,25.1,25,25.1,7055
BIP.PR.A.TO,20240523,20.9,21.04,20.9,21.04,30500
BIP.PR.B.TO,20240523,24.2,24.37,24.19,24.37,8758
BIP.PR.E.TO,20240523,21.65,21.94,21.65,21.94,8490
BIP.PR.F.TO,20240523,20.93,21.16,20.9,21.16,8508
BIP.UN.TO,20240523,41,41.66,40.2,40.44,528214
BIPC.TO,20240523,48.97,49.09,47.65,48.07,420012
BIR.TO,20240523,5.98,6.06,5.81,5.83,879670
BITF.TO,20240523,2.82,2.87,2.66,2.71,2391708
BITI.TO,20240523,4.6,4.78,4.6,4.77,144505
BK.TO,20240523,11.25,11.27,11.19,11.19,112132
BK.PR.A.TO,20240523,10.2,10.2,10.16,10.17,11225
BKCC.TO,20240523,14.16,14.16,13.95,13.95,7855
BKCL.TO,20240523,18.79,18.8,18.59,18.68,20092
BKI.TO,20240523,0.05,0.05,0.05,0.05,5000
BLCO.TO,20240523,20.46,20.46,20.27,20.28,1000
BLDP.TO,20240523,4.25,4.27,4.09,4.13,374188
BLN.TO,20240523,4.05,4.05,3.99,4.03,150080
BLX.TO,20240523,32.22,32.43,31.73,32.28,261145
BMAX.TO,20240523,13.6,13.64,13.53,13.55,6215
BMO.TO,20240523,129.62,130.34,128.96,129.87,2995932
BMO.PR.E.TO,20240523,25.4,25.43,25.27,25.4,11576
BMO.PR.W.TO,20240523,23.64,23.67,23.5,23.6,23041
BMO.PR.Y.TO,20240523,23.65,23.74,23.55,23.73,8054
BN.TO,20240523,60.99,61.33,60.22,60.7,2066910
BN.PF.A.TO,20240523,21.75,22.09,21.62,22.09,9647
BN.PF.B.TO,20240523,19.83,19.97,19.69,19.97,13994
BN.PF.C.TO,20240523,18.24,18.24,18.11,18.15,5827
BN.PF.D.TO,20240523,18.19,18.28,18.1,18.28,5331
BN.PF.E.TO,20240523,18.15,18.5,18.15,18.48,5005
BN.PF.F.TO,20240523,20.45,20.63,20.32,20.63,9750
BN.PF.G.TO,20240523,18.87,18.95,18.87,18.95,5389
BN.PF.H.TO,20240523,23.49,23.78,23.49,23.78,4647
BN.PF.I.TO,20240523,22.51,22.87,22.49,22.87,7387
BN.PF.J.TO,20240523,22.33,22.79,22.33,22.79,13730
BN.PF.K.TO,20240523,14.95,14.95,14.95,14.95,1100
BN.PF.L.TO,20240523,12.11,12.11,12.11,12.11,800
BN.PR.B.TO,20240523,12.06,12.25,12.06,12.25,7173
BN.PR.C.TO,20240523,12.08,12.12,12.08,12.12,900
BN.PR.M.TO,20240523,18.08,18.08,18.08,18.08,2104
BN.PR.N.TO,20240523,17.85,17.87,17.62,17.87,3702
BN.PR.R.TO,20240523,16.45,16.73,16.45,16.73,6594
BN.PR.T.TO,20240523,16.58,16.66,16.58,16.66,5249
BN.PR.X.TO,20240523,15.91,16,15.78,15.99,3971
BN.PR.Z.TO,20240523,20.98,21.34,20.98,21.34,13986
BNC.TO,20240523,25.41,25.43,25.41,25.43,802
BND.TO,20240523,17.33,17.37,17.33,17.35,11188
BNE.TO,20240523,5.32,5.4,5.16,5.18,26152
BNG.TO,20240523,0.025,0.025,0.025,0.025,14113
BNK.TO,20240523,11.21,11.21,11,11,5115
BNKL.TO,20240523,21.61,21.67,21.42,21.43,85500
BNS.TO,20240523,65.39,65.66,64.65,64.98,2294777
BOND.TO,20240523,20.47,20.47,20.31,20.34,2849
BOS.TO,20240523,5.9,5.99,5.79,5.79,45121
BPF.UN.TO,20240523,15.73,15.78,15.65,15.69,27007
BPO.PR.A.TO,20240523,13.61,13.85,13.52,13.85,5960
BPO.PR.C.TO,20240523,15.8,15.82,15.73,15.82,860
BPO.PR.E.TO,20240523,13.85,13.95,13.81,13.95,17898
BPO.PR.G.TO,20240523,15.15,15.29,15.15,15.2,2852
BPO.PR.I.TO,20240523,14.3,14.66,14.3,14.64,2495
BPO.PR.N.TO,20240523,11.4,11.67,11.4,11.64,3947
BPO.PR.P.TO,20240523,11.72,11.92,11.56,11.88,6840
BPO.PR.R.TO,20240523,12.28,12.41,12.28,12.41,1712
BPO.PR.T.TO,20240523,14.8,14.96,14.8,14.96,27146
BPO.PR.X.TO,20240523,9.35,9.39,9.35,9.39,500
BPS.PR.A.TO,20240523,25,25,25,25,100
BPYP.PR.A.TO,20240523,19.8,19.8,19.5,19.57,2603
BR.TO,20240523,1.2,1.2,1.2,1.2,100
BRAG.TO,20240523,8.28,8.43,8.17,8.18,10032
BRE.TO,20240523,13.5,13.59,13.5,13.59,3012
BREA.TO,20240523,25.5,25.53,25.5,25.53,300
BRF.PR.A.TO,20240523,17.6,17.74,17.6,17.74,6250
BRF.PR.C.TO,20240523,20.52,20.72,20.52,20.72,8320
BRF.PR.E.TO,20240523,17.86,17.93,17.86,17.93,1100
BRF.PR.F.TO,20240523,17.98,17.98,17.9,17.98,3434
BRY.TO,20240523,0.2,0.2,0.2,0.2,23000
BSKT.TO,20240523,8.46,8.46,8.41,8.44,5500
BSX.TO,20240523,0.05,0.05,0.05,0.05,2000
BTB.DB.G.TO,20240523,99.25,99.25,99.25,99.25,5000
BTB.DB.H.TO,20240523,99.5,99.5,99.25,99.5,30000
BTB.UN.TO,20240523,3.24,3.25,3.23,3.25,47817
BTCC.TO,20240523,13.05,13.05,12.55,12.61,315689
BTCC.B.TO,20240523,13.5,13.53,13.1,13.16,450541
BTCC.U.TO,20240523,12.57,12.57,12.11,12.17,56821
BTCQ.TO,20240523,15.2,15.2,14.76,14.78,16366
BTCQ.U.TO,20240523,10.8,10.8,10.8,10.8,700
BTCX.B.TO,20240523,14.01,14.01,13.55,13.62,313512
BTCX.U.TO,20240523,12.97,12.97,12.57,12.59,51336
BTCY.TO,20240523,6.9,6.92,6.7,6.72,44752
BTCY.B.TO,20240523,7.92,7.92,7.88,7.88,3433
BTCY.U.TO,20240523,6.61,6.61,6.5,6.5,322
BTE.TO,20240523,4.68,4.74,4.59,4.62,5133286
BTO.TO,20240523,3.82,3.86,3.74,3.75,3170596
BU.TO,20240523,0.28,0.285,0.27,0.27,26000
BUI.TO,20240523,2.2,2.2,2.17,2.17,200
BYD.TO,20240523,233.44,235.42,232.6,233.17,72185
BYL.TO,20240523,0.245,0.245,0.245,0.245,6550
CACB.TO,20240523,19.39,19.39,19.39,19.39,15400
CAE.TO,20240523,25.74,26.63,25.74,25.8,985118
CAFR.TO,20240523,19.81,19.81,19.81,19.81,150
CAGG.TO,20240523,43.09,43.26,43.09,43.12,5800
CALL.TO,20240523,12.38,12.38,12.07,12.11,22925
CANL.TO,20240523,22.19,22.24,22.04,22.04,2700
CAR.UN.TO,20240523,44.73,44.92,44.28,44.61,331418
CARB.TO,20240523,7.84,7.84,7.84,7.84,340
CARS.TO,20240523,20.95,20.95,20.19,20.19,575
CAS.TO,20240523,9.87,9.87,9.48,9.53,140360
CASH.TO,20240523,50.15,50.15,50.14,50.15,180552
CBAL.TO,20240523,21.62,21.64,21.62,21.64,733100
CBH.TO,20240523,17.25,17.25,17.2,17.2,3179
CBIL.TO,20240523,50.09,50.1,50.09,50.1,46525
CBIN.TO,20240523,21.03,21.03,21.03,21.03,84399
CBNK.TO,20240523,7.35,7.35,7.26,7.26,4665
CBO.TO,20240523,17.68,17.69,17.67,17.69,15310
CCA.TO,20240523,55.89,55.89,55,55.44,35977
CCBI.TO,20240523,17.58,17.58,17.58,17.58,3203
CCEI.TO,20240523,23.86,23.93,23.86,23.93,3063
CCL.A.TO,20240523,71.76,71.76,71.76,71.76,378
CCL.B.TO,20240523,71.32,71.93,70.76,71.08,184965
CCM.TO,20240523,0.245,0.245,0.24,0.24,20500
CCO.TO,20240523,71.47,71.74,70.31,71,662352
CCOM.TO,20240523,20.62,20.62,20.62,20.62,222
CCRE.TO,20240523,17.6,17.61,17.57,17.57,1800
CCS.PR.C.TO,20240523,19.74,19.74,19.6,19.6,300
CDEF.TO,20240523,10.2,10.2,10.2,10.2,200
CDIV.TO,20240523,13.8,13.8,13.66,13.7,40607
CDLB.TO,20240523,16.56,16.56,16.56,16.56,120
CDR.TO,20240523,1.93,1.93,1.52,1.52,68515
CDZ.TO,20240523,31.65,31.66,31.32,31.44,27708
CEE.TO,20240523,2.17,2.17,2.12,2.13,14519
CEF.TO,20240523,31.05,31.1,30.71,30.74,10642
CEF.U.TO,20240523,22.75,22.75,22.37,22.37,1022
CEQT.TO,20240523,23.32,23.32,23.31,23.32,16013
CEU.TO,20240523,6.8,6.81,6.68,6.69,238164
CEW.TO,20240523,17.44,17.44,17.25,17.25,12930
CF.TO,20240523,9,9.01,8.8,9,57435
CF.PR.A.TO,20240523,14.5,14.55,14.5,14.55,2100
CF.PR.C.TO,20240523,19.6,19.6,19.6,19.6,300
CFF.TO,20240523,0.53,0.53,0.53,0.53,5001
CFP.TO,20240523,15.5,15.5,15.06,15.35,97614
CFRT.TO,20240523,20.64,20.64,20.64,20.64,2003
CFW.TO,20240523,4.21,4.29,4.2,4.24,28101
CFX.TO,20240523,1.61,1.61,1.6,1.61,3709
CG.TO,20240523,9.61,9.65,9.34,9.46,971670
CGBI.TO,20240523,17.35,17.35,17.35,17.35,5299
CGDV.TO,20240523,21.61,21.61,21.61,21.61,203
CGG.TO,20240523,9.01,9.01,8.95,8.95,2500
CGI.TO,20240523,38,38.05,37.38,37.38,14005
CGIN.TO,20240523,20.59,20.59,20.59,20.59,400
CGL.TO,20240523,18.89,18.9,18.6,18.61,33801
CGL.C.TO,20240523,27.38,27.39,27.12,27.12,16572
CGLO.TO,20240523,28.37,28.38,28.18,28.21,3327
CGO.TO,20240523,52.43,52.53,51.97,52.36,7311
CGR.TO,20240523,27.89,27.9,27.83,27.83,831
CGRE.TO,20240523,20.13,20.13,20.13,20.13,100
CGRO.TO,20240523,22.58,22.59,22.58,22.58,25000
CGX.TO,20240523,8.35,8.37,8.29,8.3,281411
CGXF.TO,20240523,10.46,10.55,10.37,10.37,10851
CGXF.U.TO,20240523,7.96,7.96,7.95,7.95,1100
CGY.TO,20240523,57.82,57.82,57.07,57.56,8521
CHE.DB.H.TO,20240523,100.95,100.95,100.05,100.25,116000
CHE.UN.TO,20240523,9.16,9.19,9.05,9.12,178290
CHNA.B.TO,20240523,21.3,21.3,21.3,21.3,100
CHP.UN.TO,20240523,13.08,13.11,12.95,12.97,426295
CHPS.TO,20240523,40.45,40.58,39.42,39.57,15736
CHPS.U.TO,20240523,29.04,29.04,29.04,29.04,600
CHR.TO,20240523,2.18,2.21,2.18,2.21,93823
CHR.DB.A.TO,20240523,97.5,98,97.5,98,103000
CHR.DB.C.TO,20240523,85.11,85.11,85,85,43000
CIA.TO,20240523,6.78,6.89,6.69,6.74,178383
CIAI.TO,20240523,21.87,21.87,21.52,21.52,3000
CIBR.TO,20240523,43.98,43.99,43.98,43.99,275
CIC.TO,20240523,11.02,11.02,10.91,10.91,42725
CIEH.TO,20240523,21.39,21.39,21.39,21.39,200
CIEM.TO,20240523,19.6,19.6,19.54,19.54,3100
CIEM.U.TO,20240523,19.81,19.81,19.81,19.81,2400
CIF.TO,20240523,44.29,44.29,43.62,43.74,2551
CIGI.TO,20240523,152.96,152.96,151.02,152.06,29063
CINF.TO,20240523,24.72,24.72,24.58,24.59,819
CINT.TO,20240523,23.69,23.69,23.52,23.52,1600
CIU.PR.C.TO,20240523,14.2,14.2,14.2,14.2,500
CIX.TO,20240523,14.73,14.78,14.55,14.74,344309
CJ.TO,20240523,6.85,6.88,6.74,6.76,759477
CJR.B.TO,20240523,0.48,0.485,0.47,0.475,273716
CJT.TO,20240523,117.77,118.49,117.12,117.74,32557
CJT.DB.E.TO,20240523,99,99.45,99,99.26,206000
CJT.DB.F.TO,20240523,98,98,97.99,98,23000
CKI.TO,20240523,18.97,19.6,18.82,19.3,1700
CLF.TO,20240523,16.8,16.8,16.8,16.8,819
CLG.TO,20240523,16.68,16.68,16.64,16.66,12100
CLML.TO,20240523,29.34,29.34,29.01,29.01,500
CLML.U.TO,20240523,29.53,29.78,29.53,29.78,600
CLS.TO,20240523,76.38,78.25,75.24,76.07,839412
CM.TO,20240523,66.51,66.8,65.79,66.19,3314266
CM.PR.P.TO,20240523,22.95,23.31,22.95,23.31,6468
CM.PR.Q.TO,20240523,22.9,23.32,22.85,23.32,29928
CM.PR.S.TO,20240523,23.88,23.9,23.85,23.88,19330
CMAG.TO,20240523,33.84,33.84,33.53,33.61,1900
CMAG.U.TO,20240523,25.19,25.19,25.19,25.19,600
CMAR.TO,20240523,17.67,17.67,17.67,17.67,7800
CMDO.TO,20240523,19,19,18.9,18.9,15700
CMDO.U.TO,20240523,19.08,19.08,19.08,19.08,2000
CMG.TO,20240523,10.06,11.57,9.59,11.31,256583
CMGG.TO,20240523,28.57,28.63,28.31,28.31,1500
CMNY.TO,20240523,50.19,50.19,50.19,50.19,4879
CMR.TO,20240523,50.01,50.01,50,50.01,93766
CNCC.TO,20240523,12.15,12.15,12.09,12.09,16322
CNCL.TO,20240523,19.69,19.7,19.59,19.62,16697
CNDX.TO,20240523,25.17,25.19,24.99,24.99,58500
CNE.TO,20240523,4.78,4.78,4.54,4.56,22892
CNL.TO,20240523,4.1,4.14,4.01,4.04,55976
CNQ.TO,20240523,104.24,105.1,102.99,103.55,4256751
CNR.TO,20240523,175,175.13,172.65,173.49,805970
COG.TO,20240523,0.53,0.53,0.5,0.5,16560
COMM.TO,20240523,32.87,32.87,32.82,32.82,834
COPP.TO,20240523,39.15,39.15,37.88,38.1,7677
COW.TO,20240523,63.75,63.75,62.86,62.86,2476
CP.TO,20240523,110.18,110.6,108.51,108.97,1251736
CPD.TO,20240523,11.8,11.85,11.77,11.84,158975
CPH.TO,20240523,8.88,8.88,8.54,8.54,29519
CPLS.TO,20240523,17.67,17.67,17.67,17.67,250
CPX.TO,20240523,37.9,37.95,37.35,37.72,345363
CPX.PR.A.TO,20240523,15.25,15.25,15.25,15.25,400
CPX.PR.C.TO,20240523,22.72,22.92,22.72,22.92,3388
CPX.PR.E.TO,20240523,22.07,22.43,22,22.43,48965
CRDL.TO,20240523,3.1,3.14,3,3.05,98514
CRON.TO,20240523,3.83,3.83,3.6,3.64,140383
CROP.TO,20240523,18.07,18.1,18.07,18.1,4176
CRP.TO,20240523,3.15,3.17,3.15,3.17,1450
CRR.UN.TO,20240523,12.97,12.97,12.76,12.87,93051
CRRX.TO,20240523,2.17,2.17,2.13,2.13,23742
CRT.UN.TO,20240523,13.57,13.58,13.35,13.47,161229
CRWN.TO,20240523,4.02,4.02,4.02,4.02,200
CS.TO,20240523,10.2,10.42,10.1,10.14,3138644
CSAV.TO,20240523,50.2,50.2,50.19,50.2,55627
CSBI.TO,20240523,20.03,20.03,20.03,20.03,100
CSE.PR.A.TO,20240523,13.71,13.71,13.71,13.71,100
CSH.UN.TO,20240523,12.58,12.58,12.28,12.36,418500
CSU.TO,20240523,3730.02,3734.41,3692.5,3722.08,22836
CSU.DB.TO,20240523,127.99,128,127.99,128,5200
CSW.A.TO,20240523,13.45,13.51,13.11,13.11,14427
CSW.B.TO,20240523,12.4,12.42,12.32,12.32,3693
CTC.TO,20240523,250,250,245,245,474
CTC.A.TO,20240523,141.43,141.78,138.56,139.35,102735
CTS.TO,20240523,5.14,5.14,4.95,4.97,433808
CTX.TO,20240523,0.47,0.47,0.47,0.47,5500
CU.TO,20240523,31.87,31.88,31.14,31.44,440470
CU.PR.C.TO,20240523,20.3,20.3,20.16,20.3,9125
CU.PR.E.TO,20240523,19.44,19.44,19.44,19.44,1587
CU.PR.F.TO,20240523,17.82,17.82,17.74,17.74,582
CU.PR.H.TO,20240523,21.08,21.1,21.04,21.1,3822
CU.PR.I.TO,20240523,24.03,24.1,24.01,24.1,12094
CU.PR.J.TO,20240523,18.42,18.42,18.42,18.42,800
CUD.TO,20240523,51.67,51.67,51.67,51.67,801
CUEH.TO,20240523,21.83,21.83,21.68,21.68,2568
CUEI.TO,20240523,28.76,28.76,28.55,28.55,2204
CUP.U.TO,20240523,14.05,14.06,13.98,13.98,68053
CURA.TO,20240523,6.99,7.08,6.45,6.46,324401
CVD.TO,20240523,16.56,16.56,16.56,16.56,1000
CVE.TO,20240523,27.47,27.65,27.18,27.4,9613792
CVE.PR.A.TO,20240523,17.19,17.46,17.01,17.42,9463
CVE.PR.C.TO,20240523,24.09,24.2,24.09,24.2,36185
CVE.PR.E.TO,20240523,24,24.32,24,24.32,4670
CVE.PR.G.TO,20240523,23.66,23.85,23.66,23.85,2800
CVE.WT.TO,20240523,21.06,21.06,20.85,20.86,6007
CVG.TO,20240523,71.3,71.3,71.29,71.29,1100
CVLU.TO,20240523,21.55,21.55,21.55,21.55,100
CVO.TO,20240523,8.01,8.19,7.87,7.93,72619
CWB.TO,20240523,27.07,27.09,26.98,27.02,238443
CWB.PR.B.TO,20240523,21.7,21.75,21.7,21.75,3140
CWB.PR.D.TO,20240523,25.7,25.9,25.7,25.9,4777
CWEB.TO,20240523,0.245,0.245,0.235,0.235,14005
CWW.TO,20240523,58.59,58.63,58.5,58.5,1476
CXB.TO,20240523,2.12,2.15,2.06,2.08,2534841
CXF.TO,20240523,9.72,9.72,9.72,9.72,500
CXI.TO,20240523,26.03,26.6,26.03,26.6,2700
CYB.TO,20240523,70.05,70.26,69.8,70,3352
CYBR.TO,20240523,46.55,46.55,46.22,46.43,2580
CYH.TO,20240523,21.01,21.01,20.71,20.72,9789
D.UN.TO,20240523,18.2,18.2,17.5,17.84,28794
DANC.TO,20240523,22.24,22.24,22.24,22.24,600
DATA.TO,20240523,23.92,24.06,23.7,23.7,843
DAY.TO,20240523,84.92,85.27,83.55,83.55,8469
DBM.TO,20240523,7.22,7.26,7.17,7.24,205977
DBO.TO,20240523,0.075,0.075,0.075,0.075,27160
DC.A.TO,20240523,1.28,1.28,1.28,1.28,6000
DCBC.TO,20240523,20.21,20.21,20.21,20.21,3200
DCBO.TO,20240523,50.16,50.28,49.1,49.21,54227
DCC.TO,20240523,18.18,18.2,18.18,18.2,7000
DCG.TO,20240523,17.69,17.69,17.69,17.69,100
DCM.TO,20240523,2.86,2.86,2.76,2.77,283918
DF.TO,20240523,5.15,5.16,4.97,5.02,167597
DF.PR.A.TO,20240523,10,10.02,10,10.02,21755
DFN.TO,20240523,5.43,5.43,5.4,5.42,375709
DFN.PR.A.TO,20240523,9.93,9.94,9.89,9.94,47789
DFY.TO,20240523,43.89,44.18,43.49,43.6,45170
DGR.TO,20240523,44.18,44.18,44.18,44.18,200
DGR.B.TO,20240523,49.3,49.3,49.3,49.3,200
DGRC.TO,20240523,38.76,38.76,38.44,38.53,1138
DGS.TO,20240523,6.24,6.25,6.11,6.11,126056
DGS.PR.A.TO,20240523,10.06,10.08,10.06,10.07,17000
DHT.UN.TO,20240523,15.07,15.07,14.67,14.82,23708
DIAM.TO,20240523,0.075,0.075,0.07,0.07,164645
DII.B.TO,20240523,6.3,6.58,6.3,6.46,7691
DIR.UN.TO,20240523,12.8,12.84,12.6,12.64,456358
DISC.TO,20240523,37.18,37.18,37.11,37.11,700
DIV.TO,20240523,2.78,2.79,2.74,2.75,331976
DIV.DB.A.TO,20240523,96.03,97.57,95.51,97.57,49000
DIVS.TO,20240523,15.42,15.42,15.38,15.38,601
DLCG.TO,20240523,3.25,3.34,3.25,3.34,700
DLR.TO,20240523,13.91,13.99,13.9,13.99,752059
DLR.U.TO,20240523,10.17,10.18,10.17,10.18,420866
DMEI.TO,20240523,20.78,20.78,20.63,20.63,901
DMEU.TO,20240523,20.82,20.82,20.77,20.78,17730
DML.TO,20240523,3.09,3.12,3.05,3.09,1070216
DND.TO,20240523,13.38,13.4,12.56,12.57,118572
DNG.TO,20240523,5.48,5.48,5.27,5.27,26670
DNTL.TO,20240523,6.5,6.51,6.29,6.45,195720
DOL.TO,20240523,124.36,125.61,123.78,123.98,490187
DOO.TO,20240523,92.25,92.25,90.27,91.42,243910
DPM.TO,20240523,10.95,11.11,10.88,10.9,477454
DR.TO,20240523,11.55,11.61,11.4,11.53,26489
DRCU.TO,20240523,18.13,18.13,18.13,18.13,300
DRFC.TO,20240523,28.22,28.22,28,28.04,406
DRFE.TO,20240523,22.64,22.64,22.64,22.64,126
DRM.TO,20240523,20.22,20.38,19.1,19.7,30545
DRMC.TO,20240523,28.41,28.41,28.05,28.05,763
DRMU.TO,20240523,38.88,38.88,38.37,38.38,2790
DRR.U.TO,20240523,6.59,6.59,6.33,6.33,18900
DRR.UN.TO,20240523,9.05,9.05,8.8,8.8,2500
DRT.TO,20240523,0.65,0.66,0.62,0.63,101583
DRT.DB.A.TO,20240523,73,73,73,73,25000
DRX.TO,20240523,16.2,16.8,16.19,16.59,101570
DS.TO,20240523,6.31,6.31,6.2,6.25,754
DSG.TO,20240523,136.47,137.01,135.53,135.9,87670
DSV.TO,20240523,1.18,1.23,1.15,1.23,956166
DTOL.TO,20240523,8.58,8.64,8.52,8.52,5200
DXB.TO,20240523,17.76,17.76,17.75,17.75,1900
DXBC.TO,20240523,21.11,21.11,21.11,21.11,1400
DXBU.TO,20240523,21.45,21.45,21.45,21.45,1000
DXC.TO,20240523,35.58,35.6,35.42,35.42,7667
DXDB.TO,20240523,20.56,20.58,20.54,20.58,11404
DXEM.TO,20240523,13.34,13.34,13.31,13.31,1300
DXG.TO,20240523,60.42,60.42,59.54,59.78,8265
DXGE.TO,20240523,23.25,23.27,23.25,23.25,8700
DXN.TO,20240523,19.84,19.85,19.84,19.85,1262
DXO.TO,20240523,19.31,19.31,19.27,19.27,1308
DXP.TO,20240523,21.7,21.7,21.58,21.62,8708
DXQ.TO,20240523,24.59,24.59,24.52,24.52,8069
DXR.TO,20240523,21.21,21.21,21.21,21.21,3100
DXT.TO,20240523,5.42,5.42,5.28,5.4,41185
DXUS.TO,20240523,26.01,26.01,26.01,26.01,4600
DXV.TO,20240523,19.66,19.66,19.63,19.63,5636
DXW.TO,20240523,23.22,23.22,23.16,23.2,4200
DXZ.TO,20240523,12.55,12.55,12.55,12.55,5299
DYA.TO,20240523,0.15,0.155,0.15,0.15,44200
E.TO,20240523,1.23,1.23,1.19,1.2,140963
EAGR.TO,20240523,0.72,0.74,0.7,0.74,66866
EBIT.TO,20240523,34.17,34.17,33.05,33.25,71704
EBIT.U.TO,20240523,25.01,25.01,24.22,24.22,335
ECN.TO,20240523,1.86,1.86,1.77,1.79,461509
ECN.DB.TO,20240523,83.35,83.35,83,83,25000
ECN.DB.A.TO,20240523,76.1,76.2,76.1,76.15,151000
ECN.DB.B.TO,20240523,71,71,71,71,4000
ECN.PR.C.TO,20240523,17.51,17.51,17.5,17.5,1280
ECO.TO,20240523,4.52,4.55,4.35,4.55,1009577
ECOR.TO,20240523,1.49,1.5,1.49,1.5,2212
EDGE.TO,20240523,35.89,35.89,35.63,35.63,901
EDGF.TO,20240523,10.8,10.8,10.8,10.8,1001
EDR.TO,20240523,5.06,5.17,5,5.02,780885
EDT.TO,20240523,0.51,0.51,0.49,0.49,4000
EDV.TO,20240523,29.45,29.6,28.72,28.84,569193
EFN.TO,20240523,24.6,24.64,24.24,24.31,350359
EFR.TO,20240523,9.1,9.26,9.05,9.11,286268
EFX.TO,20240523,7.06,7.06,6.96,6.97,224221
EGLX.TO,20240523,0.15,0.16,0.135,0.135,213591
EIF.TO,20240523,46.37,46.39,45.75,45.75,55440
EIF.DB.K.TO,20240523,102,102.98,102,102.98,41000
EIF.DB.L.TO,20240523,99.25,99.25,99,99.02,93999
EIF.DB.M.TO,20240523,97.92,97.92,97.25,97.26,112000
EIT.PR.A.TO,20240523,24.81,24.82,24.81,24.82,3800
EIT.UN.TO,20240523,14.04,14.04,13.88,13.88,272716
ELD.TO,20240523,21.35,21.58,21.05,21.08,421497
ELEF.TO,20240523,0.48,0.52,0.48,0.51,280305
ELF.TO,20240523,1087.28,1099.5,1087.28,1099.5,575
ELF.PR.F.TO,20240523,20.5,20.5,20.5,20.5,100
ELF.PR.G.TO,20240523,18.53,18.53,18.53,18.53,600
ELO.TO,20240523,1.76,1.76,1.68,1.7,44468
ELR.TO,20240523,0.195,0.21,0.195,0.21,31229
ELVA.TO,20240523,3.98,3.98,3.95,3.95,5809
EMA.TO,20240523,49.55,49.78,48.71,49.05,1744355
EMA.PR.A.TO,20240523,15.12,15.12,15.12,15.12,1500
EMA.PR.B.TO,20240523,17.05,17.15,17.05,17.05,900
EMA.PR.C.TO,20240523,21.45,21.59,21.4,21.59,19277
EMA.PR.F.TO,20240523,19.44,19.54,19.44,19.54,3777
EMA.PR.H.TO,20240523,22.21,22.95,22.21,22.95,13044
EMA.PR.J.TO,20240523,20.58,21.14,20.58,21.14,3518
EMA.PR.L.TO,20240523,17.95,17.95,17.95,17.95,2421
EMAX.TO,20240523,17.65,17.65,17.49,17.52,7238
EMP.A.TO,20240523,34.04,34.44,33.51,34.19,234862
ENB.TO,20240523,50.12,50.25,49.32,49.45,13817850
ENB.PF.A.TO,20240523,18.08,18.25,18.08,18.25,3386
ENB.PF.C.TO,20240523,17.44,17.61,17.43,17.61,14747
ENB.PF.E.TO,20240523,17.05,17.18,17.05,17.18,10748
ENB.PF.G.TO,20240523,16.94,16.94,16.94,16.94,3125
ENB.PF.K.TO,20240523,21.75,21.95,21.7,21.93,10835
ENB.PF.U.TO,20240523,20.95,20.95,20.93,20.93,1600
ENB.PF.V.TO,20240523,22.08,22.2,22.05,22.05,600
ENB.PR.A.TO,20240523,21.31,21.44,21.31,21.36,2800
ENB.PR.B.TO,20240523,17.02,17.15,17.02,17.15,17625
ENB.PR.D.TO,20240523,17.25,17.34,17.14,17.34,12431
ENB.PR.F.TO,20240523,17.58,17.83,17.45,17.83,27787
ENB.PR.G.TO,20240523,19.71,19.71,19.71,19.71,100
ENB.PR.H.TO,20240523,18.5,18.6,18.5,18.6,4593
ENB.PR.J.TO,20240523,18.53,18.68,18.52,18.68,6536
ENB.PR.N.TO,20240523,20.33,20.71,20.33,20.71,13713
ENB.PR.P.TO,20240523,18.21,18.39,18.2,18.39,12347
ENB.PR.T.TO,20240523,19.15,19.37,19.05,19.35,43186
ENB.PR.V.TO,20240523,22.14,22.24,22.14,22.24,1439
ENB.PR.Y.TO,20240523,17.65,17.91,17.65,17.91,24611
ENCC.TO,20240523,11.59,11.62,11.42,11.45,77039
ENCL.TO,20240523,20.81,20.99,20.54,20.62,75226
ENGH.TO,20240523,29.23,29.36,28.84,28.93,42484
ENI.UN.TO,20240523,1.51,1.51,1.51,1.51,300
ENS.TO,20240523,11.75,11.76,11.61,11.62,60095
ENS.PR.A.TO,20240523,10.13,10.26,10.12,10.25,19600
EPRX.TO,20240523,4.02,4.07,3.86,3.86,23914
EQB.TO,20240523,82.3,82.5,81.75,82.05,78295
EQCL.TO,20240523,21.95,21.95,21.73,21.73,1429
EQL.TO,20240523,34.61,34.62,34.4,34.42,35171
EQL.F.TO,20240523,29.63,29.63,29.31,29.31,10465
EQL.U.TO,20240523,25.2,25.2,25.03,25.04,3700
EQX.TO,20240523,7.55,7.69,7.53,7.53,603347
ERD.TO,20240523,0.46,0.46,0.43,0.46,239416
ERE.UN.TO,20240523,2.3,2.3,2.27,2.28,82700
ERO.TO,20240523,30.83,30.96,30.04,30.22,259971
ESG.TO,20240523,38.59,38.62,38.48,38.48,3605
ESG.F.TO,20240523,35.74,35.76,35.74,35.76,475
ESGA.TO,20240523,34.95,34.96,34.73,34.81,511
ESGB.TO,20240523,26.78,26.78,26.78,26.78,103
ESGC.TO,20240523,25.44,25.44,25.28,25.28,1700
ESGE.TO,20240523,35.07,35.15,35.04,35.11,1551
ESGF.TO,20240523,23.9,23.9,23.9,23.9,1100
ESGG.TO,20240523,45.82,45.82,45.82,45.82,643
ESGY.TO,20240523,52.14,52.35,51.97,51.97,1231
ESI.TO,20240523,2.28,2.31,2.23,2.23,115481
ESP.TO,20240523,4.95,4.95,4.87,4.87,1200
ESPX.TO,20240523,23.69,23.69,23.46,23.48,6736
ESPX.B.TO,20240523,24.61,24.61,24.58,24.58,500
ET.TO,20240523,14.91,14.94,14.55,14.69,29247
ETC.TO,20240523,15.26,15.26,14.99,15.09,5377
ETG.TO,20240523,1.54,1.54,1.5,1.5,13437
ETHH.TO,20240523,15.5,15.5,14.9,15.25,132117
ETHH.B.TO,20240523,18.14,18.21,17.58,17.97,341711
ETHH.U.TO,20240523,16.69,16.69,16.07,16.38,127257
ETHI.TO,20240523,51.44,51.44,51.37,51.37,238
ETHQ.TO,20240523,20.79,20.79,20.19,20.57,12611
ETHR.TO,20240523,18.01,18.01,17.46,17.84,61266
ETHR.U.TO,20240523,16.47,16.47,15.92,16.23,10877
ETHX.B.TO,20240523,18.93,18.97,18.3,18.72,601781
ETHX.U.TO,20240523,17.29,17.34,16.67,17.03,94689
ETHY.TO,20240523,4.82,4.88,4.77,4.78,21839
ETHY.B.TO,20240523,6.03,6.1,5.99,6.08,15030
ETHY.U.TO,20240523,4.67,4.67,4.67,4.67,1093
ETP.TO,20240523,16.78,16.78,16.78,16.78,1300
ETSX.TO,20240523,19.8,19.82,19.8,19.82,737
EVO.TO,20240523,20.82,20.82,20.53,20.53,3200
EVT.TO,20240523,145.18,145.18,145.18,145.18,100
EXE.TO,20240523,7.89,7.89,7.45,7.45,150405
EXE.DB.C.TO,20240523,98.7,98.99,98.54,98.99,39000
EXN.TO,20240523,0.21,0.21,0.195,0.2,111452
EXRO.TO,20240523,0.75,0.76,0.72,0.73,92046
FAP.TO,20240523,2.59,2.61,2.59,2.6,23245
FAR.TO,20240523,2.81,2.83,2.8,2.82,48527
FBTC.TO,20240523,31.43,31.43,30.43,30.58,51975
FBTC.U.TO,20240523,23.01,23.01,22.51,22.51,407
FC.TO,20240523,10.9,10.9,10.66,10.68,58291
FC.DB.K.TO,20240523,87.01,87.01,87,87,106000
FCCD.TO,20240523,27.91,27.93,27.8,27.84,4300
FCCQ.TO,20240523,34.43,34.43,34.1,34.15,600
FCCV.TO,20240523,13.77,13.78,13.67,13.68,5500
FCD.UN.TO,20240523,5.12,5.13,5.1,5.1,11900
FCEM.TO,20240523,9.96,9.96,9.96,9.96,200
FCGI.TO,20240523,13.39,13.39,13.39,13.39,1900
FCID.TO,20240523,27.8,27.8,27.5,27.59,4629
FCII.TO,20240523,21.28,21.28,21.12,21.12,9100
FCIQ.TO,20240523,38.05,38.05,37.8,37.8,2420
FCIV.TO,20240523,35.67,35.73,35.45,35.49,4905
FCMI.TO,20240523,12.63,12.63,12.63,12.63,400
FCQH.TO,20240523,51.48,51.48,51.47,51.47,700
FCR.UN.TO,20240523,15.39,15.41,15.22,15.25,186350
FCRR.TO,20240523,38.9,38.9,38.9,38.9,500
FCU.TO,20240523,1.15,1.16,1.12,1.13,979502
FCUD.TO,20240523,34.86,34.87,34.75,34.75,400
FCUH.TO,20240523,31.02,31.02,30.69,30.69,900
FCUQ.TO,20240523,55.96,55.96,55.36,55.38,3643
FCUV.TO,20240523,18.05,18.05,17.91,17.94,24919
FCVH.TO,20240523,17.03,17.03,17.03,17.03,100
FDL.TO,20240523,31.83,31.83,31.83,31.83,300
FDN.TO,20240523,22.61,22.61,22.61,22.61,200
FDY.TO,20240523,0.8,0.82,0.78,0.79,166035
FEC.TO,20240523,8.62,8.75,8.5,8.53,39054
FETH.TO,20240523,70.4,70.49,69.6,69.6,2879
FETH.U.TO,20240523,51.8,51.8,51.28,51.28,1596
FF.TO,20240523,0.13,0.14,0.13,0.14,2598804
FFH.TO,20240523,1554.33,1562.68,1548.05,1550,23138
FFH.PR.C.TO,20240523,22.35,22.4,22.31,22.37,5786
FFH.PR.D.TO,20240523,22.75,22.8,22.6,22.75,1800
FFH.PR.E.TO,20240523,17.2,17.25,17.2,17.25,700
FFH.PR.G.TO,20240523,17.99,17.99,17.99,17.99,2192
FFH.PR.H.TO,20240523,18.71,18.85,18.7,18.8,3959
FFH.PR.I.TO,20240523,18.38,18.59,18.35,18.53,13136
FFH.PR.K.TO,20240523,21.51,21.74,21.5,21.74,7038
FFH.PR.M.TO,20240523,23.95,23.99,23.76,23.99,11272
FFN.TO,20240523,6.05,6.08,5.91,5.96,440466
FFN.PR.A.TO,20240523,10.19,10.2,10.18,10.19,74702
FGB.TO,20240523,17.89,17.89,17.89,17.89,100
FGEB.TO,20240523,10.06,10.12,10.05,10.06,107180
FGEP.TO,20240523,10.06,10.07,10,10,40029
FGGE.TO,20240523,23.44,23.44,23.44,23.44,100
FGO.TO,20240523,9.83,9.83,9.83,9.83,1200
FHG.TO,20240523,50.88,50.88,50.88,50.88,405
FHIS.TO,20240523,20.64,20.66,20.64,20.65,50900
FHQ.TO,20240523,88.35,88.37,87.63,87.7,500
FIE.TO,20240523,7.19,7.19,7.14,7.17,65114
FIG.TO,20240523,9.21,9.21,9.19,9.19,15591
FIH.U.TO,20240523,14.06,14.12,14,14.02,37869
FIL.TO,20240523,25.93,26.15,25.38,25.45,146382
FINO.TO,20240523,22.69,22.69,22.54,22.57,1600
FLCP.TO,20240523,17.41,17.42,17.41,17.42,1100
FLGA.TO,20240523,18.61,18.64,18.61,18.64,500
FLGD.TO,20240523,26.75,26.76,26.75,26.76,1800
FLI.TO,20240523,10.28,10.28,10.22,10.22,980
FLUS.TO,20240523,42.71,42.71,42.7,42.7,200
FLX.TO,20240523,7.16,7.16,7.16,7.16,350
FLX.U.TO,20240523,6.04,6.04,6.04,6.04,750
FM.TO,20240523,18.7,18.85,17.69,17.75,2693306
FMAX.TO,20240523,17.11,17.13,17.11,17.11,2811
FN.TO,20240523,36.78,36.78,36.25,36.43,30183
FN.PR.B.TO,20240523,15.2,15.2,15.18,15.18,1600
FNV.TO,20240523,169.61,170.38,165.56,166.53,555565
FOM.TO,20240523,4.38,4.55,4.28,4.36,370705
FOOD.TO,20240523,0.31,0.31,0.31,0.31,64608
FORA.TO,20240523,8.22,8.69,8.22,8.59,5616
FRU.TO,20240523,13.63,13.64,13.36,13.4,370559
FRX.TO,20240523,9.75,9.75,9.75,9.75,100
FSB.TO,20240523,9.57,9.57,9.54,9.56,11102
FSB.U.TO,20240523,9.77,9.77,9.77,9.77,300
FST.TO,20240523,50.57,50.57,50.21,50.21,436
FSV.TO,20240523,198.31,198.31,195.53,196.33,54109
FSY.TO,20240523,1.02,1.04,0.99,1.04,59861
FSZ.TO,20240523,6.9,6.94,6.85,6.92,113515
FSZ.DB.B.TO,20240523,101.65,102.95,101.6,102.95,37000
FT.TO,20240523,0.09,0.09,0.085,0.09,454819
FTG.TO,20240523,5.27,5.27,5.17,5.18,10700
FTN.TO,20240523,8.46,8.48,8.36,8.4,242093
FTN.PR.A.TO,20240523,10.36,10.36,10.33,10.34,73319
FTS.TO,20240523,55.2,55.4,54.17,54.51,3153016
FTS.PR.G.TO,20240523,20.93,21.13,20.93,21.09,8532
FTS.PR.H.TO,20240523,15.12,15.25,15.12,15.25,2752
FTS.PR.J.TO,20240523,19.55,19.62,19.51,19.62,3138
FTS.PR.K.TO,20240523,18.97,19.15,18.97,19.15,6918
FTS.PR.M.TO,20240523,20.16,20.42,20.16,20.42,15757
FTT.TO,20240523,43.09,43.24,42.28,42.58,208021
FTU.TO,20240523,0.4,0.4,0.4,0.4,2500
FURY.TO,20240523,0.62,0.62,0.56,0.58,365167
FVI.TO,20240523,7.7,7.96,7.7,7.94,1025469
FVL.TO,20240523,0.41,0.41,0.405,0.405,71029
FXM.TO,20240523,22.5,22.5,22.45,22.45,600
G.TO,20240523,1.05,1.1,1.05,1.08,10200
GATO.TO,20240523,16.39,16.77,15.87,15.87,21602
GAU.TO,20240523,2.41,2.49,2.4,2.42,253742
GBAL.TO,20240523,47.24,47.24,47.24,47.24,246
GCBD.TO,20240523,17.69,17.69,17.69,17.69,535
GCG.TO,20240523,44.75,44.75,43.9,43.9,551
GCG.A.TO,20240523,45,45,43.8,43.82,5425
GCL.TO,20240523,1.16,1.16,1.12,1.14,8413
GCSC.TO,20240523,24.23,24.23,24.15,24.15,575
GCTB.TO,20240523,50.2,50.2,50.2,50.2,100
GDC.TO,20240523,3.46,3.49,3.45,3.45,930
GDI.TO,20240523,33.69,33.69,31.95,31.99,9980
GDL.TO,20240523,14.68,14.68,14.6,14.6,300
GDPY.B.TO,20240523,20.42,20.42,20.42,20.42,500
GDV.TO,20240523,9.92,9.94,9.83,9.88,24907
GDV.PR.A.TO,20240523,9.95,10,9.95,9.99,64325
GEI.TO,20240523,22.52,22.58,22.26,22.34,286330
GENM.TO,20240523,0.295,0.295,0.28,0.29,591866
GEO.TO,20240523,2.22,2.22,2.16,2.2,5025
GEQT.TO,20240523,57.5,57.5,57.41,57.41,590
GFL.TO,20240523,43.68,43.68,42.7,42.94,106959
GFP.TO,20240523,0.55,0.57,0.55,0.57,3500
GFR.TO,20240523,8.15,8.18,8.11,8.15,4202
GGD.TO,20240523,1.65,1.67,1.6,1.61,900851
GGRO.TO,20240523,52.5,52.5,52.17,52.27,569
GH.TO,20240523,10.04,10.04,10.03,10.03,1579
GIB.A.TO,20240523,144.27,144.64,142.45,142.97,332527
GIGC.TO,20240523,20.26,20.26,20.25,20.25,465
GIL.TO,20240523,48.54,49.52,48.54,48.81,363527
GIVX.TO,20240523,0.76,0.77,0.74,0.75,92000
GLCC.TO,20240523,26.33,26.36,25.92,25.95,20550
GLO.TO,20240523,2.41,2.41,2.32,2.39,278743
GLXY.TO,20240523,14.13,14.38,13.63,13.91,808593
GMIN.TO,20240523,2.2,2.2,2.11,2.14,327178
GMTN.TO,20240523,0.035,0.035,0.035,0.035,63000
GMX.TO,20240523,1.08,1.08,0.99,0.99,33100
GOLD.TO,20240523,1.21,1.21,1.17,1.19,99968
GOOS.TO,20240523,18.87,19.33,18.68,19.24,228100
GRA.TO,20240523,2.41,2.49,2.4,2.49,55170
GRCC.TO,20240523,21.35,21.35,21.35,21.35,187
GRID.TO,20240523,1.58,1.6,1.55,1.57,81899
GRN.TO,20240523,0.09,0.09,0.08,0.08,34972
GRNI.TO,20240523,27.87,27.87,27.84,27.84,4800
GRT.UN.TO,20240523,70.04,70.12,68.5,68.8,111351
GSY.TO,20240523,172.52,174.14,170.78,171.94,17733
GTE.TO,20240523,11.9,11.9,11.35,11.41,62388
GTWO.TO,20240523,1.26,1.3,1.26,1.28,119700
GUD.TO,20240523,5.99,5.99,5.87,5.96,68934
GURU.TO,20240523,2.42,2.45,2.42,2.45,246
GUTB.U.TO,20240523,50.23,50.23,50.23,50.23,1250
GVC.TO,20240523,0.095,0.1,0.095,0.1,124000
GWO.TO,20240523,43.01,43.22,42.44,42.78,3714819
GWO.PR.G.TO,20240523,20.77,20.77,20.6,20.69,8441
GWO.PR.H.TO,20240523,19.11,19.26,19.11,19.26,10154
GWO.PR.I.TO,20240523,18.23,18.32,18.22,18.32,10821
GWO.PR.L.TO,20240523,22.11,22.16,22.07,22.16,3615
GWO.PR.M.TO,20240523,22.9,23.01,22.9,23.01,3075
GWO.PR.N.TO,20240523,14.8,14.92,14.8,14.92,4315
GWO.PR.P.TO,20240523,21.22,21.24,21.19,21.24,7894
GWO.PR.Q.TO,20240523,20.34,20.42,20.33,20.42,2937
GWO.PR.S.TO,20240523,20.6,20.75,20.6,20.75,2637
GWO.PR.T.TO,20240523,20.1,20.33,20.1,20.33,1600
GWO.PR.Y.TO,20240523,18.18,18.2,18.11,18.11,2300
GXE.TO,20240523,0.75,0.75,0.71,0.71,580258
H.TO,20240523,40.16,40.16,39.66,39.94,774782
HAB.TO,20240523,9.85,9.85,9.8,9.8,6790
HAC.TO,20240523,30.15,30.15,30.03,30.03,2700
HAF.TO,20240523,7.2,7.2,7.15,7.15,2626
HAI.TO,20240523,4.74,4.75,4.65,4.65,21149
HAL.TO,20240523,19.8,19.8,19.71,19.71,576
HAZ.TO,20240523,34.81,34.93,34.64,34.64,1210
HBA.TO,20240523,25.05,25.05,24.87,24.87,4137
HBAL.TO,20240523,14.66,14.66,14.66,14.66,350
HBB.TO,20240523,46.57,46.57,46.3,46.4,65958
HBD.TO,20240523,7.85,8.16,7.85,8.16,23010
HBF.TO,20240523,9.87,9.87,9.7,9.71,12830
HBF.B.TO,20240523,10.9,10.9,10.9,10.9,500
HBIE.TO,20240523,24.42,24.42,24.28,24.28,2029
HBIG.TO,20240523,24.36,24.36,24.36,24.36,103
HBKU.TO,20240523,21.1,21.1,21.1,21.1,700
HBLK.TO,20240523,15.29,15.29,15.24,15.24,423
HBM.TO,20240523,13.03,13.1,12.65,12.79,2724830
HBND.TO,20240523,14.95,14.96,14.92,14.94,2164
HBNK.TO,20240523,21.58,21.64,21.43,21.52,13075
HBU.TO,20240523,14.75,14.79,14.35,14.35,20047
HCA.TO,20240523,21.65,21.65,21.38,21.44,6327
HCAL.TO,20240523,21.16,21.25,20.9,21.03,74632
HCLN.TO,20240523,9.19,9.19,9.1,9.12,1225
HCRE.TO,20240523,24.02,24.02,24.02,24.02,100
HDIF.TO,20240523,8.47,8.47,8.28,8.29,116008
HDIV.TO,20240523,16.9,16.97,16.71,16.78,94363
HEB.TO,20240523,17.05,17.05,16.92,16.92,1550
HED.TO,20240523,3.75,3.84,3.74,3.81,50500
HEQL.TO,20240523,24.63,24.63,24.45,24.45,300
HEQT.TO,20240523,16.5,16.5,16.39,16.41,5734
HERO.TO,20240523,30.33,30.33,29.94,29.94,203
HEU.TO,20240523,33.87,34.37,33.07,33.07,9104
HEWB.TO,20240523,32.49,32.52,32.26,32.27,5410
HFD.TO,20240523,8.87,9.06,8.87,8.96,41600
HFG.TO,20240523,24.24,24.24,24.05,24.05,200
HFIN.TO,20240523,16.03,16.03,15.84,15.92,7400
HFPC.U.TO,20240523,2.53,2.53,2.5,2.5,10800
HFR.TO,20240523,9.93,9.93,9.92,9.92,2720
HFU.TO,20240523,22.32,22.36,22.09,22.12,3704
HGD.TO,20240523,3.55,3.62,3.51,3.6,565316
HGR.TO,20240523,5.95,5.96,5.9,5.91,7969
HGRW.TO,20240523,23.18,23.18,23.18,23.18,772
HGU.TO,20240523,18.41,18.67,18.07,18.19,491269
HGY.TO,20240523,10.61,10.61,10.58,10.58,3429
HHL.TO,20240523,8.48,8.48,8.34,8.35,105269
HHL.U.TO,20240523,8.98,8.98,8.86,8.86,11000
HHLE.TO,20240523,10.65,10.66,10.55,10.56,9883
HIND.TO,20240523,11.83,11.83,11.76,11.77,23475
HISU.U.TO,20240523,100.4,100.4,100.4,100.4,475
HIU.TO,20240523,11.84,12.01,11.84,12,1465
HIX.TO,20240523,27.34,27.63,27.34,27.63,403
HLF.TO,20240523,13.15,13.19,13,13.09,6136
HLIF.TO,20240523,9.05,9.05,9.05,9.05,525
HLIT.TO,20240523,21.44,21.44,21.44,21.44,131
HLPR.TO,20240523,25.81,25.9,25.78,25.9,8008
HLS.TO,20240523,3.89,3.89,3.85,3.88,6500
HMAX.TO,20240523,13.99,13.99,13.81,13.87,230365
HMM.A.TO,20240523,10.36,10.45,10.3,10.3,19255
HMMJ.TO,20240523,10.91,10.91,10.57,10.61,14444
HND.TO,20240523,50.55,59,49.59,57.08,928177
HNU.TO,20240523,6.71,6.84,5.73,5.92,8653613
HOD.TO,20240523,6.93,7.29,6.9,7.22,797284
HOM.DB.U.TO,20240523,96,96,96,96,15000
HOM.U.TO,20240523,11.73,11.73,11.54,11.56,33773
HOM.UN.TO,20240523,15.89,15.99,15.8,15.9,11058
HOT.U.TO,20240523,0.43,0.43,0.42,0.42,5500
HOT.UN.TO,20240523,0.52,0.64,0.51,0.58,136841
HOU.TO,20240523,14.08,14.16,13.4,13.54,899775
HPF.TO,20240523,3.53,3.53,3.51,3.51,12001
HPR.TO,20240523,8.72,8.72,8.66,8.7,22711
HPS.A.TO,20240523,121.5,125.5,120.71,122.71,65513
HPYM.TO,20240523,11.44,11.44,11.43,11.44,21173
HPYT.TO,20240523,11.1,11.1,10.99,11.02,212353
HPYT.U.TO,20240523,11.22,11.22,11.2,11.2,6912
HQD.TO,20240523,12.9,13.4,12.9,13.3,517427
HQD.U.TO,20240523,9.65,9.7,9.65,9.7,1308
HQU.TO,20240523,20.54,20.55,19.8,19.95,705123
HR.UN.TO,20240523,9.5,9.53,9.31,9.37,217793
HRED.TO,20240523,16.6,16.6,16.6,16.6,419
HREU.TO,20240523,13.9,13.9,13.9,13.9,2000
HRIF.TO,20240523,16.01,16.01,16.01,16.01,200
HRX.TO,20240523,22.26,23.7,22.26,23,100902
HSAV.TO,20240523,111.85,111.88,111.75,111.75,31229
HSD.TO,20240523,18.5,19.09,18.5,19.02,496716
HSH.TO,20240523,65.35,65.35,64.61,64.61,6970
HSU.TO,20240523,22.1,22.11,21.44,21.53,436652
HSUV.U.TO,20240523,109.98,110.02,109.96,110.02,9126
HTA.TO,20240523,18.55,18.59,18.2,18.28,22957
HTA.B.TO,20240523,19.25,19.25,19.25,19.25,500
HTA.U.TO,20240523,20,20,19.62,19.62,1002
HTAE.TO,20240523,16.9,16.99,16.6,16.61,15011
HTB.TO,20240523,55,55,55,55,200
HTL.TO,20240523,1.39,1.4,1.39,1.4,28216
HUBL.TO,20240523,12.19,12.19,12,12,1404
HUC.TO,20240523,22.18,22.18,21.7,21.74,3663
HUG.TO,20240523,18.69,18.69,18.44,18.44,3572
HULC.TO,20240523,86.88,86.88,86.25,86.39,658
HUM.TO,20240523,29.32,29.32,29.32,29.32,200
HUN.TO,20240523,9.15,9.27,8.88,8.94,34985
HURA.TO,20240523,41.9,41.9,40.85,40.95,4161
HUT.TO,20240523,13.71,13.71,12.17,12.18,1288741
HUTE.TO,20240523,9.97,9.97,9.75,9.76,44225
HUTL.TO,20240523,16.9,16.9,16.59,16.59,42538
HUTS.TO,20240523,12.12,12.12,11.91,11.94,14000
HUV.TO,20240523,7.93,8.3,7.9,8.24,200097
HUZ.TO,20240523,13.89,13.89,13.58,13.61,5547
HWO.TO,20240523,1.43,1.49,1.37,1.46,160846
HWX.TO,20240523,7.3,7.34,7.18,7.25,663010
HXCN.TO,20240523,36.12,36.12,35.73,35.84,19586
HXD.TO,20240523,5.78,5.93,5.78,5.9,131541
HXDM.TO,20240523,47.07,47.07,46.71,46.77,13861
HXDM.U.TO,20240523,34.26,34.29,34.05,34.05,6900
HXE.TO,20240523,38.6,38.6,38.19,38.31,803
HXEM.TO,20240523,36.38,36.38,36.08,36.13,1560
HXF.TO,20240523,69.4,69.4,69.4,69.4,325
HXH.TO,20240523,49.44,49.44,49.44,49.44,229
HXQ.TO,20240523,73.77,73.78,72.89,73.07,18475
HXQ.U.TO,20240523,53.05,53.18,53.05,53.18,1159
HXS.TO,20240523,74.35,74.35,73.65,73.73,25283
HXS.U.TO,20240523,53.76,53.76,53.63,53.68,8661
HXT.TO,20240523,57.37,57.37,56.6,56.77,380135
HXT.U.TO,20240523,41.86,41.86,41.86,41.86,1200
HXU.TO,20240523,22.49,22.54,21.94,22.08,18733
HXX.TO,20240523,52.1,52.1,51.93,51.93,2781
HYBR.TO,20240523,9.08,9.08,8.94,8.94,2700
HYLD.TO,20240523,13.47,13.47,13.24,13.28,284396
HYLD.U.TO,20240523,13.77,13.77,13.64,13.64,4011
HZD.TO,20240523,8.25,8.63,8.17,8.59,133988
HZU.TO,20240523,31.16,31.48,29.72,29.85,99897
IAG.TO,20240523,92,93.11,91.42,92.89,323866
IAU.TO,20240523,1.62,1.62,1.53,1.53,1588838
IAU.WT.TO,20240523,0.425,0.425,0.425,0.425,3500
ICE.TO,20240523,3.77,3.77,3.77,3.77,500
ICPB.TO,20240523,9.23,9.24,9.23,9.24,800
ICTE.TO,20240523,20.2,20.2,20.1,20.1,200
IE.TO,20240523,15.46,15.48,15.26,15.42,1796
IFA.TO,20240523,1.25,1.3,1.25,1.3,13100
IFC.TO,20240523,227.4,229.04,226.52,227.14,175065
IFC.PR.A.TO,20240523,19.3,19.42,19.3,19.42,4936
IFC.PR.C.TO,20240523,21.59,21.79,21.59,21.79,13205
IFC.PR.F.TO,20240523,21.12,21.13,20.91,21.1,4700
IFC.PR.G.TO,20240523,23.41,23.57,23.41,23.57,5892
IFP.TO,20240523,18.63,18.63,18.12,18.43,107801
IGAF.TO,20240523,14.24,14.24,14.24,14.24,300
IGBT.UN.TO,20240523,9.98,9.98,9.82,9.93,4400
IGEO.TO,20240523,13.17,13.17,13.17,13.17,200
IGM.TO,20240523,36.72,36.8,36.33,36.49,135596
IICE.F.TO,20240523,24.41,24.41,24.41,24.41,300
III.TO,20240523,2.54,2.54,2.44,2.47,22279
IIMF.TO,20240523,21.89,21.9,21.72,21.73,2398
IIP.UN.TO,20240523,12.13,12.2,11.96,11.98,217063
ILLM.TO,20240523,1.53,1.55,1.48,1.5,44130
IMG.TO,20240523,5.47,5.54,5.29,5.31,2886813
IMO.TO,20240523,93.51,94.44,92.87,93.49,686968
IMP.TO,20240523,0.55,0.56,0.55,0.56,3500
INAI.TO,20240523,23.49,23.63,23.49,23.62,23150
INC.UN.TO,20240523,7.43,7.58,7.43,7.45,7329
INE.TO,20240523,8.98,8.98,8.72,8.82,420477
INE.DB.B.TO,20240523,97.98,98,97.98,98,36000
INE.DB.C.TO,20240523,94.01,94.01,93.51,94,55000
INE.PR.C.TO,20240523,18.05,18.1,18.05,18.1,200
INO.UN.TO,20240523,1.01,1.04,1,1.02,16460
INOC.TO,20240523,15.05,15.05,15.05,15.05,11950
IPCO.TO,20240523,18.85,19.01,18.47,18.6,44102
IPO.TO,20240523,2.3,2.32,2.29,2.3,158494
IQD.TO,20240523,35.88,35.88,35.54,35.54,2728
IQD.B.TO,20240523,31.07,31.07,31.07,31.07,500
IS.TO,20240523,14.2,14.2,12.62,13.88,43738
IS.PR.A.TO,20240523,10.33,10.34,10.3,10.3,32400
ISV.TO,20240523,26.13,26.23,26,26.23,2874
ITE.TO,20240523,0.195,0.195,0.195,0.195,828
IVN.TO,20240523,19.51,19.62,18.72,18.91,3463601
IVQ.TO,20240523,0.285,0.3,0.28,0.28,11558
IVQ.DB.V.TO,20240523,52,52,52,52,25000
IWBE.TO,20240523,17.57,17.57,17.57,17.57,100
JAG.TO,20240523,2.73,2.75,2.66,2.67,66964
JAPN.TO,20240523,49.03,49.03,48.77,48.77,260
JAPN.B.TO,20240523,33.55,33.55,33.55,33.55,300
JOY.TO,20240523,3.63,3.67,3.45,3.48,181368
JWEL.TO,20240523,26.1,26.91,25.62,26.31,69085
K.TO,20240523,10.77,10.98,10.7,10.83,4150024
KBL.TO,20240523,34.29,34.29,33.18,33.19,13425
KEC.TO,20240523,12.7,12.79,12.7,12.79,7512
KEG.UN.TO,20240523,14.31,14.31,14.1,14.15,13480
KEI.TO,20240523,4.33,4.45,4.33,4.45,19500
KEL.TO,20240523,5.95,6,5.74,5.76,300666
KEY.TO,20240523,36.25,36.36,35.81,36.04,2519281
KILO.TO,20240523,35.09,35.09,34.64,34.68,3418
KILO.B.TO,20240523,38.59,38.59,38.21,38.22,16888
KILO.U.TO,20240523,36.5,36.5,36.5,36.5,150
KITS.TO,20240523,6.23,6.42,6.23,6.39,1993
KMP.UN.TO,20240523,17.72,17.74,17.36,17.4,188278
KNT.TO,20240523,7.59,7.75,7.4,7.42,1134720
KPT.TO,20240523,8.2,8.2,8.13,8.13,13229
KSI.TO,20240523,4.25,4.28,4.18,4.28,8100
KXS.TO,20240523,155.45,155.72,150.31,150.83,26419
L.TO,20240523,156.63,156.96,154.56,156.25,440493
L.PR.B.TO,20240523,22,22.11,22,22.1,10844
LAAC.TO,20240523,6.62,6.67,6.38,6.42,138915
LABS.TO,20240523,0.08,0.085,0.08,0.08,79958
LAC.TO,20240523,5.54,5.54,5.05,5.21,1331200
LAM.TO,20240523,0.86,0.88,0.85,0.87,88999
LAS.A.TO,20240523,138.47,141.25,138.47,141.25,359
LB.TO,20240523,26.96,27.15,26.92,27.07,116825
LB.PR.H.TO,20240523,19.36,19.36,19.35,19.35,400
LBS.TO,20240523,7.91,7.91,7.86,7.89,60542
LBS.PR.A.TO,20240523,10.24,10.25,10.14,10.14,27086
LCFS.TO,20240523,8.12,8.12,7.84,7.92,1426
LCS.TO,20240523,7.1,7.1,6.98,7,19212
LCS.PR.A.TO,20240523,10.07,10.08,10.07,10.07,15500
LEV.TO,20240523,1.4,1.4,1.37,1.37,159193
LFE.TO,20240523,4.97,4.97,4.86,4.9,51708
LFE.PR.B.TO,20240523,10.21,10.21,10.21,10.21,300
LGD.TO,20240523,0.385,0.385,0.36,0.365,78709
LGO.TO,20240523,2.51,2.65,2.5,2.62,138217
LIF.TO,20240523,30.41,30.49,29.85,30.04,132276
LIFE.TO,20240523,21.72,21.76,21.62,21.62,2884
LIFE.B.TO,20240523,25.62,25.62,25.58,25.58,610
LIRC.TO,20240523,7.45,7.6,7.4,7.45,16733
LMAX.TO,20240523,15.89,15.93,15.87,15.87,5928
LN.TO,20240523,0.425,0.435,0.425,0.435,2000
LNF.TO,20240523,22.5,22.53,22.3,22.3,20022
LNR.TO,20240523,71.09,71.09,68.9,69.1,78003
LPAY.TO,20240523,27.37,27.44,27.29,27.41,11015
LSPD.TO,20240523,20.15,20.23,19.73,19.95,841025
LUC.TO,20240523,0.345,0.345,0.34,0.34,110507
LUG.TO,20240523,19.9,20.01,19.36,19.46,227578
LUN.TO,20240523,16.52,16.52,15.9,16.23,2064613
MAG.TO,20240523,18.15,18.41,17.89,18.05,165370
MAL.TO,20240523,7.98,8.3,7.95,8.19,26695
MARI.TO,20240523,3.88,3.96,3.82,3.82,16461
MATR.TO,20240523,16.76,16.76,15.95,16.08,39507
MBAL.TO,20240523,23.57,23.57,23.57,23.57,100
MBX.TO,20240523,0.325,0.325,0.32,0.325,61600
MCB.TO,20240523,1.98,1.98,1.93,1.93,18200
MCLC.TO,20240523,38.26,38.26,38,38,226
MCON.TO,20240523,21.1,21.1,21.01,21.01,200
MCSB.TO,20240523,19.19,19.2,19.19,19.2,700
MCSM.TO,20240523,39.51,39.51,39.18,39.28,409
MDA.TO,20240523,12.47,12.67,12.14,12.21,282914
MDI.TO,20240523,9.83,9.84,9.42,9.45,71540
MDNA.TO,20240523,2.41,2.45,2.33,2.34,34170
MDP.TO,20240523,1.6,1.62,1.55,1.6,34942
MDVD.TO,20240523,23.75,23.75,23.75,23.75,100
MEG.TO,20240523,29.62,29.8,29.15,29.2,1232575
MEQ.TO,20240523,171.17,171.17,169.5,169.8,5224
MEQT.TO,20240523,22.87,22.87,22.87,22.87,129
MFC.TO,20240523,36.23,36.32,35.75,35.92,8793803
MFC.PR.B.TO,20240523,19.12,19.34,19.03,19.34,8680
MFC.PR.C.TO,20240523,18.66,18.73,18.58,18.73,12934
MFC.PR.F.TO,20240523,17.06,17.13,16.82,17.13,3937
MFC.PR.I.TO,20240523,24.04,24.25,24.04,24.25,6516
MFC.PR.J.TO,20240523,23.74,23.88,23.58,23.88,9265
MFC.PR.K.TO,20240523,23.4,23.48,23.25,23.48,6941
MFC.PR.L.TO,20240523,21.59,21.69,21.59,21.69,2563
MFC.PR.M.TO,20240523,21.3,21.42,21.08,21.34,32139
MFC.PR.N.TO,20240523,20.93,21.18,20.93,21.18,6980
MFC.PR.P.TO,20240523,17.9,17.9,17.9,17.9,300
MFC.PR.Q.TO,20240523,23.25,23.73,23.25,23.71,72289
MFI.TO,20240523,23.19,23.52,23.11,23.29,72926
MFT.TO,20240523,17.34,17.34,17.26,17.27,16566
MG.TO,20240523,63.19,63.3,61.47,61.51,1963024
MGA.TO,20240523,0.4,0.4,0.39,0.395,155377
MGB.TO,20240523,16.16,16.17,16.13,16.13,2439
MGRW.TO,20240523,26.47,26.47,26.47,26.47,1000
MHC.U.TO,20240523,15.01,15.05,14.8,14.8,40304
MHC.UN.TO,20240523,20.52,20.52,20.4,20.45,1700
MHCD.TO,20240523,11.83,11.83,11.76,11.76,2200
MI.UN.TO,20240523,14.96,15.04,14.73,14.81,46891
MID.UN.TO,20240523,7.05,7.05,7.04,7.04,8200
MIN.TO,20240523,0.245,0.25,0.225,0.235,61800
MINN.TO,20240523,19.38,19.48,19.38,19.48,1300
MINT.TO,20240523,38.78,38.78,38.78,38.78,185
MKB.TO,20240523,18.73,18.73,18.65,18.66,11693
MKP.TO,20240523,15.98,16.01,15.86,15.86,49438
MKZ.UN.TO,20240523,0.325,0.325,0.325,0.325,1000
MMP.UN.TO,20240523,1.88,1.88,1.84,1.84,300
MND.TO,20240523,2.25,2.27,2.24,2.25,12600
MNO.TO,20240523,0.57,0.6,0.53,0.53,166616
MNS.TO,20240523,23.62,23.9,23.45,23.54,4850
MNT.TO,20240523,32.24,32.25,31.88,31.9,74935
MNY.TO,20240523,100.37,100.38,100.37,100.38,1314
MOGO.TO,20240523,2.48,2.49,2.36,2.39,15425
MPAY.TO,20240523,27.19,27.31,27.19,27.31,1277
MPAY.U.TO,20240523,19.91,19.91,19.87,19.87,5299
MPCT.UN.TO,20240523,4.3,4.3,4.08,4.08,14321
MR.UN.TO,20240523,2.8,2.81,2.7,2.8,21122
MRC.TO,20240523,112,112,111,111,1400
MRD.TO,20240523,11.79,11.82,11.66,11.72,31988
MRE.TO,20240523,12.14,12.14,11.79,11.82,93107
MREL.TO,20240523,11.65,11.65,11.49,11.51,2752
MRG.DB.B.TO,20240523,99.99,99.99,99.99,99.99,7000
MRG.UN.TO,20240523,15.72,15.72,15.39,15.41,7805
MRT.DB.A.TO,20240523,94.51,94.51,94.51,94.51,30000
MRT.UN.TO,20240523,5.31,5.31,5.31,5.31,784
MRU.TO,20240523,74.04,74.4,73.59,74.29,420275
MSA.TO,20240523,1.15,1.17,1.15,1.16,93486
MSCL.TO,20240523,0.47,0.49,0.47,0.475,72000
MSV.TO,20240523,0.22,0.22,0.22,0.22,14196
MTAV.TO,20240523,26.64,26.7,26.64,26.7,250
MTL.TO,20240523,13.04,13.06,12.9,13.02,129103
MTL.DB.TO,20240523,108,108,108,108,20000
MTY.TO,20240523,45.31,45.31,44.1,44.42,43541
MUB.TO,20240523,18.15,18.16,18.11,18.15,27847
MULC.B.TO,20240523,53.88,53.88,53.58,53.58,463
MUMC.B.TO,20240523,46.64,46.64,46.5,46.5,443
MUX.TO,20240523,15.19,15.4,14.9,14.96,32176
MWLV.TO,20240523,21.29,21.29,20.95,20.95,490
MX.TO,20240523,71.49,71.92,71.06,71.75,44632
MXG.TO,20240523,4.27,4.34,4.2,4.25,10797
NA.TO,20240523,114.23,114.5,113.54,113.96,720627
NA.PR.C.TO,20240523,25.4,25.69,25.4,25.63,12180
NA.PR.E.TO,20240523,23.72,23.79,23.72,23.79,8151
NA.PR.G.TO,20240523,25.27,25.42,25.17,25.42,6541
NA.PR.S.TO,20240523,23.17,23.33,23.17,23.33,8962
NA.PR.W.TO,20240523,21.75,21.85,21.75,21.85,24021
NALT.TO,20240523,24.61,24.61,24.37,24.38,6844
NANO.TO,20240523,1.88,1.88,1.76,1.83,15111
NCF.TO,20240523,0.025,0.025,0.025,0.025,2000
NCP.TO,20240523,0.02,0.02,0.02,0.02,21085
NDM.TO,20240523,0.43,0.435,0.425,0.425,14161
NEO.TO,20240523,6.8,6.85,6.69,6.77,44266
NEXT.TO,20240523,1.02,1.02,0.88,0.89,64320
NFI.TO,20240523,15.61,15.64,14.94,14.94,137714
NFI.DB.TO,20240523,92.5,92.6,92.5,92.5,78000
NG.TO,20240523,4.85,4.9,4.79,4.82,311242
NGD.TO,20240523,2.65,2.68,2.56,2.59,1834544
NGEX.TO,20240523,9.39,9.7,9.39,9.42,113553
NGPE.TO,20240523,46.01,46.04,46.01,46.04,400
NGT.TO,20240523,57.3,57.43,56.27,56.67,309417
NHYB.TO,20240523,20.98,21.03,20.98,21.02,1135
NINT.TO,20240523,26.11,26.11,26.11,26.11,100
NOA.TO,20240523,27.31,27.37,27.09,27.09,33988
NOVC.TO,20240523,1.2,1.31,1.18,1.3,265052
NPI.TO,20240523,24.02,24.1,23.52,23.78,885630
NPI.PR.A.TO,20240523,17.07,17.18,17.07,17.18,1600
NPI.PR.B.TO,20240523,18.9,18.9,18.9,18.9,1500
NPK.TO,20240523,1.05,1.08,0.91,0.92,65245
NPRF.TO,20240523,22.24,22.31,22.24,22.31,1855
NPS.TO,20240523,12.77,12.77,12.75,12.75,606
NPS.PR.A.TO,20240523,10.32,10.32,10.32,10.32,51600
NREA.TO,20240523,20.08,20.08,19.97,19.97,11400
NRR.UN.TO,20240523,15.51,16.1,15.51,15.85,10046
NSCB.TO,20240523,21.86,21.86,21.86,21.86,214
NSCC.TO,20240523,21.64,21.64,21.63,21.63,400
NSCE.TO,20240523,40.27,40.32,39.84,39.84,8400
NSGE.TO,20240523,40.21,40.21,40.21,40.21,100
NSSB.TO,20240523,9.83,9.83,9.83,9.83,100
NTR.TO,20240523,82.93,83.14,80.94,81.31,739402
NUAG.TO,20240523,3.01,3.07,2.79,2.8,65833
NUBF.TO,20240523,21,21,20.99,20.99,3400
NUMI.TO,20240523,0.07,0.07,0.065,0.065,144051
NUSA.TO,20240523,41.78,41.91,41.78,41.91,1502
NVA.TO,20240523,13.19,13.23,12.85,12.9,626472
NVEI.TO,20240523,43.93,44.15,43.88,44.15,107883
NVO.TO,20240523,0.14,0.145,0.14,0.145,116078
NWC.TO,20240523,37.83,37.95,37.48,37.71,44773
NWH.DB.G.TO,20240523,100.12,100.15,100.11,100.15,228000
NWH.DB.H.TO,20240523,82.49,82.6,82,82,41000
NWH.DB.I.TO,20240523,84.01,86,84,86,59000
NWH.UN.TO,20240523,5.13,5.14,5.05,5.07,306227
NXE.TO,20240523,10.4,10.54,10.32,10.42,883287
NXF.TO,20240523,6.37,6.38,6.3,6.31,91905
NXF.B.TO,20240523,8.3,8.34,8.25,8.26,26000
NXR.UN.TO,20240523,7.17,7.17,7.01,7.07,148283
OBE.TO,20240523,10.02,10.1,9.75,9.76,89472
OGC.TO,20240523,3.14,3.17,3,3.03,2747680
OGD.TO,20240523,0.67,0.67,0.67,0.67,9500
OGI.TO,20240523,2.58,2.58,2.46,2.49,301854
OLA.TO,20240523,5.71,5.76,5.5,5.51,346031
ONC.TO,20240523,1.5,1.5,1.44,1.45,31142
ONEB.TO,20240523,47.98,47.98,47.98,47.98,100
ONEC.TO,20240523,21.74,21.74,21.69,21.69,800
ONEX.TO,20240523,97.51,98.05,96.73,97.61,72204
OPT.TO,20240523,6.43,6.88,6.43,6.88,209
OR.TO,20240523,22.01,22.21,21.99,22.08,246129
ORA.TO,20240523,11.85,12.6,11.85,12.6,29298
ORE.TO,20240523,0.75,0.75,0.72,0.74,101150
ORV.TO,20240523,0.2,0.21,0.2,0.21,20102
OSK.TO,20240523,3.08,3.09,2.95,2.96,1020202
OTEX.TO,20240523,42.6,42.71,41.58,41.71,1074662
OVV.TO,20240523,66.79,67.56,66.16,66.37,68460
PAAS.TO,20240523,29.01,29.3,28.46,28.61,980866
PABF.TO,20240523,22.51,22.54,22.51,22.54,6200
PACF.TO,20240523,22.05,22.05,22.05,22.05,1400
PAGF.TO,20240523,23.28,23.28,23.13,23.13,17100
PAY.TO,20240523,6.47,6.62,6.4,6.61,90431
PAYF.TO,20240523,18.8,18.8,18.8,18.8,2011
PBH.TO,20240523,90,90,88.61,89,83800
PBH.DB.G.TO,20240523,99,99.4,99,99,126000
PBH.DB.H.TO,20240523,92.32,93.25,92,92,374000
PBH.DB.I.TO,20240523,94.5,94.5,93.1,93.75,54000
PBL.TO,20240523,32.22,32.5,30.99,31.55,39291
PBY.UN.TO,20240523,15.06,15.13,15.05,15.12,36900
PCON.TO,20240523,18.36,18.36,18.36,18.36,100
PD.TO,20240523,96.35,97.27,94.56,95.02,89040
PDC.TO,20240523,31.58,31.58,31.16,31.26,27442
PDF.TO,20240523,31.45,31.45,31.07,31.11,13523
PDIV.TO,20240523,9.46,9.46,9.37,9.37,12525
PDV.TO,20240523,6.45,6.45,6.45,6.45,200
PEA.TO,20240523,0.47,0.5,0.47,0.495,78232
PET.TO,20240523,27.61,27.61,27,27,93414
PEY.TO,20240523,15.68,15.8,15.29,15.33,1186416
PFAA.TO,20240523,11.02,11.06,11.02,11.06,1800
PFAE.TO,20240523,18,18.02,17.96,17.96,3500
PFIA.TO,20240523,9.79,9.81,9.77,9.81,29526
PFL.TO,20240523,19.65,19.65,19.64,19.65,16958
PFLS.TO,20240523,16.89,16.89,16.84,16.84,544
PFMN.TO,20240523,14.34,14.34,14.31,14.34,5400
PGI.UN.TO,20240523,7.5,7.5,7.46,7.48,18005
PHX.TO,20240523,8.83,8.99,8.62,8.67,44485
PHYS.TO,20240523,25.13,25.15,24.84,24.85,54801
PHYS.U.TO,20240523,18.25,18.25,18.1,18.1,860
PIC.A.TO,20240523,4.33,4.33,4.15,4.21,22000
PIC.PR.A.TO,20240523,14.4,14.41,14.38,14.38,17400
PID.TO,20240523,23.51,23.51,23.48,23.48,1230
PIF.TO,20240523,12.12,12.12,11.74,11.96,203805
PIN.TO,20240523,17.46,17.46,17.46,17.46,5800
PINC.TO,20240523,17.3,17.3,17.28,17.28,300
PIX.UN.TO,20240523,7.97,8,7.97,8,9500
PKI.TO,20240523,38.8,38.96,38.39,38.92,463183
PLDI.TO,20240523,18.84,18.84,18.84,18.84,1200
PLV.TO,20240523,23.29,23.29,23.21,23.21,3028
PLZ.UN.TO,20240523,3.65,3.66,3.57,3.57,25099
PME.TO,20240523,2.26,2.26,2.22,2.22,1827
PMET.TO,20240523,8.46,8.46,8.25,8.28,140047
PMIF.TO,20240523,18.01,18.01,17.94,17.99,55577
PMIF.U.TO,20240523,19.16,19.16,19.09,19.15,4760
PMNT.TO,20240523,19.2,19.2,19.2,19.2,140
PMT.TO,20240523,0.53,0.53,0.48,0.51,55791
PMZ.UN.TO,20240523,13.44,13.47,13.28,13.36,84793
PNE.TO,20240523,1.04,1.06,1.02,1.03,232115
PNP.TO,20240523,5.8,5.85,5.75,5.8,9409
POU.TO,20240523,32.18,32.34,31.78,32.02,139959
POW.TO,20240523,40.08,40.39,39.9,40.24,1308224
POW.PR.A.TO,20240523,21.88,21.88,21.8,21.86,14234
POW.PR.B.TO,20240523,20.81,20.93,20.81,20.93,4550
POW.PR.C.TO,20240523,22.85,22.85,22.85,22.85,1602
POW.PR.D.TO,20240523,19.75,19.9,19.56,19.9,8381
POW.PR.G.TO,20240523,21.55,21.67,21.55,21.67,5249
PPL.TO,20240523,50.45,50.56,49.56,49.79,5730324
PPL.PF.A.TO,20240523,22.81,23.19,22.81,23.12,16963
PPL.PF.E.TO,20240523,23.18,24.15,23.18,24.15,9029
PPL.PR.A.TO,20240523,21.05,21.21,20.84,21.21,7436
PPL.PR.C.TO,20240523,19.67,19.67,19.42,19.59,8455
PPL.PR.E.TO,20240523,21.73,21.82,21.64,21.82,10205
PPL.PR.G.TO,20240523,20.01,20.25,20.01,20.25,5112
PPL.PR.I.TO,20240523,22.99,23.12,22.99,23.12,4347
PPL.PR.O.TO,20240523,21.15,21.38,21.15,21.38,9300
PPL.PR.Q.TO,20240523,21.8,21.8,21.74,21.74,3461
PPL.PR.S.TO,20240523,23.9,24,23.9,24,3381
PPLN.TO,20240523,10.5,10.5,10.5,10.5,1005
PPR.TO,20240523,0.06,0.06,0.055,0.055,13000
PPTA.TO,20240523,8.35,8.35,7.94,8.01,9090
PR.TO,20240523,9.33,9.34,9.33,9.33,1600
PRA.TO,20240523,28.7,28.7,28.52,28.52,1835
PRB.TO,20240523,1.42,1.42,1.4,1.4,38500
PRL.TO,20240523,23.1,23.1,21.47,21.68,166823
PRM.PR.A.TO,20240523,9.8,10.05,9.8,10.05,500
PRMW.TO,20240523,30.42,30.51,30.08,30.4,137122
PRN.TO,20240523,11,11,10.15,10.15,9024
PRQ.TO,20240523,1.4,1.4,1.34,1.35,134482
PRU.TO,20240523,2.2,2.2,2.13,2.13,98322
PRV.DB.TO,20240523,98.26,98.26,98.16,98.16,50000
PRV.UN.TO,20240523,5.21,5.21,5.1,5.11,43397
PRYM.TO,20240523,2.18,2.19,2.07,2.1,143519
PSA.TO,20240523,50.19,50.19,50.18,50.18,88402
PSB.TO,20240523,17.21,17.23,17.21,17.23,1089
PSD.TO,20240523,2.3,2.33,2.3,2.31,4022
PSI.TO,20240523,15.12,15.33,15.12,15.29,57045
PSK.TO,20240523,25.89,26.11,25.44,25.71,205832
PSLV.TO,20240523,14.11,14.14,13.81,13.83,114439
PSLV.U.TO,20240523,10.32,10.34,10.31,10.31,15500
PSU.U.TO,20240523,100.38,100.39,100.38,100.38,8234
PTI.UN.TO,20240523,6.77,6.82,6.77,6.8,11300
PTM.TO,20240523,2.32,2.38,2.22,2.27,25431
PTO.UN.TO,20240523,7.34,7.34,7.31,7.33,12832
PVS.PR.G.TO,20240523,24.25,24.25,24.05,24.1,3100
PVS.PR.I.TO,20240523,24.3,24.3,24.21,24.21,3200
PVS.PR.K.TO,20240523,23.15,23.15,23.1,23.1,4400
PWF.PF.A.TO,20240523,17.98,17.98,17.97,17.97,300
PWF.PR.A.TO,20240523,13.02,13.02,13.02,13.02,2002
PWF.PR.E.TO,20240523,21.32,21.43,21.25,21.43,4465
PWF.PR.F.TO,20240523,20.33,20.51,20.33,20.51,5472
PWF.PR.G.TO,20240523,22.85,23.06,22.85,23.06,1694
PWF.PR.H.TO,20240523,22.19,22.3,22.19,22.3,2362
PWF.PR.K.TO,20240523,19.17,19.33,19.17,19.33,4510
PWF.PR.L.TO,20240523,19.85,19.85,19.85,19.85,2150
PWF.PR.O.TO,20240523,22.41,22.56,22.4,22.56,7869
PWF.PR.P.TO,20240523,15.35,15.54,15.31,15.54,6194
PWF.PR.Q.TO,20240523,16.8,16.8,16.8,16.8,500
PWF.PR.R.TO,20240523,21.3,21.45,21.3,21.45,6434
PWF.PR.S.TO,20240523,18.71,18.79,18.7,18.79,6067
PWF.PR.T.TO,20240523,22.11,22.25,22.11,22.25,4734
PWI.TO,20240523,8.06,8.09,8.04,8.05,21682
PWI.PR.A.TO,20240523,10.25,10.25,10.1,10.16,18600
PXC.TO,20240523,38.52,38.52,38.13,38.16,2278
PXT.TO,20240523,22.61,22.76,22.15,22.29,263441
PXU.F.TO,20240523,59.27,59.27,59.27,59.27,100
PYF.TO,20240523,17.29,17.31,17.29,17.29,2772
PYR.TO,20240523,0.61,0.64,0.61,0.63,27657
PZA.TO,20240523,13.3,13.3,13.15,13.24,53582
QAH.TO,20240523,175.99,175.99,175.99,175.99,100
QBB.TO,20240523,90.66,90.67,90.55,90.61,4600
QBR.A.TO,20240523,30,30,30,30,121
QBR.B.TO,20240523,29.28,29.33,28.67,29.17,1907358
QBTC.TO,20240523,89.39,89.39,86.66,87.5,8840
QBTC.U.TO,20240523,65.47,65.47,63.64,63.64,1036
QCE.TO,20240523,135.65,135.75,134.6,134.83,605
QCLN.TO,20240523,16.26,16.28,16.26,16.28,348
QCN.TO,20240523,136.42,136.42,135.42,135.52,818
QDX.TO,20240523,120.04,120.04,119.65,119.65,276
QDXB.TO,20240523,87.73,87.74,87.73,87.74,200
QEBH.TO,20240523,77.05,77.05,77.05,77.05,114
QEC.TO,20240523,0.22,0.22,0.22,0.22,50000
QEE.TO,20240523,92.36,92.36,92.36,92.36,100
QETH.U.TO,20240523,53.71,55.08,53.71,54.97,1861
QETH.UN.TO,20240523,75.23,76,73.46,75.21,11861
QIE.TO,20240523,32.5,32.5,32.5,32.5,1667
QINF.TO,20240523,123.59,123.59,123.59,123.59,500
QIPT.TO,20240523,4.33,4.34,4.24,4.32,17600
QLB.TO,20240523,100.74,100.74,100.73,100.73,3000
QMAX.TO,20240523,20.3,20.3,19.97,20.07,21544
QQC.TO,20240523,30.62,30.72,30.36,30.46,34022
QQC.F.TO,20240523,150.57,150.57,148,148.54,4744
QQCC.TO,20240523,11.91,11.92,11.82,11.85,59032
QQCE.TO,20240523,26.02,26.12,25.9,25.9,700
QQCL.TO,20240523,22.5,22.53,22.31,22.36,8399
QQEQ.TO,20240523,26.34,26.34,26.34,26.34,100
QQQL.TO,20240523,20.24,20.24,20.2,20.2,300
QQQT.TO,20240523,28.96,28.96,28.25,28.31,1456
QQQT.B.TO,20240523,29.53,29.53,29.53,29.53,100
QQQT.U.TO,20240523,28.87,28.87,28.53,28.53,200
QQQX.TO,20240523,28.18,28.18,27.88,27.88,5800
QQQY.TO,20240523,26.34,26.44,25.99,26.07,3630
QRC.TO,20240523,0.84,0.84,0.82,0.84,54260
QRET.TO,20240523,103.58,103.58,103.58,103.58,107
QSB.TO,20240523,96.66,96.66,96.66,96.66,100
QSP.UN.TO,20240523,92.23,92.23,92.23,92.23,207
QSR.TO,20240523,93.64,93.65,91.88,92.32,899141
QTRH.TO,20240523,1.63,1.7,1.63,1.65,78690
QTRH.DB.TO,20240523,91,91,91,91,18000
QUB.TO,20240523,80.66,80.68,80.66,80.68,1200
QUIG.TO,20240523,85.28,85.28,85.28,85.28,100
QUS.TO,20240523,53.03,53.03,53.03,53.03,600
QUU.TO,20240523,207.58,207.78,207.58,207.78,262
QXM.TO,20240523,28.24,28.36,28.24,28.31,453
RATE.TO,20240523,21.06,21.06,21.02,21.02,417
RAV.UN.TO,20240523,16.02,16.02,16,16,1600
RAY.A.TO,20240523,7.45,7.5,7.24,7.5,40300
RBA.TO,20240523,103.87,104.42,102.28,102.85,98204
RBN.UN.TO,20240523,7.75,7.75,7.6,7.6,2500
RBNK.TO,20240523,24.37,24.37,24.06,24.15,10478
RBO.TO,20240523,18.16,18.18,18.16,18.18,9072
RBOT.TO,20240523,30.56,30.56,30.22,30.25,1738
RBOT.U.TO,20240523,22.2,22.2,22.2,22.2,1000
RBY.TO,20240523,2.51,2.55,2.51,2.54,22200
RCD.TO,20240523,26.9,26.97,26.64,26.68,3618
RCDC.TO,20240523,20.32,20.32,20.32,20.32,488
RCG.TO,20240523,7.34,7.57,7.34,7.57,1300
RCG.PR.B.TO,20240523,12.25,12.25,12.2,12.2,1300
RCH.TO,20240523,39.42,39.69,39.08,39.21,22123
RCI.A.TO,20240523,59.27,59.27,59.2,59.2,850
RCI.B.TO,20240523,53.64,54.05,53.22,53.59,1234457
REAL.TO,20240523,5.71,5.75,5.42,5.52,33997
REI.UN.TO,20240523,17.57,17.71,17.44,17.46,668285
RGQN.TO,20240523,20.11,20.12,20.11,20.12,17700
RGQO.TO,20240523,20.01,20.01,20.01,20.01,2500
RGQP.TO,20240523,19.73,19.73,19.73,19.73,2863
RGQQ.TO,20240523,19.61,19.61,19.61,19.61,125
RGQR.TO,20240523,19.47,19.47,19.44,19.44,400
RID.TO,20240523,26.82,26.82,26.66,26.68,725
RIDH.TO,20240523,29.77,29.77,29.77,29.77,163
RIFI.TO,20240523,17.43,17.43,17.41,17.41,135500
RIIN.TO,20240523,19.53,19.53,19.53,19.53,300
RIT.TO,20240523,15.38,15.39,15.21,15.24,5425
ROOT.TO,20240523,2.32,2.32,2.32,2.32,200
RPF.TO,20240523,20.22,20.4,20.2,20.31,7473
RPI.UN.TO,20240523,30.65,30.65,30,30,17079
RQN.TO,20240523,20.13,20.14,20.12,20.13,25748
RQO.TO,20240523,18.17,18.19,18.16,18.19,39619
RQP.TO,20240523,17.66,17.67,17.65,17.66,16300
RQQ.TO,20240523,21.22,21.24,21.19,21.22,12200
RQR.TO,20240523,21.01,21.01,20.98,20.99,9600
RS.TO,20240523,12.31,12.35,12.04,12.05,12661
RS.PR.A.TO,20240523,9.87,10,9.87,9.95,66100
RSI.TO,20240523,5.89,5.92,5.82,5.85,141879
RSI.DB.F.TO,20240523,98,98,98,98,25000
RUD.TO,20240523,65.52,65.63,65.25,65.25,3540
RUD.U.TO,20240523,47.93,47.93,47.49,47.49,1900
RUDH.TO,20240523,45.65,45.65,45.53,45.53,1235
RUP.TO,20240523,3.9,3.9,3.75,3.76,45753
RUQO.TO,20240523,20.03,20.03,20.03,20.03,3400
RUQP.TO,20240523,20.09,20.09,20.09,20.09,3000
RUQP.U.TO,20240523,14.67,14.67,14.67,14.67,187
RUQQ.U.TO,20240523,14.71,14.71,14.71,14.71,300
RUS.TO,20240523,38.61,38.65,38.28,38.28,97619
RVX.TO,20240523,0.055,0.06,0.055,0.055,8000
RY.TO,20240523,145.38,145.75,143.27,143.67,6206751
RY.PR.J.TO,20240523,23.3,23.61,23.25,23.61,86719
RY.PR.M.TO,20240523,23,23.09,23,23.06,11187
RY.PR.N.TO,20240523,23,23,23,23,400
RY.PR.O.TO,20240523,22.97,23.07,22.97,23.07,725
RY.PR.S.TO,20240523,24.1,24.56,24.02,24.56,24549
S.TO,20240523,0.315,0.33,0.315,0.33,250233
SAM.TO,20240523,0.14,0.14,0.14,0.14,500
SAP.TO,20240523,27.8,28.22,27.47,27.94,272741
SAU.TO,20240523,0.08,0.08,0.08,0.08,10000
SBC.TO,20240523,9.26,9.28,9.04,9.19,20274
SBC.PR.A.TO,20240523,10.05,10.07,10.05,10.07,7300
SBI.TO,20240523,1.06,1.06,1.06,1.06,700
SBT.TO,20240523,16.46,16.46,16.27,16.27,461
SBT.B.TO,20240523,22,22.04,21.99,22.04,750
SCR.TO,20240523,35.25,35.25,33.9,34.01,42126
SCY.TO,20240523,0.02,0.025,0.02,0.025,30100
SDE.TO,20240523,4.08,4.14,3.95,4,183558
SEA.TO,20240523,20.23,20.23,19.75,19.77,116927
SEC.TO,20240523,325.01,325.01,325,325,1100
SES.TO,20240523,11.4,11.44,11.18,11.24,675456
SFC.TO,20240523,6.83,6.83,6.82,6.83,4900
SFI.TO,20240523,0.31,0.31,0.295,0.295,16000
SFTC.TO,20240523,16.98,17.34,16.98,17.11,35729
SGLD.TO,20240523,0.14,0.14,0.14,0.14,3797
SGNL.TO,20240523,0.1,0.105,0.1,0.105,83272
SGR.UN.TO,20240523,11.21,11.21,11.01,11.06,54885
SGY.TO,20240523,6.97,6.99,6.84,6.88,1209161
SHLE.TO,20240523,10.13,10.39,9.89,9.95,29882
SHOP.TO,20240523,80.16,80.74,78.97,79.19,3002706
SIA.TO,20240523,14.9,14.91,14.56,14.57,186077
SII.TO,20240523,62.79,62.92,62,62.31,36129
SIL.TO,20240523,11.9,12.05,11.67,11.78,376180
SIS.TO,20240523,17.49,17.57,17.29,17.38,37741
SJ.TO,20240523,85.01,85.31,84.25,84.44,64784
SKE.TO,20240523,6.44,6.52,6.3,6.32,295314
SKYY.TO,20240523,23.16,23.18,22.95,22.95,300
SLF.TO,20240523,69.53,70.01,69,69.11,3478189
SLF.PR.C.TO,20240523,19,19.21,18.9,19.21,7247
SLF.PR.D.TO,20240523,18.96,19.11,18.93,19.11,7447
SLF.PR.E.TO,20240523,19,19.19,18.95,19.19,5709
SLF.PR.G.TO,20240523,17.05,17.05,17,17,3500
SLF.PR.H.TO,20240523,20.15,20.31,20.1,20.31,3922
SLF.PR.J.TO,20240523,17.75,17.8,17.75,17.8,640
SLR.TO,20240523,1.21,1.21,1.13,1.15,43700
SLS.TO,20240523,4.82,4.82,4.5,4.52,332159
SMAX.TO,20240523,18.48,18.48,18.29,18.31,14669
SMC.TO,20240523,0.02,0.02,0.02,0.02,10000
SMT.TO,20240523,0.93,1.05,0.93,0.98,426441
SOIL.TO,20240523,2.6,2.61,2.56,2.56,52076
SOIL.WT.A.TO,20240523,0.245,0.245,0.245,0.245,500
SOLG.TO,20240523,0.17,0.17,0.16,0.16,713395
SOT.DB.A.TO,20240523,40.3,40.3,40,40,87000
SOT.DB.B.TO,20240523,42.01,42.01,35.05,35.05,75000
SOT.UN.TO,20240523,0.62,0.64,0.61,0.62,41745
SOY.TO,20240523,7.25,7.25,7.1,7.15,41792
SPAY.TO,20240523,27.08,27.22,27.08,27.21,3200
SPB.TO,20240523,9.43,9.46,9.23,9.28,1081315
SPLT.TO,20240523,10.48,10.49,10.48,10.49,17055
SPPP.TO,20240523,14.09,14.09,13.78,13.78,7654
SPPP.U.TO,20240523,10.04,10.04,10.04,10.04,500
SRU.UN.TO,20240523,22.91,22.91,22.55,22.6,155663
SRV.UN.TO,20240523,13.02,13.2,12.99,13.2,5179
SSF.UN.TO,20240523,6.97,6.97,6.97,6.97,1210
SSL.TO,20240523,8.01,8.05,7.85,7.9,375181
SSRM.TO,20240523,7.53,7.58,7.31,7.33,401389
STC.TO,20240523,6.76,6.82,6.76,6.8,46600
STCK.TO,20240523,10.01,10.01,10,10,8300
STEP.TO,20240523,3.95,4,3.9,3.9,64559
STGO.TO,20240523,0.64,0.65,0.64,0.64,51500
STLC.TO,20240523,43.08,43.46,42.14,42.88,279100
STLR.TO,20240523,1.39,1.39,1.33,1.34,49713
STN.TO,20240523,111,111,108.91,109.17,207259
STPL.TO,20240523,24.04,24.04,24.04,24.04,175
SU.TO,20240523,55.9,56.69,54.83,55.15,10206310
SVA.TO,20240523,0.31,0.31,0.29,0.29,151541
SVB.TO,20240523,0.15,0.15,0.15,0.15,6825
SVI.TO,20240523,4.63,4.68,4.54,4.6,163967
SVI.DB.TO,20240523,96.51,96.75,96.51,96.75,33000
SVI.DB.C.TO,20240523,91,91,91,91,16000
SVM.TO,20240523,5.26,5.36,5.23,5.28,366837
SVR.TO,20240523,14.89,14.93,14.52,14.53,18180
SVR.C.TO,20240523,16,16,15.75,15.75,1986
SWP.TO,20240523,3.77,4.1,3.77,4.05,21554
SXP.TO,20240523,3.71,3.82,3.69,3.8,70245
SYLD.TO,20240523,18.44,18.44,18.44,18.44,150
SYZ.TO,20240523,8.94,9.04,8.9,8.92,62986
T.TO,20240523,22.64,22.7,22.31,22.49,3702191
TA.TO,20240523,9.65,9.68,9.43,9.53,873793
TA.PR.D.TO,20240523,15.05,15.05,14.86,14.86,1705
TA.PR.E.TO,20240523,16.68,16.68,16.68,16.68,2443
TA.PR.F.TO,20240523,19.15,19.19,19.13,19.13,3620
TA.PR.G.TO,20240523,20.16,20.16,20.16,20.16,1400
TA.PR.H.TO,20240523,22.52,22.52,22.47,22.5,7591
TA.PR.J.TO,20240523,23.8,23.8,23.8,23.8,161
TAL.TO,20240523,0.8,0.81,0.79,0.8,470952
TBAL.TO,20240523,17.71,17.71,17.59,17.61,4700
TBCE.TO,20240523,25.14,25.14,25.12,25.12,13188
TBCF.TO,20240523,25.1,25.12,25.1,25.12,20000
TBCG.TO,20240523,25.13,25.13,25.1,25.12,7400
TBIL.TO,20240523,50.15,50.16,50.15,50.15,2379
TBL.TO,20240523,3.44,3.45,3.4,3.4,403
TBNK.TO,20240523,26.42,26.42,26.13,26.27,3300
TBUE.U.TO,20240523,25.04,25.04,25.04,25.04,800
TC.TO,20240523,26.87,28,26.84,27.7,4638
TCBN.TO,20240523,37.3,41,37.3,41,9958
TCL.A.TO,20240523,13.38,13.45,13.22,13.45,55972
TCLB.TO,20240523,116.39,116.39,116.05,116.05,13615
TCLV.TO,20240523,20.1,20.11,20.04,20.05,1401
TCON.TO,20240523,14.77,14.77,14.77,14.77,800
TCS.TO,20240523,34.5,34.5,33,33.49,7523
TCSB.TO,20240523,14.43,14.44,14.43,14.44,2973
TCSH.TO,20240523,50.18,50.18,50.17,50.17,35400
TCW.TO,20240523,4.32,4.42,4.31,4.37,559950
TD.TO,20240523,77.8,77.95,74.99,75.58,6598817
TD.PF.A.TO,20240523,23.73,23.87,23.68,23.85,22890
TD.PF.C.TO,20240523,22.72,22.85,22.7,22.83,20394
TD.PF.D.TO,20240523,23.02,23.21,23.02,23.17,7040
TD.PF.E.TO,20240523,23.32,23.32,23.1,23.21,5100
TD.PF.I.TO,20240523,25.25,25.34,25.24,25.34,19727
TD.PF.J.TO,20240523,24.3,24.58,24.3,24.58,16983
TDB.TO,20240523,12.75,12.75,12.72,12.72,47322
TDOC.TO,20240523,18.51,18.51,18.32,18.32,1452
TEC.TO,20240523,37.67,37.75,37.24,37.38,74454
TECH.TO,20240523,14.87,14.87,14.49,14.5,16983
TECH.B.TO,20240523,16.88,16.88,16.7,16.7,247
TECI.TO,20240523,7.66,7.66,7.66,7.66,100
TECK.A.TO,20240523,70.11,70.11,68.8,68.88,4480
TECK.B.TO,20240523,69.56,69.95,68.61,69.22,751672
TECX.TO,20240523,25.25,25.25,25.25,25.25,100
TERM.TO,20240523,9.37,9.37,9.35,9.37,5711
TF.TO,20240523,7.06,7.07,6.98,7.01,83551
TF.DB.D.TO,20240523,92.01,93.49,92,92,41000
TF.DB.E.TO,20240523,91,91,90.1,90.1,16000
TFII.TO,20240523,182.06,182.54,180.2,181.38,106576
TFPM.TO,20240523,23.72,23.72,23.23,23.53,157496
TGAF.TO,20240523,20.93,20.95,20.93,20.95,1201
TGED.TO,20240523,24.15,24.3,24.1,24.14,34226
TGED.U.TO,20240523,17.65,17.65,17.53,17.53,1900
TGFI.TO,20240523,20.21,20.21,20.17,20.17,2500
TGGR.TO,20240523,26.18,26.21,26.07,26.14,2619
TGO.TO,20240523,1.94,1.98,1.86,1.96,1600
TGRE.TO,20240523,13.7,13.7,13.7,13.7,203
TGRO.TO,20240523,20.96,20.96,20.78,20.8,11497
TH.TO,20240523,1.79,1.79,1.71,1.71,12200
The.TO,20240523,25.92,25.96,25.77,25.77,12790
THNC.TO,20240523,3.69,3.7,3.62,3.62,21780
THU.TO,20240523,35.46,35.55,35.18,35.19,1205
TIH.TO,20240523,122.37,122.66,121.23,121.44,78741
TINF.TO,20240523,19.36,19.36,19.19,19.19,3772
TIPS.F.TO,20240523,28.29,28.29,28.29,28.29,621
TIXT.TO,20240523,8.4,8.4,7.95,8.04,294134
TKN.TO,20240523,19.26,19.35,19.2,19.2,15180
TKN.U.TO,20240523,14.2,14.2,13.92,13.92,5978
TKO.TO,20240523,3.95,3.96,3.78,3.78,466520
TLF.TO,20240523,24.12,24.18,23.83,23.83,2303
TLG.TO,20240523,0.4,0.4,0.385,0.4,567683
TLO.TO,20240523,0.19,0.19,0.185,0.19,182768
TLRY.TO,20240523,2.58,2.58,2.5,2.53,816111
TMD.TO,20240523,0.05,0.05,0.05,0.05,55000
TMQ.TO,20240523,0.65,0.69,0.65,0.69,2000
TNT.UN.TO,20240523,8.83,8.88,8.61,8.67,29883
TNZ.TO,20240523,3.77,3.79,3.73,3.73,22700
TOT.TO,20240523,9.2,9.34,9.17,9.17,9030
TOU.TO,20240523,68.66,69.25,66.94,66.99,916846
TOY.TO,20240523,29.01,29.1,28.9,28.96,63491
TPE.TO,20240523,22.48,22.48,22.3,22.31,12013
TPRF.TO,20240523,10.32,10.33,10.31,10.33,1200
TPU.TO,20240523,41.16,41.21,40.84,40.91,41746
TPU.U.TO,20240523,30.13,30.16,30.13,30.16,10100
TPX.B.TO,20240523,74.06,74.62,73.56,73.56,851
TPZ.TO,20240523,22.3,22.58,21.86,21.9,160431
TQCD.TO,20240523,17.08,17.08,16.88,16.95,62707
TQGD.TO,20240523,18.85,18.85,18.71,18.74,53716
TQGM.TO,20240523,17.23,17.23,17.23,17.23,300
TQSM.TO,20240523,22.9,22.98,22.8,22.85,18466
TRI.TO,20240523,237.65,238.68,235.03,237.19,298407
TRI.PR.B.TO,20240523,14.15,14.22,14.15,14.17,3700
TRP.TO,20240523,53.15,53.31,52.29,52.36,3494164
TRP.PR.A.TO,20240523,16.68,16.77,16.67,16.77,10844
TRP.PR.B.TO,20240523,13.05,13.14,13.05,13.14,809
TRP.PR.C.TO,20240523,13.15,13.28,13.14,13.28,3862
TRP.PR.D.TO,20240523,18.85,18.9,18.67,18.82,22339
TRP.PR.E.TO,20240523,18.11,18.35,18.11,18.35,11706
TRP.PR.F.TO,20240523,17.09,17.09,17,17,500
TRP.PR.G.TO,20240523,19.59,19.59,19.14,19.24,5800
TRP.PR.H.TO,20240523,14.42,14.42,14.39,14.4,4200
TRVI.TO,20240523,19.56,19.56,19.33,19.34,1300
TRVL.TO,20240523,24.04,24.04,24,24,1917
TRZ.TO,20240523,3.18,3.24,3.15,3.16,47031
TSAT.TO,20240523,10.9,12.19,10.9,12.16,4383
TSK.TO,20240523,0.56,0.57,0.51,0.52,160492
TSL.TO,20240523,3.1,3.1,3.08,3.08,3200
TSND.TO,20240523,2.25,2.25,2.05,2.07,324561
TSU.TO,20240523,41.5,41.5,40.15,40.51,57176
TTNM.TO,20240523,2.26,2.27,2.23,2.25,18000
TTP.TO,20240523,25.65,25.65,25.34,25.41,42627
TUED.TO,20240523,26.4,26.48,26.21,26.27,21951
TUHY.TO,20240523,20.77,20.77,20.74,20.74,7700
TULB.TO,20240523,112.78,112.78,112.78,112.78,907
TUSB.TO,20240523,13.89,13.89,13.89,13.89,146
TVA.B.TO,20240523,1.34,1.42,1.34,1.39,75900
TVE.TO,20240523,3.58,3.62,3.48,3.5,2135233
TVK.TO,20240523,78,78.43,75.98,76.42,35407
TWC.TO,20240523,17.51,17.51,17.51,17.51,200
TWM.TO,20240523,0.63,0.63,0.6,0.61,440908
TXF.TO,20240523,21.82,21.87,21.38,21.5,28301
TXF.B.TO,20240523,26.9,26.95,26.72,26.73,885
TXG.TO,20240523,20.26,20.49,20.03,20.07,357103
TXP.TO,20240523,0.6,0.62,0.6,0.62,66503
U.U.TO,20240523,21.79,22.04,21.05,21.38,61225
U.UN.TO,20240523,29.96,30.43,28.91,29.29,625158
UBIL.U.TO,20240523,50.12,50.13,50.12,50.12,61367
UCSH.U.TO,20240523,50.17,50.17,50.17,50.17,2001
UDIV.TO,20240523,12.77,12.77,12.62,12.63,7447
UDIV.B.TO,20240523,13.48,13.51,13.41,13.41,5899
ULV.C.TO,20240523,32.58,32.58,32.58,32.58,803
UMAX.TO,20240523,14.66,14.67,14.51,14.56,61232
UMI.TO,20240523,32.12,32.12,31.86,31.86,4900
UMNY.U.TO,20240523,50.19,50.21,50.19,50.19,1200
UNC.TO,20240523,117.48,117.48,117.01,117.01,262
UNI.TO,20240523,1.59,1.59,1.58,1.58,600
URB.TO,20240523,5.52,5.52,5.51,5.51,315
URB.A.TO,20240523,4.75,4.75,4.72,4.72,277
URC.TO,20240523,3.7,3.71,3.59,3.62,163481
URC.WT.TO,20240523,1.62,1.62,1.61,1.61,1100
URE.TO,20240523,2.39,2.39,2.32,2.32,68872
USA.TO,20240523,0.43,0.43,0.4,0.42,296229
USCC.TO,20240523,18.41,18.41,18.31,18.31,4243
USCC.U.TO,20240523,13.42,13.42,13.42,13.42,200
USCL.TO,20240523,21.75,21.75,21.42,21.42,8243
USSL.TO,20240523,20.07,20.07,19.98,19.98,390
USSX.TO,20240523,27.89,27.89,27.89,27.89,400
UTIL.TO,20240523,20.53,20.53,20.47,20.47,6516
VA.TO,20240523,38.52,38.52,38.52,38.52,137
VAB.TO,20240523,22.4,22.4,22.33,22.35,191986
VALT.TO,20240523,29.09,29.09,29.09,29.09,102
VALT.B.TO,20240523,31.99,31.99,31.9,31.9,200
VBAL.TO,20240523,31.08,31.08,30.86,30.89,100314
VBNK.TO,20240523,13.13,13.2,12.99,13.07,6751
VBNK.PR.A.TO,20240523,10,10,10,10,7100
VCB.TO,20240523,23.34,23.34,23.29,23.3,19619
VCE.TO,20240523,49.14,49.19,48.64,48.76,23046
VCIP.TO,20240523,25.24,25.24,25.18,25.18,4964
VCM.TO,20240523,21.52,21.71,21.5,21.5,1389
VCN.TO,20240523,45.72,45.8,45.19,45.32,107907
VCNS.TO,20240523,27.92,27.92,27.76,27.78,68975
VDU.TO,20240523,43.74,43.74,43.4,43.4,38229
VDY.TO,20240523,45.04,45.15,44.43,44.6,140905
VE.TO,20240523,37,37,36.79,36.83,1703
VEE.TO,20240523,36.6,36.6,36.33,36.36,28089
VEF.TO,20240523,57.29,57.29,56.61,56.68,3675
VEQT.TO,20240523,41.16,41.16,40.67,40.75,152088
VET.TO,20240523,16.91,17.02,16.38,16.42,847750
VFV.TO,20240523,129.56,129.56,128.31,128.51,255210
VGG.TO,20240523,85.52,85.52,84.72,84.76,15434
VGH.TO,20240523,59.78,59.78,59.28,59.32,4190
VGRO.TO,20240523,34.5,34.5,34.18,34.23,449920
VGV.TO,20240523,21.87,21.87,21.87,21.87,578
VGZ.TO,20240523,0.7,0.71,0.69,0.71,6000
VHI.TO,20240523,7,7.01,6.93,6.97,27725
VI.TO,20240523,40.47,40.47,40.04,40.1,5949
VIDY.TO,20240523,31.55,31.56,31.24,31.24,17277
VIU.TO,20240523,35.1,35.1,34.73,34.77,83843
VLB.TO,20240523,20.68,20.68,20.54,20.58,16686
VLE.TO,20240523,4.82,4.94,4.8,4.92,309591
VLN.TO,20240523,5.71,5.87,5.61,5.87,2450
VMO.TO,20240523,57.33,57.57,57.08,57.13,3535
VNP.TO,20240523,5.41,5.6,5.41,5.44,128093
VOXR.TO,20240523,3.1,3.19,2.98,3.18,37800
VQS.TO,20240523,0.215,0.225,0.205,0.215,36000
VRE.TO,20240523,29.15,29.15,28.75,28.77,3521
VRIF.TO,20240523,24.16,24.16,24.07,24.07,4213
VRN.TO,20240523,11.56,11.74,11.31,11.4,3604271
VRTS.TO,20240523,0.025,0.03,0.025,0.025,62384
VSB.TO,20240523,22.66,22.66,22.65,22.66,9818
VSC.TO,20240523,23.33,23.33,23.31,23.31,17272
VSP.TO,20240523,87,87,85.68,85.83,44861
VUN.TO,20240523,97.9,97.9,96.88,97.02,73126
VUS.TO,20240523,93.61,93.61,92.48,92.57,14227
VVL.TO,20240523,49.51,49.54,49.09,49.21,7268
VXC.TO,20240523,58.67,58.67,58.13,58.21,20404
VXM.TO,20240523,34.71,34.71,34.71,34.71,601
WCN.TO,20240523,227.39,227.72,225.38,225.99,199873
WCP.TO,20240523,10.45,10.51,10.26,10.28,1908350
WDO.TO,20240523,11,11.24,10.8,10.86,512410
WEED.TO,20240523,13.05,13.08,12.18,12.53,1281170
WEF.TO,20240523,0.5,0.52,0.49,0.52,380001
WELL.TO,20240523,3.78,3.8,3.71,3.71,371188
WELL.DB.TO,20240523,93.99,93.99,93.99,93.99,4000
WFC.TO,20240523,20.03,20.1,20.03,20.09,1200
WFG.TO,20240523,111.74,112.52,110.55,111.55,75044
WILD.TO,20240523,1.05,1.06,1.03,1.03,57000
WJX.TO,20240523,26.48,26.53,25.85,25.9,27035
WLLW.TO,20240523,0.09,0.09,0.08,0.08,136208
WM.TO,20240523,0.1,0.1,0.095,0.1,430400
WN.TO,20240523,194.74,195.39,192.69,194.79,112495
WN.PR.A.TO,20240523,22.76,22.93,22.76,22.91,5752
WN.PR.C.TO,20240523,20.67,20.75,20.61,20.75,3750
WN.PR.D.TO,20240523,20.72,20.75,20.62,20.75,6350
WN.PR.E.TO,20240523,19.15,19.29,19.15,19.16,1275
WNDR.TO,20240523,0.23,0.23,0.22,0.225,615129
WOMN.TO,20240523,33.7,33.7,33.58,33.58,200
WPK.TO,20240523,44.59,44.72,43.57,43.9,31279
WPM.TO,20240523,77.19,77.97,76.08,76.47,580287
WPRT.TO,20240523,8.38,8.38,7.77,7.86,5704
WRG.TO,20240523,2.72,2.75,2.72,2.75,425
WRN.TO,20240523,1.99,1.99,1.9,1.9,129529
WRX.TO,20240523,0.085,0.085,0.085,0.085,14000
WSP.TO,20240523,208.72,209.16,206.48,207,193055
WSRD.TO,20240523,29.28,29.32,29.25,29.26,3938
WSRI.TO,20240523,40.59,40.59,40.37,40.37,348
WTE.TO,20240523,23.32,23.39,22.86,22.86,136725
WXM.TO,20240523,26.79,26.82,26.79,26.82,2500
X.TO,20240523,36.92,37.14,36.57,36.63,785645
XAGH.TO,20240523,32.79,32.84,32.79,32.84,881
XAM.TO,20240523,0.06,0.065,0.06,0.065,96250
XAU.TO,20240523,7.79,7.79,7.65,7.66,7700
XAW.TO,20240523,40.98,40.98,40.61,40.66,36089
XAW.U.TO,20240523,30.01,30.01,29.97,29.97,600
XBAL.TO,20240523,28.38,28.38,28.16,28.23,27072
XBB.TO,20240523,27.37,27.41,27.31,27.31,62219
XBM.TO,20240523,23.25,23.32,22.86,22.95,59791
XCB.TO,20240523,19.4,19.4,19.35,19.36,129582
XCBG.TO,20240523,36.29,36.29,36.29,36.29,200
XCBU.TO,20240523,34.56,34.56,34.56,34.56,1000
XCD.TO,20240523,51.37,51.37,51.37,51.37,224
XCG.TO,20240523,49.42,49.42,49.08,49.14,930
XCH.TO,20240523,18.25,18.27,18.01,18.05,114918
XCHP.TO,20240523,57.28,57.28,55.51,55.51,2813
XCLN.TO,20240523,32.81,33.22,32.81,33.15,550
XCNS.TO,20240523,22.28,22.28,22.24,22.25,8916
XCS.TO,20240523,19.73,19.8,19.46,19.46,27691
XCSR.TO,20240523,63.94,63.99,63.81,63.99,917
XCV.TO,20240523,35.91,35.91,35.56,35.56,5820
XDG.TO,20240523,25.76,25.76,25.65,25.65,2850
XDGH.TO,20240523,26.27,26.27,25.96,25.96,2070
XDIV.TO,20240523,27.45,27.47,26.98,27.1,88764
XDSR.TO,20240523,59.01,59.01,58.9,58.9,526
XDU.TO,20240523,29.26,29.26,28.99,29,13577
XDV.TO,20240523,27.72,27.74,27.4,27.54,43228
XEB.TO,20240523,15.68,15.68,15.59,15.6,2000
XEC.TO,20240523,28.58,28.61,28.42,28.46,24658
XEF.TO,20240523,38.35,38.37,38.05,38.12,126468
XEF.U.TO,20240523,27.95,27.95,27.71,27.71,1500
XEG.TO,20240523,19.06,19.25,18.81,18.88,1219316
XEH.TO,20240523,33.83,33.83,33.73,33.73,2146
XEI.TO,20240523,25.86,25.86,25.47,25.57,65533
XEM.TO,20240523,32.73,32.73,32.54,32.54,3300
XEMC.TO,20240523,47.63,47.63,47.63,47.63,193
XEN.TO,20240523,33.85,33.85,33.52,33.52,4250
XEQT.TO,20240523,30.91,30.91,30.58,30.64,230811
XESG.TO,20240523,27.09,27.09,26.89,26.9,7537
XEU.TO,20240523,31.34,31.34,31.08,31.08,674
XEXP.TO,20240523,49.38,49.38,49.38,49.38,413
XFH.TO,20240523,32.78,32.78,32.49,32.54,13108
XFLB.TO,20240523,46.94,46.94,46.88,46.88,6300
XFN.TO,20240523,50.42,50.52,49.86,50.05,216477
XFR.TO,20240523,20.07,20.08,20.07,20.07,13608
XGB.TO,20240523,18.81,18.81,18.75,18.77,56866
XGD.TO,20240523,20.5,20.55,20.2,20.25,464747
XGI.TO,20240523,52.85,53.06,52.82,52.82,14141
XGRO.TO,20240523,28.17,28.17,27.9,27.94,88346
XHAK.TO,20240523,46,46,46,46,131
XHB.TO,20240523,19.05,19.05,19.01,19.04,11950
XHC.TO,20240523,72.6,72.6,72,72.04,3221
XHD.TO,20240523,32.51,32.51,32.13,32.13,1576
XHU.TO,20240523,30.48,30.5,30.37,30.37,700
XHY.TO,20240523,16.36,16.36,16.24,16.24,5040
XIC.TO,20240523,35.81,35.81,35.37,35.48,325551
XID.TO,20240523,53.8,54,53.8,54,1568
XIG.TO,20240523,19.73,19.73,19.64,19.65,10908
XIGS.TO,20240523,36.81,36.81,36.79,36.79,650
XIN.TO,20240523,37.3,37.3,36.94,36.97,10637
XIT.TO,20240523,50.8,50.8,50.21,50.21,8630
XIU.TO,20240523,33.85,33.86,33.41,33.51,3216144
XLB.TO,20240523,18.84,18.84,18.72,18.76,77514
XLY.TO,20240523,0.05,0.05,0.045,0.05,31022
XMA.TO,20240523,20.9,21.05,20.68,20.73,148066
XMC.TO,20240523,31.21,31.31,31.07,31.13,29289
XMD.TO,20240523,34.83,34.83,34.36,34.39,2003
XMF.PR.B.TO,20240523,5.03,5.03,5.03,5.03,800
XMF.PR.C.TO,20240523,2.76,2.76,2.76,2.76,10000
XMH.TO,20240523,27.14,27.14,26.57,26.6,9100
XMI.TO,20240523,37.28,37.28,37.14,37.14,1227
XML.TO,20240523,26.99,26.99,26.86,26.86,3700
XMM.TO,20240523,28.18,28.21,28.18,28.21,1131
XMS.TO,20240523,34.73,34.73,34.73,34.73,237
XMU.TO,20240523,77.18,77.18,76.41,76.41,511
XMV.TO,20240523,42.11,42.11,41.94,41.94,1238
XMW.TO,20240523,50.8,50.81,50.7,50.7,880
XPF.TO,20240523,14.94,14.94,14.78,14.78,434
XQB.TO,20240523,18.43,18.43,18.39,18.39,27288
XQLT.TO,20240523,37.25,37.31,37.09,37.13,2010
XQQ.TO,20240523,143.49,143.5,140.9,141.33,49113
XQQU.TO,20240523,61.44,61.44,60.82,60.82,875
XQQU.U.TO,20240523,44.34,44.34,44.34,44.34,100
XRB.TO,20240523,21.86,21.97,21.86,21.92,15372
XRE.TO,20240523,15.06,15.06,14.84,14.89,141906
XSAB.TO,20240523,17.56,17.57,17.56,17.57,1987
XSB.TO,20240523,26.04,26.04,26.01,26.03,43256
XSC.TO,20240523,17.64,17.64,17.64,17.64,218
XSE.TO,20240523,17.6,17.6,17.54,17.54,505
XSEA.TO,20240523,26.45,26.45,26.26,26.26,3508
XSH.TO,20240523,18.38,18.39,18.37,18.38,49366
XSHU.TO,20240523,41.29,41.3,41.29,41.3,4100
XSHU.U.TO,20240523,29.96,29.96,29.96,29.96,100
XSMC.TO,20240523,30.04,30.05,29.93,29.93,1448
XSMH.TO,20240523,27.15,27.15,26.78,26.78,2100
XSP.TO,20240523,56.02,56.02,55.19,55.29,246144
XST.TO,20240523,96.5,97.06,96.5,96.97,2414
XSTB.TO,20240523,19.13,19.13,19.13,19.13,1171
XSU.TO,20240523,40.32,40.36,39.41,39.59,35416
XSUS.TO,20240523,38.57,38.66,38.39,38.41,8151
XTC.TO,20240523,7.96,8,7.95,7.97,20552
XTD.TO,20240523,2.32,2.38,2.32,2.38,3800
XTD.PR.A.TO,20240523,10,10,9.98,10,47600
XTG.TO,20240523,1.32,1.32,1.31,1.31,1900
XTLH.TO,20240523,34.5,34.5,34.23,34.28,26773
XTLT.TO,20240523,35.46,35.55,35.35,35.5,14551
XTR.TO,20240523,10.69,10.69,10.63,10.63,15600
XTRA.TO,20240523,0.5,0.5,0.48,0.5,54527
XUH.TO,20240523,44.23,44.23,43.66,43.72,7551
XUS.TO,20240523,90.72,90.72,89.85,89.95,28722
XUS.U.TO,20240523,67.36,67.36,66.39,66.39,1488
XUSR.TO,20240523,79.68,80.06,79.68,79.81,413
XUT.TO,20240523,26.13,26.15,25.69,25.81,359919
XUU.TO,20240523,53.93,53.93,53.41,53.48,14687
XUU.U.TO,20240523,39.53,39.58,39.18,39.18,1027
XWD.TO,20240523,86.85,86.85,86,86.14,6687
Y.TO,20240523,9.5,9.5,9.48,9.49,15088
YGR.TO,20240523,1.19,1.19,1.15,1.15,49854
YRB.TO,20240523,0.04,0.045,0.04,0.045,11799
ZACE.TO,20240523,40.87,40.87,40.87,40.87,100
ZAG.TO,20240523,13.47,13.47,13.43,13.45,142970
ZBAL.TO,20240523,37.85,37.85,37.5,37.5,1400
ZBAL.T.TO,20240523,29.02,29.04,29.02,29.04,951
ZBK.TO,20240523,29.83,29.83,29.35,29.48,56897
ZCB.TO,20240523,45.71,45.71,45.62,45.7,4300
ZCH.TO,20240523,14.3,14.3,14.13,14.14,14234
ZCLN.TO,20240523,15.67,15.67,15.4,15.42,3922
ZCM.TO,20240523,14.85,14.85,14.83,14.83,3263
ZCN.TO,20240523,30.01,30.06,29.69,29.78,76283
ZCON.TO,20240523,33.45,33.45,33.37,33.37,710
ZCPB.TO,20240523,27.12,27.12,27.12,27.12,4104
ZCS.TO,20240523,13.45,13.45,13.43,13.43,14615
ZDB.TO,20240523,14.52,14.54,14.5,14.5,37611
ZDH.TO,20240523,28.1,28.1,27.85,27.88,8168
ZDI.TO,20240523,24.45,24.45,24.28,24.29,4252
ZDJ.TO,20240523,61.7,61.7,60.74,60.74,3831
ZDM.TO,20240523,30.36,30.36,30.03,30.03,20041
ZDV.TO,20240523,20.75,20.75,20.5,20.56,36257
ZDY.TO,20240523,41.45,41.45,41.02,41.02,3512
ZEA.TO,20240523,23.2,23.31,23.09,23.09,24268
ZEB.TO,20240523,36.52,36.61,36.05,36.2,1733771
ZEF.TO,20240523,12.22,12.22,12.2,12.21,1006
ZEM.TO,20240523,21.18,21.22,21.1,21.1,40988
ZEO.TO,20240523,72.92,73,71.64,71.72,6636
ZEQ.TO,20240523,32.27,32.27,31.95,32.06,7411
ZEQT.TO,20240523,47.38,47.38,46.87,46.87,2312
ZESG.TO,20240523,35.67,35.67,35.53,35.53,1703
ZFH.TO,20240523,14.85,14.85,14.78,14.78,1226
ZFL.TO,20240523,12.68,12.68,12.61,12.64,77934
ZFM.TO,20240523,14.16,14.16,14.14,14.14,2320
ZFN.TO,20240523,49.33,49.33,49.16,49.19,1700
ZFS.TO,20240523,13.43,13.44,13.43,13.44,2300
ZGB.TO,20240523,44.48,44.48,44.42,44.42,407
ZGD.TO,20240523,92.94,92.94,91.8,91.8,972
ZGI.TO,20240523,44.24,44.24,43.42,43.42,17250
ZGLD.TO,20240523,34.83,35,34.56,34.56,5700
ZGQ.TO,20240523,65.25,65.54,65,65.21,19263
ZGRN.TO,20240523,35.9,35.9,35.9,35.9,300
ZGRO.TO,20240523,42.38,42.38,41.98,41.98,4168
ZGRO.T.TO,20240523,33.14,33.14,33.14,33.14,277
ZGSB.TO,20240523,26.71,26.73,26.71,26.73,1700
ZHP.TO,20240523,18.19,18.19,17.98,17.98,2800
ZHU.TO,20240523,42.99,42.99,42.99,42.99,3100
ZHY.TO,20240523,11.11,11.11,11.04,11.05,3039
ZIC.TO,20240523,17.32,17.42,17.32,17.42,2300
ZIC.U.TO,20240523,12.85,12.85,12.85,12.85,700
ZID.TO,20240523,48.27,48.5,48.22,48.49,965
ZIU.TO,20240523,51.14,51.14,51.14,51.14,136
ZJG.TO,20240523,80.77,80.77,80.21,80.21,403
ZJK.TO,20240523,18.1,18.1,18.04,18.04,1439
ZJK.U.TO,20240523,17.18,17.18,17.18,17.18,400
ZJPN.TO,20240523,34.25,34.25,34,34,3068
ZJPN.F.TO,20240523,47.05,47.05,46.63,46.63,900
ZLB.TO,20240523,44.22,44.22,43.79,43.92,51142
ZLC.TO,20240523,14.91,14.92,14.85,14.85,23261
ZLD.TO,20240523,26.92,26.92,26.72,26.72,4810
ZLH.TO,20240523,32.34,32.34,32.34,32.34,869
ZLI.TO,20240523,24.66,24.66,24.49,24.49,8600
ZLU.TO,20240523,50.13,50.13,49.64,49.64,2078
ZMBS.TO,20240523,29.26,29.26,29.26,29.26,104
ZMI.TO,20240523,16.69,16.69,16.6,16.61,8513
ZMI.U.TO,20240523,27.35,27.35,27.35,27.35,200
ZMID.TO,20240523,43.47,43.47,43.47,43.47,1181
ZMMK.TO,20240523,50.06,50.07,50.06,50.06,124217
ZMP.TO,20240523,13.37,13.38,13.36,13.38,2900
ZMT.TO,20240523,71,71,69.89,69.89,2750
ZMU.TO,20240523,12.41,12.47,12.41,12.46,14543
ZNQ.TO,20240523,83.38,83.48,82.5,82.66,7112
ZNQ.U.TO,20240523,41.02,41.02,40.58,40.58,605
ZPAY.TO,20240523,31.38,31.38,31.29,31.3,6952
ZPAY.F.TO,20240523,28.86,28.87,28.77,28.77,400
ZPAY.U.TO,20240523,29.81,29.81,29.81,29.81,1000
ZPH.TO,20240523,15.08,15.08,15,15,851
ZPL.TO,20240523,12.15,12.15,12.08,12.13,42404
ZPR.TO,20240523,10.2,10.31,10.18,10.3,151055
ZPS.TO,20240523,12.01,12.01,12,12.01,10614
ZPW.TO,20240523,15.99,15.99,15.97,15.97,4000
ZQB.TO,20240523,28.07,28.07,28.07,28.07,100
ZQQ.TO,20240523,132.68,132.77,130.39,130.88,39423
ZRE.TO,20240523,20.2,20.2,19.9,19.96,27298
ZRR.TO,20240523,14,14.02,13.96,13.96,718
ZSB.TO,20240523,47.28,47.28,47.28,47.28,200
ZSDB.TO,20240523,29.5,29.5,29.5,29.5,993
ZSP.TO,20240523,79.77,79.77,79.04,79.19,208847
ZSP.U.TO,20240523,58.08,58.23,57.6,57.6,1209
ZST.TO,20240523,48.91,48.92,48.9,48.91,13060
ZST.L.TO,20240523,58.66,58.67,58.66,58.67,3661
ZSU.TO,20240523,13.19,13.19,13.18,13.18,700
ZTIP.TO,20240523,31.37,31.39,31.37,31.38,725
ZUB.TO,20240523,27.29,27.29,26.75,26.83,81106
ZUCM.TO,20240523,30.44,30.55,30.44,30.55,901
ZUCM.U.TO,20240523,30.1,30.1,30.1,30.1,225
ZUD.TO,20240523,28.47,28.47,28.31,28.31,2935
ZUE.TO,20240523,74.23,74.23,73.06,73.14,4253
ZUH.TO,20240523,70.34,70.34,69.35,69.38,654
ZUP.TO,20240523,20.5,20.5,20.5,20.5,1168
ZUQ.TO,20240523,79.4,79.44,78.77,78.95,24410
ZUQ.F.TO,20240523,49.16,49.16,49.16,49.16,100
ZUQ.U.TO,20240523,50.86,50.86,50.77,50.83,700
ZUS.U.TO,20240523,46.9,46.9,46.9,46.9,300
ZUT.TO,20240523,20.38,20.38,20.02,20.16,166184
ZVC.TO,20240523,28.2,28.2,28.2,28.2,100
ZVU.TO,20240523,28.29,28.29,28.28,28.28,600
ZWA.TO,20240523,25.79,25.79,25.45,25.45,2619
ZWB.TO,20240523,18.15,18.2,17.97,18.05,128648
ZWC.TO,20240523,17.6,17.6,17.4,17.46,44242
ZWE.TO,20240523,21.32,21.32,21.07,21.07,17747
ZWEN.TO,20240523,30.56,30.56,30.33,30.36,4625
ZWG.TO,20240523,30.7,30.7,30.31,30.33,4954
ZWH.TO,20240523,23.5,23.5,23.34,23.34,23300
ZWH.U.TO,20240523,23.4,23.4,23.33,23.33,300
ZWHC.TO,20240523,29.46,29.46,29.36,29.36,1631
ZWK.TO,20240523,21.33,21.33,21.03,21.11,44274
ZWP.TO,20240523,18.59,18.66,18.5,18.61,3140
ZWQT.TO,20240523,16.61,16.61,16.61,16.61,100
ZWS.TO,20240523,20.33,20.33,20.33,20.33,500
ZWT.TO,20240523,44.99,45.14,44.6,44.69,3639
ZWU.TO,20240523,10.48,10.48,10.33,10.37,262894
