<ticker>,<date>,<open>,<high>,<low>,<close>,<vol>
AAB.TO,20240819,0.045,0.05,0.045,0.05,13000
AAUC.TO,20240819,3.34,3.48,3.25,3.48,110207
AAV.TO,20240819,9.66,9.78,9.54,9.54,276639
AAV.DB.TO,20240819,101.11,101.11,100.25,100.25,70000
ABX.TO,20240819,26.91,27.7,26.91,27.55,8233458
AC.TO,20240819,15.59,15.74,15.48,15.71,1194000
ACB.TO,20240819,9.52,9.64,9.17,9.26,490681
ACD.TO,20240819,4.21,4.22,4.06,4.06,2500
ACO.X.TO,20240819,44.59,44.64,44.38,44.41,211270
ACQ.TO,20240819,14.65,15.19,14.36,15,120702
ACX.TO,20240819,6.25,6.28,6.2,6.24,17680
AD.DB.A.TO,20240819,100.5,100.5,100.5,100.5,48000
AD.UN.TO,20240819,16.45,16.56,16.39,16.46,29201
ADCO.TO,20240819,0.2,0.2,0.2,0.2,19500
ADEN.TO,20240819,41.22,41.43,39.76,39.85,54121
ADN.TO,20240819,17.45,17.78,17.45,17.78,1744
ADW.A.TO,20240819,3.89,3.94,3.85,3.89,12919
AEM.TO,20240819,109,110.58,108.97,110.26,1551225
AFN.TO,20240819,55.55,55.55,54.73,55.04,32125
AFN.DB.G.TO,20240819,100,100,99.85,99.85,50000
AFN.DB.H.TO,20240819,100,100,100,100,46999
AFN.DB.I.TO,20240819,132,132,132,132,4000
AFN.DB.J.TO,20240819,104,104,104,104,6000
AG.TO,20240819,7.6,7.88,7.56,7.86,645168
AGF.B.TO,20240819,7.99,8,7.89,7.91,33605
AGI.TO,20240819,26.1,26.84,26.1,26.7,1179562
AI.TO,20240819,11.32,11.4,11.31,11.32,36110
AI.DB.D.TO,20240819,99.26,99.26,99.2,99.2,16000
AI.DB.E.TO,20240819,99.43,99.43,98.55,98.55,96000
AIDX.TO,20240819,1.98,2,1.91,1.92,229516
AIF.TO,20240819,53.01,53.61,52.8,53.29,58569
AIGO.TO,20240819,21.02,21.02,20.94,20.94,218
AII.TO,20240819,0.76,0.81,0.75,0.8,261417
AIM.TO,20240819,2.66,2.66,2.63,2.63,11118
AIM.PR.A.TO,20240819,16,16,16,16,200
AIM.PR.C.TO,20240819,18.59,18.59,17.25,17.25,700
AKT.A.TO,20240819,1.5,1.5,1.49,1.49,4320
ALA.TO,20240819,33.66,33.75,33.45,33.52,498222
ALA.PR.A.TO,20240819,19.1,19.28,19.1,19.28,11280
ALA.PR.B.TO,20240819,21.36,21.4,21.1,21.15,5800
ALC.TO,20240819,14.77,14.81,14.7,14.74,5456
ALS.TO,20240819,23,23.1,22.74,22.85,50107
ALYA.TO,20240819,1.93,1.96,1.92,1.94,10003
AMAX.TO,20240819,20.23,20.55,20.23,20.55,11842
AMC.TO,20240819,1.94,2,1.92,2,130776
AMM.TO,20240819,0.065,0.065,0.065,0.065,7443
AND.TO,20240819,39.8,40.22,39.7,40,9400
ANRG.TO,20240819,0.57,0.59,0.56,0.57,65619
AOI.TO,20240819,2.1,2.12,2.08,2.09,375414
AOT.TO,20240819,0.59,0.59,0.55,0.56,1038018
AP.UN.TO,20240819,16.91,17.25,16.84,17.16,317722
APLI.TO,20240819,0.04,0.04,0.04,0.04,5554
APR.UN.TO,20240819,10.5,10.89,10.48,10.89,40159
APS.TO,20240819,0.65,0.67,0.64,0.64,3225
AQN.TO,20240819,7.3,7.39,7.25,7.32,3317403
AQN.PR.A.TO,20240819,22.25,22.31,22.23,22.25,1610
AQN.PR.D.TO,20240819,23.5,23.52,23.48,23.52,1400
ARA.TO,20240819,0.5,0.51,0.5,0.5,4800
ARB.TO,20240819,26.25,26.25,26.21,26.21,5619
ARE.TO,20240819,17.8,18.06,17.8,17.93,203908
ARG.TO,20240819,1.75,1.77,1.7,1.74,260021
ARIS.TO,20240819,5.84,6.16,5.84,6.11,845574
ARIS.WT.A.TO,20240819,0.51,0.6,0.51,0.59,415000
ARR.TO,20240819,9.2,9.2,8.93,8.93,5723
ARTI.TO,20240819,10.5,10.55,10.5,10.55,590
ARX.TO,20240819,25.81,25.95,25.18,25.22,2932222
ASCU.TO,20240819,1.63,1.66,1.6,1.62,65700
ASM.TO,20240819,1.43,1.48,1.41,1.43,114070
ASND.TO,20240819,0.055,0.055,0.045,0.045,187000
ASTL.TO,20240819,13.3,13.39,13.05,13.17,95225
ASTL.WT.TO,20240819,2.16,2.16,2.06,2.07,22800
ATCU.TO,20240819,0.5,0.56,0.5,0.55,29594
ATD.TO,20240819,80,83.88,79.8,81.77,1668488
ATH.TO,20240819,5.59,5.66,5.49,5.53,2155058
ATRL.TO,20240819,55.15,55.48,54.28,54.5,156255
ATS.TO,20240819,36.56,37.67,36.4,37.31,193668
ATSX.TO,20240819,24.86,24.93,24.86,24.93,1600
ATZ.TO,20240819,44.81,45.24,44.32,44.47,229072
AUGB.F.TO,20240819,44.52,44.59,44.52,44.59,5700
AUMN.TO,20240819,0.48,0.48,0.48,0.48,1131
AVCN.TO,20240819,0.355,0.36,0.335,0.35,43351
AVL.TO,20240819,0.065,0.065,0.05,0.055,1136216
AVNT.TO,20240819,0.045,0.05,0.045,0.045,37428
AW.UN.TO,20240819,33.72,33.83,33.71,33.75,11289
AX.PR.E.TO,20240819,18.74,19.05,18.74,18.93,3150
AX.PR.I.TO,20240819,20.48,20.49,20.48,20.49,2400
AX.UN.TO,20240819,6.78,6.82,6.73,6.73,137688
AYA.TO,20240819,15.15,15.51,14.67,15.49,366768
BABY.TO,20240819,0.08,0.085,0.065,0.07,1148868
BAM.TO,20240819,55.92,56.12,55.08,55.33,666237
BANK.TO,20240819,7.24,7.3,7.24,7.28,96115
BASE.TO,20240819,24.87,24.87,24.8,24.8,1514
BASE.B.TO,20240819,25.81,25.81,25.81,25.81,208
BB.TO,20240819,3.19,3.34,3.19,3.26,1724916
BBD.A.TO,20240819,90,90,88.4,89.7,5730
BBD.B.TO,20240819,89.75,89.84,88.21,89.78,199144
BBD.PR.B.TO,20240819,17.45,17.55,17.45,17.55,1577
BBD.PR.C.TO,20240819,20.7,21.02,20.65,20.8,9483
BBU.UN.TO,20240819,26.52,27.5,26.52,27.19,35682
BBUC.TO,20240819,28.07,29.2,28.07,29.2,12265
BCE.TO,20240819,47,47.14,46.81,46.84,3693626
BCE.PR.A.TO,20240819,16.96,16.96,16.96,16.96,197
BCE.PR.B.TO,20240819,17.18,17.28,17.18,17.25,1737
BCE.PR.C.TO,20240819,17.31,17.35,17.31,17.35,1400
BCE.PR.D.TO,20240819,17.11,17.14,17.07,17.09,10535
BCE.PR.E.TO,20240819,16.96,17.11,16.96,17.1,11200
BCE.PR.F.TO,20240819,16.77,16.89,16.75,16.89,5871
BCE.PR.H.TO,20240819,17.1,17.14,17.06,17.1,3900
BCE.PR.J.TO,20240819,17.16,17.16,17.16,17.16,1000
BCE.PR.K.TO,20240819,15.1,15.1,15,15.02,7700
BCE.PR.L.TO,20240819,16.27,16.27,16.27,16.27,838
BCE.PR.M.TO,20240819,15.7,15.76,15.7,15.76,1000
BCE.PR.Q.TO,20240819,22.17,22.17,22.12,22.12,700
BCE.PR.R.TO,20240819,15.6,15.61,15.6,15.61,947
BCE.PR.S.TO,20240819,17.1,17.1,17.1,17.1,3600
BCE.PR.T.TO,20240819,17.06,17.06,17.06,17.06,400
BCE.PR.Y.TO,20240819,17.07,17.13,17.06,17.1,3950
BCT.TO,20240819,0.79,0.82,0.79,0.82,10499
BDGI.TO,20240819,37.29,37.43,36.96,37.05,32538
BDI.TO,20240819,10.05,10.07,9.85,9.89,50047
BDIV.TO,20240819,21.45,21.67,21.45,21.58,303
BDT.TO,20240819,24.72,24.77,24.23,24.45,129301
BEI.UN.TO,20240819,81.34,81.86,80.99,81.32,47596
BEP.PR.G.TO,20240819,23.99,24,23.99,24,1900
BEP.PR.M.TO,20240819,21.67,21.8,21.54,21.8,1500
BEP.PR.R.TO,20240819,19.75,19.75,19.75,19.75,800
BEP.UN.TO,20240819,33.24,33.69,32.78,32.81,279013
BEPC.TO,20240819,38.74,38.91,38.25,38.48,252765
BEPR.TO,20240819,9.14,9.14,9.12,9.12,1700
BEPR.U.TO,20240819,9.5,9.5,9.5,9.5,500
BESG.TO,20240819,16.14,16.14,16.12,16.12,400
BGI.UN.TO,20240819,4.6,4.64,4.58,4.59,30191
BHC.TO,20240819,7.83,7.91,7.81,7.83,170907
BIK.PR.A.TO,20240819,25.68,26.5,25.68,26.5,2000
BIP.PR.A.TO,20240819,21.95,22.11,21.95,22.07,3100
BIP.PR.E.TO,20240819,23.5,23.55,23.35,23.55,22300
BIP.PR.F.TO,20240819,22.8,22.8,22.61,22.61,1200
BIP.UN.TO,20240819,42.9,43.8,42.9,43.59,465012
BIPC.TO,20240819,52.83,53.68,52.8,53.52,163446
BIR.TO,20240819,6.19,6.3,6.1,6.12,1442366
BITF.TO,20240819,3.25,3.34,3.19,3.29,1890299
BITI.TO,20240819,5.2,5.24,5.14,5.15,69147
BK.TO,20240819,11.07,11.15,11.03,11.05,115778
BK.PR.A.TO,20240819,10.37,10.4,10.36,10.37,18911
BKCC.TO,20240819,13.88,13.94,13.88,13.92,8700
BKCL.TO,20240819,18.4,18.49,18.39,18.46,13197
BKI.TO,20240819,0.05,0.05,0.045,0.045,34000
BLCO.TO,20240819,21.8,22.07,21.64,21.9,1850
BLDP.TO,20240819,2.57,2.63,2.54,2.59,470760
BLN.TO,20240819,4.61,4.73,4.61,4.61,6290
BLX.TO,20240819,33.95,34.09,33.37,33.48,154983
BMAX.TO,20240819,13.76,13.82,13.71,13.82,15144
BMO.TO,20240819,117.16,118.2,117.15,117.83,4373051
BMO.PR.E.TO,20240819,25.95,26,25.95,25.95,2090
BMO.PR.W.TO,20240819,24.73,24.75,24.7,24.75,4700
BMO.PR.Y.TO,20240819,23.83,23.83,23.82,23.82,1200
BN.TO,20240819,63.65,64.38,63.65,64.01,1472579
BN.PF.A.TO,20240819,23.47,23.65,23.47,23.65,14222
BN.PF.B.TO,20240819,21.55,21.7,20.99,20.99,13000
BN.PF.C.TO,20240819,19.65,19.66,19.65,19.65,2000
BN.PF.D.TO,20240819,19.9,19.9,19.7,19.7,114500
BN.PF.F.TO,20240819,20.18,20.18,20.08,20.18,3700
BN.PF.G.TO,20240819,18.72,19.21,18.72,19.21,3346
BN.PF.H.TO,20240819,24.25,24.25,24.12,24.12,400
BN.PF.I.TO,20240819,23.2,23.57,23.2,23.57,3402
BN.PF.J.TO,20240819,23.5,23.78,23.47,23.78,6600
BN.PF.K.TO,20240819,15.01,15.1,15.01,15.1,700
BN.PF.L.TO,20240819,12.59,12.59,12.59,12.59,100
BN.PR.B.TO,20240819,11.75,11.75,11.75,11.75,1764
BN.PR.C.TO,20240819,11.7,11.75,11.7,11.75,1100
BN.PR.K.TO,20240819,11.61,11.71,11.61,11.7,20600
BN.PR.M.TO,20240819,19.59,19.59,19.57,19.57,800
BN.PR.N.TO,20240819,19.57,19.57,19.54,19.54,1050
BN.PR.R.TO,20240819,16.6,16.6,16.5,16.5,1700
BN.PR.T.TO,20240819,16.84,16.84,16.83,16.83,2600
BN.PR.X.TO,20240819,16.63,16.63,16.62,16.62,1167
BN.PR.Z.TO,20240819,21.5,21.6,21.5,21.59,30500
BNC.TO,20240819,25.8,25.89,25.8,25.89,440
BND.TO,20240819,17.85,17.87,17.83,17.87,5626
BNE.TO,20240819,4.68,4.68,4.57,4.6,51970
BNG.TO,20240819,0.02,0.02,0.02,0.02,1386
BNK.TO,20240819,11.18,11.18,10.61,10.82,7562
BNK.PR.A.TO,20240819,10.4,10.4,10.4,10.4,1300
BNKL.TO,20240819,22.29,22.3,22.29,22.3,918
BNS.TO,20240819,64.52,64.99,64.52,64.96,2585968
BOND.TO,20240819,21.05,21.12,21.05,21.09,10298
BOS.TO,20240819,4.11,4.13,4.01,4.04,8712
BPF.UN.TO,20240819,17.05,17.22,17.02,17.11,50043
BPO.PR.A.TO,20240819,13.25,13.26,13.1,13.1,13330
BPO.PR.C.TO,20240819,16.82,16.85,16.82,16.85,700
BPO.PR.E.TO,20240819,14.11,14.29,13.85,13.9,6236
BPO.PR.G.TO,20240819,14.98,15.2,14.98,15.11,4643
BPO.PR.I.TO,20240819,14.3,14.41,14.3,14.4,4100
BPO.PR.N.TO,20240819,11.89,12,11.8,11.8,14246
BPO.PR.P.TO,20240819,11.85,12,11.85,11.97,6363
BPO.PR.R.TO,20240819,12.56,12.63,12.56,12.57,8926
BPO.PR.T.TO,20240819,14.96,15,14.74,14.8,8701
BPO.PR.W.TO,20240819,9.29,9.33,9.29,9.33,1775
BPO.PR.X.TO,20240819,9.3,9.3,9.3,9.3,500
BPO.PR.Y.TO,20240819,9.4,9.4,9.4,9.4,100
BPRF.TO,20240819,22.83,22.83,22.83,22.83,2100
BPS.PR.C.TO,20240819,24.9,24.9,24.9,24.9,200
BPYP.PR.A.TO,20240819,21.2,21.3,21.2,21.3,2209
BR.TO,20240819,1.14,1.14,1.08,1.08,419
BRAG.TO,20240819,6.6,6.6,6.4,6.48,13333
BRE.TO,20240819,13.2,13.29,13.1,13.17,4545
BREA.TO,20240819,25.91,26.05,25.88,26.05,500
BRF.PR.B.TO,20240819,17.96,17.96,17.96,17.96,100
BRF.PR.C.TO,20240819,21.44,21.77,21.44,21.77,2400
BRF.PR.E.TO,20240819,18.93,18.99,18.93,18.99,1450
BRF.PR.F.TO,20240819,18.97,19.07,18.97,19.07,300
BRMI.TO,20240819,1,1.03,1,1.01,101140
BRY.TO,20240819,0.27,0.27,0.27,0.27,4650
BSKT.TO,20240819,8.7,8.74,8.7,8.74,33400
BSX.TO,20240819,0.05,0.05,0.045,0.05,62475
BTB.DB.G.TO,20240819,99.53,99.53,99.01,99.01,3416000
BTB.DB.H.TO,20240819,101,101,101,101,9000
BTB.UN.TO,20240819,3.28,3.28,3.26,3.27,63916
BTCC.TO,20240819,10.97,11.09,10.87,11.01,150944
BTCC.B.TO,20240819,11.44,11.52,11.29,11.47,312341
BTCC.U.TO,20240819,10.62,10.68,10.52,10.67,24823
BTCQ.TO,20240819,12.83,12.87,12.69,12.85,29442
BTCX.B.TO,20240819,11.86,11.94,11.71,11.88,127658
BTCX.U.TO,20240819,10.98,11.02,10.89,11,10247
BTCY.TO,20240819,5.88,5.88,5.76,5.85,19466
BTCY.B.TO,20240819,6.85,6.85,6.74,6.77,2285
BTCY.U.TO,20240819,5.67,5.7,5.66,5.69,421
BTE.TO,20240819,4.89,5.03,4.87,4.88,5205178
BTO.TO,20240819,3.68,3.79,3.67,3.75,3636694
BU.TO,20240819,0.185,0.185,0.175,0.185,34688
BUI.TO,20240819,2.4,2.4,2.4,2.4,500
BXF.TO,20240819,10.11,10.11,10.1,10.1,496
BYD.TO,20240819,218.9,225.93,218.11,224.61,67852
BYL.TO,20240819,0.255,0.27,0.255,0.265,136400
CACB.TO,20240819,19.94,19.97,19.94,19.96,14270
CAE.TO,20240819,23.91,24.16,23.77,24.02,466837
CAFR.TO,20240819,19.85,19.85,19.85,19.85,370
CALL.TO,20240819,12.73,12.74,12.69,12.74,7354
CALL.B.TO,20240819,16.25,16.29,16.24,16.29,1400
CANL.TO,20240819,23.06,23.06,23.06,23.06,200
CAR.UN.TO,20240819,49.75,50.31,49.64,49.98,226890
CARB.TO,20240819,7.55,7.55,7.55,7.55,260
CARS.TO,20240819,18.7,18.98,18.7,18.97,2540
CAS.TO,20240819,9.27,9.32,9.2,9.24,105584
CASH.TO,20240819,50.11,50.11,50.1,50.11,238930
CBH.TO,20240819,17.67,17.7,17.67,17.7,3400
CBIL.TO,20240819,50.07,50.07,50.06,50.07,48158
CBNK.TO,20240819,7.39,7.55,7.39,7.41,38110
CBO.TO,20240819,18.13,18.13,18.11,18.12,2319
CCA.TO,20240819,63.78,65.21,63.78,65.05,57820
CCBI.TO,20240819,18.26,18.26,18.26,18.26,2600
CCL.B.TO,20240819,77.98,78.96,77.26,77.41,290813
CCM.TO,20240819,0.3,0.3,0.28,0.285,95000
CCNS.TO,20240819,18.23,18.23,18.23,18.23,500
CCO.TO,20240819,55.48,56.85,55.43,56.21,964608
CCOM.TO,20240819,18.79,18.79,18.79,18.79,1072
CCRE.TO,20240819,17.96,17.96,17.89,17.9,6050
CCS.PR.C.TO,20240819,20.55,20.79,20.55,20.77,1659
CDIV.TO,20240819,14.23,14.35,14.23,14.3,5729
CDR.TO,20240819,2.07,2.22,1.95,1.95,122182
CDZ.TO,20240819,33.34,33.5,33.34,33.38,11083
CEE.TO,20240819,2.2,2.25,2.2,2.25,7536
CEF.TO,20240819,31.57,31.85,31.57,31.85,79001
CEF.U.TO,20240819,23.08,23.35,23.07,23.07,18050
CEMX.TO,20240819,0.36,0.365,0.34,0.365,235950
CEU.TO,20240819,7.82,7.98,7.78,7.86,668677
CEW.TO,20240819,17.79,17.93,17.79,17.87,10115
CF.TO,20240819,8.06,8.46,8.05,8.44,249115
CF.PR.A.TO,20240819,15.65,15.65,15.65,15.65,800
CF.PR.C.TO,20240819,20.6,20.7,20.6,20.7,400
CFF.TO,20240819,0.5,0.6,0.38,0.43,166795
CFP.TO,20240819,14.56,15.25,14.56,14.99,179726
CFW.TO,20240819,4.2,4.2,4.07,4.08,14888
CFX.TO,20240819,0.86,0.86,0.86,0.86,750
CG.TO,20240819,9.81,10.03,9.79,9.95,1312911
CGAA.TO,20240819,27.06,27.06,27.06,27.06,255
CGG.TO,20240819,7.31,7.31,7.19,7.25,9901
CGI.TO,20240819,39.02,39.85,39.02,39.78,5608
CGL.TO,20240819,19.82,19.94,19.79,19.94,38141
CGL.C.TO,20240819,28.76,28.86,28.76,28.86,5885
CGLO.TO,20240819,28.96,29.02,28.89,28.93,3500
CGO.TO,20240819,53.06,54.74,52.62,54.74,27470
CGR.TO,20240819,30.4,30.51,30.4,30.49,1492
CGRE.TO,20240819,21.99,21.99,21.99,21.99,100
CGX.TO,20240819,10.53,10.58,10.44,10.53,201672
CGXF.TO,20240819,11.07,11.28,11.07,11.28,10983
CGY.TO,20240819,46.9,46.9,46.34,46.5,9677
CHE.DB.E.TO,20240819,101,101,101,101,9000
CHE.DB.H.TO,20240819,102.06,102.25,102,102.25,175000
CHE.UN.TO,20240819,10,10.03,9.75,9.87,412545
CHP.UN.TO,20240819,14.2,14.23,14.05,14.1,321712
CHPS.TO,20240819,40,40.71,39.55,40.7,7159
CHR.TO,20240819,2.52,2.56,2.52,2.54,184006
CHR.DB.B.TO,20240819,99.6,99.6,99.6,99.6,5000
CHR.DB.C.TO,20240819,99.9,100,99.9,100,100000
CIA.TO,20240819,5.3,5.37,5.21,5.36,502918
CIAI.TO,20240819,22.26,22.52,22.2,22.52,3609
CIBR.TO,20240819,46.05,46.26,46.05,46.26,215
CIC.TO,20240819,11.04,11.11,11.04,11.11,21022
CIEH.TO,20240819,20.89,21.15,20.89,21.15,400
CIEI.TO,20240819,23.73,23.73,23.73,23.73,200
CIF.TO,20240819,44.3,44.44,44.28,44.38,2746
CIGI.TO,20240819,189.91,191.84,188.87,191.46,57626
CIU.PR.C.TO,20240819,13.46,13.46,13.46,13.46,100
CIX.TO,20240819,16.48,16.66,16.45,16.62,673864
CJ.TO,20240819,6.95,7.08,6.92,6.93,1336191
CJR.B.TO,20240819,0.14,0.15,0.13,0.135,2411446
CJT.TO,20240819,125.06,126,123.47,123.67,98395
CJT.DB.E.TO,20240819,99.8,100,99.8,100,725000
CJT.DB.F.TO,20240819,99.9,99.9,99.5,99.5,128000
CKI.TO,20240819,24.98,24.98,24,24,2700
CLF.TO,20240819,17.28,17.28,17.27,17.27,11401
CLG.TO,20240819,17.24,17.25,17.23,17.24,11100
CLS.TO,20240819,74.53,74.94,72.68,73.76,405731
CM.TO,20240819,71.99,72.83,71.99,72.55,2692094
CM.PR.P.TO,20240819,23.77,24,23.77,24,9500
CM.PR.S.TO,20240819,25,25.1,25,25.05,12247
CMAR.TO,20240819,18.28,18.29,18.27,18.29,2360
CMCX.B.TO,20240819,11.27,11.28,11.27,11.28,1316
CMDO.TO,20240819,19.46,19.48,19.46,19.48,3195
CMDO.U.TO,20240819,19.69,19.69,19.69,19.69,500
CMG.TO,20240819,12.79,12.79,12.58,12.64,57954
CMGG.TO,20240819,28.8,28.89,28.8,28.89,35004
CMGG.U.TO,20240819,29.7,29.7,29.7,29.7,100
CMOM.B.TO,20240819,25.03,25.03,25.03,25.03,100
CMR.TO,20240819,50.16,50.16,50.15,50.16,28526
CNCC.TO,20240819,12.13,12.15,12.12,12.12,3450
CNCL.TO,20240819,19.42,19.65,19.42,19.63,7975
CNDX.TO,20240819,25.9,26.07,25.9,26.01,3600
CNE.TO,20240819,4.35,4.35,4.24,4.34,19883
CNL.TO,20240819,4.29,4.5,4.24,4.48,28841
CNQ.TO,20240819,50.01,50.58,49.72,49.9,17988340
CNR.TO,20240819,155,155.6,154.4,155.04,980941
CNT.TO,20240819,0.03,0.03,0.03,0.03,9000
COG.TO,20240819,0.41,0.41,0.39,0.39,37001
COMM.TO,20240819,35.24,35.24,35.21,35.21,603
COP.U.TO,20240819,8.46,8.5,8.46,8.5,1005
COP.UN.TO,20240819,11.63,11.63,11.55,11.55,1518
COPP.TO,20240819,34.02,34.02,34.02,34.02,104
COPR.TO,20240819,0.28,0.31,0.275,0.275,167642
CORE.TO,20240819,20.02,20.05,20.02,20.05,4510
COW.TO,20240819,61.07,61.41,61.07,61.3,1964
CP.TO,20240819,108.18,108.74,107.78,108.6,943155
CPD.TO,20240819,12.2,12.25,12.2,12.23,36858
CPH.TO,20240819,14.84,16.1,14.83,16.01,81330
CPLS.TO,20240819,17.99,17.99,17.98,17.98,1901
CPX.TO,20240819,43.33,43.43,43.11,43.17,206726
CPX.PR.A.TO,20240819,15.34,15.35,15.34,15.34,1900
CPX.PR.C.TO,20240819,24.5,24.62,24.5,24.62,1500
CPX.PR.E.TO,20240819,23.44,23.75,23.44,23.62,1200
CRDL.TO,20240819,2.78,2.78,2.58,2.67,136393
CRED.TO,20240819,19.9,19.9,19.9,19.9,100
CRON.TO,20240819,3.35,3.35,3.2,3.28,77708
CROP.TO,20240819,18.21,18.21,18.2,18.21,3600
CRP.TO,20240819,2.7,2.75,2.6,2.75,11600
CRR.UN.TO,20240819,13.85,14.13,13.85,14.03,144904
CRRX.TO,20240819,2.06,2.09,2.05,2.09,7009
CRT.UN.TO,20240819,14.61,14.63,14.47,14.49,82003
CRWN.TO,20240819,1.35,1.35,1.25,1.25,1500
CRWN.NT.TO,20240819,37.25,37.25,37.25,37.25,19000
CS.TO,20240819,9.4,9.63,9.3,9.61,1959788
CSAV.TO,20240819,50.15,50.16,50.15,50.16,54678
CSBI.TO,20240819,20.46,20.46,20.46,20.46,1800
CSCI.TO,20240819,8,8.54,7.85,7.85,1515
CSE.PR.A.TO,20240819,14.37,14.37,14.36,14.36,1200
CSH.UN.TO,20240819,14.48,14.85,14.48,14.8,341127
CSU.TO,20240819,4228.73,4245.14,4191,4217.04,42150
CSU.DB.TO,20240819,120,122,120,120,25000
CSW.A.TO,20240819,13.34,13.51,13.34,13.45,18527
CSW.B.TO,20240819,12.7,12.9,12.7,12.9,4145
CTC.TO,20240819,244.44,244.44,244.44,244.44,285
CTC.A.TO,20240819,151.51,153,150.85,151.29,155138
CTF.UN.TO,20240819,2.43,2.45,2.4,2.4,7000
CTS.TO,20240819,4.27,4.38,4.27,4.33,259535
CTX.TO,20240819,0.64,0.64,0.63,0.63,3510
CU.TO,20240819,33,33.13,32.92,33.01,565605
CU.PR.C.TO,20240819,20,20.31,20,20.28,7200
CU.PR.D.TO,20240819,20.73,20.73,20.47,20.61,619
CU.PR.E.TO,20240819,20.48,20.51,20.48,20.51,600
CU.PR.F.TO,20240819,18.84,18.99,18.84,18.99,200
CU.PR.H.TO,20240819,21.88,21.97,21.88,21.97,2125
CU.PR.I.TO,20240819,24.15,24.15,23.95,23.95,3800
CUD.TO,20240819,54.05,54.05,54.05,54.05,200
CUEH.TO,20240819,22.98,22.98,22.98,22.98,390
CUEI.TO,20240819,30.05,30.15,30.03,30.15,4056
CUP.U.TO,20240819,13.91,13.91,13.91,13.91,200
CURA.TO,20240819,4.51,4.59,4.46,4.56,282654
CVD.TO,20240819,17.39,17.4,17.39,17.4,300
CVE.TO,20240819,26.74,27.33,26.58,26.6,8792132
CVE.PR.A.TO,20240819,17.57,17.76,17.57,17.76,700
CVE.PR.B.TO,20240819,19,19,19,19,630
CVE.PR.C.TO,20240819,24.11,24.15,24.1,24.11,10679
CVE.PR.E.TO,20240819,24.25,24.25,24.25,24.25,200
CVE.PR.G.TO,20240819,23.8,23.8,23.8,23.8,1000
CVE.WT.TO,20240819,20.25,20.7,19.97,19.97,1460
CVO.TO,20240819,6.59,6.72,6.56,6.58,87354
CWB.TO,20240819,48.86,49.34,48.62,48.67,363445
CWB.PR.B.TO,20240819,24.58,24.68,24.55,24.68,2000
CWB.PR.D.TO,20240819,26.7,26.82,26.7,26.7,3443
CWEB.TO,20240819,0.205,0.21,0.195,0.2,19330
CWL.TO,20240819,1.02,1.03,1.02,1.03,9400
CWW.TO,20240819,58.5,58.52,58.5,58.52,373
CXB.TO,20240819,2.13,2.2,2.11,2.2,1924770
CXF.TO,20240819,9.94,9.95,9.93,9.95,5100
CXI.TO,20240819,25.35,25.35,25,25.31,1543
CYB.TO,20240819,74.05,74.31,73.7,73.7,1505
CYBR.TO,20240819,48.5,48.75,48.5,48.75,1124
CYBR.B.TO,20240819,56.99,56.99,56.99,56.99,100
CYH.TO,20240819,21.01,21.5,21.01,21.5,4449
D.UN.TO,20240819,18.06,18.07,17.84,17.93,7908
DANC.TO,20240819,22.26,22.27,22.26,22.27,2962
DATA.TO,20240819,23.29,23.29,23.29,23.29,185
DAY.TO,20240819,76,76.46,75.58,75.71,3939
DBM.TO,20240819,6.78,6.87,6.75,6.83,286733
DBO.TO,20240819,0.1,0.11,0.1,0.1,615760
DC.A.TO,20240819,1.41,1.46,1.38,1.39,148500
DCBO.TO,20240819,57.5,57.99,57.29,57.77,25106
DCG.TO,20240819,18.18,18.18,18.18,18.18,300
DCM.TO,20240819,2.87,2.91,2.87,2.91,4540
DCS.TO,20240819,18.8,18.8,18.8,18.8,815
DF.TO,20240819,5.22,5.24,5.21,5.24,46522
DF.PR.A.TO,20240819,10.08,10.08,10.07,10.08,2700
DFN.TO,20240819,5.23,5.28,5.23,5.27,167409
DFN.PR.A.TO,20240819,10.05,10.05,10.03,10.05,56400
DFY.TO,20240819,50.35,50.65,49.9,50.15,63007
DGR.TO,20240819,46.6,46.73,46.59,46.73,509
DGR.B.TO,20240819,52.31,52.41,52.15,52.41,4029
DGRC.TO,20240819,39.7,40,39.7,39.71,4914
DGS.TO,20240819,6.33,6.38,6.24,6.35,113563
DGS.PR.A.TO,20240819,10.19,10.2,10.19,10.19,7000
DHT.UN.TO,20240819,12.74,12.75,12.51,12.63,29595
DIAM.TO,20240819,0.06,0.06,0.055,0.055,227856
DII.B.TO,20240819,6.9,6.92,6.81,6.89,2804
DIR.UN.TO,20240819,13.31,13.45,13.27,13.31,391472
DISC.TO,20240819,37.48,37.65,37.48,37.65,942
DIV.TO,20240819,2.83,2.85,2.82,2.82,252321
DIV.DB.A.TO,20240819,100,100,100,100,41000
DIVS.TO,20240819,15.87,15.94,15.86,15.94,3300
DLCG.TO,20240819,3.99,4,3.95,3.95,17101
DLR.TO,20240819,13.95,13.95,13.91,13.92,466200
DLR.U.TO,20240819,10.2,10.21,10.19,10.2,545745
DMEC.TO,20240819,21.36,21.36,21.35,21.35,414
DMEU.TO,20240819,21.8,21.95,21.8,21.95,767
DML.TO,20240819,2.13,2.21,2.13,2.14,2555750
DND.TO,20240819,13.6,13.67,13.35,13.62,46825
DNG.TO,20240819,5.33,5.4,5.27,5.28,33748
DNTL.TO,20240819,8.22,8.22,8.08,8.1,177646
DOL.TO,20240819,134.88,135.99,134.43,134.62,536768
DOO.TO,20240819,95,95.4,93.56,93.99,59159
DPM.TO,20240819,13.3,13.55,13.23,13.42,524791
DR.TO,20240819,13.48,13.61,13.18,13.58,34125
DRFC.TO,20240819,29.31,29.48,29.31,29.48,551
DRFE.TO,20240819,23.02,23.02,23.02,23.02,112
DRM.TO,20240819,26.73,26.73,25.5,25.7,24944
DRMC.TO,20240819,29.2,29.3,29.2,29.25,1835
DRMD.TO,20240819,25.55,25.55,25.46,25.46,900
DRMU.TO,20240819,40.43,40.49,40.34,40.49,577
DRR.U.TO,20240819,6.69,6.69,6.5,6.6,5612
DRR.UN.TO,20240819,9.2,9.21,8.95,9.21,5152
DRT.TO,20240819,0.73,0.73,0.7,0.71,63466
DRT.DB.TO,20240819,75,75,75,75,5000
DRX.TO,20240819,14,14,13.6,13.71,59629
DS.TO,20240819,6.15,6.21,6.11,6.18,9561
DSG.TO,20240819,137.05,137.33,136.46,137.01,72582
DSV.TO,20240819,0.7,0.7,0.61,0.62,2052168
DTOL.TO,20240819,12.31,12.39,12.3,12.3,9675
DXB.TO,20240819,18.25,18.25,18.24,18.25,2001
DXBC.TO,20240819,21.86,21.86,21.86,21.86,3600
DXC.TO,20240819,35.88,36,35.88,35.91,2284
DXDB.TO,20240819,21.11,21.14,21.1,21.12,16300
DXG.TO,20240819,60.6,60.97,60.6,60.94,5062
DXGE.TO,20240819,23.83,23.83,23.83,23.83,7100
DXMO.TO,20240819,19.42,19.42,19.42,19.42,100
DXN.TO,20240819,20.14,20.14,20.1,20.1,1000
DXO.TO,20240819,19.62,19.62,19.62,19.62,405
DXP.TO,20240819,22.15,22.27,22.15,22.21,5008
DXQ.TO,20240819,24.7,24.75,24.67,24.75,25820
DXR.TO,20240819,21.82,21.82,21.82,21.82,200
DXT.TO,20240819,6.25,6.35,6.23,6.3,65107
DXU.TO,20240819,57.82,58.1,57.82,58.1,1543
DXV.TO,20240819,19.63,19.63,19.61,19.61,3831
DXW.TO,20240819,22.97,22.99,22.97,22.99,1200
DYA.TO,20240819,0.19,0.195,0.19,0.19,608550
E.TO,20240819,1.45,1.46,1.38,1.41,242240
EAGR.TO,20240819,0.78,0.78,0.73,0.74,24507
EBIT.TO,20240819,28.92,28.99,28.55,28.96,44638
EBIT.U.TO,20240819,21.23,21.23,21.23,21.23,130
EBNK.TO,20240819,11.16,11.16,11.16,11.16,1500
EBNK.B.TO,20240819,10.99,10.99,10.97,10.98,1400
ECN.TO,20240819,2.1,2.11,2.03,2.08,128209
ECN.DB.B.TO,20240819,83,83.5,83,83,33000
ECN.PR.C.TO,20240819,18.99,19.01,18.99,19,2420
ECO.TO,20240819,4.08,4.08,4.04,4.04,901
ECOR.TO,20240819,1.17,1.18,1.14,1.18,5000
EDGE.TO,20240819,36.1,36.24,36.1,36.24,421
EDGF.TO,20240819,10.49,10.49,10.47,10.48,900
EDR.TO,20240819,4.1,4.41,4.08,4.39,727064
EDT.TO,20240819,0.67,0.68,0.66,0.66,49200
EDV.TO,20240819,28.15,29.12,28.15,29.08,504314
EFN.TO,20240819,27.39,27.92,27.01,27.2,475785
EFR.TO,20240819,6.35,6.6,6.35,6.38,401577
EFX.TO,20240819,8,8.14,7.99,8.11,161201
EGLX.TO,20240819,0.16,0.16,0.15,0.15,44197
EIF.TO,20240819,48.4,49.09,48.4,48.85,70064
EIF.DB.J.TO,20240819,102,102,102,102,20999
EIF.DB.K.TO,20240819,103.9,104.99,103.9,104.99,98999
EIF.DB.L.TO,20240819,101.6,101.6,101.6,101.6,54000
EIF.DB.M.TO,20240819,101,101,100,100,29000
EIT.PR.A.TO,20240819,25.22,25.28,25.22,25.28,880
EIT.PR.B.TO,20240819,25.24,25.24,25.22,25.22,600
EIT.UN.TO,20240819,14.23,14.3,14.23,14.27,191205
ELD.TO,20240819,24.09,24.75,23.88,24.59,267415
ELEF.TO,20240819,0.415,0.42,0.395,0.415,72266
ELF.TO,20240819,1311.85,1311.85,1311.85,1311.85,271
ELF.PR.F.TO,20240819,21.46,21.89,21.46,21.89,6700
ELF.PR.G.TO,20240819,19.66,19.66,19.52,19.6,6800
ELO.TO,20240819,1.03,1.07,1,1.05,88700
ELR.TO,20240819,0.145,0.15,0.145,0.15,44499
ELVA.TO,20240819,2.75,2.87,2.73,2.76,21700
EMA.TO,20240819,50.05,50.3,49.96,50.15,1447883
EMA.PR.A.TO,20240819,15,15,15,15,3800
EMA.PR.C.TO,20240819,22.25,22.38,22.25,22.25,13550
EMA.PR.E.TO,20240819,18.67,18.75,18.67,18.75,800
EMA.PR.F.TO,20240819,18.76,18.76,18.73,18.73,1250
EMA.PR.H.TO,20240819,23.41,23.46,23.24,23.24,24872
EMA.PR.J.TO,20240819,20.41,20.41,20.41,20.41,200
EMA.PR.L.TO,20240819,18.9,19.04,18.9,18.91,1000
EMAX.TO,20240819,16.77,16.82,16.69,16.69,7862
EMP.A.TO,20240819,37.56,38.04,37.55,37.59,257390
EMV.B.TO,20240819,30.48,30.48,30.47,30.47,565
ENB.TO,20240819,53,53.51,52.89,53.35,19363610
ENB.PF.A.TO,20240819,18.59,18.69,18.5,18.52,3035
ENB.PF.C.TO,20240819,17.76,17.95,17.76,17.95,1400
ENB.PF.E.TO,20240819,17.75,17.75,17.75,17.75,500
ENB.PF.G.TO,20240819,17.73,17.73,17.71,17.71,800
ENB.PF.K.TO,20240819,23.15,23.34,23.15,23.31,5100
ENB.PF.U.TO,20240819,21.1,21.11,21.06,21.06,1118
ENB.PF.V.TO,20240819,22.6,22.6,22.47,22.47,1000
ENB.PR.A.TO,20240819,22.42,22.59,22.42,22.43,1200
ENB.PR.B.TO,20240819,17.5,17.68,17.45,17.68,3697
ENB.PR.D.TO,20240819,18.01,18.01,18.01,18.01,151
ENB.PR.F.TO,20240819,18.36,18.5,18.36,18.45,2975
ENB.PR.H.TO,20240819,19.59,19.6,19.49,19.5,2600
ENB.PR.I.TO,20240819,20.65,20.65,20.65,20.65,500
ENB.PR.J.TO,20240819,19.46,19.56,19.46,19.53,3844
ENB.PR.N.TO,20240819,21.48,21.61,21.48,21.5,5100
ENB.PR.P.TO,20240819,19.32,19.39,19.32,19.39,4550
ENB.PR.T.TO,20240819,20.15,20.2,20.12,20.17,16338
ENB.PR.V.TO,20240819,22.35,22.43,22.35,22.36,1700
ENB.PR.Y.TO,20240819,17.75,17.89,17.75,17.83,8769
ENCC.TO,20240819,11.52,11.57,11.43,11.44,68741
ENCL.TO,20240819,20.66,20.79,20.48,20.52,70013
ENGH.TO,20240819,30.19,30.24,29.84,30.08,67594
ENI.UN.TO,20240819,1.61,1.68,1.61,1.68,13900
ENS.TO,20240819,11.92,11.95,11.86,11.92,80415
ENS.PR.A.TO,20240819,10.7,10.7,10.57,10.57,10499
EPRX.TO,20240819,3.61,3.7,3.61,3.67,16186
EPRX.WT.TO,20240819,0.275,0.275,0.275,0.275,1500
EQB.TO,20240819,96.1,97.46,96.1,96.67,49246
EQCL.TO,20240819,21.87,21.92,21.85,21.87,2829
EQL.TO,20240819,35.56,35.64,35.51,35.6,13533
EQL.F.TO,20240819,30.31,30.53,30.3,30.53,12200
EQL.U.TO,20240819,25.98,26.09,25.98,26.09,869
EQX.TO,20240819,7.38,7.77,7.36,7.74,499560
ERD.TO,20240819,0.43,0.445,0.43,0.44,200700
ERE.UN.TO,20240819,2.7,2.72,2.63,2.65,313757
ERO.TO,20240819,27.23,27.26,27,27.18,159996
ESG.TO,20240819,40.42,40.51,40.42,40.51,240
ESGA.TO,20240819,36.37,36.37,36.32,36.32,255
ESGC.TO,20240819,26.26,26.44,26.26,26.44,3104
ESGE.TO,20240819,35.58,35.58,35.56,35.56,500
ESGF.TO,20240819,24.68,24.68,24.68,24.68,175
ESGG.TO,20240819,47.12,47.24,47.12,47.24,300
ESGH.TO,20240819,27.98,27.98,27.98,27.98,100
ESI.TO,20240819,2.42,2.5,2.42,2.49,138188
ESM.TO,20240819,0.045,0.045,0.04,0.045,144006
ESP.TO,20240819,4.3,4.3,4.1,4.1,4800
ESPX.TO,20240819,24.37,24.37,24.37,24.37,428
ET.TO,20240819,13.17,13.23,13.1,13.2,16950
ETC.TO,20240819,12.36,12.42,12.3,12.42,10840
ETG.TO,20240819,1.53,1.53,1.46,1.46,66901
ETHH.TO,20240819,10.4,10.48,10.27,10.43,46694
ETHH.B.TO,20240819,12.25,12.37,12.07,12.24,47312
ETHH.U.TO,20240819,11.22,11.27,11.11,11.27,9250
ETHI.TO,20240819,53.13,53.13,53.13,53.13,1781
ETHQ.TO,20240819,14.02,14.13,13.8,14.06,7343
ETHQ.U.TO,20240819,10.24,10.24,10.24,10.24,2100
ETHR.TO,20240819,12,12.17,11.97,12.15,6786
ETHX.B.TO,20240819,12.74,12.84,12.56,12.75,43267
ETHX.U.TO,20240819,11.62,11.76,11.5,11.68,28872
ETHY.TO,20240819,3.32,3.32,3.24,3.29,27032
ETHY.B.TO,20240819,4.12,4.12,4.08,4.08,434
ETHY.U.TO,20240819,3.17,3.2,3.17,3.2,601
ETSX.TO,20240819,20.25,20.27,20.23,20.23,1491
EVO.TO,20240819,20.75,20.75,20.75,20.75,100
EXE.TO,20240819,8.2,8.45,8.2,8.38,313046
EXE.DB.C.TO,20240819,99.5,99.5,99.5,99.5,4000
EXN.TO,20240819,0.11,0.12,0.11,0.12,200690
EXRO.TO,20240819,0.315,0.315,0.25,0.265,527970
FAP.TO,20240819,2.72,2.75,2.72,2.73,77610
FAR.TO,20240819,2.37,2.42,2.35,2.4,99326
FBTC.TO,20240819,26.68,26.79,26.37,26.7,27792
FC.TO,20240819,11.35,11.35,11.25,11.27,93857
FC.DB.I.TO,20240819,99.3,99.3,99.05,99.05,109000
FC.DB.K.TO,20240819,95,95.77,93.61,95.77,38000
FCCD.TO,20240819,28.86,28.97,28.86,28.89,5047
FCCQ.TO,20240819,35.68,35.69,35.51,35.51,6100
FCCV.TO,20240819,14.28,14.29,14.24,14.26,8300
FCD.UN.TO,20240819,5.41,5.61,5.41,5.51,24637
FCEM.TO,20240819,10.02,10.02,10.02,10.02,100
FCID.TO,20240819,27.29,27.29,27.28,27.28,800
FCIQ.TO,20240819,38.61,38.72,38.58,38.69,7418
FCIV.TO,20240819,34.27,34.3,34.23,34.3,1376
FCMI.TO,20240819,12.93,12.97,12.93,12.97,600
FCQH.TO,20240819,54.53,54.59,54.53,54.59,275
FCR.UN.TO,20240819,16.5,16.67,16.37,16.54,212840
FCRR.TO,20240819,40.99,41.18,40.99,41.18,1200
FCRR.U.TO,20240819,30.2,30.2,30.2,30.2,300
FCU.TO,20240819,0.98,0.99,0.96,0.97,5673980
FCUD.TO,20240819,36.81,36.81,36.81,36.81,544
FCUH.TO,20240819,32.5,32.55,32.5,32.55,800
FCUQ.TO,20240819,59.23,59.49,59.23,59.49,4275
FCUV.TO,20240819,17.85,17.88,17.8,17.86,13186
FCUV.U.TO,20240819,12.93,13.04,12.93,13.03,1326
FCVH.TO,20240819,16.92,17.02,16.92,17.02,2150
FDN.TO,20240819,22.14,22.14,22.14,22.14,559
FDY.TO,20240819,0.74,0.76,0.74,0.75,28354
FEBB.F.TO,20240819,44.83,44.83,44.83,44.83,900
FEC.TO,20240819,8.32,8.6,8.21,8.41,38501
FETH.TO,20240819,47.3,47.79,47.3,47.79,1101
FF.TO,20240819,0.135,0.135,0.13,0.135,171221
FFH.TO,20240819,1553.49,1564.22,1537.46,1540.93,33160
FFH.PR.C.TO,20240819,21.88,21.91,21.75,21.8,4374
FFH.PR.D.TO,20240819,22,22,21.9,21.9,10061
FFH.PR.E.TO,20240819,17.19,17.28,17.19,17.27,5100
FFH.PR.G.TO,20240819,17.59,17.89,17.59,17.83,1100
FFH.PR.H.TO,20240819,18.65,18.65,18.65,18.65,200
FFH.PR.I.TO,20240819,18.62,18.62,18.62,18.62,100
FFH.PR.K.TO,20240819,22,22.1,22,22.1,1310
FFH.PR.M.TO,20240819,24.16,24.2,24.1,24.11,2735
FFN.TO,20240819,5.93,5.97,5.86,5.96,90825
FFN.PR.A.TO,20240819,10.21,10.23,10.21,10.23,28263
FGEP.TO,20240819,10.19,10.24,10.19,10.24,13600
FGO.TO,20240819,10.23,10.23,10.21,10.23,3431
FGO.U.TO,20240819,10.4,10.4,10.4,10.4,100
FHI.TO,20240819,11.86,11.88,11.86,11.87,3817
FHIS.TO,20240819,20.74,20.74,20.74,20.74,784
FHQ.TO,20240819,87.45,88,87.45,88,450
FIE.TO,20240819,7.38,7.42,7.38,7.4,108592
FIG.TO,20240819,9.4,9.45,9.4,9.45,15376
FIH.U.TO,20240819,14.49,14.64,14.39,14.5,16530
FIL.TO,20240819,30.98,31.2,30.86,31.16,757801
FINO.TO,20240819,23.75,23.75,23.75,23.75,900
FLCP.TO,20240819,18.07,18.08,18.07,18.08,1000
FLGA.TO,20240819,19.15,19.16,19.15,19.16,2900
FLGD.TO,20240819,28.27,28.27,28.15,28.16,828
FLI.TO,20240819,10.36,10.44,10.36,10.43,9979
FLOW.TO,20240819,0.16,0.16,0.155,0.155,77654
FLUS.TO,20240819,44.71,44.71,44.71,44.71,100
FLX.TO,20240819,7.26,7.3,7.2,7.2,1600
FM.TO,20240819,16.86,16.92,16.43,16.77,1475020
FMAX.TO,20240819,17.36,17.47,17.36,17.41,5601
FN.TO,20240819,37.48,37.62,37.33,37.35,19772
FN.PR.B.TO,20240819,14.5,14.5,14.49,14.5,1935
FNV.TO,20240819,166.27,168.83,166.2,168.1,517404
FOM.TO,20240819,3.85,3.9,3.84,3.88,185358
FOOD.TO,20240819,0.28,0.285,0.275,0.28,25877
FORA.TO,20240819,9.01,9.64,8.96,9.02,14344
FOUR.TO,20240819,46.97,46.97,46.97,46.97,593
FRU.TO,20240819,13.6,13.78,13.53,13.55,443072
FRX.TO,20240819,7.46,7.71,7.03,7.71,873
FSB.TO,20240819,9.69,9.69,9.68,9.68,400
FSL.TO,20240819,16.92,16.92,16.92,16.92,100
FST.TO,20240819,52.42,52.6,52.42,52.6,308
FSV.TO,20240819,234.91,238.33,234.07,237.97,86938
FSY.TO,20240819,0.52,0.54,0.49,0.49,170221
FSZ.TO,20240819,7.85,7.85,7.63,7.64,369938
FSZ.DB.B.TO,20240819,103,103,103,103,25000
FT.TO,20240819,0.06,0.065,0.055,0.065,660941
FTG.TO,20240819,5.77,5.89,5.77,5.89,2850
FTHI.TO,20240819,10.22,10.22,10.21,10.22,7408
FTN.TO,20240819,8.3,8.3,8.25,8.3,80707
FTN.PR.A.TO,20240819,10.31,10.35,10.31,10.35,27007
FTS.TO,20240819,59.94,60.37,59.83,60.08,1893718
FTS.PR.F.TO,20240819,21.1,21.11,21.1,21.1,1550
FTS.PR.G.TO,20240819,21.85,22,21.85,21.97,9900
FTS.PR.H.TO,20240819,15.04,15.04,14.86,15.04,3500
FTS.PR.I.TO,20240819,17.73,17.73,17.2,17.2,1570
FTS.PR.J.TO,20240819,20.35,20.36,20.32,20.35,5100
FTS.PR.K.TO,20240819,20.05,20.2,20.01,20.2,7525
FTS.PR.M.TO,20240819,20.14,20.38,20.14,20.38,1800
FTT.TO,20240819,39.93,40.35,39.47,39.58,172938
FTU.TO,20240819,0.325,0.325,0.325,0.325,2000
FTU.PR.B.TO,20240819,6.47,6.47,6.47,6.47,600
FURY.TO,20240819,0.51,0.52,0.51,0.52,3138
FVI.TO,20240819,6.26,6.59,6.25,6.52,883416
FVL.TO,20240819,0.64,0.65,0.62,0.62,124110
FXM.TO,20240819,23.15,23.15,23.14,23.14,601
G.TO,20240819,0.8,0.8,0.76,0.76,45514
GATO.TO,20240819,16.65,17.6,16.55,17.23,11030
GAU.TO,20240819,1.92,2.11,1.92,2.08,130805
GBAL.TO,20240819,48.9,49.25,48.9,49.25,927
GBT.TO,20240819,12.85,12.85,12.85,12.85,400
GCFE.TO,20240819,26.25,26.25,26.25,26.25,300
GCG.TO,20240819,42.78,42.78,42.78,42.78,162
GCG.A.TO,20240819,43,43,42.6,42.84,3270
GCL.TO,20240819,1.42,1.45,1.41,1.44,33433
GCTB.TO,20240819,50.17,50.17,50.17,50.17,900
GDC.TO,20240819,3.57,3.75,3.57,3.65,2960
GDI.TO,20240819,34.65,35.09,34.58,34.84,1645
GDL.TO,20240819,14.46,14.49,14.3,14.49,1100
GDPY.TO,20240819,20.81,20.81,20.81,20.81,1200
GDV.TO,20240819,10.38,10.42,10.37,10.39,34198
GDV.PR.A.TO,20240819,10.29,10.29,10.16,10.2,4900
GEI.TO,20240819,21.79,21.9,21.63,21.79,301742
GENM.TO,20240819,0.26,0.27,0.255,0.265,53035
GEO.TO,20240819,2.61,2.71,2.61,2.65,14895
GEQT.TO,20240819,59.95,60.25,59.95,60.25,973
GFL.TO,20240819,56.34,57.12,56.07,56.62,198745
GFP.TO,20240819,0.37,0.37,0.315,0.32,34900
GFR.TO,20240819,9.8,9.89,9.5,9.75,12288
GGD.TO,20240819,1.23,1.27,1.21,1.25,925133
GGRO.TO,20240819,54.17,54.64,54.17,54.64,3661
GH.TO,20240819,10.55,10.57,10.55,10.55,6420
GIB.A.TO,20240819,148.63,150.42,148.63,149.2,197509
GIL.TO,20240819,57.81,58.18,57.76,57.96,281366
GIQG.TO,20240819,28.15,28.15,28.15,28.15,500
GIQU.B.TO,20240819,31.08,31.08,31.08,31.08,100
GIVX.TO,20240819,0.92,0.93,0.92,0.93,58000
GLCC.TO,20240819,28.39,29.11,28.39,29.11,30014
GLO.TO,20240819,1.5,1.5,1.31,1.35,1562616
GLXY.TO,20240819,15.09,15.59,14.96,15.48,548150
GMIN.TO,20240819,8.87,9.16,8.85,9.03,446843
GMTN.TO,20240819,0.035,0.035,0.03,0.035,68500
GMX.TO,20240819,0.9,0.9,0.88,0.9,67700
GOLD.TO,20240819,1.13,1.2,1.11,1.19,2145360
GOOS.TO,20240819,14.71,15.48,14.67,15.4,277642
GPMD.TO,20240819,10.1,10.1,10.1,10.1,1100
GRA.TO,20240819,2.35,2.38,2.25,2.3,18691
GRID.TO,20240819,1.36,1.37,1.35,1.35,1588
GRN.TO,20240819,0.09,0.09,0.08,0.085,124066
GRT.UN.TO,20240819,72.11,72.11,70.54,71.1,57016
GSY.TO,20240819,186.34,186.7,184.44,185.16,26278
GTE.TO,20240819,11.75,11.95,11.57,11.6,27170
GTWO.TO,20240819,1.45,1.51,1.45,1.5,246893
GUD.TO,20240819,5.68,5.83,5.68,5.78,18091
GURU.TO,20240819,1.87,1.92,1.87,1.87,5296
GVC.TO,20240819,0.1,0.1,0.1,0.1,15000
GWO.TO,20240819,43,43.43,43,43.09,3130487
GWO.PR.G.TO,20240819,22.1,22.32,22.1,22.14,2350
GWO.PR.H.TO,20240819,20.54,20.65,20.5,20.65,5600
GWO.PR.I.TO,20240819,19.49,19.55,19.49,19.55,5650
GWO.PR.L.TO,20240819,23.67,23.71,23.67,23.7,5400
GWO.PR.M.TO,20240819,23.98,24.05,23.96,24,5000
GWO.PR.N.TO,20240819,14.22,14.22,14.21,14.21,2200
GWO.PR.P.TO,20240819,22.6,22.7,22.59,22.7,5500
GWO.PR.Q.TO,20240819,21.73,21.76,21.67,21.75,9933
GWO.PR.R.TO,20240819,20.2,20.2,20.2,20.2,100
GWO.PR.S.TO,20240819,21.8,21.93,21.8,21.93,47199
GWO.PR.T.TO,20240819,21.6,21.68,21.6,21.68,800
GWO.PR.Y.TO,20240819,19.16,19.4,19.14,19.26,32000
GXE.TO,20240819,0.68,0.69,0.67,0.67,229184
H.TO,20240819,44.33,44.64,44.18,44.57,1798739
HAB.TO,20240819,10.15,10.16,10.12,10.16,9100
HAC.TO,20240819,30.95,30.95,30.91,30.93,448
HAD.TO,20240819,9.07,9.07,9.07,9.07,100
HAF.TO,20240819,7.3,7.3,7.27,7.27,1900
HAI.TO,20240819,4.6,4.72,4.57,4.7,14285
HAL.TO,20240819,20.65,20.77,20.65,20.75,2159
HAZ.TO,20240819,36.62,36.75,36.62,36.75,2106
HBAL.TO,20240819,15.2,15.22,15.2,15.22,4765
HBB.TO,20240819,48.42,48.53,48.42,48.51,20460
HBD.TO,20240819,7.26,7.26,7.17,7.17,1325
HBF.TO,20240819,9.86,9.91,9.86,9.91,15925
HBGD.TO,20240819,28,28,27.63,27.91,1736
HBIE.TO,20240819,25.1,25.1,25.1,25.1,1000
HBIG.TO,20240819,24.87,24.87,24.87,24.87,2003
HBM.TO,20240819,10.61,10.85,10.6,10.78,1308363
HBND.TO,20240819,15.58,15.63,15.55,15.6,15168
HBNK.TO,20240819,22.07,22.17,22.07,22.15,2104
HBP.TO,20240819,1.15,1.15,1.15,1.15,608
HBU.TO,20240819,15.81,16,15.8,16,5770
HCA.TO,20240819,21.58,21.58,21.56,21.56,4354
HCAL.TO,20240819,21.48,21.63,21.47,21.59,34888
HCLN.TO,20240819,8.61,8.66,8.61,8.66,1071
HCON.TO,20240819,13.55,13.56,13.55,13.56,13213
HDGE.TO,20240819,26.47,26.47,26.37,26.37,1100
HDIF.TO,20240819,8.45,8.51,8.45,8.5,185193
HDIV.TO,20240819,16.98,17.08,16.94,17.06,49976
HEB.TO,20240819,17.35,17.35,17.35,17.35,909
HED.TO,20240819,3.72,3.76,3.65,3.76,42026
HEQT.TO,20240819,16.97,17,16.94,17,2214
HEU.TO,20240819,32.65,32.85,31.95,32.06,39672
HEWB.TO,20240819,33.75,33.77,33.74,33.74,1755
HFD.TO,20240819,8.36,8.36,8.25,8.28,3847
HFG.TO,20240819,24.89,25.07,24.89,25.07,228
HFIN.TO,20240819,16.4,16.47,16.39,16.39,8234
HFPC.U.TO,20240819,2.61,2.7,2.61,2.7,32375
HFR.TO,20240819,9.98,9.98,9.97,9.98,4450
HFU.TO,20240819,23.66,23.93,23.66,23.82,4631
HGD.TO,20240819,2.63,2.63,2.49,2.5,587125
HGR.TO,20240819,6.36,6.39,6.36,6.39,6875
HGU.TO,20240819,22.95,24,22.88,23.95,187705
HGY.TO,20240819,11.08,11.1,11.08,11.09,3200
HHL.TO,20240819,8.75,8.82,8.75,8.8,116539
HHL.B.TO,20240819,9.78,9.78,9.77,9.77,3300
HHL.U.TO,20240819,9.32,9.37,9.32,9.36,107500
HHLE.TO,20240819,11.19,11.25,11.17,11.23,5775
HIG.TO,20240819,8.75,8.79,8.75,8.79,1985
HIND.TO,20240819,11.65,11.65,11.6,11.6,1009
HISU.U.TO,20240819,100.3,100.31,100.3,100.3,12877
HIU.TO,20240819,11.5,11.51,11.41,11.41,19622
HIX.TO,20240819,26.73,26.73,26.65,26.67,1251
HLF.TO,20240819,13.37,13.52,13.34,13.43,11614
HLIF.TO,20240819,9.08,9.16,9.08,9.12,41036
HLIT.TO,20240819,14.87,14.95,14.81,14.95,680
HLPR.TO,20240819,26.72,26.82,26.72,26.75,639
HLS.TO,20240819,3.2,3.37,3.2,3.29,5409
HMAX.TO,20240819,13.79,13.87,13.79,13.83,250322
HMM.A.TO,20240819,9.14,9.14,8.96,9.02,11418
HMMJ.TO,20240819,10.68,10.73,10.64,10.7,7830
HND.TO,20240819,88.84,88.84,84.01,85.88,244850
HNU.TO,20240819,2.79,2.94,2.79,2.87,5943441
HOD.TO,20240819,6.71,7.1,6.71,7.05,1069150
HOM.DB.U.TO,20240819,99,99,99,99,1000
HOM.U.TO,20240819,12.91,13.37,12.9,13.37,24263
HOM.UN.TO,20240819,17.45,17.98,17.45,17.98,7080
HOT.DB.V.TO,20240819,70,70,70,70,17000
HOT.U.TO,20240819,0.355,0.355,0.355,0.355,3000
HOT.UN.TO,20240819,0.47,0.52,0.45,0.5,164561
HOU.TO,20240819,13.65,13.7,12.89,13,1740208
HPF.TO,20240819,3.42,3.46,3.42,3.44,16094
HPR.TO,20240819,8.91,8.92,8.88,8.92,18380
HPS.A.TO,20240819,117.09,118,114,114.65,44010
HPYM.TO,20240819,11.7,11.71,11.7,11.71,10023
HPYT.TO,20240819,11.31,11.36,11.3,11.34,111389
HPYT.B.TO,20240819,11.36,11.39,11.36,11.37,16205
HPYT.U.TO,20240819,11.54,11.59,11.53,11.57,16526
HQD.TO,20240819,12.08,12.18,11.78,11.78,253396
HQU.TO,20240819,21.29,21.85,21.16,21.85,543485
HR.UN.TO,20240819,9.55,9.65,9.53,9.59,307678
HRAA.TO,20240819,11.9,11.9,11.84,11.84,600
HRIF.TO,20240819,16.2,16.2,16.2,16.2,1031
HRX.TO,20240819,31.2,31.25,31.14,31.2,106330
HSAV.TO,20240819,112.9,113,112.67,113,38547
HSD.TO,20240819,17.3,17.34,16.99,16.99,281256
HSH.TO,20240819,68.72,68.72,68.72,68.72,331
HSU.TO,20240819,23.51,23.91,23.45,23.91,192952
HSUV.U.TO,20240819,111.4,111.4,111.29,111.35,15080
HTA.TO,20240819,18.41,18.68,18.4,18.68,67178
HTA.U.TO,20240819,19.99,20.1,19.99,20.1,1059
HTAE.TO,20240819,16.78,17.01,16.71,17.01,16059
HTB.TO,20240819,58.08,58.08,57.98,58.02,675
HTL.TO,20240819,2.07,2.08,2.04,2.04,801139
HUBL.TO,20240819,12.69,12.69,12.66,12.67,1826
HUC.TO,20240819,21.78,21.78,21.77,21.78,1378
HULC.TO,20240819,90.97,90.97,90.92,90.94,428
HULC.U.TO,20240819,66.32,66.6,66.32,66.6,231
HUN.TO,20240819,8,8.02,7.96,7.97,3519
HURA.TO,20240819,31.66,31.79,31.34,31.41,3681
HUT.TO,20240819,15.85,16.9,15.38,16.67,1130716
HUTE.TO,20240819,10.22,10.3,10.22,10.3,3943
HUTL.TO,20240819,17.22,17.35,17.22,17.26,6876
HUTS.TO,20240819,12.53,12.6,12.53,12.55,17150
HUV.TO,20240819,7.99,8.04,7.8,7.85,169318
HUZ.TO,20240819,13.1,13.14,13.1,13.14,3228
HWO.TO,20240819,2.06,2.06,1.61,1.61,14250
HWX.TO,20240819,6.81,6.97,6.8,6.84,953083
HXCN.TO,20240819,37.49,37.65,37.49,37.65,803
HXD.TO,20240819,5.46,5.46,5.4,5.44,79278
HXDM.TO,20240819,47.54,47.74,47.54,47.7,12051
HXDM.U.TO,20240819,34.78,34.78,34.78,34.78,1314
HXE.TO,20240819,38.86,38.88,38.33,38.33,434
HXEM.TO,20240819,36.88,37.02,36.85,37,6431
HXF.TO,20240819,72.52,72.52,72.52,72.52,1146
HXH.TO,20240819,50.71,50.82,50.62,50.62,2171
HXQ.TO,20240819,76.29,77.03,75.92,77.03,12632
HXQ.U.TO,20240819,55.69,56.25,55.69,56.25,438
HXS.TO,20240819,77.66,78.1,77.5,78.1,27551
HXT.TO,20240819,59.5,59.85,59.5,59.67,89621
HXU.TO,20240819,23.76,24.02,23.76,23.87,20264
HXX.TO,20240819,51.52,51.52,51.52,51.52,141
HYLD.TO,20240819,13.7,13.84,13.68,13.84,191879
HYLD.U.TO,20240819,14.22,14.25,14.11,14.25,15226
HZD.TO,20240819,8.7,8.72,8.42,8.48,51725
HZU.TO,20240819,25.91,26.76,25.79,26.63,116378
IAG.TO,20240819,99.62,101.39,99.4,100.68,1230640
IAU.TO,20240819,1.5,1.53,1.46,1.49,558737
IAU.WT.TO,20240819,0.365,0.365,0.365,0.365,35500
ICAE.TO,20240819,21.3,21.3,21.3,21.3,100
ICPB.TO,20240819,9.39,9.39,9.39,9.39,3671
IDIV.B.TO,20240819,13.58,13.65,13.58,13.64,3700
IE.TO,20240819,10,10.09,9.86,9.98,6706
IFA.TO,20240819,1.17,1.2,1.11,1.13,23828
IFC.TO,20240819,254.04,256.44,253.92,254.09,298610
IFC.PR.C.TO,20240819,20.9,20.9,20.9,20.9,100
IFC.PR.E.TO,20240819,22.4,22.49,22.4,22.49,600
IFC.PR.F.TO,20240819,22.76,22.76,22.76,22.76,300
IFC.PR.G.TO,20240819,23.69,23.69,23.49,23.49,700
IFC.PR.K.TO,20240819,22.85,22.85,22.8,22.8,3800
IFP.TO,20240819,16.68,17.11,16.59,16.79,107583
IFRF.TO,20240819,8.36,8.36,8.36,8.36,13852
IGB.TO,20240819,18.32,18.35,18.32,18.35,4700
IGBT.UN.TO,20240819,10.18,10.18,10.18,10.18,1500
IGM.TO,20240819,38.36,38.51,38.12,38.2,100143
III.TO,20240819,2.2,2.23,2.16,2.19,16800
IIMF.F.TO,20240819,21.97,21.97,21.97,21.97,1500
IIP.UN.TO,20240819,12.37,12.49,12.29,12.35,353502
ILLM.TO,20240819,1.59,1.65,1.56,1.6,116044
IMG.TO,20240819,6.88,7.07,6.83,6.98,1729295
IMO.TO,20240819,104.82,105.5,103.44,103.5,1029473
IMP.TO,20240819,0.8,0.95,0.77,0.9,445385
INAI.TO,20240819,24.23,24.27,24.2,24.27,976
INC.UN.TO,20240819,7.9,7.9,7.69,7.69,12800
INCM.TO,20240819,18.53,18.53,18.51,18.51,1430
INE.TO,20240819,9.44,9.45,9.34,9.39,326337
INE.DB.C.TO,20240819,96.8,96.8,96,96.8,244000
INE.PR.A.TO,20240819,14.45,14.45,14.45,14.45,300
INE.PR.C.TO,20240819,19,19.4,19,19.4,2948
INO.UN.TO,20240819,1.25,1.26,1.21,1.23,43972
INOC.TO,20240819,15.88,15.88,15.88,15.88,2200
IPCO.TO,20240819,19.46,19.79,19.27,19.34,23777
IPO.TO,20240819,2.2,2.21,2.16,2.16,39735
IQD.TO,20240819,35.13,35.24,35.13,35.17,16500
IQD.B.TO,20240819,31.22,31.22,31.22,31.22,1000
IS.TO,20240819,14.15,14.15,13.96,14.03,8800
IS.PR.A.TO,20240819,10.59,10.59,10.49,10.5,1400
ISO.TO,20240819,2.89,3.06,2.89,2.89,180651
ISV.TO,20240819,27.2,27.5,27.18,27.3,4634
ITE.TO,20240819,0.17,0.17,0.165,0.17,268059
ITH.TO,20240819,0.63,0.66,0.63,0.66,19000
IUMF.TO,20240819,21.3,21.3,21.3,21.3,2000
IUMF.F.TO,20240819,20.3,20.3,20.3,20.3,1600
IVN.TO,20240819,17.15,18.04,17.11,17.88,2835646
IVQ.TO,20240819,0.235,0.235,0.23,0.23,4700
IVQ.DB.U.TO,20240819,50,50,50,50,13000
IVQ.DB.V.TO,20240819,50,52,50,52,4000
IWBE.TO,20240819,17.96,17.96,17.96,17.96,119
IXTE.TO,20240819,20.56,20.56,20.56,20.56,100
JAG.TO,20240819,4.37,4.67,4.37,4.65,165391
JAPN.TO,20240819,47.15,47.55,47.15,47.55,1022
JAPN.B.TO,20240819,34.09,34.09,34.09,34.09,725
JFS.UN.TO,20240819,25.35,25.35,25.2,25.2,4790
JOY.TO,20240819,2.72,2.74,2.62,2.62,41961
JWEL.TO,20240819,31.29,31.33,30.95,31.04,43444
K.TO,20240819,12.46,12.8,12.46,12.78,2720530
KBL.TO,20240819,36.98,36.98,36.41,36.5,1472
KEC.TO,20240819,14.1,14.46,14,14.46,3786
KEG.UN.TO,20240819,14.7,14.95,14.7,14.84,7469
KEI.TO,20240819,4.39,4.39,4.13,4.22,12501
KEL.TO,20240819,6.23,6.3,6.12,6.21,260689
KEY.TO,20240819,39.78,39.94,39.54,39.66,1541279
KILO.TO,20240819,36.92,37.12,36.89,37.12,6305
KILO.B.TO,20240819,40.73,40.73,40.63,40.68,1581
KILO.U.TO,20240819,38.87,38.87,38.87,38.87,1000
KITS.TO,20240819,10.94,11.75,10.9,11.51,127533
KLS.TO,20240819,0.225,0.245,0.225,0.245,24525
KMP.UN.TO,20240819,18.82,19.1,18.82,19,146701
KNGC.TO,20240819,10.16,10.16,10.16,10.16,300
KNGU.TO,20240819,9.94,9.94,9.94,9.94,100
KNGX.TO,20240819,10.03,10.06,10.03,10.06,2700
KNT.TO,20240819,7.78,8.05,7.62,8.01,981983
KPT.TO,20240819,8.5,8.56,8.47,8.47,13602
KRN.TO,20240819,0.12,0.12,0.12,0.12,5000
KSI.TO,20240819,4.9,4.9,4.8,4.8,13888
KXS.TO,20240819,154.25,155.37,153.67,154.45,33738
L.TO,20240819,172.47,173.53,170.77,171.19,527433
L.PR.B.TO,20240819,22.86,22.95,22.78,22.78,6343
LAAC.TO,20240819,3.61,3.7,3.55,3.61,204566
LABS.TO,20240819,0.075,0.075,0.07,0.07,29360
LAC.TO,20240819,3.54,3.67,3.52,3.56,585026
LAM.TO,20240819,0.52,0.54,0.5,0.52,290104
LAS.A.TO,20240819,171.49,171.49,170.01,170.01,788
LB.TO,20240819,26.48,26.7,26.48,26.57,201116
LB.PR.H.TO,20240819,20.75,20.76,20.74,20.74,2020
LBS.TO,20240819,7.66,7.7,7.63,7.68,37297
LBS.PR.A.TO,20240819,10.54,10.55,10.52,10.54,6900
LCFS.TO,20240819,2.85,2.99,2.78,2.85,81113
LCS.TO,20240819,7.24,7.27,7.23,7.25,30966
LCS.PR.A.TO,20240819,10.23,10.25,10.23,10.25,3900
LEAD.TO,20240819,20.08,20.08,20.08,20.08,100
LEV.TO,20240819,1.01,1.01,0.91,0.93,308183
LEV.WT.TO,20240819,0.02,0.02,0.02,0.02,6000
LEV.WT.A.TO,20240819,0.08,0.08,0.08,0.08,4000
LFE.TO,20240819,4.93,5.02,4.93,5,133400
LGD.TO,20240819,0.38,0.4,0.38,0.4,326348
LGO.TO,20240819,2.44,2.55,2.42,2.5,19098
LIF.TO,20240819,30.01,30.05,29.6,29.61,195140
LIFE.TO,20240819,22.42,22.56,22.42,22.55,18752
LIRC.TO,20240819,6.55,6.6,6.5,6.6,2526
LMAX.TO,20240819,16.34,16.34,16.29,16.29,2900
LN.TO,20240819,0.395,0.405,0.385,0.385,93999
LNF.TO,20240819,27.75,28.17,27.51,28.15,43845
LNR.TO,20240819,62.37,63.63,62.37,62.89,63914
LPAY.TO,20240819,28.29,28.34,28.28,28.33,2031
LSPD.TO,20240819,18.26,18.56,18.21,18.53,287940
LSPK.TO,20240819,0.445,0.445,0.445,0.445,1500
LUC.TO,20240819,0.305,0.315,0.305,0.305,34646
LUG.TO,20240819,25.82,27.24,25.82,27.09,343132
LUN.TO,20240819,13,13.19,12.9,13.17,1663960
MAG.TO,20240819,17.73,18.5,17.66,18.31,148895
MAL.TO,20240819,9.35,9.35,9.14,9.24,3681
MARI.TO,20240819,3.76,3.83,3.76,3.83,7609
MATR.TO,20240819,14.78,15.16,14.78,14.82,115692
MBX.TO,20240819,0.355,0.36,0.355,0.36,68709
MCAD.TO,20240819,100.28,100.28,100.26,100.26,450
MCB.TO,20240819,2,2.05,1.97,2.03,50700
MCLC.TO,20240819,39.03,39.19,39,39,952
MCON.TO,20240819,21.82,21.83,21.82,21.83,1400
MCSM.TO,20240819,39.8,39.91,39.8,39.89,1750
MDA.TO,20240819,15,15.15,14.69,14.81,501772
MDI.TO,20240819,9.54,9.6,9.42,9.42,30176
MDIV.TO,20240819,17.04,17.04,17.04,17.04,200
MDNA.TO,20240819,2.25,2.25,2.14,2.15,42586
MDP.TO,20240819,2.4,2.5,2.4,2.46,12515
MEG.TO,20240819,27.96,28.21,27.51,27.57,703206
MEQ.TO,20240819,192.42,192.45,188.94,192.45,2509
MEQT.TO,20240819,23.7,23.71,23.7,23.71,1451
MFC.TO,20240819,35.74,36.11,35.7,35.88,13311110
MFC.PR.B.TO,20240819,20.7,20.8,20.7,20.8,800
MFC.PR.C.TO,20240819,20.25,20.25,20.23,20.23,200
MFC.PR.F.TO,20240819,16.03,16.03,16.03,16.03,200
MFC.PR.I.TO,20240819,24.31,24.31,24.31,24.31,600
MFC.PR.K.TO,20240819,23.96,24.07,23.95,24.07,3684
MFC.PR.L.TO,20240819,22.94,22.94,22.94,22.94,100
MFC.PR.M.TO,20240819,21.3,21.42,21.3,21.42,30100
MFC.PR.N.TO,20240819,21.5,21.6,21.5,21.6,50100
MFC.PR.P.TO,20240819,17.8,17.8,17.8,17.8,3604
MFC.PR.Q.TO,20240819,24,24,23.94,23.94,800
MFI.TO,20240819,22.85,23.13,22.85,22.95,94981
MFT.TO,20240819,17.13,17.16,17.12,17.12,27908
MG.TO,20240819,56.14,56.63,56.03,56.36,3768799
MGA.TO,20240819,0.275,0.28,0.26,0.26,281457
MGB.TO,20240819,16.6,16.6,16.6,16.6,600
MGDV.TO,20240819,20.8,20.92,20.78,20.92,3950
MHC.U.TO,20240819,13.85,14.23,13.82,14.16,26398
MHC.UN.TO,20240819,19.1,19.25,19.1,19.25,400
MHCD.TO,20240819,12.22,12.27,12.22,12.26,1900
MI.UN.TO,20240819,15.59,15.8,15.59,15.75,106513
MID.UN.TO,20240819,7.13,7.13,7.07,7.13,6345
MIN.TO,20240819,0.175,0.175,0.175,0.175,13000
MINF.TO,20240819,9.75,9.75,9.74,9.74,3600
MINN.TO,20240819,20.25,20.3,20.25,20.3,1200
MINT.B.TO,20240819,33.96,33.96,33.96,33.96,100
MKB.TO,20240819,19.3,19.34,19.29,19.34,20630
MKP.TO,20240819,17.34,17.48,17.31,17.33,33869
MKZ.UN.TO,20240819,0.355,0.355,0.355,0.355,1000
MMP.UN.TO,20240819,1.91,1.99,1.91,1.91,45697
MND.TO,20240819,2.9,2.95,2.82,2.89,64439
MNO.TO,20240819,0.425,0.425,0.405,0.41,738500
MNS.TO,20240819,23.33,23.33,23.24,23.24,977
MNT.TO,20240819,35.25,35.37,35.01,35.37,3867
MNU.U.TO,20240819,100.31,100.31,100.3,100.3,5644
MNY.TO,20240819,100.28,100.28,100.27,100.28,14363
MOGO.TO,20240819,1.78,1.81,1.78,1.78,5023
MPAY.TO,20240819,27.6,27.63,27.57,27.57,3918
MPAY.U.TO,20240819,20.19,20.22,20.19,20.22,5700
MPC.TO,20240819,5.19,5.19,5.19,5.19,100
MPCT.UN.TO,20240819,3.21,3.25,3.2,3.2,13213
MPVD.TO,20240819,0.14,0.14,0.125,0.13,649800
MPY.TO,20240819,9.65,9.65,9.65,9.65,500
MR.UN.TO,20240819,2.94,3.01,2.94,3.01,18788
MRC.TO,20240819,112.16,112.33,110.5,111.2,2392
MRD.TO,20240819,12.41,12.64,12.4,12.5,3936
MRE.TO,20240819,10.79,10.96,10.79,10.91,81363
MREL.TO,20240819,12.35,12.36,12.31,12.31,4250
MRG.UN.TO,20240819,17.27,17.61,17.25,17.25,20033
MRT.UN.TO,20240819,5.32,5.34,5.32,5.34,7566
MRU.TO,20240819,83.84,84.22,82.95,83.24,448545
MSA.TO,20240819,1.13,1.13,1.12,1.13,15783
MSCL.TO,20240819,0.49,0.495,0.48,0.495,15230
MTL.TO,20240819,14.56,14.62,14.45,14.47,109920
MTY.TO,20240819,44.27,44.49,44,44.17,26407
MUB.TO,20240819,18.5,18.57,18.49,18.57,30520
MULC.B.TO,20240819,55.48,55.48,55.48,55.48,100
MULV.TO,20240819,21.34,21.35,21.34,21.35,1400
MUSC.TO,20240819,33.73,33.73,33.73,33.73,100
MUX.TO,20240819,12.34,13.63,12.34,13.56,52020
MWLV.TO,20240819,22.18,22.21,22.18,22.21,925
MX.TO,20240819,61.73,62.29,60.82,60.91,64513
MXG.TO,20240819,4,4,3.97,3.97,3302
NA.TO,20240819,117.4,118.29,117.4,117.87,878433
NA.PR.E.TO,20240819,24.55,24.55,24.55,24.55,2509
NA.PR.G.TO,20240819,26,26.09,26,26.09,3200
NA.PR.S.TO,20240819,24.98,24.98,24.9,24.98,1200
NA.PR.W.TO,20240819,22.71,22.71,22.71,22.71,1500
NA.R.TO,20240819,113.25,113.5,113.15,113.4,39510
NALT.TO,20240819,22.99,23.22,22.99,23.19,7708
NANO.TO,20240819,0.93,0.93,0.79,0.83,126246
NCP.TO,20240819,0.96,1.4,0.91,1.3,10901
NDM.TO,20240819,0.475,0.49,0.47,0.47,57346
NEO.TO,20240819,7.61,7.72,7.58,7.6,27242
NEXT.TO,20240819,0.8,0.81,0.79,0.79,14719
NFI.TO,20240819,18.73,19.05,18.69,19,124050
NG.TO,20240819,6.26,6.46,6.26,6.41,125031
NGD.TO,20240819,3.48,3.68,3.47,3.62,2009116
NGEX.TO,20240819,10.07,10.41,10.07,10.4,172600
NGPE.TO,20240819,47.41,47.41,47.41,47.41,100
NGT.TO,20240819,68.57,70.15,68.3,69.87,206959
NHYB.TO,20240819,21.71,21.71,21.67,21.71,2200
NINT.TO,20240819,26.4,26.41,26.39,26.39,12000
NOA.TO,20240819,25.9,26.58,25.9,26.32,51671
NOVC.TO,20240819,1.73,1.75,1.73,1.75,583487
NPI.TO,20240819,23.02,23.09,22.37,22.46,1372586
NPI.PR.B.TO,20240819,18.73,18.74,18.73,18.74,450
NPK.TO,20240819,0.74,0.74,0.68,0.69,31742
NPRF.TO,20240819,22.79,22.89,22.77,22.83,4281
NREA.TO,20240819,21.08,21.08,21.08,21.08,600
NRR.UN.TO,20240819,17.31,17.35,17.05,17.32,3842
NSCB.TO,20240819,22.65,22.65,22.65,22.65,100
NSCC.TO,20240819,22.32,22.32,22.32,22.32,300
NSCE.TO,20240819,41.85,41.85,41.85,41.85,263
NSGE.TO,20240819,41.51,41.57,41.51,41.57,200
NSSB.TO,20240819,10.01,10.01,10.01,10.01,100
NTR.TO,20240819,63.98,65.46,63.97,64.58,622750
NUAG.TO,20240819,1.88,2.06,1.88,2.01,48944
NUBF.TO,20240819,21.49,21.51,21.49,21.51,3100
NUMI.TO,20240819,0.03,0.035,0.03,0.035,185771
NUSA.TO,20240819,42.35,42.61,42.35,42.61,351
NVA.TO,20240819,13.29,13.43,13.2,13.2,568097
NVEI.TO,20240819,45.25,45.4,45.25,45.25,31201
NVO.TO,20240819,0.095,0.1,0.095,0.1,96785
NWC.TO,20240819,45.56,46.05,45.21,45.21,54452
NWH.DB.G.TO,20240819,100.21,101.65,100.21,101.65,30000
NWH.DB.H.TO,20240819,88,89.9,87.75,89.9,79000
NWH.DB.I.TO,20240819,90,90,90,90,50000
NWH.UN.TO,20240819,4.76,4.85,4.73,4.8,1125234
NXE.TO,20240819,8.2,8.3,8.1,8.13,1139633
NXF.TO,20240819,6.18,6.23,6.17,6.17,23169
NXF.B.TO,20240819,8.07,8.07,8.05,8.05,3050
NXR.UN.TO,20240819,7.86,7.99,7.86,7.92,223541
OBE.TO,20240819,9.53,9.86,9.53,9.56,74759
OGC.TO,20240819,3.54,3.65,3.52,3.62,922460
OGI.TO,20240819,2.72,2.84,2.69,2.72,308885
OLA.TO,20240819,5.69,5.85,5.58,5.84,389325
OLY.TO,20240819,107.46,107.74,106.27,107.74,2085
ONC.TO,20240819,1.35,1.35,1.3,1.32,59396
ONEC.TO,20240819,22.14,22.14,22.14,22.14,1130
ONEQ.TO,20240819,42.15,42.15,42.15,42.15,500
ONEX.TO,20240819,92,92.66,90.75,90.95,43877
OPT.TO,20240819,5.23,5.23,4.89,5,1601
OR.TO,20240819,23.59,23.86,23.47,23.67,199472
ORA.TO,20240819,13.53,14.75,13.53,14.63,33738
ORE.TO,20240819,0.75,0.77,0.71,0.75,122858
ORV.TO,20240819,0.24,0.24,0.22,0.22,10499
OSK.TO,20240819,4.77,4.8,4.76,4.79,6036187
OTEX.TO,20240819,43.7,44.33,43.7,44.24,771662
OVV.TO,20240819,59.31,60.34,59.3,59.47,107225
PAAS.TO,20240819,27.64,28.95,27.61,28.74,701158
PABF.TO,20240819,23.18,23.21,23.18,23.18,15700
PACF.TO,20240819,22.73,22.73,22.7,22.7,4100
PAGF.TO,20240819,23.84,23.88,23.84,23.88,3200
PAY.TO,20240819,7.4,7.45,7.27,7.39,191277
PAYF.TO,20240819,18.96,18.98,18.96,18.98,3600
PAYS.TO,20240819,20.11,20.11,20.11,20.11,200
PBH.TO,20240819,87.02,87.66,87.01,87.21,18861
PBH.DB.G.TO,20240819,99.3,99.33,99.27,99.31,73000
PBH.DB.H.TO,20240819,95,95,94.5,95,118000
PBH.DB.I.TO,20240819,96.25,96.75,96.24,96.75,160000
PBL.TO,20240819,21.41,22.27,21.4,22.25,25829
PBY.UN.TO,20240819,15.06,15.1,15.02,15.1,7100
PCOR.TO,20240819,18.55,18.59,18.55,18.57,4900
PD.TO,20240819,95.69,97.31,95.69,96.15,27836
PDC.TO,20240819,31.91,32.13,31.91,31.99,7562
PDF.TO,20240819,32.13,32.25,32.13,32.18,4920
PDIV.TO,20240819,9.43,9.46,9.43,9.45,8068
PEA.TO,20240819,0.345,0.345,0.34,0.34,8556
PET.TO,20240819,25.48,25.54,25.18,25.32,22318
PEY.TO,20240819,14.67,14.85,14.61,14.68,939488
PFAA.TO,20240819,11.46,11.46,11.38,11.39,13725
PFH.F.TO,20240819,18.18,18.18,18.18,18.18,100
PFIA.TO,20240819,9.91,9.94,9.9,9.91,10000
PFL.TO,20240819,19.6,19.61,19.6,19.61,12626
PFLS.TO,20240819,17.52,17.73,17.51,17.73,4477
PFMN.TO,20240819,14.77,14.81,14.65,14.76,7000
PGI.UN.TO,20240819,7.59,7.59,7.54,7.58,5932
PGIC.TO,20240819,6.82,6.82,6.82,6.82,200
PGIC.PR.A.TO,20240819,10.1,10.1,10.1,10.1,400
PHX.TO,20240819,10.46,10.54,10.05,10.06,63729
PHYS.TO,20240819,26.37,26.5,26.33,26.5,23180
PHYS.U.TO,20240819,19.31,19.31,19.31,19.31,1925
PIC.A.TO,20240819,3.53,3.55,3.48,3.51,45088
PIC.PR.A.TO,20240819,14.85,14.9,14.84,14.85,42603
PID.TO,20240819,23.82,23.82,23.82,23.82,1685
PIF.TO,20240819,11.9,12,11.86,11.86,53014
PIN.TO,20240819,17.7,17.72,17.7,17.72,1084
PINC.TO,20240819,17.84,17.84,17.83,17.84,500
PIX.UN.TO,20240819,8.14,8.16,8.13,8.15,10202
PKI.TO,20240819,35.83,36.39,35.8,36.16,348881
PLV.TO,20240819,24.3,24.3,24.3,24.3,772
PLZ.UN.TO,20240819,3.63,3.66,3.61,3.62,31907
PME.TO,20240819,2.3,2.3,2.29,2.29,12600
PMET.TO,20240819,4.9,4.9,4.72,4.74,108747
PMIF.TO,20240819,18.33,18.33,18.28,18.29,96728
PMIF.U.TO,20240819,19.51,19.54,19.5,19.53,12400
PMM.TO,20240819,22.85,22.95,22.85,22.95,400
PMNT.TO,20240819,19.23,19.23,19.23,19.23,584
PMT.TO,20240819,0.45,0.45,0.45,0.45,1000
PMZ.UN.TO,20240819,13.94,14,13.85,13.95,56841
PNE.TO,20240819,0.99,0.99,0.93,0.96,53330
PNP.TO,20240819,7,7,6.93,6.93,741
POU.TO,20240819,28.24,28.6,28.1,28.19,160032
POW.TO,20240819,38.95,39.31,38.95,39.1,1510348
POW.PR.A.TO,20240819,23.25,23.25,23.11,23.11,700
POW.PR.B.TO,20240819,21.85,21.92,21.82,21.9,5500
POW.PR.C.TO,20240819,23.87,23.87,23.87,23.87,100
POW.PR.D.TO,20240819,20.71,20.8,20.7,20.79,3400
POW.PR.G.TO,20240819,22.75,22.85,22.75,22.8,1700
PPL.TO,20240819,52.61,52.96,52.51,52.68,4942726
PPL.PF.A.TO,20240819,23.55,23.65,23.31,23.35,1610
PPL.PF.E.TO,20240819,24.4,24.4,23.82,24.15,1780
PPL.PR.A.TO,20240819,21.72,21.9,21.65,21.9,5100
PPL.PR.C.TO,20240819,20.87,21.02,20.85,20.85,9200
PPL.PR.E.TO,20240819,23.82,23.82,23.75,23.75,5100
PPL.PR.G.TO,20240819,20.05,20.1,20,20.08,3014
PPL.PR.I.TO,20240819,23.21,23.21,23.21,23.21,900
PPL.PR.O.TO,20240819,21.83,21.83,21.68,21.77,1500
PPL.PR.Q.TO,20240819,23.35,23.35,23.27,23.27,400
PPL.PR.S.TO,20240819,24.37,24.5,24.36,24.5,4700
PPLN.TO,20240819,10.69,10.69,10.68,10.69,1352
PPR.TO,20240819,0.035,0.045,0.035,0.045,221700
PPTA.TO,20240819,11.48,12.33,11.35,12.3,117380
PR.TO,20240819,9.54,9.54,9.54,9.54,500
PRA.TO,20240819,28.1,28.1,28.1,28.1,1089
PRB.TO,20240819,1.17,1.32,1.17,1.31,326655
PREF.TO,20240819,10.26,10.26,10.26,10.26,3100
PRL.TO,20240819,26.3,26.35,25.9,26.04,51135
PRMW.TO,20240819,30.25,30.31,29.99,30.17,85958
PRN.TO,20240819,12.8,13.2,12.53,12.62,7300
PRQ.TO,20240819,1.35,1.35,1.33,1.33,5899
PRU.TO,20240819,2.32,2.36,2.32,2.35,17838
PRV.UN.TO,20240819,5.19,5.23,5.14,5.16,61764
PRYM.TO,20240819,1.85,1.9,1.78,1.78,123584
PSA.TO,20240819,50.13,50.13,50.12,50.13,52571
PSB.TO,20240819,17.62,17.63,17.62,17.63,2210
PSD.TO,20240819,2.23,2.46,2.23,2.46,6937
PSI.TO,20240819,14.42,14.61,14.35,14.38,72494
PSK.TO,20240819,27.09,27.67,27.09,27.28,264318
PSLV.TO,20240819,13.5,13.72,13.45,13.71,185646
PSLV.U.TO,20240819,10.02,10.02,10.01,10.01,200
PSU.U.TO,20240819,100.29,100.3,100.29,100.3,44805
PTI.UN.TO,20240819,6.85,6.85,6.8,6.82,15600
PTM.TO,20240819,1.91,1.93,1.88,1.92,15700
PTO.UN.TO,20240819,7.47,7.47,7.36,7.36,41700
PVS.PR.H.TO,20240819,24.7,24.71,24.7,24.7,700
PVS.PR.I.TO,20240819,24.99,25.1,24.99,25.09,700
PVS.PR.J.TO,20240819,24.55,24.61,24.55,24.61,3400
PVS.PR.K.TO,20240819,24.22,24.4,24.1,24.4,14700
PWF.PF.A.TO,20240819,18.85,18.86,18.75,18.8,8900
PWF.PR.A.TO,20240819,13,13,13,13,500
PWF.PR.E.TO,20240819,22.55,22.61,22.55,22.55,2000
PWF.PR.F.TO,20240819,21.57,21.66,21.56,21.65,3600
PWF.PR.G.TO,20240819,23.94,24.05,23.94,24.05,4840
PWF.PR.H.TO,20240819,23.38,23.4,23.3,23.38,46869
PWF.PR.K.TO,20240819,20.48,20.49,20.39,20.4,11765
PWF.PR.L.TO,20240819,21.01,21.04,21,21.03,600
PWF.PR.O.TO,20240819,23.65,23.65,23.65,23.65,100
PWF.PR.P.TO,20240819,14.73,14.8,14.72,14.8,1000
PWF.PR.Q.TO,20240819,16.3,16.3,16.3,16.3,400
PWF.PR.R.TO,20240819,22.56,22.65,22.56,22.56,6700
PWF.PR.S.TO,20240819,20.06,20.1,19.82,19.82,18350
PWI.TO,20240819,8.14,8.21,8.13,8.21,8119
PWI.PR.A.TO,20240819,10.25,10.25,10.18,10.18,1700
PXC.TO,20240819,39.19,39.23,39.19,39.23,400
PXS.TO,20240819,46.71,46.71,46.71,46.71,100
PXT.TO,20240819,17.32,17.74,17.13,17.5,1659779
PXU.F.TO,20240819,61.82,61.86,61.82,61.86,200
PYF.TO,20240819,17.54,17.55,17.54,17.54,8209
PYR.TO,20240819,0.81,0.9,0.79,0.86,151697
PZA.TO,20240819,13.01,13.01,12.88,12.9,50651
PZW.TO,20240819,34.45,34.51,34.45,34.51,2600
PZW.U.TO,20240819,25.37,25.37,25.37,25.37,200
QASH.TO,20240819,50.3,50.32,50.3,50.32,1500
QBB.TO,20240819,93.87,94.05,93.87,94.03,1000
QBR.A.TO,20240819,34,34,33.8,33.8,1043
QBR.B.TO,20240819,33.3,33.49,32.99,33,955811
QBTC.TO,20240819,77.58,77.86,75.93,77.27,8229
QBTC.U.TO,20240819,56.76,57.04,55.59,57.04,1006
QBTL.TO,20240819,20.52,20.52,20.52,20.52,141
QCE.TO,20240819,140.44,140.78,140.44,140.55,400
QCN.TO,20240819,140.7,141.4,140.7,141.26,886
QDX.TO,20240819,120.55,120.78,120.55,120.78,200
QDXB.TO,20240819,89.48,89.55,89.48,89.53,300
QEE.TO,20240819,94.77,94.77,94.77,94.77,100
QETH.UN.TO,20240819,53.54,53.54,52.96,52.96,1348
QINF.TO,20240819,129.69,129.69,129.69,129.69,148
QIPT.TO,20240819,4.13,4.21,3.71,3.79,81520
QMAX.TO,20240819,20.01,20.28,19.91,20.28,69395
QQC.TO,20240819,31.79,32.06,31.6,32.06,51409
QQC.F.TO,20240819,155.01,157.06,155.01,157.06,4320
QQCC.TO,20240819,12.01,12.08,11.96,12.08,28777
QQCE.TO,20240819,27.03,27.43,27.03,27.43,700
QQCI.TO,20240819,20.8,20.82,20.8,20.82,900
QQCL.TO,20240819,22.76,22.87,22.6,22.87,14910
QQEQ.TO,20240819,26.27,26.39,26.27,26.39,325
QQJR.TO,20240819,20.3,20.3,20.3,20.3,285
QQJR.F.TO,20240819,17.28,17.28,17.27,17.27,3000
QQQL.TO,20240819,21.14,21.17,21.14,21.16,1172
QQQT.TO,20240819,29.55,29.8,29.55,29.8,546
QQQT.B.TO,20240819,30.78,30.78,30.78,30.78,110
QQQX.TO,20240819,29.16,29.44,29.1,29.44,600
QQQX.U.TO,20240819,21.35,21.6,21.31,21.6,2700
QQQY.TO,20240819,26.05,26.34,25.9,26.34,44942
QRC.TO,20240819,0.71,0.74,0.71,0.74,28254
QSR.TO,20240819,97.02,98.44,97.01,97.62,336594
QTRH.TO,20240819,1.63,1.64,1.61,1.63,78548
QUB.TO,20240819,83.41,83.41,83.41,83.41,100
QUIG.TO,20240819,88.09,88.1,88.09,88.1,2000
QUU.TO,20240819,217.61,219.2,217.61,219.2,908
QXM.TO,20240819,29.32,29.32,29.3,29.3,737
RATE.TO,20240819,21.07,21.07,21.06,21.07,582
RAY.A.TO,20240819,8.05,8.12,8.01,8.07,10045
RBA.TO,20240819,112.59,113.51,112.59,113.35,90878
RBN.UN.TO,20240819,8.12,8.23,8.05,8.05,11069
RBNK.TO,20240819,24.69,24.92,24.69,24.9,22822
RBO.TO,20240819,18.57,18.57,18.57,18.57,500
RBOT.TO,20240819,29.5,29.55,29.5,29.55,1735
RBY.TO,20240819,2.61,2.71,2.56,2.59,9225
RCD.TO,20240819,27.77,27.92,27.77,27.83,2134
RCDC.TO,20240819,20.53,20.53,20.53,20.53,150
RCG.TO,20240819,7.82,7.82,7.81,7.81,200
RCG.PR.B.TO,20240819,12.8,12.8,12.8,12.8,575
RCH.TO,20240819,39.77,39.89,38.71,38.82,34927
RCI.B.TO,20240819,54.21,54.88,54.21,54.48,2299889
RDBH.TO,20240819,20.47,20.47,20.46,20.46,2270
REAL.TO,20240819,7.47,7.55,7.38,7.38,27258
REI.UN.TO,20240819,17.74,17.86,17.68,17.79,364742
RGQN.TO,20240819,20.38,20.38,20.38,20.38,425
RGQO.TO,20240819,20.44,20.44,20.44,20.44,368
RGQP.TO,20240819,20.27,20.27,20.26,20.26,2420
RGQQ.TO,20240819,20.17,20.17,20.17,20.17,400
RIFI.TO,20240819,18.07,18.07,18.07,18.07,300
RIIN.TO,20240819,20.37,20.37,20.31,20.31,913
RIRA.TO,20240819,17.77,17.78,17.74,17.77,15800
RIT.TO,20240819,16.41,16.47,16.4,16.42,8001
RMAX.TO,20240819,17.41,17.48,17.41,17.44,17152
ROOT.TO,20240819,2,2.06,2,2.02,17550
RPF.TO,20240819,20.82,20.82,20.79,20.79,631
RPI.UN.TO,20240819,31.75,32.02,31.75,32.02,2923
RQN.TO,20240819,20.35,20.37,20.34,20.37,141400
RQO.TO,20240819,18.53,18.54,18.52,18.53,21361
RQP.TO,20240819,18.11,18.11,18.09,18.1,8800
RQQ.TO,20240819,21.81,21.82,21.79,21.81,4200
RQR.TO,20240819,21.67,21.69,21.67,21.68,2700
RS.TO,20240819,12.07,12.24,11.59,12.09,31860
RS.PR.A.TO,20240819,10.02,10.05,10.01,10.05,2200
RSI.TO,20240819,5.51,5.56,5.51,5.54,99744
RSI.DB.F.TO,20240819,99.3,99.3,99.26,99.26,15000
RUBH.TO,20240819,18.1,18.1,18.1,18.1,2000
RUBY.TO,20240819,21.22,21.45,21.22,21.43,1638
RUD.TO,20240819,69.91,69.91,69.65,69.87,3554
RUD.U.TO,20240819,51.24,51.24,51.24,51.24,100
RUDB.TO,20240819,21,21,21,21,226
RUP.TO,20240819,3.81,3.87,3.67,3.8,90472
RUQS.TO,20240819,21,21,21,21,400
RUS.TO,20240819,38.15,38.55,37.95,38.33,217485
RUSB.U.TO,20240819,15.5,15.5,15.5,15.5,4700
RVX.TO,20240819,0.08,0.085,0.08,0.08,172548
RY.TO,20240819,153.2,154.3,153.14,153.77,4525808
RY.PR.J.TO,20240819,23.95,23.96,23.94,23.96,12565
RY.PR.M.TO,20240819,23.68,23.71,23.68,23.71,1298
RY.PR.N.TO,20240819,24.38,24.4,24.27,24.4,2597
RY.PR.O.TO,20240819,24.19,24.2,24.17,24.17,1300
RY.PR.S.TO,20240819,25.32,25.35,25.32,25.35,2610
S.TO,20240819,0.21,0.22,0.21,0.21,229657
SAM.TO,20240819,0.125,0.13,0.125,0.13,3500
SAP.TO,20240819,29.76,29.99,29.61,29.83,913208
SBC.TO,20240819,8.8,8.85,8.79,8.84,23780
SBC.PR.A.TO,20240819,10.27,10.28,10.27,10.28,15100
SBI.TO,20240819,1.19,1.22,1.19,1.2,1750
SCR.TO,20240819,32.12,32.67,31.5,31.94,39627
SDE.TO,20240819,4.15,4.15,4.06,4.11,157244
SEA.TO,20240819,23.77,25.05,23.64,25.02,112643
SES.TO,20240819,11.97,11.99,11.83,11.85,327144
SFC.TO,20240819,5.84,6.09,5.84,6.09,3745
SFI.TO,20240819,0.285,0.285,0.285,0.285,10000
SFTC.TO,20240819,18.75,18.75,18.35,18.65,42372
SGLD.TO,20240819,0.1,0.1,0.095,0.095,71729
SGNL.TO,20240819,0.085,0.085,0.085,0.085,114800
SGR.U.TO,20240819,8.86,8.86,8.85,8.85,500
SGR.UN.TO,20240819,12.09,12.15,12.06,12.1,90700
SGY.TO,20240819,6.68,6.76,6.65,6.66,428404
SHLE.TO,20240819,14.42,14.42,13.59,13.97,27626
SHOP.TO,20240819,101.98,102.52,101,102.47,1659353
SIA.TO,20240819,15.25,15.26,15.15,15.21,191420
SII.TO,20240819,57.52,57.56,56.53,56.6,24044
SIL.TO,20240819,11.46,12.21,11.46,12.16,356603
SIS.TO,20240819,19.3,19.39,19.25,19.28,21470
SJ.TO,20240819,90.89,91.67,89.98,90.45,169141
SKE.TO,20240819,11.41,11.42,10.26,10.42,632781
SKYY.TO,20240819,23.26,23.34,23.26,23.34,200
SLF.TO,20240819,71.59,72.01,71.45,71.62,1646941
SLF.PR.C.TO,20240819,20.34,20.34,20.28,20.34,2500
SLF.PR.D.TO,20240819,20.18,20.3,20.18,20.27,12100
SLF.PR.E.TO,20240819,20.6,20.6,20.57,20.58,2100
SLF.PR.G.TO,20240819,16.26,16.26,16.23,16.24,1700
SLF.PR.J.TO,20240819,16.99,16.99,16.9,16.91,1000
SLR.TO,20240819,1.07,1.13,1.07,1.13,11200
SLS.TO,20240819,3.09,3.17,3.04,3.14,152408
SMAX.TO,20240819,18.93,19.04,18.93,19.04,11619
SMT.TO,20240819,0.72,0.72,0.7,0.71,36000
SOIL.TO,20240819,2.63,2.65,2.58,2.58,31663
SOLG.TO,20240819,0.18,0.185,0.18,0.18,5080
SOT.UN.TO,20240819,0.345,0.35,0.335,0.335,25544
SOY.TO,20240819,8.53,8.69,8.48,8.67,51367
SPAY.TO,20240819,27.05,27.06,27.01,27.01,5299
SPAY.U.TO,20240819,19.79,19.81,19.79,19.81,1474
SPB.TO,20240819,7.82,7.84,7.74,7.79,847408
SPLT.TO,20240819,10.63,10.64,10.62,10.64,37016
SPPP.TO,20240819,12.64,12.8,12.62,12.75,3384
SRU.UN.TO,20240819,24.2,24.4,24.19,24.28,238339
SRV.UN.TO,20240819,12.63,12.7,12.63,12.66,3267
SSF.UN.TO,20240819,6.97,6.97,6.93,6.94,2948
SSL.TO,20240819,7.45,7.58,7.43,7.54,138396
SSRM.TO,20240819,7.05,7.43,7.03,7.4,494310
STC.TO,20240819,6.8,7.01,6.78,7.01,1709
STCK.TO,20240819,9.91,10.1,9.9,10.1,3990
STEP.TO,20240819,4.1,4.16,4.03,4.11,82400
STGO.TO,20240819,0.63,0.64,0.62,0.63,280338
STLC.TO,20240819,64.79,65.48,64.76,65.14,288606
STLR.TO,20240819,1.1,1.2,1.09,1.15,109341
STN.TO,20240819,113.29,113.43,112.02,112.37,146730
STPL.TO,20240819,24.11,24.2,24.11,24.2,309
SU.TO,20240819,56.63,57.17,56.28,56.4,11432480
SVA.TO,20240819,0.23,0.23,0.2,0.215,480068
SVB.TO,20240819,0.14,0.14,0.135,0.135,6500
SVI.TO,20240819,4.48,4.5,4.41,4.43,117795
SVI.DB.B.TO,20240819,99,99,99,99,10000
SVI.DB.C.TO,20240819,93.66,94,93.59,94,57000
SVM.TO,20240819,4.93,5.19,4.9,5.16,586402
SVR.TO,20240819,13.94,14.14,13.91,14.09,48364
SVR.C.TO,20240819,15.1,15.25,15.1,15.25,6065
SWP.TO,20240819,3.49,3.49,3.45,3.48,406
SXP.TO,20240819,4.09,4.1,4.06,4.06,14679
SYLD.TO,20240819,18.63,18.63,18.63,18.63,125
SYZ.TO,20240819,11.29,11.45,11.22,11.45,106108
T.TO,20240819,21.98,22.03,21.82,21.84,3860140
TA.TO,20240819,11.51,11.55,11.42,11.47,468235
TA.PR.D.TO,20240819,14.66,14.75,14.65,14.75,3000
TA.PR.E.TO,20240819,16.45,16.5,16.4,16.49,3600
TA.PR.F.TO,20240819,19.75,19.94,19.75,19.85,5687
TA.PR.H.TO,20240819,23.25,23.47,23.25,23.42,5100
TA.PR.J.TO,20240819,24,24.1,23.99,24.1,12200
TAL.TO,20240819,0.74,0.74,0.71,0.71,362175
TBAL.TO,20240819,18.22,18.28,18.22,18.27,3900
TBCE.TO,20240819,25.35,25.35,25.35,25.35,5899
TBCF.TO,20240819,25.5,25.5,25.49,25.49,3200
TBCG.TO,20240819,25.64,25.66,25.64,25.66,800
TBIL.TO,20240819,50.11,50.11,50.1,50.1,5903
TBL.TO,20240819,3.87,3.88,3.81,3.87,1101
TBNK.TO,20240819,26.98,27.15,26.98,27.11,2554
TBUE.U.TO,20240819,25.24,25.24,25.24,25.24,100
TBUF.U.TO,20240819,25.25,25.25,25.25,25.25,5200
TBUG.U.TO,20240819,25.49,25.49,25.49,25.49,900
TC.TO,20240819,28.4,30.31,27.67,30.31,3720
TCL.A.TO,20240819,16.58,16.71,16.51,16.59,112433
TCLB.TO,20240819,123,123.36,123,123.3,329
TCLV.TO,20240819,21.25,21.3,21.25,21.25,900
TCON.TO,20240819,15.25,15.29,15.25,15.29,18658
TCS.TO,20240819,42.74,44.78,42.74,43.99,7462
TCSB.TO,20240819,14.64,14.64,14.64,14.64,400
TCSH.TO,20240819,50.16,50.17,50.16,50.17,4820
TCW.TO,20240819,5,5.08,4.96,5.05,410312
TD.TO,20240819,80.63,81.41,80.63,81,2998811
TD.PF.A.TO,20240819,24.6,24.6,24.51,24.51,250
TD.PF.C.TO,20240819,23.95,24,23.95,24,400
TD.PF.I.TO,20240819,25.73,25.93,25.73,25.81,2076
TD.PF.J.TO,20240819,25.28,25.36,25.26,25.36,11300
TDB.TO,20240819,13.16,13.17,13.15,13.16,164200
TDOC.TO,20240819,19.45,19.48,19.45,19.45,4700
TEC.TO,20240819,39.34,39.75,39.11,39.75,64922
TEC.U.TO,20240819,28.65,29.15,28.65,29.15,2401
TECH.TO,20240819,15.25,15.36,15.25,15.36,2002
TECH.B.TO,20240819,17.55,17.56,17.53,17.55,886
TECI.TO,20240819,7.96,8.05,7.96,8.05,1200
TECK.B.TO,20240819,67,67.63,66.9,67.27,1904691
TERM.TO,20240819,9.55,9.56,9.55,9.56,1602
TF.TO,20240819,7.93,7.93,7.86,7.9,92045
TF.DB.E.TO,20240819,97.49,97.49,97.49,97.49,2000
TFII.TO,20240819,201.68,202.46,199.52,200.82,85601
TFPM.TO,20240819,22.08,22.28,21.98,22.17,68853
TGED.TO,20240819,25,25.17,24.95,25.17,24888
TGED.U.TO,20240819,18.35,18.35,18.35,18.35,578
TGFI.TO,20240819,20.58,20.58,20.57,20.57,2700
TGGR.TO,20240819,26.75,26.96,26.75,26.93,2300
TGO.TO,20240819,2,2.1,1.95,1.95,8093
TGRE.TO,20240819,14.88,15,14.88,15,500
TGRO.TO,20240819,21.58,21.66,21.58,21.65,9793
TH.TO,20240819,1.88,1.9,1.85,1.88,10576
The.TO,20240819,25.34,25.53,25.34,25.52,6850
THNC.TO,20240819,3.39,3.49,3.36,3.42,10793
THU.TO,20240819,37.08,37.2,36.95,37.2,500
TI.TO,20240819,0.215,0.215,0.215,0.215,2500
TIH.TO,20240819,122.54,123.51,121.92,122.24,50254
TILV.TO,20240819,16.65,16.65,16.65,16.65,600
TINF.TO,20240819,19.84,20.06,19.84,20.06,4100
TIPS.F.TO,20240819,28.88,28.88,28.82,28.82,700
TIXT.TO,20240819,4.69,4.86,4.59,4.67,303215
TKN.TO,20240819,17.73,18,17.73,18,671
TKO.TO,20240819,3.19,3.19,3.06,3.1,593395
TLF.TO,20240819,24.07,24.15,24.07,24.15,1425
TLG.TO,20240819,0.425,0.43,0.415,0.43,43344
TLO.TO,20240819,0.11,0.11,0.095,0.1,1644269
TLRY.TO,20240819,2.65,2.67,2.59,2.63,785229
TLV.TO,20240819,31.5,31.51,31.45,31.46,7113
TMD.TO,20240819,0.055,0.055,0.05,0.05,22800
TMQ.TO,20240819,0.69,0.73,0.68,0.71,16500
TNT.UN.TO,20240819,9.02,9.26,8.96,9.03,48729
TNZ.TO,20240819,8.03,8.31,7.8,7.97,82018
TOT.TO,20240819,9.15,9.18,9.03,9.09,104983
TOU.TO,20240819,63.28,63.75,62.33,62.42,2475692
TOY.TO,20240819,31.15,32.18,31.15,31.86,55538
TPE.TO,20240819,22.56,22.71,22.56,22.7,6530
TPRF.TO,20240819,10.67,10.68,10.67,10.67,4200
TPU.TO,20240819,42.92,43.17,42.86,43.17,35904
TPU.U.TO,20240819,31.85,31.96,31.85,31.96,700
TPX.B.TO,20240819,73.49,73.49,73.49,73.49,250
TPZ.TO,20240819,25.91,26.28,25.27,26.03,411132
TQCD.TO,20240819,17.78,17.88,17.78,17.8,43319
TQGD.TO,20240819,19.45,19.54,19.43,19.54,31670
TQGM.TO,20240819,17.87,17.87,17.87,17.87,500
TQSM.TO,20240819,23.07,23.35,23.07,23.31,13665
TRI.TO,20240819,223.98,225.09,223.23,223.39,628843
TRI.PR.B.TO,20240819,13.7,13.7,13.65,13.65,4600
TRP.TO,20240819,60.76,61.33,60.75,61.19,2491058
TRP.PR.A.TO,20240819,16.34,16.43,16.33,16.43,20659
TRP.PR.B.TO,20240819,12.86,13.05,12.86,13,3277
TRP.PR.C.TO,20240819,13.37,13.56,13.37,13.56,3500
TRP.PR.D.TO,20240819,20.27,20.5,20.27,20.36,18379
TRP.PR.E.TO,20240819,18.34,18.4,18.3,18.4,9822
TRP.PR.F.TO,20240819,16.93,17.01,16.88,17.01,1500
TRP.PR.H.TO,20240819,14.25,14.25,14.21,14.21,1809
TRP.PR.I.TO,20240819,15,15,15,15,100
TRVI.TO,20240819,18.56,18.64,18.52,18.64,828
TRVL.TO,20240819,23.12,23.45,23.12,23.45,3152
TRVL.U.TO,20240819,22,22.02,22,22.02,1600
TRX.TO,20240819,0.56,0.56,0.51,0.51,27588
TRZ.TO,20240819,1.93,1.95,1.92,1.94,33617
TSAT.TO,20240819,13.18,13.65,13.18,13.48,1326
TSK.TO,20240819,0.38,0.38,0.34,0.345,58723
TSL.TO,20240819,2.78,2.78,2.66,2.77,8112
TSND.TO,20240819,2.33,2.39,2.25,2.28,119251
TSU.TO,20240819,42.02,42.59,41.64,41.87,44355
TTNM.TO,20240819,2.12,2.15,2.1,2.13,10901
TTP.TO,20240819,26.36,26.52,26.36,26.45,22344
TUED.TO,20240819,27.73,27.83,27.6,27.83,20694
TUED.U.TO,20240819,20.17,20.28,20.17,20.28,400
TUEX.TO,20240819,25.51,25.51,25.43,25.45,1742
TUHY.TO,20240819,21.16,21.16,21.16,21.16,100
TULB.TO,20240819,119.68,119.68,119.68,119.68,188
TUSB.TO,20240819,14.09,14.09,14.09,14.09,100
TVE.TO,20240819,4.1,4.17,4.08,4.08,3096668
TVK.TO,20240819,94,94.97,90.92,91.3,32744
TWM.TO,20240819,0.3,0.35,0.29,0.345,5519957
TWM.DB.A.TO,20240819,91.5,91.75,91.5,91.75,3049000
TXF.TO,20240819,21.31,21.51,21.15,21.51,51939
TXF.B.TO,20240819,26.48,26.48,26.48,26.48,100
TXG.TO,20240819,23.72,25.09,23.7,24.89,291376
TXP.TO,20240819,0.56,0.6,0.54,0.58,163150
U.U.TO,20240819,17.21,17.43,16.82,16.85,40689
U.UN.TO,20240819,23.43,23.85,22.91,22.98,793962
UBIL.U.TO,20240819,50.09,50.09,50.09,50.09,2046
UCSH.U.TO,20240819,50.13,50.14,50.13,50.14,7369
UDIV.TO,20240819,13.5,13.58,13.5,13.58,3600
UDIV.B.TO,20240819,14.35,14.36,14.35,14.36,3704
ULV.F.TO,20240819,49.75,50,49.75,50,5200
UMAX.TO,20240819,14.66,14.73,14.65,14.7,195582
UNC.TO,20240819,125.31,125.31,125,125,207
UNI.TO,20240819,1.75,1.75,1.75,1.75,100
URB.TO,20240819,5.28,5.28,5.08,5.08,1727
URB.A.TO,20240819,4.92,4.96,4.92,4.96,1427
URC.TO,20240819,3.01,3.05,2.92,2.92,190984
URC.WT.TO,20240819,0.96,0.96,0.95,0.95,1700
URE.TO,20240819,1.47,1.49,1.46,1.46,28733
USA.TO,20240819,0.345,0.375,0.345,0.375,350069
USCC.TO,20240819,18.76,18.76,18.7,18.76,3840
USCC.U.TO,20240819,13.7,13.7,13.7,13.7,200
USCL.TO,20240819,21.95,22.01,21.86,22.01,14859
USSL.TO,20240819,21.22,21.22,21.22,21.22,100
USSX.U.TO,20240819,21.18,21.18,21.18,21.18,1400
UTIL.TO,20240819,21.37,21.49,21.37,21.44,750
VA.TO,20240819,38.94,38.94,38.94,38.94,166
VAB.TO,20240819,23.17,23.2,23.16,23.18,110182
VALT.TO,20240819,31.19,31.19,31.1,31.17,1457
VALT.U.TO,20240819,24.82,24.86,24.82,24.86,200
VBAL.TO,20240819,31.94,32.03,31.93,32.03,52596
VBNK.TO,20240819,16.34,16.52,16.21,16.47,13966
VBNK.PR.A.TO,20240819,10.02,10.02,10.02,10.02,300
VCB.TO,20240819,23.92,23.92,23.89,23.92,1827
VCE.TO,20240819,50.55,50.82,50.55,50.72,13344
VCIP.TO,20240819,26.05,26.1,26.05,26.09,16648
VCM.TO,20240819,20.07,21,20.07,20.85,1348
VCN.TO,20240819,47,47.3,47,47.14,43701
VCNS.TO,20240819,28.74,28.78,28.74,28.76,7780
VDU.TO,20240819,43.9,44.1,43.9,44.06,10133
VDY.TO,20240819,45.98,46.31,45.98,46.12,97180
VE.TO,20240819,36.45,36.45,36.45,36.45,121
VEE.TO,20240819,36.86,37.1,36.86,37.03,15855
VEF.TO,20240819,55.96,56.21,55.96,56.21,3440
VEQT.TO,20240819,42.43,42.58,42.42,42.56,93479
VET.TO,20240819,13.97,14.2,13.9,13.95,799878
VFV.TO,20240819,135,135.74,134.63,135.74,183619
VGG.TO,20240819,89.12,89.12,88.8,89.04,9722
VGH.TO,20240819,62.54,62.71,62.47,62.71,6376
VGRO.TO,20240819,35.37,35.48,35.33,35.48,91056
VGV.TO,20240819,22.69,22.69,22.69,22.69,218
VGZ.TO,20240819,0.77,0.83,0.77,0.82,69166
VHI.TO,20240819,8.53,8.53,8.46,8.53,51714
VI.TO,20240819,39.17,39.49,39.17,39.43,9225
VIDY.TO,20240819,31.44,31.57,31.33,31.54,5701
VIU.TO,20240819,34.94,35.14,34.94,35.13,22720
VLB.TO,20240819,21.62,21.71,21.6,21.68,26802
VLE.TO,20240819,5.09,5.3,5.05,5.07,528891
VLN.TO,20240819,6.27,6.27,6.26,6.27,2614
VMO.TO,20240819,59.02,59.45,59,59.45,567
VNP.TO,20240819,6.12,6.23,6.09,6.15,34030
VOXR.TO,20240819,3.56,3.65,3.45,3.52,29850
VQS.TO,20240819,0.25,0.25,0.23,0.24,39742
VRE.TO,20240819,31.97,32.16,31.97,32.07,9448
VRIF.TO,20240819,24.73,24.79,24.73,24.77,12555
VRN.TO,20240819,10.09,10.25,10.01,10.03,4121026
VRTS.TO,20240819,0.015,0.02,0.015,0.02,232001
VSB.TO,20240819,23.12,23.15,23.12,23.14,15923
VSC.TO,20240819,23.8,23.82,23.8,23.81,3524
VSP.TO,20240819,90.35,91.1,90.3,91.1,25776
VUN.TO,20240819,101.59,102.17,101.39,102.17,19177
VUS.TO,20240819,97.1,98.01,97.1,98.01,3120
VVL.TO,20240819,49.68,50,49.68,49.9,5964
VXC.TO,20240819,60.11,60.39,60.09,60.39,17747
WCN.TO,20240819,249.33,250.68,248.5,249.13,182071
WCP.TO,20240819,10.46,10.49,10.26,10.27,1321219
WDO.TO,20240819,13.9,14.02,13.58,13.77,676351
WEED.TO,20240819,9.66,9.68,8.96,9.04,1756925
WEF.TO,20240819,0.46,0.46,0.45,0.45,300007
WELL.TO,20240819,4.73,4.76,4.64,4.65,399318
WELL.DB.TO,20240819,97,97,97,97,1000
WFC.TO,20240819,19.74,21,19.74,20.85,4600
WFG.TO,20240819,116.49,117.69,116.23,116.42,112320
WGX.TO,20240819,2.73,2.74,2.68,2.7,1810825
WILD.TO,20240819,1.44,1.46,1.43,1.46,13888
WJX.TO,20240819,24.53,24.77,24.36,24.48,12297
WJX.DB.TO,20240819,100.1,100.15,100.1,100.15,25000
WM.TO,20240819,0.075,0.085,0.075,0.085,294111
WN.TO,20240819,216.29,217.87,214.56,214.94,163992
WN.PR.A.TO,20240819,24.19,24.35,24.19,24.3,900
WN.PR.C.TO,20240819,21.56,21.68,21.56,21.61,24500
WN.PR.D.TO,20240819,21.64,21.64,21.6,21.62,2500
WN.PR.E.TO,20240819,20.2,20.21,20,20,2300
WNDR.TO,20240819,0.155,0.17,0.15,0.17,491234
WOMN.TO,20240819,35.05,35.08,35.05,35.05,1401
WPK.TO,20240819,46.08,46.08,45.19,45.19,34038
WPM.TO,20240819,80.61,82.8,80.27,82.52,900133
WPRT.TO,20240819,8.14,8.14,7.85,7.89,5519
WRN.TO,20240819,1.64,1.64,1.59,1.61,8029
WRX.TO,20240819,0.04,0.045,0.035,0.045,104300
WSP.TO,20240819,223.01,224.99,219.51,222.84,268716
WSRD.TO,20240819,29.6,29.64,29.59,29.61,603
WSRI.TO,20240819,41.76,41.96,41.76,41.96,728
WTE.TO,20240819,23.63,23.83,23.63,23.72,49552
WXM.TO,20240819,28.81,28.91,28.81,28.85,2850
X.TO,20240819,42.2,42.58,42.05,42.13,426604
XAD.TO,20240819,63.64,63.64,63.64,63.64,102
XAGG.TO,20240819,37.84,37.84,37.84,37.84,300
XAGH.TO,20240819,33.91,34.17,33.91,34.17,2836
XAM.TO,20240819,0.05,0.05,0.05,0.05,1800
XAU.TO,20240819,8.23,8.35,8.17,8.35,19227
XAW.TO,20240819,41.93,42.15,41.93,42.15,36386
XBAL.TO,20240819,29.1,29.22,29.1,29.22,46378
XBB.TO,20240819,28.39,28.44,28.38,28.43,121216
XBM.TO,20240819,20.03,20.33,20.03,20.31,13623
XCB.TO,20240819,19.96,19.99,19.95,19.95,35813
XCD.TO,20240819,51.5,51.99,51.5,51.99,900
XCG.TO,20240819,51.54,51.63,51.52,51.54,1205
XCH.TO,20240819,17.21,17.35,17.21,17.25,249489
XCHP.TO,20240819,54.3,55.4,54.2,55.4,9940
XCNS.TO,20240819,22.97,22.98,22.94,22.98,1580
XCS.TO,20240819,20.26,20.31,20.26,20.3,1239
XCSR.TO,20240819,67.71,67.87,67.71,67.81,2409
XCV.TO,20240819,36.59,36.82,36.59,36.74,2903
XDG.TO,20240819,26.49,26.57,26.49,26.57,1518
XDGH.TO,20240819,26.7,26.7,26.7,26.7,800
XDIV.TO,20240819,28.11,28.28,28.11,28.14,96738
XDSR.TO,20240819,59.52,59.65,59.52,59.65,1302
XDU.TO,20240819,30.45,30.45,30.33,30.35,1800
XDV.TO,20240819,29.06,29.22,29.06,29.1,36045
XEB.TO,20240819,16.19,16.19,16.19,16.19,100
XEC.TO,20240819,28.75,28.94,28.75,28.94,52122
XEF.TO,20240819,38.19,38.38,38.19,38.37,48154
XEG.TO,20240819,18.76,18.95,18.64,18.67,959073
XEH.TO,20240819,32.86,32.91,32.85,32.91,740
XEI.TO,20240819,26.11,26.29,26.11,26.15,157910
XEM.TO,20240819,32.91,33.06,32.91,33.01,3434
XEMC.TO,20240819,49.43,49.43,49.41,49.41,564
XEN.TO,20240819,34.73,34.73,34.7,34.7,200
XEQT.TO,20240819,31.62,31.78,31.61,31.78,140564
XESG.TO,20240819,27.86,27.86,27.8,27.81,2710
XETM.TO,20240819,38,38.38,38,38.38,400
XEU.TO,20240819,30.84,30.91,30.84,30.86,3901
XFH.TO,20240819,31.86,31.91,31.84,31.91,6576
XFLB.TO,20240819,50.33,50.33,50.33,50.33,100
XFN.TO,20240819,51.92,52.24,51.92,52.07,198505
XFR.TO,20240819,20.12,20.12,20.11,20.12,15269
XGB.TO,20240819,19.54,19.58,19.53,19.55,38101
XGD.TO,20240819,22.73,23.25,22.73,23.22,595714
XGI.TO,20240819,52.32,52.32,52.32,52.32,148
XGRO.TO,20240819,28.85,28.96,28.85,28.96,48826
XHAK.TO,20240819,47.1,47.82,47.1,47.82,200
XHB.TO,20240819,19.46,19.52,19.46,19.51,8259
XHC.TO,20240819,75.82,76.23,75.82,76.15,4318
XHD.TO,20240819,34.15,34.25,34.15,34.17,847
XHU.TO,20240819,32.2,32.22,32.16,32.17,1201
XHY.TO,20240819,16.7,16.77,16.69,16.74,39618
XIC.TO,20240819,36.8,37.04,36.8,36.92,95907
XID.TO,20240819,56.47,56.47,56.3,56.33,1489
XIG.TO,20240819,20.48,20.58,20.48,20.56,3028
XIGS.TO,20240819,37.63,37.64,37.63,37.63,2500
XIN.TO,20240819,36.04,36.2,36.04,36.18,4939
XINC.TO,20240819,20.26,20.26,20.26,20.26,323
XIT.TO,20240819,55.81,55.97,55.73,55.89,6465
XIU.TO,20240819,35.1,35.32,35.1,35.19,890608
XLB.TO,20240819,19.75,19.83,19.75,19.81,107278
XLVE.TO,20240819,8.44,8.44,8.44,8.44,100
XLY.TO,20240819,0.05,0.05,0.04,0.04,318554
XMA.TO,20240819,21.34,21.73,21.34,21.7,64153
XMC.TO,20240819,31.67,31.78,31.67,31.78,13744
XMC.U.TO,20240819,23.45,23.49,23.45,23.49,3220
XMD.TO,20240819,35.52,35.76,35.52,35.6,6390
XMH.TO,20240819,27.23,27.35,27.2,27.35,4965
XMI.TO,20240819,38.83,38.84,38.83,38.84,419
XMU.TO,20240819,81.85,81.85,81.85,81.85,192
XMV.TO,20240819,43.99,44.14,43.99,44.05,952
XMW.TO,20240819,53.58,53.58,53.54,53.54,1400
XPF.TO,20240819,15.15,15.17,15.1,15.17,2592
XQB.TO,20240819,19.07,19.07,19.07,19.07,450
XQLT.TO,20240819,39.05,39.16,39.05,39.16,2800
XQQ.TO,20240819,49.23,49.82,49.02,49.82,92419
XQQU.TO,20240819,63.38,64.05,63.38,64.05,763
XQQU.U.TO,20240819,46.66,46.98,46.66,46.98,300
XRB.TO,20240819,22.91,22.93,22.88,22.91,12126
XRE.TO,20240819,15.87,16,15.87,15.93,185484
XSAB.TO,20240819,18.25,18.25,18.25,18.25,1943
XSB.TO,20240819,26.64,26.65,26.63,26.64,49857
XSC.TO,20240819,18,18,18,18,100
XSE.TO,20240819,18.16,18.16,18.16,18.16,810
XSEA.TO,20240819,26.36,26.36,26.36,26.36,1764
XSEM.TO,20240819,20.66,20.78,20.66,20.78,3293
XSH.TO,20240819,18.83,18.83,18.82,18.83,17558
XSHG.TO,20240819,38.82,38.82,38.82,38.82,100
XSHU.TO,20240819,42.06,42.08,42.05,42.05,4325
XSI.TO,20240819,17.18,17.18,17.18,17.18,100
XSMC.TO,20240819,31.04,31.1,31.04,31.1,706
XSMH.TO,20240819,28.16,28.27,28.16,28.27,1617
XSP.TO,20240819,58.11,58.58,58.02,58.58,138341
XSPC.TO,20240819,40.48,40.66,40.48,40.66,847
XST.TO,20240819,52.12,52.74,52.09,52.17,8793
XSTB.TO,20240819,19.51,19.58,19.51,19.57,7962
XSTH.TO,20240819,37.24,37.24,37.23,37.23,650
XSTP.TO,20240819,41.44,41.44,41.31,41.31,1729
XSU.TO,20240819,41.37,41.75,41.36,41.75,70991
XSUS.TO,20240819,40.33,40.47,40.33,40.47,465
XTC.TO,20240819,7.85,7.9,7.8,7.85,19982
XTD.TO,20240819,2.05,2.12,2.05,2.1,31005
XTG.TO,20240819,1.31,1.34,1.31,1.34,11404
XTLH.TO,20240819,36.72,36.95,36.72,36.88,21988
XTLT.TO,20240819,38,38.15,37.94,38.02,8675
XTR.TO,20240819,11.06,11.07,11.05,11.05,34098
XTRA.TO,20240819,0.63,0.65,0.63,0.63,175488
XUH.TO,20240819,45.96,46.25,45.96,46.25,3001
XUS.TO,20240819,47.2,47.41,47.1,47.4,48200
XUS.U.TO,20240819,34.92,35.25,34.92,35.25,2101
XUSC.TO,20240819,40.6,40.61,40.46,40.61,630
XUSR.TO,20240819,83.58,84.4,83.58,84.4,1412
XUT.TO,20240819,27.02,27.14,27.02,27.05,253685
XUU.TO,20240819,56.03,56.32,55.92,56.32,15787
XWD.TO,20240819,89.27,89.53,89.12,89.51,2488
Y.TO,20240819,9.83,9.99,9.75,9.94,7372
YGR.TO,20240819,1.07,1.12,1.07,1.12,16584
ZACE.TO,20240819,43.15,43.15,43.15,43.15,300
ZAG.TO,20240819,13.92,13.94,13.92,13.93,125726
ZBAL.TO,20240819,39.05,39.05,38.89,38.97,1885
ZBAL.T.TO,20240819,29.84,29.89,29.84,29.89,1100
ZBBB.TO,20240819,28.42,28.43,28.42,28.43,2700
ZBK.TO,20240819,31.93,31.95,31.8,31.95,5978
ZCB.TO,20240819,46.89,46.93,46.83,46.83,975
ZCH.TO,20240819,13.6,13.75,13.6,13.75,5975
ZCLN.TO,20240819,15.11,15.31,15.11,15.27,3722
ZCM.TO,20240819,15.37,15.37,15.36,15.37,6829
ZCN.TO,20240819,30.88,31.08,30.85,30.96,61195
ZCPB.TO,20240819,28.13,28.13,28.11,28.11,9500
ZCS.TO,20240819,13.74,13.74,13.72,13.73,17908
ZCS.L.TO,20240819,23.93,23.93,23.93,23.93,1200
ZDB.TO,20240819,15.07,15.08,15.06,15.07,28247
ZDH.TO,20240819,27.36,27.42,27.25,27.4,12633
ZDI.TO,20240819,24.3,24.46,24.3,24.44,6819
ZDJ.TO,20240819,63.2,63.41,63.2,63.41,4279
ZDM.TO,20240819,29.69,29.74,29.68,29.7,4368
ZDV.TO,20240819,21.02,21.17,21.02,21.09,89575
ZDY.TO,20240819,43.1,43.14,43.09,43.12,1970
ZEA.TO,20240819,23.38,23.49,23.38,23.47,44001
ZEB.TO,20240819,37.09,37.33,37.09,37.25,1368217
ZEF.TO,20240819,12.53,12.58,12.53,12.58,3300
ZEM.TO,20240819,21.62,21.7,21.58,21.67,8529
ZEO.TO,20240819,74.55,74.69,73.88,73.88,14016
ZEQ.TO,20240819,31.65,31.84,31.65,31.71,2004
ZEQT.TO,20240819,48.64,48.7,48.64,48.68,878
ZESG.TO,20240819,36.33,36.65,36.33,36.65,706
ZFH.TO,20240819,14.77,14.79,14.73,14.79,7050
ZFL.TO,20240819,13.48,13.54,13.47,13.5,36903
ZFM.TO,20240819,14.77,14.78,14.76,14.76,10065
ZFN.TO,20240819,50.33,50.35,50.33,50.35,203
ZFS.TO,20240819,13.74,13.74,13.74,13.74,500
ZGD.TO,20240819,102.7,105.13,102.7,105.13,4879
ZGI.TO,20240819,47.4,47.61,47.37,47.6,2289
ZGLD.TO,20240819,36.85,36.9,36.62,36.78,1637
ZGQ.TO,20240819,67.92,68.39,67.8,68.39,7283
ZGRO.TO,20240819,43.5,43.67,43.49,43.67,13357
ZGRO.T.TO,20240819,34.03,34.03,34.03,34.03,247
ZGSB.TO,20240819,27.61,27.64,27.61,27.64,300
ZHP.TO,20240819,18.39,18.39,18.39,18.39,110
ZHU.TO,20240819,44.89,44.89,44.89,44.89,1954
ZHY.TO,20240819,11.29,11.31,11.28,11.31,7462
ZIC.TO,20240819,17.98,17.99,17.97,17.99,3170
ZID.TO,20240819,51.9,51.9,51.69,51.72,2900
ZIU.TO,20240819,53.57,53.57,53.57,53.57,107
ZJG.TO,20240819,90.19,91.45,90.19,91.42,3752
ZJK.TO,20240819,18.51,18.51,18.42,18.43,3068
ZJPN.TO,20240819,35.23,35.33,35.23,35.33,619
ZJPN.F.TO,20240819,45.89,45.89,45.89,45.89,100
ZLB.TO,20240819,46.49,46.73,46.49,46.52,34551
ZLC.TO,20240819,15.35,15.42,15.35,15.4,27207
ZLD.TO,20240819,27.69,27.69,27.69,27.69,1600
ZLE.TO,20240819,19,19,19,19,100
ZLH.TO,20240819,34.77,34.77,34.77,34.77,2994
ZLU.TO,20240819,53.05,53.23,53.05,53.18,4322
ZLU.U.TO,20240819,39.99,39.99,39.98,39.98,2438
ZMI.TO,20240819,16.99,17.09,16.99,17.07,12402
ZMID.TO,20240819,44.37,44.37,44.37,44.37,1247
ZMMK.TO,20240819,50.03,50.03,50.02,50.03,60675
ZMT.TO,20240819,65.62,65.62,65.62,65.62,170
ZMU.TO,20240819,12.9,12.92,12.89,12.89,7713
ZNQ.TO,20240819,86.42,87.19,86.15,87.19,7102
ZNQ.U.TO,20240819,42.48,43.1,42.48,43.1,5235
ZPAY.TO,20240819,31.75,31.75,31.62,31.68,3336
ZPAY.U.TO,20240819,30.2,30.2,30.2,30.2,2000
ZPH.TO,20240819,14.85,14.86,14.85,14.86,630
ZPL.TO,20240819,12.75,12.79,12.75,12.78,6900
ZPR.TO,20240819,10.34,10.44,10.34,10.44,51796
ZPS.TO,20240819,12.29,12.29,12.28,12.28,1430
ZPW.TO,20240819,15.77,15.77,15.76,15.76,329
ZQB.TO,20240819,28.76,28.76,28.74,28.74,1100
ZQQ.TO,20240819,136.83,138.55,136.48,138.53,19175
ZRE.TO,20240819,21.2,21.38,21.2,21.32,19305
ZRR.TO,20240819,14.6,14.66,14.6,14.65,4150
ZSDB.TO,20240819,30.29,30.29,30.27,30.27,485
ZSML.TO,20240819,41.37,41.37,41.05,41.08,1261
ZSP.TO,20240819,83.13,83.61,82.9,83.6,195217
ZSP.U.TO,20240819,60.81,61.32,60.74,61.32,2763
ZST.TO,20240819,48.96,48.96,48.95,48.96,24339
ZST.L.TO,20240819,59.46,59.47,59.46,59.46,13619
ZSU.TO,20240819,13.43,13.43,13.43,13.43,600
ZTIP.F.TO,20240819,28.74,28.74,28.73,28.73,1800
ZUAG.TO,20240819,32.05,32.05,32.05,32.05,625
ZUAG.F.TO,20240819,30.25,30.27,30.25,30.26,300
ZUB.TO,20240819,28.85,29.31,28.85,29.3,31413
ZUCM.U.TO,20240819,30.08,30.08,30.08,30.08,1300
ZUD.TO,20240819,29.87,29.87,29.87,29.87,300
ZUE.TO,20240819,77.01,77.68,76.95,77.68,21686
ZUH.TO,20240819,72.51,73.05,72.51,73.05,3920
ZUP.TO,20240819,20.91,20.91,20.91,20.91,1568
ZUQ.TO,20240819,83.01,83.23,82.65,83.23,5641
ZUS.U.TO,20240819,46.87,46.9,46.87,46.9,1308
ZUS.V.TO,20240819,56.54,56.54,56.54,56.54,100
ZUT.TO,20240819,21.03,21.07,20.96,20.97,55545
ZVC.TO,20240819,28.43,28.43,28.43,28.43,3100
ZVU.TO,20240819,28.67,28.72,28.67,28.72,200
ZWA.TO,20240819,26.01,26.12,26.01,26.09,1371
ZWB.TO,20240819,18.21,18.33,18.21,18.3,237408
ZWC.TO,20240819,17.56,17.71,17.56,17.65,107434
ZWE.TO,20240819,20.6,20.69,20.55,20.55,9005
ZWEN.TO,20240819,29.88,30.05,29.87,29.87,1150
ZWG.TO,20240819,30.91,31.1,30.91,31.05,4880
ZWH.TO,20240819,23.8,23.87,23.8,23.87,9433
ZWH.U.TO,20240819,24,24,23.97,23.97,450
ZWK.TO,20240819,21.96,22.1,21.93,22.1,12079
ZWP.TO,20240819,18.55,18.55,18.3,18.3,10101
ZWQT.TO,20240819,16.75,16.81,16.75,16.81,2345
ZWS.TO,20240819,20.7,20.73,20.7,20.72,2607
ZWT.TO,20240819,45.8,46.4,45.8,46.4,1332
ZWU.TO,20240819,10.76,10.81,10.76,10.79,252867
ZXM.B.TO,20240819,38.42,38.42,38.42,38.42,300
ZZZD.TO,20240819,29.1,29.11,29.1,29.11,1747
