<ticker>,<date>,<open>,<high>,<low>,<close>,<vol>
AAV.TO,20230727,9.25,9.26,9.15,9.2,308532
ABX.TO,20230727,22.48,22.51,22.12,22.21,2604708
AC.TO,20230727,24.66,24.76,23.84,23.95,2495483
ACB.TO,20230727,0.66,0.68,0.64,0.67,1296512
ACB.WS.U.TO,20230727,0.06,0.06,0.06,0.06,1000
ACD.DB.TO,20230727,98.4,98.5,98.4,98.4,91000
ACO.X.TO,20230727,39,39,37.67,37.83,264502
ACO.Y.TO,20230727,39,39,38.5,38.5,706
ACQ.TO,20230727,21.84,21.91,21.51,21.58,18666
AD.DB.TO,20230727,97.6,97.97,97.6,97.97,15000
AD.UN.TO,20230727,15.9,15.9,15.56,15.63,55827
ADEN.TO,20230727,33.92,34.81,33.92,34.7,31901
ADN.TO,20230727,16.75,16.91,16.6,16.7,5025
ADW.A.TO,20230727,4.11,4.3,4.11,4.26,39639
AEM.TO,20230727,69.3,69.38,66.88,66.94,1210279
AFN.TO,20230727,54.54,56.11,54.09,56,75640
AFN.DB.F.TO,20230727,97.99,98.25,97.99,98.2,41999
AFN.DB.G.TO,20230727,97.5,98,97.5,98,63000
AFN.DB.I.TO,20230727,135,135.3,135,135,195000
AFN.DB.J.TO,20230727,99.03,102,99.03,102,85000
AGF.B.TO,20230727,7.93,7.93,7.82,7.82,50798
AGI.TO,20230727,16.55,16.55,15.63,15.63,624720
AI.TO,20230727,11.69,11.69,11.43,11.58,34744
AI.DB.D.TO,20230727,95.12,95.12,95.03,95.03,15000
AI.DB.G.TO,20230727,85.1,85.1,85.1,85.1,45000
AIF.TO,20230727,43.97,44.25,43.11,43.49,170767
AII.TO,20230727,0.57,0.58,0.57,0.58,8629
AIM.TO,20230727,3.36,3.36,3.31,3.31,13607
AIM.PR.C.TO,20230727,19.7,19.7,19.7,19.7,100
AKT.A.TO,20230727,1.7,1.7,1.65,1.7,32255
ALA.TO,20230727,24.93,25.01,24.75,24.89,612010
ALA.PR.A.TO,20230727,15,15,15,15,1300
ALA.PR.B.TO,20230727,17.6,17.6,17.46,17.49,400
ALA.PR.G.TO,20230727,17.25,17.27,17.24,17.26,1900
ALC.TO,20230727,15.15,15.35,15.15,15.3,6258
ALC.DB.A.TO,20230727,104,105.47,104,105.47,11000
ALS.TO,20230727,20.85,21.07,20.7,20.81,62645
ALYA.TO,20230727,2.52,2.55,2.45,2.45,30685
AMC.TO,20230727,3,3.05,2.96,3.04,190846
AMM.TO,20230727,0.2,0.2,0.2,0.2,1000
AND.TO,20230727,43.59,43.87,42.7,42.7,11137
AOI.TO,20230727,3.04,3.1,3.03,3.03,399553
AOT.TO,20230727,0.56,0.57,0.56,0.56,43109
AP.UN.TO,20230727,22.6,22.63,21.29,21.65,828258
APLI.TO,20230727,0.06,0.06,0.06,0.06,16000
APR.UN.TO,20230727,11.84,11.84,11.6,11.64,22435
APS.TO,20230727,5.2,5.2,5.2,5.2,1059
AQN.TO,20230727,10.92,10.99,10.78,10.81,1607424
AQN.PR.A.TO,20230727,19.45,19.45,19.35,19.38,1930
AQN.PR.D.TO,20230727,19.2,19.2,19.2,19.2,102
AR.TO,20230727,0.58,0.58,0.55,0.55,2452198
ARA.TO,20230727,0.36,0.445,0.36,0.395,147065
ARB.TO,20230727,25.75,25.75,25.75,25.75,600
ARE.TO,20230727,11.3,11.3,10.13,10.44,2241078
ARG.TO,20230727,1.56,1.56,1.54,1.55,141072
ARIS.TO,20230727,3.38,3.4,3.25,3.26,95972
ARKG.TO,20230727,15.75,15.75,15.45,15.45,359
ARKK.TO,20230727,18.72,18.72,18.07,18.14,6499
ARKW.TO,20230727,20.68,20.68,19.92,19.93,1550
ARR.TO,20230727,9.38,9.39,9.13,9.33,4500
ARX.TO,20230727,19.7,19.76,19.4,19.54,1994022
ASCU.TO,20230727,1.65,1.68,1.64,1.66,25230
ASM.TO,20230727,0.97,0.97,0.92,0.94,20586
ASND.TO,20230727,0.16,0.16,0.15,0.15,32010
ASTL.TO,20230727,9.57,9.61,9.44,9.44,59190
ATCU.TO,20230727,0.52,0.52,0.49,0.51,82552
ATD.TO,20230727,67.29,67.73,66.75,66.95,531706
ATH.TO,20230727,3.5,3.52,3.31,3.32,4455346
ATS.TO,20230727,60.63,60.72,58.94,59.09,147931
ATZ.TO,20230727,25.86,25.86,24.63,24.87,694525
AUMN.TO,20230727,1.67,1.74,1.63,1.74,11454
AVCN.TO,20230727,0.32,0.32,0.3,0.305,18000
AVL.TO,20230727,0.17,0.17,0.165,0.17,112251
AVNT.TO,20230727,0.18,0.195,0.18,0.19,84006
AW.UN.TO,20230727,34.7,34.72,34.28,34.53,10908
AX.PR.E.TO,20230727,17.74,17.75,17.65,17.65,900
AX.PR.I.TO,20230727,19.21,19.38,19.21,19.38,400
AX.UN.TO,20230727,7.1,7.12,6.97,7,517028
AYA.TO,20230727,8.77,8.77,8.07,8.08,249051
BABY.TO,20230727,0.68,0.68,0.67,0.68,25373
BAM.TO,20230727,45.3,45.49,44.4,44.44,461851
BANK.TO,20230727,7.79,7.82,7.74,7.76,25901
BASE.TO,20230727,27.27,27.35,27.27,27.32,517
BASE.B.TO,20230727,27.51,27.51,27.51,27.51,2300
BB.TO,20230727,6.25,6.27,6.12,6.13,639108
BBD.A.TO,20230727,62.94,64.5,62.39,62.58,13597
BBD.B.TO,20230727,62.93,64.64,61.85,62.5,693454
BBD.PR.B.TO,20230727,16.75,16.75,16.75,16.75,270
BBD.PR.C.TO,20230727,17.54,17.94,17.54,17.94,3550
BBU.UN.TO,20230727,23.36,23.56,22.81,22.81,63671
BBUC.TO,20230727,27.2,27.38,26.75,27.2,49482
BCE.TO,20230727,57.5,57.61,57.01,57.1,1582637
BCE.PR.A.TO,20230727,17.15,17.22,17.15,17.22,2200
BCE.PR.B.TO,20230727,18.21,18.23,18.21,18.23,400
BCE.PR.C.TO,20230727,17.74,17.77,17.71,17.71,2500
BCE.PR.D.TO,20230727,18.16,18.16,18.06,18.1,55644
BCE.PR.E.TO,20230727,18.08,18.08,18.08,18.08,600
BCE.PR.F.TO,20230727,16.19,16.19,16.08,16.09,696
BCE.PR.G.TO,20230727,14.85,14.85,14.85,14.85,200
BCE.PR.H.TO,20230727,18.14,18.24,18.13,18.14,800
BCE.PR.I.TO,20230727,14.9,14.9,14.88,14.88,200
BCE.PR.J.TO,20230727,18.2,18.2,18.2,18.2,500
BCE.PR.K.TO,20230727,14.34,14.56,14.34,14.45,76900
BCE.PR.L.TO,20230727,16.45,16.45,16.41,16.41,2300
BCE.PR.M.TO,20230727,15.04,15.04,14.93,14.93,900
BCE.PR.Q.TO,20230727,20.84,21.3,20.84,21.17,1225
BCE.PR.R.TO,20230727,15.1,15.1,15,15,300
BCE.PR.S.TO,20230727,18.13,18.13,18.1,18.11,3100
BCE.PR.T.TO,20230727,17.83,17.88,17.82,17.82,17200
BCE.PR.Y.TO,20230727,18.11,18.11,18.1,18.1,600
BCE.PR.Z.TO,20230727,18.39,18.39,18.39,18.39,175
BCT.TO,20230727,8.1,8.1,7.95,7.95,800
BDGI.TO,20230727,30.86,31.48,30.69,31.3,43108
BDI.TO,20230727,6.29,6.29,6.15,6.15,15858
BDIV.TO,20230727,18.43,18.43,18.43,18.43,100
BDT.TO,20230727,9.03,9.31,9.03,9.16,121702
BEI.UN.TO,20230727,67.49,68.51,66.3,66.46,82040
BEP.PR.G.TO,20230727,21.4,21.65,21.37,21.37,2236
BEP.PR.M.TO,20230727,19.67,19.8,19.67,19.73,9600
BEP.PR.R.TO,20230727,17.85,17.85,17.76,17.76,5680
BEP.UN.TO,20230727,39.57,39.73,39.13,39.2,200869
BEPC.TO,20230727,41.99,42.34,41.56,41.68,162961
BEPR.TO,20230727,8.62,8.62,8.56,8.56,9575
BESG.TO,20230727,15.29,15.32,15.23,15.23,5435
BFIN.TO,20230727,19.12,19.12,19.12,19.12,100
BGI.UN.TO,20230727,4.42,4.42,4.35,4.36,28088
BHC.TO,20230727,12.6,12.63,12.29,12.35,244209
BIK.PR.A.TO,20230727,22.8,22.8,22.8,22.8,100
BIP.PR.A.TO,20230727,16.91,17.01,16.91,17.01,700
BIP.PR.B.TO,20230727,21.02,21.02,21,21,800
BIP.PR.E.TO,20230727,21.31,21.45,21.3,21.36,15701
BIP.PR.F.TO,20230727,21,21.01,21,21.01,1035
BIP.UN.TO,20230727,47.46,47.6,46.8,46.95,212140
BIPC.TO,20230727,61.94,62.02,60.99,61.1,58727
BIR.TO,20230727,7.72,7.73,7.6,7.62,708108
BITF.TO,20230727,2.4,2.42,2.26,2.29,1798437
BITI.TO,20230727,11.75,11.97,11.75,11.94,11643
BITI.U.TO,20230727,8.97,8.97,8.97,8.97,1800
BK.TO,20230727,13.35,13.35,13.23,13.25,93828
BK.PR.A.TO,20230727,10.05,10.06,10.04,10.06,91291
BKCC.TO,20230727,15.03,15.07,14.97,14.97,5522
BKCL.TO,20230727,20.69,20.75,20.57,20.57,8611
BKI.TO,20230727,0.09,0.09,0.085,0.085,75472
BLCO.TO,20230727,25.93,25.93,25.59,25.72,1920
BLDP.TO,20230727,6.12,6.17,5.88,5.88,541460
BLN.TO,20230727,3.8,3.88,3.75,3.8,35341
BLOV.TO,20230727,22.14,22.14,22.07,22.07,200
BLX.TO,20230727,35,35.36,34.85,35.05,516265
BMAX.TO,20230727,12.69,12.69,12.55,12.55,4618
BMO.TO,20230727,122.81,123.09,121.35,121.6,3147369
BMO.PR.E.TO,20230727,21.6,21.85,21.6,21.7,16770
BMO.PR.T.TO,20230727,17.26,17.3,17.05,17.11,10265
BMO.PR.W.TO,20230727,17.1,17.17,16.93,16.93,1830
BMO.PR.Y.TO,20230727,18.22,18.22,18.03,18.03,4643
BN.TO,20230727,46.95,47.1,46.07,46.08,864645
BN.PF.A.TO,20230727,20.55,20.55,20.4,20.45,3897
BN.PF.B.TO,20230727,17.01,17.08,17.01,17.02,62557
BN.PF.C.TO,20230727,17.55,17.55,17.52,17.52,3500
BN.PF.D.TO,20230727,17.75,17.75,17.65,17.65,31754
BN.PF.E.TO,20230727,14.86,14.86,14.86,14.86,100
BN.PF.F.TO,20230727,16.11,16.2,16.11,16.16,2419
BN.PF.G.TO,20230727,15.2,15.2,15.08,15.19,5161
BN.PF.H.TO,20230727,20.26,20.26,19.9,19.9,1400
BN.PF.I.TO,20230727,19.39,19.87,19.39,19.46,5575
BN.PF.J.TO,20230727,19.7,19.78,19.7,19.71,8000
BN.PF.K.TO,20230727,15.31,15.31,15.3,15.3,1300
BN.PR.B.TO,20230727,11.87,11.95,11.86,11.9,3200
BN.PR.K.TO,20230727,11.82,11.83,11.75,11.76,3100
BN.PR.M.TO,20230727,17.42,17.44,17.4,17.4,4200
BN.PR.N.TO,20230727,17.48,17.48,17.23,17.23,485
BN.PR.R.TO,20230727,14.14,14.14,14.14,14.14,200
BN.PR.T.TO,20230727,14.4,14.41,14.36,14.36,900
BN.PR.X.TO,20230727,14.8,15.2,14.8,14.9,2000
BN.PR.Z.TO,20230727,18.87,18.87,18.76,18.76,1359
BNC.TO,20230727,25.11,25.11,24.98,24.98,300
BND.TO,20230727,17.05,17.05,16.98,16.98,2603
BNE.TO,20230727,6.2,6.26,6.06,6.09,91139
BNK.TO,20230727,11.48,11.48,11.36,11.36,900
BNK.PR.A.TO,20230727,9.9,9.9,9.9,9.9,1000
BNRE.TO,20230727,46.52,47.27,46.16,46.16,10834
BNS.TO,20230727,65.85,66.43,65.71,65.81,2187588
BOS.TO,20230727,6.49,6.52,6.27,6.27,33900
BPF.UN.TO,20230727,16.72,16.72,16.56,16.69,26036
BPO.PR.A.TO,20230727,11.65,11.66,11.59,11.59,9172
BPO.PR.C.TO,20230727,16.6,16.6,16.18,16.18,10018
BPO.PR.E.TO,20230727,12.58,12.75,12.57,12.57,3650
BPO.PR.G.TO,20230727,14.72,14.72,14.71,14.71,1767
BPO.PR.I.TO,20230727,14.3,14.3,14.14,14.15,16225
BPO.PR.N.TO,20230727,10.25,10.29,10.2,10.21,8400
BPO.PR.P.TO,20230727,10.67,10.67,10.5,10.5,10246
BPO.PR.R.TO,20230727,11.17,11.18,11.11,11.11,10700
BPO.PR.T.TO,20230727,14.72,14.82,14.59,14.59,2800
BPS.PR.C.TO,20230727,24.8,24.8,24.8,24.8,100
BPYP.PR.A.TO,20230727,21.49,21.49,21.1,21.25,1367
BR.TO,20230727,1.65,1.67,1.65,1.67,300
BRAG.TO,20230727,6.18,6.5,6.03,6.45,117500
BRE.TO,20230727,15.83,15.83,15.47,15.49,3990
BREA.TO,20230727,22.65,22.65,22.46,22.46,400
BRF.PR.A.TO,20230727,14.72,14.72,14.72,14.72,100
BRF.PR.B.TO,20230727,16.9,16.9,16.9,16.9,1200
BRF.PR.C.TO,20230727,16.75,16.76,16.74,16.76,2500
BRF.PR.E.TO,20230727,17,17,17,17,100
BRF.PR.F.TO,20230727,16.96,16.97,16.81,16.81,4400
BRMI.TO,20230727,1.88,1.96,1.8,1.96,1000
BSKT.TO,20230727,8.24,8.24,8.24,8.24,3000
BSX.TO,20230727,0.065,0.065,0.065,0.065,73319
BTB.DB.G.TO,20230727,98.03,98.03,98.03,98.03,15000
BTB.DB.H.TO,20230727,99.72,99.74,99.01,99.01,25000
BTB.UN.TO,20230727,3.36,3.36,3.33,3.34,50004
BTCC.TO,20230727,5.68,5.68,5.6,5.63,43491
BTCC.B.TO,20230727,5.62,5.63,5.55,5.58,322365
BTCC.U.TO,20230727,5.37,5.41,5.33,5.36,136790
BTCQ.TO,20230727,6.31,6.31,6.27,6.29,3640
BTCX.B.TO,20230727,5.75,5.77,5.71,5.72,35341
BTCX.U.TO,20230727,5.54,5.54,5.47,5.48,94988
BTCY.TO,20230727,3.84,3.84,3.75,3.75,9606
BTCY.B.TO,20230727,4.25,4.25,4.16,4.16,2834
BTCY.U.TO,20230727,3.62,3.62,3.62,3.62,100
BTE.TO,20230727,4.93,5,4.85,4.87,4900278
BTO.TO,20230727,4.76,4.76,4.59,4.61,2812889
BU.TO,20230727,0.19,0.19,0.19,0.19,517
BXF.TO,20230727,9.7,9.7,9.69,9.69,3709
BYD.TO,20230727,242.4,243.25,239.67,240.75,44376
BYL.TO,20230727,0.41,0.42,0.405,0.42,4225
CAE.TO,20230727,29.6,29.64,28.94,29,574114
CAFR.TO,20230727,19.71,19.75,19.71,19.75,33200
CALL.TO,20230727,12,12.02,11.71,11.74,26994
CALL.U.TO,20230727,12.87,12.87,12.87,12.87,100
CANL.TO,20230727,20.54,20.55,20.54,20.55,474
CAR.UN.TO,20230727,52.54,52.61,50.96,51.13,233875
CARB.TO,20230727,9.82,9.82,9.82,9.82,419
CARS.TO,20230727,30.56,30.56,29.74,29.93,2703
CAS.TO,20230727,11.83,12.02,11.83,11.97,79540
CASH.TO,20230727,50.19,50.2,50.19,50.19,31491
CBH.TO,20230727,16.82,16.82,16.75,16.77,1600
CBIL.TO,20230727,50.15,50.15,50.14,50.14,8995
CBND.TO,20230727,8.55,8.56,8.53,8.53,4250
CBNK.TO,20230727,7.44,7.76,7.42,7.45,19419
CBO.TO,20230727,17.15,17.15,17.1,17.13,23001
CCA.TO,20230727,66.6,66.73,65.86,66,73700
CCBI.TO,20230727,17.33,17.33,17.27,17.27,1500
CCEI.TO,20230727,22.15,22.15,21.93,21.93,6819
CCL.A.TO,20230727,63.88,63.88,63.88,63.88,292
CCL.B.TO,20230727,63.71,64.1,63.26,63.37,290184
CCM.TO,20230727,0.24,0.24,0.24,0.24,239500
CCO.TO,20230727,44.87,44.9,43.6,43.67,923216
CCOM.TO,20230727,20.46,20.46,20.29,20.44,458
CCRE.TO,20230727,17.43,17.43,17.43,17.43,230
CCS.PR.C.TO,20230727,19.01,19.01,19,19,963
CDIV.TO,20230727,12.79,12.8,12.69,12.69,19119
CDNA.TO,20230727,18.9,18.9,18.6,18.6,6000
CDR.TO,20230727,1.48,1.54,1.42,1.49,121190
CDZ.TO,20230727,30.47,30.49,30.1,30.11,27716
CEE.TO,20230727,1.63,1.63,1.6,1.6,32300
CEF.TO,20230727,24.47,24.47,24.29,24.3,8605
CEMI.TO,20230727,17.33,17.33,17.33,17.33,1000
CET.TO,20230727,0.84,0.84,0.81,0.82,302014
CEU.TO,20230727,2.74,2.78,2.72,2.72,212987
CEW.TO,20230727,16.19,16.25,16.13,16.13,7986
CF.TO,20230727,8.43,8.55,8.33,8.37,141351
CF.PR.A.TO,20230727,12.5,12.5,12.4,12.4,1100
CF.PR.C.TO,20230727,17.4,17.4,17.4,17.4,1800
CFF.TO,20230727,1.36,1.36,1.35,1.35,300
CFLX.TO,20230727,16.83,16.83,16.83,16.83,600
CFP.TO,20230727,22.63,22.63,21.66,21.73,129371
CFW.TO,20230727,5.15,5.16,5.07,5.08,7027
CFX.TO,20230727,2.35,2.35,2.1,2.1,78428
CG.TO,20230727,8.05,8.06,7.86,7.9,469943
CGAA.TO,20230727,23.85,23.85,23.85,23.85,118
CGBI.TO,20230727,17.29,17.3,17.29,17.3,2100
CGDV.TO,20230727,21.08,21.09,20.87,20.87,3700
CGG.TO,20230727,5.48,5.48,5.22,5.25,28688
CGHY.TO,20230727,9.54,9.54,9.54,9.54,362
CGI.TO,20230727,36.29,36.5,36.25,36.25,4150
CGIN.TO,20230727,20.18,20.18,20.09,20.09,4400
CGIN.U.TO,20230727,20.17,20.17,20.13,20.13,6000
CGL.TO,20230727,15.74,15.74,15.59,15.6,28175
CGL.C.TO,20230727,21.94,21.94,21.82,21.88,6422
CGLO.TO,20230727,24.85,24.9,24.65,24.65,8415
CGO.TO,20230727,51.79,52.43,51.25,51.46,27227
CGR.TO,20230727,26.9,26.9,26.79,26.79,1038
CGRA.TO,20230727,20.92,20.92,20.92,20.92,200
CGRE.TO,20230727,21.14,21.14,21.14,21.14,110
CGX.TO,20230727,9.05,9.05,8.9,8.96,160665
CGXF.TO,20230727,10.5,10.5,10.23,10.23,10725
CGY.TO,20230727,63.28,63.28,62.76,63.09,7555
CHE.DB.E.TO,20230727,99.75,99.95,99.72,99.95,77000
CHE.DB.G.TO,20230727,102.5,102.5,102.2,102.5,595000
CHE.DB.H.TO,20230727,99.9,99.9,99.5,99.5,157000
CHE.UN.TO,20230727,9.04,9.04,8.74,8.78,172852
CHP.UN.TO,20230727,14.17,14.19,13.87,13.89,362607
CHPS.TO,20230727,28.57,29,28.45,28.45,8051
CHR.TO,20230727,3.24,3.24,3.14,3.15,200142
CHR.DB.A.TO,20230727,94.25,94.75,94.01,94.01,24000
CHW.TO,20230727,8.35,8.38,8.25,8.35,8008
CIA.TO,20230727,5.45,5.47,5.31,5.39,450093
CIBR.TO,20230727,36,36,35.99,36,878
CIC.TO,20230727,10.88,10.93,10.84,10.86,13572
CIEI.TO,20230727,21.28,21.31,21.19,21.19,3600
CIEM.TO,20230727,17.42,17.42,17.42,17.42,401
CIF.TO,20230727,36.11,36.31,36,36,7307
CIGI.TO,20230727,143.73,143.73,129.89,132.59,194922
CINF.TO,20230727,24.01,24.01,23.8,23.84,790
CINT.TO,20230727,21.68,21.68,21.55,21.57,2900
CIU.PR.A.TO,20230727,17.2,17.41,17.2,17.3,2900
CIU.PR.C.TO,20230727,12.84,12.85,12.84,12.85,800
CIX.TO,20230727,16.65,16.74,16.4,16.49,447725
CJ.TO,20230727,7.24,7.28,7.12,7.15,1090539
CJR.B.TO,20230727,1.54,1.55,1.5,1.52,642282
CJT.TO,20230727,98.01,98.33,95.05,95.67,57196
CJT.DB.E.TO,20230727,97.5,97.5,97.5,97.5,10000
CJT.DB.F.TO,20230727,94.99,94.99,94.99,94.99,7000
CLF.TO,20230727,16.48,16.48,16.42,16.42,1411
CLG.TO,20230727,16.41,16.41,16.36,16.36,1001
CLS.TO,20230727,27.19,27.26,23.46,23.77,1471484
CM.TO,20230727,57.72,58.33,57.35,57.53,3352301
CM.PR.O.TO,20230727,18.24,18.25,18.1,18.11,3653
CM.PR.P.TO,20230727,17.11,17.11,16.82,16.82,1100
CM.PR.Q.TO,20230727,18.39,18.45,18.04,18.45,2338
CM.PR.S.TO,20230727,20.42,20.6,20.42,20.53,5668
CM.PR.Y.TO,20230727,24,24.15,23.94,23.94,3600
CMAG.TO,20230727,25.41,25.45,25.16,25.16,6801
CMAR.TO,20230727,17.79,17.8,17.79,17.79,3538
CMAR.U.TO,20230727,18.04,18.04,18.04,18.04,200
CMDO.TO,20230727,19.07,19.07,18.97,18.98,52700
CMG.TO,20230727,7.33,7.43,7.29,7.33,9322
CMGG.TO,20230727,20.18,20.18,20.16,20.16,10100
CMR.TO,20230727,50.02,50.02,50.01,50.01,50616
CNCC.TO,20230727,12.36,12.36,12.28,12.28,1235
CNCL.TO,20230727,20.42,20.42,20.21,20.21,6115
CNE.TO,20230727,11.42,11.56,11.42,11.43,4738
CNQ.TO,20230727,79.5,79.9,78.11,78.34,4042651
CNR.TO,20230727,156.58,158.6,156,156.71,897883
CNT.TO,20230727,0.04,0.04,0.04,0.04,37000
COG.TO,20230727,0.465,0.47,0.465,0.47,16361
COMM.TO,20230727,28.35,28.35,28,28,2100
COPP.TO,20230727,30.7,30.7,30.7,30.7,3010
COW.TO,20230727,65.17,65.22,64.8,64.86,1947
CP.TO,20230727,111.49,112,109.65,109.94,1202538
CPD.TO,20230727,10.63,10.63,10.55,10.56,17898
CPH.TO,20230727,3.74,3.77,3.68,3.73,6901
CPLF.TO,20230727,6.5,6.63,6.48,6.5,1389880
CPX.TO,20230727,41.55,41.68,41.13,41.26,237000
CPX.PR.A.TO,20230727,12.95,12.95,12.88,12.88,3900
CPX.PR.C.TO,20230727,20.95,21.15,20.95,21.1,900
CPX.PR.E.TO,20230727,20.82,20.87,20.77,20.77,3987
CPX.PR.K.TO,20230727,23.8,24,23.5,23.61,3450
CR.TO,20230727,5.48,5.6,5.4,5.42,362607
CRDL.TO,20230727,1.38,1.39,1.3,1.39,190368
CRED.U.TO,20230727,18.97,18.97,18.97,18.97,300
CRON.TO,20230727,2.39,2.41,2.35,2.38,223328
CROP.U.TO,20230727,19.5,19.5,19.5,19.5,400
CRP.TO,20230727,2.32,2.36,2.32,2.35,7700
CRR.UN.TO,20230727,14.26,14.27,14.05,14.06,230666
CRRX.TO,20230727,2.2,2.2,2.19,2.19,1601
CRT.UN.TO,20230727,15.57,15.62,15.4,15.41,84006
CRWN.NT.TO,20230727,98.5,99,98.5,98.5,119000
CS.TO,20230727,6.56,6.73,6.44,6.59,1050404
CSAV.TO,20230727,50.02,50.02,50.02,50.02,72277
CSBI.TO,20230727,19.63,19.63,19.63,19.63,900
CSH.UN.TO,20230727,10.22,10.29,9.97,10.01,303997
CSU.TO,20230727,2774,2791,2743.35,2748.26,19112
CSU.DB.TO,20230727,140,140,139.5,139.5,51000
CSW.A.TO,20230727,15.5,15.51,15.32,15.44,5036
CSW.B.TO,20230727,14.4,14.4,14.1,14.1,2260
CTC.A.TO,20230727,188.31,189.82,183.98,185.29,193421
CTF.UN.TO,20230727,3.09,3.09,3.09,3.09,4695
CTS.TO,20230727,3.1,3.22,3.05,3.08,527083
CTX.TO,20230727,0.7,0.7,0.7,0.7,14500
CU.TO,20230727,34.06,34.42,33.66,33.67,587518
CU.PR.C.TO,20230727,18.45,18.45,18.4,18.4,5125
CU.PR.D.TO,20230727,18.44,18.44,18.4,18.44,7913
CU.PR.E.TO,20230727,18.32,18.36,18.32,18.32,7200
CU.PR.F.TO,20230727,16.89,16.96,16.89,16.96,300
CU.PR.G.TO,20230727,17.08,17.14,16.99,17.05,4620
CU.PR.H.TO,20230727,19.89,19.92,19.8,19.8,600
CU.PR.I.TO,20230727,23.1,23.1,23.01,23.01,1138
CU.PR.J.TO,20230727,17.81,17.81,17.6,17.73,3503
CUD.TO,20230727,51.99,51.99,51.06,51.06,1942
CUDV.TO,20230727,20.45,20.45,20.23,20.23,1300
CUEH.TO,20230727,23,23,23,23,700
CUEI.TO,20230727,23.91,23.92,23.66,23.66,4000
CUP.U.TO,20230727,11.75,11.75,11.62,11.62,507
CVD.TO,20230727,16.51,16.7,16.51,16.64,759
CVE.TO,20230727,23.9,25.04,23.59,24.46,9086446
CVE.PR.A.TO,20230727,12.4,12.72,12.4,12.4,24779
CVE.PR.B.TO,20230727,15.69,15.75,15.69,15.75,11400
CVE.PR.C.TO,20230727,18.21,18.58,18.21,18.37,2221
CVE.PR.E.TO,20230727,19.8,19.95,19.75,19.82,2104
CVE.PR.G.TO,20230727,19.91,19.91,19.76,19.76,3000
CVE.WT.TO,20230727,17.48,18.45,17.33,17.92,22225
CVG.TO,20230727,85.94,85.94,85.94,85.94,162
CVO.TO,20230727,10.99,11.07,10.7,10.95,174128
CWB.TO,20230727,26.53,26.74,26.51,26.62,139715
CWB.PR.B.TO,20230727,17.16,17.25,17.15,17.15,24094
CWB.PR.D.TO,20230727,24.51,24.51,24.27,24.29,1800
CWEB.TO,20230727,0.38,0.4,0.38,0.395,79590
CWW.TO,20230727,50.95,51,50.73,50.73,576
CXB.TO,20230727,1.7,1.7,1.61,1.64,394427
CXF.TO,20230727,9.6,9.6,9.6,9.6,269
CYB.TO,20230727,61,61.2,60.5,61.2,4810
CYBR.TO,20230727,39.13,39.13,39.13,39.13,366
CYH.TO,20230727,19.77,19.77,19.72,19.72,627
D.UN.TO,20230727,14.65,14.65,13.8,13.83,173501
DANC.TO,20230727,21.32,21.36,21.32,21.34,502
DATA.TO,20230727,19.27,19.27,19.27,19.27,185
DBM.TO,20230727,6.81,6.95,6.77,6.93,145710
DBO.TO,20230727,0.1,0.1,0.095,0.095,32500
DC.A.TO,20230727,1.27,1.27,1.26,1.27,5299
DC.PR.D.TO,20230727,19.5,19.5,19.5,19.5,175
DCBO.TO,20230727,50.27,50.88,49.41,49.76,31958
DCM.TO,20230727,2.96,2.98,2.92,2.94,14154
DCP.TO,20230727,15.9,15.9,15.9,15.9,203
DCU.TO,20230727,17.07,17.07,17.01,17.03,12768
DF.TO,20230727,4.13,4.13,4.09,4.09,18708
DF.PR.A.TO,20230727,9.85,9.85,9.84,9.84,39419
DFN.TO,20230727,6.88,6.88,6.83,6.84,297868
DFN.PR.A.TO,20230727,9.53,9.55,9.5,9.55,107566
DFY.TO,20230727,35.95,36,35.01,35.03,75942
DGR.TO,20230727,39.84,39.88,39.51,39.51,1209
DGR.B.TO,20230727,42.83,42.83,42.67,42.67,1739
DGRC.TO,20230727,34.96,34.97,34.96,34.97,617
DGS.TO,20230727,5.15,5.16,5.08,5.08,84316
DGS.PR.A.TO,20230727,9.82,9.82,9.81,9.82,9900
DHT.UN.TO,20230727,11.99,12.42,11.94,12.13,58907
DIAM.TO,20230727,0.09,0.09,0.09,0.09,98000
DII.B.TO,20230727,5.88,5.89,5.57,5.75,3851
DIR.UN.TO,20230727,14.42,14.47,14.1,14.14,328936
DISC.TO,20230727,34.66,34.66,34.56,34.56,810
DIV.TO,20230727,2.97,2.97,2.94,2.96,132285
DIV.DB.A.TO,20230727,93,93.5,93,93.5,35000
DIVS.TO,20230727,13.96,13.99,13.96,13.97,1800
DLCG.TO,20230727,2.22,2.32,2.22,2.32,1500
DLR.TO,20230727,13.47,13.53,13.47,13.53,767488
DLR.U.TO,20230727,10.22,10.22,10.21,10.22,363205
DML.TO,20230727,1.67,1.68,1.58,1.59,1380612
DN.TO,20230727,0.06,0.06,0.055,0.055,201200
DND.TO,20230727,18.8,19.61,18.8,19.14,89273
DNG.TO,20230727,3.08,3.08,3.02,3.02,6097
DNTL.TO,20230727,7.75,7.75,7.31,7.33,139533
DOL.TO,20230727,88.4,88.87,87.37,87.52,789166
DOO.TO,20230727,120.76,122.41,119,119.31,248752
DPM.TO,20230727,9.39,9.39,8.8,8.86,524729
DR.TO,20230727,8.49,8.49,8.4,8.42,78429
DRCU.TO,20230727,17.75,17.75,17.75,17.75,204
DRFC.TO,20230727,25.5,25.5,25.5,25.5,200
DRM.TO,20230727,20.41,20.54,20.06,20.25,27960
DRMC.TO,20230727,25.93,25.93,25.68,25.68,500
DRME.TO,20230727,16.45,16.45,16.45,16.45,100
DRMU.TO,20230727,32.59,32.59,32.51,32.51,229
DRR.U.TO,20230727,7.75,7.75,7.49,7.5,10369
DRT.TO,20230727,0.33,0.33,0.305,0.305,14000
DRT.DB.A.TO,20230727,35,35,35,35,13000
DRX.TO,20230727,4.2,4.46,4.2,4.3,36707
DS.TO,20230727,6.7,6.7,6.59,6.61,7922
DSG.TO,20230727,103.95,103.95,101.22,101.31,78523
DSV.TO,20230727,0.81,0.81,0.78,0.79,180800
DTOL.TO,20230727,9.46,9.46,8.63,8.67,7306
DXB.TO,20230727,17.88,17.88,17.87,17.87,1700
DXC.TO,20230727,33.56,33.56,33.23,33.26,6136
DXDB.TO,20230727,19.95,19.95,19.91,19.92,24136
DXEM.TO,20230727,13.5,13.5,13.49,13.49,1400
DXET.TO,20230727,17.65,17.65,17.65,17.65,400
DXF.TO,20230727,31.59,31.59,31.59,31.59,1200
DXG.TO,20230727,45.81,45.9,44.88,45.1,45932
DXN.TO,20230727,20.1,20.1,19.99,19.99,29919
DXP.TO,20230727,18.81,18.81,18.74,18.74,13423
DXQ.TO,20230727,22.07,22.22,22.07,22.11,18647
DXT.TO,20230727,5.69,5.79,5.57,5.76,16302
DXU.TO,20230727,43.97,44.2,43.51,43.57,3143
DXV.TO,20230727,19.75,19.75,19.68,19.68,2480
DXW.TO,20230727,21.55,21.55,21.55,21.55,3800
DYA.TO,20230727,0.225,0.225,0.21,0.225,128275
EAGR.TO,20230727,0.62,0.62,0.48,0.5,15972
EBIT.TO,20230727,14.18,14.21,14.1,14.11,8427
EBIT.U.TO,20230727,10.66,10.66,10.66,10.66,100
EBNK.TO,20230727,9.78,9.78,9.78,9.78,111
ECN.TO,20230727,2.67,2.69,2.57,2.58,86414
ECN.DB.TO,20230727,78.26,78.26,78.01,78.01,20999
ECN.DB.B.TO,20230727,65,65,65,65,9000
ECN.PR.C.TO,20230727,18.25,18.25,18.25,18.25,300
ECO.TO,20230727,3.92,4,3.86,3.91,33888
ECOR.TO,20230727,2.1,2.1,2,2,37544
EDGE.TO,20230727,32.98,32.98,32.85,32.85,1630
EDR.TO,20230727,4.72,4.73,4.36,4.36,338842
EDT.TO,20230727,0.33,0.33,0.32,0.32,3429
EDV.TO,20230727,32.51,32.56,31.46,31.51,437629
EFN.TO,20230727,21.49,21.6,21.24,21.26,414310
EFN.PR.C.TO,20230727,24.65,24.65,24.65,24.65,100
EFN.PR.E.TO,20230727,24.61,24.61,24.6,24.6,700
EFR.TO,20230727,8.07,8.1,7.75,7.77,186292
EFX.TO,20230727,10.46,10.64,10.35,10.35,453060
EGIF.TO,20230727,20.14,20.14,20.13,20.13,200
EGLX.TO,20230727,0.78,0.8,0.75,0.75,88627
EIF.TO,20230727,51.94,51.94,51.2,51.39,81146
EIF.DB.J.TO,20230727,108.5,108.5,108.5,108.5,50000
EIF.DB.K.TO,20230727,109,109,109,109,3000
EIF.DB.L.TO,20230727,105.51,105.51,105.51,105.51,5000
EIT.PR.A.TO,20230727,24.55,24.55,24.55,24.55,100
EIT.PR.B.TO,20230727,23.87,23.92,23.87,23.9,1300
EIT.UN.TO,20230727,12.93,13.02,12.93,12.95,186410
ELD.TO,20230727,14.14,14.16,13.4,13.42,324478
ELF.TO,20230727,931,931,931,931,118
ELF.PR.G.TO,20230727,17.91,17.91,17.9,17.9,984
ELF.PR.H.TO,20230727,20.56,20.56,20.5,20.5,800
ELO.TO,20230727,3.44,3.44,3.29,3.34,26475
ELR.TO,20230727,0.08,0.08,0.08,0.08,174598
ELVA.TO,20230727,5.91,6.01,5.77,5.83,14565
EMA.TO,20230727,55.2,55.49,54.45,54.67,2413541
EMA.PR.A.TO,20230727,13.55,13.55,13.22,13.22,200
EMA.PR.B.TO,20230727,17.6,17.69,17.4,17.4,1200
EMA.PR.C.TO,20230727,20.68,20.76,20.66,20.7,2790
EMA.PR.E.TO,20230727,17.03,17.03,17.02,17.02,1700
EMA.PR.F.TO,20230727,17.4,17.52,17.4,17.52,1800
EMA.PR.H.TO,20230727,22.01,22.01,21.61,21.78,13480
EMA.PR.J.TO,20230727,21,21.3,21,21.01,2712
EMA.PR.L.TO,20230727,17.24,17.24,17.16,17.16,4534
EMP.A.TO,20230727,36.21,36.42,35.93,36.01,318852
EMV.B.TO,20230727,26.3,26.3,26.3,26.3,141
ENB.TO,20230727,49.32,49.32,48.6,48.65,3208858
ENB.PF.A.TO,20230727,15.3,15.3,15.26,15.26,1456
ENB.PF.C.TO,20230727,14.76,14.98,14.76,14.85,3309
ENB.PF.E.TO,20230727,13.97,14.06,13.95,14,79589
ENB.PF.G.TO,20230727,13.92,14.06,13.92,13.93,4197
ENB.PF.K.TO,20230727,20.5,20.53,20.38,20.53,10808
ENB.PF.U.TO,20230727,18.92,19,18.9,18.94,47800
ENB.PF.V.TO,20230727,20.17,20.17,20.01,20.1,2100
ENB.PR.A.TO,20230727,21.31,21.31,21.25,21.25,700
ENB.PR.B.TO,20230727,16.25,16.25,16.15,16.15,35348
ENB.PR.D.TO,20230727,16.73,16.73,16.67,16.73,16454
ENB.PR.F.TO,20230727,17,17.1,16.99,16.99,22392
ENB.PR.H.TO,20230727,17.3,17.43,17.3,17.34,34563
ENB.PR.J.TO,20230727,16.39,16.49,16.39,16.43,7400
ENB.PR.N.TO,20230727,18.13,18.14,17.99,18.01,19963
ENB.PR.P.TO,20230727,16.13,16.23,16.12,16.13,3206
ENB.PR.T.TO,20230727,15.4,15.55,15.38,15.49,43136
ENB.PR.V.TO,20230727,21.11,21.15,21.01,21.03,55600
ENB.PR.Y.TO,20230727,14.69,14.8,14.66,14.8,12483
ENCC.TO,20230727,10.9,10.91,10.78,10.79,177103
ENGH.TO,20230727,30.63,30.63,30.15,30.22,32969
ENI.UN.TO,20230727,1.54,1.54,1.54,1.54,635
ENS.TO,20230727,14.98,14.98,14.9,14.91,35950
ENS.PR.A.TO,20230727,9.91,9.96,9.91,9.96,4300
EPRX.TO,20230727,7.72,7.75,7.43,7.58,38173
EPRX.WT.TO,20230727,1.76,1.76,1.55,1.6,25800
EPRX.WT.A.TO,20230727,4.95,4.95,4.95,4.95,500
EQB.TO,20230727,76.4,77.67,76.4,77.08,57101
EQB.PR.C.TO,20230727,22.81,22.81,22.8,22.8,1100
EQL.TO,20230727,31.25,31.26,30.94,30.94,15166
EQL.F.TO,20230727,28.05,28.05,27.63,27.68,59341
EQL.U.TO,20230727,23.65,23.65,23.41,23.41,1700
EQX.TO,20230727,6.72,6.72,6.39,6.4,683189
ERD.TO,20230727,0.36,0.36,0.34,0.34,61015
ERE.UN.TO,20230727,2.91,2.91,2.86,2.86,88901
ERO.TO,20230727,30.03,30.51,29.32,30,282014
ESG.TO,20230727,32.15,32.15,32.03,32.03,361
ESGA.TO,20230727,32.61,32.61,32.61,32.61,149
ESGB.TO,20230727,25.93,25.93,25.83,25.83,1700
ESGE.TO,20230727,31.33,31.34,31.29,31.34,5999
ESGF.TO,20230727,23.97,23.97,23.97,23.97,400
ESGH.TO,20230727,25.41,25.41,25.4,25.41,14000
ESGH.F.TO,20230727,24.22,24.22,24.21,24.21,6000
ESGY.TO,20230727,42.42,42.42,42.42,42.42,247
ESGY.F.TO,20230727,34.99,35.03,34.99,35.03,1700
ESI.TO,20230727,2.34,2.43,2.34,2.38,210990
ESM.TO,20230727,0.04,0.04,0.035,0.04,334135
ESPX.TO,20230727,22.44,22.44,22.15,22.15,3068
ET.TO,20230727,13.33,13.46,13.33,13.42,5748
ETC.TO,20230727,6.67,6.69,6.64,6.64,2161
ETG.TO,20230727,1.3,1.31,1.3,1.3,4709
ETHH.TO,20230727,7.71,7.74,7.63,7.63,6095
ETHH.B.TO,20230727,8.64,8.64,8.58,8.62,46321
ETHH.U.TO,20230727,8.22,8.23,8.18,8.18,221664
ETHI.TO,20230727,44.95,44.95,44.65,44.65,1042
ETHQ.TO,20230727,9.79,9.8,9.75,9.76,16925
ETHQ.U.TO,20230727,7.4,7.4,7.4,7.4,100
ETHR.TO,20230727,8.62,8.62,8.56,8.6,8472
ETHX.B.TO,20230727,8.91,8.93,8.87,8.9,50640
ETHX.U.TO,20230727,8.46,8.49,8.39,8.39,22449
ETHY.TO,20230727,3,3,2.96,2.97,4838
ETHY.B.TO,20230727,3.62,3.62,3.57,3.57,834
ETP.TO,20230727,16.19,16.19,16.18,16.18,5000
ETSX.TO,20230727,19.98,19.98,19.98,19.98,1717
EVT.TO,20230727,134.75,134.75,134,134,1412
EXE.TO,20230727,7.38,7.42,7.26,7.27,113051
EXE.DB.C.TO,20230727,95.51,95.51,95.51,95.51,1000
EXN.TO,20230727,0.115,0.115,0.11,0.11,101000
EXRO.TO,20230727,2.25,2.29,2.2,2.24,97910
EXRO.WT.TO,20230727,1,1,1,1,4100
FANS.TO,20230727,0.045,0.045,0.045,0.045,1000
FAP.TO,20230727,2.55,2.55,2.54,2.54,20106
FAR.TO,20230727,1.71,1.74,1.71,1.74,25071
FBGO.TO,20230727,17.46,17.46,17.45,17.45,4000
FBTC.TO,20230727,12.95,12.95,12.89,12.93,6100
FC.TO,20230727,10.91,11.03,10.8,10.81,33570
FC.DB.I.TO,20230727,93.6,93.6,93.31,93.31,50000
FC.DB.K.TO,20230727,85,85,85,85,3000
FCCD.TO,20230727,27.23,27.23,27.11,27.11,2600
FCCQ.TO,20230727,30.72,30.77,30.53,30.53,6900
FCCV.TO,20230727,13.54,13.55,13.44,13.45,20785
FCD.UN.TO,20230727,5.54,5.54,5.54,5.54,286
FCID.TO,20230727,24.37,24.38,24.24,24.25,2540
FCIQ.TO,20230727,34.1,34.37,34,34.08,9879
FCIQ.U.TO,20230727,25.91,25.91,25.91,25.91,700
FCIV.TO,20230727,31.21,31.21,31.01,31.01,2600
FCQH.TO,20230727,45.87,45.87,45.57,45.57,900
FCR.UN.TO,20230727,15.14,15.21,14.84,14.84,244480
FCRH.TO,20230727,31.65,31.65,31.65,31.65,100
FCRR.TO,20230727,33.79,33.79,33.79,33.79,3400
FCU.TO,20230727,0.6,0.6,0.58,0.59,368297
FCUD.TO,20230727,31.03,31.03,30.74,30.74,3822
FCUH.TO,20230727,28.7,28.71,28.44,28.44,1600
FCUQ.TO,20230727,47.56,47.64,47.29,47.3,3106
FCUV.TO,20230727,14.49,14.49,14.25,14.27,10786
FDY.TO,20230727,0.84,0.86,0.83,0.85,123808
FEC.TO,20230727,10.45,10.57,10.39,10.43,43021
FF.TO,20230727,0.17,0.17,0.16,0.16,556539
FFH.TO,20230727,1028.51,1048.98,1028,1045.54,20019
FFH.PR.C.TO,20230727,18.4,18.44,18.4,18.4,700
FFH.PR.D.TO,20230727,19.4,19.4,19.4,19.4,300
FFH.PR.E.TO,20230727,14.31,14.46,14.3,14.46,800
FFH.PR.F.TO,20230727,16.89,16.89,16.7,16.7,400
FFH.PR.G.TO,20230727,14.14,14.26,14.14,14.14,6373
FFH.PR.H.TO,20230727,16.85,16.85,16.76,16.85,1700
FFH.PR.I.TO,20230727,15.47,15.6,15.35,15.35,2450
FFH.PR.K.TO,20230727,18.26,18.3,18.17,18.17,6583
FFH.PR.M.TO,20230727,20.45,20.45,20.39,20.4,2463
FFN.TO,20230727,4.22,4.32,4.16,4.16,90970
FFN.PR.A.TO,20230727,9.69,9.73,9.69,9.73,13605
FGB.TO,20230727,17.49,17.49,17.46,17.47,1200
FGGE.TO,20230727,22,22,21.71,21.71,2687
FGO.TO,20230727,9.87,9.89,9.84,9.84,2292
FGO.U.TO,20230727,9.93,9.93,9.93,9.93,7000
FHH.TO,20230727,38.03,38.03,37.98,37.98,650
FHI.TO,20230727,11.75,11.77,11.75,11.75,776
FHI.B.TO,20230727,12.56,12.56,12.56,12.56,3000
FHIS.TO,20230727,20.32,20.32,20.32,20.32,1817
FHQ.TO,20230727,74.16,74.16,74.16,74.16,125
FIE.TO,20230727,6.78,6.79,6.74,6.76,158980
FIG.TO,20230727,9.06,9.07,9.05,9.07,15136
FIH.U.TO,20230727,13.96,14.29,13.95,14.2,27413
FIL.TO,20230727,24.61,24.63,23.84,23.86,97201
FINO.TO,20230727,17.53,17.53,17.5,17.5,3350
FLCI.TO,20230727,16.95,16.95,16.95,16.95,950
FLCP.TO,20230727,17.1,17.1,17.1,17.1,505
FLGA.TO,20230727,18.62,18.64,18.57,18.57,8600
FLI.TO,20230727,9.85,9.89,9.8,9.8,1508
FLNT.TO,20230727,0.03,0.03,0.03,0.03,115500
FLOW.TO,20230727,0.5,0.5,0.47,0.495,27583
FLSD.TO,20230727,18.34,18.36,18.33,18.36,4000
FLUS.TO,20230727,34.93,34.93,34.65,34.65,200
FM.TO,20230727,36.5,38.06,36.39,37.49,3001766
FN.TO,20230727,37.99,38.5,37.99,38.31,16980
FNV.TO,20230727,193.88,193.88,189.24,189.25,305387
FOM.TO,20230727,3.8,3.83,3.73,3.82,266769
FOOD.TO,20230727,0.495,0.5,0.495,0.495,34604
FORA.TO,20230727,4.41,4.46,4.41,4.41,1200
FRU.TO,20230727,14.34,14.34,14.16,14.19,558033
FSB.TO,20230727,9.47,9.48,9.47,9.48,7072
FST.TO,20230727,44.01,44.01,44.01,44.01,216
FSV.TO,20230727,208.64,212,204.31,206.26,82058
FSY.TO,20230727,0.33,0.33,0.3,0.3,905995
FSZ.TO,20230727,6.67,6.69,6.54,6.54,160506
FSZ.DB.B.TO,20230727,99.96,100.25,99.7,100,325000
FT.TO,20230727,0.045,0.045,0.04,0.045,118000
FTG.TO,20230727,3.78,3.8,3.68,3.68,16411
FTN.TO,20230727,9.1,9.12,9.03,9.04,179326
FTN.PR.A.TO,20230727,9.55,9.56,9.54,9.55,125400
FTS.TO,20230727,57.15,57.27,56.51,56.68,812939
FTS.PR.F.TO,20230727,19.5,19.51,19.45,19.51,400
FTS.PR.G.TO,20230727,19.21,19.26,19.11,19.15,31400
FTS.PR.H.TO,20230727,13,13.25,12.96,12.96,2500
FTS.PR.I.TO,20230727,15.2,15.22,15.2,15.22,1200
FTS.PR.J.TO,20230727,18.9,18.95,18.9,18.92,1700
FTS.PR.K.TO,20230727,16.8,16.9,16.7,16.7,8500
FTS.PR.M.TO,20230727,16.99,17.12,16.73,16.8,14300
FTT.TO,20230727,44.6,44.6,43.95,44.16,484308
FTU.PR.B.TO,20230727,5.87,5.88,5.82,5.83,1726
FURY.TO,20230727,0.52,0.52,0.5,0.51,27410
FVI.TO,20230727,4.78,4.78,4.56,4.56,442610
FVL.TO,20230727,0.47,0.49,0.47,0.48,37050
FXM.TO,20230727,21.18,21.2,21.04,21.05,4940
G.TO,20230727,0.96,0.97,0.93,0.95,50609
GATO.TO,20230727,6.48,6.54,6.42,6.51,4400
GAU.TO,20230727,0.81,0.81,0.8,0.8,302417
GBAL.TO,20230727,42.58,42.58,42.58,42.58,187
GCBD.TO,20230727,17.21,17.21,17.21,17.21,525
GCG.TO,20230727,44.39,44.39,41,41,2400
GCG.A.TO,20230727,44,44,40.8,40.8,5310
GCL.TO,20230727,1.03,1.03,1,1.01,85115
GCSC.TO,20230727,21.33,21.33,21.33,21.33,413
GCTB.TO,20230727,50.12,50.12,50.12,50.12,9976
GDC.TO,20230727,2.17,2.19,2.17,2.18,8800
GDI.TO,20230727,48,48,47.5,47.51,5338
GDL.TO,20230727,14.38,14.65,14.38,14.65,1642
GDPY.TO,20230727,21.03,21.04,21.03,21.04,400
GDPY.B.TO,20230727,19.8,19.8,19.79,19.79,1100
GDV.TO,20230727,9.84,9.85,9.76,9.78,38861
GDV.PR.A.TO,20230727,9.3,9.33,9.3,9.33,11400
GEI.TO,20230727,21.19,21.25,21.01,21.05,481596
GENM.TO,20230727,0.375,0.39,0.375,0.39,138718
GEO.TO,20230727,3.14,3.14,3.05,3.05,20050
GEQT.TO,20230727,48.68,48.68,48.31,48.31,784
GFL.TO,20230727,47.77,47.91,44.49,46,1115421
GFP.TO,20230727,1.17,1.17,1.12,1.15,76367
GGD.TO,20230727,1.46,1.46,1.4,1.42,525337
GGRO.TO,20230727,45.62,45.62,45.34,45.34,3858
GH.TO,20230727,9.06,9.54,9.06,9.41,14900
GIB.A.TO,20230727,129.29,131.77,128.83,130.28,503889
GIL.TO,20230727,40.85,41.35,40.46,40.79,276471
GIQU.TO,20230727,22.65,22.65,22.65,22.65,100
GIVX.TO,20230727,0.46,0.46,0.445,0.45,11000
GLCC.TO,20230727,24.84,24.84,24.17,24.17,40626
GLO.TO,20230727,2.14,2.32,2.07,2.07,3097087
GLXY.TO,20230727,6.44,6.52,6.05,6.11,562168
GMTN.TO,20230727,0.12,0.125,0.12,0.125,126168
GMX.TO,20230727,0.84,0.84,0.82,0.82,6000
GOLD.TO,20230727,1.21,1.21,1.18,1.19,112514
GOOS.TO,20230727,23.82,24.28,23.31,23.37,254384
GRA.TO,20230727,3.06,3.09,3.04,3.06,17841
GRC.TO,20230727,0.095,0.095,0.085,0.085,2003
GRID.TO,20230727,0.8,0.8,0.78,0.78,1000
GRN.TO,20230727,0.27,0.285,0.265,0.265,197795
GRNI.TO,20230727,28.34,28.34,28.06,28.09,12400
GRT.UN.TO,20230727,79.86,80.81,78.24,78.38,64640
GSY.TO,20230727,125.52,127,123.67,123.91,20794
GTE.TO,20230727,8.96,9.26,8.7,8.86,51509
GUD.TO,20230727,4.87,4.87,4.8,4.81,30520
GURU.TO,20230727,2.6,2.71,2.6,2.67,15244
GUTB.U.TO,20230727,50.13,50.13,50.12,50.13,2992
GVC.TO,20230727,0.185,0.185,0.185,0.185,6003
GWO.TO,20230727,40.25,40.48,40.2,40.33,432266
GWO.PR.G.TO,20230727,19.58,19.65,19.58,19.63,1000
GWO.PR.H.TO,20230727,18.24,18.31,18.16,18.16,3600
GWO.PR.I.TO,20230727,17.2,17.2,17.13,17.16,1150
GWO.PR.L.TO,20230727,21.2,21.2,21.05,21.05,8301
GWO.PR.M.TO,20230727,22.01,22.01,21.99,21.99,3734
GWO.PR.N.TO,20230727,12.4,12.4,12.4,12.4,200
GWO.PR.P.TO,20230727,20.07,20.12,20.06,20.06,10189
GWO.PR.Q.TO,20230727,19.31,19.31,19.28,19.28,2000
GWO.PR.R.TO,20230727,17.95,17.95,17.8,17.8,11849
GWO.PR.S.TO,20230727,19.6,19.6,19.55,19.55,2300
GWO.PR.T.TO,20230727,19.36,19.55,19.36,19.55,900
GWO.PR.Y.TO,20230727,17.05,17.05,16.85,16.86,3500
GXE.TO,20230727,0.95,0.96,0.87,0.87,8048084
H.TO,20230727,37.62,37.8,37.21,37.38,512300
HAB.TO,20230727,9.55,9.56,9.53,9.53,24300
HAC.TO,20230727,25.38,25.39,25.38,25.38,4745
HAD.TO,20230727,8.66,8.66,8.66,8.66,2400
HAF.TO,20230727,7.01,7.01,7.01,7.01,100
HAI.TO,20230727,3.8,3.81,3.76,3.8,3600
HAL.TO,20230727,19.2,19.2,19,19,10605
HAZ.TO,20230727,29.45,29.45,29.22,29.22,1250
HBA.TO,20230727,21.64,21.64,21.64,21.64,111
HBAL.TO,20230727,13.68,13.68,13.56,13.56,5680
HBB.TO,20230727,44.85,44.85,44.66,44.66,6668
HBD.TO,20230727,10.79,10.95,10.79,10.95,3438
HBF.TO,20230727,9.84,9.86,9.74,9.74,14905
HBF.U.TO,20230727,10.95,10.95,10.95,10.95,113
HBFE.TO,20230727,10.75,10.75,10.61,10.61,1100
HBGD.TO,20230727,22.76,22.92,22.76,22.92,1289
HBKD.TO,20230727,19.74,19.74,19.74,19.74,100
HBKU.TO,20230727,19.3,19.3,19.3,19.3,600
HBLK.TO,20230727,12.39,12.39,12.39,12.39,905
HBM.TO,20230727,7.47,7.73,7.38,7.6,2081699
HBNK.TO,20230727,20.72,20.72,20.55,20.58,7208
HBP.TO,20230727,0.21,0.21,0.21,0.21,3560
HBU.TO,20230727,11.21,11.21,11.04,11.05,24070
HBUG.TO,20230727,20.19,20.19,20.19,20.19,100
HCA.TO,20230727,21.02,21.03,20.82,20.82,14300
HCAL.TO,20230727,20.5,20.68,20.46,20.49,38986
HCLN.TO,20230727,11.8,11.8,11.65,11.65,1185
HCON.TO,20230727,12.47,12.47,12.47,12.47,601
HCRE.TO,20230727,24.8,24.8,24.8,24.8,292
HDIF.TO,20230727,8.34,8.35,8.21,8.23,118010
HDIV.TO,20230727,16.05,16.1,15.88,15.91,59015
HEB.TO,20230727,16.24,16.33,16.24,16.29,4693
HED.TO,20230727,6.05,6.18,5.99,6.16,18138
HEU.TO,20230727,23.5,23.55,22.71,22.78,29010
HEWB.TO,20230727,29.8,29.91,29.69,29.69,11663
HFD.TO,20230727,10.57,10.64,10.55,10.64,4435
HFIN.TO,20230727,14.06,14.1,13.97,13.99,6572
HFPC.U.TO,20230727,2.77,2.77,2.77,2.77,246
HFR.TO,20230727,9.8,9.8,9.79,9.8,25826
HFU.TO,20230727,18.9,18.96,18.65,18.67,8525
HGD.TO,20230727,5.95,6.27,5.95,6.26,212468
HGR.TO,20230727,6.51,6.51,6.51,6.51,100
HGU.TO,20230727,13.66,13.66,12.95,12.97,485010
HGY.TO,20230727,9.79,9.79,9.69,9.7,18473
HHL.TO,20230727,8.19,8.22,8.12,8.12,167644
HHL.B.TO,20230727,8.67,8.67,8.62,8.62,301
HHL.U.TO,20230727,8.57,8.61,8.53,8.53,15979
HHLE.TO,20230727,10.46,10.47,10.31,10.33,18047
HIG.TO,20230727,8.48,8.48,8.4,8.4,1135
HISU.U.TO,20230727,100.03,100.03,100.01,100.01,3808
HIU.TO,20230727,13.09,13.3,13.09,13.3,18016
HIX.TO,20230727,29.09,29.09,29.09,29.09,100
HLF.TO,20230727,14.25,14.25,13.96,14.14,5651
HLIF.TO,20230727,9.15,9.15,9.09,9.09,2700
HLIT.TO,20230727,38.26,38.26,37.09,37.09,2998
HLPR.TO,20230727,21.75,21.75,21.69,21.69,1400
HLS.TO,20230727,6.3,6.3,6.16,6.3,6118
HMAX.TO,20230727,14.92,14.92,14.82,14.84,407965
HMM.A.TO,20230727,6.21,6.21,6.15,6.15,800
HMMJ.TO,20230727,8.85,9.04,8.85,8.86,10444
HMP.TO,20230727,9.14,9.14,9.03,9.03,4810
HND.TO,20230727,54.1,57.29,53.59,55.25,291709
HNU.TO,20230727,14.79,15,13.87,14.45,3361307
HOD.TO,20230727,8.98,9.1,8.76,8.92,1053988
HOM.DB.U.TO,20230727,102.9,103,102.9,102.97,58000
HOM.U.TO,20230727,13.35,13.51,13.2,13.4,46950
HOM.UN.TO,20230727,17.99,17.99,17.38,17.45,11562
HOT.DB.V.TO,20230727,84.52,84.52,84.52,84.52,4000
HOT.UN.TO,20230727,2.36,2.39,2.36,2.37,44134
HOU.TO,20230727,13.81,14.15,13.65,13.91,542489
HPF.TO,20230727,3.46,3.46,3.42,3.45,794
HPR.TO,20230727,7.39,7.43,7.39,7.42,41708
HPS.A.TO,20230727,58.44,58.44,55.63,56.5,46735
HQD.TO,20230727,17.92,18.69,17.78,18.57,684726
HQU.TO,20230727,15.44,15.56,14.82,14.94,857064
HR.UN.TO,20230727,10.64,10.67,10.42,10.42,419683
HRAA.TO,20230727,11.02,11.03,10.96,10.98,6558
HRED.TO,20230727,15.15,15.16,15.15,15.16,500
HRIF.TO,20230727,15.54,15.54,15.52,15.52,1001
HRX.TO,20230727,15.73,15.73,15.1,15.26,11662
HSAV.TO,20230727,107.26,107.44,107.25,107.3,20474
HSD.TO,20230727,23.5,24.28,23.47,24.21,340735
HSH.TO,20230727,55.8,55.8,55.75,55.75,377
HSU.TO,20230727,17.46,17.49,16.9,16.97,483431
HSUV.U.TO,20230727,105.24,105.5,105.24,105.35,28854
HTA.TO,20230727,15.82,15.88,15.57,15.63,21744
HTA.U.TO,20230727,16.85,16.85,16.6,16.6,400
HTAE.TO,20230727,13.87,14.15,13.84,13.86,12057
HTB.TO,20230727,53.26,53.26,53.15,53.15,607
HUBL.TO,20230727,11.5,11.5,11.27,11.27,3240
HUBL.U.TO,20230727,12.51,12.51,12.33,12.33,7800
HUC.TO,20230727,20.88,20.88,20.85,20.85,4684
HUG.TO,20230727,15.56,15.56,15.56,15.56,249
HULC.TO,20230727,70.88,71.46,70.81,70.81,1194
HULC.U.TO,20230727,54.05,54.07,53.36,53.36,1259
HUN.TO,20230727,11.77,11.77,11.5,11.57,7058
HURA.TO,20230727,23.95,23.95,23.95,23.95,399
HUT.TO,20230727,4.8,4.8,4.34,4.37,2779793
HUTE.TO,20230727,10.24,10.24,10.11,10.11,5999
HUTL.TO,20230727,17.13,17.13,16.9,16.93,28489
HUTS.TO,20230727,13.02,13.02,12.78,12.78,8543
HUV.TO,20230727,15.83,17.25,15.8,16.87,74471
HUZ.TO,20230727,11.2,11.2,11.15,11.17,2664
HWO.TO,20230727,1.26,1.27,1.26,1.26,21602
HWX.TO,20230727,7.29,7.34,7.2,7.2,312452
HXCN.TO,20230727,32.37,32.4,32.06,32.11,7760
HXD.TO,20230727,6.66,6.81,6.66,6.81,239303
HXDM.TO,20230727,41.49,41.49,41.23,41.23,4745
HXE.TO,20230727,30.59,30.78,30.34,30.34,4050
HXEM.TO,20230727,32.91,32.91,32.67,32.67,931
HXH.TO,20230727,44.7,44.7,44.61,44.61,826
HXQ.TO,20230727,59.02,59.31,58.15,58.29,19197
HXQ.U.TO,20230727,44.66,44.79,44.05,44.08,860
HXS.TO,20230727,61.27,61.39,60.59,60.67,28810
HXS.U.TO,20230727,45.75,45.75,45.75,45.75,100
HXT.TO,20230727,51.44,51.45,50.89,50.91,141997
HXU.TO,20230727,19.46,19.48,19.03,19.07,44833
HXX.TO,20230727,44.17,44.17,44.17,44.17,259
HYLD.TO,20230727,12.69,12.8,12.63,12.66,101434
HYLD.U.TO,20230727,12.93,12.93,12.93,12.93,113
HZD.TO,20230727,13.71,14.19,13.71,14.14,73858
HZU.TO,20230727,22.88,22.88,22,22.09,60913
IAG.TO,20230727,91.12,92.02,90.78,91.47,98147
IAU.TO,20230727,2.69,2.69,2.6,2.62,307910
ICPB.TO,20230727,9.19,9.19,9.17,9.18,7800
IDIV.B.TO,20230727,12.16,12.17,12.16,12.17,200
IE.TO,20230727,21.2,21.41,21,21.41,1592
IFA.TO,20230727,1.44,1.44,1.4,1.4,3815
IFC.TO,20230727,199.13,199.23,196.42,197.18,301907
IFC.PR.A.TO,20230727,17,17.2,16.99,17.01,11059
IFC.PR.C.TO,20230727,18.05,18.13,17.95,18.07,38200
IFC.PR.E.TO,20230727,19.59,19.59,19.31,19.5,3350
IFC.PR.F.TO,20230727,19.78,20,19.78,20,2700
IFC.PR.G.TO,20230727,20.03,20.29,20.03,20.16,28354
IFC.PR.I.TO,20230727,20.92,20.92,20.88,20.9,2600
IFC.PR.K.TO,20230727,19.51,19.62,19.4,19.62,5023
IFP.TO,20230727,24.99,25.01,23.89,24.15,126347
IGCF.TO,20230727,16.1,16.1,16.1,16.1,400
IGM.TO,20230727,41.73,41.73,41.19,41.2,124626
IIAE.F.TO,20230727,21.2,21.21,21.2,21.21,1200
III.TO,20230727,2.62,2.62,2.38,2.41,42164
IIP.UN.TO,20230727,13.22,13.27,12.7,12.72,269728
ILGB.TO,20230727,8.52,8.52,8.52,8.52,988
ILLM.TO,20230727,2.51,2.58,2.46,2.49,343823
IMG.TO,20230727,3.64,3.64,3.43,3.44,806648
IMO.TO,20230727,69.19,69.19,67.59,68.25,1206554
IMP.TO,20230727,0.65,0.69,0.65,0.66,8500
INC.UN.TO,20230727,9.94,9.95,9.94,9.95,1351
INE.TO,20230727,12.6,12.82,12.6,12.72,557463
INE.DB.C.TO,20230727,91.63,91.63,91.63,91.63,22000
INE.PR.A.TO,20230727,12.5,12.5,12.5,12.5,172
INE.PR.C.TO,20230727,19,19.25,19,19.25,400
INO.UN.TO,20230727,3.9,3.9,3.76,3.78,42566
IPCO.TO,20230727,12.15,12.17,11.91,11.93,32857
IPO.TO,20230727,2.67,2.67,2.57,2.57,297404
IQD.TO,20230727,31.67,31.67,31.31,31.31,200
IQD.B.TO,20230727,27.27,27.27,27.27,27.27,244
ISTE.TO,20230727,20.94,20.94,20.94,20.94,1400
ISV.TO,20230727,26.13,26.5,26.13,26.5,3840
ITE.TO,20230727,0.215,0.23,0.215,0.215,355586
IVN.TO,20230727,13.79,13.8,13.29,13.51,2985347
IVQ.TO,20230727,1.09,1.09,1.09,1.09,200
IVQ.DB.U.TO,20230727,79.9,80,79.9,80,18000
IVQ.DB.V.TO,20230727,83.55,83.55,83.55,83.55,15000
IVQ.U.TO,20230727,0.78,0.84,0.78,0.81,3106
JAG.TO,20230727,1.65,1.65,1.59,1.6,42419
JAPN.TO,20230727,37.32,37.5,37,37,300
JAPN.B.TO,20230727,28.72,28.75,28.68,28.73,1200
JFS.UN.TO,20230727,23.6,23.6,23.47,23.47,4153
JOY.TO,20230727,5.95,6.04,5.87,5.92,235706
JWEL.TO,20230727,29.76,30.34,29.76,30.05,74734
K.TO,20230727,6.47,6.47,6.27,6.31,2282973
KBL.TO,20230727,33.67,34,33.51,34,1404
KEC.TO,20230727,14.34,14.34,13.7,13.7,7969
KEG.UN.TO,20230727,15.79,15.79,15.42,15.44,7475
KEI.TO,20230727,6.02,6.14,5.96,5.96,32314
KEL.TO,20230727,6.3,6.31,6.14,6.14,346230
KEY.TO,20230727,32.6,32.85,32.36,32.47,690300
KILO.TO,20230727,29.29,29.29,29.05,29.05,733
KILO.B.TO,20230727,30.62,30.62,30.62,30.62,107
KITS.TO,20230727,5.19,5.19,5.09,5.12,1263
KLS.TO,20230727,0.37,0.385,0.37,0.375,22351
KMP.UN.TO,20230727,18.37,18.37,17.99,18.02,171016
KNT.TO,20230727,6.13,6.13,5.91,5.91,534791
KPT.TO,20230727,10.67,10.68,10.55,10.68,1656
KRN.TO,20230727,0.2,0.2,0.2,0.2,5000
KRR.TO,20230727,4.54,4.6,4.3,4.33,511377
KSI.TO,20230727,3.05,3.07,3.02,3.05,34129
KXS.TO,20230727,180.36,181.7,174.1,175.03,59350
L.TO,20230727,117.27,118.2,116.36,116.69,392038
L.PR.B.TO,20230727,21,21.07,20.99,21.07,6250
LABS.TO,20230727,0.06,0.06,0.06,0.06,41034
LAC.TO,20230727,26.02,26.07,25.25,25.27,331031
LAM.TO,20230727,0.41,0.41,0.395,0.405,112530
LAS.A.TO,20230727,121.99,124,121.99,123.75,5360
LB.TO,20230727,43.99,44.14,43.53,43.67,216165
LB.PR.H.TO,20230727,17.24,17.48,17.24,17.25,2600
LBS.TO,20230727,8.81,8.85,8.8,8.83,45173
LBS.PR.A.TO,20230727,9.92,9.94,9.91,9.92,7401
LCFS.TO,20230727,8.49,8.5,8.4,8.45,3300
LCS.TO,20230727,6.39,6.5,6.39,6.42,22541
LCS.PR.A.TO,20230727,10.18,10.18,10.15,10.15,2700
LEAD.TO,20230727,16.41,16.41,16.41,16.41,150
LEV.TO,20230727,3.17,3.17,3.02,3.07,377304
LEV.WT.TO,20230727,0.385,0.385,0.385,0.385,856
LFE.TO,20230727,3.76,3.82,3.73,3.8,9550
LFE.PR.B.TO,20230727,10.17,10.17,10.17,10.17,1000
LGD.TO,20230727,0.37,0.37,0.3525,0.355,208306
LGO.TO,20230727,6,6,5.66,5.83,75239
LIF.TO,20230727,31.73,31.79,31.38,31.38,89006
LIFE.TO,20230727,21.39,21.4,21.17,21.17,3670
LIRC.TO,20230727,12.8,12.8,12.27,12.39,29942
LN.TO,20230727,0.345,0.345,0.33,0.33,4004
LNF.TO,20230727,22.09,22.14,21.64,22.07,3362
LNR.TO,20230727,76,76.95,75.33,75.64,110389
LPEN.TO,20230727,0.6,0.63,0.57,0.62,22000
LSPD.TO,20230727,22.97,23.14,22.05,22.23,552514
LSPK.TO,20230727,0.58,0.65,0.58,0.65,3100
LUC.TO,20230727,0.405,0.405,0.405,0.405,1678
LUG.TO,20230727,18.3,18.3,17.23,17.3,178082
LUN.TO,20230727,11.52,11.75,11.43,11.6,1294158
MAG.TO,20230727,16.35,16.35,15.15,15.16,409500
MAL.TO,20230727,8.35,8.35,8.1,8.1,6165
MARI.TO,20230727,4.15,4.17,4.1,4.17,15160
MATR.TO,20230727,20.35,20.45,19.97,19.99,166714
MBAL.TO,20230727,21.6,21.6,21.6,21.6,2303
MBX.TO,20230727,0.315,0.32,0.31,0.315,48000
MCB.TO,20230727,1.47,1.47,1.47,1.47,200
MCSB.TO,20230727,18.7,18.76,18.7,18.75,3500
MCSM.TO,20230727,37.08,37.1,36.78,36.78,494
MDA.TO,20230727,8.45,8.47,8.25,8.26,32432
MDI.TO,20230727,9.4,9.48,9.17,9.22,47069
MDNA.TO,20230727,0.57,0.58,0.53,0.58,45637
MDP.TO,20230727,2.01,2.05,2.01,2.03,2680
MEE.TO,20230727,24.39,24.4,24.3,24.3,300
MEG.TO,20230727,23.92,24.01,23.29,23.35,1672344
MEQ.TO,20230727,136.59,137,136.59,137,236
MEU.TO,20230727,21.7,21.7,21.65,21.65,1400
MFC.TO,20230727,26.2,26.47,26.2,26.3,5325095
MFC.PR.B.TO,20230727,17.86,17.86,17.7,17.75,5636
MFC.PR.C.TO,20230727,17.5,17.68,17.44,17.44,5784
MFC.PR.F.TO,20230727,12.57,12.57,12.57,12.57,100
MFC.PR.I.TO,20230727,20.86,21.05,20.86,20.95,18600
MFC.PR.J.TO,20230727,20.67,20.74,20.64,20.64,4000
MFC.PR.K.TO,20230727,19.98,19.98,19.76,19.8,2300
MFC.PR.L.TO,20230727,17.12,17.5,17.12,17.3,600
MFC.PR.M.TO,20230727,17.3,17.3,17.09,17.09,2200
MFC.PR.N.TO,20230727,16.8,16.83,16.56,16.56,3100
MFC.PR.P.TO,20230727,16.8,16.8,16.8,16.8,200
MFC.PR.Q.TO,20230727,20.21,20.33,20.21,20.22,5605
MFI.TO,20230727,27.32,27.47,26.95,27.12,127010
MFT.TO,20230727,17.56,17.56,17.48,17.48,11329
MG.TO,20230727,83.79,84.13,83.37,83.58,458441
MGA.TO,20230727,0.205,0.215,0.205,0.21,372288
MGB.TO,20230727,16.37,16.42,16.33,16.36,7256
MGRW.TO,20230727,23.44,23.44,23.44,23.44,100
MHC.U.TO,20230727,15.5,16.3,15.5,16.29,9600
MHC.UN.TO,20230727,21.4,21.45,21.4,21.45,1400
MHCD.TO,20230727,10.99,10.99,10.99,10.99,100
MI.UN.TO,20230727,14.99,15.02,14.5,14.57,119632
MIC.PR.A.TO,20230727,19.1,19.1,18.96,18.96,300
MID.UN.TO,20230727,6.95,7.01,6.95,7,16510
MIN.TO,20230727,0.265,0.265,0.265,0.265,15011
MINF.TO,20230727,9.78,9.79,9.7,9.71,7112
MINN.TO,20230727,14.37,14.38,14.23,14.24,1902
MIVG.TO,20230727,28.92,28.92,28.92,28.92,2100
MKB.TO,20230727,18.48,18.48,18.35,18.41,9104
MKC.TO,20230727,30.5,30.5,30.22,30.22,3600
MKP.TO,20230727,16.45,16.48,16.25,16.35,6633
MMP.UN.TO,20230727,2.12,2.12,2.12,2.12,160
MND.TO,20230727,1.75,1.77,1.72,1.72,4900
MNO.TO,20230727,0.38,0.39,0.375,0.38,221532
MNS.TO,20230727,18.45,18.45,18.4,18.4,1300
MNT.TO,20230727,26.6,26.67,26.51,26.66,3200
MNT.U.TO,20230727,20.39,20.39,20.39,20.39,100
MNU.U.TO,20230727,100.38,100.38,100.38,100.38,110
MNY.TO,20230727,100.37,100.37,100.36,100.37,2630
MOGO.TO,20230727,1.02,1.02,0.96,0.98,50373
MPCT.DB.A.TO,20230727,86.99,86.99,86.99,86.99,25000
MPCT.UN.TO,20230727,10.09,10.09,9.82,9.89,7723
MPVD.TO,20230727,0.455,0.47,0.455,0.465,168600
MR.UN.TO,20230727,4.88,5.01,4.75,4.99,25639
MRC.TO,20230727,103,103.09,103,103.09,304
MRD.TO,20230727,11.44,11.45,11.3,11.45,2617
MRE.TO,20230727,14.56,14.71,14.5,14.51,96815
MREL.TO,20230727,12.32,12.32,12.14,12.14,6543
MRG.UN.TO,20230727,16.49,16.52,16.34,16.44,31341
MRT.DB.A.TO,20230727,92,92,92,92,30000
MRT.UN.TO,20230727,5.4,5.41,5.4,5.4,8309
MRU.TO,20230727,72.64,73.01,71.84,72.05,446080
MSA.TO,20230727,0.61,0.62,0.61,0.61,18116
MTL.TO,20230727,15.88,15.88,15.6,15.68,102321
MTL.DB.TO,20230727,120.5,120.5,120,120,53000
MTY.TO,20230727,67.95,68.35,67.45,67.58,28650
MUB.TO,20230727,18.04,18.08,17.97,18.02,27019
MULC.TO,20230727,42.91,42.91,42.91,42.91,120
MUMC.B.TO,20230727,41.4,41.4,41.16,41.16,553
MUS.TO,20230727,32.73,32.73,32.39,32.4,9000
MUX.TO,20230727,11.63,11.63,10.79,10.86,26477
MWD.TO,20230727,27,27,26.75,26.75,9950
MX.TO,20230727,58.01,58.04,55.69,55.73,191343
MXG.TO,20230727,4.76,4.99,4.76,4.89,9200
MXU.TO,20230727,21.43,21.43,21.43,21.43,700
NA.TO,20230727,102.5,102.83,102.16,102.45,954333
NA.PR.C.TO,20230727,25.17,25.17,25.05,25.11,3400
NA.PR.E.TO,20230727,20.43,20.61,20.37,20.46,8305
NA.PR.G.TO,20230727,21.52,21.82,21.51,21.6,4800
NA.PR.S.TO,20230727,17.94,18,17.65,17.65,7955
NA.PR.W.TO,20230727,16.8,17.17,16.78,16.78,4829
NALT.TO,20230727,23.97,23.98,23.87,23.9,15627
NANO.TO,20230727,3.38,3.43,3.35,3.35,53279
NCP.TO,20230727,0.025,0.03,0.025,0.03,47319
NCU.TO,20230727,0.185,0.185,0.175,0.175,136350
NDM.TO,20230727,0.36,0.42,0.36,0.42,1357772
NEO.TO,20230727,8.68,8.69,8.29,8.35,76079
NEXT.TO,20230727,1.7,1.7,1.61,1.63,99510
NFI.TO,20230727,10.93,11,10.52,10.52,185743
NFI.DB.TO,20230727,79.99,81,79.01,81,17000
NG.TO,20230727,5.85,5.85,5.64,5.65,119420
NGD.TO,20230727,1.61,1.62,1.41,1.43,2085941
NGPE.TO,20230727,35.98,36,35.98,36,1400
NGT.TO,20230727,56.56,56.56,55.64,55.77,238689
NOA.TO,20230727,29.35,34.3,29.35,32.9,455466
NOA.DB.A.TO,20230727,120,144.32,120,139,2108000
NOA.DB.B.TO,20230727,119,145,119,140.5,1287000
NOVC.TO,20230727,0.51,0.51,0.51,0.51,500
NPI.TO,20230727,26.74,26.88,26.22,26.3,572227
NPI.PR.A.TO,20230727,15.25,15.25,15.15,15.15,4300
NPI.PR.B.TO,20230727,17.35,17.35,17.3,17.3,2000
NPK.TO,20230727,2.83,3.52,2.77,3.34,604947
NPRF.TO,20230727,19.34,19.35,19.28,19.28,5601
NREA.TO,20230727,19.37,19.37,19.29,19.29,496
NSCB.TO,20230727,21.51,21.51,21.46,21.46,800
NSCC.TO,20230727,20.93,20.93,20.93,20.93,100
NSCE.TO,20230727,34.99,34.99,34.99,34.99,100
NTR.TO,20230727,89.23,89.63,88.34,89.03,840497
NUAG.TO,20230727,3.18,3.26,3.05,3.09,50370
NUBF.TO,20230727,20.97,20.97,20.97,20.97,897
NUMI.TO,20230727,0.215,0.22,0.21,0.21,69472
NVA.TO,20230727,10.84,10.97,10.7,10.71,369510
NVEI.TO,20230727,45,45.59,43.22,43.29,245956
NVO.TO,20230727,0.2,0.2,0.195,0.195,95474
NWC.TO,20230727,32.66,32.83,32.2,32.25,121927
NWH.DB.G.TO,20230727,98.05,98.05,98.03,98.03,17000
NWH.DB.H.TO,20230727,89.01,89.01,89.01,89.01,2000
NWH.DB.I.TO,20230727,96,96.01,96,96,20000
NWH.UN.TO,20230727,7.19,7.26,7.14,7.15,1156157
NXE.TO,20230727,6.27,6.27,6.02,6.06,1457111
NXF.TO,20230727,6.04,6.07,5.98,5.99,55446
NXR.UN.TO,20230727,8.49,8.51,8.31,8.34,136330
OBE.TO,20230727,8.89,9.01,8.7,8.7,290286
OGC.TO,20230727,2.7,2.71,2.58,2.64,1041349
OGD.TO,20230727,0.65,0.66,0.65,0.66,28100
OGI.TO,20230727,1.83,1.94,1.8,1.8,162579
OLA.TO,20230727,6,6,5.82,5.85,364985
OLY.TO,20230727,76.25,76.25,75.5,75.5,2303
ONC.TO,20230727,3.92,3.92,3.55,3.62,378720
ONEC.TO,20230727,20.11,20.24,20.11,20.24,1800
ONEQ.TO,20230727,34.29,34.29,34.29,34.29,100
ONEX.TO,20230727,80.55,81.55,79.98,80.15,130158
OR.TO,20230727,19.32,19.32,18.8,18.82,255755
ORA.TO,20230727,10.21,10.34,10.03,10.23,55919
ORE.TO,20230727,1.24,1.24,1.17,1.2,130116
OSK.TO,20230727,2.83,2.85,2.76,2.83,1089432
OTEX.TO,20230727,55.99,56.06,54.94,54.98,266243
OVV.TO,20230727,57.37,57.98,56.45,56.82,155220
PAAS.TO,20230727,21.15,21.21,20.38,20.59,651102
PAY.TO,20230727,6.09,6.18,6.08,6.1,29442
PAYF.TO,20230727,18.19,18.19,18.14,18.14,4909
PBH.TO,20230727,108.55,109.09,107.21,107.47,22578
PBH.DB.G.TO,20230727,97,97,97,97,1000
PBH.DB.H.TO,20230727,94,94,94,94,9000
PBH.DB.I.TO,20230727,96.5,96.5,96.5,96.5,25000
PBL.TO,20230727,25.4,25.65,25.39,25.43,2886
PBY.UN.TO,20230727,14.21,14.27,14.19,14.21,3200
PCOR.TO,20230727,17.57,17.57,17.52,17.56,6000
PD.TO,20230727,80.28,84.58,79.34,83.7,187499
PDC.TO,20230727,30.29,30.34,30.05,30.05,8568
PDF.TO,20230727,30.22,30.22,30.08,30.08,2471
PDIV.TO,20230727,10.09,10.09,9.9,9.9,2808
PDV.TO,20230727,5.5,5.5,5.5,5.5,1800
PEA.TO,20230727,0.68,0.69,0.65,0.66,90519
PET.TO,20230727,30.31,31.07,30.31,30.58,51960
PEY.TO,20230727,11.47,11.51,11.3,11.34,758525
PFAA.TO,20230727,10.21,10.21,10.21,10.21,456
PFIA.TO,20230727,9.63,9.66,9.63,9.66,20300
PFL.TO,20230727,19.64,19.64,19.63,19.64,29026
PFLS.TO,20230727,15.47,15.47,15.46,15.46,906
PFMN.TO,20230727,13.4,13.42,13.4,13.42,1900
PFSS.TO,20230727,9,9,9,9,200
PGI.UN.TO,20230727,7,7,6.97,6.99,6176
PHR.TO,20230727,19.5,19.5,19.21,19.21,12700
PHX.TO,20230727,7.07,7.09,6.88,6.88,28097
PHYS.TO,20230727,20.17,20.17,20,20.05,17241
PIC.A.TO,20230727,4.85,4.94,4.8,4.8,38522
PIC.PR.A.TO,20230727,13.74,13.74,13.74,13.74,384
PID.TO,20230727,21.15,21.15,21.11,21.11,801
PIF.TO,20230727,14.6,14.62,14.1,14.1,20502
PINC.TO,20230727,17.85,17.85,17.85,17.85,100
PIX.UN.TO,20230727,8.1,8.21,8.1,8.11,8970
PKI.TO,20230727,36.91,37.09,36.43,36.53,348638
PLC.TO,20230727,24.29,24.29,23.5,23.55,49496
PLC.DB.TO,20230727,98.48,98.48,98.48,98.48,11000
PLDI.TO,20230727,18.67,18.67,18.67,18.67,1050
PLV.TO,20230727,22.14,22.14,22.14,22.14,1000
PLZ.UN.TO,20230727,4.03,4.03,3.97,4,25607
PME.TO,20230727,2.61,2.61,2.59,2.6,950
PMIF.TO,20230727,18.05,18.06,18,18.02,20736
PMIF.U.TO,20230727,19.04,19.04,19.01,19.03,17800
PMT.TO,20230727,0.65,0.65,0.65,0.65,9500
PMZ.UN.TO,20230727,13.53,13.53,13.28,13.35,79982
PNE.TO,20230727,1.53,1.55,1.52,1.54,132875
PNP.TO,20230727,3.99,4,3.87,3.87,2500
POU.TO,20230727,29.56,29.78,29.13,29.25,175517
POW.TO,20230727,37.25,37.47,37.12,37.2,1476853
POW.PR.A.TO,20230727,21.02,21.16,21.02,21.16,540
POW.PR.B.TO,20230727,19.89,20,19.82,19.94,22100
POW.PR.C.TO,20230727,21.99,22.06,21.99,22.06,600
POW.PR.D.TO,20230727,18.71,18.97,18.7,18.9,2800
POW.PR.G.TO,20230727,20.79,20.8,20.71,20.76,16600
PPL.TO,20230727,41.63,41.63,40.91,40.99,2503638
PPL.PF.A.TO,20230727,20.02,20.1,20.01,20.05,5700
PPL.PF.E.TO,20230727,21.5,21.62,21.45,21.62,3275
PPL.PR.A.TO,20230727,17.9,18.21,17.83,17.95,9549
PPL.PR.C.TO,20230727,17.39,17.39,17.18,17.18,260
PPL.PR.E.TO,20230727,17.98,18.13,17.9,17.9,3506
PPL.PR.G.TO,20230727,17.06,17.25,17.05,17.08,6445
PPL.PR.I.TO,20230727,19.53,19.53,19.4,19.4,961
PPL.PR.O.TO,20230727,19.3,19.52,19.3,19.5,400
PPL.PR.Q.TO,20230727,18.5,18.58,18.31,18.32,4300
PPL.PR.S.TO,20230727,20.22,20.6,20.22,20.5,1872
PPR.TO,20230727,0.115,0.115,0.11,0.115,16500
PPTA.TO,20230727,4.64,4.93,4.64,4.91,5127
PR.TO,20230727,8.04,8.04,8.04,8.04,1000
PRA.TO,20230727,27.12,27.12,27.11,27.11,2000
PRB.TO,20230727,1.63,1.65,1.6,1.65,28750
PRL.TO,20230727,7.99,8.22,7.99,8.15,4220
PRM.PR.A.TO,20230727,9.95,9.95,9.95,9.95,2200
PRMW.TO,20230727,18.88,19,18.78,18.78,98865
PRN.TO,20230727,16.5,16.5,16.2,16.2,400
PRQ.TO,20230727,1.66,1.66,1.58,1.58,17650
PRU.TO,20230727,1.55,1.56,1.52,1.53,8801
PRV.DB.TO,20230727,96,96,96,96,86000
PRV.UN.TO,20230727,5.46,5.46,5.34,5.34,69176
PSA.TO,20230727,50.19,50.2,50.19,50.19,94226
PSB.TO,20230727,16.6,16.61,16.58,16.58,2376
PSD.TO,20230727,1.99,2,1.93,1.98,27130
PSI.TO,20230727,13.17,13.3,13.1,13.2,112278
PSK.TO,20230727,26.03,26.13,25.54,25.59,204181
PSLV.TO,20230727,11.1,11.1,10.88,10.95,88395
PSLV.U.TO,20230727,8.28,8.28,8.28,8.28,400
PSU.U.TO,20230727,100.4,100.41,100.4,100.4,5765
PTI.UN.TO,20230727,6.85,6.93,6.83,6.85,24210
PTM.TO,20230727,1.83,1.83,1.81,1.81,31850
PTO.UN.TO,20230727,7.15,7.16,7.07,7.1,23315
PVS.PR.F.TO,20230727,24.5,24.64,24.5,24.64,600
PVS.PR.G.TO,20230727,23.75,23.85,23.75,23.85,900
PVS.PR.H.TO,20230727,22.99,23.05,22.99,23.05,4120
PVS.PR.I.TO,20230727,23.64,23.7,23.64,23.7,2400
PVS.PR.J.TO,20230727,22.65,22.66,22.6,22.6,1500
PVS.PR.K.TO,20230727,22.4,22.4,21.95,21.97,2100
PWF.PF.A.TO,20230727,16.61,16.67,16.52,16.54,17400
PWF.PR.A.TO,20230727,13.25,13.25,13.25,13.25,700
PWF.PR.E.TO,20230727,20.2,20.3,20.2,20.3,2278
PWF.PR.F.TO,20230727,19.3,19.4,19.29,19.35,3600
PWF.PR.H.TO,20230727,21.39,21.39,21.2,21.2,1000
PWF.PR.K.TO,20230727,18.4,18.4,18.4,18.4,1600
PWF.PR.L.TO,20230727,18.82,18.98,18.75,18.98,1831
PWF.PR.O.TO,20230727,21.3,21.3,21.25,21.25,13869
PWF.PR.P.TO,20230727,12.66,12.66,12.43,12.43,650
PWF.PR.Q.TO,20230727,15,15,15,15,200
PWF.PR.R.TO,20230727,20.28,20.29,20.2,20.2,3400
PWF.PR.S.TO,20230727,17.79,17.86,17.74,17.85,1500
PWF.PR.T.TO,20230727,18.91,19,18.91,18.93,3540
PWF.PR.Z.TO,20230727,18.77,18.86,18.77,18.86,2220
PWI.TO,20230727,6.52,6.52,6.38,6.38,4209
PWI.PR.A.TO,20230727,9.41,9.5,9.36,9.36,6700
PXC.TO,20230727,35.04,35.06,34.89,34.89,719
PXT.TO,20230727,27.88,28.02,27.54,27.58,219342
PXU.F.TO,20230727,53.44,53.44,53.44,53.44,100
PYF.TO,20230727,17.24,17.24,17.23,17.23,4704
PYR.TO,20230727,0.83,0.86,0.83,0.85,12747
PZA.TO,20230727,15.29,15.29,15.08,15.1,16670
PZW.TO,20230727,30.93,30.93,30.93,30.93,200
QAH.TO,20230727,151.36,151.36,151.36,151.36,263
QBB.TO,20230727,89.24,89.24,89,89,6200
QBR.A.TO,20230727,32.9,32.9,32.75,32.8,15125
QBR.B.TO,20230727,32.49,32.72,32.17,32.21,430432
QBTC.TO,20230727,38.87,38.87,37.54,37.54,1754
QBTC.U.TO,20230727,29,29,28.47,28.65,1318
QBTL.TO,20230727,17.28,17.62,17.28,17.62,9993
QCN.TO,20230727,125.89,125.89,125.26,125.26,2772
QDX.TO,20230727,106.49,106.62,106.22,106.22,500
QDXB.TO,20230727,86.32,86.32,86.18,86.18,208
QDXH.TO,20230727,118.82,118.82,118.82,118.82,100
QEC.TO,20230727,0.2,0.2,0.2,0.2,22000
QEE.TO,20230727,87.78,87.78,87.38,87.38,200
QETH.U.TO,20230727,28.51,29.04,28.5,28.85,3918
QETH.UN.TO,20230727,37.5,38.39,37.5,37.61,2360
QHY.TO,20230727,83.06,83.06,83.06,83.06,203
QIE.TO,20230727,29.41,29.42,29.36,29.38,1300
QIPT.TO,20230727,6.88,7.12,6.87,6.94,20276
QQC.TO,20230727,24.59,24.73,24.42,24.42,7025
QQC.F.TO,20230727,126.35,126.83,124.5,124.51,2702
QQCC.TO,20230727,11.14,11.17,11.03,11.06,33744
QQCE.TO,20230727,20.89,20.89,20.5,20.5,828
QQJR.F.TO,20230727,16.35,16.35,16.35,16.35,175
QRET.TO,20230727,101.9,101.9,101.63,101.65,400
QSR.TO,20230727,101.56,102.18,101.39,101.49,272688
QTRH.TO,20230727,1.5,1.58,1.46,1.52,404970
QTRH.DB.TO,20230727,86,86,86,86,3000
QUB.TO,20230727,81.55,81.55,81.26,81.26,400
QUS.TO,20230727,44.5,44.5,44.5,44.5,100
QUU.TO,20230727,173.58,173.58,171.37,171.37,5748
RA.UN.TO,20230727,7.91,7.91,7.9,7.9,500
RATE.TO,20230727,20.1,20.1,20.1,20.1,800
RAY.A.TO,20230727,5.21,5.27,5.12,5.17,13588
RAY.B.TO,20230727,5.15,5.15,5.15,5.15,600
RBA.TO,20230727,84.9,85.05,83.62,84.51,179782
RBN.UN.TO,20230727,7.62,7.66,7.61,7.61,12700
RBNK.TO,20230727,23.3,23.43,23.2,23.25,14551
RBO.TO,20230727,17.59,17.6,17.56,17.56,5700
RBOT.TO,20230727,28.78,28.78,28.27,28.27,1878
RBY.TO,20230727,2.05,2.05,2.02,2.02,24400
RCD.TO,20230727,24.5,24.52,24.5,24.52,476
RCDC.TO,20230727,19.42,19.42,19.33,19.33,670
RCG.TO,20230727,8.75,8.85,8.73,8.73,13900
RCG.PR.B.TO,20230727,10.85,10.99,10.85,10.99,1700
RCH.TO,20230727,44.8,44.8,43.88,43.98,59558
RCI.A.TO,20230727,61.98,61.98,59.75,59.75,819
RCI.B.TO,20230727,60.53,60.53,57.24,57.48,3306951
REAL.TO,20230727,6.94,6.96,6.52,6.62,106955
REI.UN.TO,20230727,20.34,20.49,20.07,20.07,550843
RGQN.TO,20230727,19.61,19.61,19.61,19.61,1351
RGQQ.TO,20230727,19.12,19.12,19.12,19.12,500
RGQR.TO,20230727,19,19,19,19,275
RID.U.TO,20230727,17.68,17.68,17.68,17.68,500
RIFI.TO,20230727,17.34,17.34,17.34,17.34,100
RIIN.TO,20230727,18.8,18.81,18.8,18.81,200
RIRA.TO,20230727,17.36,17.38,17.36,17.38,601
RIT.TO,20230727,16.5,16.5,16.13,16.13,15305
RLB.TO,20230727,17.69,17.69,17.69,17.69,500
ROOT.TO,20230727,3.05,3.06,3.02,3.06,5400
RPD.TO,20230727,22.59,22.59,22.58,22.59,3000
RPDH.TO,20230727,23.81,23.81,23.81,23.81,143
RPF.TO,20230727,17.82,17.82,17.8,17.8,16605
RPI.UN.TO,20230727,34.7,34.7,33.9,34,8909
RQL.TO,20230727,19.86,19.86,19.86,19.86,5508
RQN.TO,20230727,19.56,19.56,19.54,19.54,12118
RQO.TO,20230727,17.5,17.53,17.48,17.48,3452
RQP.TO,20230727,17.05,17.05,17.01,17.01,7400
RQQ.TO,20230727,20.44,20.44,20.39,20.39,7709
RQR.TO,20230727,20.37,20.37,20.3,20.3,15119
RS.TO,20230727,14.24,14.24,14.19,14.24,12374
RS.PR.A.TO,20230727,9.44,9.45,9.42,9.45,11000
RSI.TO,20230727,5.72,5.72,5.63,5.65,189008
RSI.DB.E.TO,20230727,98.8,98.8,98.77,98.77,8000
RTG.TO,20230727,0.04,0.04,0.04,0.04,192998
RUBH.TO,20230727,15.51,15.51,15.49,15.49,2019
RUBY.TO,20230727,17.6,17.6,17.6,17.6,281
RUD.TO,20230727,52.38,52.59,52.26,52.26,4550
RUDH.TO,20230727,38.17,38.18,38,38,918
RUP.TO,20230727,3.81,3.81,3.78,3.81,11864
RUS.TO,20230727,38.88,38.88,38.14,38.36,137821
RUSB.U.TO,20230727,14.88,14.88,14.88,14.88,2800
RVX.TO,20230727,0.1,0.105,0.1,0.105,48579
RXD.TO,20230727,18.69,18.69,18.69,18.69,509
RY.TO,20230727,130.53,131.13,129.91,130.16,6247003
RY.PR.H.TO,20230727,17.91,17.91,17.72,17.8,2889
RY.PR.J.TO,20230727,19,19,18.65,18.65,8723
RY.PR.M.TO,20230727,18.3,18.3,18.17,18.17,1939
RY.PR.N.TO,20230727,21.4,21.75,21.4,21.75,2600
RY.PR.O.TO,20230727,21.59,21.62,21.59,21.62,1700
RY.PR.S.TO,20230727,20.16,20.3,19.99,20,9290
S.TO,20230727,0.495,0.495,0.455,0.4875,472383
SAM.TO,20230727,0.135,0.15,0.135,0.15,53000
SAP.TO,20230727,27.75,28.05,27.4,27.51,569509
SAU.TO,20230727,0.08,0.08,0.08,0.08,111604
SBC.TO,20230727,10,10.04,9.97,10.01,27363
SBC.PR.A.TO,20230727,9.56,9.64,9.56,9.64,14700
SBI.TO,20230727,0.45,0.45,0.42,0.42,1500
SBT.TO,20230727,12.84,12.88,12.84,12.86,300
SCY.TO,20230727,0.045,0.045,0.045,0.045,51000
SDE.TO,20230727,4.43,4.46,4.27,4.27,497126
SEA.TO,20230727,16.89,16.89,15.92,15.93,69709
SEC.TO,20230727,327.51,327.51,327.51,327.51,390
SES.TO,20230727,6.88,6.96,6.51,6.52,818860
SFC.TO,20230727,4.45,4.45,4.4,4.4,1400
SFI.TO,20230727,0.3,0.3,0.3,0.3,8000
SFTC.TO,20230727,16.62,16.62,15.8,15.84,26101
SGNL.TO,20230727,0.235,0.235,0.23,0.23,67350
SGR.UN.TO,20230727,13.57,13.62,13.46,13.49,65978
SGY.TO,20230727,8.11,8.15,7.97,7.99,338498
SHLE.TO,20230727,5.32,5.32,5.15,5.15,12665
SHOP.TO,20230727,87.4,89.43,84.13,84.66,4036948
SIA.TO,20230727,11.81,11.81,11.53,11.54,240851
SIH.UN.TO,20230727,9.69,9.7,9.67,9.7,9400
SII.TO,20230727,42.25,42.43,41.77,42.42,21272
SIL.TO,20230727,7.5,7.51,6.99,6.99,463447
SIS.TO,20230727,16.89,16.89,16.58,16.7,66332
SJ.TO,20230727,68.6,68.6,66.29,66.91,129489
SKE.TO,20230727,6.31,6.31,6.13,6.16,98667
SLF.TO,20230727,69.77,69.89,69.34,69.48,1507010
SLF.PR.C.TO,20230727,17.92,17.92,17.9,17.9,2368
SLF.PR.D.TO,20230727,17.83,17.83,17.78,17.8,2721
SLF.PR.E.TO,20230727,17.95,18,17.9,17.93,4313
SLF.PR.G.TO,20230727,12.96,13.02,12.96,13,4600
SLF.PR.H.TO,20230727,15.13,15.2,14.95,15.2,2000
SLF.PR.J.TO,20230727,15.07,15.21,15.07,15.21,357
SLR.TO,20230727,0.7,0.7,0.67,0.67,55697
SLS.TO,20230727,5.87,5.87,5.62,5.65,151266
SMC.TO,20230727,0.06,0.06,0.055,0.055,795000
SMT.TO,20230727,0.38,0.4,0.38,0.395,145339
SOIL.TO,20230727,2.38,2.44,2.36,2.39,176608
SOLG.TO,20230727,0.275,0.275,0.27,0.275,23499
SOT.DB.A.TO,20230727,71.99,71.99,71,71,91000
SOT.UN.TO,20230727,1.91,1.92,1.86,1.89,103089
SOY.TO,20230727,8.65,8.65,8.12,8.17,179486
SPB.TO,20230727,9.93,9.93,9.78,9.79,535052
SPLT.TO,20230727,10.11,10.15,10.11,10.11,3900
SPPP.TO,20230727,14.6,14.63,14.6,14.63,204
SPPP.U.TO,20230727,11,11,11,11,100
SRU.UN.TO,20230727,25.23,25.29,24.9,24.96,164106
SRV.UN.TO,20230727,16.58,16.58,16.35,16.35,2426
SSF.UN.TO,20230727,6.51,6.51,6.42,6.42,2300
SSL.TO,20230727,7.16,7.17,6.94,6.95,386562
SSRM.TO,20230727,19.26,19.29,18.73,18.75,348700
STC.TO,20230727,5.95,6.35,5.9,6.01,89963
STCK.TO,20230727,6.4,6.4,6.39,6.39,2500
STCK.WT.TO,20230727,0.015,0.015,0.015,0.015,4000
STEP.TO,20230727,3.82,3.84,3.69,3.72,112480
STGO.TO,20230727,0.78,0.79,0.77,0.77,56415
STLC.TO,20230727,46.15,46.32,45.77,46.18,66739
STN.TO,20230727,88.87,89.28,88.19,88.61,174747
STPL.TO,20230727,24.43,24.43,24.23,24.24,8401
SU.TO,20230727,40.28,40.62,39.71,39.78,4739656
SVA.TO,20230727,0.94,0.94,0.91,0.94,36951
SVB.TO,20230727,0.135,0.135,0.135,0.135,500
SVI.TO,20230727,5.35,5.35,4.95,4.95,1653119
SVI.DB.TO,20230727,95,95,94.17,94.17,11000
SVI.DB.B.TO,20230727,94,94,93.75,93.75,12000
SVI.DB.C.TO,20230727,89.46,91.42,89.46,90.65,1967000
SVM.TO,20230727,4.12,4.12,3.9,3.9,204921
SVR.TO,20230727,12.08,12.08,11.85,11.85,680
SWP.TO,20230727,2.7,2.72,2.69,2.71,2002
SXI.TO,20230727,2.04,2.04,2.01,2.01,910
SXP.TO,20230727,6.08,6.18,6.02,6.08,19125
SYLD.TO,20230727,17.85,17.85,17.85,17.85,100
SYZ.TO,20230727,6.9,6.9,6.7,6.75,18200
T.TO,20230727,24.05,24.3,23.86,23.88,2822460
TA.TO,20230727,13.29,13.29,13.05,13.16,565764
TA.PR.D.TO,20230727,12.21,12.21,12.2,12.2,2300
TA.PR.E.TO,20230727,15.2,15.2,15.2,15.2,400
TA.PR.F.TO,20230727,17.97,17.97,17.97,17.97,130
TA.PR.H.TO,20230727,21.35,21.35,21.17,21.17,1950
TA.PR.J.TO,20230727,19.75,19.75,19.65,19.65,6400
TAIG.TO,20230727,1.65,1.7,1.63,1.63,21721
TAL.TO,20230727,0.76,0.76,0.74,0.74,307876
TBL.TO,20230727,2.83,2.85,2.83,2.85,761
TBNK.TO,20230727,25.16,25.16,25.04,25.04,10519
TC.TO,20230727,37.76,39.01,37.72,37.94,12625
TCL.A.TO,20230727,13.31,13.65,13.3,13.53,82010
TCLB.TO,20230727,116.78,116.86,115.55,115.87,59517
TCLV.TO,20230727,19.09,19.09,18.97,18.97,95178
TCS.TO,20230727,27.24,27.24,26.84,27.05,5741
TCSB.TO,20230727,14.11,14.11,14.09,14.09,13900
TCW.TO,20230727,3.99,4.07,3.98,4.03,1358325
TD.TO,20230727,86.16,86.58,85.68,85.9,4040700
TD.PF.A.TO,20230727,17.4,17.5,17.4,17.5,4402
TD.PF.B.TO,20230727,17.6,17.72,17.6,17.6,8960
TD.PF.C.TO,20230727,16.7,17.25,16.7,17.25,2687
TD.PF.D.TO,20230727,18.63,18.67,18.46,18.46,2014
TD.PF.E.TO,20230727,18.65,18.66,18.62,18.62,1900
TD.PF.I.TO,20230727,24.15,24.15,24,24,3461
TD.PF.J.TO,20230727,20.8,21,20.8,20.8,12400
TD.PF.M.TO,20230727,23.7,23.9,23.7,23.76,6675
TDB.TO,20230727,12.66,12.66,12.58,12.58,16975
TDOC.TO,20230727,17.31,17.47,17.31,17.34,16511
TEC.TO,20230727,29.44,29.5,28.99,29.03,24388
TEC.U.TO,20230727,22.19,22.19,22.19,22.19,100
TECH.TO,20230727,11.16,11.27,10.98,10.99,9806
TECH.B.TO,20230727,12.4,12.4,12.31,12.31,601
TECH.U.TO,20230727,11.5,11.5,11.28,11.28,2450
TECI.TO,20230727,7.03,7.03,7.03,7.03,3472
TECK.A.TO,20230727,56.2,57.09,55.75,55.82,1943
TECK.B.TO,20230727,55.83,57.27,55.04,55.81,1136529
TECX.TO,20230727,23.88,23.88,23.88,23.88,283
TERM.TO,20230727,9.03,9.03,9.01,9.01,13200
TF.TO,20230727,7.61,7.65,7.57,7.57,74945
TF.DB.C.TO,20230727,97.98,97.98,97.98,97.98,2000
TF.DB.E.TO,20230727,86.51,86.51,86.51,86.51,1000
TFII.TO,20230727,170.54,170.55,165.17,166,279572
TFPM.TO,20230727,18.22,18.22,17.46,17.46,33921
TGED.TO,20230727,19.33,19.35,19.12,19.12,27611
TGED.U.TO,20230727,14.55,14.55,14.55,14.55,100
TGFI.TO,20230727,20.23,20.23,20.23,20.23,2921
TGGR.TO,20230727,22,22.08,21.88,21.88,1040
TGO.TO,20230727,2,2.06,1.97,2,7700
TGRE.TO,20230727,13.66,13.66,13.5,13.5,3200
TH.TO,20230727,0.78,0.78,0.73,0.75,60175
The.TO,20230727,22.76,22.76,22.71,22.71,200
THNC.TO,20230727,1.84,1.95,1.84,1.95,10300
THU.TO,20230727,30.85,30.85,30.68,30.68,6352
TI.TO,20230727,0.435,0.435,0.43,0.43,2500
TIH.TO,20230727,108.64,108.64,105.94,107.2,745831
TILV.TO,20230727,14.94,14.95,14.84,14.84,6900
TINF.TO,20230727,17.74,17.78,17.67,17.68,800
TIPS.F.TO,20230727,28.91,28.91,28.83,28.83,590
TIXT.TO,20230727,12.81,12.95,12.47,12.47,230813
TKN.TO,20230727,12.3,12.3,12.25,12.25,600
TKO.TO,20230727,1.9,1.9,1.84,1.85,138185
TLF.TO,20230727,20.5,20.65,20.3,20.32,12000
TLF.U.TO,20230727,22.1,22.1,22.1,22.1,200
TLG.TO,20230727,0.48,0.48,0.455,0.46,116000
TLO.TO,20230727,0.26,0.27,0.26,0.265,60064
TLRY.TO,20230727,2.63,3.03,2.59,2.82,4222871
TLV.TO,20230727,28.32,28.44,28.2,28.2,1048
TMD.TO,20230727,0.175,0.175,0.16,0.17,45016
TMEC.TO,20230727,17.95,17.95,17.81,17.81,1544
TMEI.TO,20230727,15.66,15.66,15.63,15.63,1901
TMEU.TO,20230727,18.71,18.71,18.54,18.54,3700
TML.TO,20230727,0.25,0.26,0.25,0.26,1000
TMQ.TO,20230727,0.7,0.7,0.7,0.7,1685
TNT.UN.TO,20230727,2.71,2.74,2.69,2.72,202632
TNZ.TO,20230727,3.58,3.65,3.51,3.51,92096
TOT.TO,20230727,9.59,10.01,9.59,9.96,90707
TOU.TO,20230727,68.47,68.6,67,67.11,2569078
TOY.TO,20230727,34.06,34.54,33.2,33.32,49691
TPAY.TO,20230727,20.85,20.85,20.82,20.82,2102
TPE.TO,20230727,19.98,20.11,19.98,20.02,20452
TPRF.TO,20230727,8.91,8.92,8.88,8.9,9300
TPU.TO,20230727,34.19,34.19,33.74,33.75,10425
TPX.B.TO,20230727,91,91,91,91,162
TPZ.TO,20230727,21.11,21.46,21.11,21.22,201551
TQCD.TO,20230727,15.75,15.76,15.64,15.64,23333
TQGD.TO,20230727,16.7,16.72,16.56,16.56,36257
TQSM.TO,20230727,19.49,19.49,19.36,19.39,20386
TRI.TO,20230727,175.1,176.21,174.38,175.23,195020
TRI.PR.B.TO,20230727,13.89,13.89,13.89,13.89,300
TRP.TO,20230727,48.91,48.97,47.3,47.3,8517546
TRP.PR.A.TO,20230727,13.85,13.85,13.7,13.71,4600
TRP.PR.B.TO,20230727,10.86,10.86,10.77,10.77,3477
TRP.PR.C.TO,20230727,11.41,11.55,11.4,11.4,3533
TRP.PR.D.TO,20230727,15.65,15.65,15.45,15.45,91072
TRP.PR.E.TO,20230727,14.96,14.96,14.85,14.85,15535
TRP.PR.F.TO,20230727,14.85,14.85,14.72,14.72,4200
TRP.PR.G.TO,20230727,16.6,16.6,16.25,16.25,4083
TRP.PR.H.TO,20230727,13.1,13.15,13.1,13.1,8200
TRP.PR.I.TO,20230727,13.75,13.75,13.75,13.75,100
TRVI.TO,20230727,21.22,21.29,21.04,21.06,3725
TRVL.TO,20230727,22.78,22.94,22.68,22.7,15683
TRVL.U.TO,20230727,22.04,22.1,22.04,22.1,1500
TRZ.TO,20230727,4.93,4.94,4.72,4.74,43688
TSAT.TO,20230727,12.25,12.25,11.3,11.6,1280
TSK.TO,20230727,0.085,0.085,0.085,0.085,37100
TSL.TO,20230727,3.2,3.27,3.2,3.21,8141
TSND.TO,20230727,1.87,1.87,1.81,1.81,103600
TSU.TO,20230727,35.66,35.77,34.53,34.7,63732
TTNM.TO,20230727,2.58,2.6,2.53,2.59,21839
TTP.TO,20230727,23.44,23.48,23.23,23.23,4359
TUED.TO,20230727,20.34,20.34,20.16,20.17,1000
TUED.U.TO,20230727,15.43,15.43,15.43,15.43,1800
TUHY.TO,20230727,20.5,20.5,20.5,20.5,5970
TULB.TO,20230727,116.46,116.46,115.6,115.97,5928
TULV.TO,20230727,18.41,18.41,18.41,18.41,1100
TUSB.TO,20230727,13.22,13.25,13.22,13.25,400
TUSB.U.TO,20230727,9.82,9.82,9.82,9.82,2100
TVE.TO,20230727,3.69,3.7,3.45,3.48,3671610
TVK.TO,20230727,34.96,34.96,33.6,33.6,3855
TWM.TO,20230727,1.02,1.03,1,1.01,184670
TWM.DB.TO,20230727,97.49,97.49,97.49,97.49,35000
TXF.TO,20230727,17.79,18.01,17.69,17.74,71659
TXF.B.TO,20230727,21.21,21.21,21.21,21.21,270
TXG.TO,20230727,18.38,18.38,17.67,17.73,292197
TXP.TO,20230727,1.32,1.33,1.29,1.32,51265
U.U.TO,20230727,12.8,12.85,12.65,12.66,5889
U.UN.TO,20230727,16.93,16.99,16.72,16.73,310391
UBIL.U.TO,20230727,50.19,50.19,50.17,50.19,8558
UDIV.TO,20230727,12.25,12.32,12.15,12.15,6009
UDIV.B.TO,20230727,12.41,12.41,12.41,12.41,300
UMAX.TO,20230727,16.11,16.11,15.77,15.77,201651
UNC.TO,20230727,106.23,106.25,106,106.19,900
UNI.TO,20230727,1.54,1.55,1.54,1.54,2400
URB.TO,20230727,4.12,4.13,4.12,4.13,1189
URB.A.TO,20230727,3.97,3.97,3.95,3.97,8300
URC.TO,20230727,2.74,2.8,2.69,2.72,26288
URC.WT.TO,20230727,0.95,0.95,0.95,0.95,900
URE.TO,20230727,1.32,1.34,1.3,1.31,63046
USA.TO,20230727,0.52,0.52,0.51,0.52,25394
USCC.TO,20230727,17.59,17.59,17.45,17.45,24955
USCC.U.TO,20230727,13.22,13.22,13.22,13.22,148
USCL.TO,20230727,20.56,20.56,20.35,20.38,8219
UTIL.TO,20230727,21.3,21.3,21.08,21.08,640
VA.TO,20230727,35.64,35.75,35.56,35.56,1006
VAB.TO,20230727,22.13,22.14,21.98,22.04,69548
VALT.TO,20230727,24.6,24.6,24.45,24.45,1327
VALT.B.TO,20230727,25.62,25.62,25.53,25.61,700
VBAL.TO,20230727,28.73,28.73,28.46,28.48,40500
VBNK.TO,20230727,11.48,11.48,11.34,11.34,918
VCB.TO,20230727,22.63,22.67,22.58,22.58,8331
VCE.TO,20230727,44.64,44.68,44.2,44.21,12880
VCIP.TO,20230727,24.54,24.55,24.41,24.41,6840
VCM.TO,20230727,18.14,18.14,17.71,17.71,500
VCN.TO,20230727,41.8,41.86,41.4,41.43,35829
VCNS.TO,20230727,26.46,26.46,26.24,26.24,4411
VDU.TO,20230727,39.58,39.58,39.3,39.3,11663
VDY.TO,20230727,42.14,42.18,41.78,41.82,90417
VE.TO,20230727,32.39,32.45,32.19,32.19,1928
VEE.TO,20230727,33.69,33.69,33.38,33.4,22483
VEF.TO,20230727,50.7,50.7,50.3,50.31,1659
VEQT.TO,20230727,36.2,36.2,35.8,35.82,45751
VET.TO,20230727,17.99,18.03,17.45,17.47,544882
VFV.TO,20230727,107.78,107.87,106.4,106.61,140646
VGCX.TO,20230727,8.48,8.54,8.45,8.52,221326
VGG.TO,20230727,75.48,75.48,74.5,74.55,6690
VGH.TO,20230727,55.2,55.2,54.61,54.61,3052
VGRO.TO,20230727,31.05,31.05,30.74,30.76,112482
VGV.TO,20230727,21.69,21.69,21.58,21.59,6020
VGZ.TO,20230727,0.67,0.68,0.67,0.68,1000
VHI.TO,20230727,2.53,2.53,2.48,2.48,11806
VI.TO,20230727,35.28,35.37,35.05,35.06,2460
VIDY.TO,20230727,27.59,27.59,27.41,27.41,4938
VIU.TO,20230727,31.39,31.39,31.17,31.18,21201
VLB.TO,20230727,20.8,20.8,20.57,20.62,24644
VLE.TO,20230727,2.27,2.37,2.12,2.2,537447
VLN.TO,20230727,12.71,12.71,12.66,12.67,8679
VMO.TO,20230727,46.4,46.56,45.99,46.15,2090
VNP.TO,20230727,3.68,3.74,3.47,3.51,187477
VOXR.TO,20230727,3.19,3.19,3.18,3.19,2900
VPH.TO,20230727,0.375,0.375,0.36,0.37,26000
VQS.TO,20230727,0.425,0.44,0.395,0.405,145157
VRE.TO,20230727,30.67,30.73,29.98,29.98,5945
VRIF.TO,20230727,23.5,23.5,23.34,23.35,5800
VSB.TO,20230727,22.14,22.15,22.11,22.13,23691
VSC.TO,20230727,22.63,22.63,22.55,22.56,32763
VSP.TO,20230727,75.29,75.62,74.4,74.51,31569
VUN.TO,20230727,82,82.1,80.93,81.07,38460
VUS.TO,20230727,82.4,82.4,80.96,80.96,6993
VVL.TO,20230727,43.56,43.62,43.26,43.26,1025
VVO.TO,20230727,32.96,32.96,32.67,32.67,10003
VXC.TO,20230727,50.35,50.51,49.99,50.05,22323
VXM.B.TO,20230727,26.48,26.48,26.39,26.39,2700
WCN.TO,20230727,188.65,189.56,184.86,186.5,323384
WCP.TO,20230727,10.52,10.63,10.37,10.37,1870746
WDO.TO,20230727,6.8,6.8,6.51,6.53,328189
WEED.TO,20230727,0.55,0.59,0.53,0.55,8367000
WEF.TO,20230727,1.05,1.06,1.03,1.03,242336
WELL.TO,20230727,4.73,4.81,4.56,4.61,1074365
WELL.DB.TO,20230727,93.92,93.92,93.46,93.5,85000
WFC.TO,20230727,18.99,19,18.99,19,800
WFG.TO,20230727,113.68,117.11,112.11,114.2,233630
WFS.TO,20230727,1.03,1.4,1.03,1.4,1400
WILD.TO,20230727,1.66,1.68,1.59,1.63,22883
WJX.TO,20230727,27.54,27.54,27.04,27.15,17800
WLLW.TO,20230727,0.115,0.115,0.115,0.115,44400
WM.TO,20230727,0.13,0.135,0.13,0.13,105768
WN.TO,20230727,152.47,155.08,152.47,152.8,133542
WN.PR.A.TO,20230727,22.6,22.6,22.51,22.51,400
WN.PR.C.TO,20230727,19.6,19.6,19.29,19.3,3822
WN.PR.D.TO,20230727,19.71,19.71,19.35,19.35,4650
WN.PR.E.TO,20230727,17.72,17.79,17.72,17.72,3500
WNDR.TO,20230727,0.175,0.18,0.17,0.175,532858
WPK.TO,20230727,41.4,42.02,41.24,41.31,102011
WPM.TO,20230727,58.68,58.92,57.66,57.93,653583
WPRT.TO,20230727,14.23,14.44,13.41,13.41,52333
WRG.TO,20230727,3.35,3.39,3.25,3.35,4501
WRN.TO,20230727,2.1,2.1,2.03,2.04,57279
WRX.TO,20230727,0.25,0.255,0.25,0.255,38500
WSP.TO,20230727,180.78,180.97,178.93,179.48,106457
WSRD.TO,20230727,27,27.03,26.91,26.91,1031
WSRI.TO,20230727,36.1,36.1,35.81,35.81,1018
WTE.TO,20230727,30.68,30.68,30.06,30.18,64527
WXM.TO,20230727,25.23,25.23,25.2,25.21,1955
X.TO,20230727,29.5,29.54,29.3,29.32,632875
XAGH.TO,20230727,33.59,33.59,33.59,33.59,113
XAM.TO,20230727,0.08,0.08,0.075,0.075,21250
XAU.TO,20230727,9.74,9.8,9.62,9.62,8594
XAW.TO,20230727,35.14,35.14,34.79,34.82,13197
XBAL.TO,20230727,25.94,25.98,25.77,25.81,22741
XBB.TO,20230727,27.04,27.04,26.86,26.9,151570
XBM.TO,20230727,20.87,20.98,20.75,20.77,11215
XCB.TO,20230727,18.85,18.87,18.77,18.77,57707
XCBG.TO,20230727,35.16,35.16,35.16,35.16,1100
XCD.TO,20230727,50.19,50.19,50.19,50.19,526
XCG.TO,20230727,44.6,44.6,44.1,44.1,2020
XCH.TO,20230727,18.09,18.19,17.96,18,37282
XCNS.TO,20230727,20.87,20.88,20.87,20.88,5321
XCS.TO,20230727,18.37,18.37,18.11,18.11,7130
XCSR.TO,20230727,60.3,60.3,59.78,59.78,935
XCV.TO,20230727,32.8,32.89,32.61,32.63,1900
XDG.TO,20230727,23.67,23.68,23.51,23.51,31382
XDGH.TO,20230727,24.42,24.42,24.38,24.38,4200
XDIV.TO,20230727,25.6,25.67,25.45,25.47,54104
XDSR.TO,20230727,50.75,50.75,50.75,50.75,137
XDU.TO,20230727,26.52,26.54,26.42,26.43,3010
XDUH.TO,20230727,25.1,25.1,25.1,25.1,2585
XDV.TO,20230727,28.39,28.39,28.08,28.1,38436
XEB.TO,20230727,15.42,15.42,15.34,15.34,320
XEC.TO,20230727,26.12,26.12,25.87,25.9,15208
XEC.U.TO,20230727,20.23,20.23,20.23,20.23,100
XEF.TO,20230727,34.09,34.09,33.86,33.9,34747
XEG.TO,20230727,15.56,15.66,15.34,15.39,859554
XEH.TO,20230727,29.92,30,29.75,29.78,8165
XEI.TO,20230727,24.99,24.99,24.65,24.65,43083
XEM.TO,20230727,30.13,30.18,29.98,29.98,4268
XEMC.TO,20230727,42.46,42.5,42.24,42.24,2800
XEN.TO,20230727,31.35,31.35,31.29,31.29,627
XEQT.TO,20230727,26.95,26.97,26.69,26.72,83959
XESG.TO,20230727,25.18,25.18,24.93,24.93,3106
XEU.TO,20230727,27.36,27.39,27.15,27.15,1968
XEXP.TO,20230727,45.9,45.9,45.9,45.9,100
XFH.TO,20230727,28.52,28.52,28.37,28.37,14371
XFLB.TO,20230727,47.78,47.8,47.46,47.59,35800
XFN.TO,20230727,46.41,46.52,46.11,46.17,464807
XFR.TO,20230727,20.13,20.13,20.1,20.1,45741
XGB.TO,20230727,18.66,18.66,18.53,18.54,48235
XGD.TO,20230727,17.95,17.95,17.49,17.5,730195
XGI.TO,20230727,45.68,45.68,45.24,45.24,3400
XGRO.TO,20230727,25.13,25.15,24.9,24.93,42886
XHB.TO,20230727,18.39,18.39,18.28,18.28,4496
XHC.TO,20230727,67.8,67.8,67.32,67.32,1562
XHD.TO,20230727,31.14,31.34,31.14,31.25,996
XHU.TO,20230727,28.15,28.16,28.02,28.02,2179
XHY.TO,20230727,16.03,16.03,15.86,15.92,6504
XIC.TO,20230727,32.76,32.78,32.43,32.45,145450
XID.TO,20230727,46.27,46.27,46.18,46.19,1642
XIG.TO,20230727,20.1,20.1,19.89,19.91,7900
XIGS.TO,20230727,36.47,36.47,36.47,36.47,800
XIN.TO,20230727,32.35,32.43,32.1,32.15,11329
XINC.TO,20230727,18.99,18.99,18.8,18.8,306
XIT.TO,20230727,46.01,46.4,45.27,45.34,9962
XIU.TO,20230727,31.37,31.38,31.02,31.04,1778907
XLB.TO,20230727,18.99,18.99,18.76,18.82,116367
XLY.TO,20230727,0.02,0.02,0.015,0.015,1018150
XMA.TO,20230727,18.98,19,18.71,18.74,8270
XMC.TO,20230727,27.43,27.52,27.23,27.23,11799
XMD.TO,20230727,31.49,31.49,31.18,31.18,2319
XMH.TO,20230727,24.76,24.8,24.51,24.51,4050
XMI.TO,20230727,34.83,34.83,34.83,34.83,150
XML.TO,20230727,24.47,24.47,24.47,24.47,165
XMM.TO,20230727,26.8,26.82,26.76,26.76,1199
XMS.TO,20230727,31.9,31.9,31.9,31.9,600
XMTM.TO,20230727,23.71,23.71,23.71,23.71,877
XMU.TO,20230727,67.89,67.89,67.19,67.19,6379
XMV.TO,20230727,37.99,37.99,37.99,37.99,100
XMW.TO,20230727,46.5,46.5,46.5,46.5,557
XPF.TO,20230727,13.93,13.93,13.75,13.75,2438
XQB.TO,20230727,18.14,18.14,18.09,18.09,2460
XQLT.TO,20230727,30.2,30.24,30.14,30.14,1692
XQQ.TO,20230727,120.32,120.81,117.97,118.25,54583
XRB.TO,20230727,21.64,21.66,21.49,21.49,9822
XRE.TO,20230727,16.93,16.93,16.51,16.51,236310
XSAB.TO,20230727,17.36,17.36,17.24,17.24,4128
XSB.TO,20230727,25.43,25.43,25.37,25.38,62759
XSC.TO,20230727,17.38,17.38,17.35,17.35,600
XSE.TO,20230727,17.43,17.43,17.39,17.39,3300
XSEA.TO,20230727,23.49,23.49,23.23,23.23,4965
XSEM.TO,20230727,19.01,19.05,18.93,18.93,13400
XSH.TO,20230727,17.81,17.81,17.76,17.78,16702
XSHG.TO,20230727,36.7,36.7,36.7,36.7,100
XSHU.U.TO,20230727,29.35,29.35,29.35,29.35,600
XSMC.TO,20230727,27.6,27.6,27.38,27.38,309
XSMH.TO,20230727,26.29,26.33,25.94,25.94,1513
XSP.TO,20230727,48.56,48.6,47.8,47.91,252394
XST.TO,20230727,84.4,84.63,83.67,83.7,3176
XSTB.TO,20230727,18.62,18.62,18.62,18.62,2205
XSTH.TO,20230727,36.44,36.44,36.39,36.41,1522
XSTP.TO,20230727,38.82,38.91,38.82,38.91,938
XSU.TO,20230727,38.92,38.95,38.09,38.21,14759
XSUS.TO,20230727,32.17,32.34,32.17,32.2,1135
XTC.TO,20230727,8.79,8.79,8.59,8.64,12482
XTD.TO,20230727,4.16,4.17,4.14,4.14,9737
XTD.PR.A.TO,20230727,9.74,9.75,9.72,9.75,1300
XTG.TO,20230727,0.85,0.86,0.83,0.83,9500
XTLH.TO,20230727,37.66,37.66,37.66,37.66,440
XTLT.TO,20230727,37.44,37.44,37.43,37.43,1600
XTR.TO,20230727,10.26,10.26,10.19,10.19,10387
XTRA.TO,20230727,0.87,0.87,0.82,0.84,122164
XUH.TO,20230727,38.71,38.75,38.24,38.24,4251
XUS.TO,20230727,75.17,75.32,74.38,74.46,87650
XUS.U.TO,20230727,57.89,57.89,56.93,56.93,7149
XUSR.TO,20230727,62.82,62.82,62.32,62.36,798
XUT.TO,20230727,27.67,27.67,27.34,27.35,34451
XUU.TO,20230727,45.06,45.2,44.6,44.66,15347
XUU.U.TO,20230727,34.51,34.51,34.51,34.51,582
XVLU.TO,20230727,24.23,24.23,24.05,24.05,1580
XWD.TO,20230727,73.48,73.63,72.92,72.92,5982
Y.TO,20230727,12.4,12.4,12.21,12.28,2410
YCM.PR.A.TO,20230727,4.88,4.88,4.85,4.85,800
YGR.TO,20230727,1.84,1.84,1.77,1.8,154266
YRB.TO,20230727,0.035,0.035,0.03,0.035,438927
ZACE.TO,20230727,33.25,33.25,33.25,33.25,200
ZAG.TO,20230727,13.28,13.29,13.2,13.22,389389
ZBAL.TO,20230727,34.54,34.56,34.37,34.37,772
ZBAL.T.TO,20230727,27.48,27.48,27.28,27.28,282
ZBBB.TO,20230727,26.63,26.64,26.59,26.59,1600
ZBK.TO,20230727,24.28,24.55,23.93,23.99,48307
ZCB.TO,20230727,44.37,44.39,44.2,44.22,23280
ZCDB.TO,20230727,27.81,27.81,27.81,27.81,100
ZCH.TO,20230727,15.26,15.26,15.11,15.11,4383
ZCLN.TO,20230727,19.24,19.24,18.63,18.63,1611
ZCM.TO,20230727,14.34,14.34,14.29,14.29,2840
ZCN.TO,20230727,27.6,27.62,27.3,27.33,108734
ZCPB.TO,20230727,26.51,26.51,26.47,26.47,876
ZCS.TO,20230727,12.97,12.97,12.95,12.95,6650
ZDB.TO,20230727,14.22,14.22,14.13,14.15,27885
ZDH.TO,20230727,24.84,24.86,24.84,24.86,2689
ZDI.TO,20230727,21.94,21.94,21.7,21.7,6050
ZDJ.TO,20230727,55.75,55.89,55.37,55.41,4330
ZDM.TO,20230727,26.52,26.62,26.38,26.38,3661
ZDV.TO,20230727,19.36,19.36,19.18,19.19,32988
ZDY.TO,20230727,37.07,37.25,37,37,1377
ZDY.U.TO,20230727,28.67,28.67,28.67,28.67,100
ZEA.TO,20230727,20.92,20.94,20.75,20.77,21225
ZEAT.TO,20230727,28.55,28.55,28.55,28.55,100
ZEB.TO,20230727,34.66,34.74,34.43,34.49,804841
ZEF.TO,20230727,11.82,11.82,11.76,11.76,1892
ZEM.TO,20230727,19.79,19.8,19.5,19.5,20799
ZEO.TO,20230727,61.32,61.33,60.8,60.81,4760
ZEQ.TO,20230727,28.98,29.15,28.92,28.95,38749
ZEQT.TO,20230727,41.49,41.49,40.96,40.96,7665
ZESG.TO,20230727,31.98,31.99,31.98,31.99,1844
ZFH.TO,20230727,14.18,14.24,14.18,14.19,2363
ZFL.TO,20230727,12.97,12.99,12.78,12.84,268146
ZFM.TO,20230727,13.99,14.02,13.92,13.94,35679
ZFN.TO,20230727,41.27,41.27,40.65,40.65,725
ZFS.TO,20230727,13.1,13.1,13.1,13.1,200
ZFS.L.TO,20230727,20.33,20.33,20.33,20.33,5000
ZGB.TO,20230727,43.99,44,43.82,43.87,5931
ZGI.TO,20230727,42.05,42.2,41.75,41.75,2002
ZGQ.TO,20230727,52.51,52.51,51.93,51.93,1981
ZGRO.TO,20230727,37.71,37.85,37.5,37.5,9347
ZGSB.TO,20230727,25.48,25.48,25.48,25.48,100
ZHY.TO,20230727,10.8,10.85,10.74,10.75,5367
ZIC.TO,20230727,16.51,16.62,16.51,16.56,2840
ZID.TO,20230727,39.41,39.41,39.13,39.13,11131
ZIN.TO,20230727,36.54,36.54,36.54,36.54,531
ZJG.TO,20230727,66.75,66.75,65.66,65.66,4195
ZJK.TO,20230727,16.83,16.83,16.8,16.8,1067
ZJPN.TO,20230727,30.75,30.85,30.75,30.81,2085
ZJPN.F.TO,20230727,37.54,37.54,37.54,37.54,600
ZLB.TO,20230727,41.76,41.76,41.3,41.33,51746
ZLC.TO,20230727,14.71,14.74,14.6,14.65,29467
ZLH.TO,20230727,31.86,31.86,31.86,31.86,100
ZLI.TO,20230727,23.58,23.58,23.58,23.58,229
ZLU.TO,20230727,47.2,47.2,46.88,46.92,7588
ZLU.U.TO,20230727,36.55,36.55,36.55,36.55,100
ZMI.TO,20230727,15.91,15.91,15.75,15.75,1135
ZMID.TO,20230727,38.43,38.43,38.43,38.43,2900
ZMMK.TO,20230727,49.88,49.88,49.87,49.88,87550
ZMP.TO,20230727,13.15,13.15,13.1,13.1,28201
ZMSB.TO,20230727,27.28,27.28,27.28,27.28,364
ZMU.TO,20230727,12.47,12.48,12.41,12.46,24402
ZNQ.TO,20230727,66.99,67.19,66.2,66.2,2270
ZNQ.U.TO,20230727,34.16,34.34,34.16,34.23,542
ZPAY.TO,20230727,29.63,29.78,29.63,29.69,16013
ZPAY.F.TO,20230727,28.68,28.68,28.54,28.54,4713
ZPAY.U.TO,20230727,29.29,29.42,29.29,29.3,1406
ZPH.TO,20230727,14.9,14.9,14.85,14.85,381
ZPL.TO,20230727,12.3,12.3,12.19,12.22,32811
ZPR.TO,20230727,8.88,8.88,8.86,8.87,73354
ZPS.TO,20230727,11.77,11.77,11.77,11.77,9580
ZPW.TO,20230727,15.09,15.09,15.09,15.09,1547
ZQB.TO,20230727,27.09,27.09,27.09,27.09,100
ZQQ.TO,20230727,111.53,112,109.43,109.72,37344
ZRE.TO,20230727,21.89,21.89,21.43,21.43,17988
ZRR.TO,20230727,14.25,14.27,14.11,14.11,37188
ZSB.TO,20230727,45.95,45.95,45.95,45.95,220
ZSDB.TO,20230727,28.42,28.42,28.4,28.4,847
ZSP.TO,20230727,66.37,66.5,65.64,65.72,928855
ZSP.U.TO,20230727,50.43,50.43,49.6,49.6,4215
ZST.TO,20230727,48.55,48.55,48.52,48.52,14291
ZST.L.TO,20230727,56.03,56.03,56.02,56.02,1289
ZSU.TO,20230727,12.97,12.97,12.97,12.97,400
ZTIP.TO,20230727,29.93,29.96,29.93,29.96,1000
ZUAG.TO,20230727,29.11,29.11,29.11,29.11,100
ZUAG.F.TO,20230727,29.33,29.33,29.27,29.27,240
ZUB.TO,20230727,23.39,23.7,23,23.06,21221
ZUD.TO,20230727,26.93,26.93,26.83,26.83,2000
ZUE.TO,20230727,64.5,64.56,63.59,63.63,13586
ZUH.TO,20230727,71.66,71.66,70.8,70.8,1378
ZUP.U.TO,20230727,18.5,18.55,18.5,18.55,1600
ZUQ.TO,20230727,63,63.03,62.4,62.4,4354
ZUQ.F.TO,20230727,40.97,40.97,40.56,40.56,208
ZUT.TO,20230727,22.12,22.19,21.95,21.98,9280
ZVU.TO,20230727,25.96,25.96,25.78,25.78,800
ZWA.TO,20230727,24.73,24.74,24.6,24.6,736
ZWB.TO,20230727,18.14,18.2,18.06,18.09,105728
ZWC.TO,20230727,17.11,17.13,16.99,16.99,79166
ZWE.TO,20230727,19.89,19.89,19.6,19.6,7940
ZWEN.TO,20230727,27.83,27.83,27.63,27.64,18627
ZWG.TO,20230727,28.81,28.81,28.62,28.62,9455
ZWH.TO,20230727,21.91,22.06,21.91,21.94,11015
ZWH.U.TO,20230727,22.85,22.89,22.77,22.77,700
ZWHC.TO,20230727,28.69,28.69,28.69,28.69,700
ZWK.TO,20230727,18.99,19.1,18.76,18.79,106290
ZWP.TO,20230727,17.37,17.37,17.11,17.11,2605
ZWQT.TO,20230727,15.5,15.5,15.38,15.38,3538
ZWS.TO,20230727,19.9,19.98,19.83,19.85,4859
ZWT.TO,20230727,33.65,33.66,33.35,33.35,1297
ZWU.TO,20230727,10.83,10.83,10.67,10.68,259479
ZXM.B.TO,20230727,33.4,33.4,33.4,33.4,100
ZZZ.TO,20230727,28.87,28.87,28.39,28.58,16852
