<ticker>,<date>,<open>,<high>,<low>,<close>,<vol>
AAB.TO,20230815,0.03,0.03,0.03,0.03,50000
AAV.TO,20230815,9.28,9.35,9.21,9.34,427108
ABX.TO,20230815,22.33,22.35,21.53,21.61,3355472
AC.TO,20230815,23.46,23.53,23.2,23.25,2055796
ACB.TO,20230815,0.7,0.71,0.7,0.7,218942
ACB.WS.U.TO,20230815,0.055,0.055,0.055,0.055,4000
ACD.TO,20230815,6.38,6.38,6.3,6.3,301
ACO.X.TO,20230815,37.24,37.48,37.11,37.3,211445
ACO.Y.TO,20230815,38.13,38.15,38.13,38.15,200
ACQ.TO,20230815,25.59,26.11,25.58,26.07,35416
AD.DB.TO,20230815,97.66,98,97.66,98,9000
AD.DB.A.TO,20230815,94.1,94.1,93.55,93.55,50000
AD.UN.TO,20230815,15.16,15.16,15.02,15.09,36919
ADCO.TO,20230815,0.205,0.205,0.205,0.205,500
ADEN.TO,20230815,34.25,35.01,33.5,34.55,34539
ADN.TO,20230815,17.93,17.93,17.39,17.61,9176
ADW.A.TO,20230815,4.33,4.33,4.25,4.25,21052
ADW.B.TO,20230815,5.21,5.21,5.21,5.21,303
AEM.TO,20230815,64.57,64.69,63.07,63.29,2055416
AEZS.TO,20230815,3.86,3.86,3.85,3.85,200
AFN.TO,20230815,61,61.29,59.55,60.08,40669
AFN.DB.F.TO,20230815,98.8,98.8,98.8,98.8,5000
AFN.DB.G.TO,20230815,98.5,98.51,98,98.51,71000
AFN.DB.H.TO,20230815,97.25,97.25,97.24,97.24,27000
AFN.DB.I.TO,20230815,142.65,143,142.65,143,122000
AFN.DB.J.TO,20230815,105.9,106,105.07,105.5,491000
AGF.B.TO,20230815,7.85,7.97,7.84,7.9,49471
AGI.TO,20230815,15.6,15.76,15.36,15.43,530306
AI.TO,20230815,11.57,11.66,11.57,11.65,24372
AI.DB.G.TO,20230815,85,90,85,90,131000
AIF.TO,20230815,49.49,49.99,49.2,49.36,91611
AII.TO,20230815,0.57,0.58,0.53,0.54,111164
AIM.TO,20230815,3.23,3.28,3.14,3.26,17491
AIM.PR.C.TO,20230815,19.7,19.7,19.25,19.7,1515
AKT.A.TO,20230815,1.71,1.75,1.63,1.65,77602
ALA.TO,20230815,26.28,26.36,26.13,26.21,508716
ALA.PR.A.TO,20230815,15.06,15.28,15.02,15.28,320
ALA.PR.B.TO,20230815,17.53,17.65,17.53,17.65,200
ALA.PR.G.TO,20230815,17.74,17.91,17.7,17.91,4252
ALA.PR.H.TO,20230815,19.03,19.09,19.03,19.09,250
ALC.TO,20230815,15.45,15.45,15.17,15.17,4400
ALS.TO,20230815,19.04,19.54,19.01,19.05,51996
ALYA.TO,20230815,2.4,2.57,2.4,2.52,41201
AMC.TO,20230815,2.83,2.83,2.7,2.72,277637
AMM.TO,20230815,0.16,0.18,0.16,0.18,31600
AND.TO,20230815,40.68,41.85,40.63,41.54,24567
AOI.TO,20230815,3.15,3.15,3.09,3.11,385200
AOT.TO,20230815,0.56,0.56,0.54,0.54,47789
AP.UN.TO,20230815,20.91,20.93,20.4,20.49,344047
APLI.TO,20230815,0.055,0.055,0.05,0.05,27176
APR.UN.TO,20230815,11.81,11.83,11.72,11.77,7727
APS.TO,20230815,6.36,6.89,6.36,6.66,6918
AQN.TO,20230815,9.61,9.68,9.45,9.65,5098413
AQN.PR.A.TO,20230815,19.28,19.29,19.21,19.24,3404
AQN.PR.D.TO,20230815,19.12,19.12,19.07,19.09,1330
AR.TO,20230815,0.58,0.59,0.57,0.58,1246762
ARA.TO,20230815,0.4,0.415,0.39,0.39,3000
ARE.TO,20230815,10.89,10.89,10.66,10.82,146527
ARG.TO,20230815,1.48,1.49,1.46,1.47,128408
ARIS.TO,20230815,2.87,2.88,2.78,2.82,222761
ARKK.TO,20230815,16.68,16.81,16.67,16.67,3970
ARR.TO,20230815,9,9.15,8.91,9,17293
ARX.TO,20230815,20.57,20.64,20.28,20.4,1481768
ASCU.TO,20230815,1.65,1.65,1.58,1.62,33900
ASM.TO,20230815,0.9,0.9,0.9,0.9,4500
ASND.TO,20230815,0.11,0.11,0.11,0.11,4022
ASTL.TO,20230815,10.2,10.47,10.15,10.24,240446
ASTL.WT.TO,20230815,1.95,2.07,1.95,2.07,10200
ATD.TO,20230815,69.11,69.58,68.3,68.49,1177212
ATH.TO,20230815,3.66,3.69,3.6,3.63,1639182
ATS.TO,20230815,57.08,57.36,55.94,56.07,115972
ATZ.TO,20230815,24.32,24.6,23.96,24.12,434765
AUMN.TO,20230815,1.25,1.25,1.19,1.21,3202
AVCN.TO,20230815,0.255,0.255,0.23,0.245,105713
AVL.TO,20230815,0.145,0.15,0.14,0.145,677693
AVNT.TO,20230815,0.19,0.205,0.19,0.205,45735
AW.UN.TO,20230815,34.68,34.68,33.55,33.55,5949
AX.PR.E.TO,20230815,17.5,17.5,17.15,17.15,10350
AX.PR.I.TO,20230815,17.8,17.8,17.6,17.65,1600
AX.UN.TO,20230815,7.1,7.14,7.08,7.12,530606
AYA.TO,20230815,7.51,7.52,7.21,7.22,163540
BABY.TO,20230815,0.55,0.55,0.5,0.5,128306
BABY.WT.A.TO,20230815,0.12,0.12,0.1,0.1,50500
BAM.TO,20230815,47.25,47.32,46.09,46.35,1365537
BANK.TO,20230815,7.5,7.51,7.35,7.36,144683
BASE.TO,20230815,26.15,26.15,25.71,25.71,1513
BB.TO,20230815,6.13,6.18,6.05,6.05,488844
BBD.A.TO,20230815,57.12,57.12,54.62,54.62,2793
BBD.B.TO,20230815,56.43,57.14,54.23,54.62,516375
BBD.PR.C.TO,20230815,17.8,17.84,17.55,17.58,1131
BBU.UN.TO,20230815,22.51,22.77,22.1,22.45,17998
BBUC.TO,20230815,28.48,28.48,26.63,26.85,17732
BCE.TO,20230815,56.05,56.07,55.49,55.6,3621896
BCE.PR.A.TO,20230815,16.67,16.78,16.58,16.69,9900
BCE.PR.B.TO,20230815,18,18.1,18,18.02,17625
BCE.PR.C.TO,20230815,17.26,17.32,17.18,17.18,4900
BCE.PR.D.TO,20230815,17.96,18,17.93,17.99,7667
BCE.PR.E.TO,20230815,17.96,18.01,17.95,18.01,8263
BCE.PR.F.TO,20230815,16.11,16.12,16.03,16.03,1900
BCE.PR.G.TO,20230815,14.94,14.95,14.9,14.93,1300
BCE.PR.H.TO,20230815,17.95,17.95,17.95,17.95,400
BCE.PR.I.TO,20230815,14.67,14.79,14.66,14.78,1700
BCE.PR.J.TO,20230815,18,18.07,18,18.07,400
BCE.PR.K.TO,20230815,14.36,14.38,14.3,14.3,8409
BCE.PR.M.TO,20230815,14.95,14.96,14.95,14.96,3200
BCE.PR.N.TO,20230815,17.5,17.52,17.49,17.5,5500
BCE.PR.Q.TO,20230815,21.6,21.6,21.5,21.5,3000
BCE.PR.R.TO,20230815,14.9,15.01,14.9,15.01,1330
BCE.PR.S.TO,20230815,17.97,17.97,17.97,17.97,400
BCE.PR.T.TO,20230815,17.83,17.95,17.64,17.73,7300
BCE.PR.Y.TO,20230815,17.99,18,17.95,17.96,3700
BCE.PR.Z.TO,20230815,17.75,17.99,17.7,17.94,5100
BCT.TO,20230815,9.5,9.59,9.42,9.42,5238
BDGI.TO,20230815,34.81,35.14,34.09,34.27,46385
BDI.TO,20230815,6.03,6.05,5.88,5.88,19687
BDT.TO,20230815,9.89,10.25,9.87,9.97,253554
BEI.UN.TO,20230815,66.58,67.5,66.11,66.14,86766
BEP.PR.G.TO,20230815,21.33,21.33,21.15,21.15,1644
BEP.PR.M.TO,20230815,19.49,19.55,19.49,19.49,2750
BEP.PR.R.TO,20230815,17.81,17.81,17.69,17.69,7194
BEP.UN.TO,20230815,35.8,35.8,34.72,35.22,255139
BEPC.TO,20230815,38.53,38.53,37.4,37.84,284915
BEPR.TO,20230815,8.5,8.5,8.5,8.5,1809
BESG.TO,20230815,15.15,15.15,15.14,15.14,950
BFIN.TO,20230815,18.36,18.36,18.36,18.36,100
BGI.UN.TO,20230815,4.34,4.34,4.27,4.28,15197
BGU.TO,20230815,36.67,36.67,36.64,36.64,400
BHC.TO,20230815,11.31,11.31,10.95,11.23,287031
BIK.PR.A.TO,20230815,22.16,22.16,22.12,22.12,1000
BIP.PR.A.TO,20230815,16.8,17.2,16.8,16.95,2100
BIP.PR.B.TO,20230815,21.17,21.17,21.17,21.17,100
BIP.PR.E.TO,20230815,20.4,20.45,20.35,20.45,1200
BIP.PR.F.TO,20230815,20.33,20.33,20.02,20.2,3030
BIP.UN.TO,20230815,44.12,44.3,43.07,43.09,574287
BIPC.TO,20230815,56.87,56.87,54.75,54.97,63533
BIR.TO,20230815,8.32,8.32,8.17,8.2,636085
BITF.TO,20230815,2.05,2.1,1.97,1.97,966133
BITI.TO,20230815,12.06,12.22,12.05,12.18,33782
BK.TO,20230815,13.06,13.06,13,13.02,46978
BK.PR.A.TO,20230815,10.04,10.04,10.02,10.03,41799
BKCC.TO,20230815,14.54,14.54,14.31,14.33,8784
BKCL.TO,20230815,19.83,19.83,19.43,19.49,61939
BKI.TO,20230815,0.08,0.08,0.08,0.08,21300
BLB.UN.TO,20230815,7.75,7.75,7.72,7.72,216
BLCO.TO,20230815,25.3,25.3,24.82,24.86,3059
BLDP.TO,20230815,6.2,6.21,5.94,5.95,497643
BLN.TO,20230815,3.7,3.8,3.7,3.72,3808
BLOV.TO,20230815,21.5,21.5,21.33,21.33,950
BLX.TO,20230815,31.62,32.16,31.37,31.76,461614
BMAX.TO,20230815,12.25,12.43,12.16,12.16,9994
BMO.TO,20230815,116.77,117.09,114.63,115.07,2162653
BMO.PR.E.TO,20230815,22.1,22.14,22.1,22.1,14469
BMO.PR.T.TO,20230815,17.23,17.26,17.2,17.21,10252
BMO.PR.W.TO,20230815,17.09,17.1,16.99,17,2200
BMO.PR.Y.TO,20230815,17.84,17.84,17.8,17.81,2500
BN.TO,20230815,45.88,46.08,44.75,45.23,2321029
BN.PF.A.TO,20230815,20.26,20.35,20.05,20.06,7100
BN.PF.B.TO,20230815,17.1,17.24,17.1,17.1,5500
BN.PF.C.TO,20230815,17.36,17.36,17.33,17.33,400
BN.PF.D.TO,20230815,17.59,17.59,17.46,17.46,1700
BN.PF.E.TO,20230815,14.75,15.04,14.75,14.79,20500
BN.PF.F.TO,20230815,16.2,16.2,16.18,16.2,4140
BN.PF.G.TO,20230815,15.15,15.21,15.11,15.21,1800
BN.PF.H.TO,20230815,20.5,20.51,20.45,20.51,1900
BN.PF.I.TO,20230815,19.54,19.54,19.06,19.06,2250
BN.PF.J.TO,20230815,19.65,19.8,19.5,19.5,5109
BN.PF.K.TO,20230815,15.35,15.35,15,15,4900
BN.PF.L.TO,20230815,10.7,11.07,10.7,11.07,500
BN.PR.B.TO,20230815,11.62,11.62,11.56,11.56,12650
BN.PR.C.TO,20230815,11.7,11.7,11.56,11.67,8850
BN.PR.K.TO,20230815,11.6,11.68,11.58,11.68,6800
BN.PR.M.TO,20230815,17.3,17.3,17.12,17.19,11400
BN.PR.N.TO,20230815,17.24,17.24,17.17,17.19,1881
BN.PR.R.TO,20230815,13.5,13.5,13.45,13.45,2603
BN.PR.T.TO,20230815,13.7,13.7,13.65,13.65,2047
BN.PR.X.TO,20230815,14.26,14.4,14.03,14.03,2529
BN.PR.Z.TO,20230815,18.7,18.7,18.45,18.55,6194
BNC.TO,20230815,24.23,24.23,24.23,24.23,102
BND.TO,20230815,16.86,16.88,16.83,16.88,3900
BNE.TO,20230815,6.99,6.99,6.7,6.84,125096
BNG.TO,20230815,0.055,0.055,0.045,0.045,20000
BNK.TO,20230815,11,11,10.71,10.71,1102
BNRE.TO,20230815,45.98,46.91,45.93,46.89,20508
BNS.TO,20230815,63.8,63.96,63.04,63.22,3192272
BOS.TO,20230815,4.98,4.98,4.82,4.85,28538
BPF.UN.TO,20230815,16.7,16.7,16.48,16.55,43477
BPO.PR.A.TO,20230815,11.48,11.48,11.35,11.35,3700
BPO.PR.C.TO,20230815,16.5,16.5,15.95,15.95,1400
BPO.PR.E.TO,20230815,12.05,12.05,11.91,11.91,6725
BPO.PR.G.TO,20230815,14.6,14.6,14.42,14.42,3700
BPO.PR.I.TO,20230815,13.92,13.92,13.81,13.81,2818
BPO.PR.N.TO,20230815,10.02,10.1,10,10.01,8568
BPO.PR.P.TO,20230815,10.36,10.5,10.25,10.35,37026
BPO.PR.R.TO,20230815,11.05,11.1,10.97,10.97,5404
BPO.PR.T.TO,20230815,13.9,13.94,13.9,13.9,8500
BPO.PR.X.TO,20230815,9.3,9.3,9.3,9.3,500
BPRF.TO,20230815,21.22,21.22,21.14,21.14,1343
BPS.PR.A.TO,20230815,25.05,25.05,25.05,25.05,200
BPYP.PR.A.TO,20230815,20.85,20.89,20.65,20.66,2581
BR.TO,20230815,1.62,1.62,1.62,1.62,3000
BRAG.TO,20230815,7.72,7.74,7.35,7.55,48154
BRE.TO,20230815,15.7,15.79,15.57,15.72,10118
BREA.TO,20230815,21.98,21.98,21.82,21.88,700
BRF.PR.A.TO,20230815,14.67,14.83,14.67,14.8,600
BRF.PR.B.TO,20230815,17.15,17.15,17.15,17.15,100
BRF.PR.C.TO,20230815,16.82,16.82,16.78,16.78,200
BRF.PR.E.TO,20230815,16.46,16.47,16.46,16.47,800
BRF.PR.F.TO,20230815,16.58,16.7,16.43,16.43,15472
BRMI.TO,20230815,1.8,1.8,1.8,1.8,100
BRY.TO,20230815,0.42,0.42,0.4,0.42,52500
BSKT.TO,20230815,8.14,8.14,8.14,8.14,6000
BSX.TO,20230815,0.065,0.065,0.065,0.065,3000
BTB.DB.G.TO,20230815,99,99.34,99,99.34,6000
BTB.UN.TO,20230815,3.33,3.33,3.26,3.26,47385
BTCC.TO,20230815,5.65,5.67,5.59,5.61,47829
BTCC.B.TO,20230815,5.7,5.73,5.66,5.69,97716
BTCC.J.TO,20230815,5.05,5.05,5.05,5.05,323
BTCC.U.TO,20230815,5.38,5.39,5.33,5.34,27367
BTCQ.TO,20230815,6.45,6.47,6.4,6.41,16863
BTCQ.U.TO,20230815,4.75,4.75,4.75,4.75,500
BTCX.B.TO,20230815,5.87,5.89,5.82,5.83,38197
BTCX.U.TO,20230815,5.51,5.52,5.47,5.47,13600
BTCY.TO,20230815,3.79,3.79,3.76,3.76,7476
BTCY.B.TO,20230815,4.31,4.31,4.27,4.27,377
BTE.TO,20230815,5.39,5.41,5.28,5.31,3417923
BTO.TO,20230815,4.13,4.18,4.03,4.11,5125642
BU.TO,20230815,0.18,0.185,0.175,0.175,11512
BUI.TO,20230815,2.41,2.79,2.41,2.5,10858
BXF.TO,20230815,9.69,9.69,9.65,9.65,12101
BYD.TO,20230815,238.37,242.65,238.27,240.03,43344
BYL.TO,20230815,0.345,0.345,0.325,0.33,30064
CAE.TO,20230815,31.66,31.66,30.55,31.3,762927
CALL.TO,20230815,11.19,11.19,10.92,10.95,96588
CALL.B.TO,20230815,13.35,13.35,13.35,13.35,100
CALL.U.TO,20230815,12.3,12.3,12.1,12.1,1340
CAR.UN.TO,20230815,49.17,49.81,48.65,49.21,288279
CAS.TO,20230815,12.97,12.99,12.73,12.76,131070
CASH.TO,20230815,50.12,50.12,50.1,50.11,172194
CBH.TO,20230815,16.75,16.76,16.73,16.73,38700
CBIL.TO,20230815,50.08,50.08,50.07,50.08,11925
CBIN.TO,20230815,19.73,19.73,19.73,19.73,5200
CBNK.TO,20230815,7.18,7.18,7,7.02,4320
CBO.TO,20230815,17.13,17.13,17.09,17.1,4890
CCA.TO,20230815,64.9,64.98,64.51,64.73,52979
CCBI.TO,20230815,17.16,17.16,17.14,17.15,6700
CCEI.TO,20230815,21.65,21.65,21.45,21.45,400
CCL.B.TO,20230815,60.75,61.23,60.43,60.48,298176
CCM.TO,20230815,0.23,0.23,0.23,0.23,41999
CCNV.TO,20230815,19.6,19.6,19.57,19.58,6800
CCO.TO,20230815,46.6,46.63,45.64,45.74,973744
CCOM.TO,20230815,20.01,20.03,20.01,20.03,2010
CDIV.TO,20230815,12.46,12.46,12.33,12.35,5161
CDR.TO,20230815,0.98,1.1,0.87,0.94,161842
CDZ.TO,20230815,29.82,29.87,29.54,29.55,11993
CEE.TO,20230815,1.51,1.52,1.5,1.5,4700
CEF.TO,20230815,23.83,23.99,23.79,23.85,2196
CEF.U.TO,20230815,17.65,17.71,17.65,17.71,1476
CEMI.TO,20230815,16.81,16.81,16.81,16.81,1600
CET.TO,20230815,0.87,0.87,0.85,0.85,428953
CEU.TO,20230815,3.37,3.42,3.34,3.4,1148620
CEW.TO,20230815,15.73,15.73,15.51,15.51,6611
CF.TO,20230815,8.5,8.69,8.49,8.63,215214
CF.PR.A.TO,20230815,12.59,12.64,12.59,12.64,1100
CF.PR.C.TO,20230815,17.33,17.33,17.32,17.33,3300
CFF.TO,20230815,1.2,1.2,1.2,1.2,1322
CFP.TO,20230815,20.06,20.2,19.88,20.05,114645
CFW.TO,20230815,5.8,5.89,5.64,5.75,153681
CFX.TO,20230815,2.05,2.05,1.86,1.91,63484
CG.TO,20230815,8.01,8.05,7.85,7.88,323489
CGBI.TO,20230815,17.12,17.12,17.11,17.11,2800
CGG.TO,20230815,4.9,4.9,4.76,4.77,21242
CGI.TO,20230815,35.47,35.47,35.09,35.1,2050
CGIN.TO,20230815,19.93,19.93,19.93,19.93,1000
CGIN.U.TO,20230815,19.99,20,19.99,20,3000
CGL.TO,20230815,15.33,15.33,15.28,15.28,11538
CGL.C.TO,20230815,21.73,21.86,21.73,21.8,5902
CGLO.TO,20230815,24.45,24.49,24.38,24.42,5600
CGO.TO,20230815,50,50.12,49.44,49.99,17177
CGR.TO,20230815,26.11,26.11,26.08,26.08,814
CGRE.TO,20230815,20.23,20.31,20.22,20.22,4300
CGX.TO,20230815,9.09,9.12,8.97,8.98,191655
CGXF.TO,20230815,9.92,9.92,9.72,9.73,23383
CGY.TO,20230815,53.48,53.48,52.9,53.36,37302
CHE.DB.E.TO,20230815,99.77,100,99.77,100,10000
CHE.DB.H.TO,20230815,99.75,99.75,99.75,99.75,44000
CHE.UN.TO,20230815,9.06,9.18,8.8,8.91,429375
CHNA.B.TO,20230815,21.54,21.54,21.5,21.5,300
CHP.UN.TO,20230815,13.33,13.35,13.22,13.23,198467
CHPS.TO,20230815,26.85,26.85,26.73,26.73,768
CHR.TO,20230815,2.9,2.9,2.81,2.83,607629
CHR.DB.A.TO,20230815,94.9,95.35,94.9,95.35,20000
CHR.DB.C.TO,20230815,85.19,85.19,85.19,85.19,1000
CHW.TO,20230815,7.51,7.51,7.34,7.47,1448
CIA.TO,20230815,4.76,4.76,4.66,4.73,519833
CIBR.TO,20230815,35.32,35.32,35.32,35.32,142
CIC.TO,20230815,10.56,10.56,10.44,10.46,43175
CIEI.TO,20230815,20.89,20.89,20.78,20.78,200
CIEM.TO,20230815,17.08,17.09,17.08,17.08,2400
CIEM.U.TO,20230815,17.22,17.22,17.21,17.21,3400
CIF.TO,20230815,37.03,37.03,36.63,36.63,4158
CIGI.TO,20230815,143.21,146.49,143.21,145.45,76925
CINF.TO,20230815,23.46,23.5,23.46,23.5,400
CINT.TO,20230815,20.97,21.07,20.97,21.07,2400
CIQ.UN.TO,20230815,6.77,6.77,6.77,6.77,104
CIU.PR.A.TO,20230815,16.83,16.83,16.83,16.83,100
CIX.TO,20230815,17.41,17.69,17.26,17.37,831666
CJ.TO,20230815,7.09,7.14,7.02,7.06,714875
CJR.B.TO,20230815,1.3,1.38,1.3,1.33,610858
CJT.TO,20230815,98.83,104.5,97.65,103.38,98353
CJT.DB.F.TO,20230815,94.99,94.99,94.75,94.75,9000
CLF.TO,20230815,16.44,16.44,16.41,16.43,5165
CLG.TO,20230815,16.32,16.33,16.3,16.32,5601
CLS.TO,20230815,28.71,28.74,27.8,28.32,427060
CM.TO,20230815,55.25,55.27,53.84,54.17,4043244
CM.PR.O.TO,20230815,17.82,17.9,17.82,17.83,1900
CM.PR.P.TO,20230815,16.93,17.01,16.9,16.95,37869
CM.PR.Q.TO,20230815,17.77,17.84,17.76,17.82,4000
CM.PR.S.TO,20230815,20.5,20.5,20.47,20.47,4309
CM.PR.Y.TO,20230815,23.94,23.94,23.68,23.8,6200
CMAG.TO,20230815,25.21,25.21,25.21,25.21,221
CMAG.U.TO,20230815,18.91,18.92,18.91,18.92,1700
CMAR.TO,20230815,17.63,17.66,17.63,17.66,1860
CMDO.TO,20230815,18.9,18.92,18.87,18.87,14550
CMDO.U.TO,20230815,18.98,18.98,18.89,18.89,2400
CMG.TO,20230815,7.8,8.08,7.78,7.9,115552
CMR.TO,20230815,50.12,50.13,50.12,50.13,26514
CNCC.TO,20230815,12.05,12.05,11.93,11.93,4150
CNCL.TO,20230815,19.82,19.82,19.46,19.49,32272
CNE.TO,20230815,11.43,11.5,11.31,11.35,8175
CNQ.TO,20230815,82.34,82.44,80.56,80.74,5536407
CNR.TO,20230815,155.57,156.23,153.68,153.7,1212492
COMM.TO,20230815,27.85,27.85,27.85,27.85,400
COPP.TO,20230815,27.79,27.79,27.68,27.68,230
COW.TO,20230815,64.08,64.08,63.34,63.42,9830
CP.TO,20230815,107.57,108.04,106.18,106.54,1165518
CPD.TO,20230815,10.5,10.53,10.49,10.5,29094
CPH.TO,20230815,3.58,3.59,3.52,3.52,8658
CPLF.TO,20230815,5.89,5.89,5.75,5.88,52916
CPLS.TO,20230815,17.25,17.25,17.25,17.25,100
CPX.TO,20230815,40.19,40.22,39.46,39.59,309062
CPX.PR.A.TO,20230815,12.91,12.99,12.91,12.99,1100
CPX.PR.C.TO,20230815,21.18,21.34,21.18,21.3,3880
CPX.PR.E.TO,20230815,20.95,21,20.95,20.99,4200
CPX.PR.K.TO,20230815,23.5,23.5,23.25,23.42,5600
CR.TO,20230815,6.48,6.5,6.3,6.33,368450
CRDL.TO,20230815,1.26,1.27,1.24,1.25,44877
CRON.TO,20230815,2.35,2.35,2.22,2.26,102927
CROP.TO,20230815,17.53,17.53,17.46,17.47,7354
CROP.U.TO,20230815,19.49,19.49,19.49,19.49,100
CRR.UN.TO,20230815,13.24,13.24,13,13.05,207132
CRRX.TO,20230815,2.2,2.2,2.16,2.18,3720
CRT.UN.TO,20230815,14.75,14.77,14.59,14.61,99329
CRWN.TO,20230815,7.95,7.95,7.75,7.75,1500
CS.TO,20230815,6.1,6.13,5.86,5.97,2277867
CSAV.TO,20230815,50.16,50.16,50.15,50.16,18625
CSH.UN.TO,20230815,10.25,10.37,10.16,10.25,300788
CSU.TO,20230815,2699.88,2703.5,2641.61,2669.94,30028
CSU.DB.TO,20230815,137.25,137.25,137,137,34000
CSW.A.TO,20230815,14.93,15.13,14.93,15.01,6039
CSW.B.TO,20230815,14.09,14.47,14,14.18,4765
CTC.TO,20230815,284,284,284,284,480
CTC.A.TO,20230815,156.65,158.03,155.6,156.79,129427
CTF.UN.TO,20230815,3.12,3.12,3.08,3.12,49713
CTS.TO,20230815,2.66,2.66,2.53,2.55,504054
CTX.TO,20230815,0.67,0.67,0.66,0.66,4800
CU.TO,20230815,31.98,31.99,31.69,31.79,557527
CU.PR.C.TO,20230815,17.2,17.48,17.2,17.21,9294
CU.PR.D.TO,20230815,18.16,18.21,18.1,18.1,2500
CU.PR.E.TO,20230815,18.17,18.17,17.91,17.91,2910
CU.PR.F.TO,20230815,16.87,16.87,16.46,16.66,600
CU.PR.G.TO,20230815,16.63,16.63,16.6,16.62,800
CU.PR.H.TO,20230815,19.19,19.19,19.15,19.15,607
CU.PR.I.TO,20230815,21.2,21.2,20.49,20.54,7340
CU.PR.J.TO,20230815,17.45,17.45,17.45,17.45,100
CUD.TO,20230815,49.84,49.84,49.42,49.42,1556
CUDV.TO,20230815,19.82,19.82,19.82,19.82,100
CVD.TO,20230815,16.6,16.6,16.47,16.47,4300
CVE.TO,20230815,26.27,26.45,25.83,26.07,5385560
CVE.PR.A.TO,20230815,12.34,12.34,12.34,12.34,100
CVE.PR.B.TO,20230815,15.61,15.61,15.61,15.61,100
CVE.PR.C.TO,20230815,18.51,18.55,18.45,18.45,3568
CVE.PR.E.TO,20230815,19.26,19.3,19.19,19.3,2536
CVE.PR.G.TO,20230815,19.76,19.76,19.31,19.31,7700
CVE.WT.TO,20230815,19.35,19.88,19.35,19.66,6450
CVO.TO,20230815,9.74,10.09,9.72,9.78,133096
CWB.TO,20230815,26.01,26.05,25.46,25.62,155080
CWB.PR.B.TO,20230815,17.65,17.66,17.65,17.66,4065
CWB.PR.D.TO,20230815,24.35,24.35,24.14,24.27,19850
CWEB.TO,20230815,0.36,0.36,0.34,0.345,78172
CWL.TO,20230815,1.12,1.12,1.02,1.05,22800
CWW.TO,20230815,49.54,49.62,49.43,49.43,2088
CXB.TO,20230815,1.53,1.55,1.51,1.52,533031
CXF.TO,20230815,9.53,9.58,9.53,9.58,400
CXI.TO,20230815,25.5,25.5,25.5,25.5,885
CYB.TO,20230815,59.75,60,59.16,59.65,9455
CYBR.TO,20230815,37.29,37.29,36.72,36.72,864
CYH.TO,20230815,19.03,19.03,18.71,18.71,7526
D.UN.TO,20230815,12.8,12.84,12.61,12.65,97159
DANC.TO,20230815,21.45,21.45,21.45,21.45,644
DBM.TO,20230815,7.86,7.87,7.65,7.68,116965
DBO.TO,20230815,0.1,0.11,0.1,0.11,333025
DC.A.TO,20230815,1.3,1.3,1.26,1.28,15900
DC.PR.D.TO,20230815,19.26,19.26,19.26,19.26,300
DCBO.TO,20230815,50.69,51.01,50.01,50.84,33770
DCM.TO,20230815,3.33,3.33,3.15,3.23,81724
DCU.TO,20230815,16.9,16.9,16.9,16.9,1474
DF.TO,20230815,3.81,3.81,3.7,3.73,29510
DF.PR.A.TO,20230815,9.58,9.58,9.57,9.57,850
DFN.TO,20230815,6.14,6.14,5.97,6.01,503835
DFN.PR.A.TO,20230815,9.45,9.48,9.45,9.47,77528
DFY.TO,20230815,38.41,38.47,37.3,37.81,94879
DGR.TO,20230815,38.72,38.8,38.6,38.63,3100
DGR.B.TO,20230815,42.4,42.4,42.38,42.38,501
DGRC.TO,20230815,34.97,34.97,34.65,34.65,1397
DGS.TO,20230815,4.95,4.95,4.8,4.8,170309
DGS.PR.A.TO,20230815,9.8,9.8,9.78,9.79,22551
DHT.U.TO,20230815,9.55,9.69,9.55,9.69,5100
DHT.UN.TO,20230815,12.78,13.02,12.6,12.81,133371
DIAM.TO,20230815,0.095,0.1,0.095,0.1,124000
DII.B.TO,20230815,5.68,5.82,5.6,5.74,11361
DIR.UN.TO,20230815,13.89,14.07,13.84,13.91,253938
DISC.TO,20230815,33.65,33.65,33.55,33.55,571
DIV.TO,20230815,2.85,2.9,2.82,2.89,352563
DIV.DB.A.TO,20230815,92.12,92.12,92,92,28000
DIVS.TO,20230815,13.93,13.93,13.93,13.93,500
DLCG.TO,20230815,2.05,2.06,2.05,2.06,200
DLR.TO,20230815,13.77,13.83,13.77,13.83,641225
DLR.U.TO,20230815,10.24,10.25,10.24,10.24,525854
DML.TO,20230815,1.82,1.84,1.78,1.79,1264233
DN.TO,20230815,0.065,0.065,0.055,0.055,1112303
DND.TO,20230815,19.54,19.88,19.5,19.53,34525
DNG.TO,20230815,3.02,3.05,3,3,38092
DNTL.TO,20230815,7.34,7.34,7.14,7.15,55104
DOL.TO,20230815,85.51,86.38,84.19,85.45,550895
DOO.TO,20230815,110.33,110.33,107.47,108,154675
DPM.TO,20230815,8.4,8.4,8.15,8.18,334518
DR.TO,20230815,9.17,9.21,9.11,9.2,9348
DRCU.TO,20230815,17.6,17.6,17.6,17.6,100
DRFC.TO,20230815,25.3,25.3,25.3,25.3,200
DRM.TO,20230815,19.88,20.06,19.88,20,32232
DRMC.TO,20230815,25.1,25.1,25.1,25.1,320
DRMD.TO,20230815,24.31,24.31,24.31,24.31,300
DRMU.TO,20230815,31.97,31.97,31.97,31.97,100
DRR.U.TO,20230815,7.58,7.58,7.28,7.32,9812
DRT.TO,20230815,0.53,0.53,0.47,0.51,50654
DRX.TO,20230815,4.23,4.23,4.13,4.22,28938
DS.TO,20230815,6.59,6.59,6.42,6.42,12936
DSG.TO,20230815,98.07,99.06,97.87,97.98,68340
DSV.TO,20230815,0.75,0.76,0.73,0.76,144806
DXB.TO,20230815,17.69,17.69,17.64,17.65,6934
DXC.TO,20230815,33.09,33.09,32.78,32.81,8737
DXDB.TO,20230815,19.86,19.86,19.86,19.86,192
DXG.TO,20230815,45.73,45.8,45.69,45.69,5152
DXIF.TO,20230815,19.33,19.33,19.33,19.33,600
DXN.TO,20230815,19.03,19.12,19.03,19.07,803
DXO.TO,20230815,18.5,18.52,18.5,18.52,1044
DXP.TO,20230815,18.72,18.75,18.67,18.67,13308
DXQ.TO,20230815,22.37,22.37,22.33,22.33,8100
DXT.TO,20230815,5.86,5.87,5.82,5.86,5550
DXU.TO,20230815,43.47,43.47,43.28,43.28,1138
DXV.TO,20230815,19.8,19.8,19.76,19.76,6359
DYA.TO,20230815,0.185,0.195,0.185,0.195,67020
E.TO,20230815,0.45,0.45,0.45,0.45,39000
EBIT.TO,20230815,14.46,14.51,14.34,14.4,4961
EBNK.TO,20230815,9.68,9.72,9.68,9.72,1800
ECN.TO,20230815,2.7,2.76,2.43,2.59,3354208
ECN.DB.TO,20230815,81.5,85.45,81.5,85,107000
ECN.DB.A.TO,20230815,79.5,82,79.5,82,48000
ECN.DB.B.TO,20230815,70,75,70,74,289000
ECN.PR.C.TO,20230815,17.8,18,17.8,18,3200
ECO.TO,20230815,3.83,3.83,3.37,3.45,43582
ECOR.TO,20230815,1.94,1.95,1.92,1.95,12100
EDGE.TO,20230815,31.1,31.1,31.1,31.1,111
EDGF.TO,20230815,9.54,9.54,9.46,9.46,304
EDR.TO,20230815,3.92,3.97,3.85,3.88,174729
EDT.TO,20230815,0.33,0.33,0.315,0.32,19083
EDV.TO,20230815,28.63,28.64,27.79,27.84,364444
EFN.TO,20230815,20.99,21.04,20.67,20.9,477258
EFN.PR.C.TO,20230815,24.65,24.7,24.6,24.61,8150
EFN.PR.E.TO,20230815,24.45,24.47,24.45,24.47,14100
EFR.TO,20230815,8.78,8.83,8.46,8.47,334715
EFX.TO,20230815,8.39,8.39,8.09,8.25,767733
EGIF.TO,20230815,20.03,20.03,20.03,20.03,400
EGLX.TO,20230815,0.65,0.72,0.63,0.67,230440
EIF.TO,20230815,50.1,50.64,49.85,50.11,87996
EIF.DB.J.TO,20230815,105.89,106.5,105.89,106.5,4000
EIF.DB.M.TO,20230815,99,99,99,99,15000
EIT.PR.A.TO,20230815,24.8,24.84,24.78,24.78,2700
EIT.PR.B.TO,20230815,24.35,24.35,24.35,24.35,600
EIT.UN.TO,20230815,13.26,13.28,13.13,13.17,253017
ELD.TO,20230815,12.05,12.09,11.84,11.9,339388
ELEF.TO,20230815,0.255,0.255,0.235,0.245,41550
ELF.PR.F.TO,20230815,19.65,19.65,19.57,19.59,1050
ELF.PR.G.TO,20230815,17.75,17.81,17.75,17.81,300
ELF.PR.H.TO,20230815,20.4,20.4,20.3,20.32,6000
ELO.TO,20230815,3.21,3.26,3.15,3.15,80663
ELR.TO,20230815,0.095,0.1,0.095,0.095,55000
ELVA.TO,20230815,5.35,5.56,5.33,5.45,19250
EMA.TO,20230815,50.62,50.62,50.04,50.05,743653
EMA.PR.A.TO,20230815,13.36,13.36,13.36,13.36,100
EMA.PR.B.TO,20230815,16,16.09,16,16.09,501
EMA.PR.C.TO,20230815,20.21,20.21,20.12,20.18,2903
EMA.PR.E.TO,20230815,16.75,16.8,16.7,16.8,2420
EMA.PR.F.TO,20230815,17.19,17.19,17.19,17.19,100
EMA.PR.H.TO,20230815,21.04,21.2,20.75,20.76,6700
EMA.PR.J.TO,20230815,20.32,20.32,20.3,20.3,1400
EMA.PR.L.TO,20230815,16.79,16.79,16.73,16.74,6268
EMP.A.TO,20230815,35.73,36.06,35.31,35.59,226411
EMV.B.TO,20230815,25.17,25.17,25.17,25.17,140
ENB.TO,20230815,47.61,47.62,46.8,46.86,15080010
ENB.PF.A.TO,20230815,15.4,15.4,15.28,15.28,900
ENB.PF.C.TO,20230815,15.05,15.1,14.91,14.95,18344
ENB.PF.E.TO,20230815,14.24,14.25,14.2,14.2,11274
ENB.PF.G.TO,20230815,14.25,14.25,14.04,14.05,2460
ENB.PF.K.TO,20230815,20.37,20.78,20.37,20.61,12330
ENB.PF.U.TO,20230815,18.69,18.7,18.51,18.6,5655
ENB.PF.V.TO,20230815,20,20,20,20,100
ENB.PR.A.TO,20230815,20.96,21.03,20.95,21,1184
ENB.PR.B.TO,20230815,16.1,16.1,15.73,15.86,4356
ENB.PR.D.TO,20230815,16.51,16.51,16.32,16.36,14461
ENB.PR.F.TO,20230815,16.8,16.8,16.65,16.78,17444
ENB.PR.H.TO,20230815,17.75,17.75,17.45,17.45,11920
ENB.PR.J.TO,20230815,16.6,16.6,16.37,16.41,6222
ENB.PR.N.TO,20230815,18.46,18.56,18.32,18.32,9650
ENB.PR.P.TO,20230815,16.41,16.52,16.27,16.36,3722
ENB.PR.T.TO,20230815,15.71,15.96,15.71,15.76,11576
ENB.PR.V.TO,20230815,20.91,20.91,20.75,20.75,964
ENB.PR.Y.TO,20230815,14.89,14.89,14.77,14.77,1876
ENCC.TO,20230815,11.06,11.06,10.91,10.94,86252
ENGH.TO,20230815,28.51,28.86,28.17,28.86,35452
ENI.UN.TO,20230815,1.56,1.56,1.56,1.56,403
ENS.TO,20230815,14.35,14.39,14.13,14.15,37885
ENS.PR.A.TO,20230815,9.93,9.93,9.92,9.92,1500
EPRX.TO,20230815,7.9,8.46,7.8,7.8,20859
EPRX.WT.TO,20230815,1.65,1.65,1.65,1.65,100
EQB.TO,20230815,80.25,80.25,77.64,78.26,65482
EQB.PR.C.TO,20230815,22.5,22.5,22.5,22.5,396
EQL.TO,20230815,30.9,30.91,30.64,30.65,15422
EQL.F.TO,20230815,26.95,26.96,26.83,26.83,13435
EQL.U.TO,20230815,22.8,22.8,22.71,22.71,300
EQX.TO,20230815,6.35,6.37,6.16,6.2,404785
ERD.TO,20230815,0.335,0.335,0.32,0.32,86610
ERE.UN.TO,20230815,2.5,2.55,2.49,2.55,77963
ERO.TO,20230815,27.82,27.82,26.66,27.1,409179
ESG.TO,20230815,31.78,31.78,31.71,31.73,605
ESG.F.TO,20230815,30.3,30.39,30.3,30.38,900
ESGA.TO,20230815,31.51,31.51,31.5,31.5,2200
ESGB.TO,20230815,25.74,25.74,25.74,25.74,100
ESGC.TO,20230815,23.61,23.61,23.61,23.61,7300
ESGE.TO,20230815,30.54,30.54,30.54,30.54,108
ESGY.TO,20230815,42.38,42.38,42.24,42.24,430
ESI.TO,20230815,3,3.03,2.91,2.98,545264
ESM.TO,20230815,0.04,0.04,0.04,0.04,350500
ESPX.TO,20230815,21.48,21.49,21.48,21.49,2169
ET.TO,20230815,12.8,12.93,12.73,12.74,5658
ETC.TO,20230815,6.69,6.7,6.69,6.7,909
ETG.TO,20230815,1.38,1.38,1.37,1.38,37107
ETHH.TO,20230815,7.57,7.58,7.46,7.53,8762
ETHH.B.TO,20230815,8.66,8.68,8.54,8.62,79372
ETHH.U.TO,20230815,8.02,8.03,8.02,8.03,210
ETHI.TO,20230815,43.33,43.33,43.33,43.33,183
ETHQ.TO,20230815,9.82,9.82,9.68,9.76,5601
ETHQ.U.TO,20230815,7.27,7.27,7.26,7.26,1100
ETHR.TO,20230815,8.61,8.61,8.51,8.55,1647
ETHR.U.TO,20230815,7.98,7.98,7.92,7.92,8201
ETHX.B.TO,20230815,8.93,8.98,8.82,8.9,58902
ETHX.U.TO,20230815,8.3,8.3,8.16,8.22,37304
ETHY.TO,20230815,2.96,2.96,2.92,2.93,6284
ETHY.B.TO,20230815,3.64,3.64,3.59,3.59,1214
ETHY.U.TO,20230815,2.86,2.86,2.85,2.85,3075
ETP.TO,20230815,15.99,15.99,15.99,15.99,200
ETSX.TO,20230815,19.16,19.18,19.16,19.16,4631
EVT.TO,20230815,134,134,134,134,1000
EXE.TO,20230815,7.02,7.07,6.91,6.93,115705
EXE.DB.C.TO,20230815,95.7,95.7,95.7,95.7,2000
EXN.TO,20230815,0.09,0.105,0.09,0.095,284412
EXRO.TO,20230815,2.18,2.22,2.1,2.11,123066
EXRO.WT.TO,20230815,0.99,0.99,0.99,0.99,600
FANS.TO,20230815,0.055,0.06,0.055,0.06,235297
FAP.TO,20230815,2.6,2.6,2.57,2.57,2139
FAR.TO,20230815,1.67,1.67,1.67,1.67,1568
FBGO.TO,20230815,17.23,17.23,17.23,17.23,1084
FBTC.TO,20230815,13.27,13.27,13.15,13.15,4679
FC.TO,20230815,11.11,11.15,11.02,11.1,19722
FC.DB.I.TO,20230815,93.75,93.75,93.75,93.75,20000
FC.DB.J.TO,20230815,91.5,91.5,91.5,91.5,25000
FC.DB.K.TO,20230815,87.25,87.25,87.25,87.25,10000
FC.DB.L.TO,20230815,83.5,83.5,83.5,83.5,13000
FCCD.TO,20230815,26.67,26.67,26.43,26.43,1702
FCCV.TO,20230815,13.29,13.29,13.09,13.09,16397
FCD.UN.TO,20230815,5.32,5.32,5.29,5.31,24993
FCID.TO,20230815,23.74,23.74,23.58,23.62,1702
FCIQ.TO,20230815,33.44,33.44,33.21,33.21,4496
FCIV.TO,20230815,30.82,30.82,30.64,30.68,1421
FCQH.TO,20230815,44.43,44.43,44.43,44.43,100
FCR.UN.TO,20230815,14.48,14.66,14.19,14.19,372500
FCU.TO,20230815,0.65,0.65,0.63,0.63,472377
FCUD.TO,20230815,30.45,30.45,30.37,30.38,308
FCUH.TO,20230815,27.47,27.48,27.47,27.47,2200
FCUQ.TO,20230815,47.45,47.45,47.11,47.11,1976
FCUV.TO,20230815,14.47,14.47,14.35,14.35,9868
FDY.TO,20230815,0.79,0.79,0.75,0.75,105368
FEC.TO,20230815,10.54,10.58,10.42,10.46,28380
FF.TO,20230815,0.165,0.165,0.155,0.155,182898
FFH.TO,20230815,1126,1136.54,1125.42,1133.39,26651
FFH.PR.C.TO,20230815,18.35,18.37,18.3,18.31,10549
FFH.PR.D.TO,20230815,19.4,19.41,19.4,19.41,4000
FFH.PR.E.TO,20230815,14.25,14.25,14.25,14.25,100
FFH.PR.F.TO,20230815,17.06,17.08,17.06,17.08,1050
FFH.PR.G.TO,20230815,14.45,14.57,14.45,14.57,1100
FFH.PR.H.TO,20230815,17.41,17.41,17.17,17.17,2468
FFH.PR.I.TO,20230815,15.32,15.33,15.29,15.33,2400
FFH.PR.J.TO,20230815,18.27,18.27,18.2,18.2,4309
FFH.PR.K.TO,20230815,18.01,18.01,17.99,18,6053
FFH.PR.M.TO,20230815,20.4,20.4,20.4,20.4,900
FFN.TO,20230815,3.75,3.75,3.68,3.68,88569
FFN.PR.A.TO,20230815,9.73,9.75,9.72,9.72,14719
FGGE.TO,20230815,21.47,21.49,21.47,21.47,8119
FGO.TO,20230815,9.74,9.75,9.74,9.74,3003
FHG.TO,20230815,43.13,43.13,43.13,43.13,100
FHI.TO,20230815,11.75,11.75,11.75,11.75,203
FHIS.TO,20230815,20.3,20.31,20.3,20.31,5600
FHQ.TO,20230815,72.04,72.05,71.92,71.92,4334
FIE.TO,20230815,6.68,6.68,6.61,6.62,164985
FIG.TO,20230815,8.97,8.98,8.96,8.96,17177
FIG.U.TO,20230815,8.51,8.51,8.51,8.51,2500
FIH.U.TO,20230815,13.75,14.03,13.75,13.79,18519
FIL.TO,20230815,22.58,22.58,20.95,21.09,283707
FLGD.TO,20230815,23.31,23.31,23.28,23.28,1122
FLI.TO,20230815,9.75,9.75,9.66,9.66,4564
FLNT.TO,20230815,0.035,0.035,0.035,0.035,1000
FLOW.TO,20230815,0.36,0.365,0.36,0.365,4503
FLSD.TO,20230815,18.36,18.36,18.36,18.36,1155
FLUS.TO,20230815,34.75,34.8,34.74,34.76,1000
FM.TO,20230815,34.99,35.01,33.09,33.21,2069016
FN.TO,20230815,39.49,39.5,39.05,39.25,15702
FNV.TO,20230815,189.47,190.6,184.77,185.66,553531
FOM.TO,20230815,3.92,3.92,3.84,3.91,317718
FOOD.TO,20230815,0.44,0.46,0.44,0.46,5048
FORA.TO,20230815,6.03,6.03,6.01,6.01,509
FRU.TO,20230815,14.5,14.52,14.28,14.36,264463
FSB.TO,20230815,9.51,9.51,9.49,9.49,2070
FSL.TO,20230815,16.97,16.97,16.96,16.96,403
FST.TO,20230815,43.64,43.64,43.21,43.21,584
FSV.TO,20230815,203.77,203.89,201,201.37,68323
FSY.TO,20230815,0.37,0.375,0.35,0.37,130004
FSZ.TO,20230815,6.66,6.66,6.51,6.61,331707
FSZ.DB.B.TO,20230815,103,103,103,103,25000
FT.TO,20230815,0.045,0.045,0.045,0.045,186025
FTG.TO,20230815,3.5,3.5,3.35,3.38,13925
FTN.TO,20230815,8.85,8.85,8.77,8.78,124434
FTN.PR.A.TO,20230815,9.54,9.56,9.53,9.53,70215
FTS.TO,20230815,54,54,53.4,53.56,4765339
FTS.PR.F.TO,20230815,19.95,19.95,19.59,19.59,3529
FTS.PR.G.TO,20230815,19.23,19.24,19.06,19.06,11525
FTS.PR.H.TO,20230815,12.98,12.98,12.98,12.98,100
FTS.PR.I.TO,20230815,15.92,15.93,15.92,15.93,250
FTS.PR.J.TO,20230815,18.93,18.93,18.7,18.77,5100
FTS.PR.K.TO,20230815,17.1,17.1,17,17.04,13700
FTS.PR.M.TO,20230815,17.2,17.25,17.2,17.22,11258
FTT.TO,20230815,43.43,43.43,42.59,42.86,294585
FTU.TO,20230815,0.19,0.19,0.18,0.18,1500
FTU.PR.B.TO,20230815,5.71,5.71,5.69,5.7,2200
FURY.TO,20230815,0.475,0.48,0.47,0.47,12354
FVI.TO,20230815,4.03,4.07,3.96,3.96,537406
FVL.TO,20230815,0.45,0.45,0.445,0.445,13660
FWCP.TO,20230815,16.79,16.79,16.74,16.74,1446
FXM.TO,20230815,20.68,20.68,20.51,20.51,434
G.TO,20230815,0.81,0.81,0.77,0.77,57903
GAU.TO,20230815,0.83,0.83,0.83,0.83,15388
GBAL.TO,20230815,41.89,41.89,41.81,41.81,560
GBT.TO,20230815,15.91,15.91,15.91,15.91,300
GCBD.TO,20230815,17.1,17.1,17.1,17.1,1110
GCG.TO,20230815,43,43,42.4,42.4,1900
GCG.A.TO,20230815,41.23,41.39,41,41.24,72979
GCL.TO,20230815,1.03,1.03,0.99,1.01,34900
GCSC.TO,20230815,21.24,21.24,21.24,21.24,206
GCTB.TO,20230815,50.25,50.25,50.25,50.25,4050
GDEP.TO,20230815,19.94,19.94,19.94,19.94,100
GDI.TO,20230815,41.19,43.22,41.19,43,5105
GDL.TO,20230815,13.95,13.95,13.95,13.95,100
GDPY.TO,20230815,20.73,20.74,20.73,20.74,200
GDV.TO,20230815,9.45,9.45,9.37,9.4,28008
GDV.PR.A.TO,20230815,9.4,9.44,9.4,9.43,5158
GEC.TO,20230815,0.35,0.35,0.34,0.35,39000
GEI.TO,20230815,19.69,19.77,19.34,19.49,968603
GENM.TO,20230815,0.375,0.375,0.37,0.375,25076
GEO.TO,20230815,2.7,2.7,2.45,2.54,63160
GEQT.TO,20230815,47.78,47.78,47.78,47.78,137
GFL.TO,20230815,44.11,44.37,43.96,44.22,165877
GFP.TO,20230815,1.15,1.16,1.1,1.13,39230
GGD.TO,20230815,1.38,1.44,1.36,1.36,436679
GGRO.TO,20230815,44.7,44.7,44.64,44.64,893
GH.TO,20230815,9.12,9.13,8.98,8.98,1422
GIB.A.TO,20230815,137.9,139.1,136.27,136.43,389709
GIL.TO,20230815,41.2,41.22,40.44,40.84,455979
GIVX.TO,20230815,0.45,0.45,0.44,0.44,27000
GLCC.TO,20230815,23.01,23.01,22.56,22.6,23080
GLO.TO,20230815,1.51,1.51,1.39,1.41,674327
GLXY.TO,20230815,5.21,5.38,5.18,5.18,284634
GMTN.TO,20230815,0.11,0.11,0.105,0.11,80382
GMX.TO,20230815,0.82,0.82,0.79,0.79,26500
GOLD.TO,20230815,1.19,1.19,1.17,1.18,30432
GOOS.TO,20230815,21.62,21.62,21.19,21.23,233239
GRA.TO,20230815,2.8,2.81,2.7,2.71,75675
GRC.TO,20230815,0.09,0.1,0.09,0.095,16000
GRID.TO,20230815,0.85,0.86,0.85,0.86,30000
GRN.TO,20230815,0.245,0.245,0.22,0.23,159681
GRT.UN.TO,20230815,73.73,74.05,73.2,73.52,71108
GSY.TO,20230815,132.12,134.09,131.64,131.79,92229
GTE.TO,20230815,8.99,9,8.69,8.77,38401
GUD.TO,20230815,4.66,4.66,4.61,4.61,44036
GURU.TO,20230815,2.28,2.28,2.06,2.18,27967
GUTB.U.TO,20230815,50.26,50.26,50.26,50.26,2984
GVC.TO,20230815,0.135,0.14,0.13,0.14,300500
GWO.TO,20230815,39.49,39.49,38.88,39.2,1713946
GWO.PR.G.TO,20230815,19.4,19.4,19.17,19.17,2836
GWO.PR.H.TO,20230815,18.18,18.18,18,18.1,6480
GWO.PR.I.TO,20230815,17.11,17.11,17.02,17.06,1900
GWO.PR.L.TO,20230815,20.92,20.93,20.81,20.81,1500
GWO.PR.M.TO,20230815,21.74,21.74,21.65,21.65,1200
GWO.PR.P.TO,20230815,19.9,19.9,19.76,19.76,3409
GWO.PR.Q.TO,20230815,19.25,19.25,19.01,19.01,1000
GWO.PR.R.TO,20230815,17.82,17.82,17.75,17.75,5015
GWO.PR.S.TO,20230815,19.55,19.55,19.37,19.37,4128
GWO.PR.T.TO,20230815,19.59,19.6,19.32,19.32,7300
GWO.PR.Y.TO,20230815,17,17.26,17,17.14,7268
GXE.TO,20230815,0.85,0.85,0.83,0.84,790981
H.TO,20230815,36.77,36.77,36.34,36.5,611204
HAB.TO,20230815,9.46,9.46,9.42,9.42,5127
HAC.TO,20230815,25.07,25.24,25.07,25.18,2763
HAF.TO,20230815,6.97,6.97,6.97,6.97,600
HAI.TO,20230815,3.65,3.65,3.55,3.62,6450
HAL.TO,20230815,18.7,18.7,18.54,18.54,2525
HAZ.TO,20230815,29.22,29.25,29.22,29.23,790
HBA.TO,20230815,21.19,21.19,21.19,21.19,37144
HBAL.TO,20230815,13.33,13.34,13.26,13.26,7117
HBB.TO,20230815,44.24,44.35,44.2,44.2,33320
HBD.TO,20230815,11.47,11.52,11.41,11.41,1300
HBF.TO,20230815,9.54,9.54,9.5,9.5,15833
HBF.B.TO,20230815,10.38,10.38,10.36,10.36,300
HBFE.TO,20230815,10.42,10.43,10.3,10.3,1793
HBGD.TO,20230815,20.67,20.67,20.33,20.33,419
HBLK.TO,20230815,11.38,11.46,11.3,11.31,3551
HBM.TO,20230815,6.86,6.89,6.46,6.46,2825476
HBNK.TO,20230815,20.03,20.03,19.68,19.73,47944
HBU.TO,20230815,10.54,10.61,10.52,10.52,7808
HCA.TO,20230815,20.05,20.05,19.79,19.83,25183
HCAL.TO,20230815,19.78,19.78,19.33,19.41,88408
HCLN.TO,20230815,10.74,10.74,10.55,10.55,754
HCON.TO,20230815,12.2,12.2,12.2,12.2,802
HCRE.TO,20230815,24.05,24.05,24.05,24.05,1000
HDIF.TO,20230815,7.95,7.95,7.83,7.84,172420
HDIV.TO,20230815,15.59,15.59,15.3,15.33,123621
HED.TO,20230815,5.54,5.67,5.52,5.64,43109
HERO.TO,20230815,27.42,27.42,27.42,27.42,275
HEU.TO,20230815,25.12,25.57,24.61,24.73,122827
HEWB.TO,20230815,28.99,28.99,28.57,28.63,3836
HFD.TO,20230815,11.22,11.44,11.22,11.4,4745
HFG.TO,20230815,20.2,20.2,20.2,20.2,148
HFIN.TO,20230815,13.72,13.72,13.46,13.51,6355
HFPC.U.TO,20230815,2.87,2.87,2.77,2.77,10300
HFR.TO,20230815,9.77,9.78,9.76,9.77,34642
HFU.TO,20230815,17.85,17.85,17.48,17.57,24816
HGD.TO,20230815,6.49,6.69,6.38,6.67,255627
HGGG.TO,20230815,25.4,25.4,25.4,25.4,200
HGR.TO,20230815,6.19,6.19,6.16,6.16,200
HGU.TO,20230815,12.62,12.66,12.01,12.1,534318
HGY.TO,20230815,9.49,9.49,9.47,9.47,1194
HHL.TO,20230815,8.12,8.17,8.12,8.15,94416
HHL.U.TO,20230815,8.57,8.57,8.55,8.55,901
HHLE.TO,20230815,10.3,10.39,10.3,10.36,5393
HIG.TO,20230815,8.45,8.45,8.45,8.45,423
HISU.U.TO,20230815,100.3,100.3,100.3,100.3,519
HIU.TO,20230815,13.51,13.63,13.51,13.63,20021
HIX.TO,20230815,29.72,30.05,29.72,30.04,2964
HLF.TO,20230815,12.51,12.51,12.29,12.39,9908
HLFE.TO,20230815,9.9,9.9,9.78,9.78,2445
HLIF.TO,20230815,8.81,8.81,8.72,8.73,58595
HLIT.TO,20230815,33.7,33.7,32.9,32.9,3865
HLPR.TO,20230815,21.56,21.56,21.52,21.56,658
HLS.TO,20230815,4.98,4.98,4.9,4.97,4300
HMAX.TO,20230815,14.44,14.44,14.19,14.22,399883
HMM.A.TO,20230815,7.52,7.8,7.52,7.65,3534
HMMJ.TO,20230815,9.15,9.15,9.07,9.12,6093
HMP.TO,20230815,9.1,9.11,9.1,9.11,1418
HND.TO,20230815,47.99,49.56,47.9,48.91,525658
HNU.TO,20230815,15.47,15.52,14.9,15.13,2435457
HOD.TO,20230815,8.46,8.71,8.45,8.61,1121970
HOM.U.TO,20230815,12.68,12.84,12.54,12.57,8611
HOM.UN.TO,20230815,17.23,17.24,16.9,16.9,4663
HOT.U.TO,20230815,1.71,1.75,1.71,1.75,4095
HOT.UN.TO,20230815,2.33,2.35,2.32,2.33,22025
HOU.TO,20230815,14.54,14.54,14.07,14.26,649848
HPF.TO,20230815,3.49,3.49,3.47,3.47,26647
HPR.TO,20230815,7.36,7.36,7.33,7.33,23076
HPS.A.TO,20230815,53.44,54.68,52.53,53.75,49267
HQD.TO,20230815,19.38,19.74,19.3,19.65,472209
HQU.TO,20230815,14.29,14.33,14,14.05,374410
HR.UN.TO,20230815,10.23,10.29,10.16,10.19,423527
HRAA.TO,20230815,11.24,11.24,11.22,11.22,3569
HRED.TO,20230815,16.2,16.2,16.2,16.2,300
HRIF.TO,20230815,15.13,15.13,14.98,14.98,3100
HRX.TO,20230815,16,16,15.6,15.84,4968
HSAV.TO,20230815,107.6,107.68,107.45,107.68,24316
HSD.TO,20230815,25.02,25.45,24.98,25.4,340926
HSH.TO,20230815,54.7,54.7,54.7,54.7,1025
HSU.TO,20230815,16.44,16.44,16.14,16.19,339076
HSUV.U.TO,20230815,105.88,105.96,105.77,105.86,22041
HTA.TO,20230815,15.12,15.12,14.94,14.94,8825
HTA.B.TO,20230815,15.21,15.22,15.21,15.22,300
HTAE.TO,20230815,13.2,13.2,13.08,13.08,12367
HTB.TO,20230815,53.55,53.55,53.45,53.49,700
HUBL.TO,20230815,10.65,10.66,10.58,10.58,8058
HUC.TO,20230815,21.3,21.3,21.26,21.26,1492
HUG.TO,20230815,15.21,15.28,15.2,15.21,952
HULC.TO,20230815,70.6,70.71,70.5,70.5,3290
HULC.U.TO,20230815,52.69,52.69,52.2,52.23,5576
HUM.TO,20230815,24.41,24.41,24.25,24.25,200
HUN.TO,20230815,12.31,12.31,12.18,12.29,2372
HURA.TO,20230815,25.48,25.48,25.17,25.17,1600
HUT.TO,20230815,3.71,3.86,3.55,3.55,2292666
HUTE.TO,20230815,9.69,9.69,9.53,9.56,12106
HUTL.TO,20230815,16.37,16.37,16.12,16.12,10019
HUTS.TO,20230815,12.18,12.18,11.95,11.95,13350
HUV.TO,20230815,16.97,17.75,16.92,17.59,74103
HUZ.TO,20230815,10.44,10.44,10.44,10.44,952
HWO.TO,20230815,1.4,1.43,1.4,1.4,5447
HWX.TO,20230815,7.4,7.4,7.17,7.18,776808
HXCN.TO,20230815,31.61,31.62,31.35,31.35,4929
HXD.TO,20230815,7.03,7.2,7.01,7.2,154928
HXDM.TO,20230815,40.37,40.42,40.28,40.3,6104
HXE.TO,20230815,32.03,32.03,31.64,31.64,2379
HXEM.TO,20230815,31.63,31.63,31.63,31.63,195
HXF.TO,20230815,59.56,59.56,59.56,59.56,254
HXH.TO,20230815,43.8,43.8,43.73,43.73,511
HXQ.TO,20230815,58.07,58.16,57.77,57.81,4964
HXQ.U.TO,20230815,43,43.07,42.85,42.85,839
HXS.TO,20230815,60.8,60.8,60.48,60.48,14747
HXT.TO,20230815,50.26,50.28,49.59,49.63,227688
HXU.TO,20230815,18.48,18.48,18.02,18.05,189120
HXX.TO,20230815,43.2,43.2,43.2,43.2,204
HYBR.TO,20230815,7.62,7.62,7.59,7.62,1700
HYLD.TO,20230815,12.4,12.43,12.31,12.31,66360
HYLD.U.TO,20230815,12.61,12.61,12.53,12.53,8098
HZD.TO,20230815,16.3,16.39,16,16.17,2225
HZU.TO,20230815,19.03,19.34,18.84,19.1,35788
IAG.TO,20230815,87.55,87.58,86.12,86.42,218017
IAU.TO,20230815,2.73,2.76,2.63,2.65,401137
ICE.TO,20230815,5.3,5.3,5.28,5.28,7000
IDIV.B.TO,20230815,11.81,11.81,11.79,11.79,300
IE.TO,20230815,20.99,21.05,20.29,20.83,5400
IFA.TO,20230815,1.4,1.45,1.37,1.45,500
IFC.TO,20230815,200,200.47,195.04,196.29,303111
IFC.PR.A.TO,20230815,16.57,16.57,16.57,16.57,178
IFC.PR.C.TO,20230815,17.26,17.51,17.26,17.43,3534
IFC.PR.E.TO,20230815,19.93,19.93,19.82,19.84,2600
IFC.PR.F.TO,20230815,20.58,20.58,20.58,20.58,100
IFC.PR.G.TO,20230815,20.19,20.19,19.96,19.97,7000
IFC.PR.I.TO,20230815,20.55,20.57,20.51,20.51,50400
IFC.PR.K.TO,20230815,19.73,19.84,19.65,19.81,3200
IFP.TO,20230815,22.04,22.38,22,22.25,193596
IFRF.TO,20230815,8.72,8.72,8.72,8.72,600
IGB.TO,20230815,17.27,17.27,17.27,17.27,102
IGM.TO,20230815,38.92,39.18,38.07,38.17,120719
III.TO,20230815,2.58,2.62,2.56,2.59,4300
IIP.UN.TO,20230815,12.73,12.74,12.57,12.57,126082
ILGB.TO,20230815,8.4,8.4,8.4,8.4,600
ILLM.TO,20230815,2.43,2.47,2.4,2.4,109806
IMG.TO,20230815,3.09,3.09,3.01,3.02,446162
IMO.TO,20230815,73.78,74.43,72.9,73.04,1523052
INC.UN.TO,20230815,9.35,9.35,9.12,9.2,2542
INE.TO,20230815,13.26,13.26,12.85,12.94,214437
INE.DB.B.TO,20230815,96,96,96,96,15000
INE.DB.C.TO,20230815,92.5,92.5,92.5,92.5,39000
INE.PR.C.TO,20230815,18.36,18.36,18.35,18.35,600
INO.UN.TO,20230815,3.5,3.51,3.37,3.4,73389
INOC.TO,20230815,13,13,12.89,12.93,13600
IPCO.TO,20230815,12.33,12.37,12.24,12.29,94104
IPO.TO,20230815,2.64,2.64,2.48,2.56,637747
IQD.TO,20230815,30.82,30.84,30.8,30.8,9200
IQD.B.TO,20230815,27.08,27.08,27.04,27.04,3570
ISV.TO,20230815,23.95,24,23.75,23.75,1509
ITE.TO,20230815,0.22,0.22,0.22,0.22,166984
ITH.TO,20230815,0.5,0.51,0.5,0.51,14825
IUAE.TO,20230815,20.35,20.35,20.28,20.28,400
IVN.TO,20230815,12.31,12.36,11.7,11.73,2272223
IVQ.TO,20230815,1.06,1.06,1.05,1.06,5299
IVQ.U.TO,20230815,0.83,0.83,0.82,0.82,14500
JAG.TO,20230815,1.62,1.66,1.62,1.62,4800
JAPN.TO,20230815,37.26,37.26,37.26,37.26,300
JFS.UN.TO,20230815,23.58,23.91,23.58,23.78,2222
JOY.TO,20230815,5.61,5.65,5.46,5.51,128109
JWEL.TO,20230815,26.84,27,26,26.18,84958
K.TO,20230815,6.66,6.69,6.47,6.49,2316896
KBL.TO,20230815,33.51,33.71,33.29,33.29,4404
KEC.TO,20230815,12.94,12.97,12.94,12.97,2442
KEG.UN.TO,20230815,15.19,15.19,15.05,15.09,7791
KEI.TO,20230815,5.51,5.51,5.23,5.26,42083
KEL.TO,20230815,6.85,6.87,6.7,6.72,173838
KEY.TO,20230815,32.29,32.31,31.88,32.09,924511
KILO.TO,20230815,28.51,28.52,28.44,28.45,4638
KILO.B.TO,20230815,30.55,30.55,30.55,30.55,500
KITS.TO,20230815,5.4,5.68,5.2,5.49,18710
KLS.TO,20230815,0.36,0.365,0.36,0.36,11472
KMP.UN.TO,20230815,18.18,18.24,18.11,18.2,108625
KNT.TO,20230815,5.46,5.57,5.26,5.33,518456
KPT.TO,20230815,10.35,10.35,10.22,10.22,5411
KRN.TO,20230815,0.215,0.215,0.215,0.215,1000
KRR.TO,20230815,4.46,4.47,4.39,4.41,921354
KSI.TO,20230815,2.96,2.97,2.95,2.96,43985
KXS.TO,20230815,164.21,165.59,163.84,165,64216
L.TO,20230815,117.5,117.7,115.7,115.92,303887
L.PR.B.TO,20230815,21.33,21.33,21.13,21.14,2345
LABS.TO,20230815,0.075,0.08,0.075,0.075,577041
LAC.TO,20230815,24.25,24.28,23.48,23.5,405634
LAM.TO,20230815,0.455,0.47,0.45,0.47,82133
LAS.A.TO,20230815,140.99,141,140.01,140.01,1269
LB.TO,20230815,40.31,40.31,38.75,39.3,110225
LB.PR.H.TO,20230815,16.64,16.64,16.64,16.64,18066
LBS.TO,20230815,8.65,8.67,8.61,8.63,46107
LBS.PR.A.TO,20230815,9.97,9.97,9.96,9.97,15313
LCFS.TO,20230815,8.52,8.52,8.52,8.52,125
LCS.TO,20230815,6.11,6.12,5.88,5.88,28440
LCS.PR.A.TO,20230815,9.9,9.9,9.84,9.84,500
LEAD.TO,20230815,15.77,15.77,15.77,15.77,500
LEV.TO,20230815,3.13,3.13,3,3.04,322164
LEV.WT.TO,20230815,0.27,0.27,0.27,0.27,500
LEV.WT.A.TO,20230815,0.83,0.87,0.83,0.87,1500
LFE.TO,20230815,3.55,3.55,3.36,3.4,10556
LGD.TO,20230815,0.34,0.34,0.33,0.33,294836
LGO.TO,20230815,5,5,4.65,4.68,39832
LIF.TO,20230815,29.8,29.95,29.56,29.64,156527
LIFE.TO,20230815,21.4,21.42,21.37,21.38,2431
LIFE.U.TO,20230815,21,21,21,21,238
LIRC.TO,20230815,10.63,11.87,10.12,11.32,493101
LN.TO,20230815,0.31,0.31,0.305,0.31,7500
LNF.TO,20230815,19.04,19.04,18.5,18.67,25344
LNR.TO,20230815,69.83,70.09,69.25,69.59,90939
LPEN.TO,20230815,0.65,0.66,0.6,0.6,29504
LSPD.TO,20230815,21.45,21.67,21.14,21.23,401879
LUC.TO,20230815,0.385,0.41,0.38,0.41,198644
LUG.TO,20230815,16.21,16.3,15.68,15.74,446818
LUN.TO,20230815,10.44,10.53,10.15,10.17,2459083
LYCT.TO,20230815,10.22,10.22,10.22,10.22,300
MAG.TO,20230815,15.2,15.2,14.91,14.93,127618
MAL.TO,20230815,7.6,7.7,7.55,7.62,5845
MARI.TO,20230815,4.15,4.15,3.93,3.95,39000
MATR.TO,20230815,19.9,20.5,19.9,19.97,836287
MAYB.F.TO,20230815,37.28,37.28,37.28,37.28,200
MBAL.TO,20230815,21.28,21.28,21.28,21.28,2850
MBX.TO,20230815,0.33,0.33,0.33,0.33,20999
MCB.TO,20230815,1.4,1.41,1.38,1.4,20899
MCON.TO,20230815,19.52,19.52,19.52,19.52,1500
MCSB.TO,20230815,18.69,18.69,18.69,18.69,1000
MCSM.TO,20230815,36.32,36.42,36.16,36.16,529
MDA.TO,20230815,10.32,10.52,10.06,10.47,221425
MDI.TO,20230815,8.36,8.36,8.16,8.2,275715
MDNA.TO,20230815,0.54,0.54,0.53,0.54,33925
MDP.TO,20230815,2.7,2.8,2.48,2.53,196711
MDS.UN.TO,20230815,11.24,11.24,11.24,11.24,200
MEE.TO,20230815,24.11,24.11,24.11,24.11,350
MEG.TO,20230815,23.76,23.94,23.43,23.44,1217557
MEQ.TO,20230815,135.25,135.25,135,135,428
MEU.TO,20230815,21.29,21.29,21.29,21.29,400
MFC.TO,20230815,25.79,25.81,25.31,25.37,5135482
MFC.PR.B.TO,20230815,17.83,17.85,17.7,17.7,1553
MFC.PR.C.TO,20230815,17.55,17.55,17.33,17.33,4578
MFC.PR.F.TO,20230815,13.03,13.1,13.02,13.02,5800
MFC.PR.I.TO,20230815,21.06,21.1,21.06,21.06,1200
MFC.PR.J.TO,20230815,20.8,20.83,20.75,20.75,3100
MFC.PR.K.TO,20230815,20.03,20.14,20.02,20.09,4800
MFC.PR.L.TO,20230815,17.35,17.57,17.35,17.57,500
MFC.PR.M.TO,20230815,16.93,17.01,16.93,16.98,2300
MFC.PR.N.TO,20230815,16.61,16.61,16.56,16.56,2300
MFC.PR.Q.TO,20230815,20.38,20.38,20.3,20.31,4487
MFI.TO,20230815,29.71,30.1,29.56,29.69,46538
MFT.TO,20230815,17.39,17.5,17.39,17.5,7401
MG.TO,20230815,76.76,76.92,76.2,76.59,691996
MGA.TO,20230815,0.26,0.26,0.24,0.255,233834
MGB.TO,20230815,16.15,16.15,16.15,16.15,100
MHC.U.TO,20230815,16.06,16.1,16.06,16.1,300
MHCD.TO,20230815,11.17,11.19,11.13,11.13,4579
MI.UN.TO,20230815,14.05,14.05,13.9,13.93,99628
MIC.PR.A.TO,20230815,18.75,18.75,18.45,18.45,3600
MID.UN.TO,20230815,6.99,6.99,6.8,6.84,9976
MIN.TO,20230815,0.21,0.21,0.21,0.21,4500
MKB.TO,20230815,18.26,18.26,18.16,18.18,10161
MKC.TO,20230815,29.54,29.54,29.52,29.52,200
MKP.TO,20230815,16.57,16.72,16.53,16.64,6411
MKZ.UN.TO,20230815,0.43,0.45,0.43,0.43,14000
MMP.UN.TO,20230815,2.09,2.09,2.07,2.08,2180
MND.TO,20230815,1.68,1.68,1.65,1.66,1243
MNO.TO,20230815,0.375,0.38,0.375,0.38,71900
MNS.TO,20230815,17.41,17.41,17.41,17.41,100
MNT.TO,20230815,26.25,26.3,26.19,26.3,1612
MNU.U.TO,20230815,100.25,100.25,100.25,100.25,100
MNY.TO,20230815,100.25,100.25,100.24,100.25,1929
MOGO.TO,20230815,2.64,2.75,2.64,2.67,6944
MPCT.UN.TO,20230815,9.48,9.54,9.43,9.5,6804
MPVD.TO,20230815,0.465,0.465,0.455,0.46,8137
MPY.TO,20230815,9.14,9.14,9.14,9.14,500
MR.DB.B.TO,20230815,89,91,89,91,56000
MR.UN.TO,20230815,4.68,4.72,4.6,4.7,14158
MRC.TO,20230815,102.88,104.98,102.88,103.97,1955
MRD.TO,20230815,11.9,11.99,11.9,11.95,4500
MRE.TO,20230815,13.01,13.2,12.99,13.01,122847
MREL.TO,20230815,11.99,11.99,11.83,11.86,10269
MRG.DB.B.TO,20230815,99.5,99.5,99.5,99.5,5000
MRG.UN.TO,20230815,16,16.14,15.9,16.02,18711
MRT.DB.A.TO,20230815,91,91,89.12,89.12,32000
MRT.UN.TO,20230815,5.4,5.51,5.4,5.43,94494
MRU.TO,20230815,71.21,71.22,70.31,70.89,442533
MSA.TO,20230815,0.63,0.64,0.63,0.63,4000
MSV.TO,20230815,0.185,0.185,0.18,0.18,24072
MTL.TO,20230815,15.25,15.26,15.13,15.2,48706
MTL.DB.TO,20230815,117.25,117.25,117,117,4000
MTY.TO,20230815,64.38,64.76,64.25,64.45,18197
MUB.TO,20230815,17.89,17.89,17.82,17.84,24544
MULC.TO,20230815,41.59,41.59,41.59,41.59,100
MUMC.B.TO,20230815,40.95,40.95,40.87,40.87,200
MUS.TO,20230815,32.42,32.42,32.4,32.41,802
MUX.TO,20230815,9.62,9.78,9.5,9.5,26282
MWD.TO,20230815,26.69,26.69,26.59,26.63,5299
MX.TO,20230815,58.6,58.6,56.63,56.68,109739
MXG.TO,20230815,4.53,4.53,4.52,4.53,2900
MXU.TO,20230815,21.13,21.13,21.09,21.09,2800
NA.TO,20230815,102.79,103,101.08,101.35,1259225
NA.PR.C.TO,20230815,25.14,25.14,25.02,25.02,6075
NA.PR.E.TO,20230815,20.5,20.55,20.5,20.52,1119
NA.PR.G.TO,20230815,21.83,21.85,21.81,21.82,2372
NA.PR.S.TO,20230815,18,18.08,17.94,18.08,2502
NA.PR.W.TO,20230815,16.79,16.85,16.75,16.76,3100
NALT.TO,20230815,23.74,23.8,23.71,23.8,1720
NANO.TO,20230815,2.8,2.8,2.67,2.7,125171
NCF.TO,20230815,0.03,0.03,0.03,0.03,5133
NCP.TO,20230815,0.03,0.03,0.025,0.025,424779
NCU.TO,20230815,0.205,0.205,0.19,0.195,192998
NDM.TO,20230815,0.36,0.36,0.355,0.355,4975
NEO.TO,20230815,8.66,8.7,8.49,8.56,58765
NEXT.TO,20230815,1.46,1.47,1.43,1.44,46760
NFI.TO,20230815,11.74,11.86,11.59,11.71,135446
NFI.DB.TO,20230815,82,82,81.5,82,39000
NG.TO,20230815,5.65,5.72,5.55,5.56,67825
NGD.TO,20230815,1.37,1.41,1.32,1.35,889283
NGT.TO,20230815,52.88,53.04,51.82,51.87,179757
NOA.TO,20230815,33.32,33.32,32.03,32.74,47901
NOA.DB.A.TO,20230815,139,139,139,139,30000
NOVC.TO,20230815,0.5,0.52,0.5,0.52,21554
NPI.TO,20230815,23.44,23.68,22.85,22.98,1130487
NPI.PR.A.TO,20230815,14.95,14.95,14.95,14.95,250
NPI.PR.B.TO,20230815,17.24,17.24,17.15,17.15,1400
NPK.TO,20230815,2.95,3.06,2.85,2.97,74861
NPRF.TO,20230815,19.26,19.27,19.26,19.27,600
NSCC.TO,20230815,20.86,20.86,20.86,20.86,1200
NSSB.TO,20230815,9.48,9.5,9.48,9.5,3300
NTR.TO,20230815,85,85.21,82.61,82.78,1451398
NUAG.TO,20230815,2.93,3,2.85,2.94,36802
NUBF.TO,20230815,20.71,20.71,20.62,20.62,5000
NUMI.TO,20230815,0.185,0.185,0.18,0.185,71803
NVA.TO,20230815,12.05,12.2,11.98,12.17,510654
NVEI.TO,20230815,22.66,22.75,21.78,21.8,971554
NVO.TO,20230815,0.21,0.215,0.205,0.21,18811
NWC.TO,20230815,31.31,31.42,31,31.18,120067
NWH.DB.G.TO,20230815,98.21,98.21,98.21,98.21,28000
NWH.DB.I.TO,20230815,94,94,92.5,92.5,25000
NWH.UN.TO,20230815,6.64,6.64,6.49,6.5,1503378
NXE.TO,20230815,6.7,6.7,6.4,6.43,1195223
NXF.TO,20230815,6.18,6.18,6.09,6.11,34007
NXR.UN.TO,20230815,8.17,8.25,8.13,8.22,61075
OBE.TO,20230815,9.26,9.26,9.04,9.07,100591
OGC.TO,20230815,2.89,2.9,2.78,2.83,1405935
OGD.TO,20230815,0.62,0.65,0.62,0.65,28000
OGI.TO,20230815,1.83,1.83,1.78,1.78,53814
OLA.TO,20230815,6.1,6.1,6,6.08,457864
OLY.TO,20230815,87,96.74,87,96.74,4786
ONC.TO,20230815,2.77,2.87,2.71,2.77,108067
ONEB.TO,20230815,46.82,46.82,46.82,46.82,1527
ONEX.TO,20230815,83.05,83.24,82.24,82.96,85101
OPT.TO,20230815,5.5,5.76,5.45,5.45,4000
OR.TO,20230815,18.46,18.51,18.07,18.08,182061
ORA.TO,20230815,8.84,8.91,8.6,8.75,50746
ORE.TO,20230815,0.94,0.95,0.9,0.9,251481
ORV.TO,20230815,0.165,0.195,0.165,0.19,71700
OSK.TO,20230815,2.76,2.82,2.73,2.73,647917
OTEX.TO,20230815,51.17,51.64,50.12,50.43,550262
OVV.TO,20230815,63.73,64.39,63.42,64.09,245005
PAAS.TO,20230815,21.07,21.26,20.73,20.8,378889
PAY.TO,20230815,6.51,6.54,6.47,6.5,60494
PAYF.TO,20230815,18.11,18.11,18.1,18.1,5601
PBD.TO,20230815,15.99,15.99,15.96,15.97,4400
PBH.TO,20230815,106,108,102.13,103.19,115038
PBH.DB.G.TO,20230815,97,97,97,97,30000
PBH.DB.H.TO,20230815,92.27,92.27,91.06,91.06,60000
PBH.DB.I.TO,20230815,96,96,95,95,31000
PBI.TO,20230815,32.67,32.67,32.67,32.67,100
PBI.B.TO,20230815,40.49,40.49,40.37,40.37,400
PBL.TO,20230815,26.25,26.37,25.14,26.37,8176
PBY.UN.TO,20230815,14.38,14.38,14.33,14.35,3200
PCON.TO,20230815,17.89,17.89,17.89,17.89,600
PCOR.TO,20230815,17.43,17.43,17.43,17.43,800
PD.TO,20230815,87.81,88.35,86.86,87.89,64076
PDC.TO,20230815,29.52,29.52,29.08,29.12,3968
PDF.TO,20230815,29.64,29.64,29.44,29.44,3100
PDIV.TO,20230815,9.89,9.89,9.72,9.72,2384
PDV.TO,20230815,5.65,5.65,5.65,5.65,1100
PEA.TO,20230815,0.67,0.67,0.63,0.63,41831
PET.TO,20230815,26.49,26.5,26.05,26.45,73228
PEY.TO,20230815,12.2,12.27,12.07,12.17,763462
PFAA.TO,20230815,10.28,10.28,10.28,10.28,7037
PFAE.TO,20230815,15.54,15.54,15.54,15.54,113
PFH.F.TO,20230815,17.13,17.2,17.1,17.2,10430
PFIA.TO,20230815,9.69,9.7,9.66,9.7,61996
PFL.TO,20230815,19.68,19.69,19.68,19.69,20999
PFLS.TO,20230815,15.36,15.36,15.36,15.36,300
PFMN.TO,20230815,13.53,13.54,13.52,13.54,4779
PFSS.TO,20230815,9.05,9.05,9.05,9.05,400
PGI.UN.TO,20230815,7,7.05,7,7.01,16016
PHE.B.TO,20230815,33.08,33.08,33.08,33.08,500
PHX.TO,20230815,7.7,8.07,7.7,7.9,162308
PHYS.TO,20230815,20,20.11,20,20.01,5914
PIC.A.TO,20230815,4.9,4.9,4.83,4.89,6955
PIC.PR.A.TO,20230815,13.5,13.52,13.44,13.5,41810
PID.TO,20230815,20.66,20.66,20.66,20.66,1500
PIF.TO,20230815,14.81,14.81,14.44,14.64,17147
PINC.TO,20230815,17.32,17.32,17.32,17.32,100
PIX.UN.TO,20230815,7.86,7.9,7.8,7.83,16963
PKI.TO,20230815,37.01,37.36,36.75,36.97,275365
PLC.TO,20230815,22.76,23.39,22.73,23.19,87489
PLC.DB.TO,20230815,98,98,97.5,97.5,15000
PLV.TO,20230815,21.93,21.93,21.9,21.9,900
PLZ.UN.TO,20230815,3.97,3.97,3.9,3.97,22375
PMB.UN.TO,20230815,6.95,6.95,6.91,6.94,2800
PME.TO,20230815,2.6,2.61,2.54,2.54,3286
PMIF.TO,20230815,17.85,17.9,17.85,17.89,40486
PMIF.U.TO,20230815,18.92,18.95,18.92,18.95,600
PMM.TO,20230815,20.32,20.32,20.32,20.32,400
PMNT.TO,20230815,19.19,19.19,19.19,19.19,200
PMT.TO,20230815,0.61,0.61,0.61,0.61,17000
PMZ.UN.TO,20230815,13.23,13.37,13.16,13.3,98758
PNC.A.TO,20230815,1.49,1.49,1.49,1.49,600
PNC.B.TO,20230815,1.43,1.43,1.43,1.43,300
PNE.TO,20230815,1.39,1.39,1.36,1.36,143184
PNP.TO,20230815,3.9,3.9,3.9,3.9,200
POU.TO,20230815,32.52,32.52,32.04,32.2,221382
POW.TO,20230815,38.45,38.45,38,38.24,1405211
POW.PR.A.TO,20230815,21.09,21.09,20.85,20.98,4709
POW.PR.B.TO,20230815,19.76,19.78,19.67,19.67,1940
POW.PR.C.TO,20230815,22.1,22.1,21.92,22,4702
POW.PR.D.TO,20230815,18.65,18.65,18.48,18.51,10300
POW.PR.G.TO,20230815,20.76,20.76,20.58,20.6,6555
PPL.TO,20230815,41.77,41.77,41,41,2052600
PPL.PF.A.TO,20230815,20,20.2,19.95,19.96,14400
PPL.PF.E.TO,20230815,21.24,21.3,20.68,20.68,8051
PPL.PR.A.TO,20230815,17.81,17.87,17.77,17.8,16936
PPL.PR.C.TO,20230815,17.01,17.16,17.01,17.1,359
PPL.PR.E.TO,20230815,17.3,17.3,17.17,17.17,42700
PPL.PR.G.TO,20230815,16.72,16.75,16.7,16.7,34050
PPL.PR.I.TO,20230815,19,19.25,19,19.24,3109
PPL.PR.O.TO,20230815,19.31,19.43,19.31,19.4,1050
PPL.PR.Q.TO,20230815,17.92,18.03,17.9,18.03,2000
PPL.PR.S.TO,20230815,21.01,21.01,20.99,21,3800
PPR.TO,20230815,0.11,0.115,0.11,0.115,83599
PPTA.TO,20230815,4.4,4.47,4.12,4.12,10740
PR.TO,20230815,8.01,8.01,7.99,8.01,1500
PRA.TO,20230815,26.5,26.5,26.32,26.32,3304
PRB.TO,20230815,1.53,1.53,1.52,1.53,7000
PRL.TO,20230815,9.36,9.39,9.05,9.05,8440
PRM.TO,20230815,15.18,15.18,15.17,15.17,8198
PRMW.TO,20230815,20.68,20.78,20.47,20.65,136309
PRN.TO,20230815,13.15,13.33,12.91,12.95,2900
PRQ.TO,20230815,1.54,1.63,1.51,1.53,37597
PRU.TO,20230815,1.47,1.47,1.44,1.44,939
PRV.DB.TO,20230815,97.1,97.99,97.1,97.99,22000
PRV.UN.TO,20230815,5.43,5.43,5.32,5.32,75222
PSA.TO,20230815,50.13,50.14,50.13,50.14,43751
PSB.TO,20230815,16.61,16.61,16.58,16.58,3115
PSD.TO,20230815,1.91,2.06,1.91,2.02,15147
PSI.TO,20230815,13.75,13.87,13.57,13.6,147146
PSK.TO,20230815,26.25,26.31,25.83,25.9,284211
PSLV.TO,20230815,10.43,10.55,10.39,10.46,40757
PSU.U.TO,20230815,100.27,100.28,100.27,100.28,3865
PTI.UN.TO,20230815,6.55,6.58,6.45,6.56,49485
PTM.TO,20230815,1.65,1.72,1.65,1.72,4525
PTO.UN.TO,20230815,6.97,7.01,6.95,6.98,12618
PVS.PR.F.TO,20230815,24.6,24.7,24.6,24.69,5500
PVS.PR.G.TO,20230815,23.76,24.22,23.76,24.22,10525
PVS.PR.H.TO,20230815,23.38,23.4,23.25,23.4,10800
PVS.PR.I.TO,20230815,23.9,24,23.85,24,11300
PVS.PR.K.TO,20230815,21,21.1,21,21.1,1700
PWF.PF.A.TO,20230815,16.7,16.7,16.5,16.7,600
PWF.PR.A.TO,20230815,12.91,12.91,12.81,12.9,1209
PWF.PR.E.TO,20230815,20.16,20.2,20.07,20.07,2900
PWF.PR.F.TO,20230815,19.21,19.24,19.15,19.17,3400
PWF.PR.G.TO,20230815,21.73,21.73,21.61,21.61,1200
PWF.PR.H.TO,20230815,21.08,21.08,21.06,21.06,873
PWF.PR.K.TO,20230815,18.05,18.1,18.05,18.06,5350
PWF.PR.L.TO,20230815,18.61,18.61,18.54,18.54,6018
PWF.PR.O.TO,20230815,21.25,21.25,21.18,21.18,2736
PWF.PR.P.TO,20230815,12.32,12.32,12.32,12.32,100
PWF.PR.Q.TO,20230815,14.75,14.75,14.74,14.75,2100
PWF.PR.R.TO,20230815,20.18,20.39,20.04,20.04,4444
PWF.PR.S.TO,20230815,17.77,17.77,17.65,17.66,3000
PWF.PR.T.TO,20230815,18.95,18.95,18.63,18.75,1378
PWF.PR.Z.TO,20230815,18.8,19.07,18.79,19.07,1000
PWI.TO,20230815,6.15,6.15,6.05,6.1,4250
PXC.TO,20230815,34.21,34.21,33.96,33.96,881
PXS.TO,20230815,38.66,38.66,38.66,38.66,100
PXT.TO,20230815,24.65,24.99,24.27,24.37,442852
PYF.TO,20230815,17.23,17.23,17.23,17.23,4871
PYR.TO,20230815,0.91,0.92,0.9,0.9,40194
PZA.TO,20230815,15.22,15.35,15.09,15.25,67505
PZW.TO,20230815,30.56,30.56,30.56,30.56,1100
QAH.TO,20230815,146.86,146.86,146.86,146.86,111
QBB.TO,20230815,88.37,88.37,88.26,88.26,700
QBR.B.TO,20230815,33.01,33.68,33,33.55,638399
QBTC.TO,20230815,39.05,39.05,38.57,38.57,2443
QBTC.U.TO,20230815,29.01,29.01,28.58,28.71,1045
QBTL.TO,20230815,18.25,18.28,18.25,18.28,3600
QCE.TO,20230815,120.51,120.51,120.51,120.51,300
QCLN.TO,20230815,20.91,20.91,20.84,20.87,984
QCN.TO,20230815,122.38,122.38,121.61,121.61,465
QDX.TO,20230815,104.37,104.37,103.97,104.15,1300
QDXB.TO,20230815,85.35,85.35,85.35,85.35,100
QDXH.TO,20230815,116.37,116.37,116.37,116.37,111
QEC.TO,20230815,0.215,0.22,0.215,0.22,10000
QETH.U.TO,20230815,28.35,28.69,28.35,28.69,3000
QETH.UN.TO,20230815,38.53,38.7,38.53,38.7,1985
QIE.TO,20230815,28.79,28.79,28.79,28.79,200
QINF.TO,20230815,109.68,109.68,109.68,109.68,100
QIPT.TO,20230815,7.29,7.5,7.13,7.38,106629
QQC.TO,20230815,24.35,24.37,24.19,24.22,20300
QQC.F.TO,20230815,121.97,121.98,120.73,120.75,5637
QQCC.TO,20230815,11,11,10.93,10.93,16269
QQCE.TO,20230815,20.36,20.36,20.36,20.36,200
QQQT.TO,20230815,20.14,20.14,20.14,20.14,200
QSB.TO,20230815,93.98,93.98,93.98,93.98,100
QSP.UN.TO,20230815,96.86,96.86,96.86,96.86,100
QSR.TO,20230815,97.24,97.28,95.75,95.8,454566
QTRH.TO,20230815,1.56,1.59,1.56,1.56,54773
QUB.TO,20230815,80.17,80.25,80.13,80.13,5755
QUU.TO,20230815,171.91,171.91,171.11,171.11,1332
QXM.TO,20230815,26.5,26.5,26.32,26.32,590
RA.UN.TO,20230815,7.74,7.76,7.62,7.62,3900
RATE.TO,20230815,20.17,20.17,20.17,20.17,2080
RAY.A.TO,20230815,5.15,5.15,5,5.1,39419
RBA.TO,20230815,78.12,78.34,76.55,76.65,276779
RBN.UN.TO,20230815,7.57,7.62,7.5,7.5,5906
RBNK.TO,20230815,22.58,22.58,22.22,22.25,10808
RBO.TO,20230815,17.57,17.59,17.57,17.57,2626
RBOT.TO,20230815,25.66,25.66,25.66,25.66,348
RBY.TO,20230815,2.05,2.18,2.05,2.07,181152
RCD.TO,20230815,23.8,23.8,23.8,23.8,300
RCDC.TO,20230815,19,19,19,19,710
RCG.TO,20230815,6.97,7.05,6.66,6.84,21733
RCG.PR.B.TO,20230815,10.65,10.75,10.55,10.75,4000
RCH.TO,20230815,42.85,42.9,42.16,42.76,30720
RCI.A.TO,20230815,57.25,57.25,57.15,57.15,688
RCI.B.TO,20230815,55.99,56.1,54.68,54.69,1405939
REAL.TO,20230815,6.97,6.97,6.72,6.75,41343
REI.UN.TO,20230815,19.31,19.36,19.13,19.13,285161
RGQN.TO,20230815,19.63,19.63,19.63,19.63,181
RGQO.TO,20230815,19.42,19.42,19.42,19.42,182
RGQP.TO,20230815,19.22,19.22,19.22,19.22,1071
RGQQ.TO,20230815,19.07,19.07,19.07,19.07,600
RID.TO,20230815,23.06,23.06,23.06,23.06,100
RID.U.TO,20230815,17.08,17.08,17.08,17.08,100
RIDH.TO,20230815,25,25,25,25,600
RIFI.TO,20230815,17.22,17.22,17.22,17.22,100
RIIN.TO,20230815,18.33,18.33,18.29,18.29,894
RIT.TO,20230815,15.8,15.8,15.71,15.71,14394
RLB.TO,20230815,17.67,17.67,17.66,17.66,1700
ROOT.TO,20230815,2.85,2.91,2.85,2.91,500
RPD.TO,20230815,22.71,22.71,22.71,22.71,271
RPF.TO,20230815,17.74,17.74,17.68,17.68,4149
RPI.UN.TO,20230815,32.28,33.05,32.28,32.84,1221
RPSB.TO,20230815,19.14,19.14,19.14,19.14,1500
RQL.TO,20230815,19.89,19.91,19.89,19.91,800
RQN.TO,20230815,19.6,19.6,19.59,19.59,16483
RQO.TO,20230815,17.54,17.54,17.52,17.52,12400
RQP.TO,20230815,17,17.06,17,17.03,8366
RQQ.TO,20230815,20.35,20.35,20.33,20.33,15758
RQR.TO,20230815,20.23,20.23,20.2,20.21,19900
RS.TO,20230815,14.24,14.25,14.11,14.15,12093
RSI.TO,20230815,5.82,5.82,5.56,5.59,259895
RSI.DB.F.TO,20230815,96.25,96.25,96.25,96.25,10000
RTG.TO,20230815,0.04,0.045,0.04,0.045,10139
RUBH.TO,20230815,14.45,14.45,14.45,14.45,200
RUBY.TO,20230815,16.58,16.58,16.58,16.58,700
RUD.TO,20230815,52.7,52.7,52.36,52.36,1350
RUDH.TO,20230815,37.3,37.3,37.3,37.3,100
RUP.TO,20230815,3.65,3.66,3.62,3.62,5800
RUS.TO,20230815,38.97,39.49,38.43,38.82,160979
RVX.TO,20230815,0.095,0.1,0.095,0.1,177219
RXD.TO,20230815,18.16,18.16,18.16,18.16,155
RY.TO,20230815,126,126.21,123.89,124.04,3587560
RY.PR.H.TO,20230815,17.65,17.68,17.6,17.61,4961
RY.PR.J.TO,20230815,19,19,18.65,18.65,7577
RY.PR.M.TO,20230815,18.3,18.46,18.11,18.11,6000
RY.PR.N.TO,20230815,21.54,21.54,21.19,21.54,500
RY.PR.O.TO,20230815,21.58,21.58,21.43,21.43,3201
RY.PR.S.TO,20230815,20.13,20.37,20.12,20.16,10100
S.TO,20230815,0.47,0.475,0.45,0.46,345831
SAM.TO,20230815,0.12,0.12,0.115,0.115,1280
SAP.TO,20230815,27.78,28.18,27.6,28.07,669214
SBC.TO,20230815,9.79,9.79,9.66,9.66,17747
SBC.PR.A.TO,20230815,9.59,9.59,9.55,9.55,3400
SBI.TO,20230815,0.42,0.42,0.37,0.37,3000
SCY.TO,20230815,0.04,0.04,0.035,0.035,13000
SDE.TO,20230815,4.16,4.16,4.04,4.07,861949
SEA.TO,20230815,15.65,15.78,15.31,15.31,37026
SES.TO,20230815,7.05,7.06,6.94,6.97,660727
SFC.TO,20230815,4.35,4.36,4.33,4.35,41272
SFD.TO,20230815,0.22,0.225,0.22,0.225,4500
SFI.TO,20230815,0.275,0.275,0.275,0.275,2500
SFTC.TO,20230815,15.98,15.98,15.44,15.75,5008
SGLD.TO,20230815,0.125,0.13,0.125,0.13,31547
SGNL.TO,20230815,0.23,0.23,0.22,0.22,16000
SGR.U.TO,20230815,9.58,9.58,9.58,9.58,719
SGR.UN.TO,20230815,12.83,12.89,12.77,12.79,92419
SGY.TO,20230815,8.51,8.51,8.26,8.37,539796
SHLE.TO,20230815,4.47,4.5,4.15,4.26,64471
SHOP.TO,20230815,74.88,75.67,73.85,74.7,3759251
SIA.TO,20230815,12.03,12.12,11.84,11.85,459439
SIH.UN.TO,20230815,9.57,9.57,9.56,9.56,2500
SII.TO,20230815,47.59,47.59,45.64,45.74,53277
SIL.TO,20230815,6.58,6.72,6.52,6.55,428678
SIS.TO,20230815,16.35,16.45,16.23,16.42,72513
SJ.TO,20230815,65.3,65.31,63.38,63.81,179144
SKE.TO,20230815,6.46,6.49,6.32,6.36,69082
SLF.TO,20230815,66.81,66.96,65.76,65.99,4216525
SLF.PR.C.TO,20230815,17.71,17.71,17.49,17.49,3900
SLF.PR.D.TO,20230815,17.75,17.75,17.44,17.44,7609
SLF.PR.E.TO,20230815,17.75,17.75,17.51,17.51,550
SLF.PR.G.TO,20230815,13.1,13.1,13.05,13.05,800
SLF.PR.H.TO,20230815,15.4,15.4,15.4,15.4,100
SLF.PR.J.TO,20230815,15,15.23,15,15.23,1100
SLR.TO,20230815,0.83,0.83,0.83,0.83,500
SLS.TO,20230815,6.14,6.14,5.71,5.72,137757
SMC.TO,20230815,0.04,0.04,0.04,0.04,71000
SMT.TO,20230815,0.395,0.395,0.38,0.38,38757
SOIL.TO,20230815,2.7,2.9,2.64,2.87,716037
SOLG.TO,20230815,0.25,0.25,0.23,0.23,43500
SOT.DB.TO,20230815,67.98,68,65.26,65.26,41000
SOT.DB.A.TO,20230815,56,56,54,54.9,113000
SOT.DB.B.TO,20230815,55.31,55.31,55.21,55.21,19000
SOT.UN.TO,20230815,1.43,1.5,1.35,1.43,218334
SOY.TO,20230815,6.25,6.27,6.02,6.15,243076
SPB.TO,20230815,10.2,10.36,10.18,10.33,727409
SPLT.TO,20230815,10.08,10.09,10.08,10.09,1595
SPPP.TO,20230815,14.5,14.66,14.5,14.66,1300
SRU.UN.TO,20230815,24.76,24.85,24.7,24.7,201368
SRV.UN.TO,20230815,15.05,15.17,15.04,15.17,2317
SSF.UN.TO,20230815,6.52,6.52,6.52,6.52,1324
SSL.TO,20230815,7.09,7.1,6.94,6.95,159197
SSRM.TO,20230815,19.91,20.08,19.53,19.53,174102
STC.TO,20230815,5.51,5.65,5.2,5.2,13279
STCK.TO,20230815,6.8,6.8,6.74,6.74,1703
STEP.TO,20230815,3.83,4.05,3.69,3.79,158992
STGO.TO,20230815,0.76,0.76,0.73,0.74,70538
STLC.TO,20230815,41.99,41.99,39.68,40.66,263501
STN.TO,20230815,89.22,90.3,89.18,89.61,251696
STPL.TO,20230815,23.72,23.72,23.72,23.72,110
SU.TO,20230815,42.03,42.9,41.66,41.91,14138390
SVA.TO,20230815,0.85,0.87,0.83,0.83,79408
SVB.TO,20230815,0.1,0.1,0.095,0.095,7131
SVI.TO,20230815,4.84,4.86,4.78,4.79,167689
SVI.DB.TO,20230815,94.51,94.51,94.51,94.51,5000
SVI.DB.C.TO,20230815,88.6,90,88.6,90,22000
SVM.TO,20230815,3.48,3.49,3.37,3.43,217631
SVR.TO,20230815,11.15,11.15,11.15,11.15,364
SVR.C.TO,20230815,11.65,11.72,11.65,11.72,500
SWP.TO,20230815,2.63,2.7,2.62,2.67,4600
SXP.TO,20230815,4.75,4.94,4.65,4.65,126442
SYLD.TO,20230815,17.91,17.91,17.91,17.91,1200
SYZ.TO,20230815,7.27,7.33,7.22,7.3,38747
T.TO,20230815,23.59,23.61,23.07,23.13,3429414
TA.TO,20230815,13.68,13.69,13.49,13.61,324975
TA.PR.D.TO,20230815,11.8,11.92,11.8,11.88,23800
TA.PR.E.TO,20230815,15.01,15.01,15.01,15.01,300
TA.PR.F.TO,20230815,18.09,18.32,18.09,18.32,7400
TA.PR.H.TO,20230815,21.34,21.34,21.25,21.25,3750
TA.PR.J.TO,20230815,19.38,20.05,19.38,19.94,23385
TAIG.TO,20230815,2.08,2.12,1.98,2.02,26092
TAIG.WT.TO,20230815,0.3,0.3,0.3,0.3,500
TAL.TO,20230815,0.77,0.78,0.77,0.78,209701
TBL.TO,20230815,2.9,2.95,2.85,2.95,1900
TBNK.TO,20230815,24.5,24.5,24.11,24.22,5172
TC.TO,20230815,28.37,28.39,27.75,28.1,8284
TCL.A.TO,20230815,12.58,12.59,12.41,12.47,75103
TCLB.TO,20230815,113.55,113.65,113.32,113.33,2061
TCS.TO,20230815,26.19,26.22,25.93,26.22,5196
TCSB.TO,20230815,14.11,14.11,14.08,14.11,5400
TCW.TO,20230815,4.69,4.69,4.56,4.61,1038345
TD.TO,20230815,85.15,85.25,83.8,84.25,4388669
TD.PF.A.TO,20230815,17.68,17.69,17.6,17.61,1800
TD.PF.B.TO,20230815,17.89,17.95,17.7,17.79,7700
TD.PF.C.TO,20230815,17.17,17.3,17.17,17.21,3954
TD.PF.D.TO,20230815,18.15,18.18,18.11,18.15,4800
TD.PF.E.TO,20230815,18.53,18.72,18.53,18.53,20436
TD.PF.I.TO,20230815,23.73,23.73,23.6,23.6,1125
TD.PF.J.TO,20230815,21.09,21.17,21.09,21.1,3946
TD.PF.M.TO,20230815,24.34,24.39,24.24,24.39,24849
TDB.TO,20230815,12.51,12.54,12.49,12.49,18080
TDOC.TO,20230815,17.53,17.56,17.51,17.56,7875
TEC.TO,20230815,28.76,28.76,28.49,28.49,12239
TEC.U.TO,20230815,21.28,21.28,21.28,21.28,1100
TECH.TO,20230815,11,11,10.87,10.89,29402
TECH.B.TO,20230815,12.41,12.41,12.23,12.23,3201
TECI.TO,20230815,6.72,6.72,6.71,6.71,375
TECK.A.TO,20230815,52.21,52.21,51.1,51.43,3081
TECK.B.TO,20230815,52.72,52.87,50.79,51.17,2250596
TECX.TO,20230815,23.28,23.28,23.28,23.28,100
TERM.TO,20230815,9.01,9.01,9,9,15700
TF.TO,20230815,7.49,7.57,7.47,7.51,125832
TF.DB.D.TO,20230815,90,90,90,90,50000
TFII.TO,20230815,177.5,178.11,174.3,175.19,164297
TFPM.TO,20230815,18.37,18.56,18.17,18.36,78082
TGED.TO,20230815,19.31,19.34,19.25,19.27,16440
TGED.U.TO,20230815,14.3,14.3,14.3,14.3,400
TGFI.TO,20230815,19.91,19.91,19.91,19.91,200
TGGR.TO,20230815,21.9,21.91,21.83,21.83,4501
TGO.TO,20230815,1.77,1.84,1.77,1.8,2000
TH.TO,20230815,1.89,1.89,1.78,1.78,41072
The.TO,20230815,22.29,22.29,22.12,22.14,3304
THNC.TO,20230815,1.91,2,1.9,1.94,18904
THU.TO,20230815,29.88,29.88,29.76,29.76,1810
TI.TO,20230815,0.415,0.415,0.41,0.41,1188
TIH.TO,20230815,114.51,114.98,113.14,113.37,63707
TINF.TO,20230815,17.35,17.35,17.28,17.3,6775
TIPS.F.TO,20230815,28.59,28.59,28.59,28.59,400
TIPS.U.TO,20230815,28.68,28.68,28.68,28.68,1500
TIXT.TO,20230815,11.91,11.91,11.53,11.53,122967
TKN.TO,20230815,11.3,11.3,11.3,11.3,100
TKO.TO,20230815,1.78,1.8,1.73,1.76,1081326
TLF.TO,20230815,19.65,19.65,19.6,19.6,855
TLG.TO,20230815,0.41,0.41,0.4,0.4,83030
TLO.TO,20230815,0.27,0.2725,0.2675,0.2675,94020
TLRY.TO,20230815,3.47,3.52,3.31,3.42,1079727
TLV.TO,20230815,27.72,27.72,27.55,27.55,20302
TMCC.TO,20230815,8.85,8.85,8.85,8.85,100
TMD.TO,20230815,0.19,0.195,0.175,0.19,36638
TMEC.TO,20230815,17.29,17.29,17.28,17.28,364
TML.TO,20230815,0.245,0.245,0.24,0.24,22004
TMQ.TO,20230815,0.67,0.67,0.6,0.61,116475
TNT.UN.TO,20230815,2.49,2.49,2.42,2.44,166201
TNZ.TO,20230815,3.56,3.57,3.11,3.22,267720
TOT.TO,20230815,9.38,9.47,9.19,9.27,73218
TOU.TO,20230815,69.14,69.33,67.96,68.19,3678882
TOY.TO,20230815,36.29,36.66,35.88,35.98,57554
TPE.TO,20230815,19.59,19.59,19.54,19.55,18586
TPRF.TO,20230815,8.91,8.91,8.85,8.88,601
TPU.TO,20230815,33.91,33.91,33.64,33.68,15305
TPU.U.TO,20230815,25.29,25.29,25.2,25.22,5500
TPZ.TO,20230815,22.1,22.1,21.76,21.84,93103
TQCD.TO,20230815,15.64,15.64,15.45,15.45,27170
TQGD.TO,20230815,16.45,16.45,16.35,16.35,7954
TQGM.TO,20230815,15.38,15.38,15.35,15.35,900
TQSM.TO,20230815,19.69,19.69,19.64,19.65,3197
TRI.TO,20230815,178.35,179.36,176.05,177.36,328704
TRP.TO,20230815,48.86,48.99,48.08,48.28,2539000
TRP.PR.A.TO,20230815,13.43,13.72,13.37,13.4,11566
TRP.PR.B.TO,20230815,10.48,10.59,10.48,10.55,3379
TRP.PR.C.TO,20230815,10.9,10.91,10.9,10.91,1400
TRP.PR.D.TO,20230815,15.2,15.2,15.15,15.17,43900
TRP.PR.E.TO,20230815,14.48,14.5,14.43,14.43,15413
TRP.PR.F.TO,20230815,14.6,14.75,14.54,14.75,1150
TRP.PR.G.TO,20230815,15.75,15.75,15.47,15.47,6376
TRP.PR.H.TO,20230815,13.1,13.1,13.1,13.1,1300
TRVI.TO,20230815,20.3,20.3,20.1,20.1,3700
TRVL.TO,20230815,22.32,22.34,22.21,22.21,23371
TRZ.TO,20230815,4.58,4.67,4.54,4.66,44730
TSAT.TO,20230815,19.44,23.68,19.3,23.09,28347
TSK.TO,20230815,0.08,0.08,0.07,0.075,613600
TSL.TO,20230815,3.15,3.15,3.11,3.11,3400
TSND.TO,20230815,2.23,2.31,2.21,2.29,224503
TSU.TO,20230815,32.89,32.9,32.16,32.25,480485
TTNM.TO,20230815,2.8,2.86,2.77,2.84,34850
TTP.TO,20230815,23.03,23.03,22.71,22.71,8054
TUED.TO,20230815,20.28,20.41,20.28,20.32,9600
TUHY.TO,20230815,20.35,20.36,20.35,20.36,1900
TULB.TO,20230815,113.79,113.79,113.79,113.79,100
TUSB.TO,20230815,13.43,13.43,13.43,13.43,100
TUSB.U.TO,20230815,9.81,9.81,9.74,9.74,200
TVA.B.TO,20230815,1.88,1.88,1.88,1.88,5200
TVE.TO,20230815,3.64,3.64,3.51,3.55,2544998
TVK.TO,20230815,36.39,37.4,36.25,37.38,6287
TWM.TO,20230815,1.03,1.05,1.02,1.02,760392
TWM.DB.TO,20230815,97.52,97.52,97.52,97.52,11000
TXF.TO,20230815,17.29,17.38,17.17,17.19,30369
TXG.TO,20230815,14.81,14.89,14.4,14.43,294310
TXP.TO,20230815,1.38,1.38,1.32,1.34,143002
U.U.TO,20230815,13.04,13.04,12.88,12.89,9700
U.UN.TO,20230815,17.52,17.64,17.34,17.4,544771
UBIL.U.TO,20230815,50.09,50.11,50.09,50.1,2904
UDA.TO,20230815,14.08,14.08,14.07,14.07,1800
UDIV.TO,20230815,11.84,11.85,11.74,11.74,20078
UDIV.B.TO,20230815,12.24,12.24,12.24,12.24,200
ULV.C.TO,20230815,30.43,30.43,30.43,30.43,200
ULV.F.TO,20230815,45.02,45.02,45.02,45.02,100
UMAX.TO,20230815,15.46,15.46,15.18,15.18,88395
UMI.TO,20230815,28.96,28.96,28.84,28.84,573
UNC.TO,20230815,103.51,103.51,103.51,103.51,100
UNI.TO,20230815,1.62,1.62,1.5,1.57,17900
URB.TO,20230815,4.12,4.12,4.11,4.11,1286
URB.A.TO,20230815,4.05,4.08,3.97,3.99,27363
URC.TO,20230815,3.02,3.02,2.89,2.91,48340
URE.TO,20230815,1.59,1.59,1.5,1.5,41813
USA.TO,20230815,0.5,0.51,0.49,0.495,40412
USCC.TO,20230815,17.37,17.37,17.32,17.33,1210
USCC.U.TO,20230815,12.9,12.9,12.9,12.9,240
USCL.TO,20230815,20.35,20.35,20.2,20.21,39892
UTIL.TO,20230815,20.14,20.14,20.02,20.02,3572
VA.TO,20230815,34.5,34.5,34.38,34.39,2795
VAB.TO,20230815,21.85,21.85,21.76,21.78,46145
VALT.TO,20230815,23.95,24,23.95,24,16500
VBAL.TO,20230815,28.3,28.3,28.1,28.13,65482
VBNK.TO,20230815,11.05,11.2,11.05,11.1,2450
VCB.TO,20230815,22.46,22.48,22.44,22.44,9075
VCE.TO,20230815,43.76,43.76,43.17,43.19,24107
VCIP.TO,20230815,24.18,24.19,24.15,24.15,6377
VCM.TO,20230815,17,17,17,17,6000
VCN.TO,20230815,41.05,41.05,40.43,40.48,66170
VCNS.TO,20230815,25.99,25.99,25.94,25.94,8780
VDU.TO,20230815,38.6,38.6,38.39,38.43,3588
VDY.TO,20230815,41.24,41.24,40.62,40.67,125305
VE.TO,20230815,31.87,31.87,31.7,31.7,555
VEE.TO,20230815,32.68,32.68,32.56,32.6,26645
VEF.TO,20230815,49.44,49.44,49.19,49.2,31105
VEQT.TO,20230815,35.6,35.6,35.29,35.32,93837
VET.TO,20230815,19.22,19.29,18.93,19.09,536554
VFV.TO,20230815,106.82,106.94,106.25,106.38,176700
VGCX.TO,20230815,7.11,7.17,6.95,7.01,190128
VGG.TO,20230815,74.96,74.96,74.43,74.43,10698
VGH.TO,20230815,53.84,53.84,53.48,53.49,4799
VGRO.TO,20230815,30.53,30.53,30.33,30.36,106777
VGV.TO,20230815,21.38,21.38,21.33,21.33,2910
VGZ.TO,20230815,0.65,0.65,0.65,0.65,4800
VHI.TO,20230815,2.76,2.76,2.7,2.7,30200
VI.TO,20230815,34.55,34.55,34.36,34.39,9040
VIDY.TO,20230815,27,27,26.87,26.87,3827
VIU.TO,20230815,30.57,30.57,30.44,30.48,55904
VLB.TO,20230815,20.13,20.21,20.06,20.06,11433
VLE.TO,20230815,2.37,2.37,2.17,2.26,643503
VLN.TO,20230815,10,10.01,9.93,9.95,14382
VNP.TO,20230815,3.81,3.81,3.6,3.69,148300
VOXR.TO,20230815,2.8,2.81,2.72,2.72,4650
VPH.TO,20230815,0.36,0.36,0.36,0.36,1000
VQS.TO,20230815,0.385,0.39,0.35,0.355,155541
VRE.TO,20230815,29.46,29.46,29.27,29.27,2244
VRIF.TO,20230815,23.01,23.06,23,23,6291
VSB.TO,20230815,22.09,22.09,22.07,22.07,27167
VSC.TO,20230815,22.54,22.56,22.52,22.53,11547
VSP.TO,20230815,73.32,73.32,72.78,72.88,35538
VUN.TO,20230815,81.14,81.22,80.75,80.88,76771
VUS.TO,20230815,79.99,79.99,79.05,79.19,8238
VVL.TO,20230815,43.54,43.54,43.18,43.18,2263
VXC.TO,20230815,49.75,49.75,49.45,49.5,10614
VXM.B.TO,20230815,26.16,26.16,26.16,26.16,200
WCN.TO,20230815,188.98,190.08,186.59,186.88,428768
WCP.TO,20230815,10.9,10.91,10.67,10.76,2376439
WDO.TO,20230815,7.4,7.52,7.27,7.33,432997
WEED.TO,20230815,0.53,0.53,0.51,0.53,2061466
WEF.TO,20230815,0.99,1,0.98,0.98,41890
WELL.TO,20230815,4.47,4.5,4.38,4.42,514149
WELL.DB.TO,20230815,93,94,93,93.43,24000
WFC.TO,20230815,19.05,19.08,19.05,19.06,1700
WFG.TO,20230815,103.04,103.86,102.23,102.52,146880
WILD.TO,20230815,1.8,1.84,1.73,1.84,36900
WJX.TO,20230815,28.01,28.52,27.8,27.81,48312
WJX.DB.TO,20230815,101,101,99.01,99.01,18000
WLLW.TO,20230815,0.085,0.085,0.08,0.08,53000
WM.TO,20230815,0.15,0.16,0.145,0.16,1183237
WN.TO,20230815,151.36,153.33,150.54,151.25,147530
WN.PR.A.TO,20230815,22.3,22.34,22.25,22.34,2452
WN.PR.C.TO,20230815,19.55,19.55,19.35,19.35,3150
WN.PR.D.TO,20230815,19.65,19.65,19.32,19.32,5019
WN.PR.E.TO,20230815,17.8,17.87,17.8,17.87,6700
WNDR.TO,20230815,0.17,0.17,0.16,0.16,496020
WPK.TO,20230815,39.64,39.64,39.08,39.17,43900
WPM.TO,20230815,59.16,59.28,57.24,57.29,941233
WPRT.TO,20230815,10.69,10.69,10.44,10.58,15980
WRG.TO,20230815,3.5,3.5,3.44,3.5,29876
WRN.TO,20230815,1.9,1.97,1.87,1.97,79747
WRX.TO,20230815,0.275,0.275,0.275,0.275,4000
WSP.TO,20230815,187.47,187.8,183.15,183.32,173703
WSRD.TO,20230815,26.23,26.28,26.23,26.28,29698
WSRI.TO,20230815,35.88,35.88,35.63,35.63,21514
WTE.TO,20230815,29.74,29.74,28.92,29.16,45008
WXM.TO,20230815,24.29,24.29,24.1,24.1,2589
X.TO,20230815,30.37,30.51,30.1,30.21,287070
XAGH.TO,20230815,32.9,32.9,32.9,32.9,100
XAM.TO,20230815,0.085,0.085,0.085,0.085,10031
XAU.TO,20230815,9.47,9.5,9.41,9.41,2400
XAW.TO,20230815,34.63,34.63,34.45,34.48,18338
XBAL.TO,20230815,25.63,25.63,25.49,25.51,25583
XBB.TO,20230815,26.74,26.76,26.65,26.65,134625
XBM.TO,20230815,19.54,19.54,18.97,19,82858
XCB.TO,20230815,18.72,18.75,18.69,18.73,70398
XCBG.TO,20230815,35.01,35.07,35.01,35.07,400
XCG.TO,20230815,43.27,43.27,42.89,42.89,2784
XCH.TO,20230815,17.69,17.69,17.48,17.49,7630
XCLN.TO,20230815,37.25,37.25,37.25,37.25,111
XCNS.TO,20230815,20.61,20.61,20.61,20.61,317
XCS.TO,20230815,17.87,17.87,17.81,17.81,869
XCSR.TO,20230815,57.57,57.57,57.57,57.57,557
XCV.TO,20230815,32.39,32.39,31.9,31.94,8776
XDG.TO,20230815,23.47,23.48,23.38,23.4,12769
XDG.U.TO,20230815,17.49,17.49,17.49,17.49,283
XDGH.TO,20230815,23.97,23.98,23.93,23.93,3936
XDIV.TO,20230815,24.94,24.94,24.59,24.61,38633
XDU.TO,20230815,26.44,26.46,26.42,26.43,1176
XDUH.TO,20230815,24.5,24.5,24.5,24.5,665
XDV.TO,20230815,27.15,27.15,26.86,26.89,16202
XEB.TO,20230815,15.04,15.05,15,15.01,2335
XEC.TO,20230815,25.29,25.29,25.14,25.21,15213
XEF.TO,20230815,33.29,33.29,33.14,33.17,47638
XEF.U.TO,20230815,24.59,24.59,24.59,24.59,1200
XEG.TO,20230815,16.25,16.33,16.03,16.08,966616
XEH.TO,20230815,29.27,29.27,29.02,29.03,1750
XEI.TO,20230815,24.4,24.4,24.03,24.05,62164
XEM.TO,20230815,29.07,29.12,29.04,29.1,4639
XEN.TO,20230815,30.56,30.56,30.21,30.21,1484
XEQT.TO,20230815,26.53,26.53,26.33,26.36,115467
XESG.TO,20230815,24.3,24.3,24.27,24.27,839
XFH.TO,20230815,27.93,27.93,27.81,27.81,1027
XFLB.TO,20230815,45.99,46.14,45.83,45.83,4500
XFN.TO,20230815,45.45,45.45,44.7,44.82,406169
XFR.TO,20230815,20.18,20.18,20.16,20.16,51279
XGB.TO,20230815,18.43,18.45,18.39,18.39,84714
XGD.TO,20230815,17,17,16.58,16.62,732902
XGI.TO,20230815,44.5,44.5,44.3,44.3,454
XGRO.TO,20230815,24.76,24.76,24.6,24.6,53253
XHAK.TO,20230815,37.51,37.51,37.51,37.51,100
XHB.TO,20230815,18.32,18.32,18.16,18.16,6480
XHC.TO,20230815,67.94,68.02,67.85,67.85,2701
XHD.TO,20230815,30.77,30.8,30.61,30.66,4236
XHU.TO,20230815,28.32,28.32,28.26,28.26,971
XHY.TO,20230815,15.9,15.94,15.87,15.93,6779
XIC.TO,20230815,32.16,32.16,31.7,31.7,225177
XID.TO,20230815,46.1,46.1,46.1,46.1,457
XIG.TO,20230815,19.57,19.57,19.5,19.5,1142
XIGS.TO,20230815,36.42,36.42,36.37,36.37,1000
XIN.TO,20230815,31.59,31.59,31.44,31.45,5465
XINC.TO,20230815,18.67,18.68,18.67,18.67,4347
XIT.TO,20230815,43.79,43.85,43.4,43.4,6879
XIU.TO,20230815,30.65,30.66,30.23,30.26,5320311
XLB.TO,20230815,18.46,18.5,18.36,18.36,24885
XLVE.TO,20230815,9.04,9.04,9.04,9.04,100
XLY.TO,20230815,0.02,0.02,0.015,0.02,8970
XMA.TO,20230815,18.22,18.22,17.73,17.73,5490
XMC.TO,20230815,27.32,27.32,27.13,27.13,6740
XMD.TO,20230815,31.13,31.13,30.89,30.89,502
XMF.PR.C.TO,20230815,1.15,1.15,1.11,1.11,3000
XMH.TO,20230815,24.01,24.01,23.88,23.89,3468
XMI.TO,20230815,34.44,34.44,34.4,34.4,500
XML.TO,20230815,24.3,24.31,24.3,24.3,1000
XMM.TO,20230815,26.39,26.39,26.37,26.37,1300
XMS.TO,20230815,31.69,31.7,31.51,31.51,2489
XMTM.TO,20230815,23.97,23.97,23.97,23.97,100
XMU.TO,20230815,67.87,67.94,67.84,67.84,1308
XMV.TO,20230815,37.32,37.32,37.29,37.3,810
XMW.TO,20230815,46.55,46.64,46.55,46.64,790
XPF.TO,20230815,13.83,13.83,13.67,13.67,2696
XQB.TO,20230815,17.97,17.99,17.93,17.93,3512
XQLT.TO,20230815,30.15,30.15,29.98,29.98,1417
XQQ.TO,20230815,115.9,115.93,114.71,114.95,16458
XRB.TO,20230815,21.33,21.36,21.11,21.11,5637
XRE.TO,20230815,16.12,16.12,15.98,15.98,145832
XSAB.TO,20230815,17.15,17.15,17.15,17.15,2836
XSB.TO,20230815,25.41,25.42,25.4,25.42,20069
XSE.TO,20230815,17.3,17.3,17.29,17.29,1206
XSEA.TO,20230815,22.87,22.88,22.87,22.88,1052
XSEM.TO,20230815,18.34,18.36,18.34,18.36,3100
XSH.TO,20230815,17.79,17.81,17.79,17.79,13643
XSHG.TO,20230815,36.68,36.68,36.68,36.68,100
XSI.TO,20230815,16.44,16.44,16.44,16.44,600
XSMC.TO,20230815,27.23,27.23,27.16,27.21,8320
XSMH.TO,20230815,25.31,25.31,25.26,25.26,500
XSP.TO,20230815,47.19,47.23,46.75,46.85,163416
XST.TO,20230815,84.52,84.52,83.82,83.87,10219
XSTB.TO,20230815,18.64,18.64,18.64,18.64,1570
XSTH.TO,20230815,36.45,36.45,36.38,36.38,1480
XSTP.TO,20230815,39.64,39.65,39.64,39.65,501
XSTP.U.TO,20230815,29.24,29.24,29.24,29.24,1050
XSU.TO,20230815,37.27,37.27,37,37.02,10419
XSUS.TO,20230815,31.98,31.98,31.85,31.86,1738
XTC.TO,20230815,8.19,8.23,8.09,8.13,5759
XTD.TO,20230815,4.02,4.07,3.95,4.07,3864
XTD.PR.A.TO,20230815,9.65,9.69,9.65,9.68,2700
XTG.TO,20230815,0.8,0.8,0.8,0.8,2000
XTLH.TO,20230815,36.11,36.11,35.98,35.98,868
XTLT.TO,20230815,36.37,36.37,36.37,36.37,100
XTR.TO,20230815,10.18,10.18,10.12,10.12,3622
XTRA.TO,20230815,0.8,0.8,0.77,0.77,92327
XUH.TO,20230815,37.39,37.39,37.26,37.26,617
XUS.TO,20230815,74.6,74.69,74.24,74.36,155868
XUS.U.TO,20230815,56.24,56.24,55.77,55.83,7200
XUSR.TO,20230815,62.38,62.38,62.21,62.23,1164
XUT.TO,20230815,26.14,26.14,25.81,25.85,128722
XUU.TO,20230815,44.74,44.74,44.47,44.53,16161
XVLU.TO,20230815,23.9,23.92,23.87,23.87,7100
XWD.TO,20230815,72.6,72.64,72.2,72.32,11382
Y.TO,20230815,12.91,12.91,12.64,12.64,467
YGR.TO,20230815,1.82,1.82,1.79,1.79,47171
YRB.TO,20230815,0.035,0.035,0.035,0.035,4824
ZACE.TO,20230815,33.08,33.08,33.08,33.08,100
ZAG.TO,20230815,13.14,13.16,13.11,13.12,119385
ZBAL.TO,20230815,34.26,34.26,33.96,33.96,2046
ZBBB.TO,20230815,26.52,26.52,26.52,26.52,100
ZBK.TO,20230815,23.33,23.33,22.96,23,24994
ZCB.TO,20230815,44.13,44.13,44.07,44.07,203
ZCH.TO,20230815,14.8,14.88,14.63,14.69,26091
ZCLN.TO,20230815,17.64,17.64,17.26,17.26,1371
ZCM.TO,20230815,14.25,14.25,14.19,14.19,12992
ZCN.TO,20230815,27.04,27.04,26.69,26.7,49661
ZCON.TO,20230815,31.05,31.05,31.05,31.05,467
ZCPB.TO,20230815,26.35,26.35,26.35,26.35,2000
ZCS.TO,20230815,12.95,12.96,12.94,12.94,7155
ZCS.L.TO,20230815,21.8,21.8,21.8,21.8,700
ZDB.TO,20230815,14.07,14.07,14.06,14.06,3377
ZDH.TO,20230815,24.41,24.41,24.25,24.25,5450
ZDI.TO,20230815,21.64,21.64,21.42,21.43,14867
ZDJ.TO,20230815,55.11,55.11,54.8,54.86,1967
ZDM.TO,20230815,25.96,25.96,25.82,25.84,24697
ZDV.TO,20230815,18.95,18.95,18.67,18.68,44183
ZDY.TO,20230815,37.09,37.09,37,37.01,81925
ZEA.TO,20230815,20.32,20.35,20.27,20.32,23550
ZEB.TO,20230815,33.6,33.63,33.1,33.19,2600557
ZEF.TO,20230815,11.76,11.96,11.76,11.88,45800
ZEM.TO,20230815,19.11,19.12,19.02,19.12,10111
ZEO.TO,20230815,63.04,63.04,62.27,62.28,6544
ZEQ.TO,20230815,28.32,28.32,28.14,28.14,2642
ZEQT.TO,20230815,40.7,40.7,40.4,40.4,1135
ZESG.TO,20230815,31.59,31.59,31.59,31.59,658
ZFH.TO,20230815,14.19,14.19,14.17,14.17,16460
ZFL.TO,20230815,12.55,12.57,12.47,12.47,118814
ZFM.TO,20230815,13.83,13.85,13.82,13.82,21372
ZFN.TO,20230815,40.39,40.39,40.39,40.39,215
ZFS.TO,20230815,13.12,13.12,13.11,13.11,300
ZGB.TO,20230815,43.4,43.49,43.34,43.34,3400
ZGI.TO,20230815,41.2,41.2,41,41.02,798
ZGQ.TO,20230815,51.8,51.85,51.8,51.8,1536
ZGRO.TO,20230815,37.39,37.39,37.08,37.08,5149
ZGRO.T.TO,20230815,30.11,30.11,30.1,30.1,263
ZGSB.TO,20230815,25.34,25.34,25.32,25.32,1100
ZHY.TO,20230815,10.78,10.8,10.77,10.79,3953
ZIC.TO,20230815,16.67,17.18,16.66,16.71,115778
ZID.TO,20230815,39.2,39.27,39.2,39.27,4101
ZIN.TO,20230815,36.17,36.17,36.17,36.17,225
ZJG.TO,20230815,64.27,64.27,62.65,62.65,794
ZJK.TO,20230815,17.19,17.19,17.17,17.17,702
ZJPN.TO,20230815,29.9,29.9,29.88,29.88,428
ZLB.TO,20230815,40.67,40.67,40.31,40.32,37523
ZLC.TO,20230815,14.4,14.41,14.3,14.34,17712
ZLD.TO,20230815,25.05,25.05,25.05,25.05,129
ZLE.TO,20230815,17.29,17.3,17.29,17.29,6000
ZLH.TO,20230815,31.09,31.09,31.09,31.09,222
ZLI.TO,20230815,23.09,23.09,23.09,23.09,1000
ZLU.TO,20230815,46.81,46.81,46.65,46.65,18099
ZMI.TO,20230815,15.7,15.7,15.61,15.61,9015
ZMID.TO,20230815,38.22,38.22,38.16,38.16,1702
ZMMK.TO,20230815,50,50.01,49.99,50,35523
ZMP.TO,20230815,13.05,13.05,13.03,13.03,10400
ZMSB.TO,20230815,27.59,27.59,27.59,27.59,800
ZMT.TO,20230815,54.3,54.3,54.3,54.3,156
ZMU.TO,20230815,12.27,12.28,11.9,12.25,215151
ZNQ.TO,20230815,65.87,65.9,65.77,65.78,2522
ZPAY.TO,20230815,29.97,30.01,29.96,29.96,7419
ZPAY.F.TO,20230815,28.25,28.25,28.25,28.25,103
ZPAY.U.TO,20230815,29,29.02,28.97,28.97,3000
ZPH.TO,20230815,14.78,14.79,14.77,14.77,1922
ZPL.TO,20230815,11.98,12.01,11.91,11.94,29711
ZPR.TO,20230815,8.82,8.84,8.8,8.81,80546
ZPS.TO,20230815,11.77,11.77,11.76,11.76,4900
ZPW.TO,20230815,15.29,15.29,15.29,15.29,200
ZPW.U.TO,20230815,15.3,15.3,15.3,15.3,540
ZQQ.TO,20230815,107.4,107.62,106.4,106.6,11884
ZRE.TO,20230815,20.96,20.98,20.84,20.84,6541
ZRR.TO,20230815,13.9,13.9,13.85,13.85,2172
ZSB.TO,20230815,45.94,45.94,45.94,45.94,13024
ZSDB.TO,20230815,28.42,28.42,28.41,28.41,1300
ZSML.F.TO,20230815,33.53,33.53,33.53,33.53,100
ZSP.TO,20230815,65.87,65.94,65.52,65.59,626295
ZSP.U.TO,20230815,48.8,48.87,48.58,48.66,3901
ZST.TO,20230815,48.66,48.66,48.63,48.63,18149
ZST.L.TO,20230815,56.15,56.17,56.15,56.17,3204
ZTIP.F.TO,20230815,28.4,28.4,28.33,28.33,1000
ZUAG.F.TO,20230815,28.95,28.95,28.87,28.87,800
ZUB.TO,20230815,21.94,21.94,21.57,21.6,26845
ZUD.TO,20230815,26.23,26.23,26.18,26.18,400
ZUE.TO,20230815,62.74,62.74,62.14,62.2,8184
ZUGE.TO,20230815,15.23,15.23,15.23,15.23,100
ZUH.TO,20230815,69.51,69.51,69.25,69.25,1436
ZUP.U.TO,20230815,18.28,18.28,18.28,18.28,100
ZUQ.TO,20230815,62.63,62.85,62.63,62.7,1430
ZUQ.F.TO,20230815,40.06,40.06,40.04,40.04,1638
ZUQ.U.TO,20230815,41.2,41.2,41.2,41.2,100
ZUS.U.TO,20230815,46.7,46.7,46.7,46.7,1000
ZUT.TO,20230815,21.24,21.24,21.05,21.12,20505
ZVC.TO,20230815,25.57,25.57,25.57,25.57,658
ZWA.TO,20230815,24.39,24.41,24.33,24.33,3220
ZWB.TO,20230815,17.73,17.73,17.42,17.47,343205
ZWB.U.TO,20230815,22.29,22.29,22.15,22.17,5101
ZWC.TO,20230815,16.8,16.8,16.55,16.64,134691
ZWE.TO,20230815,19.47,19.47,19.34,19.34,6933
ZWEN.TO,20230815,28.9,28.9,28.64,28.64,3125
ZWG.TO,20230815,28.8,28.81,28.64,28.7,6144
ZWH.TO,20230815,22,22.04,21.98,21.99,19180
ZWH.U.TO,20230815,22.51,22.51,22.45,22.45,2701
ZWHC.TO,20230815,29.23,29.23,29.23,29.23,100
ZWK.TO,20230815,18.23,18.23,17.95,18,107734
ZWP.TO,20230815,17.16,17.16,16.99,16.99,3731
ZWQT.TO,20230815,15.27,15.27,15.27,15.27,2478
ZWS.TO,20230815,19.58,19.58,19.54,19.54,2770
ZWT.TO,20230815,33.25,33.29,33.08,33.22,1250
ZWU.TO,20230815,10.37,10.38,10.28,10.29,254636
ZXM.TO,20230815,35.13,35.13,35.13,35.13,220
ZZZ.TO,20230815,24,24.92,24,24.57,91695
