<ticker>,<date>,<open>,<high>,<low>,<close>,<vol>
AAUC.TO,20231205,3.51,3.96,3.49,3.9,1568509
AAV.TO,20231205,9.1,9.24,8.9,8.93,289171
ABX.TO,20231205,23.58,23.8,23.41,23.68,3520535
AC.TO,20231205,17.68,17.81,17.51,17.53,2908658
ACB.TO,20231205,0.7,0.72,0.64,0.65,2380148
ACD.TO,20231205,4.09,4.1,4.09,4.1,1200
ACO.X.TO,20231205,37.61,37.87,37.55,37.58,172651
ACO.Y.TO,20231205,38.83,38.85,38.83,38.85,200
ACQ.TO,20231205,18.26,18.61,18.1,18.15,50907
AD.DB.TO,20231205,98.1,98.1,97.45,97.6,126000
AD.DB.A.TO,20231205,94.25,94.35,94.25,94.35,9000
AD.UN.TO,20231205,15.55,15.68,15.52,15.61,44066
ADEN.TO,20231205,26.01,26.22,25.4,25.63,11423
ADN.TO,20231205,16.6,16.67,16.6,16.6,3963
ADW.A.TO,20231205,4.46,4.49,4.41,4.49,24012
AEG.TO,20231205,0.28,0.28,0.28,0.28,1000
AEM.TO,20231205,72.13,72.41,71.08,71.92,2526667
AEZS.TO,20231205,2.77,2.92,2.77,2.92,728
AFN.TO,20231205,50.4,51.22,50.25,50.78,36105
AFN.DB.F.TO,20231205,98.99,98.99,98.99,98.99,3000
AFN.DB.G.TO,20231205,97.89,97.89,97.5,97.5,2000
AFN.DB.H.TO,20231205,96.9,96.9,95,95,20000
AFN.DB.I.TO,20231205,125.49,125.49,125.49,125.49,48000
AGF.B.TO,20231205,7.67,7.67,7.46,7.49,187947
AGI.TO,20231205,19.54,19.86,19.27,19.37,681893
AI.TO,20231205,10.34,10.35,10.24,10.24,34583
AI.DB.C.TO,20231205,96.62,96.62,96.62,96.62,5000
AI.DB.D.TO,20231205,96,96,96,96,31000
AI.DB.E.TO,20231205,96.5,96.5,96.5,96.5,8000
AIDX.TO,20231205,0.96,0.96,0.87,0.88,258702
AIF.TO,20231205,39.69,39.79,38.98,39.24,58709
AII.TO,20231205,0.53,0.57,0.52,0.54,68453
AIM.TO,20231205,3.01,3.03,2.92,2.94,24665
AIM.PR.A.TO,20231205,16,16,16,16,700
AKT.A.TO,20231205,1.41,1.41,1.37,1.37,52305
ALA.TO,20231205,27.28,27.66,27.19,27.32,351348
ALA.PR.A.TO,20231205,16.58,16.6,16.48,16.59,4406
ALA.PR.B.TO,20231205,18.85,18.85,18.85,18.85,600
ALA.PR.G.TO,20231205,21.67,21.78,21.3,21.46,11117
ALA.PR.H.TO,20231205,22.25,22.25,22.25,22.25,300
ALC.TO,20231205,15.13,15.21,15.08,15.15,6386
ALC.DB.A.TO,20231205,104.35,104.35,104.14,104.14,40000
ALS.TO,20231205,18.83,19.11,18.79,18.79,61553
ALYA.TO,20231205,1.52,1.52,1.45,1.48,23702
AMC.TO,20231205,2.25,2.29,2.21,2.23,289421
AMM.TO,20231205,0.19,0.19,0.185,0.19,3500
AND.TO,20231205,39.74,39.81,39.34,39.52,8245
AOI.TO,20231205,2.53,2.54,2.5,2.51,340363
AOT.TO,20231205,0.51,0.52,0.49,0.49,309246
AP.UN.TO,20231205,18.64,18.99,18.6,18.62,381343
APLI.TO,20231205,0.03,0.035,0.03,0.035,330800
APR.UN.TO,20231205,10.44,10.56,10.31,10.52,26898
APS.TO,20231205,3.3,3.33,3.19,3.25,2682
AQN.TO,20231205,8.58,8.62,8.37,8.4,2466808
AQN.PR.A.TO,20231205,20.47,20.47,20.32,20.32,5600
AQN.PR.D.TO,20231205,20.8,20.98,20.7,20.7,5184
AR.TO,20231205,0.39,0.395,0.38,0.39,2681564
ARA.TO,20231205,0.415,0.42,0.4,0.42,196400
ARB.TO,20231205,25.91,25.91,25.91,25.91,100
ARE.TO,20231205,11.67,11.8,11.63,11.79,146653
ARG.TO,20231205,1.3,1.31,1.27,1.28,180800
ARIS.TO,20231205,4.27,4.43,4.24,4.3,366185
ARIS.WT.A.TO,20231205,0.24,0.24,0.24,0.24,4500
ARKG.TO,20231205,12.5,12.5,12.5,12.5,409
ARKK.TO,20231205,19.25,19.36,19.02,19.18,16977
ARKW.TO,20231205,22.52,22.72,22.41,22.64,7854
ARR.TO,20231205,7.2,7.34,7.2,7.34,23757
ARX.TO,20231205,21.42,21.59,20.97,20.98,1899275
ASCU.TO,20231205,1.5,1.55,1.47,1.47,114826
ASM.TO,20231205,0.73,0.73,0.68,0.69,63078
ASND.TO,20231205,0.095,0.095,0.095,0.095,84722
ASTL.TO,20231205,11.61,11.69,11.34,11.36,74014
ASTL.WT.TO,20231205,1.62,1.62,1.6,1.6,2400
ATCU.TO,20231205,0.43,0.44,0.36,0.4,17575
ATD.TO,20231205,78.12,78.81,77.17,77.52,1681163
ATH.TO,20231205,3.59,3.64,3.46,3.47,5624603
ATRL.TO,20231205,41.9,42.33,41.38,41.78,355353
ATS.TO,20231205,54.46,54.57,52.75,53.03,129521
ATZ.TO,20231205,25.45,26.25,24.29,24.32,505189
AUMN.TO,20231205,0.77,0.77,0.69,0.71,65577
AVCN.TO,20231205,0.495,0.495,0.45,0.455,139740
AVL.TO,20231205,0.1,0.105,0.1,0.105,242750
AVNT.TO,20231205,0.15,0.15,0.135,0.14,237434
AW.UN.TO,20231205,31.19,31.25,30.7,30.76,19644
AX.PR.E.TO,20231205,16.2,16.2,16,16,2900
AX.PR.I.TO,20231205,15.78,15.81,15.6,15.6,14900
AX.UN.TO,20231205,6.35,6.43,6.35,6.42,563922
AXIS.TO,20231205,0.08,0.08,0.08,0.08,3501
AYA.TO,20231205,10.26,10.28,9.99,10.16,266485
BABY.TO,20231205,0.335,0.375,0.32,0.33,424743
BABY.WT.A.TO,20231205,0.115,0.115,0.115,0.115,4000
BAM.TO,20231205,47.8,48.01,47.47,47.83,969374
BANK.TO,20231205,7.14,7.14,7.02,7.06,21463
BASE.B.TO,20231205,26.03,26.03,26.03,26.03,203
BB.TO,20231205,5.16,5.42,5.14,5.36,950874
BBD.A.TO,20231205,48,48.42,47.73,47.73,1767
BBD.B.TO,20231205,47.8,48.5,47.62,47.63,195354
BBD.PR.B.TO,20231205,16.34,16.5,16.34,16.5,3626
BBD.PR.C.TO,20231205,17.45,17.54,17.45,17.54,2043
BBU.UN.TO,20231205,22.75,23.12,22.75,22.81,31617
BBUC.TO,20231205,26.23,26.53,25.86,26.12,18766
BCE.TO,20231205,54.94,55.42,54.86,55,2137678
BCE.PR.A.TO,20231205,15.55,15.68,15.45,15.59,17401
BCE.PR.B.TO,20231205,17.78,18.2,17.78,18.12,93999
BCE.PR.C.TO,20231205,16.24,16.37,16.24,16.24,29395
BCE.PR.D.TO,20231205,18.18,18.18,18,18,1500
BCE.PR.E.TO,20231205,17.82,17.97,17.82,17.97,1938
BCE.PR.F.TO,20231205,16.1,16.25,15.91,15.91,4025
BCE.PR.G.TO,20231205,14.98,15.02,14.98,15.02,2394
BCE.PR.H.TO,20231205,18.05,18.05,17.9,17.9,37900
BCE.PR.I.TO,20231205,14.78,14.78,14.78,14.78,1594
BCE.PR.J.TO,20231205,17.97,17.97,17.95,17.95,800
BCE.PR.K.TO,20231205,14.17,14.17,13.94,14.17,20787
BCE.PR.L.TO,20231205,15.31,15.31,15.31,15.31,200
BCE.PR.M.TO,20231205,14.54,14.56,14.3,14.56,34219
BCE.PR.Q.TO,20231205,21.19,21.24,21.1,21.18,5917
BCE.PR.R.TO,20231205,15.16,15.46,15.16,15.29,1500
BCE.PR.T.TO,20231205,16.47,16.71,16.47,16.56,6347
BCE.PR.Y.TO,20231205,17.94,17.94,17.91,17.91,1601
BCE.PR.Z.TO,20231205,16.67,16.68,16.65,16.65,1200
BCT.TO,20231205,7.2,7.26,7.13,7.13,1923
BDGI.TO,20231205,40.75,41.18,40.61,40.91,141901
BDI.TO,20231205,8.29,8.53,8.28,8.42,35773
BDIV.TO,20231205,18.16,18.16,18.16,18.16,203
BDT.TO,20231205,12.13,12.2,11.96,12,62232
BEI.UN.TO,20231205,68.59,69.73,68.56,69.64,145188
BEP.PR.G.TO,20231205,20.25,20.38,20.1,20.38,25471
BEP.PR.M.TO,20231205,18.44,18.46,18.33,18.33,5395
BEP.PR.R.TO,20231205,17.07,17.37,17.03,17.15,32755
BEP.UN.TO,20231205,34.43,34.75,33.75,33.75,229092
BEPC.TO,20231205,37.07,37.29,36.21,36.37,239455
BEPR.TO,20231205,8.48,8.48,8.48,8.48,400
BESG.TO,20231205,15.55,15.65,15.55,15.65,1695
BGC.TO,20231205,29.67,29.67,29.67,29.67,100
BGI.UN.TO,20231205,4.11,4.11,4.06,4.07,13854
BGU.TO,20231205,38.2,38.28,38.2,38.28,525
BHC.TO,20231205,10.03,10.18,9.67,9.68,294372
BIK.PR.A.TO,20231205,23.2,23.2,23.1,23.15,5795
BIP.PR.A.TO,20231205,16.84,16.86,16.84,16.86,2714
BIP.PR.B.TO,20231205,20.8,21.1,20.78,21.01,79064
BIP.PR.E.TO,20231205,20.29,20.29,20.2,20.24,3100
BIP.PR.F.TO,20231205,19.7,20.02,19.52,19.52,9609
BIP.UN.TO,20231205,36.93,37.59,36.31,36.65,570864
BIPC.TO,20231205,44.62,44.66,42.93,43.14,297104
BIR.TO,20231205,6.55,6.59,6.47,6.48,1570476
BITF.TO,20231205,2.4,2.79,2.36,2.66,10639360
BITI.TO,20231205,8.2,8.2,7.82,7.87,393684
BITI.U.TO,20231205,6.04,6.04,5.8,5.8,3204
BK.TO,20231205,9.79,9.81,9.75,9.79,55307
BK.PR.A.TO,20231205,9.85,9.85,9.83,9.84,30794
BKCC.TO,20231205,13.44,13.51,13.44,13.5,6593
BKCL.TO,20231205,17.84,17.99,17.84,17.96,10556
BKI.TO,20231205,0.06,0.065,0.06,0.06,335001
BLB.UN.TO,20231205,7.21,7.21,7.21,7.21,2400
BLCO.TO,20231205,21.49,21.56,20.61,20.61,1350
BLDP.TO,20231205,5.12,5.13,4.95,4.98,375872
BLN.TO,20231205,3.8,3.84,3.78,3.84,7401
BLX.TO,20231205,31.84,31.99,30.87,31.2,465391
BMAX.TO,20231205,12.14,12.26,12.14,12.26,1968
BMO.TO,20231205,114,116.09,113.92,115.76,2993561
BMO.PR.E.TO,20231205,24.13,24.16,24.02,24.05,121393
BMO.PR.T.TO,20231205,18.5,18.62,18.44,18.44,25359
BMO.PR.W.TO,20231205,18.16,18.47,18.15,18.4,7262
BMO.PR.Y.TO,20231205,18.83,18.83,18.83,18.83,1135
BN.TO,20231205,48.66,49.02,48.17,48.33,1419349
BN.PF.A.TO,20231205,20.13,20.28,20.13,20.22,3472
BN.PF.B.TO,20231205,17.78,17.88,17.66,17.68,7493
BN.PF.C.TO,20231205,17.15,17.22,17.15,17.15,850
BN.PF.D.TO,20231205,17.3,17.4,17.3,17.4,4600
BN.PF.E.TO,20231205,15.48,15.48,15.47,15.47,1730
BN.PF.F.TO,20231205,17.47,17.5,17.25,17.25,5271
BN.PF.G.TO,20231205,16.09,16.45,16.08,16.45,12496
BN.PF.H.TO,20231205,20.49,20.56,20.3,20.55,11181
BN.PF.I.TO,20231205,19.38,19.63,19.38,19.58,8976
BN.PF.J.TO,20231205,19.5,19.55,19.25,19.25,6973
BN.PF.K.TO,20231205,14.76,14.76,14.76,14.76,500
BN.PR.B.TO,20231205,11.1,11.2,11.05,11.05,36277
BN.PR.C.TO,20231205,11.22,11.22,10.92,10.92,14170
BN.PR.K.TO,20231205,10.99,11.02,10.99,10.99,14757
BN.PR.M.TO,20231205,17.16,17.16,17.04,17.08,2703
BN.PR.N.TO,20231205,17,17,16.93,16.93,1879
BN.PR.R.TO,20231205,13.88,13.88,13.85,13.85,1906
BN.PR.T.TO,20231205,14.16,14.25,14.16,14.25,650
BN.PR.X.TO,20231205,14.48,14.48,14.32,14.36,6787
BN.PR.Z.TO,20231205,18.23,18.26,18.1,18.13,4050
BNC.TO,20231205,23.66,23.69,23.64,23.69,400
BND.TO,20231205,17.17,17.18,17.16,17.18,6218
BNE.TO,20231205,5.59,5.74,5.53,5.62,44576
BNG.TO,20231205,0.025,0.025,0.025,0.025,22065
BNK.TO,20231205,9.75,10.18,9.75,10.18,914
BNRE.TO,20231205,48.85,48.97,48.22,48.22,11367
BNRE.A.TO,20231205,48.8,48.8,48.37,48.66,3920
BNS.TO,20231205,60.5,60.6,59.83,60.26,5786739
BOND.TO,20231205,21.68,21.68,21.68,21.68,160
BOS.TO,20231205,3.81,3.93,3.78,3.8,42726
BPF.UN.TO,20231205,15.72,15.84,15.67,15.67,24916
BPO.PR.A.TO,20231205,10.1,10.11,9.81,9.81,13699
BPO.PR.C.TO,20231205,13.15,13.88,13.15,13.7,10614
BPO.PR.E.TO,20231205,11.09,11.25,11.05,11.2,15600
BPO.PR.G.TO,20231205,12.02,12.25,12,12.01,11283
BPO.PR.I.TO,20231205,11.99,12.14,11.85,12.06,4952
BPO.PR.N.TO,20231205,8.8,8.8,8.3,8.3,19780
BPO.PR.P.TO,20231205,8.99,8.99,8.52,8.52,12787
BPO.PR.R.TO,20231205,9.12,9.15,8.86,8.88,6487
BPO.PR.T.TO,20231205,12.9,13,12.8,12.8,17862
BPO.PR.X.TO,20231205,8,8,8,8,1400
BPO.PR.Y.TO,20231205,8.05,8.05,7.85,7.85,1600
BPRF.TO,20231205,21.4,21.4,21.4,21.4,100
BPS.PR.B.TO,20231205,24.82,24.82,24.75,24.75,3000
BPS.PR.U.TO,20231205,24.81,24.81,24.8,24.8,2000
BPYP.PR.A.TO,20231205,17.2,17.28,17.03,17.23,8990
BR.TO,20231205,1.6,1.6,1.52,1.52,2405
BRAG.TO,20231205,7,7.44,7,7.35,19483
BRE.TO,20231205,12,12,11.83,11.88,8190
BREA.TO,20231205,22.51,22.54,22.5,22.5,1500
BRF.PR.A.TO,20231205,15.03,15.1,14.95,14.95,1401
BRF.PR.B.TO,20231205,16.05,16.1,16.05,16.1,600
BRF.PR.C.TO,20231205,16.74,16.82,16.58,16.6,1302
BRF.PR.F.TO,20231205,15.83,15.94,15.8,15.94,5040
BRMI.TO,20231205,1.41,1.41,1.41,1.41,2500
BSKT.TO,20231205,8.44,8.46,8.44,8.46,1100
BSX.TO,20231205,0.055,0.055,0.055,0.055,14000
BTB.UN.TO,20231205,2.89,2.92,2.89,2.9,39151
BTCC.TO,20231205,8.02,8.41,8.02,8.37,596764
BTCC.B.TO,20231205,8.2,8.62,8.19,8.58,1286428
BTCC.J.TO,20231205,7.44,7.6,7.44,7.6,515
BTCC.U.TO,20231205,7.68,8.04,7.68,8.02,541897
BTCQ.TO,20231205,9.27,9.68,9.24,9.64,68528
BTCQ.U.TO,20231205,6.94,7.05,6.94,7.05,7322
BTCX.B.TO,20231205,8.45,8.88,8.45,8.86,1109338
BTCX.U.TO,20231205,7.9,8.26,7.9,8.23,179002
BTCY.TO,20231205,4.82,5.01,4.82,4.98,36816
BTCY.B.TO,20231205,5.48,5.69,5.48,5.67,17424
BTCY.U.TO,20231205,4.69,4.79,4.65,4.78,3449
BTE.TO,20231205,4.88,4.94,4.73,4.73,5118298
BTO.TO,20231205,4.38,4.43,4.33,4.34,2666834
BU.TO,20231205,0.125,0.13,0.12,0.13,24700
BUI.TO,20231205,2.35,2.4,2.35,2.4,1800
BXF.TO,20231205,9.9,9.9,9.9,9.9,763
BYD.TO,20231205,261.23,261.59,258.78,260,39307
BYL.TO,20231205,0.18,0.18,0.17,0.17,57500
CACB.TO,20231205,19.22,19.22,19.22,19.22,19300
CAE.TO,20231205,27.65,27.99,27.38,27.42,525116
CAFR.TO,20231205,19.73,19.73,19.73,19.73,4900
CALL.TO,20231205,10.96,10.96,10.84,10.85,32119
CAR.UN.TO,20231205,47.51,48.75,47.51,48.7,357187
CARB.TO,20231205,7.7,7.71,7.54,7.54,3909
CARS.TO,20231205,22.14,22.25,21.96,21.96,609
CARS.B.TO,20231205,25.32,25.32,25.11,25.11,600
CAS.TO,20231205,12.77,12.85,12.67,12.69,137322
CASH.TO,20231205,50.03,50.04,50.03,50.03,75254
CBH.TO,20231205,17.11,17.14,17.11,17.14,1900
CBIL.TO,20231205,50.01,50.01,50,50,44113
CBND.TO,20231205,8.76,8.76,8.76,8.76,131
CBNK.TO,20231205,6.64,6.71,6.64,6.69,10010
CBO.TO,20231205,17.52,17.53,17.51,17.53,42944
CCA.TO,20231205,55.57,56.68,55.18,56.02,176893
CCEI.TO,20231205,22.04,22.04,22,22,66100
CCL.A.TO,20231205,57.11,57.5,57.11,57.5,476
CCL.B.TO,20231205,56.93,56.93,55.75,55.92,359868
CCM.TO,20231205,0.21,0.22,0.21,0.22,19500
CCO.TO,20231205,62.35,62.52,61.46,62.15,1081371
CCOM.TO,20231205,19.58,19.58,19.53,19.56,2230
CCRE.TO,20231205,17.64,17.65,17.61,17.61,6700
CCS.PR.C.TO,20231205,18.3,18.36,18.18,18.35,9300
CDIV.TO,20231205,12.7,12.75,12.7,12.71,18805
CDR.TO,20231205,1.48,1.48,1.32,1.33,15608
CDZ.TO,20231205,29.71,29.86,29.67,29.74,22033
CEE.TO,20231205,1.67,1.67,1.65,1.65,9300
CEF.TO,20231205,25.68,25.71,25.53,25.61,4768
CEF.U.TO,20231205,18.98,18.98,18.83,18.85,1600
CEMI.TO,20231205,16.86,16.86,16.86,16.86,100
CET.TO,20231205,0.71,0.73,0.71,0.71,142500
CEU.TO,20231205,3.41,3.48,3.37,3.38,223110
CEW.TO,20231205,15.75,15.85,15.74,15.83,8029
CF.TO,20231205,6.83,6.99,6.81,6.97,85943
CF.PR.A.TO,20231205,11.75,11.85,11.33,11.33,4050
CF.PR.C.TO,20231205,16.76,16.85,16.75,16.85,3900
CFF.TO,20231205,0.6,0.6,0.59,0.59,37186
CFLX.TO,20231205,16.77,16.77,16.77,16.77,2200
CFP.TO,20231205,17.03,17.08,16.66,16.67,182085
CFW.TO,20231205,4.46,4.47,4.39,4.4,34339
CFX.TO,20231205,1.46,1.5,1.41,1.42,20847
CG.TO,20231205,8.08,8.14,7.92,7.97,276751
CGBI.TO,20231205,17.34,17.34,17.34,17.34,700
CGG.TO,20231205,5.69,5.69,5.53,5.53,4620
CGHY.TO,20231205,9.71,9.73,9.71,9.73,300
CGI.TO,20231205,34.25,34.58,34.25,34.58,469
CGIN.TO,20231205,20.25,20.32,20.25,20.32,1200
CGL.TO,20231205,16.23,16.23,16.12,16.16,59176
CGL.C.TO,20231205,23.3,23.3,23.17,23.23,11684
CGLO.TO,20231205,25,25.03,25,25.03,1702
CGO.TO,20231205,50.6,51.4,50.4,50.92,35294
CGR.TO,20231205,27.32,27.43,27.32,27.43,1231
CGRE.TO,20231205,20.3,20.3,20.3,20.3,600
CGX.TO,20231205,8.21,8.39,8.2,8.25,298279
CGX.DB.B.TO,20231205,99.25,99.25,99.25,99.25,50000
CGXF.TO,20231205,10.16,10.17,9.99,10.06,10190
CGXF.U.TO,20231205,7.76,7.76,7.72,7.72,2900
CGY.TO,20231205,55.01,56.93,54.99,56.6,11040
CHE.DB.E.TO,20231205,97.9,98,97,97,56000
CHE.DB.G.TO,20231205,100.5,100.5,100.5,100.5,9000
CHE.DB.H.TO,20231205,97.52,97.52,96,96,88999
CHE.UN.TO,20231205,8.66,8.7,8.52,8.52,160492
CHNA.B.TO,20231205,19.41,19.41,19.41,19.41,1002
CHP.UN.TO,20231205,13.47,13.53,13.35,13.44,222146
CHPS.TO,20231205,28.25,28.38,28.22,28.37,4654
CHR.TO,20231205,2.2,2.21,2.13,2.15,227605
CHR.DB.A.TO,20231205,94.11,94.11,94.11,94.11,25000
CHR.DB.B.TO,20231205,90.25,90.25,90.01,90.01,15000
CHR.DB.C.TO,20231205,81.01,81.01,81.01,81.01,5000
CHW.TO,20231205,7.01,7.28,6.99,7.22,23816
CIA.TO,20231205,6.82,6.93,6.78,6.78,398819
CIBR.TO,20231205,39.77,39.86,39.77,39.86,284
CIC.TO,20231205,10.13,10.2,10.13,10.2,10705
CIEI.TO,20231205,21.06,21.07,21.06,21.07,3000
CIF.TO,20231205,36.46,36.52,36.39,36.48,7968
CIGI.TO,20231205,143.55,145.17,143.39,144,48804
CINT.TO,20231205,21.35,21.37,21.34,21.37,3872
CINV.TO,20231205,17.35,17.35,17.35,17.35,100
CIU.PR.A.TO,20231205,17.02,17.04,17.01,17.01,2300
CIU.PR.C.TO,20231205,12.6,12.6,12.6,12.6,500
CIX.TO,20231205,14.35,14.36,14.15,14.35,620256
CJ.TO,20231205,6.46,6.54,6.35,6.35,764214
CJR.B.TO,20231205,0.62,0.63,0.61,0.62,394720
CJT.TO,20231205,102.41,104.95,102.41,102.98,85504
CJT.DB.E.TO,20231205,97,97,97,97,20000
CJT.DB.F.TO,20231205,92.52,93.45,92.52,93.1,134000
CKI.TO,20231205,13.51,13.51,13.5,13.5,7000
CLF.TO,20231205,16.83,16.83,16.81,16.83,3089
CLG.TO,20231205,16.75,16.77,16.75,16.75,26700
CLS.TO,20231205,36.1,37.04,35.87,36.86,369416
CM.TO,20231205,56.8,57.51,56.68,57.49,4232603
CM.PR.O.TO,20231205,18.52,18.81,18.52,18.57,5066
CM.PR.P.TO,20231205,18.25,18.62,18.11,18.62,7161
CM.PR.Q.TO,20231205,18.5,18.5,18.22,18.48,1694
CM.PR.S.TO,20231205,20.92,20.92,20.92,20.92,1300
CM.PR.Y.TO,20231205,24.45,24.45,24.41,24.41,31700
CMAG.TO,20231205,26.38,26.53,26.38,26.53,4150
CMCX.B.TO,20231205,10.02,10.5,10.02,10.5,500
CMDO.TO,20231205,19.11,19.15,19.08,19.1,32885
CMDO.U.TO,20231205,19.24,19.25,19.24,19.25,2000
CMEY.U.TO,20231205,19.54,19.54,19.54,19.54,100
CMG.TO,20231205,10.3,10.39,10.18,10.39,146364
CMGG.U.TO,20231205,21.64,21.64,21.64,21.64,400
CMNY.TO,20231205,50.06,50.08,50.06,50.08,600
CMR.TO,20231205,50.09,50.1,50.09,50.1,24833
CNCC.TO,20231205,11.79,11.8,11.78,11.79,3512
CNCL.TO,20231205,19.08,19.11,19.08,19.09,2461
CNE.TO,20231205,6.9,6.9,6.77,6.85,29560
CNL.TO,20231205,4.17,4.25,4.17,4.21,30882
CNQ.TO,20231205,90.21,91.17,90.21,90.22,14215030
CNR.TO,20231205,160.08,160.46,159.07,159.29,1572915
COG.TO,20231205,0.25,0.33,0.25,0.31,11000
COMM.TO,20231205,29.32,29.32,29.32,29.32,617
COPP.TO,20231205,24.59,24.59,24.14,24.14,1306
COW.TO,20231205,60.26,60.46,60.24,60.35,1064
CP.TO,20231205,100.79,101,99.85,99.87,952054
CPD.TO,20231205,10.73,10.73,10.68,10.7,60033
CPH.TO,20231205,6.4,6.55,6.35,6.48,47866
CPLF.TO,20231205,5.92,5.92,5.64,5.66,6315
CPX.TO,20231205,37.76,37.96,37.33,37.52,271355
CPX.PR.A.TO,20231205,13.19,13.19,13.19,13.19,100
CPX.PR.C.TO,20231205,22.21,22.21,22,22,3700
CPX.PR.E.TO,20231205,21,21.25,21,21.13,1401
CPX.PR.K.TO,20231205,24.52,24.52,24.27,24.27,1200
CR.TO,20231205,4.8,4.84,4.74,4.74,208620
CRDL.TO,20231205,1.29,1.35,1.28,1.29,79794
CRED.TO,20231205,19.04,19.04,19.04,19.04,2750
CRED.U.TO,20231205,19.25,19.25,19.25,19.25,100
CRON.TO,20231205,2.96,3.04,2.8,2.8,149146
CROP.TO,20231205,17.35,17.35,17.35,17.35,12636
CRR.UN.TO,20231205,13.31,13.48,13.26,13.35,148943
CRRX.TO,20231205,1.35,1.45,1.35,1.45,51900
CRT.UN.TO,20231205,14,14.12,13.82,13.9,139288
CRWN.NT.TO,20231205,94,94,94,94,5000
CS.TO,20231205,5.75,5.84,5.71,5.76,1145466
CSAV.TO,20231205,50.08,50.09,50.08,50.08,17087
CSE.PR.A.TO,20231205,12.03,12.03,11.99,11.99,1200
CSH.UN.TO,20231205,11.08,11.14,10.95,11.14,352481
CSU.TO,20231205,3235.89,3292.36,3225.5,3272.56,32857
CSU.DB.TO,20231205,131,131,129.01,129.01,36000
CSW.A.TO,20231205,12.28,12.35,12.2,12.25,13283
CSW.B.TO,20231205,11.81,11.81,11.79,11.8,6300
CTC.TO,20231205,268.95,268.95,268.95,268.95,102
CTC.A.TO,20231205,142,142.48,140.35,140.72,220963
CTF.UN.TO,20231205,2.75,2.75,2.75,2.75,100
CTS.TO,20231205,4.06,4.14,4.04,4.05,498889
CTX.TO,20231205,0.4,0.4,0.4,0.4,1000
CU.TO,20231205,30.82,30.96,30.3,30.42,951304
CU.PR.C.TO,20231205,17.7,17.79,17.6,17.62,3100
CU.PR.D.TO,20231205,18.28,18.41,18.25,18.41,1751
CU.PR.E.TO,20231205,18.28,18.31,18.2,18.31,3272
CU.PR.F.TO,20231205,16.75,17.33,16.75,17.33,749
CU.PR.G.TO,20231205,17.02,17.02,16.89,16.89,2276
CU.PR.I.TO,20231205,21.36,21.55,21.3,21.3,6100
CU.PR.J.TO,20231205,17.65,17.65,17.61,17.65,3740
CUD.TO,20231205,48.65,48.65,48.52,48.53,1968
CUEI.TO,20231205,24.56,24.56,24.56,24.56,4900
CUP.U.TO,20231205,11.33,11.33,10.99,11,3845
CVD.TO,20231205,15.23,15.5,15.23,15.5,4009
CVE.TO,20231205,23.27,23.39,22.7,22.71,5727042
CVE.PR.A.TO,20231205,13.17,13.32,13.17,13.32,1360
CVE.PR.B.TO,20231205,14.56,15,14.56,15,16030
CVE.PR.C.TO,20231205,21.09,21.1,21,21,5659
CVE.PR.E.TO,20231205,22,22,21.96,21.96,1500
CVE.PR.G.TO,20231205,21.34,21.9,21.34,21.35,111067
CVE.WT.TO,20231205,16.61,16.61,16.18,16.18,3545
CVG.TO,20231205,72.89,72.89,72.89,72.89,264
CVO.TO,20231205,9.99,10.13,9.98,10.05,43136
CWB.TO,20231205,30.08,30.5,30.02,30.21,167803
CWB.PR.B.TO,20231205,18.49,18.49,18.2,18.37,8200
CWB.PR.D.TO,20231205,24.31,24.31,24.15,24.15,2601
CWEB.TO,20231205,0.285,0.285,0.27,0.275,9883
CWL.TO,20231205,0.79,0.79,0.79,0.79,502
CWW.TO,20231205,50.2,50.2,49.93,49.95,882
CXB.TO,20231205,1.29,1.31,1.25,1.3,1038243
CXF.TO,20231205,8.98,9.25,8.98,9.25,1414
CXI.TO,20231205,21.61,22,21.61,21.87,4621
CYB.TO,20231205,60.22,60.7,60.15,60.26,9455
CYBR.TO,20231205,41.75,41.92,41.65,41.92,1576
CYH.TO,20231205,19.1,19.16,19.1,19.15,1585
D.UN.TO,20231205,9.15,9.27,9,9,48425
DANC.TO,20231205,21.56,21.56,21.55,21.55,8400
DATA.TO,20231205,20.42,20.57,20.42,20.57,440
DATA.B.TO,20231205,22.25,22.26,22.25,22.26,1200
DBM.TO,20231205,6.99,7.14,6.99,7.01,131466
DBO.TO,20231205,0.085,0.085,0.08,0.08,12800
DC.A.TO,20231205,0.97,0.97,0.94,0.94,13860
DC.PR.B.TO,20231205,17.51,18.18,17.51,18.18,1500
DCBO.TO,20231205,60.25,61.07,60.17,60.53,94108
DCM.TO,20231205,2.5,2.54,2.49,2.51,9976
DCS.TO,20231205,18.34,18.34,18.34,18.34,1100
DCU.TO,20231205,17.52,17.53,17.52,17.53,15202
DF.TO,20231205,3.35,3.53,3.35,3.52,65019
DF.PR.A.TO,20231205,9.78,9.79,9.76,9.79,17419
DFN.TO,20231205,4.28,4.49,4.24,4.44,563914
DFN.PR.A.TO,20231205,9.74,9.75,9.71,9.71,57978
DFY.TO,20231205,36.97,37.33,36.88,37.07,61848
DGR.TO,20231205,39.3,39.32,39.18,39.32,300
DGR.B.TO,20231205,43.5,43.5,43.5,43.5,140
DGRC.TO,20231205,35.06,35.12,34.96,34.96,2825
DGS.TO,20231205,4.75,4.84,4.75,4.84,67313
DGS.PR.A.TO,20231205,9.81,9.83,9.81,9.82,15002
DHT.UN.TO,20231205,12.56,12.56,12.03,12.2,29748
DIAM.TO,20231205,0.09,0.09,0.085,0.09,156700
DII.B.TO,20231205,5.01,5.01,4.87,4.95,3980
DIR.UN.TO,20231205,12.92,13.1,12.88,13.04,845212
DISC.TO,20231205,34.25,34.28,34.16,34.16,2702
DIV.TO,20231205,2.64,2.68,2.64,2.68,132056
DIV.DB.A.TO,20231205,91,91,91,91,4000
DIVS.TO,20231205,14.07,14.07,14.01,14.01,14400
DLCG.TO,20231205,2.6,2.94,2.6,2.94,6618
DLR.TO,20231205,13.97,14,13.97,14,263169
DLR.U.TO,20231205,10.3,10.3,10.29,10.3,295491
DML.TO,20231205,2.5,2.52,2.46,2.47,954283
DN.TO,20231205,0.03,0.035,0.03,0.035,49643
DND.TO,20231205,13.77,13.82,13.48,13.5,392309
DNG.TO,20231205,3.98,3.99,3.93,3.98,65233
DNTL.TO,20231205,5.47,5.78,5.47,5.68,221705
DOL.TO,20231205,99.85,101.45,99.68,100.03,603162
DOO.TO,20231205,81.07,83.76,80.38,80.41,390662
DPM.TO,20231205,9.74,9.84,9.66,9.72,528897
DR.TO,20231205,8.9,8.95,8.85,8.95,40630
DRFC.TO,20231205,26,26.08,26,26.04,1888
DRFE.TO,20231205,19.52,19.52,19.35,19.4,450
DRFG.TO,20231205,24.77,24.77,24.77,24.77,304
DRM.TO,20231205,20.2,20.41,19.62,20,33445
DRMC.TO,20231205,25.72,25.75,25.69,25.69,5400
DRMD.TO,20231205,24.82,24.82,24.82,24.82,1200
DRME.TO,20231205,15.61,15.63,15.61,15.63,9000
DRMU.TO,20231205,33.2,33.25,33.2,33.23,3256
DRR.U.TO,20231205,6.07,6.25,6.07,6.25,6161
DRR.UN.TO,20231205,8.36,8.38,8.35,8.36,2200
DRT.TO,20231205,0.49,0.49,0.48,0.48,5497
DRT.DB.TO,20231205,55,55,55,55,22000
DRX.TO,20231205,5.34,5.34,5.21,5.21,32083
DS.TO,20231205,6.07,6.1,6.06,6.1,3470
DSG.TO,20231205,110.2,111.22,109.97,110.47,193994
DSV.TO,20231205,0.88,0.89,0.85,0.87,198003
DTOL.TO,20231205,8.1,9.12,8.1,9.09,34165
DXB.TO,20231205,18.23,18.34,18.23,18.34,7091
DXBU.TO,20231205,21.33,21.33,21.3,21.3,1860
DXC.TO,20231205,33.04,33.11,33.04,33.06,7319
DXDB.TO,20231205,20.39,20.41,20.38,20.41,19775
DXEM.TO,20231205,12.42,12.42,12.42,12.42,600
DXET.TO,20231205,16.5,16.5,16.5,16.5,140
DXG.TO,20231205,48.33,48.71,48.33,48.66,4997
DXGE.TO,20231205,21.38,21.39,21.37,21.39,6237
DXN.TO,20231205,18.94,18.95,18.94,18.95,800
DXO.TO,20231205,18.92,18.97,18.92,18.97,2442
DXP.TO,20231205,19.46,19.52,19.3,19.3,38613
DXQ.TO,20231205,22.89,23.01,22.89,23.01,9294
DXR.TO,20231205,20.4,20.4,20.37,20.37,400
DXT.TO,20231205,5.7,5.74,5.69,5.7,9636
DXU.TO,20231205,45.8,45.8,45.8,45.8,263
DXUS.TO,20231205,21.24,21.24,21.24,21.24,2600
DXV.TO,20231205,19.69,19.72,19.69,19.7,1206
DXW.TO,20231205,21.62,21.87,21.6,21.62,15900
DXZ.TO,20231205,11.16,11.2,11.15,11.16,16900
DYA.TO,20231205,0.2,0.2,0.19,0.19,191502
E.TO,20231205,0.75,0.76,0.74,0.76,10350
EAGR.TO,20231205,0.42,0.42,0.345,0.35,240951
EBIT.TO,20231205,20.76,21.77,20.76,21.67,136745
EBIT.U.TO,20231205,15.31,16.02,15.29,16,16902
ECN.TO,20231205,2.46,2.65,2.46,2.6,951619
ECN.DB.A.TO,20231205,81.55,81.55,80,80,25000
ECN.DB.B.TO,20231205,77,77,77,77,8000
ECN.PR.C.TO,20231205,17.19,17.2,16.55,16.55,1600
ECO.TO,20231205,3.57,3.57,3.55,3.56,14700
ECOR.TO,20231205,1.55,1.55,1.54,1.54,20725
EDGE.TO,20231205,31.51,31.66,31.51,31.66,601
EDR.TO,20231205,2.83,2.84,2.66,2.67,430133
EDV.TO,20231205,32,32,30.39,30.55,380582
EFN.TO,20231205,21.9,22.27,21.86,21.89,927763
EFN.PR.C.TO,20231205,24.9,24.9,24.9,24.9,900
EFN.PR.E.TO,20231205,24.79,24.8,24.71,24.71,2800
EFR.TO,20231205,10.49,10.51,10.12,10.15,375443
EFX.TO,20231205,5.7,5.73,5.57,5.59,430157
EGLX.TO,20231205,0.3,0.305,0.29,0.295,411254
EHE.TO,20231205,30.75,30.75,30.75,30.75,103
EIF.TO,20231205,45.6,46.03,45.47,45.58,63076
EIF.DB.J.TO,20231205,100,100,100,100,2000
EIF.DB.K.TO,20231205,96,100.2,96,100.2,500
EIT.PR.A.TO,20231205,24.81,24.81,24.81,24.81,800
EIT.UN.TO,20231205,12.74,12.78,12.72,12.76,78313
ELD.TO,20231205,17.59,17.65,17.12,17.46,536360
ELEF.TO,20231205,0.33,0.33,0.315,0.33,29303
ELF.TO,20231205,1009.87,1009.99,1009.87,1009.99,295
ELF.PR.F.TO,20231205,20.01,20.05,19.82,19.84,9200
ELF.PR.G.TO,20231205,17.85,17.85,17.6,17.75,2400
ELO.TO,20231205,1.75,1.85,1.74,1.8,65633
ELR.TO,20231205,0.115,0.115,0.11,0.115,4050
ELVA.TO,20231205,4.05,4.07,3.9,4.01,13000
EMA.TO,20231205,48.22,48.61,47.98,48.08,1295081
EMA.PR.A.TO,20231205,13.69,13.69,13.53,13.53,1000
EMA.PR.B.TO,20231205,15.5,15.7,15.5,15.7,6109
EMA.PR.C.TO,20231205,20.14,20.14,19.81,19.81,14747
EMA.PR.E.TO,20231205,16.45,16.45,16.4,16.41,1600
EMA.PR.F.TO,20231205,16.85,16.85,16.72,16.73,106850
EMA.PR.H.TO,20231205,21,21.01,20.78,20.86,7658
EMA.PR.J.TO,20231205,17.53,18,17.53,17.54,50749
EMA.PR.L.TO,20231205,16.6,16.6,16.48,16.48,12300
EMP.A.TO,20231205,37.58,38.05,37.39,37.73,560104
EMV.B.TO,20231205,25.51,25.75,25.5,25.75,8425
ENB.TO,20231205,47.62,47.92,47.61,47.68,11047720
ENB.PF.A.TO,20231205,16.38,16.38,16.11,16.11,27744
ENB.PF.C.TO,20231205,15.67,15.68,15.55,15.63,55327
ENB.PF.E.TO,20231205,15.22,15.34,15.2,15.34,7537
ENB.PF.G.TO,20231205,15.09,15.2,15.08,15.2,1920
ENB.PF.K.TO,20231205,20.32,20.32,20.01,20.03,9044
ENB.PF.U.TO,20231205,19.12,19.35,19.1,19.1,5960
ENB.PF.V.TO,20231205,22.16,22.21,22.14,22.2,2000
ENB.PR.A.TO,20231205,20.17,20.2,20.1,20.11,2034
ENB.PR.B.TO,20231205,15.88,15.88,15.61,15.85,15844
ENB.PR.D.TO,20231205,16.03,16.12,16.03,16.05,6707
ENB.PR.F.TO,20231205,16.51,16.73,16.51,16.53,7056
ENB.PR.H.TO,20231205,17.89,17.99,17.82,17.96,4097
ENB.PR.J.TO,20231205,17.22,17.3,17.17,17.17,13900
ENB.PR.N.TO,20231205,19.58,19.84,19.58,19.73,12510
ENB.PR.P.TO,20231205,17.14,17.3,17.05,17.05,10283
ENB.PR.T.TO,20231205,16.4,16.45,16.27,16.27,12900
ENB.PR.V.TO,20231205,21.45,21.49,21.45,21.45,4618
ENB.PR.Y.TO,20231205,15.48,15.58,15.33,15.33,96162
ENCC.TO,20231205,10.9,10.92,10.81,10.81,56338
ENCL.TO,20231205,19.55,19.55,19.35,19.35,19119
ENGH.TO,20231205,33.84,34.44,33.62,33.78,92236
ENI.UN.TO,20231205,1.48,1.48,1.47,1.47,400
ENS.TO,20231205,12.3,12.3,12.15,12.23,283938
ENS.PR.A.TO,20231205,9.75,9.82,9.72,9.8,292612
EPRX.TO,20231205,5.82,5.85,5.49,5.85,5044
EQB.TO,20231205,78.2,79.23,77.9,78.4,64197
EQB.PR.C.TO,20231205,23.9,23.9,23.9,23.9,600
EQCL.TO,20231205,20.25,20.3,20.25,20.3,438
EQL.TO,20231205,30.86,30.92,30.79,30.86,24453
EQL.F.TO,20231205,26.81,26.81,26.68,26.69,100101
EQL.U.TO,20231205,22.75,22.75,22.73,22.73,1200
EQX.TO,20231205,7.29,7.3,7.08,7.16,568591
ERD.TO,20231205,0.345,0.35,0.335,0.345,56209
ERE.UN.TO,20231205,2.32,2.38,2.32,2.38,244087
ERO.TO,20231205,17.99,18.02,17.24,17.33,165256
ESG.TO,20231205,32.91,32.96,32.91,32.94,1022
ESGA.TO,20231205,33.18,33.32,33.18,33.28,700
ESGC.TO,20231205,23.75,23.76,23.71,23.73,14929
ESGE.TO,20231205,31,31,31,31,710
ESGG.TO,20231205,39.23,39.23,39.23,39.23,187
ESGY.TO,20231205,43.81,44.12,43.81,44.12,411
ESI.TO,20231205,2.03,2.07,2,2.01,145244
ESM.TO,20231205,0.035,0.04,0.035,0.04,110000
ESPX.TO,20231205,21.34,21.36,21.34,21.36,721
ET.TO,20231205,12.29,12.75,12.29,12.58,6108
ETC.TO,20231205,9.3,9.62,9.3,9.58,5931
ETC.U.TO,20231205,8.7,8.98,8.63,8.96,1400
ETG.TO,20231205,1.21,1.22,1.19,1.2,85761
ETHH.TO,20231205,9.07,9.43,9.02,9.29,192642
ETHH.B.TO,20231205,10.47,10.9,10.44,10.72,64783
ETHH.U.TO,20231205,9.63,10.04,9.63,9.88,36514
ETHI.TO,20231205,44.68,44.68,44.68,44.68,154
ETHQ.TO,20231205,11.89,12.36,11.85,12.16,22934
ETHQ.U.TO,20231205,8.76,8.97,8.76,8.97,5184
ETHR.TO,20231205,10.42,10.8,10.4,10.66,15477
ETHR.U.TO,20231205,9.55,9.62,9.55,9.62,2100
ETHX.B.TO,20231205,10.83,11.31,10.81,11.12,449291
ETHX.U.TO,20231205,9.99,10.41,9.98,10.23,81106
ETHY.TO,20231205,3.3,3.46,3.3,3.42,19066
ETHY.B.TO,20231205,4.04,4.26,4.04,4.21,5605
ETHY.U.TO,20231205,3.25,3.25,3.25,3.25,500
ETSX.TO,20231205,19.07,19.09,19.07,19.09,909
EXE.TO,20231205,7.03,7.12,7.03,7.09,140021
EXE.DB.C.TO,20231205,95.5,96,95.5,95.5,8000
EXN.TO,20231205,0.13,0.13,0.12,0.12,126734
EXRO.TO,20231205,1.39,1.45,1.38,1.41,162164
EXRO.WT.TO,20231205,0.58,0.6,0.58,0.6,5000
FANS.TO,20231205,0.035,0.04,0.035,0.035,48500
FAP.TO,20231205,2.56,2.58,2.56,2.58,13655
FAR.TO,20231205,1.79,1.8,1.75,1.79,56922
FBTC.TO,20231205,19.04,19.9,19.04,19.81,37302
FBTC.U.TO,20231205,14.06,14.14,14.06,14.14,458
FC.TO,20231205,10.42,10.62,10.38,10.56,22047
FC.DB.I.TO,20231205,93.01,95,93.01,95,23000
FCCD.TO,20231205,25.92,25.92,25.86,25.86,5095
FCCQ.TO,20231205,30.89,30.89,30.89,30.89,154
FCCV.TO,20231205,13.01,13.01,12.95,12.95,13838
FCD.UN.TO,20231205,4.67,4.69,4.64,4.67,54963
FCGI.TO,20231205,12.42,12.42,12.42,12.42,100
FCID.TO,20231205,24.68,24.69,24.62,24.62,800
FCIQ.TO,20231205,34.18,34.37,34.18,34.37,3005
FCIV.TO,20231205,32,32.12,32,32.12,3000
FCMI.TO,20231205,11.84,11.84,11.83,11.83,1780
FCQH.TO,20231205,45.44,45.44,45.42,45.42,600
FCR.UN.TO,20231205,14.41,14.6,14.37,14.51,395997
FCRR.TO,20231205,34.27,34.27,34.27,34.27,1800
FCU.TO,20231205,1.06,1.06,1.02,1.03,1093283
FCUD.TO,20231205,30.7,30.7,30.64,30.69,1700
FCUH.TO,20231205,27.56,27.56,27.51,27.51,822
FCUQ.TO,20231205,48.61,48.61,48.55,48.59,4800
FCUV.TO,20231205,14.65,14.67,14.63,14.64,3244
FDN.TO,20231205,19.01,19.01,19.01,19.01,4500
FDY.TO,20231205,0.63,0.63,0.61,0.61,38120
FEBB.F.TO,20231205,38.9,38.91,38.9,38.91,10442
FEC.TO,20231205,7.91,7.91,7.63,7.65,194146
FETH.TO,20231205,41,41.8,41,41.8,3570
FF.TO,20231205,0.13,0.135,0.13,0.135,453404
FFH.TO,20231205,1212.01,1229.48,1206.09,1209.28,40973
FFH.PR.C.TO,20231205,19.6,19.62,19.45,19.46,15152
FFH.PR.D.TO,20231205,20.1,20.1,20.1,20.1,100
FFH.PR.E.TO,20231205,14.9,14.9,14.85,14.85,1000
FFH.PR.F.TO,20231205,16.35,16.4,16.2,16.2,1600
FFH.PR.G.TO,20231205,15.39,15.47,15.39,15.39,11283
FFH.PR.H.TO,20231205,17.4,17.4,17.39,17.39,644
FFH.PR.I.TO,20231205,15.91,15.97,15.8,15.8,7955
FFH.PR.K.TO,20231205,18.1,18.3,17.99,18.15,7113
FFH.PR.M.TO,20231205,21.7,21.71,21.2,21.45,6237
FFN.TO,20231205,3.34,3.4,3.32,3.35,62038
FFN.PR.A.TO,20231205,9.96,9.98,9.95,9.96,17511
FGGE.TO,20231205,21.94,21.94,21.94,21.94,300
FGO.TO,20231205,9.91,9.93,9.9,9.92,20700
FGO.U.TO,20231205,10.04,10.04,10.04,10.04,4300
FHG.TO,20231205,43.56,43.59,43.49,43.59,3000
FHH.TO,20231205,35.49,35.49,35.49,35.49,224
FHI.B.TO,20231205,12.29,12.29,12.29,12.29,9400
FHIS.TO,20231205,20.48,20.49,20.48,20.48,19901
FHQ.TO,20231205,77.98,77.98,77.44,77.62,600
FIE.TO,20231205,6.59,6.6,6.57,6.59,64183
FIG.TO,20231205,9.15,9.15,9.15,9.15,12533
FIG.U.TO,20231205,8.73,8.74,8.73,8.74,9937
FIH.U.TO,20231205,13.4,13.47,13.19,13.19,72379
FIL.TO,20231205,20.4,20.8,20,20.2,95797
FINE.TO,20231205,19.65,19.65,19.65,19.65,300
FLCP.TO,20231205,17.43,17.5,17.43,17.5,2100
FLGA.TO,20231205,18.6,18.6,18.58,18.6,1489
FLI.TO,20231205,9.8,9.8,9.76,9.79,7605
FLNT.TO,20231205,0.025,0.03,0.025,0.03,38000
FLOW.TO,20231205,0.26,0.26,0.26,0.26,25518
FLSD.TO,20231205,18.66,18.66,18.66,18.66,1000
FLUS.TO,20231205,36.02,36.02,36.02,36.02,100
FLX.TO,20231205,6.9,6.9,6.89,6.89,5000
FM.TO,20231205,10.94,11.24,10.81,10.98,5744494
FN.TO,20231205,37.7,37.82,37.6,37.82,7710
FN.PR.B.TO,20231205,13.3,13.3,13.3,13.3,400
FNV.TO,20231205,148.6,148.61,144.47,146.04,946257
FOM.TO,20231205,4.14,4.15,4.05,4.08,295045
FOOD.TO,20231205,0.33,0.33,0.31,0.31,188619
FORA.TO,20231205,4.9,5.01,4.82,4.89,59800
FOUR.TO,20231205,43.75,43.75,43.74,43.74,500
FRU.TO,20231205,13.72,13.8,13.7,13.72,291662
FRX.TO,20231205,12.15,12.82,12.15,12.82,1484
FSB.TO,20231205,9.53,9.53,9.53,9.53,17455
FSB.U.TO,20231205,9.74,9.75,9.74,9.75,25300
FSF.TO,20231205,22.63,22.63,22.62,22.62,600
FSL.TO,20231205,16.92,16.92,16.92,16.92,141
FST.TO,20231205,43.55,43.57,43.41,43.41,3981
FSV.TO,20231205,215.12,219.36,214.7,217.4,64940
FSY.TO,20231205,0.81,0.81,0.75,0.76,150495
FSZ.TO,20231205,5.06,5.09,5.01,5.02,163686
FSZ.DB.B.TO,20231205,103,103,102,102,5000
FT.TO,20231205,0.035,0.045,0.035,0.045,1214787
FTG.TO,20231205,4.65,4.65,4.53,4.53,25713
FTN.TO,20231205,6.89,6.92,6.86,6.9,149977
FTN.PR.A.TO,20231205,10.04,10.04,10,10.04,46799
FTS.TO,20231205,55.2,55.36,54.85,55.02,1598932
FTS.PR.F.TO,20231205,18.97,19.15,18.91,18.91,1625
FTS.PR.G.TO,20231205,19.84,19.85,19.61,19.61,11367
FTS.PR.H.TO,20231205,12.99,12.99,12.99,12.99,400
FTS.PR.I.TO,20231205,14.74,14.74,14.72,14.74,14641
FTS.PR.J.TO,20231205,18.4,18.54,18.27,18.3,24058
FTS.PR.K.TO,20231205,17.95,17.95,17.85,17.85,3486
FTS.PR.M.TO,20231205,17.59,17.62,17.5,17.51,5299
FTT.TO,20231205,34.7,35.14,34.55,34.57,372490
FTU.TO,20231205,0.19,0.19,0.185,0.19,5500
FTU.PR.B.TO,20231205,5.47,5.49,5.47,5.47,6000
FURY.TO,20231205,0.74,0.74,0.69,0.69,51060
FVI.TO,20231205,5.25,5.26,5.1,5.15,593639
FVI.DB.U.TO,20231205,98,98,97.5,97.5,20000
FVL.TO,20231205,0.46,0.465,0.44,0.44,298040
FXM.TO,20231205,20.43,20.51,20.36,20.36,7300
G.TO,20231205,0.8,0.84,0.8,0.83,77498
GATO.TO,20231205,8.27,8.27,8.27,8.27,450
GAU.TO,20231205,0.89,0.9,0.88,0.9,65201
GBAL.TO,20231205,43.4,43.4,43.4,43.4,102
GBT.TO,20231205,12.08,12.15,11.9,12.15,2300
GCBD.TO,20231205,17.8,17.82,17.78,17.82,26651
GCG.TO,20231205,44,44,44,44,400
GCG.A.TO,20231205,44,44.41,44,44.41,2450
GCL.TO,20231205,1.1,1.11,1.08,1.08,25916
GCNS.TO,20231205,39.76,39.76,39.76,39.76,100
GCSC.TO,20231205,21.97,21.97,21.97,21.97,671
GCTB.TO,20231205,50.09,50.09,50.09,50.09,1000
GDC.TO,20231205,2.2,2.22,2.2,2.22,10100
GDI.TO,20231205,35.5,35.5,35.17,35.31,5127
GDL.TO,20231205,14.15,14.25,14.15,14.2,1500
GDPY.TO,20231205,20.52,20.52,20.49,20.49,2834
GDPY.B.TO,20231205,19.8,19.8,19.8,19.8,200
GDV.TO,20231205,8.63,8.71,8.63,8.7,11362
GDV.PR.A.TO,20231205,9.59,9.64,9.58,9.64,7000
GEC.TO,20231205,0.33,0.33,0.33,0.33,7500
GEI.TO,20231205,20.74,20.88,20.57,20.58,493497
GENM.TO,20231205,0.23,0.23,0.22,0.22,128815
GEO.TO,20231205,1.78,1.78,1.78,1.78,5600
GEQT.TO,20231205,49.59,49.59,49.59,49.59,736
GFL.TO,20231205,39.34,39.76,38.84,39.19,328077
GFP.TO,20231205,0.95,0.98,0.95,0.98,4000
GGD.TO,20231205,1.41,1.42,1.37,1.39,135145
GGRO.TO,20231205,46.46,46.54,46.43,46.54,2243
GH.TO,20231205,9.19,9.24,9.19,9.23,3700
GIB.A.TO,20231205,140,141.43,139.98,140.27,337317
GIL.TO,20231205,50.53,51.08,50.28,50.33,430616
GIVX.TO,20231205,0.55,0.56,0.53,0.53,25538
GLCC.TO,20231205,24.28,24.33,23.95,24.2,23089
GLO.TO,20231205,2.64,2.64,2.51,2.56,347038
GLXY.TO,20231205,10.15,10.68,10.01,10.15,2018269
GMTN.TO,20231205,0.09,0.09,0.08,0.08,530435
GMX.TO,20231205,0.97,0.97,0.97,0.97,5500
GOLD.TO,20231205,1.37,1.42,1.36,1.38,186154
GOOS.TO,20231205,15.62,15.86,15.39,15.63,360069
GPMD.TO,20231205,9.63,9.63,9.63,9.63,100
GRA.TO,20231205,2.05,2.05,1.91,1.93,97882
GRN.TO,20231205,0.155,0.155,0.145,0.145,56827
GRNI.TO,20231205,26.14,26.14,26.09,26.09,3000
GRT.UN.TO,20231205,71.51,71.95,71.15,71.9,179995
GSY.TO,20231205,136.89,140.1,136.3,139.57,31641
GTE.TO,20231205,8.4,8.44,8.21,8.25,45324
GUD.TO,20231205,5.21,5.24,5.07,5.13,38496
GURU.TO,20231205,2.15,2.19,2.06,2.08,12105
GUTB.U.TO,20231205,50.09,50.09,50.09,50.09,5500
GWO.TO,20231205,43.35,43.93,43.27,43.82,2863345
GWO.PR.G.TO,20231205,19.1,19.34,19.03,19.24,10172
GWO.PR.H.TO,20231205,17.89,18.06,17.87,18.06,6762
GWO.PR.I.TO,20231205,17.1,17.29,17.08,17.29,13700
GWO.PR.L.TO,20231205,21,21,20.65,20.65,5580
GWO.PR.M.TO,20231205,21.42,21.42,21.18,21.18,2175
GWO.PR.N.TO,20231205,13.28,13.28,13.2,13.21,1000
GWO.PR.P.TO,20231205,19.75,19.76,19.72,19.72,17838
GWO.PR.Q.TO,20231205,18.93,18.93,18.78,18.85,11340
GWO.PR.R.TO,20231205,17.87,17.93,17.72,17.93,16610
GWO.PR.S.TO,20231205,19.17,19.25,19.17,19.25,733
GWO.PR.T.TO,20231205,18.89,19,18.82,18.82,2100
GWO.PR.Y.TO,20231205,17.03,17.28,17.02,17.25,15000
GXE.TO,20231205,0.68,0.68,0.66,0.67,381539
H.TO,20231205,38.18,38.31,37.95,38.03,954625
HAB.TO,20231205,9.73,9.73,9.73,9.73,5600
HAC.TO,20231205,27.52,27.52,27.52,27.52,894
HAD.TO,20231205,8.83,8.83,8.83,8.83,291
HAF.TO,20231205,7.09,7.09,7.09,7.09,600
HAI.TO,20231205,3.41,3.45,3.38,3.4,57652
HAL.TO,20231205,18.58,18.6,18.54,18.54,5939
HAZ.TO,20231205,30.59,30.6,30.59,30.59,3330
HBA.TO,20231205,21.32,21.32,21.32,21.32,187
HBAL.TO,20231205,13.57,13.62,13.57,13.62,8787
HBB.TO,20231205,46.2,46.48,46.2,46.44,24453
HBD.TO,20231205,10.44,10.57,10.44,10.54,3700
HBF.TO,20231205,9.34,9.38,9.34,9.37,6861
HBGD.TO,20231205,22.92,23.5,22.92,23.26,914
HBKU.TO,20231205,17,17,17,17,250
HBLK.TO,20231205,13,13.6,13,13.36,2721
HBM.TO,20231205,6.24,6.32,6.13,6.24,1291730
HBND.TO,20231205,15.75,15.91,15.75,15.9,21642
HBNK.TO,20231205,19.26,19.38,19.26,19.35,7061
HBP.TO,20231205,0.23,0.23,0.23,0.23,110000
HBU.TO,20231205,11.44,11.44,11.38,11.42,9550
HBUG.TO,20231205,21.93,22.04,21.93,22.04,2300
HCA.TO,20231205,19.63,19.72,19.6,19.72,6200
HCAL.TO,20231205,18.58,18.73,18.54,18.73,44254
HCLN.TO,20231205,9.29,9.3,9.24,9.24,3418
HCRE.TO,20231205,23.56,23.56,23.54,23.54,229
HDIF.TO,20231205,7.71,7.72,7.69,7.7,26322
HDIV.TO,20231205,15.44,15.44,15.38,15.39,15980
HEB.TO,20231205,15.25,15.25,15.25,15.25,5600
HED.TO,20231205,5.33,5.46,5.33,5.46,16052
HEQL.TO,20231205,20.99,20.99,20.99,20.99,200
HEQT.TO,20231205,14.41,14.45,14.41,14.44,33169
HEU.TO,20231205,25.17,25.19,24.45,24.45,108760
HEWB.TO,20231205,28.41,28.55,28.41,28.55,2600
HFD.TO,20231205,11.13,11.13,11.02,11.02,13900
HFG.TO,20231205,20.91,20.91,20.9,20.9,600
HFIN.TO,20231205,13.8,13.91,13.8,13.87,1333
HFPC.U.TO,20231205,2.4,2.45,2.4,2.44,7480
HFR.TO,20231205,9.79,9.8,9.79,9.8,15069
HFU.TO,20231205,17.91,17.93,17.86,17.86,2371
HGD.TO,20231205,5.17,5.32,5.11,5.25,244826
HGGG.TO,20231205,27.18,27.18,26.8,27.07,7300
HGR.TO,20231205,6.03,6.03,6,6.02,1238
HGU.TO,20231205,14.41,14.6,14.06,14.28,422137
HGY.TO,20231205,9.71,9.71,9.68,9.68,1177
HHL.TO,20231205,7.8,7.82,7.76,7.8,109090
HHL.U.TO,20231205,8.23,8.23,8.23,8.23,15900
HHLE.TO,20231205,9.76,9.76,9.71,9.74,710
HIG.TO,20231205,8.08,8.08,8.04,8.05,3000
HISU.U.TO,20231205,100.08,100.09,100.08,100.09,2876
HIU.TO,20231205,13.5,13.5,13.45,13.46,1946
HIX.TO,20231205,29.4,29.43,29.28,29.32,3235
HLF.TO,20231205,11.03,11.03,10.63,10.65,168371
HLFE.TO,20231205,9.56,9.56,9.56,9.56,5000
HLIF.TO,20231205,8.61,8.61,8.59,8.59,8604
HLIT.TO,20231205,23.43,23.43,22.74,22.74,2955
HLPR.TO,20231205,22.25,22.36,22.25,22.25,800
HLS.TO,20231205,3.65,3.65,3.6,3.6,6215
HMAX.TO,20231205,13.51,13.55,13.5,13.52,89785
HMM.A.TO,20231205,8.11,8.14,8.11,8.14,1420
HMMJ.TO,20231205,9.19,9.38,8.94,8.94,4663
HMP.TO,20231205,9.31,9.32,9.29,9.29,600
HND.TO,20231205,75.7,81.6,75.2,79.64,198861
HNU.TO,20231205,7.78,7.85,7.26,7.45,3301033
HOD.TO,20231205,8.86,9.17,8.72,9.15,779607
HOM.U.TO,20231205,11.24,11.25,10.9,11.05,54671
HOM.UN.TO,20231205,15.13,15.18,14.83,14.94,26133
HOT.DB.V.TO,20231205,71.3,71.3,71.25,71.25,37000
HOT.UN.TO,20231205,0.67,0.68,0.66,0.66,148443
HOU.TO,20231205,12.32,12.47,11.86,11.89,1701333
HPF.TO,20231205,3.41,3.41,3.39,3.39,8986
HPR.TO,20231205,7.57,7.59,7.56,7.57,95344
HPS.A.TO,20231205,80.06,80.6,79.12,79.84,33382
HPYT.TO,20231205,12.1,12.11,12.05,12.1,148263
HQD.TO,20231205,18.12,18.12,17.74,17.85,260813
HQD.U.TO,20231205,13.32,13.32,13.32,13.32,400
HQU.TO,20231205,14.95,15.28,14.95,15.19,998733
HR.UN.TO,20231205,9.25,9.39,9.21,9.36,755968
HRAA.TO,20231205,11.2,11.27,11.2,11.25,4554
HRED.TO,20231205,17,17,16.97,16.97,300
HRX.TO,20231205,15.07,15.14,14.75,14.75,6538
HSAV.TO,20231205,109.13,109.19,108.9,108.9,38236
HSD.TO,20231205,24.54,24.57,24.3,24.43,279958
HSH.TO,20231205,56.1,56.11,55.97,56.08,4886
HSU.TO,20231205,16.66,16.83,16.64,16.74,163712
HSUV.U.TO,20231205,107.33,107.4,107.32,107.4,15518
HTA.TO,20231205,15.64,15.7,15.57,15.69,29330
HTAE.TO,20231205,13.81,13.85,13.75,13.84,17683
HTB.TO,20231205,54.58,54.69,54.58,54.68,2558
HTL.TO,20231205,1.25,1.27,1.24,1.24,24450
HUBL.TO,20231205,10.5,10.5,10.47,10.47,601
HUC.TO,20231205,20.86,20.86,20.55,20.55,5159
HUG.TO,20231205,16.12,16.12,16.12,16.12,100
HULC.TO,20231205,73.44,73.69,73.44,73.69,1300
HULC.U.TO,20231205,54.03,54.27,54.03,54.18,1600
HUM.TO,20231205,25.93,25.93,25.93,25.93,100
HUN.TO,20231205,9.42,9.42,9.2,9.2,4370
HURA.TO,20231205,35.5,35.5,35.3,35.3,1448
HUT.TO,20231205,14.21,17.2,13.9,15.53,2512876
HUTE.TO,20231205,9.8,9.8,9.8,9.8,500
HUTL.TO,20231205,16.5,16.56,16.5,16.5,2960
HUTS.TO,20231205,12.03,12.03,11.94,11.95,7031
HUV.TO,20231205,12.35,12.36,12.17,12.19,28889
HUZ.TO,20231205,11.15,11.15,11.08,11.08,1444
HWO.TO,20231205,1.11,1.14,1.11,1.11,2000
HWX.TO,20231205,6.82,6.9,6.62,6.62,342630
HXCN.TO,20231205,32.41,32.49,32.41,32.43,8537
HXD.TO,20231205,6.79,6.79,6.73,6.76,227403
HXDM.TO,20231205,41.3,41.45,41.3,41.35,8625
HXE.TO,20231205,32.45,32.45,32.09,32.09,1850
HXEM.TO,20231205,31.92,31.95,31.8,31.94,1995
HXH.TO,20231205,45.44,45.44,45.44,45.44,205
HXQ.TO,20231205,61.08,61.56,61.05,61.56,15686
HXQ.U.TO,20231205,44.97,45.29,44.97,45.29,8402
HXS.TO,20231205,62.75,63.01,62.73,63.01,13666
HXS.U.TO,20231205,46.25,46.35,46.25,46.35,419
HXT.TO,20231205,51.71,51.92,51.65,51.78,213243
HXT.U.TO,20231205,38.17,38.17,38.17,38.17,200
HXU.TO,20231205,19.02,19.17,19,19.09,45974
HXX.TO,20231205,44.92,44.92,44.92,44.92,100
HYBR.TO,20231205,7.73,7.76,7.73,7.75,3720
HYLD.TO,20231205,11.98,12.02,11.96,11.99,67632
HYLD.U.TO,20231205,12.24,12.26,12.24,12.24,5073
HZD.TO,20231205,13.61,13.99,13.58,13.81,58314
HZU.TO,20231205,21.25,21.3,20.53,20.86,62621
IAG.TO,20231205,90.47,91.04,90.22,90.26,273546
IAU.TO,20231205,2.22,2.24,2.15,2.19,460835
ICAE.TO,20231205,19.01,19.01,19.01,19.01,100
ICPB.TO,20231205,9.29,9.29,9.26,9.28,6074
IE.TO,20231205,14.98,14.98,14.28,14.3,2438
IFA.TO,20231205,1.2,1.2,1.2,1.2,1000
IFC.TO,20231205,211.35,213.37,210.99,212.09,321711
IFC.PR.A.TO,20231205,17.4,17.49,17.3,17.36,127900
IFC.PR.C.TO,20231205,18.14,18.23,18,18,5445
IFC.PR.E.TO,20231205,20.33,20.39,20.33,20.33,18347
IFC.PR.F.TO,20231205,20.42,20.68,20.42,20.55,3500
IFC.PR.G.TO,20231205,21.78,22.06,21.78,21.91,6100
IFC.PR.I.TO,20231205,21.12,21.12,21.11,21.11,200
IFC.PR.K.TO,20231205,20.65,21.32,20.6,21.32,3618
IFP.TO,20231205,22.08,22.26,21.66,22.24,168689
IFRF.TO,20231205,8.72,8.73,8.68,8.68,7700
IGB.TO,20231205,17.59,17.59,17.57,17.57,1200
IGM.TO,20231205,34.01,34.48,33.81,33.95,98027
III.TO,20231205,1.96,2.03,1.94,1.98,8130
IIMF.TO,20231205,22.09,22.09,20.33,20.33,1000
IIP.UN.TO,20231205,12.39,12.64,12.39,12.48,725000
ILGB.TO,20231205,8.5,8.52,8.47,8.52,9400
ILLM.TO,20231205,1.48,1.51,1.44,1.45,71708
IMG.TO,20231205,3.35,3.39,3.22,3.25,1262870
IMO.TO,20231205,76.96,78.18,76.79,76.85,2615863
IMP.TO,20231205,0.55,0.55,0.55,0.55,2500
INC.UN.TO,20231205,6.75,6.89,6.75,6.89,2655
INE.TO,20231205,9.51,9.57,9.08,9.09,1004450
INE.DB.B.TO,20231205,93.6,93.6,93.6,93.6,8000
INE.DB.C.TO,20231205,89,90.41,88.88,88.88,81000
INE.PR.A.TO,20231205,11.92,12,11.5,11.71,5755
INE.PR.C.TO,20231205,20.7,21.46,20.7,21.05,3850
INO.UN.TO,20231205,1.88,1.88,1.52,1.53,157000
INOC.TO,20231205,13.89,13.89,13.87,13.87,850
IPCO.TO,20231205,14.75,15.11,14.67,14.67,64390
IPO.TO,20231205,2.32,2.34,2.26,2.28,162009
IQD.TO,20231205,31.52,31.54,31.52,31.54,2500
ISIF.TO,20231205,10.59,10.59,10.51,10.51,2300
ISV.TO,20231205,20.95,21.37,20.95,21.37,1456
ITE.TO,20231205,0.175,0.175,0.17,0.175,63347
ITH.TO,20231205,0.7,0.7,0.66,0.66,1200
IUMF.F.TO,20231205,19.33,19.4,19.32,19.35,6100
IVN.TO,20231205,12.19,12.25,11.87,12.09,1335950
IVQ.TO,20231205,0.255,0.295,0.255,0.27,8044
IVQ.DB.U.TO,20231205,38,39,38,38,104000
IVQ.DB.V.TO,20231205,35.25,35.25,35,35,17000
IVQ.U.TO,20231205,0.215,0.215,0.215,0.215,5615
IWBE.TO,20231205,17.68,17.68,17.68,17.68,500
IWEB.TO,20231205,10.58,10.58,10.58,10.58,3600
JAG.TO,20231205,2.04,2.04,1.97,1.97,32476
JAPN.TO,20231205,39.85,39.85,39.85,39.85,228
JFS.UN.TO,20231205,23.72,23.81,23.6,23.6,9600
JOY.TO,20231205,3.97,3.98,3.8,3.82,177035
JWEL.TO,20231205,30.19,30.51,30.15,30.15,129732
K.TO,20231205,7.87,7.95,7.8,7.89,5002744
KBL.TO,20231205,34.9,35,34.83,35,5289
KEC.TO,20231205,12.44,12.44,12.44,12.44,300
KEG.UN.TO,20231205,13.27,13.43,13.25,13.4,4081
KEI.TO,20231205,5.54,5.55,5.4,5.45,12660
KEL.TO,20231205,6.47,6.54,6.21,6.22,787843
KEY.TO,20231205,33.68,33.87,33.22,33.27,1368407
KILO.TO,20231205,30.18,30.18,30.08,30.15,12655
KILO.B.TO,20231205,32.68,32.74,32.68,32.74,700
KITS.TO,20231205,5.4,5.5,5.4,5.5,22100
KLS.TO,20231205,0.205,0.21,0.205,0.21,7500
KMP.UN.TO,20231205,17.51,17.68,17.42,17.53,208260
KNT.TO,20231205,5.95,6.03,5.78,5.8,479285
KPT.TO,20231205,9.37,9.43,9.3,9.38,16497
KRR.TO,20231205,4.91,4.98,4.82,4.88,320694
KSI.TO,20231205,3.07,3.07,3.03,3.03,1867
KXS.TO,20231205,152.14,155.29,151.84,152.5,154301
L.TO,20231205,118.99,121.36,118.74,120.94,607492
L.PR.B.TO,20231205,20.72,20.9,20.68,20.7,2200
LAAC.TO,20231205,7.2,7.4,6.97,7.06,286816
LABS.TO,20231205,0.06,0.07,0.06,0.07,479962
LAC.TO,20231205,8.63,8.83,8.42,8.42,403283
LAM.TO,20231205,0.7,0.71,0.68,0.7,84025
LAS.A.TO,20231205,135.77,135.77,131.75,131.75,1427
LB.TO,20231205,26.42,26.62,26.02,26.08,122442
LB.PR.H.TO,20231205,15.64,15.7,15.55,15.62,6330
LBS.TO,20231205,7.71,7.89,7.71,7.87,48319
LBS.PR.A.TO,20231205,9.87,9.95,9.84,9.84,74000
LCFS.TO,20231205,7.41,7.46,7.4,7.46,1895
LCS.TO,20231205,6.3,6.4,6.3,6.34,25116
LCS.PR.A.TO,20231205,9.99,9.99,9.99,9.99,2500
LEV.TO,20231205,2.35,2.35,2.28,2.32,171769
LEV.WT.TO,20231205,0.1,0.1,0.1,0.1,4500
LFE.TO,20231205,3.67,3.8,3.6,3.8,28152
LFE.PR.B.TO,20231205,10.16,10.16,10.15,10.16,12100
LGD.TO,20231205,0.34,0.34,0.315,0.315,94453
LGO.TO,20231205,2.96,2.97,2.78,2.8,72164
LIF.TO,20231205,31.45,31.61,30.95,31.06,99617
LIFE.TO,20231205,20.27,20.27,20.21,20.26,3749
LIFE.B.TO,20231205,23.6,23.6,23.6,23.6,1318
LIFE.U.TO,20231205,19.84,19.84,19.84,19.84,700
LIRC.TO,20231205,9.05,9.05,8.65,8.89,221340
LN.TO,20231205,0.335,0.34,0.335,0.335,8469
LNF.TO,20231205,18.69,18.82,18.34,18.75,7656
LNR.TO,20231205,58.8,58.8,57.39,57.39,111559
LPAY.TO,20231205,28.71,28.76,28.68,28.76,1442
LPAY.U.TO,20231205,21.17,21.18,21.17,21.18,9300
LPEN.TO,20231205,0.095,0.095,0.085,0.09,79669
LSPD.TO,20231205,22.42,22.87,22.16,22.63,652564
LSPK.TO,20231205,0.63,0.63,0.63,0.63,48150
LUC.TO,20231205,0.345,0.36,0.34,0.355,319250
LUG.TO,20231205,16.55,16.83,16.25,16.48,556517
LUN.TO,20231205,9.47,9.58,9.34,9.41,2755891
LYFR.TO,20231205,10.11,10.11,10.11,10.11,276
MAG.TO,20231205,15.81,15.83,15.45,15.47,226570
MAL.TO,20231205,7.84,7.88,7.71,7.71,12438
MARI.TO,20231205,3.54,3.54,3.26,3.3,12331
MATR.TO,20231205,14.23,14.38,14.11,14.15,315463
MAYB.F.TO,20231205,38.25,38.26,38.25,38.26,200
MBX.TO,20231205,0.32,0.34,0.32,0.34,96000
MCAD.TO,20231205,100.11,100.11,100.11,100.11,100
MCB.TO,20231205,1.83,1.85,1.82,1.85,132370
MCON.TO,20231205,20.11,20.11,20.11,20.11,200
MCSB.TO,20231205,18.97,19.04,18.97,19.04,700
MDA.TO,20231205,11.36,11.57,11.36,11.45,177064
MDI.TO,20231205,7.64,7.72,7.58,7.67,252976
MDIV.TO,20231205,13.47,13.47,13.47,13.47,1631
MDNA.TO,20231205,0.455,0.455,0.45,0.45,8590
MDP.TO,20231205,1.64,1.64,1.51,1.51,94246
MDVD.TO,20231205,21.99,22,21.99,22,300
MEG.TO,20231205,25.03,25.2,24.39,24.43,2998413
MEQ.TO,20231205,140.54,142,140.54,142,1921
MEU.TO,20231205,21.49,21.57,21.49,21.57,600
MFC.TO,20231205,26.78,26.99,26.72,26.93,7619683
MFC.PR.B.TO,20231205,18.98,19.45,18.97,19.2,3777
MFC.PR.C.TO,20231205,18.13,18.58,18.13,18.58,6380
MFC.PR.F.TO,20231205,14.31,14.59,14.31,14.32,1900
MFC.PR.I.TO,20231205,21.59,21.6,21.4,21.4,2764
MFC.PR.J.TO,20231205,22.1,22.11,22.01,22.01,2100
MFC.PR.K.TO,20231205,21.72,21.84,21.72,21.73,9229
MFC.PR.L.TO,20231205,19.41,19.41,19.17,19.35,3262
MFC.PR.M.TO,20231205,19,19.24,18.86,18.87,5331
MFC.PR.N.TO,20231205,18.67,18.67,18.42,18.43,3600
MFC.PR.P.TO,20231205,15.31,15.31,15.31,15.31,6500
MFC.PR.Q.TO,20231205,21.75,21.8,21.75,21.75,2901
MFI.TO,20231205,24.64,24.86,24.25,24.29,94245
MFT.TO,20231205,17.22,17.22,17.13,17.13,23705
MG.TO,20231205,75.27,76.03,74.32,74.35,935216
MGA.TO,20231205,0.43,0.44,0.425,0.435,987165
MGB.TO,20231205,16.16,16.21,16.16,16.21,30448
MGRW.TO,20231205,23.87,23.87,23.87,23.87,100
MHC.U.TO,20231205,15.31,16.19,15.31,16.05,7293
MHC.UN.TO,20231205,21.79,22,21.56,21.56,1500
MHCD.TO,20231205,10.63,10.67,10.62,10.67,7200
MI.UN.TO,20231205,15,15.21,14.98,15.14,62115
MIC.PR.A.TO,20231205,17.01,17.15,16.75,17,8622
MID.UN.TO,20231205,6.32,6.32,6.22,6.26,4604
MIN.TO,20231205,0.155,0.17,0.14,0.14,95563
MINF.TO,20231205,8.93,8.93,8.91,8.91,1750
MINN.TO,20231205,15,15,15,15,100
MINT.TO,20231205,34.25,34.32,34.09,34.29,2700
MKB.TO,20231205,18.74,18.78,18.72,18.76,5447
MKC.TO,20231205,31.24,31.24,31.15,31.15,2100
MKP.TO,20231205,15.85,15.87,15.7,15.74,6979
MKZ.UN.TO,20231205,0.44,0.445,0.42,0.445,9500
MND.TO,20231205,1.9,1.9,1.88,1.88,4500
MNO.TO,20231205,0.355,0.36,0.34,0.34,190333
MNS.TO,20231205,17.68,17.72,17.68,17.72,5299
MNT.TO,20231205,27.35,27.5,27.17,27.5,3190
MNT.U.TO,20231205,20.2,20.2,20.2,20.2,1100
MNU.U.TO,20231205,100.1,100.1,100.1,100.1,220
MNY.TO,20231205,100.09,100.09,100.09,100.09,132
MOGO.TO,20231205,2.18,2.27,2.12,2.14,60421
MPAY.TO,20231205,27.97,28.03,27.97,28.03,1738
MPAY.U.TO,20231205,20.59,20.59,20.59,20.59,4900
MPCT.UN.TO,20231205,6.14,6.14,5.85,5.91,27788
MPVD.TO,20231205,0.215,0.225,0.2,0.225,217369
MPY.TO,20231205,8.86,8.86,8.85,8.85,5700
MR.UN.TO,20231205,3.67,3.71,3.6,3.71,34988
MRC.TO,20231205,107.5,107.75,105.9,105.9,3436
MRD.TO,20231205,11.1,11.4,11.1,11.33,12622
MRE.TO,20231205,12.35,12.69,12.35,12.49,275310
MREL.TO,20231205,11.68,11.69,11.64,11.68,4245
MRG.DB.B.TO,20231205,92,92,92,92,82000
MRG.UN.TO,20231205,13.75,13.89,13.74,13.89,23519
MRT.DB.A.TO,20231205,86.6,86.6,86.6,86.6,10000
MRT.UN.TO,20231205,5.25,5.27,5.24,5.24,11354
MRU.TO,20231205,68.22,69.37,67.88,68.5,631760
MSA.TO,20231205,0.62,0.62,0.61,0.62,7897
MSV.TO,20231205,0.185,0.205,0.185,0.205,17850
MTAV.TO,20231205,22.59,22.59,22.59,22.59,281
MTL.TO,20231205,13.33,13.49,13.06,13.07,239290
MTY.TO,20231205,53.37,53.37,52.06,52.06,21199
MUB.TO,20231205,17.92,18.03,17.92,18.02,39030
MULC.TO,20231205,42.5,42.5,42.5,42.5,200
MUS.TO,20231205,32.46,32.48,32.46,32.48,1300
MUSC.TO,20231205,30.02,30.02,30.02,30.02,300
MUX.TO,20231205,9.89,10,9.75,9.91,15847
MWD.TO,20231205,26.57,26.68,26.57,26.66,2572
MX.TO,20231205,58.42,58.59,57.52,57.58,86422
MXG.TO,20231205,4.2,4.21,4.18,4.18,8800
NA.TO,20231205,93.16,94.38,92.71,94.15,1691483
NA.PR.C.TO,20231205,25.22,25.35,25.22,25.31,1650
NA.PR.E.TO,20231205,20.71,20.99,20.66,20.66,9879
NA.PR.G.TO,20231205,24.51,24.52,24.43,24.43,9200
NA.PR.S.TO,20231205,19.44,19.71,19.44,19.6,11339
NA.PR.W.TO,20231205,17.85,18.05,17.85,18.05,3754
NALT.TO,20231205,23.24,23.24,23.1,23.13,12098
NANO.TO,20231205,2.44,2.48,2.4,2.44,141059
NCF.TO,20231205,0.03,0.03,0.03,0.03,41999
NCP.TO,20231205,0.015,0.015,0.015,0.015,207100
NCU.TO,20231205,0.15,0.15,0.145,0.145,247878
NDM.TO,20231205,0.445,0.455,0.44,0.445,50612
NEO.TO,20231205,7.37,7.4,7.12,7.16,119235
NEXT.TO,20231205,1.14,1.14,1.08,1.08,76960
NFI.TO,20231205,14.16,14.25,13.88,13.88,128057
NFI.DB.TO,20231205,85,86.55,84.5,86.55,32000
NG.TO,20231205,5.65,5.7,5.52,5.52,137988
NGD.TO,20231205,1.88,1.96,1.84,1.85,1001304
NGT.TO,20231205,54.68,55,53.55,54.21,199146
NHYB.TO,20231205,21.1,21.1,20.93,20.98,500
NOA.TO,20231205,27.2,27.4,27.15,27.27,28977
NOVC.TO,20231205,0.73,0.74,0.73,0.74,6520
NPI.TO,20231205,22.46,22.68,22.12,22.25,798768
NPI.PR.A.TO,20231205,14.9,14.9,14.9,14.9,100
NPI.PR.B.TO,20231205,17.3,17.3,17.12,17.12,1900
NPK.TO,20231205,1.12,1.12,1.08,1.08,43421
NPRF.TO,20231205,19.67,19.69,19.67,19.69,300
NRR.UN.TO,20231205,10.02,10.02,9.9,9.91,2450
NSCC.TO,20231205,21.54,21.55,21.54,21.55,300
NTR.TO,20231205,73.5,73.58,72.22,72.53,850195
NUAG.TO,20231205,2.45,2.55,2.44,2.53,41522
NUMI.TO,20231205,0.13,0.13,0.115,0.115,662947
NUSA.TO,20231205,36.24,36.27,36.24,36.26,1700
NVA.TO,20231205,11.53,11.69,11.18,11.18,466222
NVEI.TO,20231205,30.31,31.6,29.93,31.09,583568
NVO.TO,20231205,0.145,0.1475,0.145,0.145,76746
NWC.TO,20231205,36.24,37.43,36.06,37.03,134391
NWH.DB.G.TO,20231205,96,96.2,96,96.2,27000
NWH.DB.H.TO,20231205,81.5,81.5,81,81,57000
NWH.DB.I.TO,20231205,85,85,82,82,70000
NWH.UN.TO,20231205,4.53,4.54,4.45,4.49,743645
NXE.TO,20231205,9.14,9.14,8.98,8.99,1206128
NXF.TO,20231205,6.11,6.12,6.06,6.06,29895
NXF.B.TO,20231205,7.85,7.85,7.85,7.85,800
NXF.U.TO,20231205,11.11,11.11,11.11,11.11,800
NXR.UN.TO,20231205,7.58,7.63,7.46,7.47,172485
NXTG.TO,20231205,9.46,9.46,9.46,9.46,100
OBE.TO,20231205,9.94,10.05,9.84,9.86,249055
OGC.TO,20231205,2.39,2.41,2.32,2.32,1300386
OGD.TO,20231205,0.54,0.54,0.54,0.54,2254
OGI.TO,20231205,1.96,1.96,1.83,1.83,84482
OLA.TO,20231205,4.09,4.11,3.96,3.96,399356
OLY.TO,20231205,91.83,93.5,91.83,92.5,1667
ONC.TO,20231205,1.89,1.91,1.86,1.9,30604
ONEC.TO,20231205,20.53,20.53,20.53,20.53,2300
ONEX.TO,20231205,92.36,92.36,91.05,91.83,133884
OR.TO,20231205,19.21,19.32,18.85,19.07,216161
ORA.TO,20231205,10.07,10.26,9.9,10.1,24300
ORE.TO,20231205,0.91,0.91,0.86,0.86,30200
OSK.TO,20231205,2.94,3.01,2.9,2.96,790646
OTEX.TO,20231205,54.36,54.88,54.13,54.63,450791
OVV.TO,20231205,59.01,59.5,57.51,57.65,321735
PAAS.TO,20231205,21.43,21.55,20.64,20.92,501937
PABF.TO,20231205,21.13,21.13,21.13,21.13,200
PACF.TO,20231205,21.07,21.07,21.07,21.07,100
PAGF.TO,20231205,21.28,21.28,21.28,21.28,2400
PAY.TO,20231205,4.88,4.88,4.72,4.76,38179
PAYF.TO,20231205,18.19,18.19,18.19,18.19,650
PBD.TO,20231205,16.25,16.25,16.25,16.25,450
PBH.TO,20231205,88,88.81,87.68,88.31,75875
PBH.DB.G.TO,20231205,97,97,96,96.58,108000
PBH.DB.H.TO,20231205,88.75,88.75,88.75,88.75,35000
PBH.DB.I.TO,20231205,89.75,89.99,88.2,89.98,48000
PBI.B.TO,20231205,42.98,42.98,42.98,42.98,126
PBL.TO,20231205,32,32.32,32,32.32,3151
PBY.UN.TO,20231205,14.17,14.39,14.17,14.27,13595
PCOR.TO,20231205,18.08,18.08,18.08,18.08,5000
PD.TO,20231205,76.79,77.28,74.41,74.43,91139
PDC.TO,20231205,29.31,29.39,29.26,29.35,9858
PDF.TO,20231205,29.27,29.29,29.27,29.27,1300
PDIV.TO,20231205,9.3,9.34,9.3,9.33,1040
PEA.TO,20231205,0.32,0.32,0.305,0.315,431510
PET.TO,20231205,26.89,27.01,26.12,26.36,39051
PEY.TO,20231205,12.3,12.39,12.16,12.18,727583
PFAA.TO,20231205,10.45,10.45,10.43,10.45,13111
PFAE.TO,20231205,15.78,15.78,15.78,15.78,100
PFIA.TO,20231205,9.63,9.68,9.63,9.66,51344
PFL.TO,20231205,19.63,19.64,19.62,19.62,20464
PFLS.TO,20231205,15.58,15.59,15.44,15.44,1800
PFMN.TO,20231205,13.62,13.63,13.57,13.57,35097
PGI.UN.TO,20231205,7.14,7.18,7.08,7.15,12300
PHE.TO,20231205,31.04,31.07,31.04,31.07,684
PHE.B.TO,20231205,33.86,33.92,33.86,33.92,800
PHX.TO,20231205,9.13,9.14,8.96,8.98,176095
PHYS.TO,20231205,21.37,21.38,21.25,21.38,14480
PHYS.U.TO,20231205,15.76,15.76,15.67,15.68,300
PIC.A.TO,20231205,4.15,4.23,4.15,4.2,47094
PIC.PR.A.TO,20231205,13.56,13.6,13.43,13.43,64128
PID.TO,20231205,20.91,21.02,20.85,21.02,9719
PIF.TO,20231205,13.24,13.3,12.67,12.7,86766
PINC.TO,20231205,17,17.02,17,17,3431
PIX.UN.TO,20231205,7.45,7.45,7.39,7.41,18100
PKI.TO,20231205,44.55,44.85,44.13,44.14,292416
PLC.TO,20231205,16.12,16.4,16.06,16.34,167084
PLC.DB.TO,20231205,98,98,98,98,2000
PLDI.TO,20231205,18.56,18.56,18.56,18.56,400
PLZ.UN.TO,20231205,3.52,3.56,3.44,3.5,56776
PMB.UN.TO,20231205,6.85,6.85,6.83,6.85,2500
PME.TO,20231205,2.2,2.2,2.03,2.08,8902
PMIF.TO,20231205,17.91,18,17.91,18,75626
PMIF.U.TO,20231205,19.04,19.04,19.03,19.04,6600
PMM.TO,20231205,20.42,20.58,20.42,20.58,600
PMT.TO,20231205,0.465,0.47,0.465,0.465,12500
PMZ.UN.TO,20231205,13.74,13.8,13.63,13.67,104768
PNE.TO,20231205,1.43,1.44,1.41,1.43,298303
PNP.TO,20231205,4.01,4.01,3.88,3.88,1500
POU.TO,20231205,25.96,26.18,25.35,25.43,231163
POW.TO,20231205,37.88,38.03,37.71,37.95,2376048
POW.PR.A.TO,20231205,20.63,20.85,20.52,20.52,11990
POW.PR.B.TO,20231205,19.73,19.73,19.6,19.6,1610
POW.PR.C.TO,20231205,22.04,22.18,22.03,22.03,3987
POW.PR.D.TO,20231205,18.8,18.81,18.79,18.81,1675
POW.PR.G.TO,20231205,20.5,20.61,20.36,20.55,5690
PPL.TO,20231205,45.85,45.95,45.67,45.68,1779030
PPL.PF.A.TO,20231205,20.7,20.7,20.55,20.55,8901
PPL.PF.B.TO,20231205,22.85,22.85,22.85,22.85,100
PPL.PF.E.TO,20231205,21.41,21.41,21.25,21.25,23556
PPL.PR.A.TO,20231205,20,20.1,19.97,19.97,4670
PPL.PR.C.TO,20231205,18.79,18.79,18.3,18.3,1243
PPL.PR.E.TO,20231205,18.65,18.72,18.34,18.34,3172
PPL.PR.G.TO,20231205,17.18,17.5,17.18,17.18,3100
PPL.PR.I.TO,20231205,19.61,19.74,19.46,19.74,4213
PPL.PR.O.TO,20231205,19.36,19.4,19.36,19.4,1600
PPL.PR.Q.TO,20231205,19.5,19.5,19.2,19.2,3400
PPL.PR.S.TO,20231205,22.05,22.17,22.05,22.17,869
PPR.TO,20231205,0.07,0.07,0.07,0.07,174002
PPTA.TO,20231205,4.36,4.4,4.24,4.3,5456
PR.TO,20231205,8.27,8.27,8.27,8.27,500
PRA.TO,20231205,26.97,26.97,26.74,26.74,2552
PRB.TO,20231205,1.49,1.49,1.43,1.46,23699
PRL.TO,20231205,12,12.7,11.99,12.65,32342
PRM.PR.A.TO,20231205,9.78,9.8,9.78,9.8,5000
PRMW.TO,20231205,19.9,20.1,19.85,20.08,51535
PRN.TO,20231205,14.36,14.37,13.94,14,5586
PRQ.TO,20231205,1.23,1.23,1.22,1.22,2800
PRU.TO,20231205,1.77,1.77,1.7,1.7,28000
PRV.DB.TO,20231205,92,92,91.24,91.24,2000
PRV.UN.TO,20231205,4.72,4.72,4.63,4.68,41335
PSA.TO,20231205,50.04,50.05,50.04,50.04,122590
PSB.TO,20231205,17.01,17.01,17.01,17.01,638
PSD.TO,20231205,1.87,1.87,1.73,1.8,9258
PSI.TO,20231205,14.56,14.63,14.1,14.31,279235
PSK.TO,20231205,24.72,24.89,24.41,24.77,385513
PSLV.TO,20231205,11.27,11.27,11.07,11.16,50043
PSLV.U.TO,20231205,8.31,8.31,8.22,8.22,700
PSU.U.TO,20231205,100.09,100.1,100.09,100.1,3851
PTI.UN.TO,20231205,6.39,6.42,6.27,6.38,33573
PTM.TO,20231205,1.53,1.57,1.51,1.53,7735
PTO.UN.TO,20231205,6.66,6.76,6.63,6.75,25300
PVS.PR.F.TO,20231205,24.54,24.54,24.53,24.53,700
PVS.PR.G.TO,20231205,24.09,24.1,24,24,13900
PVS.PR.H.TO,20231205,23.39,23.45,23.39,23.45,2500
PVS.PR.I.TO,20231205,24.38,24.38,24.06,24.06,800
PVS.PR.J.TO,20231205,22.51,22.79,22.51,22.75,7300
PVS.PR.K.TO,20231205,22.35,22.35,22.01,22.3,7200
PWF.PF.A.TO,20231205,17.12,17.2,17.1,17.2,3147
PWF.PR.A.TO,20231205,12.42,12.45,12.42,12.45,13911
PWF.PR.E.TO,20231205,19.92,20.01,19.89,19.9,5800
PWF.PR.F.TO,20231205,19.03,19.04,18.96,19.03,5648
PWF.PR.G.TO,20231205,21.82,21.88,21.8,21.8,5200
PWF.PR.H.TO,20231205,20.86,20.86,20.69,20.75,5350
PWF.PR.K.TO,20231205,18.23,18.23,18.05,18.06,3270
PWF.PR.L.TO,20231205,18.58,18.6,18.48,18.56,6351
PWF.PR.O.TO,20231205,20.97,21.1,20.97,21.05,5000
PWF.PR.P.TO,20231205,13.26,13.27,13.18,13.24,4277
PWF.PR.Q.TO,20231205,14.79,14.79,14.79,14.79,6975
PWF.PR.R.TO,20231205,19.87,19.9,19.8,19.85,16958
PWF.PR.S.TO,20231205,17.74,17.97,17.74,17.97,7544
PWF.PR.T.TO,20231205,20.42,20.62,20.42,20.62,781
PWI.TO,20231205,5.81,5.81,5.76,5.76,11200
PWI.PR.A.TO,20231205,9.9,9.93,9.9,9.93,800
PXC.TO,20231205,34.61,34.61,34.61,34.61,1000
PXT.TO,20231205,26.44,26.78,26.14,26.27,313269
PXU.F.TO,20231205,53.06,53.06,53.06,53.06,1200
PYF.TO,20231205,17.35,17.35,17.33,17.33,2875
PYR.TO,20231205,0.47,0.47,0.455,0.455,128655
PZA.TO,20231205,14.27,14.36,14.2,14.2,12617
PZW.TO,20231205,30.48,30.59,30.48,30.59,625
QASH.TO,20231205,50.15,50.15,50.15,50.15,300
QBB.TO,20231205,91.39,91.63,91.39,91.55,801
QBR.A.TO,20231205,32.7,32.7,32.7,32.7,252
QBR.B.TO,20231205,30.95,31.46,30.75,31.09,530681
QBTC.TO,20231205,56.85,60.35,56.85,59.75,27090
QBTC.U.TO,20231205,42.49,44.39,42.3,43.91,7093
QBTL.TO,20231205,18.66,18.83,18.66,18.82,5158
QCE.TO,20231205,124.97,125.05,124.91,124.91,6300
QCLN.TO,20231205,16.68,16.68,16.49,16.49,5375
QCN.TO,20231205,125.03,125.1,125.03,125.1,3270
QDX.TO,20231205,106,106,106,106,200
QDXB.TO,20231205,87.74,87.74,87.73,87.73,230
QEE.TO,20231205,85.05,85.1,84.98,85.1,1300
QETH.U.TO,20231205,35.49,36.8,35.49,36.8,6525
QETH.UN.TO,20231205,47.85,49.97,47.85,49.96,11153
QINF.TO,20231205,112.5,112.5,112.5,112.5,100
QIPT.TO,20231205,6.3,6.4,6.25,6.35,15987
QMAX.TO,20231205,17.07,17.32,17.07,17.3,21765
QQC.TO,20231205,25.54,25.76,25.52,25.72,41513
QQC.F.TO,20231205,126.16,127.33,126.16,127.16,2931
QQCC.TO,20231205,10.81,10.88,10.8,10.88,24235
QQCL.TO,20231205,20.25,20.25,20.18,20.21,2256
QQEQ.TO,20231205,23.17,23.17,23.17,23.17,1000
QQQT.TO,20231205,21.5,21.5,21.5,21.5,187
QQQY.TO,20231205,21.5,21.61,21.5,21.61,2500
QSR.TO,20231205,99.01,99.69,98.39,99.27,442541
QTLT.TO,20231205,103.2,103.47,103.18,103.47,2700
QTRH.TO,20231205,1.72,1.8,1.71,1.79,191483
QTRH.DB.TO,20231205,89,89,89,89,82000
QUB.TO,20231205,81.33,81.38,81.33,81.38,300
QUS.TO,20231205,45.62,45.62,45.62,45.62,200
QUU.TO,20231205,177.75,178.02,177.75,178.02,428
QXM.TO,20231205,26.18,26.23,26.18,26.23,590
RA.UN.TO,20231205,7.24,7.24,7.15,7.19,13100
RATE.TO,20231205,20.35,20.35,20.33,20.35,2777
RAY.A.TO,20231205,5.3,5.35,5.25,5.35,27629
RBA.TO,20231205,87.61,88.06,85.89,86.17,117628
RBN.UN.TO,20231205,7.21,7.22,7.21,7.22,1562
RBNK.TO,20231205,21.92,22.05,21.92,22.02,4779
RBO.TO,20231205,18,18.03,18,18.03,5328
RBOT.TO,20231205,25.75,25.75,25.74,25.74,918
RBY.TO,20231205,2.19,2.2,2.18,2.19,50900
RCD.TO,20231205,24.42,24.42,24.42,24.42,800
RCDC.TO,20231205,18.97,18.97,18.93,18.93,400
RCG.TO,20231205,6.78,7,6.78,6.95,4079
RCG.PR.B.TO,20231205,10.56,10.56,10.3,10.3,1879
RCH.TO,20231205,42.03,42.76,41.56,41.88,59900
RCI.A.TO,20231205,60.98,61.3,60.98,61.3,1100
RCI.B.TO,20231205,60.44,61.42,60.43,60.87,2672452
REAL.TO,20231205,5.68,5.77,5.57,5.6,27582
REI.UN.TO,20231205,17.79,18.12,17.79,18.01,759487
RGQN.TO,20231205,19.97,19.97,19.96,19.96,450
RGQQ.TO,20231205,19.63,19.63,19.63,19.63,400
RGQR.TO,20231205,19.54,19.55,19.54,19.55,1100
RID.TO,20231205,23.48,23.48,23.47,23.47,4500
RIDH.TO,20231205,25.64,25.64,25.64,25.64,100
RIFI.TO,20231205,17.62,17.73,17.62,17.73,2800
RIIN.TO,20231205,18.24,18.35,18.24,18.35,800
RIT.TO,20231205,15.13,15.33,15.13,15.33,15607
RLB.TO,20231205,18.08,18.08,18.08,18.08,2500
ROOT.TO,20231205,2.59,2.6,2.59,2.6,409
RPD.TO,20231205,23.51,23.51,23.51,23.51,125
RPF.TO,20231205,18.05,18.05,17.85,17.94,6000
RPI.UN.TO,20231205,33.76,33.81,33.75,33.75,671
RPSB.TO,20231205,19.54,19.54,19.54,19.54,200
RQL.TO,20231205,20.14,20.14,20.13,20.14,9754
RQN.TO,20231205,19.96,19.96,19.95,19.96,33485
RQO.TO,20231205,18,18.03,18,18.03,14486
RQP.TO,20231205,17.49,17.54,17.49,17.54,9747
RQQ.TO,20231205,21.01,21.01,20.98,21,13200
RQR.TO,20231205,20.89,20.9,20.86,20.89,11600
RS.TO,20231205,11.54,11.55,11.41,11.51,14752
RS.PR.A.TO,20231205,9.67,9.69,9.67,9.69,9800
RSI.TO,20231205,5.42,5.49,5.39,5.39,134988
RSI.DB.F.TO,20231205,96.1,97,96.1,96.22,74000
RUD.TO,20231205,54.41,54.49,54.28,54.48,2143
RUD.U.TO,20231205,40.07,40.07,40.07,40.07,200
RUDH.TO,20231205,38.4,38.4,38.4,38.4,2788
RUP.TO,20231205,4.03,4.18,4.02,4.17,33622
RUS.TO,20231205,40.97,41.86,40.87,41.49,168341
RUSB.TO,20231205,20.45,20.46,20.44,20.46,5740
RVX.TO,20231205,0.065,0.07,0.065,0.07,52500
RXD.TO,20231205,18.37,18.37,18.37,18.37,160
RY.TO,20231205,123.5,124.51,123.22,124,2444530
RY.PR.H.TO,20231205,19.23,19.24,19.19,19.19,11404
RY.PR.J.TO,20231205,18.67,19,18.67,18.9,25829
RY.PR.M.TO,20231205,18.37,18.68,18.25,18.68,3943
RY.PR.N.TO,20231205,21.34,21.55,21.31,21.55,1675
RY.PR.O.TO,20231205,21.45,21.6,21.21,21.21,11843
RY.PR.S.TO,20231205,22.11,22.56,22.11,22.4,5781
S.TO,20231205,0.34,0.34,0.325,0.33,412443
SAM.TO,20231205,0.115,0.115,0.115,0.115,10000
SAP.TO,20231205,26.25,26.51,26.06,26.32,518829
SAU.TO,20231205,0.09,0.095,0.09,0.095,186580
SBC.TO,20231205,8.19,8.27,8.05,8.21,62698
SBC.PR.A.TO,20231205,9.66,9.68,9.61,9.67,12818
SBI.TO,20231205,0.58,0.58,0.58,0.58,2000
SBT.B.TO,20231205,17.56,17.56,17.43,17.46,2800
SCR.TO,20231205,22.44,22.5,21.72,21.89,24453
SCY.TO,20231205,0.03,0.03,0.03,0.03,225000
SDE.TO,20231205,3.15,3.17,3.04,3.04,276844
SEA.TO,20231205,16.53,16.63,15.73,15.76,55707
SES.TO,20231205,8.16,8.25,8.04,8.05,345035
SFD.TO,20231205,0.245,0.245,0.245,0.245,27797
SFI.TO,20231205,0.24,0.24,0.24,0.24,10000
SFTC.TO,20231205,17.43,17.43,16.95,17,19005
SGLD.TO,20231205,0.145,0.145,0.145,0.145,34500
SGNL.TO,20231205,0.15,0.15,0.135,0.14,375000
SGR.U.TO,20231205,7.9,7.9,7.88,7.88,407
SGR.UN.TO,20231205,10.73,10.84,10.68,10.82,108416
SGY.TO,20231205,7.24,7.33,7.08,7.11,650045
SHLE.TO,20231205,6.86,6.9,6.8,6.81,20780
SHOP.TO,20231205,97.5,102.5,96.64,101.58,4168048
SIA.TO,20231205,10.95,11,10.87,10.89,144259
SIH.UN.TO,20231205,9.95,9.95,9.82,9.9,20300
SII.TO,20231205,44.42,45.52,44.42,45.25,17200
SIL.TO,20231205,8.99,9.06,8.78,8.91,318747
SIS.TO,20231205,15.08,15.08,14.75,14.78,75784
SJ.TO,20231205,79.07,79.39,78.1,78.54,204073
SKE.TO,20231205,5.87,5.95,5.76,5.77,161109
SLF.TO,20231205,69.1,69.89,69.09,69.64,3569491
SLF.PR.C.TO,20231205,18.59,18.59,18.54,18.55,4795
SLF.PR.D.TO,20231205,18.52,18.54,18.51,18.54,4727
SLF.PR.E.TO,20231205,18.55,18.73,18.49,18.73,6683
SLF.PR.G.TO,20231205,14.3,14.3,14.3,14.3,400
SLF.PR.H.TO,20231205,17.99,18.24,17.97,18.24,3208
SLF.PR.J.TO,20231205,15.15,15.35,15.15,15.35,13400
SLF.PR.K.TO,20231205,20.55,20.55,20.55,20.55,100
SLR.TO,20231205,0.73,0.73,0.73,0.73,18483
SLS.TO,20231205,5.34,5.34,4.95,5.14,108569
SMAX.TO,20231205,16.5,16.63,16.5,16.62,21401
SMC.TO,20231205,0.05,0.05,0.045,0.045,289480
SMT.TO,20231205,0.78,0.78,0.75,0.76,39300
SOIL.TO,20231205,2.21,2.25,2.18,2.19,100010
SOLG.TO,20231205,0.15,0.155,0.15,0.155,25725
SOT.DB.A.TO,20231205,57.5,57.5,57.5,57.5,7000
SOT.UN.TO,20231205,0.77,0.79,0.76,0.77,93019
SOY.TO,20231205,7.04,7.13,6.94,7.03,51304
SPAY.TO,20231205,27.3,27.34,27.3,27.34,6600
SPB.TO,20231205,9.93,9.96,9.65,9.67,567009
SPLT.TO,20231205,10.21,10.21,10.2,10.2,17602
SPPP.TO,20231205,12.69,12.69,12.37,12.54,2881
SPPP.U.TO,20231205,9.38,9.38,9.38,9.38,1600
SRU.UN.TO,20231205,23.86,24.2,23.8,23.99,287647
SRV.UN.TO,20231205,16.27,16.3,16.27,16.3,1412
SSF.UN.TO,20231205,6.75,6.75,6.73,6.75,8579
SSL.TO,20231205,6.74,6.8,6.55,6.65,245153
SSRM.TO,20231205,15.62,15.73,15.46,15.52,236431
STC.TO,20231205,4.19,4.28,4.1,4.17,14802
STCK.WT.TO,20231205,0.01,0.01,0.01,0.01,28500
STEP.TO,20231205,3.94,3.94,3.88,3.88,29047
STGO.TO,20231205,0.82,0.82,0.8,0.8,63414
STLC.TO,20231205,44.92,44.92,43.84,43.88,301328
STN.TO,20231205,101.75,103.26,100.07,103.17,429084
STPL.TO,20231205,22.9,22.9,22.85,22.87,7110
SU.TO,20231205,44.09,44.32,43.5,43.53,10707740
SVA.TO,20231205,0.7,0.71,0.67,0.7,214741
SVB.TO,20231205,0.13,0.145,0.13,0.145,54500
SVI.TO,20231205,4.93,5.06,4.92,5.04,513768
SVI.DB.TO,20231205,95.85,95.85,95.85,95.85,16000
SVI.DB.B.TO,20231205,92,92,92,92,6000
SVI.DB.C.TO,20231205,88.5,88.5,87.8,87.8,17000
SVM.TO,20231205,3.78,3.79,3.66,3.7,289583
SVR.TO,20231205,11.96,11.96,11.8,11.8,500
SVR.C.TO,20231205,12.5,12.5,12.5,12.5,511
SXP.TO,20231205,3.75,3.78,3.69,3.77,122018
SYLD.TO,20231205,17.73,17.75,17.73,17.75,754
SYZ.TO,20231205,6.96,7.04,6.79,6.97,37447
T.TO,20231205,25.25,25.43,25.24,25.31,3714657
TA.TO,20231205,11.02,11.1,10.97,10.98,616618
TA.PR.D.TO,20231205,12.59,12.59,12.55,12.55,2800
TA.PR.E.TO,20231205,15.38,15.4,15.24,15.24,6300
TA.PR.F.TO,20231205,18.06,18.06,17.96,17.96,2380
TA.PR.H.TO,20231205,21.83,21.83,21.25,21.25,2250
TA.PR.J.TO,20231205,19.44,19.44,19.32,19.4,6900
TAIG.TO,20231205,0.99,1.01,0.94,0.97,34971
TAL.TO,20231205,0.81,0.85,0.81,0.85,684125
TBAL.TO,20231205,16.43,16.43,16.43,16.43,907
TBL.TO,20231205,2.87,2.87,2.87,2.87,1300
TBNK.TO,20231205,23.5,23.51,23.5,23.51,200
TC.TO,20231205,31.1,31.9,30.38,31.9,4459
TCL.A.TO,20231205,11.6,11.64,11.3,11.41,173462
TCLB.TO,20231205,120.34,121.32,120.09,121.27,8600
TCLV.TO,20231205,18.96,18.96,18.89,18.89,3800
TCON.TO,20231205,14.34,14.34,14.34,14.34,108
TCS.TO,20231205,33.99,33.99,31.12,31.98,23515
TCSB.TO,20231205,14.36,14.36,14.34,14.34,7700
TCW.TO,20231205,4.07,4.11,4.03,4.03,436879
TD.TO,20231205,81.88,82.52,81.55,82.02,3961288
TD.PF.A.TO,20231205,19.4,19.4,19.15,19.16,50616
TD.PF.B.TO,20231205,19.79,19.84,19.67,19.74,16640
TD.PF.C.TO,20231205,18.42,18.5,18.35,18.35,5970
TD.PF.D.TO,20231205,19.25,19.35,19.16,19.16,6201
TD.PF.E.TO,20231205,19.44,19.53,19.44,19.53,3336
TD.PF.I.TO,20231205,24.4,24.4,24.26,24.26,4100
TD.PF.J.TO,20231205,22.51,22.79,22.51,22.65,2362
TD.PF.M.TO,20231205,24.1,24.14,24.02,24.02,162198
TDB.TO,20231205,12.91,12.95,12.89,12.95,44288
TDOC.TO,20231205,16.9,16.92,16.84,16.88,3964
TEC.TO,20231205,30.41,30.88,30.41,30.88,15987
TEC.U.TO,20231205,22.65,22.65,22.65,22.65,200
TECH.TO,20231205,11.58,11.73,11.58,11.68,5008
TECH.B.TO,20231205,13.1,13.23,13.1,13.23,5177
TECH.U.TO,20231205,11.87,12.02,11.87,12.02,7400
TECK.A.TO,20231205,50.04,50.11,49.7,49.71,2254
TECK.B.TO,20231205,50.33,50.58,49.63,49.77,1082929
TECX.TO,20231205,24.73,24.73,24.73,24.73,103
TERM.TO,20231205,9.21,9.23,9.21,9.22,84785
TF.TO,20231205,6.64,6.7,6.6,6.68,94573
TF.DB.C.TO,20231205,98.3,98.97,98.3,98.97,25000
TF.DB.D.TO,20231205,85.49,85.5,82.2,82.2,58000
TFII.TO,20231205,164.53,165,159.36,159.41,156400
TFPM.TO,20231205,18.84,18.84,18.42,18.6,39560
TGAF.TO,20231205,18.36,18.5,18.36,18.5,4081
TGED.TO,20231205,19.91,20.07,19.91,20.07,12200
TGED.U.TO,20231205,14.7,14.7,14.7,14.7,1200
TGFI.TO,20231205,20.2,20.2,20.19,20.19,914
TGGR.TO,20231205,22.49,22.5,22.49,22.5,1931
TGO.TO,20231205,1.65,1.68,1.58,1.59,61364
TGRO.TO,20231205,18.65,18.67,18.65,18.67,3774
TH.TO,20231205,2.34,2.34,2.13,2.13,53951
The.TO,20231205,22.71,22.76,22.71,22.73,5400
THNC.TO,20231205,3.4,3.58,3.07,3.18,61128
THU.TO,20231205,30.66,30.73,30.56,30.65,2130
TI.TO,20231205,0.4,0.4,0.39,0.4,64500
TIH.TO,20231205,111.46,112.03,111.01,111.36,140076
TINF.TO,20231205,17.64,17.64,17.59,17.59,204
TIPS.F.TO,20231205,28.57,28.57,28.55,28.55,1638
TIXT.TO,20231205,10.3,10.33,9.87,9.87,205352
TKN.TO,20231205,13.78,14.3,13.78,14.21,1685
TKN.U.TO,20231205,10.4,10.4,10.4,10.4,250
TKO.TO,20231205,1.62,1.66,1.6,1.64,283727
TLF.TO,20231205,20.8,20.86,20.8,20.86,577
TLG.TO,20231205,0.46,0.46,0.44,0.45,75795
TLO.TO,20231205,0.18,0.18,0.165,0.175,691443
TLRY.TO,20231205,2.73,2.83,2.52,2.52,1749398
TLV.TO,20231205,27.86,27.89,27.83,27.83,18500
TMD.TO,20231205,0.115,0.12,0.1,0.1,53303
TMEC.TO,20231205,17.97,18.01,17.97,18.01,961
TML.TO,20231205,0.175,0.175,0.16,0.16,108028
TMQ.TO,20231205,0.6,0.6,0.55,0.55,60366
TNT.UN.TO,20231205,8.36,9.11,8.36,8.96,106040
TNZ.TO,20231205,4.13,4.27,4.02,4.02,92050
TOT.TO,20231205,7.87,7.94,7.72,7.75,27227
TOU.TO,20231205,64.79,64.9,63.9,64.14,1765114
TOWR.TO,20231205,27.58,27.58,27.58,27.58,100
TOY.TO,20231205,33.19,33.19,32.59,32.75,74457
TPE.TO,20231205,19.93,19.97,19.92,19.97,6987
TPRF.TO,20231205,9.06,9.13,9.06,9.1,8841
TPU.TO,20231205,34.98,35.09,34.95,35.09,32001
TPU.U.TO,20231205,26.12,26.12,26.04,26.09,700
TPX.A.TO,20231205,84.01,84.06,84.01,84.06,203
TPX.B.TO,20231205,84.54,84.55,84.54,84.55,300
TPZ.TO,20231205,19.3,19.49,19.08,19.08,171459
TQCD.TO,20231205,15.53,15.61,15.53,15.56,49457
TQGD.TO,20231205,16.51,16.58,16.5,16.58,38405
TQSM.TO,20231205,20.47,20.47,20.36,20.36,6851
TRI.TO,20231205,191.77,194.19,190.47,193.2,242317
TRI.PR.B.TO,20231205,12.81,13.21,12.81,13,11900
TRP.TO,20231205,51.62,51.94,51.54,51.55,5088608
TRP.PR.A.TO,20231205,13.76,13.78,13.44,13.44,24755
TRP.PR.B.TO,20231205,11.25,11.25,11.03,11.03,15916
TRP.PR.C.TO,20231205,11.17,11.17,11.14,11.14,2813
TRP.PR.D.TO,20231205,16.7,16.7,16.37,16.37,11073
TRP.PR.E.TO,20231205,15.43,15.43,15.16,15.16,7593
TRP.PR.F.TO,20231205,14.45,14.54,14.45,14.54,11400
TRP.PR.G.TO,20231205,15.67,15.78,15.67,15.78,1422
TRP.PR.H.TO,20231205,12.78,13.15,12.78,13.15,14600
TRP.PR.I.TO,20231205,13.46,14.05,13.46,14,14844
TRVI.TO,20231205,18.82,18.82,18.75,18.75,894
TRVL.TO,20231205,22.02,22.05,21.9,21.9,3900
TRZ.TO,20231205,3.25,3.28,3.23,3.28,77910
TSAT.TO,20231205,15.3,15.3,14.9,14.94,3111
TSK.TO,20231205,0.36,0.38,0.36,0.375,32511
TSL.TO,20231205,2.86,2.86,2.85,2.85,1100
TSND.TO,20231205,2.12,2.15,2.07,2.13,255683
TSU.TO,20231205,33.25,33.94,32.97,33.03,52872
TTNM.TO,20231205,2.3,2.32,2.27,2.27,43786
TTP.TO,20231205,23.32,23.39,23.31,23.32,24730
TUED.TO,20231205,21.19,21.42,21.19,21.41,7300
TUED.U.TO,20231205,15.7,15.71,15.7,15.71,300
TUHY.TO,20231205,20.56,20.6,20.56,20.6,5500
TULV.TO,20231205,18.35,18.35,18.35,18.35,1300
TUSB.U.TO,20231205,9.89,9.89,9.89,9.89,4000
TVA.B.TO,20231205,1.38,1.4,1.35,1.37,8900
TVE.TO,20231205,3.5,3.53,3.35,3.36,2674205
TVK.TO,20231205,36.25,36.76,36.25,36.6,2509
TWC.TO,20231205,16.87,16.87,16.65,16.65,2872
TWM.TO,20231205,1,1.02,1,1,169568
TWM.DB.TO,20231205,97,97.5,97,97.5,9000
TXF.TO,20231205,18.4,18.47,18.33,18.47,45581
TXF.B.TO,20231205,22.5,22.67,22.5,22.67,401
TXF.U.TO,20231205,9.63,9.63,9.63,9.63,1600
TXG.TO,20231205,15.3,15.49,14.18,14.2,532725
TXP.TO,20231205,0.85,0.85,0.82,0.82,91207
TXT.UN.TO,20231205,2.4,2.4,2.4,2.4,200
U.U.TO,20231205,20.05,20.05,19.69,19.74,17391
U.UN.TO,20231205,27,27.19,26.68,26.74,303878
UBIL.U.TO,20231205,50.01,50.01,49.99,50,3925
UDIV.TO,20231205,11.74,11.75,11.74,11.74,2150
UDIV.B.TO,20231205,12.31,12.31,12.31,12.31,300
ULV.C.TO,20231205,30.6,30.6,30.6,30.6,800
ULV.F.TO,20231205,44.89,44.89,44.69,44.69,1100
ULV.U.TO,20231205,22.54,22.54,22.54,22.54,800
UMAX.TO,20231205,14.97,15.02,14.95,14.97,47575
UNC.TO,20231205,112.81,113,112.76,113,5274
UNI.TO,20231205,1.29,1.29,1.29,1.29,4300
URB.TO,20231205,4.52,4.62,4.44,4.55,4700
URB.A.TO,20231205,4.1,4.13,4.08,4.12,76551
URC.TO,20231205,3.99,3.99,3.83,3.83,75440
URC.WT.TO,20231205,1.97,1.97,1.9,1.9,4700
URE.TO,20231205,2.2,2.2,2.1,2.1,46285
USA.TO,20231205,0.37,0.37,0.35,0.35,80516
USCC.TO,20231205,17.03,17.07,17.02,17.07,2392
USCL.TO,20231205,19.65,19.71,19.65,19.71,4306
UTIL.TO,20231205,20.25,20.39,20.19,20.23,6790
VA.TO,20231205,34.91,34.91,34.88,34.88,631
VAB.TO,20231205,22.54,22.66,22.54,22.65,104372
VALT.TO,20231205,25.25,25.32,25.25,25.32,377
VALT.B.TO,20231205,27.27,27.29,27.27,27.29,300
VBAL.TO,20231205,28.91,29,28.91,28.99,70702
VBNK.TO,20231205,10.99,11.26,10.99,11.25,6912
VBNK.PR.A.TO,20231205,9.7,9.75,9.7,9.75,843
VCB.TO,20231205,23.09,23.19,23.09,23.19,21252
VCE.TO,20231205,44.78,44.97,44.78,44.89,15162
VCIP.TO,20231205,24.8,24.8,24.8,24.8,329
VCM.TO,20231205,15.95,16.04,15.5,15.62,5400
VCN.TO,20231205,41.57,41.73,41.54,41.59,47315
VCNS.TO,20231205,26.65,26.79,26.65,26.78,11180
VDU.TO,20231205,39.05,39.1,39.01,39.08,10512
VDY.TO,20231205,41.17,41.37,41.13,41.23,106208
VE.TO,20231205,32.3,32.34,32.3,32.32,1459
VEE.TO,20231205,32.76,32.91,32.72,32.9,17884
VEF.TO,20231205,50.15,50.25,50.14,50.19,4503
VEQT.TO,20231205,36.47,36.55,36.43,36.51,48497
VET.TO,20231205,16.24,16.42,15.8,15.82,619341
VFV.TO,20231205,109.91,110.41,109.91,110.4,106618
VGCX.TO,20231205,6.71,6.8,6.5,6.55,546681
VGG.TO,20231205,76.31,76.37,76.17,76.36,6326
VGH.TO,20231205,54.21,54.26,54.1,54.18,4827
VGRO.TO,20231205,31.15,31.27,31.15,31.24,85814
VGV.TO,20231205,22.16,22.21,22.15,22.2,32335
VGZ.TO,20231205,0.5,0.52,0.5,0.51,50215
VHI.TO,20231205,4.21,4.22,4.04,4.05,44580
VI.TO,20231205,35.11,35.23,35.11,35.19,9779
VIDY.TO,20231205,27.93,28.02,27.92,28.01,3134
VIU.TO,20231205,31.05,31.1,31,31.09,37451
VLB.TO,20231205,21.24,21.48,21.24,21.47,48491
VLE.TO,20231205,3.73,3.8,3.52,3.59,1058237
VLN.TO,20231205,5.64,5.64,5.29,5.38,8140
VMO.TO,20231205,47.42,47.57,47.39,47.54,2639
VNP.TO,20231205,3.2,3.22,3.15,3.18,48028
VOXR.TO,20231205,2.83,2.88,2.83,2.88,9290
VPH.TO,20231205,0.15,0.15,0.15,0.15,23499
VQS.TO,20231205,0.13,0.13,0.115,0.115,163012
VRE.TO,20231205,28.73,29.03,28.73,28.97,9756
VRIF.TO,20231205,23.35,23.41,23.35,23.39,4571
VRTS.TO,20231205,0.03,0.035,0.03,0.035,46999
VSB.TO,20231205,22.55,22.59,22.55,22.58,38461
VSC.TO,20231205,23.06,23.1,23.06,23.09,38589
VSP.TO,20231205,74.63,74.95,74.59,74.8,47791
VUN.TO,20231205,83.56,83.8,83.47,83.8,24633
VUS.TO,20231205,80.88,81.3,80.88,81.15,9062
VVL.TO,20231205,44.81,44.81,44.47,44.51,4533
VXC.TO,20231205,50.86,50.97,50.8,50.94,10161
VXM.B.TO,20231205,27.07,27.07,27.04,27.04,1100
WCN.TO,20231205,189.79,190.8,188.98,190.44,362776
WCP.TO,20231205,9.28,9.31,9.11,9.12,1631101
WDO.TO,20231205,8.63,8.8,8.3,8.31,324901
WEED.TO,20231205,1.01,1.1,0.86,0.9,12609930
WEF.TO,20231205,0.67,0.69,0.65,0.69,286010
WELL.TO,20231205,3.9,3.92,3.81,3.83,424206
WELL.DB.TO,20231205,90,90,90,90,69000
WFG.TO,20231205,106.46,106.47,104.11,105.17,218369
WILD.TO,20231205,1.19,1.2,1.12,1.2,120705
WJX.TO,20231205,27.39,28.68,27.39,28.43,34714
WJX.DB.TO,20231205,99.5,99.5,99.5,99.5,15000
WLLW.TO,20231205,0.1,0.1,0.09,0.09,48100
WM.TO,20231205,0.11,0.115,0.11,0.11,748200
WN.TO,20231205,157.01,162.07,156.6,161.04,208166
WN.PR.A.TO,20231205,21.65,21.66,21.26,21.3,10225
WN.PR.C.TO,20231205,19.31,19.51,19.31,19.36,3050
WN.PR.D.TO,20231205,19.4,19.48,19.36,19.46,3900
WN.PR.E.TO,20231205,17.7,17.88,17.61,17.73,2244
WNDR.TO,20231205,0.21,0.22,0.2,0.205,1113554
WNDR.WT.B.TO,20231205,0.065,0.065,0.015,0.015,5000
WPK.TO,20231205,38.91,39.35,38.83,38.84,33541
WPM.TO,20231205,65.9,66.27,64.97,65.43,905979
WPRT.TO,20231205,10.46,10.46,10.03,10.03,5497
WRN.TO,20231205,1.73,1.75,1.65,1.68,61185
WRX.TO,20231205,0.155,0.155,0.155,0.155,10000
WSP.TO,20231205,186.42,189.25,186.33,187.82,211320
WSRD.TO,20231205,26.7,26.7,26.7,26.7,1843
WSRI.TO,20231205,36.26,36.26,36.26,36.26,1702
WTE.TO,20231205,26.22,26.55,26.2,26.37,52702
WXM.TO,20231205,24.54,24.66,24.54,24.66,7263
X.TO,20231205,29.58,29.75,29.55,29.68,340470
XAD.TO,20231205,53.41,53.41,53.41,53.41,100
XAGG.TO,20231205,36.24,36.26,36.24,36.26,600
XAGG.U.TO,20231205,26.55,26.55,26.55,26.55,500
XAGH.TO,20231205,33.13,33.19,33.13,33.19,400
XAM.TO,20231205,0.05,0.05,0.05,0.05,1500
XAU.TO,20231205,8.37,8.37,8.2,8.2,1130
XAW.TO,20231205,35.42,35.55,35.42,35.55,19488
XBAL.TO,20231205,26.18,26.31,26.18,26.29,45577
XBB.TO,20231205,27.64,27.75,27.6,27.72,341852
XBM.TO,20231205,17.29,17.29,17.07,17.08,23635
XCB.TO,20231205,19.31,19.38,19.29,19.35,60960
XCBG.TO,20231205,36.11,36.11,36.11,36.11,400
XCBU.U.TO,20231205,25.41,25.41,25.41,25.41,1300
XCG.TO,20231205,45.73,45.84,45.73,45.8,2538
XCH.TO,20231205,15.48,15.53,15.42,15.53,25807
XCHP.TO,20231205,39.89,39.89,39.89,39.89,100
XCLN.TO,20231205,32.6,32.6,32.6,32.6,160
XCNS.TO,20231205,21.23,21.27,21.2,21.25,4478
XCS.TO,20231205,17.62,17.62,17.49,17.5,12359
XCSR.TO,20231205,59.24,59.67,59.24,59.67,851
XCV.TO,20231205,32.55,32.6,32.55,32.58,1801
XDG.TO,20231205,23.51,23.53,23.5,23.52,9176
XDIV.TO,20231205,25.22,25.3,25.17,25.18,45576
XDSR.TO,20231205,51.47,51.47,51.4,51.41,715
XDU.TO,20231205,26.3,26.32,26.26,26.27,1900
XDU.U.TO,20231205,19.38,19.38,19.38,19.38,163
XDUH.TO,20231205,24.08,24.08,24.08,24.08,635
XDV.TO,20231205,26.45,26.63,26.45,26.52,24282
XEB.TO,20231205,15.38,15.38,15.34,15.36,759
XEC.TO,20231205,25.5,25.63,25.5,25.6,7777
XEC.U.TO,20231205,19.4,19.4,19.4,19.4,200
XEF.TO,20231205,33.9,34.01,33.9,33.97,56295
XEF.U.TO,20231205,25.05,25.05,25.03,25.03,1300
XEG.TO,20231205,16.22,16.31,16.03,16.03,843229
XEH.TO,20231205,29.92,29.92,29.92,29.92,1097
XEI.TO,20231205,24.25,24.31,24.19,24.19,73979
XEM.TO,20231205,29.25,29.35,29.25,29.35,4878
XEN.TO,20231205,31.44,31.54,31.44,31.53,1006
XEQT.TO,20231205,27.08,27.15,27.07,27.12,63079
XESG.TO,20231205,24.76,24.79,24.71,24.71,15944
XEU.TO,20231205,27.44,27.48,27.44,27.48,401
XFH.TO,20231205,28.53,28.66,28.53,28.61,8209
XFLB.TO,20231205,49.43,49.79,49.43,49.79,6400
XFN.TO,20231205,45.01,45.26,45.01,45.15,111160
XFR.TO,20231205,20.11,20.12,20.11,20.12,19737
XGB.TO,20231205,19.06,19.15,19.05,19.12,80888
XGD.TO,20231205,17.93,18.01,17.65,17.83,362592
XGI.TO,20231205,44.91,44.99,44.9,44.99,600
XGRO.TO,20231205,25.32,25.37,25.3,25.36,25044
XHAK.TO,20231205,42.18,42.18,42.18,42.18,108
XHB.TO,20231205,18.67,18.77,18.67,18.76,13694
XHC.TO,20231205,66.05,66.05,65.7,65.81,1185
XHD.TO,20231205,29.87,29.87,29.8,29.8,533
XHU.TO,20231205,27.79,27.8,27.66,27.69,1651
XHY.TO,20231205,16.16,16.2,16.13,16.19,32529
XIC.TO,20231205,32.52,32.64,32.48,32.52,296679
XID.TO,20231205,49.44,49.5,49.43,49.5,682
XIG.TO,20231205,19.98,20.02,19.98,20,944
XIN.TO,20231205,32.41,32.49,32.4,32.45,2718
XIT.TO,20231205,49.96,51.01,49.96,50.88,49608
XIU.TO,20231205,31,31.14,30.98,31.07,1818381
XLB.TO,20231205,19.42,19.6,19.4,19.57,288763
XLY.TO,20231205,0.015,0.02,0.015,0.02,1475231
XMA.TO,20231205,17.25,17.25,17.14,17.17,9104
XMC.TO,20231205,27.41,27.46,27.21,27.27,8823
XMC.U.TO,20231205,20.22,20.24,20.22,20.24,3600
XMD.TO,20231205,30.68,30.68,30.53,30.53,1448
XMH.TO,20231205,23.88,23.88,23.74,23.75,6070
XMI.TO,20231205,34.91,34.97,34.91,34.94,1975
XMM.TO,20231205,26.44,26.44,26.44,26.44,700
XMS.TO,20231205,32.03,32.03,32.03,32.03,100
XMTM.TO,20231205,24.7,24.7,24.7,24.7,100
XMU.TO,20231205,69.43,69.84,69.43,69.84,666
XMV.TO,20231205,38.74,38.78,38.65,38.65,5899
XMW.TO,20231205,47.35,47.35,47.35,47.35,140
XPF.TO,20231205,13.87,13.88,13.84,13.84,14002
XQB.TO,20231205,18.57,18.61,18.56,18.6,49815
XQLT.TO,20231205,31.35,31.35,31.25,31.32,4861
XQQ.TO,20231205,120.15,121.42,120.15,121.04,43232
XRB.TO,20231205,22.14,22.16,22.02,22.05,11849
XRE.TO,20231205,15.29,15.49,15.29,15.47,320670
XSAB.TO,20231205,17.72,17.79,17.72,17.79,8349
XSB.TO,20231205,25.98,26.01,25.98,26.01,141180
XSE.TO,20231205,17.81,17.83,17.81,17.83,2701
XSEA.TO,20231205,23.33,23.39,23.32,23.38,5644
XSEM.TO,20231205,18.39,18.44,18.39,18.44,4525
XSH.TO,20231205,18.24,18.24,18.2,18.22,91054
XSHG.TO,20231205,37.59,37.6,37.59,37.6,200
XSHU.U.TO,20231205,29.8,29.8,29.8,29.8,500
XSI.TO,20231205,16.71,16.74,16.71,16.74,2800
XSMC.TO,20231205,27.23,27.23,27.02,27.02,3256
XSMH.TO,20231205,24.95,24.95,24.77,24.77,939
XSP.TO,20231205,48.09,48.32,48.05,48.19,159440
XST.TO,20231205,86.38,87.45,86.38,86.74,11468
XSTB.TO,20231205,19.04,19.06,19.04,19.06,5871
XSTH.TO,20231205,36.58,36.58,36.56,36.56,828
XSTP.TO,20231205,40.16,40.2,40.16,40.2,3639
XSU.TO,20231205,36.51,36.51,36.17,36.21,91099
XSUS.TO,20231205,32.99,33.09,32.99,33.08,5795
XTC.TO,20231205,7.75,7.8,7.71,7.73,17597
XTD.TO,20231205,2.76,2.9,2.76,2.88,16497
XTLH.TO,20231205,35.54,35.89,35.54,35.88,12150
XTLT.TO,20231205,36.17,36.6,36.17,36.52,8900
XTR.TO,20231205,10.25,10.28,10.25,10.27,10635
XTRA.TO,20231205,0.79,0.8,0.78,0.78,81553
XUH.TO,20231205,38.15,38.15,38.15,38.15,1048
XUS.TO,20231205,77.07,77.38,77.04,77.37,35436
XUS.U.TO,20231205,57.58,57.74,57.52,57.67,17383
XUSR.TO,20231205,65.42,65.56,65.42,65.51,802
XUT.TO,20231205,24.98,25.05,24.75,24.81,139179
XUU.TO,20231205,46,46.16,46,46.16,27667
XUU.U.TO,20231205,34.14,34.14,34.14,34.14,166
XVLU.TO,20231205,24.25,24.25,24.25,24.25,100
XWD.TO,20231205,74.68,74.93,74.68,74.89,5784
Y.TO,20231205,11.03,11.08,11,11,2903
YCM.TO,20231205,0.93,0.93,0.9,0.9,1500
YGR.TO,20231205,1.37,1.38,1.34,1.36,108508
YRB.TO,20231205,0.035,0.035,0.035,0.035,5000
ZACE.TO,20231205,34.74,34.82,34.74,34.82,200
ZAG.TO,20231205,13.55,13.61,13.55,13.61,201944
ZBAL.TO,20231205,34.72,34.95,34.72,34.93,7922
ZBAL.T.TO,20231205,27.37,27.37,27.37,27.37,151
ZBK.TO,20231205,24.52,24.57,24.45,24.45,8500
ZCB.TO,20231205,45.65,45.65,45.65,45.65,1300
ZCDB.TO,20231205,28.69,28.72,28.69,28.72,34500
ZCH.TO,20231205,13.19,13.33,13.19,13.3,4797
ZCLN.TO,20231205,15.25,15.28,15.18,15.22,11196
ZCM.TO,20231205,14.67,14.7,14.66,14.69,16727
ZCN.TO,20231205,27.35,27.46,27.35,27.37,58996
ZCPB.TO,20231205,27.23,27.27,27.23,27.27,1163
ZCS.TO,20231205,13.27,13.28,13.27,13.27,67640
ZDB.TO,20231205,14.58,14.62,14.57,14.62,51904
ZDH.TO,20231205,24.75,24.86,24.74,24.8,4869
ZDI.TO,20231205,21.9,21.92,21.84,21.87,6797
ZDJ.TO,20231205,56.57,56.6,56.43,56.55,2137
ZDM.TO,20231205,26.37,26.47,26.37,26.41,18772
ZDV.TO,20231205,19.05,19.13,19.03,19.06,41954
ZDY.TO,20231205,37.12,37.18,37.12,37.14,1405
ZDY.U.TO,20231205,28.05,28.05,27.97,28.03,605
ZEA.TO,20231205,20.6,20.72,20.6,20.66,9027
ZEB.TO,20231205,32.35,32.62,32.33,32.59,1469178
ZEF.TO,20231205,11.99,12,11.99,12,421
ZEM.TO,20231205,19.16,19.23,19.11,19.18,23389
ZEO.TO,20231205,64.95,64.95,64.42,64.42,4079
ZEQ.TO,20231205,28.45,28.55,28.45,28.49,3822
ZEQT.TO,20231205,41.36,41.43,41.36,41.42,1386
ZFH.TO,20231205,14.27,14.27,14.27,14.27,104
ZFL.TO,20231205,13.22,13.39,13.21,13.37,167956
ZFM.TO,20231205,14.29,14.31,14.29,14.29,5885
ZFN.TO,20231205,40.58,40.62,40.58,40.62,2779
ZFS.TO,20231205,13.41,13.41,13.4,13.4,5914
ZGB.TO,20231205,45.07,45.25,45.07,45.25,7001
ZGD.TO,20231205,75,75.1,75,75.1,793
ZGI.TO,20231205,42.75,42.84,42.7,42.71,1935
ZGQ.TO,20231205,54.02,54.09,53.93,54.09,5172
ZGRO.TO,20231205,37.97,38.07,37.97,38.06,3395
ZGSB.TO,20231205,25.98,25.98,25.95,25.96,1061
ZHP.TO,20231205,17.44,17.46,17.44,17.46,411
ZHY.TO,20231205,10.9,10.92,10.9,10.91,9122
ZIC.TO,20231205,17.08,17.14,17.08,17.14,2338
ZID.TO,20231205,42.02,42.02,42.02,42.02,678
ZIN.TO,20231205,35.23,35.37,35.23,35.37,1427
ZIU.TO,20231205,47.5,47.54,47.5,47.54,619
ZJG.TO,20231205,68.69,68.69,68.69,68.69,203
ZJK.TO,20231205,17.6,17.63,17.58,17.58,2818
ZJPN.TO,20231205,30.82,30.82,30.81,30.81,463
ZJPN.F.TO,20231205,39.02,39.02,39.02,39.02,200
ZLB.TO,20231205,41.1,41.36,41.08,41.23,26946
ZLC.TO,20231205,15,15.18,15,15.18,53084
ZLH.TO,20231205,30.92,30.92,30.92,30.92,320
ZLI.TO,20231205,23.35,23.38,23.35,23.38,980
ZLU.TO,20231205,46.98,46.98,46.8,46.85,6776
ZLU.U.TO,20231205,35.35,35.36,35.35,35.36,2300
ZMI.TO,20231205,15.77,15.84,15.77,15.84,2714
ZMI.U.TO,20231205,26.34,26.34,26.34,26.34,100
ZMID.TO,20231205,38.38,38.38,38.18,38.18,867
ZMMK.TO,20231205,49.96,49.96,49.95,49.95,72403
ZMP.TO,20231205,13.5,13.5,13.5,13.5,1386
ZMT.TO,20231205,51.2,51.2,51.2,51.2,220
ZMU.TO,20231205,12.43,12.5,12.43,12.48,15880
ZNQ.TO,20231205,69.35,69.87,69.35,69.86,13387
ZNQ.U.TO,20231205,34.71,34.71,34.71,34.71,313
ZPAY.TO,20231205,30.2,30.25,30.19,30.24,3959
ZPAY.F.TO,20231205,28.24,28.25,28.24,28.25,1001
ZPAY.U.TO,20231205,28.88,29.04,28.88,29.04,200
ZPL.TO,20231205,12.59,12.69,12.58,12.69,41142
ZPR.TO,20231205,9.1,9.11,9.08,9.09,108553
ZPS.TO,20231205,12.03,12.03,12.03,12.03,1903
ZPW.TO,20231205,15.71,15.71,15.71,15.71,1001
ZQB.TO,20231205,27.84,27.84,27.84,27.84,400
ZQQ.TO,20231205,111.36,112.55,111.36,112.13,44563
ZRE.TO,20231205,19.84,19.99,19.84,19.95,51722
ZRR.TO,20231205,14.5,14.58,14.44,14.58,18169
ZSML.U.TO,20231205,34.83,34.83,34.83,34.83,1500
ZSP.TO,20231205,67.74,68.01,67.71,67.97,148235
ZSP.U.TO,20231205,49.98,50.08,49.98,50.02,3140
ZST.TO,20231205,48.76,48.76,48.73,48.73,14911
ZST.L.TO,20231205,57.23,57.24,57.23,57.24,7609
ZSU.TO,20231205,13.13,13.13,13.13,13.13,1200
ZTIP.TO,20231205,31.02,31.05,31.02,31.05,500
ZTIP.F.TO,20231205,28.51,28.55,28.49,28.55,1100
ZUAG.F.TO,20231205,29.29,29.29,29.29,29.29,1200
ZUAG.U.TO,20231205,29.5,29.5,29.5,29.5,1218
ZUB.TO,20231205,22.78,22.82,22.64,22.67,16683
ZUCM.TO,20231205,30.2,30.2,30.2,30.2,2050
ZUE.TO,20231205,63.69,63.92,63.57,63.77,8043
ZUH.TO,20231205,64.5,64.53,64.46,64.46,725
ZUP.TO,20231205,19.62,19.62,19.62,19.62,125
ZUP.U.TO,20231205,18.65,18.65,18.64,18.65,2370
ZUQ.TO,20231205,64.89,65.18,64.83,65.18,3149
ZUQ.F.TO,20231205,40.98,41.05,40.97,41.05,413
ZUQ.U.TO,20231205,42.4,42.4,42.4,42.4,100
ZUS.U.TO,20231205,46.77,46.77,46.77,46.77,1000
ZUS.V.TO,20231205,54.44,54.44,54.39,54.39,1200
ZUT.TO,20231205,19.8,19.87,19.57,19.59,28438
ZVU.TO,20231205,25.99,25.99,25.99,25.99,150
ZWB.TO,20231205,16.8,16.93,16.8,16.92,139488
ZWB.U.TO,20231205,21.35,21.35,21.35,21.35,1802
ZWC.TO,20231205,16.65,16.74,16.65,16.69,90759
ZWE.TO,20231205,19.61,19.68,19.6,19.67,5296
ZWEN.TO,20231205,28.81,28.83,28.76,28.76,6212
ZWG.TO,20231205,28.31,28.53,28.31,28.52,5403
ZWH.TO,20231205,21.68,21.73,21.68,21.72,8758
ZWH.U.TO,20231205,21.99,21.99,21.94,21.95,2002
ZWK.TO,20231205,18.22,18.28,18.15,18.22,70142
ZWP.TO,20231205,17.24,17.25,17.18,17.24,6020
ZWQT.TO,20231205,15.3,15.3,15.29,15.3,584
ZWS.TO,20231205,19.02,19.06,19.02,19.05,1168
ZWT.TO,20231205,35.2,35.65,35.2,35.65,1711
ZWU.TO,20231205,10.29,10.3,10.24,10.25,254330
ZXM.B.TO,20231205,32.91,32.91,32.91,32.91,100
ZZZ.TO,20231205,24.63,25.29,24.63,25,53041
ZZZD.TO,20231205,28.28,28.28,28.28,28.28,200
