<ticker>,<date>,<open>,<high>,<low>,<close>,<vol>
AAB.TO,20230719,0.03,0.03,0.03,0.03,352000
AAV.TO,20230719,8.86,9.04,8.85,9.02,588918
ABX.TO,20230719,23.2,23.39,23.16,23.23,3649519
AC.TO,20230719,25.6,25.8,25.54,25.79,2111133
ACB.TO,20230719,0.7,0.72,0.7,0.71,422689
ACD.TO,20230719,6.2,6.2,6.2,6.2,100
ACO.X.TO,20230719,38.07,38.61,38.07,38.54,204211
ACQ.TO,20230719,21.72,22.06,21.57,21.85,25945
AD.DB.TO,20230719,97.37,97.37,97.3,97.3,51000
AD.UN.TO,20230719,15.57,15.71,15.51,15.69,47199
ADCO.TO,20230719,0.21,0.21,0.21,0.21,500
ADEN.TO,20230719,34.25,34.55,32.4,33.84,127720
ADN.TO,20230719,16.43,16.5,16.33,16.43,4675
ADW.A.TO,20230719,4.07,4.16,4.07,4.1,35408
AEM.TO,20230719,70.92,71.35,70.32,70.58,587854
AFN.TO,20230719,52.64,54.46,52.63,54.35,56600
AFN.DB.F.TO,20230719,98.02,98.02,98.02,98.02,12000
AFN.DB.G.TO,20230719,98,98,96.56,96.56,50000
AFN.DB.H.TO,20230719,96.25,96.25,96.25,96.25,7000
AFN.DB.I.TO,20230719,130,132,130,132,122000
AFN.DB.J.TO,20230719,101,101,101,101,55000
AGF.B.TO,20230719,7.77,7.94,7.77,7.93,110672
AGI.TO,20230719,17.04,17.1,16.92,16.93,390477
AI.TO,20230719,11.24,11.48,11.19,11.45,63147
AI.DB.C.TO,20230719,97.12,97.12,97.12,97.12,2000
AI.DB.D.TO,20230719,95.5,96.4,95.5,96.4,6000
AIF.TO,20230719,44.34,44.45,43.76,43.87,52673
AII.TO,20230719,0.59,0.6,0.57,0.6,44120
AIM.TO,20230719,3.56,3.56,3.53,3.56,23117
AIM.PR.C.TO,20230719,19.79,19.85,19.32,19.85,1800
AKT.A.TO,20230719,1.5,1.53,1.44,1.5,52700
ALA.TO,20230719,24.35,24.52,24.24,24.43,1511116
ALA.PR.A.TO,20230719,14.9,14.9,14.85,14.85,1100
ALA.PR.B.TO,20230719,17.36,17.36,17.11,17.11,700
ALA.PR.G.TO,20230719,17.02,17.1,17.01,17.1,6300
ALC.TO,20230719,15.02,15.05,14.99,15.03,5580
ALC.DB.A.TO,20230719,102.57,103.1,102.55,102.97,68000
ALS.TO,20230719,21.54,21.54,21.39,21.4,28857
ALYA.TO,20230719,2.65,2.77,2.65,2.71,58403
AMC.TO,20230719,2.92,2.92,2.8,2.84,184577
AND.TO,20230719,44.19,44.91,43.9,44.46,14033
AOI.TO,20230719,2.94,2.96,2.9,2.9,206613
AOT.TO,20230719,0.6,0.6,0.59,0.59,97475
AP.UN.TO,20230719,22.14,22.59,21.92,22.56,325572
APLI.TO,20230719,0.055,0.075,0.055,0.07,2346233
APR.UN.TO,20230719,11.73,11.81,11.73,11.76,13355
APS.TO,20230719,5.66,5.72,5.66,5.72,1032
AQN.TO,20230719,10.75,11.06,10.75,10.91,5289300
AQN.PR.A.TO,20230719,19.18,19.24,19.1,19.16,13257
AQN.PR.D.TO,20230719,19.35,19.36,19.12,19.12,11466
AR.TO,20230719,0.61,0.61,0.59,0.59,843491
ARA.TO,20230719,0.36,0.36,0.355,0.355,38420
ARB.TO,20230719,25.89,25.9,25.75,25.75,3800
ARE.TO,20230719,12.3,12.6,12.2,12.59,354533
ARG.TO,20230719,1.59,1.6,1.57,1.58,81752
ARIS.TO,20230719,3.56,3.68,3.55,3.63,196375
ARIS.WT.A.TO,20230719,0.22,0.22,0.22,0.22,1500
ARKG.TO,20230719,16.18,16.37,16.11,16.15,3854
ARKK.TO,20230719,19.46,19.71,19.28,19.49,15783
ARKW.TO,20230719,21.5,21.5,21.15,21.19,1477
ARR.TO,20230719,9.01,9.07,9,9.04,5475
ARX.TO,20230719,18.96,19.37,18.93,19.31,2391437
ASCU.TO,20230719,1.68,1.79,1.67,1.72,26550
ASM.TO,20230719,0.98,0.99,0.97,0.97,32613
ASND.TO,20230719,0.17,0.17,0.17,0.17,6000
ASTL.TO,20230719,9.34,9.4,9.27,9.34,87391
ASTL.WT.TO,20230719,1.52,1.52,1.5,1.5,13900
ATCU.TO,20230719,0.52,0.54,0.52,0.53,29075
ATD.TO,20230719,67.35,67.56,67.02,67.08,633534
ATH.TO,20230719,3.41,3.41,3.34,3.35,3024422
ATS.TO,20230719,64.32,64.8,63.07,63.59,71364
ATSX.TO,20230719,22.61,22.61,22.61,22.61,1600
ATZ.TO,20230719,26.63,27.4,26.63,27.32,411890
AUMN.TO,20230719,2.02,2.12,1.96,2.02,5790
AVCN.TO,20230719,0.295,0.305,0.29,0.305,9501
AVL.TO,20230719,0.155,0.175,0.155,0.17,1353381
AVNT.TO,20230719,0.18,0.21,0.18,0.2,2163307
AW.UN.TO,20230719,35.25,35.55,34.8,34.8,8633
AX.PR.E.TO,20230719,17.43,17.43,17.3,17.3,5450
AX.PR.I.TO,20230719,19.2,19.2,19,19.2,12141
AX.UN.TO,20230719,7.19,7.19,7.11,7.19,268819
AYA.TO,20230719,9.34,9.35,9.02,9.17,111118
BABY.TO,20230719,0.67,0.7,0.67,0.7,34326
BABY.WT.A.TO,20230719,0.12,0.12,0.12,0.12,1000
BAM.TO,20230719,44.18,44.58,44.09,44.38,463426
BANK.TO,20230719,7.69,7.72,7.68,7.72,13311
BASE.TO,20230719,26.77,26.77,26.74,26.74,907
BB.TO,20230719,6.43,6.48,6.32,6.38,948946
BBD.A.TO,20230719,58.84,60.18,58.84,59.89,4322
BBD.B.TO,20230719,58.55,60.15,58.55,59.78,355815
BBD.PR.B.TO,20230719,17.19,17.19,16.77,16.77,640
BBD.PR.C.TO,20230719,17.86,17.94,17.86,17.94,1806
BBD.PR.D.TO,20230719,21.16,21.43,21.1,21.43,3300
BBU.UN.TO,20230719,24.21,25.1,24.21,24.96,14450
BBUC.TO,20230719,26.05,26.4,25.67,26.4,29135
BCE.TO,20230719,57.6,57.97,57.53,57.77,2103916
BCE.PR.A.TO,20230719,17.23,17.23,17,17.13,14747
BCE.PR.B.TO,20230719,18.1,18.1,18.05,18.06,1800
BCE.PR.C.TO,20230719,17.56,17.65,17.53,17.6,3327
BCE.PR.D.TO,20230719,18.04,18.07,18.03,18.03,1500
BCE.PR.E.TO,20230719,18.05,18.05,17.95,18,22900
BCE.PR.F.TO,20230719,15.95,16,15.9,16,7000
BCE.PR.G.TO,20230719,15,15,15,15,100
BCE.PR.H.TO,20230719,18.14,18.14,18.04,18.04,1100
BCE.PR.I.TO,20230719,14.8,14.94,14.8,14.9,6900
BCE.PR.J.TO,20230719,18.12,18.14,18.02,18.14,5299
BCE.PR.K.TO,20230719,14.32,14.5,14.32,14.48,793
BCE.PR.L.TO,20230719,16.1,16.1,16.05,16.05,1100
BCE.PR.M.TO,20230719,14.97,14.97,14.97,14.97,300
BCE.PR.Q.TO,20230719,21.24,21.45,21.23,21.45,17625
BCE.PR.R.TO,20230719,15.05,15.05,15.04,15.05,1778
BCE.PR.S.TO,20230719,18.02,18.05,18.02,18.05,1300
BCE.PR.T.TO,20230719,17.7,17.7,17.65,17.65,1600
BCE.PR.Y.TO,20230719,18.09,18.09,18,18,3670
BCE.PR.Z.TO,20230719,18.19,18.19,18.19,18.19,500
BCT.TO,20230719,8.51,8.63,8.45,8.49,4093
BDGI.TO,20230719,31.91,32.07,31.61,31.73,52652
BDI.TO,20230719,6.1,6.13,6.01,6.04,93620
BDIV.TO,20230719,18.03,18.03,18.02,18.02,400
BDT.TO,20230719,8.72,8.89,8.72,8.85,24010
BEI.UN.TO,20230719,66.5,67.11,65.97,66.92,107983
BEP.PR.M.TO,20230719,19.69,19.83,19.64,19.7,7800
BEP.PR.R.TO,20230719,17.78,17.92,17.62,17.74,658
BEP.UN.TO,20230719,39.08,39.54,38.77,39.35,97763
BEPC.TO,20230719,41.69,42.43,41.68,42.43,149901
BEPR.TO,20230719,8.5,8.52,8.5,8.52,2500
BESG.TO,20230719,15.43,15.46,15.43,15.46,3286
BGC.TO,20230719,28.54,28.54,28.54,28.54,100
BGI.UN.TO,20230719,4.29,4.37,4.29,4.35,38554
BGU.U.TO,20230719,27.82,27.82,27.82,27.82,2000
BHC.TO,20230719,12.44,12.67,12.09,12.24,290440
BIP.PR.A.TO,20230719,17.21,17.21,17.21,17.21,5000
BIP.PR.B.TO,20230719,21.25,21.25,21,21,1330
BIP.PR.E.TO,20230719,20.55,20.8,20.55,20.8,1900
BIP.PR.F.TO,20230719,20.52,20.52,20.5,20.5,2648
BIP.UN.TO,20230719,47.48,47.65,47.08,47.26,244894
BIPC.TO,20230719,61.33,61.67,60.7,61.27,56813
BIR.TO,20230719,7.64,7.72,7.6,7.65,803001
BITF.TO,20230719,2.4,2.48,2.35,2.42,2244611
BITI.TO,20230719,11.5,11.59,11.46,11.47,21405
BK.TO,20230719,13.13,13.18,13.12,13.17,29035
BK.PR.A.TO,20230719,10.02,10.02,10.01,10.02,207900
BKCC.TO,20230719,14.92,15,14.92,15,4100
BKCL.TO,20230719,20.47,20.64,20.47,20.64,2639
BKI.TO,20230719,0.09,0.095,0.09,0.09,33700
BLB.UN.TO,20230719,7.78,7.84,7.78,7.84,803
BLCO.TO,20230719,26.78,26.78,26.15,26.47,11017
BLDP.TO,20230719,6.19,6.33,6.16,6.28,583395
BLN.TO,20230719,3.54,3.68,3.54,3.66,28601
BLX.TO,20230719,35.18,35.93,35.18,35.86,268321
BMAX.TO,20230719,12.5,12.52,12.47,12.49,12711
BMO.TO,20230719,122.92,123.62,122.52,123.38,2066934
BMO.PR.E.TO,20230719,21.74,21.8,21.74,21.75,8204
BMO.PR.T.TO,20230719,17.15,17.25,17.15,17.25,8899
BMO.PR.W.TO,20230719,17.31,17.31,17.06,17.06,619
BN.TO,20230719,46.5,47.29,46.45,47.11,1506132
BN.PF.A.TO,20230719,19.79,19.94,19.79,19.94,2747
BN.PF.B.TO,20230719,16.44,16.45,16.36,16.45,1727
BN.PF.C.TO,20230719,17.58,17.58,17.58,17.58,759
BN.PF.D.TO,20230719,17.74,17.82,17.74,17.81,2261
BN.PF.E.TO,20230719,14.65,14.65,14.65,14.65,1000
BN.PF.F.TO,20230719,15.89,15.96,15.89,15.9,4011
BN.PF.G.TO,20230719,14.81,15.01,14.81,15.01,53345
BN.PF.H.TO,20230719,19.26,19.56,19.26,19.56,5177
BN.PF.J.TO,20230719,20.21,20.21,20.16,20.19,9753
BN.PF.K.TO,20230719,15.2,15.2,15.2,15.2,500
BN.PR.B.TO,20230719,11.45,11.45,11.42,11.45,10200
BN.PR.C.TO,20230719,11.5,11.5,11.5,11.5,200
BN.PR.M.TO,20230719,17.44,17.56,17.44,17.56,200
BN.PR.N.TO,20230719,17.38,17.41,17.33,17.4,4187
BN.PR.R.TO,20230719,13.7,13.82,13.7,13.77,6415
BN.PR.T.TO,20230719,14.01,14.1,13.95,13.95,2860
BN.PR.X.TO,20230719,14.5,14.5,14.5,14.5,4700
BN.PR.Z.TO,20230719,19,19.05,19,19.04,5838
BND.TO,20230719,17.05,17.06,17,17,3297
BNE.TO,20230719,6.15,6.15,5.95,6.02,48295
BNG.TO,20230719,0.05,0.055,0.05,0.055,3000
BNK.TO,20230719,11.33,11.47,11.33,11.47,1400
BNRE.TO,20230719,45.85,47.41,45.85,47.19,4427
BNS.TO,20230719,66.42,67.06,66.35,67.02,8470377
BOS.TO,20230719,6.95,6.98,6.5,6.67,90602
BPF.UN.TO,20230719,16.76,16.82,16.7,16.8,60598
BPO.PR.A.TO,20230719,11.4,11.42,11.4,11.42,1700
BPO.PR.C.TO,20230719,16.75,16.93,16.75,16.93,600
BPO.PR.E.TO,20230719,12.76,12.79,12.76,12.77,2948
BPO.PR.G.TO,20230719,14.75,14.75,14.75,14.75,100
BPO.PR.I.TO,20230719,14.3,14.34,14.29,14.34,3700
BPO.PR.N.TO,20230719,10.24,10.24,10.03,10.16,3970
BPO.PR.P.TO,20230719,10.55,10.55,10.55,10.55,400
BPO.PR.R.TO,20230719,11.15,11.15,11.15,11.15,1000
BPO.PR.T.TO,20230719,14.23,14.23,14.15,14.16,6300
BPO.PR.X.TO,20230719,9.57,9.73,9.57,9.73,1300
BPRF.TO,20230719,21.2,21.2,21.2,21.2,250
BPS.PR.A.TO,20230719,24.76,24.76,24.76,24.76,2900
BPS.PR.B.TO,20230719,24.76,24.76,24.75,24.75,2000
BPYP.PR.A.TO,20230719,20.82,21,20.59,21,1425
BR.TO,20230719,1.71,1.71,1.71,1.71,100
BRAG.TO,20230719,5.18,5.25,5.18,5.22,3574
BRE.TO,20230719,15.65,15.85,15.63,15.63,11311
BREA.TO,20230719,22.16,22.16,22.16,22.16,600
BRF.PR.B.TO,20230719,16.61,16.68,16.61,16.65,3200
BRF.PR.E.TO,20230719,16.67,16.68,16.67,16.68,500
BRF.PR.F.TO,20230719,16.7,16.7,16.64,16.64,1600
BRMI.TO,20230719,1.85,1.85,1.85,1.85,409
BRY.TO,20230719,0.38,0.38,0.38,0.38,1400
BSKT.TO,20230719,8.31,8.34,8.31,8.34,12702
BSX.TO,20230719,0.065,0.065,0.065,0.065,160079
BTB.DB.G.TO,20230719,99,99,99,99,1000
BTB.DB.H.TO,20230719,98.98,98.99,98.9,98.9,15000
BTB.UN.TO,20230719,3.35,3.38,3.35,3.36,50682
BTCC.TO,20230719,5.76,5.82,5.74,5.8,198455
BTCC.B.TO,20230719,5.69,5.73,5.67,5.71,339935
BTCC.U.TO,20230719,5.5,5.52,5.46,5.51,91608
BTCQ.TO,20230719,6.43,6.45,6.41,6.45,2342
BTCQ.U.TO,20230719,4.89,4.89,4.89,4.89,500
BTCX.B.TO,20230719,5.86,5.89,5.84,5.87,148604
BTCX.U.TO,20230719,5.62,5.65,5.6,5.65,3925
BTCY.TO,20230719,3.91,3.91,3.87,3.91,20574
BTCY.B.TO,20230719,4.27,4.3,4.27,4.3,1562
BTCY.U.TO,20230719,3.78,3.79,3.78,3.79,1444
BTE.TO,20230719,4.71,4.81,4.67,4.69,3134710
BTO.TO,20230719,4.97,5.02,4.93,4.94,1272575
BU.TO,20230719,0.185,0.195,0.18,0.19,16305
BUI.TO,20230719,2.2,2.2,2.2,2.2,700
BXF.TO,20230719,9.75,9.75,9.75,9.75,2525
BYD.TO,20230719,243.01,245.05,242.35,243.61,41367
BYL.TO,20230719,0.41,0.41,0.41,0.41,10026
CACB.TO,20230719,19,19.01,19,19.01,10800
CAE.TO,20230719,29.34,29.43,28.9,29.1,295660
CAFR.TO,20230719,19.74,19.74,19.73,19.73,1010
CAGG.TO,20230719,42.75,42.75,42.75,42.75,130
CALL.TO,20230719,11.4,11.64,11.4,11.61,30647
CALL.B.TO,20230719,13.71,13.71,13.71,13.71,100
CALL.U.TO,20230719,12.71,12.71,12.71,12.71,162
CAR.UN.TO,20230719,52.5,52.67,51.96,52.63,292104
CARS.TO,20230719,31.08,31.08,30.78,30.95,2240
CARS.B.TO,20230719,34.4,34.62,34.4,34.62,500
CAS.TO,20230719,11.91,11.96,11.76,11.76,49441
CASH.TO,20230719,50.14,50.14,50.13,50.14,71279
CBAL.TO,20230719,20.27,20.27,20.27,20.27,131
CBCX.TO,20230719,17.24,17.24,17.24,17.24,300
CBH.TO,20230719,16.96,16.96,16.89,16.92,3400
CBIL.TO,20230719,50.14,50.14,50.09,50.09,18777
CBNK.TO,20230719,7.38,7.43,7.35,7.42,27869
CBO.TO,20230719,17.22,17.23,17.2,17.22,9575
CBUG.TO,20230719,20.98,20.98,20.98,20.98,300
CCA.TO,20230719,66.84,67.79,66.67,66.77,53788
CCBI.TO,20230719,17.56,17.59,17.56,17.59,2500
CCEI.TO,20230719,22,22,22,22,1850
CCL.A.TO,20230719,65.95,65.95,65.95,65.95,100
CCL.B.TO,20230719,66,66,65.25,65.66,136197
CCM.TO,20230719,0.24,0.24,0.235,0.235,20500
CCO.TO,20230719,43.74,44.1,42.74,43.33,865566
CCOM.TO,20230719,20.45,20.45,20.41,20.41,3808
CCS.PR.C.TO,20230719,19.01,19.09,19.01,19.09,1700
CDIV.TO,20230719,12.74,12.74,12.7,12.73,18652
CDR.TO,20230719,1.25,1.3,1.14,1.14,118078
CDZ.TO,20230719,30.41,30.5,30.41,30.5,14054
CEE.TO,20230719,1.57,1.6,1.57,1.6,400
CEF.TO,20230719,24.85,24.92,24.85,24.92,12133
CEMI.TO,20230719,17.02,17.02,17.02,17.02,236
CET.TO,20230719,0.83,0.87,0.83,0.84,73700
CEU.TO,20230719,2.69,2.74,2.69,2.7,239290
CEW.TO,20230719,16.07,16.11,16.07,16.11,5533
CF.TO,20230719,8.56,8.65,8.56,8.63,65903
CF.PR.A.TO,20230719,12.5,12.5,12.5,12.5,1625
CF.PR.C.TO,20230719,17.23,17.24,17.23,17.23,710
CFF.TO,20230719,1.35,1.35,1.35,1.35,3806
CFLX.TO,20230719,16.93,16.93,16.88,16.88,4300
CFP.TO,20230719,23.45,23.56,22.39,22.39,168884
CFW.TO,20230719,4.5,4.83,4.45,4.78,158000
CFX.TO,20230719,2.32,2.32,2.27,2.28,4972
CG.TO,20230719,8.6,8.7,8.56,8.61,271436
CGAA.TO,20230719,23.9,23.9,23.9,23.9,200
CGBI.TO,20230719,17.38,17.38,17.38,17.38,600
CGG.TO,20230719,5.34,5.34,5.18,5.26,17408
CGHY.TO,20230719,9.6,9.6,9.57,9.57,1200
CGI.TO,20230719,35.52,36,35.52,35.94,3300
CGIN.TO,20230719,20.26,20.31,20.26,20.31,7300
CGL.TO,20230719,15.89,15.93,15.85,15.9,48727
CGL.C.TO,20230719,22.07,22.12,22.04,22.12,10344
CGLO.TO,20230719,24.94,24.97,24.92,24.92,2000
CGO.TO,20230719,52.49,53.52,52.01,52.89,25476
CGR.TO,20230719,26.85,26.85,26.7,26.8,914
CGRE.TO,20230719,20.89,20.92,20.85,20.85,600
CGX.TO,20230719,8.89,9.04,8.89,9,448858
CGXF.TO,20230719,10.53,10.72,10.53,10.7,30164
CGY.TO,20230719,63.05,63.7,62.65,63.51,12165
CHE.DB.H.TO,20230719,98.52,99.63,98.52,99,102000
CHE.UN.TO,20230719,8.64,8.74,8.59,8.67,246846
CHP.UN.TO,20230719,13.47,13.51,13.41,13.51,550458
CHPS.TO,20230719,29.19,29.19,28.78,28.81,1759
CHR.TO,20230719,3.2,3.27,3.2,3.22,248002
CHR.DB.A.TO,20230719,94.8,94.8,94.8,94.8,3000
CHR.DB.B.TO,20230719,96,96,96,96,5000
CHR.DB.C.TO,20230719,84.44,84.5,84.44,84.5,71000
CHW.TO,20230719,8,8.04,8,8,3650
CIA.TO,20230719,5.32,5.32,5.25,5.25,154752
CIBR.TO,20230719,35.74,36,35.74,35.85,446
CIC.TO,20230719,10.81,10.83,10.81,10.83,3228
CIEH.TO,20230719,20.97,20.98,20.97,20.98,700
CIEM.TO,20230719,17.29,17.29,17.2,17.24,4400
CIF.TO,20230719,35.99,36.01,35.85,35.99,7229
CIGI.TO,20230719,141.12,141.55,139.99,141.38,39964
CINF.TO,20230719,23.62,23.79,23.62,23.77,300
CINT.TO,20230719,22.02,22.02,22.02,22.02,608
CIU.PR.A.TO,20230719,17.18,17.25,17.18,17.25,400
CIU.PR.C.TO,20230719,12.5,12.8,12.5,12.77,4600
CIX.TO,20230719,16.6,16.73,16.51,16.62,586137
CJ.TO,20230719,7.09,7.17,7.04,7.07,487356
CJR.B.TO,20230719,1.51,1.57,1.5,1.57,593918
CJT.TO,20230719,94.25,96.15,94.03,95.48,42967
CJT.DB.E.TO,20230719,97,97.45,97,97.4,33000
CKI.TO,20230719,13.25,13.25,13.25,13.25,1000
CLF.TO,20230719,16.58,16.59,16.56,16.59,10836
CLG.TO,20230719,16.59,16.59,16.58,16.58,20200
CLS.TO,20230719,21.6,21.88,21.48,21.68,245865
CM.TO,20230719,57.9,58.13,57.62,57.87,2028663
CM.PR.P.TO,20230719,17.01,17.15,17,17.15,3874
CM.PR.Q.TO,20230719,18.09,18.09,18.09,18.09,584
CM.PR.S.TO,20230719,20.55,20.55,20.5,20.55,7547
CM.PR.Y.TO,20230719,24.4,24.6,24.4,24.5,5500
CMAG.TO,20230719,25.94,25.94,25.72,25.72,1040
CMAR.TO,20230719,18.1,18.1,18.08,18.08,10010
CMDO.TO,20230719,19.22,19.27,19.21,19.24,14000
CMDO.U.TO,20230719,19.36,19.36,19.36,19.36,2500
CMG.TO,20230719,7.7,7.7,7.34,7.45,45600
CMGG.TO,20230719,20.46,20.46,20.46,20.46,151
CMR.TO,20230719,50.14,50.14,50.13,50.13,55377
CNAO.TO,20230719,22.09,22.09,22.09,22.09,1100
CNCC.TO,20230719,12.3,12.31,12.3,12.31,355
CNCL.TO,20230719,20.25,20.3,20.24,20.3,2612
CNE.TO,20230719,11.24,11.47,11.23,11.45,42290
CNQ.TO,20230719,75.98,76.96,75.59,76.09,3994753
CNR.TO,20230719,154.31,155.85,153.76,155.37,1267562
CNT.TO,20230719,0.05,0.05,0.04,0.045,298390
COG.TO,20230719,0.42,0.43,0.42,0.43,2014
COW.TO,20230719,63.39,63.77,63.39,63.65,5615
CP.TO,20230719,106.11,106.75,105.14,106.33,1378690
CPD.TO,20230719,10.54,10.61,10.54,10.61,60391
CPH.TO,20230719,3.63,3.75,3.6,3.75,38376
CPLF.TO,20230719,6.14,6.6,6.14,6.55,1148954
CPX.TO,20230719,41.21,41.52,40.8,41.1,471687
CPX.PR.A.TO,20230719,12.84,12.84,12.84,12.84,1500
CPX.PR.C.TO,20230719,20.59,20.65,20.53,20.65,6081
CPX.PR.E.TO,20230719,20.7,20.75,20.65,20.75,3100
CPX.PR.K.TO,20230719,23.9,23.9,23.9,23.9,100
CR.TO,20230719,5.61,5.66,5.51,5.56,280308
CRDL.TO,20230719,1.07,1.07,1.03,1.05,61508
CRED.TO,20230719,18.9,18.9,18.9,18.9,5700
CRON.TO,20230719,2.44,2.54,2.44,2.52,142553
CROP.TO,20230719,17.46,17.49,17.46,17.49,3500
CRP.TO,20230719,2.34,2.35,2.34,2.35,16700
CRR.UN.TO,20230719,13.74,13.88,13.71,13.87,127989
CRRX.TO,20230719,2.25,2.25,2.22,2.22,12800
CRT.UN.TO,20230719,15.29,15.54,15.25,15.53,86377
CS.TO,20230719,6.28,6.44,6.26,6.44,955015
CSAV.TO,20230719,50.16,50.17,50.16,50.17,30157
CSBI.TO,20230719,19.71,19.72,19.71,19.72,800
CSE.PR.A.TO,20230719,12.58,12.65,12.58,12.65,725
CSH.UN.TO,20230719,9.85,9.86,9.77,9.81,258187
CSU.TO,20230719,2803.03,2829.34,2778,2813.15,19276
CSU.DB.TO,20230719,140.5,140.5,140,140,13000
CSW.A.TO,20230719,15.13,15.2,15,15.05,4963
CSW.B.TO,20230719,13.74,13.8,13.74,13.8,3050
CTC.A.TO,20230719,183.85,185.04,183.7,184.87,124842
CTF.UN.TO,20230719,3,3,2.97,3,32379
CTS.TO,20230719,3.44,3.53,3.41,3.44,611185
CTX.TO,20230719,0.7,0.7,0.7,0.7,60500
CU.TO,20230719,33.8,34.18,33.8,34.17,301018
CU.PR.C.TO,20230719,17.64,17.75,17.64,17.75,4706
CU.PR.D.TO,20230719,18.35,18.35,18.29,18.33,1379
CU.PR.E.TO,20230719,18.25,18.25,18.24,18.24,5100
CU.PR.F.TO,20230719,16.69,16.78,16.69,16.7,3395
CU.PR.G.TO,20230719,16.86,17.01,16.75,16.85,3488
CU.PR.H.TO,20230719,19.6,19.62,19.6,19.62,3000
CU.PR.I.TO,20230719,23.19,23.35,23.19,23.3,6400
CU.PR.J.TO,20230719,17.41,17.41,17.41,17.41,200
CUD.TO,20230719,50.5,50.97,50.5,50.91,3297
CUEI.TO,20230719,23.72,23.75,23.72,23.73,22109
CUP.U.TO,20230719,12,12,11.66,11.87,5242
CVD.TO,20230719,16.63,16.63,16.59,16.6,1000
CVE.TO,20230719,22.7,22.95,22.29,22.52,5330980
CVE.PR.A.TO,20230719,12.05,12.36,12.01,12.22,7836
CVE.PR.E.TO,20230719,19.74,19.74,19.74,19.74,800
CVE.PR.G.TO,20230719,20,20,20,20,900
CVE.WT.TO,20230719,16.23,16.23,15.97,15.97,2985
CVG.TO,20230719,84.6,84.6,84.6,84.6,100
CVO.TO,20230719,9.03,9.14,8.86,8.88,85880
CWB.TO,20230719,26.7,26.91,26.68,26.71,117230
CWB.PR.B.TO,20230719,17.77,17.77,17.6,17.69,2730
CWEB.TO,20230719,0.29,0.3,0.29,0.3,8122
CWW.TO,20230719,50.56,50.6,50.37,50.45,2062
CXB.TO,20230719,1.74,1.74,1.69,1.73,500112
CXF.TO,20230719,9.64,9.64,9.54,9.54,1000
CYB.TO,20230719,59.79,60.65,59.69,59.69,4237
CYBR.TO,20230719,38.33,38.46,38.02,38.02,1752
CYH.TO,20230719,19.3,19.44,19.3,19.43,5605
D.UN.TO,20230719,13.75,14.24,13.67,14.2,147381
DANC.TO,20230719,21.35,21.35,21.32,21.33,5000
DATA.TO,20230719,20,20.12,19.88,19.91,6622
DBM.TO,20230719,6.32,6.45,6.3,6.41,98066
DBO.TO,20230719,0.1,0.1,0.095,0.095,97900
DC.A.TO,20230719,1.32,1.32,1.28,1.29,6800
DCBO.TO,20230719,51.96,52,50.06,50.18,56820
DCC.TO,20230719,17.71,17.71,17.71,17.71,100
DCM.TO,20230719,2.99,3.05,2.99,3.03,9623
DCU.TO,20230719,17.26,17.26,17.26,17.26,910
DF.TO,20230719,4.04,4.14,4.04,4.14,43804
DF.PR.A.TO,20230719,9.72,9.72,9.7,9.71,11600
DFN.TO,20230719,6.76,6.79,6.71,6.72,273296
DFN.PR.A.TO,20230719,9.42,9.43,9.38,9.4,191100
DFY.TO,20230719,35.12,35.29,34.72,35.26,97903
DGR.TO,20230719,39.55,39.58,39.55,39.58,1200
DGR.B.TO,20230719,42.31,42.4,42.31,42.33,1300
DGRC.TO,20230719,34.8,34.82,34.74,34.82,2380
DGS.TO,20230719,5.08,5.09,5.03,5.07,63477
DGS.PR.A.TO,20230719,9.69,9.7,9.69,9.7,10936
DHT.UN.TO,20230719,11,11.26,10.9,11.25,100065
DIAM.TO,20230719,0.1,0.1,0.095,0.095,16000
DII.A.TO,20230719,5.9,5.9,5.9,5.9,623
DII.B.TO,20230719,5.71,6.18,5.71,5.92,16713
DIR.UN.TO,20230719,14.3,14.3,14.19,14.28,307917
DISC.TO,20230719,35,35.05,35,35.01,5100
DIV.TO,20230719,2.87,2.89,2.85,2.87,85840
DIV.DB.A.TO,20230719,93,93,93,93,20000
DLCG.TO,20230719,2,2,2,2,2000
DLR.TO,20230719,13.43,13.46,13.43,13.45,661877
DLR.U.TO,20230719,10.2,10.21,10.2,10.21,679831
DML.TO,20230719,1.67,1.71,1.64,1.66,1162708
DN.TO,20230719,0.06,0.06,0.055,0.055,176119
DND.TO,20230719,20.65,20.92,19.77,20.15,83823
DNG.TO,20230719,3.06,3.09,3.03,3.08,27983
DNTL.TO,20230719,7.58,7.78,7.58,7.66,622099
DOL.TO,20230719,88.1,88.5,87.35,88.06,412338
DOO.TO,20230719,109.28,111.96,109.28,111.84,183255
DPM.TO,20230719,10.07,10.1,9.85,9.95,436114
DR.TO,20230719,8.19,8.28,8.19,8.28,18722
DRFC.TO,20230719,25.46,25.46,25.46,25.46,1203
DRFG.TO,20230719,24.47,24.47,24.47,24.47,100
DRM.TO,20230719,20.03,20.55,20.03,20.55,23914
DRMC.TO,20230719,25.7,25.82,25.7,25.8,3100
DRME.TO,20230719,16.37,16.38,16.34,16.34,3961
DRMU.TO,20230719,32.54,32.58,32.5,32.58,500
DRR.U.TO,20230719,7.6,7.7,7.6,7.61,9500
DRT.TO,20230719,0.31,0.33,0.295,0.305,60250
DRX.TO,20230719,3.81,3.82,3.6,3.81,23699
DS.TO,20230719,6.6,6.6,6.53,6.58,7788
DSG.TO,20230719,107.45,107.45,105.24,106.55,76895
DSV.TO,20230719,0.9,0.9,0.88,0.88,48505
DTOL.TO,20230719,9.44,9.44,9.39,9.44,759
DXB.TO,20230719,18.03,18.07,18.03,18.07,4600
DXC.TO,20230719,33.24,33.25,33.22,33.25,2850
DXDB.TO,20230719,20.12,20.15,20.08,20.15,16805
DXG.TO,20230719,46.42,46.42,46.09,46.14,9954
DXN.TO,20230719,19.9,19.91,19.9,19.91,900
DXP.TO,20230719,18.71,18.88,18.71,18.88,5091
DXQ.TO,20230719,22.13,22.15,22.1,22.1,35738
DXR.TO,20230719,20.83,20.83,20.83,20.83,198
DXT.TO,20230719,5.9,5.9,5.89,5.89,11193
DXU.TO,20230719,44.5,44.5,44.26,44.42,1800
DXV.TO,20230719,19.83,19.83,19.74,19.79,4501
DXW.TO,20230719,21.49,21.49,21.49,21.49,600
DYA.TO,20230719,0.23,0.23,0.215,0.215,86910
E.TO,20230719,0.4,0.405,0.4,0.405,12500
EAGR.TO,20230719,0.45,0.48,0.45,0.48,2200
EBIT.TO,20230719,14.44,14.5,14.4,14.5,6611
EBNK.TO,20230719,9.71,9.72,9.71,9.72,3100
EBNK.B.TO,20230719,9.36,9.36,9.36,9.36,500
ECN.TO,20230719,2.63,2.67,2.62,2.63,94124
ECN.DB.A.TO,20230719,79.3,82,79.01,82,41999
ECN.DB.B.TO,20230719,65,66,65,66,24000
ECN.PR.C.TO,20230719,18.75,18.75,18.01,18.6,7450
ECO.TO,20230719,3.37,3.37,3.3,3.31,101499
ECOR.TO,20230719,2.05,2.05,2.05,2.05,894
EDGE.TO,20230719,33,33,33,33,684
EDR.TO,20230719,5.04,5.11,4.95,4.98,370583
EDT.TO,20230719,0.305,0.305,0.305,0.305,2000
EDV.TO,20230719,33.08,33.48,32.97,33.03,196026
EFN.TO,20230719,21.02,21.06,20.9,20.99,540791
EFN.PR.C.TO,20230719,24.7,24.8,24.7,24.8,400
EFN.PR.E.TO,20230719,24.45,24.45,24.45,24.45,600
EFR.TO,20230719,8.31,8.45,8.16,8.26,242891
EFX.TO,20230719,10.25,10.42,10.08,10.18,476006
EGLX.TO,20230719,0.77,0.82,0.77,0.8,296016
EIF.TO,20230719,53.5,53.65,53.09,53.45,77195
EIF.DB.J.TO,20230719,111,111,110.9,111,247000
EIF.DB.K.TO,20230719,111.75,111.75,111.75,111.75,10000
EIF.DB.L.TO,20230719,107,107,107,107,7000
EIF.DB.M.TO,20230719,99.02,99.02,99.02,99.02,29000
EIT.PR.A.TO,20230719,24.44,24.44,24.4,24.42,9400
EIT.PR.B.TO,20230719,23.94,23.94,23.81,23.81,329
EIT.UN.TO,20230719,12.91,12.99,12.91,12.95,261053
ELD.TO,20230719,14.94,15,14.86,14.95,205976
ELF.PR.F.TO,20230719,19.47,19.47,19.4,19.47,50000
ELF.PR.H.TO,20230719,20.14,20.15,20.1,20.1,51200
ELO.TO,20230719,3.65,3.65,3.58,3.63,43048
ELR.TO,20230719,0.075,0.075,0.075,0.075,8000
ELVA.TO,20230719,6.7,7,6.59,6.95,30292
EMA.TO,20230719,53.99,54.56,53.93,54.43,811789
EMA.PR.B.TO,20230719,16.99,16.99,16.97,16.97,200
EMA.PR.C.TO,20230719,20.71,20.77,20.7,20.77,4900
EMA.PR.E.TO,20230719,16.85,16.85,16.81,16.81,700
EMA.PR.H.TO,20230719,21.26,21.5,21.26,21.5,3986
EMA.PR.J.TO,20230719,20.9,21.21,20.9,21.21,3100
EMA.PR.L.TO,20230719,17.01,17.01,16.95,16.95,5299
EMP.A.TO,20230719,36.35,36.7,36.31,36.42,544193
EMV.B.TO,20230719,25.67,25.67,25.67,25.67,100
ENB.TO,20230719,48.46,48.64,48.36,48.52,2977036
ENB.PF.A.TO,20230719,15.14,15.16,15.11,15.12,25700
ENB.PF.C.TO,20230719,14.89,14.89,14.75,14.76,4850
ENB.PF.E.TO,20230719,14,14,13.91,13.91,1403
ENB.PF.G.TO,20230719,13.85,13.86,13.85,13.86,1605
ENB.PF.K.TO,20230719,21,21,20.85,20.9,4400
ENB.PF.U.TO,20230719,18.95,18.95,18.85,18.85,7925
ENB.PF.V.TO,20230719,20.04,20.04,20.04,20.04,100
ENB.PR.A.TO,20230719,21.26,21.3,21.26,21.3,700
ENB.PR.B.TO,20230719,16.14,16.18,16.13,16.18,4900
ENB.PR.D.TO,20230719,16.86,16.86,16.7,16.72,4136
ENB.PR.F.TO,20230719,17.07,17.1,16.98,17.05,25536
ENB.PR.H.TO,20230719,17.1,17.19,17.05,17.08,7154
ENB.PR.N.TO,20230719,17.65,17.72,17.61,17.72,7253
ENB.PR.P.TO,20230719,16.14,16.14,16.14,16.14,161
ENB.PR.T.TO,20230719,15.37,15.44,15.3,15.44,3679
ENB.PR.V.TO,20230719,21.1,21.1,21.1,21.1,2100
ENCC.TO,20230719,10.62,10.68,10.59,10.64,32785
ENGH.TO,20230719,31.88,31.88,31.5,31.75,33101
ENI.UN.TO,20230719,1.54,1.56,1.51,1.56,900
ENS.TO,20230719,14.96,14.98,14.86,14.9,43836
ENS.PR.A.TO,20230719,9.95,9.95,9.89,9.89,5200
EPRX.TO,20230719,8.68,8.68,8,8.01,14943
EPRX.WT.TO,20230719,1.86,1.86,1.85,1.85,300
EPRX.WT.A.TO,20230719,5.75,5.75,5.75,5.75,500
EQB.TO,20230719,74.79,75.5,74.62,74.76,31730
EQB.PR.C.TO,20230719,22.47,22.47,22.4,22.4,1500
EQL.TO,20230719,30.8,30.89,30.77,30.88,8655
EQL.F.TO,20230719,27.71,27.76,27.66,27.74,8258
EQL.U.TO,20230719,23.45,23.47,23.4,23.45,6050
EQX.TO,20230719,7.11,7.18,6.92,7.05,716653
ERD.TO,20230719,0.38,0.385,0.38,0.385,6550
ERE.UN.TO,20230719,2.85,2.89,2.85,2.87,61135
ERO.TO,20230719,28.75,28.8,28.16,28.66,242193
ESG.TO,20230719,31.9,31.96,31.82,31.9,860
ESG.F.TO,20230719,31.23,31.31,31.19,31.31,400
ESGA.TO,20230719,32.78,32.78,32.78,32.78,123
ESGB.TO,20230719,26.05,26.05,26.05,26.05,187
ESGC.TO,20230719,24.11,24.11,24.11,24.11,1300
ESGE.TO,20230719,31.17,31.17,31.14,31.14,900
ESGH.F.TO,20230719,24.45,24.45,24.45,24.45,1135
ESGY.TO,20230719,42.51,42.51,42.3,42.3,550
ESI.TO,20230719,2.24,2.32,2.21,2.29,530695
ESM.TO,20230719,0.04,0.04,0.04,0.04,75225
ESPX.TO,20230719,22.24,22.25,22.22,22.22,2522
ET.TO,20230719,13.5,13.62,13.5,13.61,17897
ETC.TO,20230719,6.85,6.88,6.82,6.87,17502
ETG.TO,20230719,1.29,1.32,1.26,1.28,154052
ETHH.TO,20230719,7.89,7.91,7.8,7.89,10851
ETHH.B.TO,20230719,8.78,8.84,8.74,8.8,22219
ETHH.U.TO,20230719,8.39,8.39,8.31,8.38,3550
ETHI.TO,20230719,45.06,45.06,45.01,45.01,1923
ETHQ.TO,20230719,9.95,9.96,9.92,9.96,1802
ETHQ.U.TO,20230719,7.53,7.59,7.53,7.59,1702
ETHR.TO,20230719,8.76,8.77,8.69,8.74,7815
ETHR.U.TO,20230719,8.3,8.3,8.3,8.3,1285
ETHX.B.TO,20230719,9.05,9.14,9.03,9.09,69759
ETHX.U.TO,20230719,8.63,8.66,8.52,8.64,30864
ETHY.TO,20230719,3.09,3.09,3.07,3.08,17552
ETHY.B.TO,20230719,3.67,3.68,3.65,3.68,2605
ETHY.U.TO,20230719,3.03,3.03,3.03,3.03,4500
ETSX.TO,20230719,19.81,19.81,19.81,19.81,662
EXE.TO,20230719,7.45,7.45,7.33,7.4,59232
EXE.DB.C.TO,20230719,94.75,94.75,94.51,94.51,19000
EXN.TO,20230719,0.195,0.215,0.195,0.21,184500
EXRO.TO,20230719,2.27,2.35,2.26,2.28,160498
EXRO.WT.TO,20230719,1.15,1.15,1.15,1.15,100
FANS.TO,20230719,0.045,0.05,0.045,0.05,284629
FAP.TO,20230719,2.56,2.56,2.55,2.55,12187
FAR.TO,20230719,1.71,1.71,1.65,1.67,10980
FBTC.TO,20230719,13.2,13.26,13.15,13.23,6230
FBTC.U.TO,20230719,10.04,10.04,10.04,10.04,100
FC.TO,20230719,10.63,10.88,10.6,10.83,27392
FC.DB.K.TO,20230719,85,85,85,85,2000
FC.DB.L.TO,20230719,89.89,89.89,89.89,89.89,5000
FCCD.TO,20230719,26.95,27.06,26.95,27.05,3644
FCCQ.TO,20230719,30.37,30.49,30.37,30.49,200
FCCV.TO,20230719,13.28,13.29,13.26,13.29,6790
FCD.UN.TO,20230719,5.45,5.45,5.41,5.41,24900
FCGI.TO,20230719,12.41,12.41,12.41,12.41,5899
FCID.TO,20230719,24.12,24.12,24.06,24.07,2219
FCIQ.TO,20230719,34.35,34.35,34.12,34.12,5088
FCIV.TO,20230719,30.74,30.76,30.63,30.76,2500
FCQH.TO,20230719,45.68,45.68,45.67,45.67,305
FCR.UN.TO,20230719,14.38,14.7,14.36,14.69,538711
FCRR.TO,20230719,33.46,33.78,33.46,33.78,761
FCU.TO,20230719,0.59,0.61,0.58,0.58,337946
FCUD.TO,20230719,30.65,30.71,30.65,30.7,1720
FCUH.TO,20230719,28.5,28.53,28.45,28.52,3200
FCUQ.TO,20230719,47.45,47.45,47.18,47.21,2802
FCUV.TO,20230719,14.26,14.26,14.22,14.25,55179
FCUV.U.TO,20230719,10.82,10.82,10.82,10.82,600
FCVH.TO,20230719,14.11,14.17,14.11,14.14,3300
FDN.TO,20230719,18.71,18.71,18.71,18.71,1000
FDY.TO,20230719,0.8,0.81,0.8,0.8,174717
FEC.TO,20230719,10.78,10.83,10.55,10.71,29804
FETH.TO,20230719,34,34,34,34,350
FF.TO,20230719,0.175,0.175,0.17,0.175,583250
FFH.TO,20230719,986.04,997.99,984.17,993,33280
FFH.PR.C.TO,20230719,18.2,18.28,18.2,18.25,2969
FFH.PR.D.TO,20230719,19.31,19.31,19.23,19.23,1110
FFH.PR.E.TO,20230719,13.81,13.81,13.81,13.81,1000
FFH.PR.G.TO,20230719,13.88,14.05,13.87,13.93,5650
FFH.PR.H.TO,20230719,16.75,16.77,16.68,16.77,900
FFH.PR.I.TO,20230719,15.11,15.15,15.11,15.13,1900
FFH.PR.J.TO,20230719,17.75,17.75,17.75,17.75,800
FFH.PR.K.TO,20230719,17.82,18,17.82,17.86,15666
FFH.PR.M.TO,20230719,20.29,20.29,20.1,20.1,3722
FFN.TO,20230719,4.08,4.28,4.08,4.24,140993
FFN.PR.A.TO,20230719,9.7,9.75,9.68,9.69,78923
FGB.TO,20230719,17.61,17.61,17.61,17.61,1000
FGGE.TO,20230719,22.05,22.05,22.05,22.05,2084
FGO.TO,20230719,9.97,10.01,9.97,10.01,13515
FHG.TO,20230719,43.11,43.11,43.11,43.11,170
FHI.TO,20230719,11.45,11.45,11.41,11.41,2714
FHIS.TO,20230719,20.31,20.31,20.3,20.3,5619
FIE.TO,20230719,6.75,6.78,6.75,6.78,85404
FIG.TO,20230719,9.1,9.1,9.09,9.09,17380
FIH.U.TO,20230719,14.02,14.14,14.02,14.05,3860
FIL.TO,20230719,23.87,23.97,23.32,23.32,183311
FINO.TO,20230719,17.97,17.97,17.97,17.97,1000
FINT.TO,20230719,24.47,24.47,24.47,24.47,500
FLCI.TO,20230719,16.92,16.94,16.92,16.94,4800
FLCP.TO,20230719,17.27,17.28,17.27,17.28,1062
FLGA.TO,20230719,18.7,18.7,18.7,18.7,300
FLNT.TO,20230719,0.035,0.035,0.025,0.03,689000
FLOW.TO,20230719,0.46,0.46,0.46,0.46,1421
FLSD.TO,20230719,18.44,18.44,18.39,18.39,1194
FLUS.TO,20230719,34.84,34.84,34.77,34.82,300
FLX.TO,20230719,6.8,6.8,6.8,6.8,400
FM.TO,20230719,34.82,35.68,34.73,35.57,1983533
FN.TO,20230719,38.32,38.5,37.97,38.22,14163
FNV.TO,20230719,194.76,196.14,194.46,195.4,284583
FOM.TO,20230719,3.7,3.71,3.6,3.66,44260
FOOD.TO,20230719,0.52,0.52,0.495,0.495,63836
FORA.TO,20230719,4.15,4.47,4.15,4.27,2150
FPR.TO,20230719,19.5,19.5,19.5,19.5,500
FRU.TO,20230719,14.34,14.46,14.2,14.21,356547
FRX.TO,20230719,11.27,11.27,11.27,11.27,100
FSB.TO,20230719,9.54,9.55,9.53,9.55,5723
FSL.TO,20230719,17,17.01,17,17,500
FST.TO,20230719,43.69,43.69,43.69,43.69,325
FSV.TO,20230719,209.78,209.78,208.4,209.72,64183
FSY.TO,20230719,0.4,0.41,0.39,0.39,122171
FSZ.TO,20230719,6.72,6.82,6.68,6.73,203414
FSZ.DB.B.TO,20230719,99.89,100.25,99.5,100,301000
FT.TO,20230719,0.05,0.05,0.045,0.045,81197
FTG.TO,20230719,3.8,3.9,3.8,3.9,209286
FTN.TO,20230719,9.23,9.28,9.17,9.27,64861
FTN.PR.A.TO,20230719,9.75,9.76,9.57,9.7,90750
FTS.TO,20230719,56.22,56.83,56.22,56.7,1518394
FTS.PR.F.TO,20230719,19.27,19.31,19.27,19.31,2400
FTS.PR.G.TO,20230719,18.6,18.65,18.58,18.65,10800
FTS.PR.H.TO,20230719,12.8,12.8,12.8,12.8,500
FTS.PR.I.TO,20230719,15.03,15.2,15.03,15.2,700
FTS.PR.J.TO,20230719,18.66,18.72,18.65,18.65,3300
FTS.PR.K.TO,20230719,16.62,16.92,16.62,16.81,6050
FTS.PR.M.TO,20230719,17.05,17.16,17.02,17.16,2572
FTT.TO,20230719,43.18,43.33,42.78,43.11,179802
FURY.TO,20230719,0.49,0.49,0.48,0.485,99645
FVI.TO,20230719,5.06,5.13,5.02,5.06,354742
FVL.TO,20230719,0.465,0.47,0.45,0.45,46600
FXM.TO,20230719,21.03,21.03,20.99,21.01,1434
G.TO,20230719,1.03,1.07,1.03,1.04,30315
GATO.TO,20230719,6.43,6.51,6.39,6.43,1900
GAU.TO,20230719,0.85,0.88,0.84,0.84,89059
GBT.TO,20230719,16,16,15.82,15.82,900
GCBD.TO,20230719,17.43,17.43,17.41,17.41,28700
GCG.TO,20230719,41.7,41.7,41.68,41.68,300
GCG.A.TO,20230719,39.52,41.81,39.52,40.99,6118
GCL.TO,20230719,0.97,0.98,0.95,0.95,2545
GCTB.TO,20230719,50.07,50.07,50.07,50.07,9987
GDC.TO,20230719,2.13,2.15,2.13,2.14,1307
GDI.TO,20230719,47.03,47.53,47.03,47.49,5985
GDL.TO,20230719,13.89,14.2,13.88,14.2,1639
GDV.TO,20230719,9.66,9.78,9.65,9.75,22088
GDV.PR.A.TO,20230719,9.35,9.35,9.26,9.26,112200
GEC.TO,20230719,0.4,0.4,0.4,0.4,1100
GEI.TO,20230719,20.94,21.05,20.81,20.86,319557
GENM.TO,20230719,0.405,0.44,0.405,0.405,126100
GEO.TO,20230719,3.14,3.14,3.14,3.14,203
GEQT.TO,20230719,48.75,48.75,48.75,48.75,355
GFL.TO,20230719,49.03,49.13,48.4,48.82,254117
GFP.TO,20230719,1.12,1.14,1.1,1.12,3086
GGD.TO,20230719,1.61,1.61,1.55,1.56,209992
GGRO.TO,20230719,45.97,45.97,45.75,45.75,1168
GIB.A.TO,20230719,141.38,141.69,140.43,141.39,186823
GIL.TO,20230719,41.95,42.41,41.61,42.38,199258
GIQG.TO,20230719,21.95,21.95,21.95,21.95,600
GIVX.TO,20230719,0.45,0.48,0.45,0.48,5000
GLCC.TO,20230719,25.38,25.46,25.33,25.38,6230
GLO.TO,20230719,3.04,3.04,2.92,2.93,58951
GLXY.TO,20230719,6.5,6.58,6.37,6.49,331082
GMTN.TO,20230719,0.12,0.125,0.105,0.105,306903
GMX.TO,20230719,0.85,0.85,0.83,0.83,5500
GOLD.TO,20230719,1.31,1.32,1.3,1.3,29722
GOOS.TO,20230719,23.65,24.01,23.41,23.87,180858
GRA.TO,20230719,3.09,3.1,3.04,3.08,15233
GRC.TO,20230719,0.08,0.08,0.08,0.08,1200
GRID.TO,20230719,0.77,0.77,0.77,0.77,3800
GRN.TO,20230719,0.29,0.29,0.28,0.29,97650
GRNI.TO,20230719,28.14,28.2,27.88,27.88,3156
GRT.UN.TO,20230719,78.03,78.04,77.66,77.75,65141
GSY.TO,20230719,123.8,125.41,123.18,125.41,44319
GTE.TO,20230719,8.39,8.59,8.31,8.41,131878
GUD.TO,20230719,4.92,4.95,4.86,4.92,25552
GURU.TO,20230719,2.75,2.77,2.67,2.67,10541
GUTB.U.TO,20230719,50.08,50.08,50.07,50.08,157400
GVC.TO,20230719,0.16,0.16,0.16,0.16,1001
GWO.TO,20230719,39.52,39.6,39.3,39.56,603335
GWO.PR.G.TO,20230719,19.25,19.25,19.22,19.22,300
GWO.PR.H.TO,20230719,17.9,17.91,17.88,17.88,1400
GWO.PR.I.TO,20230719,16.95,16.95,16.89,16.89,3800
GWO.PR.L.TO,20230719,20.89,20.89,20.78,20.78,4700
GWO.PR.M.TO,20230719,21.5,21.59,21.5,21.55,2375
GWO.PR.P.TO,20230719,19.95,19.95,19.9,19.9,500
GWO.PR.Q.TO,20230719,19.08,19.08,18.97,19.07,5817
GWO.PR.R.TO,20230719,17.62,17.71,17.55,17.66,6800
GWO.PR.S.TO,20230719,19.46,19.46,19.46,19.46,100
GWO.PR.T.TO,20230719,19.25,19.25,19.25,19.25,4600
GWO.PR.Y.TO,20230719,16.61,16.7,16.55,16.56,28510
GXE.TO,20230719,0.98,0.99,0.97,0.98,590458
H.TO,20230719,37.75,38.06,37.63,37.9,1079879
HAB.TO,20230719,9.61,9.63,9.6,9.63,9200
HAC.TO,20230719,25.45,25.46,25.45,25.46,600
HAI.TO,20230719,3.69,3.8,3.68,3.68,2700
HAL.TO,20230719,19.05,19.14,19.05,19.11,16063
HAZ.TO,20230719,28.97,29.06,28.97,29.06,2301
HBA.TO,20230719,21.55,21.55,21.55,21.55,294
HBAL.TO,20230719,13.7,13.7,13.66,13.67,9294
HBB.TO,20230719,45.2,45.36,45.15,45.32,6455
HBD.TO,20230719,10.54,10.54,10.54,10.54,419
HBF.TO,20230719,9.75,9.77,9.75,9.76,12605
HBF.B.TO,20230719,10.35,10.37,10.35,10.37,1500
HBF.U.TO,20230719,10.87,10.87,10.87,10.87,700
HBFE.TO,20230719,10.67,10.67,10.61,10.61,1000
HBGD.TO,20230719,22.84,23.2,22.84,23.19,7801
HBKU.TO,20230719,18.96,18.96,18.96,18.96,1685
HBLK.TO,20230719,12.9,13.07,12.9,13.07,851
HBM.TO,20230719,6.96,7.12,6.9,7.02,1534266
HBNK.TO,20230719,20.51,20.6,20.45,20.6,4900
HBU.TO,20230719,11.47,11.47,11.4,11.42,3622
HCA.TO,20230719,20.75,20.92,20.75,20.92,1863
HCAL.TO,20230719,20.42,20.54,20.34,20.54,52296
HCLN.TO,20230719,11.9,11.9,11.9,11.9,225
HCON.TO,20230719,12.48,12.48,12.48,12.48,2104
HCRE.TO,20230719,24.79,24.79,24.79,24.79,113
HDIF.TO,20230719,8.16,8.22,8.16,8.2,78854
HDIV.TO,20230719,15.85,15.94,15.85,15.93,136815
HEB.TO,20230719,16.17,16.22,16.17,16.22,6833
HED.TO,20230719,6.45,6.58,6.43,6.54,63875
HERO.TO,20230719,28.83,28.83,28.83,28.83,142
HEU.TO,20230719,21.72,21.92,21.33,21.52,63432
HEWB.TO,20230719,29.58,29.77,29.55,29.74,12890
HFD.TO,20230719,10.86,10.86,10.71,10.71,2529
HFIN.TO,20230719,13.79,13.86,13.76,13.84,5486
HFPC.U.TO,20230719,2.75,2.75,2.75,2.75,2167
HFR.TO,20230719,9.79,9.79,9.78,9.78,2100
HFU.TO,20230719,18.5,18.69,18.48,18.65,3305
HGD.TO,20230719,5.62,5.65,5.56,5.64,101270
HGR.TO,20230719,6.5,6.5,6.5,6.5,270
HGU.TO,20230719,14.58,14.69,14.44,14.52,155831
HGY.TO,20230719,9.82,9.82,9.82,9.82,136
HHL.TO,20230719,7.97,8.03,7.97,7.98,126197
HHL.U.TO,20230719,8.41,8.41,8.38,8.38,200
HHLE.TO,20230719,10.09,10.17,10.09,10.09,10158
HISU.U.TO,20230719,100.3,100.3,100.3,100.3,1316
HIU.TO,20230719,13.15,13.2,13.15,13.2,25262
HIX.TO,20230719,29.12,29.12,29.06,29.06,18785
HLF.TO,20230719,14.28,14.37,14.28,14.35,3012
HLFE.TO,20230719,10.15,10.22,10.15,10.22,1436
HLIF.TO,20230719,9.02,9.06,9.02,9.06,803
HLIT.TO,20230719,40.1,40.17,40.1,40.17,364
HLPR.TO,20230719,21.58,21.7,21.58,21.7,2588
HLS.TO,20230719,6.51,6.51,6.03,6.03,11000
HMAX.TO,20230719,14.78,14.83,14.74,14.83,234222
HMMJ.TO,20230719,8.53,8.82,8.53,8.8,9161
HMP.TO,20230719,9.18,9.18,9.11,9.11,5700
HND.TO,20230719,55.64,57.16,54.65,55.83,297897
HNU.TO,20230719,14.65,14.95,14.27,14.62,1669535
HOD.TO,20230719,9.78,10.1,9.63,10.04,802940
HOM.U.TO,20230719,13.94,13.94,13.45,13.8,18018
HOM.UN.TO,20230719,17.82,18.06,17.69,17.8,10145
HOT.UN.TO,20230719,2.4,2.49,2.4,2.45,94454
HOU.TO,20230719,12.74,12.93,12.34,12.42,581197
HPF.TO,20230719,3.33,3.34,3.33,3.34,4200
HPR.TO,20230719,7.33,7.41,7.33,7.41,33805
HPS.A.TO,20230719,56,56.2,54.32,55,41954
HQD.TO,20230719,17.56,17.8,17.48,17.7,447281
HQU.TO,20230719,15.79,15.86,15.59,15.68,658906
HR.UN.TO,20230719,10.41,10.56,10.3,10.54,404998
HRAA.TO,20230719,10.94,10.94,10.87,10.89,36630
HRIF.TO,20230719,15.52,15.53,15.52,15.53,2795
HRX.TO,20230719,15.13,15.26,15.08,15.26,13988
HSAV.TO,20230719,107.19,107.19,107.1,107.1,33805
HSD.TO,20230719,23.85,23.92,23.72,23.85,149997
HSH.TO,20230719,56,56.07,55.9,55.9,11325
HSU.TO,20230719,17.21,17.29,17.14,17.21,175645
HSUV.U.TO,20230719,105.16,105.18,105.11,105.16,20294
HTA.TO,20230719,15.88,15.88,15.75,15.79,14536
HTA.B.TO,20230719,15.7,15.7,15.7,15.7,140
HTAE.TO,20230719,14.19,14.19,14.01,14.05,13493
HTB.TO,20230719,53.73,53.92,53.73,53.86,900
HUBL.TO,20230719,11.05,11.3,11.05,11.25,7786
HUC.TO,20230719,20.17,20.27,20.05,20.05,10757
HUG.TO,20230719,15.86,15.86,15.8,15.85,1000
HULC.U.TO,20230719,53.82,53.84,53.67,53.83,2700
HUM.TO,20230719,24.17,24.17,24.17,24.17,115
HUN.TO,20230719,11.49,11.55,11.37,11.37,4806
HURA.TO,20230719,23.75,23.9,23.58,23.66,1138
HUT.TO,20230719,5.05,5.25,4.97,5.02,3536676
HUTE.TO,20230719,9.99,10.06,9.99,10.04,1879
HUTL.TO,20230719,16.69,16.87,16.69,16.83,26647
HUTS.TO,20230719,12.97,13.01,12.96,13,3443
HUV.TO,20230719,16.54,17.14,16.53,17.12,53948
HWO.TO,20230719,1.26,1.28,1.24,1.28,9800
HWX.TO,20230719,7.13,7.23,7.1,7.17,1023756
HXCN.TO,20230719,32.17,32.2,32.11,32.2,1143
HXD.TO,20230719,6.8,6.8,6.75,6.75,126829
HXDM.TO,20230719,41.25,41.25,41.12,41.22,4536
HXE.TO,20230719,29.49,29.66,29.49,29.66,5289
HXEM.TO,20230719,32.31,32.31,32.31,32.31,270
HXF.TO,20230719,60.95,60.95,60.95,60.95,355
HXH.TO,20230719,44.57,44.57,44.57,44.57,549
HXQ.TO,20230719,59.56,59.73,59.25,59.36,8381
HXS.TO,20230719,60.71,60.86,60.66,60.73,12028
HXT.TO,20230719,50.88,51.08,50.88,51.05,86714
HXT.U.TO,20230719,38.8,38.8,38.8,38.8,100
HXU.TO,20230719,19.07,19.23,19.07,19.21,18255
HXX.TO,20230719,44.42,44.42,44.42,44.42,124
HYLD.TO,20230719,12.73,12.75,12.72,12.73,55704
HYLD.U.TO,20230719,12.95,12.95,12.92,12.94,5431
HZD.TO,20230719,12.98,13.13,12.88,12.95,24158
HZU.TO,20230719,24.04,24.35,24.04,24.19,11362
IAF.PR.B.TO,20230719,18.94,18.94,18.9,18.9,478
IAG.TO,20230719,92.63,93.29,92.28,93.12,175431
IAU.TO,20230719,2.83,2.88,2.71,2.71,961728
ICPB.TO,20230719,9.2,9.25,9.2,9.25,7480
IDIV.B.TO,20230719,12.2,12.2,12.2,12.2,1000
IFA.TO,20230719,1.4,1.4,1.35,1.35,2230
IFC.TO,20230719,195.27,196.87,194.01,196.43,213029
IFC.PR.A.TO,20230719,16.85,17.1,16.74,17.1,7197
IFC.PR.C.TO,20230719,17.9,17.9,17.89,17.89,900
IFC.PR.E.TO,20230719,19.06,19.07,19.05,19.06,3300
IFC.PR.F.TO,20230719,19.8,19.8,19.8,19.8,500
IFC.PR.G.TO,20230719,19.88,19.88,19.87,19.87,2500
IFC.PR.I.TO,20230719,20.25,20.25,20,20.23,2689
IFC.PR.K.TO,20230719,19.2,19.32,19.2,19.3,805
IFP.TO,20230719,26.06,26.25,25.15,25.26,219593
IFRF.TO,20230719,8.7,8.74,8.7,8.74,1700
IGB.TO,20230719,17.46,17.46,17.46,17.46,193
IGM.TO,20230719,41.59,42,41.14,41.91,160508
IIAE.F.TO,20230719,20.71,20.71,20.71,20.71,100
IICE.TO,20230719,20.01,20.01,20.01,20.01,1800
III.TO,20230719,1.9,2,1.9,2,85500
IIP.UN.TO,20230719,12.82,12.85,12.73,12.85,384658
ILGB.TO,20230719,8.62,8.62,8.62,8.62,9800
ILLM.TO,20230719,2.43,2.5,2.43,2.48,32467
IMG.TO,20230719,3.86,3.9,3.82,3.83,402321
IMO.TO,20230719,64.86,65.58,63.52,63.92,1329287
IMP.TO,20230719,0.67,0.67,0.65,0.65,20999
INC.UN.TO,20230719,9.98,9.98,9.95,9.95,2319
INE.TO,20230719,12.79,13.22,12.79,13.02,312957
INE.DB.C.TO,20230719,92.5,92.5,92.5,92.5,5000
INE.PR.A.TO,20230719,12.61,12.61,12.5,12.5,16041
INO.UN.TO,20230719,3.67,3.67,3.59,3.64,46100
INOC.TO,20230719,13.01,13.01,13.01,13.01,200
IPCO.TO,20230719,12.05,12.21,11.9,11.91,54036
IPO.TO,20230719,2.62,2.64,2.57,2.58,102356
IQD.B.TO,20230719,27.45,27.45,27.45,27.45,125
ISV.TO,20230719,25.33,26.98,25.3,26.98,20250
ITE.TO,20230719,0.215,0.215,0.215,0.215,127370
ITH.TO,20230719,0.62,0.62,0.59,0.6,3270
IVN.TO,20230719,12.53,12.87,12.34,12.8,1585706
IVQ.TO,20230719,1.19,1.23,1.1,1.23,3705
IVQ.U.TO,20230719,0.91,0.91,0.91,0.91,980
IWBE.TO,20230719,17.46,17.46,17.46,17.46,100
JAG.TO,20230719,1.78,1.79,1.77,1.79,15216
JAPN.B.TO,20230719,28.68,28.68,28.68,28.68,200
JFS.UN.TO,20230719,23.96,24.06,23.96,24.06,800
JOY.TO,20230719,5.58,5.79,5.58,5.69,200203
JWEL.TO,20230719,28.55,28.69,28.33,28.4,87607
K.TO,20230719,6.78,6.83,6.74,6.79,1667876
KBL.TO,20230719,33.48,33.74,33.16,33.24,3953
KEC.TO,20230719,13.25,13.37,13.25,13.37,27820
KEG.UN.TO,20230719,15.54,15.78,15.54,15.76,12013
KEI.TO,20230719,6.14,6.19,6.03,6.03,9800
KEL.TO,20230719,6.11,6.24,6.08,6.2,584929
KEY.TO,20230719,31.34,31.83,31.06,31.76,676150
KILO.TO,20230719,29.56,29.6,29.53,29.55,2868
KILO.B.TO,20230719,31.06,31.06,31.06,31.06,203
KILO.U.TO,20230719,30.74,30.74,30.74,30.74,400
KITS.TO,20230719,5.44,5.47,5.28,5.31,15650
KLS.TO,20230719,0.465,0.465,0.465,0.465,2161
KMP.UN.TO,20230719,17.77,17.86,17.71,17.83,207562
KNT.TO,20230719,6.4,6.53,6.39,6.42,237488
KPT.TO,20230719,10.5,10.7,10.41,10.56,46261
KRR.TO,20230719,4.82,4.9,4.8,4.86,347041
KSI.TO,20230719,2.96,2.97,2.96,2.96,1875
KXS.TO,20230719,189.37,190.65,185.68,187.82,44387
L.TO,20230719,119,119.17,118.2,118.65,175989
L.PR.B.TO,20230719,20.9,20.95,20.9,20.95,3021
LABS.TO,20230719,0.055,0.06,0.055,0.06,38069
LAC.TO,20230719,28.19,28.33,27.62,27.71,272770
LAM.TO,20230719,0.39,0.39,0.375,0.385,160313
LAS.A.TO,20230719,103.52,106.91,103.52,106.91,968
LB.TO,20230719,43,43.01,42.69,42.8,150992
LBS.TO,20230719,8.66,8.75,8.66,8.75,41441
LBS.PR.A.TO,20230719,9.93,9.93,9.86,9.91,30088
LCFS.TO,20230719,8.22,8.22,8.15,8.15,653
LCS.TO,20230719,6.25,6.27,6.2,6.24,17275
LCS.PR.A.TO,20230719,10.06,10.07,10.06,10.07,13400
LEV.TO,20230719,3.23,3.38,3.2,3.33,1685529
LEV.WT.TO,20230719,0.24,0.295,0.24,0.295,3054
LEV.WT.A.TO,20230719,0.95,1.02,0.95,1.02,2000
LFE.TO,20230719,3.53,3.6,3.53,3.56,23585
LFE.PR.B.TO,20230719,10.17,10.19,10.16,10.19,6400
LGD.TO,20230719,0.4,0.405,0.385,0.385,119009
LGO.TO,20230719,5.97,6.08,5.83,5.93,36466
LIF.TO,20230719,31.17,31.54,30.6,30.69,219127
LIFE.TO,20230719,20.98,21.04,20.97,20.99,5511
LIFE.B.TO,20230719,23.73,23.73,23.73,23.73,400
LIRC.TO,20230719,13.49,13.75,13.36,13.36,20977
LN.TO,20230719,0.35,0.35,0.35,0.35,500
LNF.TO,20230719,21.03,21.64,21.03,21.64,9782
LNR.TO,20230719,75.76,76.38,75.29,76.15,60053
LPEN.TO,20230719,0.49,0.57,0.48,0.57,23387
LSPD.TO,20230719,24.12,24.65,23.43,23.94,774018
LSPK.TO,20230719,0.64,0.64,0.55,0.55,7629
LUC.TO,20230719,0.41,0.42,0.4,0.42,140400
LUG.TO,20230719,18.5,18.77,18.34,18.68,174570
LUN.TO,20230719,11.22,11.59,11.22,11.59,2083047
MAG.TO,20230719,15.44,15.77,15.44,15.66,332639
MAL.TO,20230719,8.2,8.25,8.2,8.25,7752
MARI.TO,20230719,4.03,4.03,4,4.03,7400
MATR.TO,20230719,20.01,20.06,19.77,19.87,262726
MAYB.F.TO,20230719,37.93,37.93,37.93,37.93,745
MBAL.TO,20230719,21.6,21.6,21.6,21.6,306
MBX.TO,20230719,0.335,0.335,0.33,0.33,8750
MCAD.TO,20230719,100.24,100.24,100.24,100.24,120
MCLC.TO,20230719,33.98,33.98,33.9,33.97,1234
MCSB.TO,20230719,18.8,18.8,18.8,18.8,378
MCSM.TO,20230719,37.1,37.1,37.1,37.1,100
MDA.TO,20230719,8.15,8.29,8.15,8.28,34960
MDI.TO,20230719,8.94,9.12,8.87,9.12,84342
MDNA.TO,20230719,0.59,0.6,0.59,0.6,6047
MDP.TO,20230719,2.1,2.12,2.08,2.08,25620
MEE.TO,20230719,24.44,24.44,24.44,24.44,217
MEG.TO,20230719,23.44,23.71,23.25,23.43,1927666
MEQ.TO,20230719,136.6,136.6,133.21,133.21,2603
MFC.TO,20230719,25.44,25.45,25.25,25.43,6278043
MFC.PR.B.TO,20230719,17.67,17.67,17.56,17.61,3629
MFC.PR.C.TO,20230719,17.6,17.6,17.42,17.42,814
MFC.PR.F.TO,20230719,12.66,12.68,12.66,12.68,300
MFC.PR.I.TO,20230719,20.9,20.92,20.9,20.92,1000
MFC.PR.J.TO,20230719,20.65,20.65,20.56,20.56,4200
MFC.PR.K.TO,20230719,19.5,19.55,19.5,19.5,1000
MFC.PR.L.TO,20230719,17.3,17.48,17.3,17.48,750
MFC.PR.M.TO,20230719,17,17.02,17,17.01,1375
MFC.PR.N.TO,20230719,16.55,16.55,16.45,16.45,605
MFC.PR.P.TO,20230719,16.7,16.7,16.7,16.7,1000
MFC.PR.Q.TO,20230719,19.9,19.95,19.81,19.94,5161
MFI.TO,20230719,26.95,27.14,26.77,27.04,82490
MFT.TO,20230719,17.44,17.56,17.44,17.56,13902
MG.TO,20230719,81,81.62,80.45,81.35,823065
MGA.TO,20230719,0.215,0.225,0.21,0.21,360143
MGB.TO,20230719,16.39,16.49,16.39,16.49,2169
MGRW.TO,20230719,23.5,23.51,23.5,23.51,337
MHC.U.TO,20230719,16.05,16.05,16.05,16.05,335
MHCD.TO,20230719,10.73,10.76,10.72,10.76,3900
MI.UN.TO,20230719,15.17,15.4,15.17,15.35,63595
MID.UN.TO,20230719,6.71,6.86,6.71,6.78,9218
MIN.TO,20230719,0.24,0.24,0.22,0.23,30100
MINF.TO,20230719,9.72,9.72,9.72,9.72,500
MINN.TO,20230719,14.6,14.6,14.51,14.55,3306
MIVG.TO,20230719,28.55,28.55,28.55,28.55,400
MKB.TO,20230719,18.58,18.67,18.58,18.67,11676
MKC.TO,20230719,30.57,30.61,30.5,30.61,1061
MKP.TO,20230719,16.58,16.58,16.28,16.43,28675
MKZ.UN.TO,20230719,0.44,0.44,0.43,0.43,1000
MMP.UN.TO,20230719,2.23,2.24,2.21,2.21,1238
MND.TO,20230719,1.78,1.78,1.75,1.75,2020
MNO.TO,20230719,0.43,0.44,0.42,0.42,50626
MNT.TO,20230719,27.05,27.15,26.96,27,5091
MNU.U.TO,20230719,100.28,100.28,100.28,100.28,400
MNY.TO,20230719,100.25,100.27,100.25,100.27,871
MOGO.TO,20230719,1.17,1.19,1.09,1.09,200972
MPC.TO,20230719,6.6,6.6,6.6,6.6,1000
MPCT.UN.TO,20230719,9.26,9.49,9.26,9.49,13916
MPVD.TO,20230719,0.48,0.49,0.465,0.47,217313
MR.DB.B.TO,20230719,86,86,86,86,17000
MR.UN.TO,20230719,4.9,4.92,4.9,4.92,11940
MRC.TO,20230719,101.96,102.77,101.96,102.19,3663
MRD.TO,20230719,11.51,11.51,11.5,11.5,3517
MRE.TO,20230719,14.05,14.26,13.97,14.11,285156
MREL.TO,20230719,12.13,12.16,12.12,12.14,4533
MRG.UN.TO,20230719,16.75,16.81,16.7,16.76,19666
MRT.DB.A.TO,20230719,92,92,92,92,1000
MRT.UN.TO,20230719,5.3,5.41,5.3,5.41,16332
MRU.TO,20230719,72.95,73.36,72.53,72.91,287784
MSA.TO,20230719,0.62,0.62,0.62,0.62,29010
MSV.TO,20230719,0.185,0.185,0.185,0.185,12500
MTL.TO,20230719,15.32,15.35,15.25,15.25,169202
MTY.TO,20230719,66,67.02,66,66.49,26082
MUB.TO,20230719,18.1,18.14,18.03,18.03,42891
MULC.B.TO,20230719,45.27,45.27,45.27,45.27,100
MUMC.TO,20230719,38.62,38.62,38.62,38.62,100
MUMC.B.TO,20230719,41.32,41.32,41.32,41.32,260
MUS.TO,20230719,32.44,32.52,32.44,32.47,10200
MUX.TO,20230719,12.07,12.08,11.65,12.01,19761
MWD.TO,20230719,26.78,26.78,26.7,26.72,6600
MX.TO,20230719,56.72,57.08,56.05,56.29,61220
MXG.TO,20230719,4.67,4.67,4.62,4.64,1400
MXU.TO,20230719,21.36,21.36,21.36,21.36,100
NA.TO,20230719,100.62,101.07,100.31,100.95,1365464
NA.PR.C.TO,20230719,25.15,25.15,25.1,25.1,4300
NA.PR.E.TO,20230719,20.33,20.5,20.33,20.35,2245
NA.PR.G.TO,20230719,21.56,21.69,21.55,21.69,3475
NA.PR.S.TO,20230719,17.31,17.9,17.31,17.9,7579
NA.PR.W.TO,20230719,17.1,17.1,16.9,17.04,2275
NALT.TO,20230719,23.83,23.83,23.59,23.64,4118
NANO.TO,20230719,3.18,3.31,3.18,3.25,50401
NCF.TO,20230719,0.03,0.03,0.03,0.03,2200
NCP.TO,20230719,0.025,0.03,0.025,0.03,153600
NCU.TO,20230719,0.185,0.185,0.18,0.185,251650
NDM.TO,20230719,0.325,0.34,0.325,0.335,44331
NEO.TO,20230719,8.99,9.01,8.93,8.99,45419
NEXT.TO,20230719,1.65,1.67,1.64,1.65,80172
NFI.TO,20230719,11.4,11.44,11.09,11.11,163794
NFI.DB.TO,20230719,82.79,82.79,82,82.5,49000
NG.TO,20230719,6.08,6.1,6,6.06,166343
NGD.TO,20230719,1.71,1.75,1.69,1.7,964950
NGPE.TO,20230719,35.76,35.76,35.76,35.76,4000
NGT.TO,20230719,58.98,59.64,58.91,59.61,78038
NHYB.TO,20230719,20.97,20.97,20.97,20.97,100
NINT.TO,20230719,23.6,23.6,23.6,23.6,100
NOA.TO,20230719,25.08,25.55,24.66,24.93,70816
NOA.DB.A.TO,20230719,118,118.41,118,118.41,91000
NOVC.TO,20230719,0.53,0.53,0.52,0.52,3000
NPI.TO,20230719,26.99,27.53,26.94,27.21,686904
NPI.PR.A.TO,20230719,14.85,14.85,14.85,14.85,38000
NPI.PR.B.TO,20230719,17.35,17.35,17.35,17.35,100
NPK.TO,20230719,2.79,2.81,2.55,2.67,140650
NPRF.TO,20230719,19.2,19.28,19.15,19.22,38080
NSCB.TO,20230719,21.71,21.73,21.71,21.73,250
NSCC.TO,20230719,21.05,21.05,21.05,21.05,300
NSSB.TO,20230719,9.51,9.51,9.5,9.5,11000
NTR.TO,20230719,83.87,86.12,83.46,84.88,1774756
NUAG.TO,20230719,3.57,3.59,3.49,3.51,9880
NUBF.TO,20230719,21.12,21.12,21.12,21.12,465
NUMI.TO,20230719,0.24,0.245,0.235,0.24,111050
NVA.TO,20230719,10.78,10.85,10.73,10.8,404812
NVEI.TO,20230719,48.6,49.15,46.79,47.93,393401
NVO.TO,20230719,0.225,0.265,0.225,0.26,111992
NWC.TO,20230719,31.09,31.36,31.05,31.14,120206
NWH.DB.G.TO,20230719,98.62,98.62,98.61,98.61,7000
NWH.DB.H.TO,20230719,89.98,90,89.5,90,93000
NWH.DB.I.TO,20230719,96,96,96,96,41999
NWH.UN.TO,20230719,7.05,7.14,6.84,7.09,1731869
NXE.TO,20230719,6.27,6.35,6.22,6.28,921437
NXF.TO,20230719,5.83,5.87,5.81,5.84,52113
NXF.B.TO,20230719,7.32,7.32,7.32,7.32,3300
NXR.UN.TO,20230719,8.5,8.55,8.48,8.48,101588
NXTG.TO,20230719,9.18,9.18,9.18,9.18,4600
OBE.TO,20230719,8.44,8.66,8.44,8.52,170077
OGC.TO,20230719,2.86,2.87,2.82,2.82,686222
OGD.TO,20230719,0.69,0.72,0.69,0.71,2202
OGI.TO,20230719,1.86,1.94,1.84,1.84,259160
OLA.TO,20230719,6.12,6.21,6.11,6.13,123656
OLY.TO,20230719,79.5,80,79.5,80,1175
ONC.TO,20230719,3.64,3.78,3.64,3.66,82283
ONEC.TO,20230719,20.17,20.22,20.16,20.22,2948
ONEX.TO,20230719,76.9,78,76.34,78,100571
OPT.TO,20230719,5.85,5.85,5.85,5.85,100
OR.TO,20230719,19.87,19.94,19.68,19.81,226547
ORA.TO,20230719,10.07,10.07,9.8,9.8,25041
ORE.TO,20230719,1.3,1.3,1.28,1.3,146197
ORV.TO,20230719,0.165,0.175,0.165,0.175,15780
OSK.TO,20230719,3.16,3.17,3.1,3.14,682058
OTEX.TO,20230719,55.41,55.89,55.01,55.47,393390
OVV.TO,20230719,53.77,54.95,53.75,54.58,133769
PAAS.TO,20230719,21.77,22.22,21.69,22.2,810112
PAY.TO,20230719,6.3,6.45,6.29,6.34,134835
PAYF.TO,20230719,18.35,18.35,18.35,18.35,325
PBH.TO,20230719,109.3,109.4,107.5,107.64,67175
PBH.DB.G.TO,20230719,97,97.5,97,97.5,17000
PBH.DB.I.TO,20230719,96.25,96.25,96,96,20999
PBL.TO,20230719,26.11,26.22,25.35,25.4,7158
PBY.UN.TO,20230719,14.21,14.28,14.2,14.2,6212
PD.TO,20230719,75.29,76.99,74.44,75.17,92944
PDC.TO,20230719,30.06,30.21,30.06,30.21,20008
PDF.TO,20230719,29.99,30.14,29.99,30.12,761
PDIV.TO,20230719,10,10,9.95,9.96,16921
PDV.TO,20230719,5.4,5.46,5.4,5.46,403
PEA.TO,20230719,0.61,0.62,0.61,0.62,15965
PET.TO,20230719,29.73,30.13,29.58,29.99,184458
PEY.TO,20230719,11.5,11.62,11.42,11.5,1786206
PFAA.TO,20230719,10.2,10.2,10.2,10.2,12700
PFH.F.TO,20230719,17.45,17.45,17.45,17.45,300
PFIA.TO,20230719,9.67,9.71,9.67,9.67,21099
PFL.TO,20230719,19.68,19.7,19.68,19.69,3445
PFLS.TO,20230719,15.5,15.5,15.5,15.5,1100
PFMN.TO,20230719,13.47,13.47,13.43,13.43,7501
PGI.UN.TO,20230719,7.09,7.1,7.04,7.05,27692
PHE.B.TO,20230719,32.53,32.53,32.53,32.53,100
PHR.TO,20230719,19.12,19.29,19.12,19.29,370
PHX.TO,20230719,6.97,7.06,6.9,6.97,300779
PHYS.TO,20230719,20.35,20.35,20.26,20.3,9401
PHYS.U.TO,20230719,15.4,15.56,15.4,15.56,2100
PIC.A.TO,20230719,4.75,4.8,4.6,4.8,54910
PIC.PR.A.TO,20230719,13.33,13.54,13.3,13.53,16325
PID.TO,20230719,21.07,21.09,21.02,21.05,8600
PIF.TO,20230719,14.99,15.51,14.98,15.08,70634
PIN.TO,20230719,17.05,17.05,17.05,17.05,500
PINC.TO,20230719,17.88,17.88,17.88,17.88,400
PIX.UN.TO,20230719,8.03,8.13,8.03,8.09,6544
PKI.TO,20230719,35.2,35.53,35.2,35.39,228753
PLC.TO,20230719,24.24,24.26,23.77,23.78,56497
PLC.DB.TO,20230719,98,98,98,98,5000
PLDI.TO,20230719,18.73,18.73,18.73,18.73,2600
PLV.TO,20230719,22.08,22.08,22.08,22.08,1000
PLZ.UN.TO,20230719,4.04,4.07,4.02,4.04,31307
PMB.UN.TO,20230719,6.93,6.93,6.93,6.93,1250
PME.TO,20230719,2.6,2.7,2.6,2.65,7954
PMIF.TO,20230719,18.07,18.09,18.05,18.05,19055
PMIF.U.TO,20230719,19.12,19.12,19.12,19.12,100
PMM.TO,20230719,20.05,20.05,20.04,20.04,300
PMT.TO,20230719,0.51,0.51,0.5,0.51,12793
PMZ.UN.TO,20230719,13.26,13.41,13.26,13.4,108428
PNC.A.TO,20230719,1.81,1.81,1.8,1.8,200
PNE.TO,20230719,1.53,1.56,1.52,1.55,177198
PNP.TO,20230719,3.95,3.95,3.95,3.95,200
POU.TO,20230719,29.12,29.89,29.12,29.54,227481
POW.TO,20230719,37.82,37.85,37.29,37.54,1561387
POW.PR.A.TO,20230719,20.7,20.7,20.64,20.65,2400
POW.PR.B.TO,20230719,19.52,19.6,19.52,19.59,2900
POW.PR.C.TO,20230719,21.7,21.71,21.7,21.71,600
POW.PR.D.TO,20230719,18.36,18.37,18.34,18.37,3436
POW.PR.G.TO,20230719,20.56,20.56,20.51,20.52,2682
PPL.TO,20230719,40.88,41.15,40.8,40.86,812435
PPL.PF.A.TO,20230719,20.6,20.77,20.49,20.49,10043
PPL.PF.E.TO,20230719,21.7,21.86,21.69,21.85,6808
PPL.PR.A.TO,20230719,17.69,17.7,17.69,17.7,8469
PPL.PR.C.TO,20230719,16.98,16.98,16.95,16.95,200
PPL.PR.E.TO,20230719,17.59,17.59,17.59,17.59,1200
PPL.PR.G.TO,20230719,16.91,16.91,16.91,16.91,300
PPL.PR.I.TO,20230719,19.71,19.71,19.71,19.71,600
PPL.PR.O.TO,20230719,19.53,19.53,19.5,19.5,400
PPL.PR.Q.TO,20230719,18.01,18.08,18,18.08,1400
PPL.PR.S.TO,20230719,20.7,20.7,20.7,20.7,200
PPR.TO,20230719,0.09,0.09,0.085,0.09,191200
PPTA.TO,20230719,5.09,5.09,4.9,4.91,9505
PR.TO,20230719,8,8.01,8,8.01,8044
PRA.TO,20230719,26.77,26.8,26.77,26.8,593
PRB.TO,20230719,1.65,1.65,1.63,1.63,46760
PRL.TO,20230719,8.94,8.94,8.75,8.75,7368
PRM.TO,20230719,13.95,13.95,13.95,13.95,1106
PRMW.TO,20230719,17.61,18.14,17.59,18.11,85958
PRN.TO,20230719,17,17,16.73,16.89,5572
PRQ.TO,20230719,1.59,1.61,1.55,1.57,34855
PRU.TO,20230719,1.6,1.6,1.59,1.59,1538
PRV.DB.TO,20230719,96.25,96.25,96,96,107000
PRV.UN.TO,20230719,5.4,5.47,5.4,5.44,22109
PSA.TO,20230719,50.15,50.15,50.14,50.14,31745
PSB.TO,20230719,16.72,16.75,16.72,16.73,1975
PSD.TO,20230719,1.8,1.82,1.78,1.82,3100
PSI.TO,20230719,12.56,12.8,12.55,12.77,210638
PSK.TO,20230719,26.26,26.71,26.05,26.37,477299
PSLV.TO,20230719,11.26,11.39,11.25,11.39,45251
PSU.U.TO,20230719,100.29,100.3,100.29,100.3,3261
PTI.UN.TO,20230719,6.76,6.89,6.73,6.89,28500
PTM.TO,20230719,1.85,1.86,1.83,1.86,4894
PTO.UN.TO,20230719,7.15,7.22,7.13,7.18,8493
PVS.PR.F.TO,20230719,24.25,24.45,24.2,24.45,4038
PVS.PR.G.TO,20230719,23.09,23.09,23.09,23.09,700
PVS.PR.H.TO,20230719,22.33,22.33,22.31,22.31,500
PVS.PR.I.TO,20230719,23.27,23.63,23.14,23.35,17610
PVS.PR.J.TO,20230719,21.4,21.61,21.4,21.6,1700
PVS.PR.K.TO,20230719,21,21.35,20.51,21.35,400
PWF.PF.A.TO,20230719,16.4,16.5,16.26,16.28,8712
PWF.PR.A.TO,20230719,13.3,13.3,13.25,13.25,500
PWF.PR.E.TO,20230719,19.96,19.99,19.91,19.91,9261
PWF.PR.F.TO,20230719,19,19.11,19,19.1,1650
PWF.PR.G.TO,20230719,21.66,21.7,21.65,21.65,3500
PWF.PR.H.TO,20230719,21,21.05,20.98,21.01,1938
PWF.PR.K.TO,20230719,17.99,18.1,17.99,18.1,2556
PWF.PR.L.TO,20230719,18.5,18.55,18.5,18.54,2500
PWF.PR.O.TO,20230719,21.14,21.21,21.1,21.21,2131
PWF.PR.P.TO,20230719,12.59,12.6,12.59,12.6,900
PWF.PR.Q.TO,20230719,14.9,14.9,14.9,14.9,38500
PWF.PR.R.TO,20230719,19.99,19.99,19.93,19.94,2600
PWF.PR.S.TO,20230719,17.72,17.74,17.72,17.74,300
PWF.PR.T.TO,20230719,18.65,18.65,18.65,18.65,700
PWF.PR.Z.TO,20230719,18.53,18.6,18.53,18.55,4800
PWI.TO,20230719,6.4,6.4,6.3,6.3,31975
PWI.PR.A.TO,20230719,9.23,9.23,9.23,9.23,2000
PXC.TO,20230719,34.56,34.69,34.56,34.69,2675
PXS.TO,20230719,38.3,38.3,38.3,38.3,741
PXT.TO,20230719,27.7,27.96,27.24,27.48,467589
PXU.F.TO,20230719,53.25,53.25,53.25,53.25,200
PYF.TO,20230719,17.31,17.31,17.31,17.31,507
PYR.TO,20230719,0.92,0.92,0.88,0.89,31822
PZA.TO,20230719,15.1,15.25,15.1,15.23,29351
QAH.TO,20230719,150.84,150.84,150.84,150.84,207
QBB.TO,20230719,90.04,90.32,90.04,90.32,5899
QBR.A.TO,20230719,32.5,32.76,32.5,32.76,528
QBR.B.TO,20230719,32.24,32.9,32.05,32.5,211879
QBTC.TO,20230719,38.25,38.76,38.25,38.51,5942
QBTC.U.TO,20230719,29.2,29.49,29.19,29.26,2400
QBTL.TO,20230719,17,17.09,16.9,17.03,5343
QCE.TO,20230719,123.49,123.49,123.49,123.49,100
QCLN.TO,20230719,24.3,24.3,24.3,24.3,377
QCN.TO,20230719,124.85,125.03,124.85,125.03,310
QDX.TO,20230719,106.03,106.09,106.01,106.09,1000
QEBH.TO,20230719,76.99,76.99,76.69,76.69,925
QEBL.TO,20230719,81.3,81.3,81.3,81.3,400
QEC.TO,20230719,0.215,0.215,0.215,0.215,1000
QEE.TO,20230719,85.92,85.92,85.92,85.92,100
QETH.UN.TO,20230719,39.8,39.9,39.31,39.9,1371
QIE.TO,20230719,29.2,29.2,29.19,29.19,300
QINF.TO,20230719,111.67,111.69,111.46,111.46,400
QIPT.TO,20230719,6.95,7.4,6.93,7.27,112451
QQC.TO,20230719,24.96,25,24.82,24.83,14416
QQC.F.TO,20230719,127.61,128,127.19,127.42,6541
QQCC.TO,20230719,11.17,11.17,11.13,11.13,13645
QQCE.TO,20230719,20.92,20.92,20.84,20.84,200
QQCE.F.TO,20230719,19.4,19.4,19.4,19.4,200
QQEQ.TO,20230719,22.96,22.98,22.96,22.98,200
QQJR.F.TO,20230719,16.52,16.52,16.47,16.47,600
QQQT.TO,20230719,21.05,21.06,21.05,21.05,723
QRC.TO,20230719,0.65,0.65,0.65,0.65,500
QRET.TO,20230719,101.26,101.48,101.1,101.18,2200
QSB.TO,20230719,94.52,94.52,94.52,94.52,648
QSP.UN.TO,20230719,101.7,101.7,101.7,101.7,200
QSR.TO,20230719,102.92,103.05,101.49,102.09,327876
QTRH.TO,20230719,1.37,1.39,1.37,1.38,17099
QUB.TO,20230719,82.38,82.38,82.38,82.38,100
QUS.TO,20230719,44.34,44.34,44.34,44.34,100
QUU.TO,20230719,171.75,172.21,171.72,171.72,2585
QXM.TO,20230719,26.92,26.92,26.75,26.84,4684
RA.UN.TO,20230719,7.77,7.84,7.75,7.84,9500
RATE.TO,20230719,20.07,20.14,20.07,20.14,1600
RAY.A.TO,20230719,5.34,5.34,5.15,5.17,14154
RBA.TO,20230719,82.63,83,81.67,81.86,285357
RBN.UN.TO,20230719,7.53,7.53,7.53,7.53,300
RBNK.TO,20230719,23.34,23.46,23.34,23.44,8990
RBOT.TO,20230719,29.41,29.41,29.41,29.41,1067
RBY.TO,20230719,2.12,2.15,2.12,2.15,9955
RCD.TO,20230719,24.36,24.46,24.36,24.46,768
RCDC.TO,20230719,19.21,19.21,19.21,19.21,136
RCG.TO,20230719,8.73,9.04,8.73,8.91,16568
RCH.TO,20230719,44.3,44.3,43.37,43.37,43818
RCI.A.TO,20230719,61,61.29,60.5,61.24,401
RCI.B.TO,20230719,59.32,59.85,59.23,59.31,1039646
REAL.TO,20230719,6.78,6.82,6.68,6.72,160741
REI.UN.TO,20230719,19.7,20,19.65,20,571262
RGQL.TO,20230719,19.93,19.93,19.93,19.93,1879
RGQP.TO,20230719,19.43,19.43,19.43,19.43,3835
RGQQ.TO,20230719,19.35,19.35,19.35,19.35,6150
RID.TO,20230719,23.35,23.41,23.35,23.41,1080
RIDH.TO,20230719,25.24,25.24,25.22,25.22,950
RIFI.TO,20230719,17.57,17.57,17.57,17.57,100
RIIN.TO,20230719,18.53,18.53,18.53,18.53,300
RIRA.TO,20230719,17.32,17.57,17.29,17.29,1800
RIT.TO,20230719,16.22,16.34,16.22,16.34,8008
ROOT.TO,20230719,3.05,3.08,3.01,3.01,3494
RPF.TO,20230719,17.85,17.96,17.84,17.96,19444
RPI.UN.TO,20230719,34.99,35.53,34.99,35.29,23727
RQL.TO,20230719,19.89,19.9,19.89,19.89,14300
RQN.TO,20230719,19.63,19.64,19.63,19.64,4011
RQO.TO,20230719,17.6,17.6,17.59,17.59,7897
RQP.TO,20230719,17.17,17.21,17.17,17.21,1500
RQQ.TO,20230719,20.62,20.62,20.58,20.61,4900
RS.TO,20230719,14.16,14.2,14.1,14.2,13854
RS.PR.A.TO,20230719,9.35,9.44,9.34,9.44,38300
RSI.TO,20230719,5.74,5.74,5.67,5.7,127831
RSI.DB.E.TO,20230719,99,99,99,99,5000
RSI.DB.F.TO,20230719,97.5,98,97.5,98,3000
RUBH.TO,20230719,15,15.3,15,15.3,608
RUBY.TO,20230719,16.88,17.15,16.82,17.15,3781
RUD.TO,20230719,52.14,52.19,52.13,52.19,1712
RUDB.U.TO,20230719,14.75,14.76,14.75,14.76,1238
RUDC.TO,20230719,19.99,20.05,19.99,20.01,20000
RUDC.U.TO,20230719,15.19,15.22,15.19,15.19,10499
RUDH.TO,20230719,38,38,38,38,233
RUP.TO,20230719,4.45,4.45,4.29,4.3,13505
RUS.TO,20230719,38.3,38.34,37.83,38.02,112468
RUSB.U.TO,20230719,14.94,14.94,14.94,14.94,100
RVX.TO,20230719,0.09,0.1,0.09,0.095,38341
RXD.TO,20230719,18.77,18.77,18.77,18.77,150
RY.TO,20230719,129.59,130.46,128.91,130.17,12686460
RY.PR.H.TO,20230719,17.61,17.95,17.61,17.8,900
RY.PR.J.TO,20230719,18.8,18.86,18.8,18.86,2863
RY.PR.M.TO,20230719,18,18.01,18,18,1300
RY.PR.O.TO,20230719,21.31,21.31,21.3,21.3,450
RY.PR.S.TO,20230719,20.05,20.05,20,20.05,11433
S.TO,20230719,0.5,0.5,0.49,0.5,62016
SAP.TO,20230719,28.15,28.37,27.88,27.93,414987
SAU.TO,20230719,0.08,0.08,0.08,0.08,1052
SBC.TO,20230719,9.74,9.75,9.71,9.74,16402
SBC.PR.A.TO,20230719,9.47,9.52,9.47,9.48,7055
SBI.TO,20230719,0.34,0.35,0.34,0.35,7394
SBT.TO,20230719,13.35,13.35,13.35,13.35,600
SBT.B.TO,20230719,17.7,17.7,17.59,17.59,3300
SDE.TO,20230719,4.62,4.63,4.51,4.54,227767
SEA.TO,20230719,17.88,17.97,17.73,17.78,25552
SES.TO,20230719,6.68,6.73,6.62,6.69,305967
SFC.TO,20230719,4.45,4.45,4.43,4.43,4700
SFD.TO,20230719,0.27,0.27,0.27,0.27,2500
SFI.TO,20230719,0.3,0.3,0.3,0.3,10499
SFTC.TO,20230719,17.63,17.76,17.25,17.35,6425
SGLD.TO,20230719,0.155,0.155,0.15,0.15,17500
SGNL.TO,20230719,0.235,0.235,0.22,0.22,13525
SGR.UN.TO,20230719,13.59,13.72,13.42,13.65,61753
SGY.TO,20230719,8.06,8.14,7.96,8.05,283317
SHLE.TO,20230719,6.4,6.45,5.85,5.85,30541
SHOP.TO,20230719,89.38,91,88.77,89.91,3234939
SIA.TO,20230719,11.7,11.77,11.65,11.74,150134
SIH.UN.TO,20230719,9.64,9.7,9.64,9.7,8100
SII.TO,20230719,44.81,45.17,44.79,44.89,20083
SIL.TO,20230719,8.31,8.37,8.2,8.2,177150
SIS.TO,20230719,17.51,17.55,17.4,17.4,30954
SJ.TO,20230719,68.35,68.94,67.05,68.9,159533
SKE.TO,20230719,6.81,6.91,6.79,6.84,92770
SKYY.TO,20230719,18.8,18.8,18.8,18.8,100
SLF.TO,20230719,68.35,68.49,67.92,68.46,1004750
SLF.PR.C.TO,20230719,17.86,17.87,17.71,17.71,1500
SLF.PR.D.TO,20230719,17.74,17.74,17.61,17.61,1679
SLF.PR.G.TO,20230719,13,13,12.94,13,11081
SLF.PR.H.TO,20230719,15.19,15.25,15.15,15.2,7900
SLF.PR.J.TO,20230719,15,15,15,15,8300
SLF.PR.K.TO,20230719,19.2,19.2,19.2,19.2,100
SLR.TO,20230719,0.77,0.78,0.77,0.78,17875
SLS.TO,20230719,6.08,6.14,5.8,5.86,127071
SMC.TO,20230719,0.05,0.055,0.05,0.055,450000
SMT.TO,20230719,0.39,0.4,0.39,0.39,80465
SOIL.TO,20230719,2.3,2.33,2.29,2.29,211459
SOIL.WT.A.TO,20230719,0.375,0.375,0.375,0.375,500
SOLG.TO,20230719,0.285,0.285,0.28,0.28,60500
SOT.DB.A.TO,20230719,71.07,71.07,71.06,71.06,85000
SOT.UN.TO,20230719,1.94,1.96,1.93,1.94,87964
SOY.TO,20230719,7.87,8.36,7.82,8.22,119266
SPB.TO,20230719,9.62,9.78,9.61,9.7,749224
SPLT.TO,20230719,10.08,10.08,10.06,10.06,5700
SPPP.TO,20230719,15.09,15.09,14.92,14.94,2054
SRU.UN.TO,20230719,24.75,25.03,24.69,25,199046
SRV.UN.TO,20230719,17.05,17.05,16.64,16.68,15941
SSF.UN.TO,20230719,6.45,6.49,6.45,6.49,4200
SSL.TO,20230719,7.36,7.49,7.34,7.4,184926
SSRM.TO,20230719,19.58,19.77,19.49,19.73,228266
STC.TO,20230719,5.29,5.29,5.2,5.24,14611
STCK.TO,20230719,6.82,6.85,6.75,6.85,6600
STEP.TO,20230719,3.61,3.76,3.61,3.67,58565
STGO.TO,20230719,0.85,0.85,0.82,0.82,331397
STLC.TO,20230719,46.18,46.6,45.55,46.18,85937
STN.TO,20230719,90.58,90.86,89.6,90.25,226692
STPL.TO,20230719,23.99,24.01,23.97,24,5587
SU.TO,20230719,38.75,38.83,38.19,38.37,4101542
SVA.TO,20230719,0.96,0.96,0.95,0.95,46237
SVB.TO,20230719,0.15,0.15,0.145,0.145,4006
SVI.TO,20230719,5.71,5.73,5.56,5.65,246739
SVI.DB.TO,20230719,94.5,94.5,94.25,94.25,87000
SVI.DB.B.TO,20230719,94.02,94.02,94.02,94.02,10000
SVM.TO,20230719,4.3,4.33,4.23,4.24,153191
SVR.TO,20230719,12.37,12.37,12.33,12.35,10384
SVR.C.TO,20230719,12.63,12.66,12.63,12.66,800
SWP.TO,20230719,2.8,2.8,2.8,2.8,964
SXP.TO,20230719,6.45,6.8,6.45,6.54,57593
SYLD.TO,20230719,17.9,17.92,17.89,17.89,807
SYZ.TO,20230719,7.5,7.5,7.2,7.22,34888
T.TO,20230719,24.2,24.35,23.97,24.29,3328890
TA.TO,20230719,13,13.2,12.94,13.15,386113
TA.PR.D.TO,20230719,12.1,12.13,12.1,12.13,1100
TA.PR.F.TO,20230719,18.4,18.4,18.36,18.4,3900
TA.PR.H.TO,20230719,21.48,21.51,21.4,21.51,6690
TA.PR.J.TO,20230719,19.74,19.79,19.74,19.79,3800
TAIG.TO,20230719,1.73,1.74,1.68,1.69,10542
TAL.TO,20230719,0.73,0.73,0.71,0.72,141139
TBL.TO,20230719,2.75,2.75,2.7,2.75,23919
TBNK.TO,20230719,24.97,25.15,24.96,25.15,3200
TC.TO,20230719,39.5,40.39,39.47,39.57,3943
TCL.A.TO,20230719,13.56,13.63,13.47,13.5,45029
TCLB.TO,20230719,118.74,119.58,118.67,119.58,6200
TCLV.TO,20230719,19.03,19.11,19.03,19.11,2903
TCS.TO,20230719,27,27.71,27,27.44,6715
TCW.TO,20230719,3.83,3.9,3.83,3.87,1061240
TD.TO,20230719,85.17,86.18,84.86,86.05,4556373
TD.PF.A.TO,20230719,17.31,17.41,17.24,17.41,6088
TD.PF.B.TO,20230719,17.42,17.56,17.42,17.51,7918
TD.PF.C.TO,20230719,17.25,17.29,17.25,17.25,11416
TD.PF.D.TO,20230719,18.34,18.35,18.32,18.32,103900
TD.PF.E.TO,20230719,18.41,18.48,18.41,18.46,74295
TD.PF.I.TO,20230719,24.37,24.37,24.35,24.35,3100
TD.PF.J.TO,20230719,20.91,20.91,20.87,20.91,4100
TD.PF.M.TO,20230719,23.67,23.74,23.66,23.68,5400
TDB.TO,20230719,12.82,12.85,12.8,12.85,18946
TDOC.TO,20230719,17.21,17.27,17.15,17.15,2531
TEC.TO,20230719,29.79,29.82,29.52,29.6,24475
TEC.U.TO,20230719,22.55,22.55,22.55,22.55,800
TECH.TO,20230719,11.45,11.48,11.37,11.47,7822
TECH.B.TO,20230719,12.57,12.57,12.57,12.57,100
TECH.U.TO,20230719,11.72,11.76,11.66,11.69,9300
TECI.TO,20230719,7.19,7.19,7.1,7.1,2800
TECK.A.TO,20230719,55.5,55.85,55.5,55.54,1135
TECK.B.TO,20230719,55.32,55.77,55,55.64,775243
TERM.TO,20230719,9.09,9.09,9.07,9.07,4513
TF.TO,20230719,7.47,7.61,7.47,7.59,89396
TF.DB.E.TO,20230719,85,85,85,85,2000
TFII.TO,20230719,154.09,161.69,154.09,161.66,500101
TFPM.TO,20230719,18.6,18.74,18.42,18.6,27095
TGED.TO,20230719,19.32,19.32,19.2,19.2,4234
TGFI.TO,20230719,20.29,20.3,20.29,20.3,3300
TGGR.TO,20230719,21.97,21.97,21.86,21.87,10200
TGO.TO,20230719,2.27,2.27,2.06,2.06,2288
TGRE.TO,20230719,13.43,13.44,13.43,13.44,1554
TH.TO,20230719,1.1,1.1,1.01,1.06,41062
The.TO,20230719,22.42,22.42,22.41,22.41,600
THNC.TO,20230719,1.85,1.85,1.77,1.77,11403
THU.TO,20230719,30.71,30.71,30.6,30.6,700
TI.TO,20230719,0.465,0.465,0.45,0.45,12001
TIH.TO,20230719,109.29,110,108.41,109.04,96140
TILV.TO,20230719,14.8,14.8,14.8,14.8,600
TINF.TO,20230719,17.64,17.64,17.57,17.59,900
TIPS.F.TO,20230719,29.06,29.06,29.06,29.06,1000
TIXT.TO,20230719,13,13.78,12.89,13.69,2441804
TKN.TO,20230719,12.6,12.65,12.6,12.65,1342
TKO.TO,20230719,1.95,1.96,1.93,1.95,231511
TLF.TO,20230719,20.63,20.71,20.57,20.57,1350
TLG.TO,20230719,0.495,0.495,0.49,0.49,10700
TLO.TO,20230719,0.27,0.2825,0.27,0.2775,351794
TLRY.TO,20230719,2.18,2.35,2.18,2.3,1694452
TLV.TO,20230719,28.35,28.35,28.35,28.35,650
TMD.TO,20230719,0.165,0.165,0.155,0.16,71854
TMEC.TO,20230719,17.92,17.92,17.92,17.92,300
TMEU.TO,20230719,18.62,18.62,18.62,18.62,200
TML.TO,20230719,0.255,0.295,0.255,0.275,48154
TMQ.TO,20230719,0.7,0.72,0.7,0.72,4500
TNT.UN.TO,20230719,2.56,2.76,2.55,2.74,477681
TNZ.TO,20230719,3.5,3.62,3.5,3.5,122735
TOT.TO,20230719,9.63,9.64,9.52,9.56,62357
TOU.TO,20230719,67.25,68.69,67.2,68.1,1871708
TOY.TO,20230719,34.81,35.48,34.8,35.32,25518
TPAY.TO,20230719,21.11,21.11,21.11,21.11,1200
TPE.TO,20230719,20,20,19.96,19.98,4763
TPRF.TO,20230719,8.9,8.91,8.9,8.91,4400
TPU.TO,20230719,33.8,33.89,33.75,33.81,25336
TPX.B.TO,20230719,90,91,90,91,1438
TPZ.TO,20230719,21.57,21.78,21.38,21.4,316476
TQCD.TO,20230719,15.59,15.66,15.59,15.66,26222
TQGD.TO,20230719,16.48,16.52,16.43,16.46,52413
TQGM.TO,20230719,15.43,15.43,15.43,15.43,6100
TQSM.TO,20230719,19.3,19.3,19.23,19.27,3259
TRI.TO,20230719,173.68,175.15,173.03,174.66,208134
TRI.PR.B.TO,20230719,13.48,13.5,13.48,13.5,800
TRP.TO,20230719,50.9,51.23,50.72,50.8,6791510
TRP.PR.A.TO,20230719,13.53,13.83,13.53,13.83,1800
TRP.PR.C.TO,20230719,11.66,11.67,11.66,11.66,400
TRP.PR.D.TO,20230719,15.2,15.3,15.2,15.25,34217
TRP.PR.E.TO,20230719,14.65,14.65,14.56,14.65,1875
TRP.PR.F.TO,20230719,14.8,14.8,14.8,14.8,500
TRP.PR.G.TO,20230719,16.25,16.25,16.19,16.22,3600
TRP.PR.H.TO,20230719,13.15,13.15,13.05,13.15,1200
TRVI.TO,20230719,21.2,21.22,21.13,21.2,6104
TRVL.TO,20230719,22.7,22.76,22.63,22.7,6740
TRVL.U.TO,20230719,22.04,22.04,22.04,22.04,250
TRZ.TO,20230719,4.88,4.99,4.87,4.98,68683
TSK.TO,20230719,0.09,0.09,0.085,0.085,93000
TSL.TO,20230719,3.28,3.28,3.18,3.18,19750
TSND.TO,20230719,2.23,2.26,2.17,2.21,86588
TSU.TO,20230719,37.47,37.47,36.91,37.19,44251
TTNM.TO,20230719,2.4,2.49,2.4,2.48,16302
TTP.TO,20230719,23.29,23.34,23.27,23.34,19277
TUED.TO,20230719,20.24,20.24,20.2,20.2,1100
TULB.TO,20230719,118.87,118.87,118.87,118.87,100
TULV.TO,20230719,18.09,18.09,18.09,18.09,100
TUSB.TO,20230719,13.29,13.31,13.29,13.31,900
TVA.B.TO,20230719,1.87,1.87,1.87,1.87,400
TVE.TO,20230719,3.69,3.71,3.62,3.65,849666
TVK.TO,20230719,31,34,31,34,5277
TWC.TO,20230719,18.2,18.2,18.2,18.2,2000
TWM.TO,20230719,0.98,0.98,0.96,0.97,51963
TXF.TO,20230719,17.83,17.87,17.71,17.71,30016
TXF.B.TO,20230719,21.09,21.09,21.09,21.09,161
TXG.TO,20230719,19.36,19.51,19.06,19.21,126027
TXP.TO,20230719,1.36,1.36,1.31,1.33,105850
TXT.UN.TO,20230719,2.44,2.44,2.44,2.44,500
U.U.TO,20230719,12.5,12.5,12.31,12.36,2000
U.UN.TO,20230719,16.34,16.52,16.19,16.26,268344
UBIL.U.TO,20230719,50.12,50.13,50.12,50.13,3970
UDIV.TO,20230719,12.04,12.12,12.04,12.11,5957
UDIV.B.TO,20230719,12.28,12.28,12.28,12.28,900
ULV.F.TO,20230719,45.53,45.82,45.53,45.72,5450
ULV.U.TO,20230719,22.91,22.98,22.91,22.98,414
UMAX.TO,20230719,15.91,15.95,15.9,15.94,60479
UMI.TO,20230719,29.42,29.52,29.42,29.49,300
UNC.TO,20230719,105.52,105.52,105.52,105.52,126
UNI.TO,20230719,1.5,1.51,1.5,1.51,5400
URB.TO,20230719,3.89,3.89,3.89,3.89,5417
URB.A.TO,20230719,3.8,3.85,3.8,3.8,3829
URC.TO,20230719,2.68,2.76,2.68,2.69,13102
URE.TO,20230719,1.35,1.35,1.29,1.35,39967
USA.TO,20230719,0.56,0.56,0.54,0.55,67192
USCC.TO,20230719,17.47,17.47,17.39,17.42,6225
USCC.U.TO,20230719,13.24,13.24,13.24,13.24,800
USCL.TO,20230719,20.53,20.53,20.35,20.35,11386
UTIL.TO,20230719,21.27,21.34,21.27,21.31,400
VA.TO,20230719,35.51,35.51,35.42,35.43,5984
VAB.TO,20230719,22.32,22.38,22.27,22.38,87291
VALT.TO,20230719,24.88,24.88,24.81,24.81,2270
VALT.B.TO,20230719,25.88,25.92,25.88,25.92,2800
VBAL.TO,20230719,28.6,28.64,28.59,28.63,43220
VBNK.TO,20230719,10.9,11.11,10.89,11.05,13719
VBNK.PR.A.TO,20230719,9.5,9.5,9.45,9.45,9380
VCB.TO,20230719,22.77,22.84,22.77,22.84,10209
VCE.TO,20230719,44.14,44.31,44.14,44.3,10894
VCIP.TO,20230719,24.59,24.65,24.59,24.65,7833
VCM.TO,20230719,18.64,18.72,18.52,18.52,6500
VCN.TO,20230719,41.35,41.57,41.35,41.56,52796
VCNS.TO,20230719,26.38,26.45,26.38,26.45,7312
VDU.TO,20230719,39.4,39.4,39.26,39.32,6822
VDY.TO,20230719,41.58,41.73,41.58,41.73,72909
VE.TO,20230719,32.37,32.37,32.22,32.26,3037
VEE.TO,20230719,33.07,33.12,32.91,32.96,32685
VEF.TO,20230719,50,50,49.92,49.98,2071
VEQT.TO,20230719,35.84,35.9,35.81,35.89,64646
VET.TO,20230719,17.41,17.56,17.02,17.08,750308
VFV.TO,20230719,106.67,106.99,106.51,106.68,80431
VGCX.TO,20230719,9.1,9.23,8.83,9.13,168778
VGG.TO,20230719,73.86,73.94,73.73,73.82,5490
VGH.TO,20230719,54.24,54.4,54.24,54.33,4605
VGRO.TO,20230719,30.82,30.88,30.81,30.88,65154
VGV.TO,20230719,21.95,21.95,21.9,21.93,6463
VGZ.TO,20230719,0.72,0.72,0.72,0.72,2000
VHI.TO,20230719,2.57,2.59,2.54,2.54,11670
VI.TO,20230719,34.87,34.87,34.79,34.8,12168
VIDY.TO,20230719,27.29,27.29,27.24,27.26,657
VIU.TO,20230719,31.15,31.24,31.12,31.17,58400
VLB.TO,20230719,21.15,21.25,21.06,21.22,21031
VLE.TO,20230719,2.15,2.3,2.13,2.29,571060
VLN.TO,20230719,12.7,12.7,12.7,12.7,10628
VMO.TO,20230719,46.99,46.99,46.65,46.73,1209
VNP.TO,20230719,3.52,3.57,3.5,3.57,26010
VOXR.TO,20230719,3.17,3.17,3.15,3.16,9800
VPH.TO,20230719,0.39,0.4,0.385,0.395,28139
VQS.TO,20230719,0.45,0.47,0.45,0.455,50025
VRE.TO,20230719,30.15,30.25,30.08,30.25,5601
VRIF.TO,20230719,23.45,23.51,23.44,23.49,21758
VSB.TO,20230719,22.24,22.24,22.2,22.22,49651
VSC.TO,20230719,22.66,22.68,22.65,22.68,22950
VSP.TO,20230719,75,75.11,74.81,74.91,28685
VUN.TO,20230719,81.24,81.5,81.17,81.33,41410
VUS.TO,20230719,81.68,81.89,81.65,81.71,4472
VVL.TO,20230719,42.89,42.98,42.77,42.9,2888
VVO.TO,20230719,32.74,32.74,32.74,32.74,151
VXC.TO,20230719,50.13,50.13,49.95,50.03,18477
VXM.B.TO,20230719,26.18,26.18,26.18,26.18,500
WCN.TO,20230719,184.32,185.71,183.7,185.49,213813
WCP.TO,20230719,10.02,10.19,9.93,9.96,1167966
WDO.TO,20230719,7.29,7.36,7.16,7.18,231539
WEED.TO,20230719,0.52,0.58,0.51,0.55,6953875
WEF.TO,20230719,1.08,1.08,1.06,1.07,182133
WELL.TO,20230719,4.85,4.88,4.62,4.7,1008102
WFC.TO,20230719,19.25,19.25,19.15,19.15,1102
WFG.TO,20230719,117.43,118.28,115.33,115.77,158567
WFS.PR.A.TO,20230719,9.05,9.05,9,9,1100
WILD.TO,20230719,1.73,1.75,1.7,1.71,37600
WJX.TO,20230719,27.45,27.5,27.15,27.16,20724
WJX.DB.TO,20230719,99,99,99,99,33000
WLLW.TO,20230719,0.12,0.12,0.115,0.115,1500
WM.TO,20230719,0.135,0.14,0.135,0.135,227544
WN.TO,20230719,152.7,153.79,152.7,153.15,84933
WN.PR.A.TO,20230719,21.88,21.95,21.88,21.95,1375
WN.PR.C.TO,20230719,19.05,19.15,19.05,19.1,5700
WN.PR.D.TO,20230719,19.06,19.19,19.05,19.19,7704
WN.PR.E.TO,20230719,17.51,17.53,17.38,17.5,11900
WNDR.TO,20230719,0.21,0.225,0.205,0.215,994887
WNDR.WT.B.TO,20230719,0.08,0.08,0.08,0.08,1000
WPK.TO,20230719,41.91,41.92,41.37,41.84,36786
WPM.TO,20230719,58.9,59.4,58.72,59.06,411431
WPRT.TO,20230719,13.29,15.74,13.29,15.26,130631
WRN.TO,20230719,2.16,2.21,2.11,2.11,57991
WRX.TO,20230719,0.255,0.255,0.255,0.255,2000
WSP.TO,20230719,179,179.88,177.01,178.18,96913
WSRD.TO,20230719,26.91,26.92,26.75,26.77,20731
WTE.TO,20230719,31.8,32.22,31.76,31.77,57352
WXM.TO,20230719,25.21,25.29,25.19,25.29,8600
X.TO,20230719,29.93,30.16,29.82,30.11,332453
XAM.TO,20230719,0.08,0.08,0.08,0.08,101616
XAU.TO,20230719,9.52,9.7,9.51,9.7,2900
XAW.TO,20230719,34.8,34.86,34.76,34.82,16548
XBAL.TO,20230719,25.9,25.96,25.9,25.96,77315
XBB.TO,20230719,27.35,27.41,27.29,27.38,195468
XBM.TO,20230719,20.21,20.26,20.1,20.26,16117
XCB.TO,20230719,19.05,19.09,19.01,19.09,23301
XCBU.TO,20230719,33.78,33.78,33.73,33.73,200
XCD.TO,20230719,50.58,50.58,50.58,50.58,430
XCG.TO,20230719,44.48,44.64,44.48,44.56,1984
XCH.TO,20230719,17.46,17.61,17.4,17.4,29683
XCNS.TO,20230719,20.96,20.96,20.93,20.96,3079
XCS.TO,20230719,18.39,18.44,18.38,18.38,2554
XCSR.TO,20230719,60.32,60.5,60.31,60.49,9454
XCV.TO,20230719,32.27,32.38,32.26,32.38,3353
XDG.TO,20230719,23.06,23.24,23.06,23.2,167719
XDGH.TO,20230719,23.86,24.03,23.86,23.98,3581
XDIV.TO,20230719,25.26,25.39,25.26,25.39,32338
XDNA.TO,20230719,33.1,33.1,33.1,33.1,100
XDRV.TO,20230719,43.18,43.18,43.18,43.18,100
XDSR.TO,20230719,51.14,51.14,51.13,51.13,609
XDU.TO,20230719,25.82,25.87,25.82,25.87,1809
XDUH.TO,20230719,24.55,24.58,24.55,24.58,2413
XDV.TO,20230719,28.19,28.29,28.18,28.27,21493
XEB.TO,20230719,15.49,15.53,15.49,15.53,366
XEC.TO,20230719,25.65,25.78,25.61,25.68,16951
XEF.TO,20230719,33.88,33.93,33.82,33.88,36029
XEG.TO,20230719,14.93,15.09,14.87,14.94,566099
XEH.TO,20230719,29.51,29.51,29.49,29.5,1124
XEI.TO,20230719,24.69,24.77,24.69,24.77,45826
XEM.TO,20230719,29.71,29.74,29.63,29.63,1000
XEN.TO,20230719,31,31.16,31,31.16,1492
XEQT.TO,20230719,26.74,26.79,26.72,26.77,83969
XESG.TO,20230719,24.98,25.03,24.95,25.03,2406
XEU.TO,20230719,27.3,27.3,27.19,27.19,661
XFH.TO,20230719,28.15,28.19,28.15,28.18,8661
XFLB.TO,20230719,48.71,48.99,48.71,48.99,14000
XFN.TO,20230719,46,46.28,45.92,46.24,90376
XFR.TO,20230719,20.16,20.19,20.16,20.19,55359
XGB.TO,20230719,18.9,18.93,18.85,18.91,28322
XGD.TO,20230719,18.44,18.53,18.37,18.44,336698
XGI.TO,20230719,44.92,44.92,44.92,44.92,355
XGRO.TO,20230719,25,25.03,24.98,25.03,46276
XHAK.TO,20230719,37.6,37.6,37.6,37.6,200
XHB.TO,20230719,18.5,18.5,18.49,18.5,6258
XHC.TO,20230719,66.43,66.64,66.33,66.46,1364
XHD.TO,20230719,30.17,30.52,30.17,30.48,3115
XHU.TO,20230719,27.37,27.37,27.37,27.37,476
XHY.TO,20230719,16.04,16.12,16.04,16.09,8712
XIC.TO,20230719,32.44,32.59,32.44,32.58,236306
XID.TO,20230719,46.5,46.5,46.36,46.36,1085
XIG.TO,20230719,20.2,20.25,20.2,20.25,1300
XIN.TO,20230719,31.86,31.88,31.85,31.86,9009
XINC.TO,20230719,18.98,18.99,18.98,18.99,3129
XIT.TO,20230719,47.45,47.76,47.09,47.54,8402
XIU.TO,20230719,31.01,31.15,31.01,31.13,1391257
XLB.TO,20230719,19.34,19.43,19.25,19.43,64757
XLY.TO,20230719,0.015,0.02,0.015,0.02,86681
XMA.TO,20230719,19.1,19.13,19.09,19.13,2561
XMC.TO,20230719,27.37,27.44,27.35,27.41,13861
XMD.TO,20230719,31.41,31.54,31.41,31.54,4886
XMF.PR.B.TO,20230719,4.75,4.75,4.75,4.75,1000
XMH.TO,20230719,24.62,24.78,24.62,24.76,17738
XMI.TO,20230719,34.63,34.63,34.63,34.63,100
XMM.TO,20230719,26.5,26.52,26.5,26.52,300
XMU.TO,20230719,66.36,66.49,66.36,66.49,2064
XMV.TO,20230719,38.09,38.16,38.06,38.15,2109
XMW.TO,20230719,46.08,46.08,46.06,46.06,500
XPF.TO,20230719,13.82,13.82,13.77,13.82,6187
XQB.TO,20230719,18.31,18.36,18.29,18.36,26285
XQLT.TO,20230719,29.96,29.96,29.87,29.91,2693
XQQ.TO,20230719,121.58,121.85,120.8,121.11,22537
XRB.TO,20230719,21.8,21.92,21.79,21.83,8557
XRE.TO,20230719,16.51,16.67,16.51,16.67,187891
XSAB.TO,20230719,17.57,17.59,17.52,17.59,761
XSB.TO,20230719,25.58,25.59,25.55,25.58,27026
XSC.TO,20230719,17.49,17.49,17.49,17.49,206
XSE.TO,20230719,17.61,17.61,17.61,17.61,1482
XSEA.TO,20230719,23.27,23.3,23.23,23.23,4400
XSEM.TO,20230719,18.82,18.82,18.72,18.73,5440
XSH.TO,20230719,17.87,17.9,17.87,17.9,9009
XSI.TO,20230719,16.6,16.6,16.6,16.6,1800
XSMC.TO,20230719,27.47,27.59,27.47,27.59,1919
XSMH.TO,20230719,26.17,26.17,26.17,26.17,101
XSP.TO,20230719,48.15,48.28,48.09,48.15,184522
XST.TO,20230719,84.44,84.44,84.07,84.18,3790
XSTB.TO,20230719,18.72,18.75,18.72,18.75,5853
XSTH.TO,20230719,36.63,36.64,36.6,36.6,5490
XSTP.TO,20230719,38.89,38.98,38.89,38.91,1560
XSU.TO,20230719,38.73,38.88,38.62,38.77,22095
XSUS.TO,20230719,32.04,32.11,32.02,32.03,3213
XTC.TO,20230719,7.7,7.99,7.63,7.98,21656
XTD.TO,20230719,4.12,4.17,4.1,4.11,31160
XTG.TO,20230719,0.84,0.84,0.84,0.84,1000
XTLH.TO,20230719,39.08,39.08,39.08,39.08,1943
XTR.TO,20230719,10.17,10.22,10.17,10.22,21575
XTRA.TO,20230719,0.86,0.86,0.85,0.86,120438
XUH.TO,20230719,38.53,38.56,38.41,38.46,5536
XUS.TO,20230719,74.49,74.71,74.42,74.5,83367
XUS.U.TO,20230719,57.4,57.5,57.28,57.42,5928
XUSR.TO,20230719,63.2,63.21,62.92,63.07,3801
XUT.TO,20230719,27.46,27.65,27.46,27.62,160846
XUU.TO,20230719,44.6,44.89,44.6,44.75,14180
XWD.TO,20230719,72.92,73.01,72.9,73,3540
Y.TO,20230719,12.48,12.48,12.44,12.44,1250
YCM.TO,20230719,1.49,1.49,1.49,1.49,400
YCM.PR.A.TO,20230719,4.89,4.89,4.89,4.89,100
YGR.TO,20230719,1.81,1.82,1.78,1.81,52089
YRB.TO,20230719,0.04,0.04,0.035,0.035,4050
ZACE.TO,20230719,33.4,33.4,33.4,33.4,600
ZAG.TO,20230719,13.42,13.47,13.41,13.47,189806
ZBAL.TO,20230719,34.39,34.56,34.39,34.54,2962
ZBAL.T.TO,20230719,27.55,27.55,27.55,27.55,600
ZBK.TO,20230719,23.24,23.68,23.1,23.61,34904
ZCB.TO,20230719,44.62,44.69,44.62,44.66,600
ZCDB.TO,20230719,27.92,27.92,27.92,27.92,200
ZCH.TO,20230719,14.63,14.63,14.57,14.57,4345
ZCLN.TO,20230719,19.53,19.64,19.42,19.42,6525
ZCM.TO,20230719,14.5,14.52,14.48,14.5,2919
ZCN.TO,20230719,27.35,27.44,27.34,27.43,53271
ZCON.TO,20230719,31.49,31.49,31.49,31.49,806
ZCPB.TO,20230719,26.79,26.79,26.79,26.79,5019
ZCS.TO,20230719,13.05,13.06,13.03,13.06,30580
ZCS.L.TO,20230719,21.88,21.88,21.88,21.88,300
ZDB.TO,20230719,14.35,14.39,14.34,14.39,16611
ZDH.TO,20230719,24.4,24.44,24.37,24.37,2206
ZDI.TO,20230719,21.75,21.81,21.75,21.81,2071
ZDJ.TO,20230719,55.08,55.28,55,55.1,10835
ZDM.TO,20230719,26.21,26.21,26.16,26.16,5700
ZDV.TO,20230719,19.19,19.26,19.19,19.26,38916
ZDY.TO,20230719,36.27,36.5,36.27,36.47,3588
ZDY.U.TO,20230719,28.43,28.44,28.43,28.43,300
ZEA.TO,20230719,20.84,20.84,20.68,20.73,45328
ZEB.TO,20230719,34.5,34.68,34.39,34.64,754212
ZEF.TO,20230719,11.94,11.94,11.91,11.93,1192
ZEM.TO,20230719,19.38,19.42,19.31,19.32,10039
ZEO.TO,20230719,59.88,59.98,59.52,59.68,6136
ZEQ.TO,20230719,28.67,28.67,28.56,28.6,1954
ZEQT.TO,20230719,40.99,40.99,40.93,40.93,1030
ZESG.TO,20230719,32.08,32.08,32.08,32.08,275
ZFC.TO,20230719,40.85,40.85,40.85,40.85,100
ZFH.TO,20230719,14.22,14.28,14.21,14.28,1800
ZFL.TO,20230719,13.26,13.38,13.22,13.38,175811
ZFM.TO,20230719,14.18,14.21,14.15,14.21,25900
ZFN.TO,20230719,41.43,41.43,41.43,41.43,100
ZFS.TO,20230719,13.19,13.21,13.19,13.21,7205
ZFS.L.TO,20230719,20.42,20.42,20.42,20.42,100
ZGB.TO,20230719,44.34,44.5,44.34,44.5,12302
ZGD.TO,20230719,77.02,77.02,77,77,781
ZGI.TO,20230719,41.19,41.59,41.19,41.43,2297
ZGQ.TO,20230719,52.12,52.12,51.95,52.1,11405
ZGRO.TO,20230719,37.46,37.65,37.46,37.63,2594
ZGSB.TO,20230719,25.7,25.7,25.69,25.69,300
ZHP.TO,20230719,17.15,17.2,17.15,17.2,1700
ZHU.TO,20230719,41.63,41.63,41.63,41.63,400
ZHY.TO,20230719,10.84,10.93,10.84,10.89,7559
ZIC.TO,20230719,16.66,16.68,16.65,16.68,355
ZID.TO,20230719,40.11,40.15,40.09,40.13,1844
ZIN.TO,20230719,36.79,36.79,36.79,36.79,401
ZJG.TO,20230719,70.54,70.54,70.54,70.54,3700
ZJK.TO,20230719,16.98,16.99,16.97,16.98,1315
ZJPN.TO,20230719,30.61,30.62,30.61,30.62,511
ZLB.TO,20230719,41.56,41.71,41.55,41.69,30600
ZLC.TO,20230719,14.98,15.06,14.87,15.03,24339
ZLD.TO,20230719,25.04,25.04,25.04,25.04,300
ZLE.TO,20230719,17.26,17.27,17.26,17.27,2000
ZLH.TO,20230719,31.65,31.65,31.65,31.65,905
ZLU.TO,20230719,45.91,46.35,45.91,46.3,10951
ZLU.U.TO,20230719,36.11,36.11,36.11,36.11,1544
ZMBS.TO,20230719,28.49,28.49,28.49,28.49,148
ZMI.TO,20230719,15.77,15.77,15.75,15.75,3711
ZMID.TO,20230719,38.51,38.51,38.5,38.5,2987
ZMMK.TO,20230719,50.02,50.03,50.01,50.02,48136
ZMP.TO,20230719,13.31,13.33,13.31,13.33,5700
ZMT.TO,20230719,58.23,58.23,58.23,58.23,150
ZMU.TO,20230719,12.55,12.57,12.53,12.56,22435
ZNQ.TO,20230719,67.75,67.75,67.32,67.55,8011
ZNQ.U.TO,20230719,34.61,34.61,34.56,34.56,443
ZPAY.TO,20230719,29.63,29.65,29.6,29.6,6118
ZPAY.F.TO,20230719,28.57,28.6,28.57,28.59,500
ZPAY.U.TO,20230719,29.36,29.36,29.35,29.36,4409
ZPH.TO,20230719,14.88,14.88,14.87,14.87,452
ZPL.TO,20230719,12.58,12.67,12.58,12.64,21500
ZPR.TO,20230719,8.83,8.92,8.83,8.92,132158
ZPS.L.TO,20230719,20.78,20.78,20.78,20.78,400
ZPW.TO,20230719,15.02,15.06,15.02,15.06,555
ZQQ.TO,20230719,112.66,112.9,111.94,112.26,21594
ZRE.TO,20230719,21.46,21.67,21.46,21.66,11415
ZRR.TO,20230719,14.4,14.51,14.4,14.51,4129
ZSB.TO,20230719,46.13,46.13,46.13,46.13,300
ZSDB.TO,20230719,28.51,28.52,28.51,28.52,411
ZSP.TO,20230719,65.8,65.96,65.68,65.77,292001
ZSP.U.TO,20230719,49.99,50.1,49.99,50.01,3990
ZST.TO,20230719,48.71,48.71,48.68,48.68,6077
ZST.L.TO,20230719,55.98,55.99,55.98,55.99,961
ZSU.TO,20230719,13.01,13.01,13.01,13.01,2200
ZTIP.U.TO,20230719,28.53,28.53,28.53,28.53,4000
ZUAG.F.TO,20230719,29.69,29.69,29.69,29.69,1000
ZUAG.U.TO,20230719,29.7,29.7,29.7,29.7,1000
ZUB.TO,20230719,22.49,22.91,22.38,22.85,29138
ZUD.TO,20230719,26.24,26.48,26.24,26.48,3909
ZUE.TO,20230719,63.88,64.15,63.88,64.01,9693
ZUH.TO,20230719,70.43,71.1,70.43,70.77,2409
ZUP.TO,20230719,18.65,18.71,18.65,18.71,505
ZUP.U.TO,20230719,18.35,18.35,18.35,18.35,100
ZUQ.TO,20230719,62.15,62.23,61.95,62.06,2379
ZUQ.F.TO,20230719,40.65,40.65,40.57,40.57,359
ZUS.U.TO,20230719,46.87,46.87,46.77,46.77,1536
ZUS.V.TO,20230719,53.25,53.25,53.25,53.25,600
ZUT.TO,20230719,22,22.24,22,22.22,19608
ZVU.TO,20230719,25.5,25.52,25.5,25.52,700
ZWA.TO,20230719,24.61,24.64,24.57,24.57,4502
ZWB.TO,20230719,18.15,18.22,18.11,18.21,113664
ZWB.U.TO,20230719,23.7,23.7,23.7,23.7,500
ZWC.TO,20230719,17.05,17.09,17.05,17.09,45422
ZWE.TO,20230719,19.51,19.6,19.51,19.52,19494
ZWEN.TO,20230719,27.2,27.21,27.1,27.12,2451
ZWG.TO,20230719,28.5,28.56,28.49,28.55,9562
ZWH.TO,20230719,21.65,21.71,21.65,21.69,13769
ZWH.U.TO,20230719,22.59,22.67,22.59,22.67,3200
ZWK.TO,20230719,18.49,18.81,18.4,18.77,128304
ZWP.TO,20230719,17.36,17.36,17.2,17.23,8697
ZWQT.TO,20230719,15.32,15.32,15.32,15.32,600
ZWS.TO,20230719,19.62,19.74,19.62,19.73,2300
ZWT.TO,20230719,33.66,33.7,33.66,33.69,505
ZWU.TO,20230719,10.67,10.78,10.67,10.76,181722
ZZZ.TO,20230719,29.14,29.25,28.93,29.12,78077
ZZZD.TO,20230719,26.71,26.71,26.7,26.7,1200
