<ticker>,<date>,<open>,<high>,<low>,<close>,<vol>
AAB.TO,20230419,0.04,0.04,0.04,0.04,26000
AAV.TO,20230419,7.8,7.86,7.65,7.86,635341
ABX.TO,20230419,25.52,26.01,25.5,25.89,2607999
AC.TO,20230419,19.1,19.72,19.05,19.64,2528489
ACAA.TO,20230419,19.99,20.13,19.97,20,3400
ACB.TO,20230419,0.87,0.87,0.85,0.86,379047
ACB.WS.U.TO,20230419,0.1,0.1,0.1,0.1,0
ACD.TO,20230419,6.91,6.91,6.91,6.91,0
ACO.X.TO,20230419,44.39,44.69,44.37,44.62,93135
ACO.Y.TO,20230419,46.21,46.21,46.21,46.21,700
ACQ.TO,20230419,20.56,21.23,20.42,21.19,26194
AD.DB.TO,20230419,97.4,98.4,96.8,98.4,54000
AD.DB.A.TO,20230419,92.5,92.5,92.5,92.5,0
AD.UN.TO,20230419,17.38,17.44,17.24,17.3,31473
ADCO.TO,20230419,0.23,0.23,0.22,0.22,20000
ADEN.TO,20230419,24.82,25.32,24.7,25.32,25850
ADN.TO,20230419,16.01,16.01,15.73,15.81,4681
ADW.A.TO,20230419,4.64,4.7,4.64,4.7,6569
ADW.B.TO,20230419,6.16,6.16,6.16,6.16,0
AEG.TO,20230419,0.415,0.5,0.415,0.46,18125
AEM.TO,20230419,75.5,76.5,75.1,75.78,1089133
AEZS.TO,20230419,4.15,4.2,4.15,4.2,534
AFN.TO,20230419,58.03,59.1,57.81,59.05,97395
AFN.DB.F.TO,20230419,98.8,98.8,98.8,98.8,0
AFN.DB.G.TO,20230419,98,98,98,98,11000
AFN.DB.H.TO,20230419,98,98,98,98,0
AFN.DB.I.TO,20230419,138.5,140,138.5,140,59000
AFN.DB.J.TO,20230419,103.19,104.9,103.19,104.9,13000
AGF.B.TO,20230419,7.93,8.01,7.86,7.97,87615
AGI.TO,20230419,17.03,17.24,16.95,17.17,924178
AGRI.RT.U.TO,20230419,0.04,0.04,0.04,0.04,0
AI.TO,20230419,12.32,12.32,12.19,12.2,23856
AI.DB.C.TO,20230419,98.3,98.3,98.3,98.3,1000
AI.DB.D.TO,20230419,96,96,96,96,0
AI.DB.E.TO,20230419,97.89,97.89,97.89,97.89,0
AI.DB.F.TO,20230419,85.45,85.45,85.45,85.45,0
AI.DB.G.TO,20230419,85.11,85.11,85.11,85.11,0
AIF.TO,20230419,57.51,58.6,57.31,58.32,44429
AII.TO,20230419,0.63,0.67,0.63,0.67,38500
AIM.TO,20230419,3.52,3.58,3.47,3.57,33148
AIM.PR.A.TO,20230419,19,19,19,19,0
AIM.PR.C.TO,20230419,21.3,21.3,21.3,21.3,100
AKT.A.TO,20230419,1.46,1.49,1.46,1.49,9829
ALA.TO,20230419,22.61,22.73,22.53,22.69,373245
ALA.PR.A.TO,20230419,14.33,14.38,14.33,14.33,11900
ALA.PR.B.TO,20230419,17.25,17.25,17.25,17.25,0
ALA.PR.G.TO,20230419,17.19,17.2,17.03,17.2,3700
ALA.PR.H.TO,20230419,19.07,19.07,19.02,19.02,200
ALC.TO,20230419,15.68,15.69,15.59,15.69,9083
ALC.DB.A.TO,20230419,106,106,106,106,10000
ALS.TO,20230419,21.8,22.36,21.8,22.31,81215
ALYA.TO,20230419,2.75,2.8,2.75,2.77,11587
AMC.TO,20230419,4.36,4.38,4.29,4.34,55907
AMM.TO,20230419,0.24,0.24,0.21,0.21,103250
AND.TO,20230419,49.81,50.89,49.8,50.89,13933
AOI.TO,20230419,2.8,2.81,2.76,2.79,262287
AOT.TO,20230419,0.66,0.66,0.62,0.62,272602
AP.UN.TO,20230419,23.13,23.5,23.07,23.42,316832
APLI.TO,20230419,0.04,0.04,0.04,0.04,0
APR.UN.TO,20230419,11.73,11.82,11.54,11.82,33217
APS.TO,20230419,0.73,0.73,0.68,0.68,50472
AQN.TO,20230419,10.68,11.03,10.62,10.84,4135414
AQN.PR.A.TO,20230419,19.81,19.81,19.81,19.81,700
AQN.PR.D.TO,20230419,20.02,20.05,20.01,20.05,900
AR.TO,20230419,0.62,0.62,0.6,0.61,2332927
ARA.TO,20230419,0.42,0.44,0.42,0.435,14649
ARB.TO,20230419,25.56,25.56,25.56,25.56,0
ARE.TO,20230419,13.46,13.7,13.43,13.62,211984
ARG.TO,20230419,1.71,1.72,1.7,1.72,125320
ARIS.TO,20230419,4.21,4.38,4.2,4.28,400143
ARIS.WT.A.TO,20230419,0.3,0.3,0.3,0.3,1930
ARKG.TO,20230419,13.29,13.5,13.13,13.5,1825
ARKK.TO,20230419,15.02,15.33,14.99,15.33,2109
ARKW.TO,20230419,16.69,16.97,16.69,16.97,1185
ARR.TO,20230419,8.45,8.69,8.38,8.47,15522
ARX.TO,20230419,16.39,16.63,16.32,16.61,1401591
ASCU.TO,20230419,1.93,2.01,1.9,2,117882
ASM.TO,20230419,1.24,1.26,1.24,1.24,127039
ASND.TO,20230419,0.24,0.24,0.24,0.24,0
ASTL.TO,20230419,10.68,10.68,10.37,10.51,113964
ASTL.WT.TO,20230419,2.49,2.49,2.49,2.49,0
ATD.TO,20230419,66.39,67.06,66.3,66.62,894104
ATH.TO,20230419,3.41,3.46,3.4,3.44,6919616
ATS.TO,20230419,53.85,54.36,53.2,54.06,76085
ATSX.TO,20230419,22.98,22.98,22.98,22.98,0
ATZ.TO,20230419,41.65,43.47,41.55,43.09,238578
AUGB.F.TO,20230419,37.13,37.13,37.13,37.13,100
AUMN.TO,20230419,0.35,0.35,0.33,0.34,16770
AVCN.TO,20230419,0.39,0.405,0.39,0.4,56000
AVL.TO,20230419,0.115,0.12,0.11,0.115,90152
AVNT.TO,20230419,0.175,0.175,0.17,0.1725,127700
AW.UN.TO,20230419,37.68,38,37.68,38,7858
AX.PR.E.TO,20230419,17.3,17.34,17.3,17.3,4200
AX.PR.I.TO,20230419,19.74,20.46,19.74,20.46,2160
AX.UN.TO,20230419,7.41,7.43,7.34,7.42,315653
AXIS.TO,20230419,0.39,0.39,0.39,0.39,1000
AYA.TO,20230419,10.22,10.6,10.07,10.51,555545
BABY.TO,20230419,0.79,0.8,0.79,0.8,40010
BABY.WT.A.TO,20230419,0.1,0.1,0.1,0.1,500
BAM.TO,20230419,43.42,44.51,43.37,44.34,902286
BANK.TO,20230419,7.74,7.77,7.74,7.77,7529
BASE.TO,20230419,27.57,27.62,27.57,27.58,1569
BASE.B.TO,20230419,27.89,27.89,27.89,27.89,0
BB.TO,20230419,5.85,5.89,5.8,5.83,635526
BBD.A.TO,20230419,69.8,71.2,69.79,69.94,3875
BBD.B.TO,20230419,69.88,71.11,69.43,69.72,317201
BBD.PR.B.TO,20230419,17.75,17.75,17.55,17.55,2800
BBD.PR.C.TO,20230419,18.73,18.73,18.64,18.72,4006
BBD.PR.D.TO,20230419,18.99,18.99,18.99,18.99,0
BBU.UN.TO,20230419,24.7,25.38,24.64,25.2,57515
BBUC.TO,20230419,27.34,27.77,27.34,27.65,6527
BCE.TO,20230419,63.65,64.07,63.65,63.8,1246194
BCE.PR.A.TO,20230419,18.65,18.65,18.52,18.61,8525
BCE.PR.B.TO,20230419,18.12,18.15,18.1,18.15,9830
BCE.PR.C.TO,20230419,18.85,18.91,18.68,18.82,14010
BCE.PR.D.TO,20230419,18.11,18.15,18.01,18.15,19163
BCE.PR.E.TO,20230419,18.13,18.15,18.06,18.12,5116
BCE.PR.F.TO,20230419,16.63,16.63,16.61,16.61,917
BCE.PR.G.TO,20230419,15.37,15.5,15.37,15.5,10051
BCE.PR.H.TO,20230419,18.31,18.31,18.11,18.18,13372
BCE.PR.I.TO,20230419,15.16,15.38,15.16,15.36,5500
BCE.PR.J.TO,20230419,18.32,18.32,18.25,18.3,1300
BCE.PR.K.TO,20230419,14.35,14.65,14.35,14.65,14500
BCE.PR.L.TO,20230419,16.45,16.45,16.45,16.45,0
BCE.PR.M.TO,20230419,15.14,15.24,15.14,15.24,10650
BCE.PR.N.TO,20230419,17.2,17.2,17.2,17.2,0
BCE.PR.Q.TO,20230419,20.7,20.73,20.7,20.73,1985
BCE.PR.R.TO,20230419,15.55,15.72,15.55,15.68,12751
BCE.PR.S.TO,20230419,18.1,18.1,18.07,18.07,1100
BCE.PR.T.TO,20230419,18.61,18.63,18.54,18.63,400
BCE.PR.Y.TO,20230419,18.1,18.15,18.09,18.15,5400
BCE.PR.Z.TO,20230419,19.19,19.19,19.19,19.19,0
BCT.TO,20230419,9.5,9.78,9.39,9.59,8105
BDGI.TO,20230419,29.73,29.73,29.13,29.41,29547
BDI.TO,20230419,6.68,6.81,6.64,6.73,43207
BDIV.TO,20230419,18.17,18.17,18.17,18.17,0
BDT.TO,20230419,8.86,8.96,8.86,8.92,18775
BEI.UN.TO,20230419,58.58,59.05,58.09,58.74,111197
BEK.B.TO,20230419,12.99,13,12.99,13,1700
BEP.PR.G.TO,20230419,22.77,22.9,22.77,22.86,7200
BEP.PR.M.TO,20230419,21.45,21.6,21.45,21.6,963
BEP.PR.R.TO,20230419,19,19.05,18.92,18.92,700
BEP.UN.TO,20230419,41.17,41.82,41.11,41.71,109554
BEPC.TO,20230419,44.72,45.42,44.51,45.31,139201
BEPR.TO,20230419,8.54,8.54,8.54,8.54,0
BEPR.U.TO,20230419,8.68,8.68,8.68,8.68,0
BESG.TO,20230419,15.56,15.62,15.56,15.62,5600
BFIN.TO,20230419,18.64,18.64,18.64,18.64,100
BGC.TO,20230419,27.96,27.96,27.96,27.96,0
BGI.UN.TO,20230419,4.35,4.41,4.34,4.41,44043
BGU.TO,20230419,34.73,34.74,34.73,34.74,621
BGU.U.TO,20230419,25.41,25.41,25.41,25.41,0
BHC.TO,20230419,9.89,10.19,9.89,10.13,257063
BIK.PR.A.TO,20230419,22.67,22.89,22.67,22.89,600
BIP.PR.A.TO,20230419,17.04,17.05,17.04,17.05,300
BIP.PR.B.TO,20230419,21.98,22,21.98,22,700
BIP.PR.E.TO,20230419,22.04,22.15,22.04,22.15,4045
BIP.PR.F.TO,20230419,19.5,19.7,19.5,19.7,5100
BIP.UN.TO,20230419,47.68,48.32,47.34,47.64,328231
BIPC.TO,20230419,60.54,60.75,59.61,59.9,57841
BIR.TO,20230419,8.1,8.22,8.02,8.22,1674099
BITF.TO,20230419,1.56,1.64,1.54,1.56,921233
BITI.TO,20230419,12.39,12.47,12.32,12.46,57178
BITI.U.TO,20230419,9.24,9.24,9.24,9.24,100
BK.TO,20230419,13.35,13.43,13.34,13.38,51915
BK.PR.A.TO,20230419,10.09,10.11,10.08,10.08,17386
BKCC.TO,20230419,15.22,15.22,15.22,15.22,0
BKI.TO,20230419,0.065,0.07,0.065,0.07,47255
BLB.UN.TO,20230419,8.14,8.14,8.14,8.14,400
BLCO.TO,20230419,21.96,22.29,21.87,22.29,960
BLDP.TO,20230419,6.31,6.47,6.27,6.43,541883
BLN.TO,20230419,2.71,2.8,2.71,2.8,25623
BLOV.TO,20230419,22.9,22.9,22.86,22.86,300
BLX.TO,20230419,40.15,41.11,39.94,40.97,249231
BMAX.TO,20230419,12.49,12.49,12.48,12.49,1284
BMO.TO,20230419,123.26,124.06,122.94,123.87,2419172
BMO.PR.E.TO,20230419,21.25,21.36,21.25,21.36,1500
BMO.PR.T.TO,20230419,17.34,17.54,17.25,17.54,6375
BMO.PR.W.TO,20230419,17.38,17.49,17.35,17.48,6136
BMO.PR.Y.TO,20230419,18.47,18.47,18.47,18.47,0
BN.TO,20230419,43.5,44.72,43.5,44.6,1982072
BN.PF.A.TO,20230419,18.45,18.61,18.35,18.58,3567
BN.PF.B.TO,20230419,16.61,16.61,16.61,16.61,250
BN.PF.C.TO,20230419,19,19,19,19,0
BN.PF.D.TO,20230419,19.18,19.36,19.18,19.36,1150
BN.PF.E.TO,20230419,14.1,14.18,14.08,14.15,19272
BN.PF.F.TO,20230419,16.69,16.71,16.57,16.67,8900
BN.PF.G.TO,20230419,14.75,14.87,14.75,14.85,3600
BN.PF.H.TO,20230419,20.98,21.75,20.98,21.75,7073
BN.PF.I.TO,20230419,20.02,20.02,20,20.01,700
BN.PF.J.TO,20230419,22.1,22.15,21.97,22.15,4000
BN.PF.K.TO,20230419,15.11,15.11,15.1,15.1,1000
BN.PF.L.TO,20230419,11.23,11.24,11.23,11.24,500
BN.PR.B.TO,20230419,12.1,12.17,12,12.03,13869
BN.PR.C.TO,20230419,12.05,12.05,11.98,12.04,2800
BN.PR.K.TO,20230419,12.06,12.08,12.06,12.08,1324
BN.PR.M.TO,20230419,18.6,18.6,18.59,18.59,2263
BN.PR.N.TO,20230419,18.55,18.58,18.55,18.58,241
BN.PR.R.TO,20230419,13.57,13.89,13.55,13.89,4831
BN.PR.T.TO,20230419,14.06,14.08,14.06,14.08,790
BN.PR.X.TO,20230419,14.72,14.89,14.65,14.85,3952
BN.PR.Z.TO,20230419,20.01,20.1,19.79,20.1,2651
BNC.TO,20230419,24.89,24.93,24.89,24.93,300
BND.TO,20230419,17.13,17.14,17.12,17.13,3727
BNE.TO,20230419,7.15,7.2,7.02,7.19,107108
BNG.TO,20230419,0.065,0.065,0.055,0.065,10000
BNK.TO,20230419,11.38,11.52,11.38,11.46,2100
BNK.PR.A.TO,20230419,10.18,10.18,10.18,10.18,0
BNRE.TO,20230419,43.93,44.72,43.93,44.57,5084
BNS.TO,20230419,68.75,69.17,68.57,69.01,2371278
BOS.TO,20230419,7.54,7.54,7.2,7.36,43881
BPF.UN.TO,20230419,15.86,15.92,15.77,15.85,30229
BPO.PR.A.TO,20230419,11.7,11.96,11.66,11.69,14900
BPO.PR.C.TO,20230419,18,18,17.62,17.94,2900
BPO.PR.E.TO,20230419,15.05,15.25,14.9,15.25,24625
BPO.PR.G.TO,20230419,16.35,16.35,16.05,16.11,14469
BPO.PR.I.TO,20230419,15.59,15.59,15.1,15.1,5583
BPO.PR.N.TO,20230419,10.4,10.4,10.1,10.18,5525
BPO.PR.P.TO,20230419,10.75,10.75,10.2,10.24,31551
BPO.PR.R.TO,20230419,10.88,10.88,10.55,10.55,7780
BPO.PR.T.TO,20230419,13.3,13.3,13.03,13.3,13825
BPO.PR.W.TO,20230419,9,9,9,9,0
BPO.PR.X.TO,20230419,9.01,9.23,9,9.13,5025
BPO.PR.Y.TO,20230419,9.15,9.15,9.15,9.15,0
BPRF.TO,20230419,21.15,21.15,21.15,21.15,0
BPRF.U.TO,20230419,20.74,20.74,20.74,20.74,0
BPS.PR.A.TO,20230419,24.77,24.77,24.77,24.77,700
BPS.PR.B.TO,20230419,24.75,24.75,24.75,24.75,0
BPS.PR.C.TO,20230419,24.77,24.77,24.77,24.77,100
BPS.PR.U.TO,20230419,24.81,24.81,24.81,24.81,1000
BPYP.PR.A.TO,20230419,20.54,20.63,20.46,20.55,5036
BR.TO,20230419,2.24,2.29,2.24,2.29,2070
BRAG.TO,20230419,4.5,4.57,4.45,4.49,22023
BRE.TO,20230419,14.5,14.7,14.35,14.68,12205
BREA.TO,20230419,22.68,22.73,22.68,22.72,4800
BRF.PR.A.TO,20230419,14.41,14.75,14.4,14.75,5000
BRF.PR.B.TO,20230419,17.25,17.25,17.25,17.25,0
BRF.PR.C.TO,20230419,16.08,16.11,16.08,16.1,1700
BRF.PR.E.TO,20230419,18.35,18.35,18.22,18.22,3356
BRF.PR.F.TO,20230419,18.32,18.32,18.21,18.21,627
BRMI.TO,20230419,2.11,2.11,2.11,2.11,0
BRY.TO,20230419,0.55,0.55,0.55,0.55,500
BSKT.TO,20230419,8.41,8.41,8.41,8.41,0
BSX.TO,20230419,0.08,0.08,0.08,0.08,95000
BTB.DB.G.TO,20230419,98,98,98,98,0
BTB.DB.H.TO,20230419,97.26,97.9,97.25,97.9,65000
BTB.UN.TO,20230419,3.41,3.44,3.39,3.4,78838
BTCC.TO,20230419,5.68,5.72,5.65,5.66,220280
BTCC.B.TO,20230419,5.71,5.75,5.68,5.71,557295
BTCC.J.TO,20230419,5.07,5.07,5.07,5.07,0
BTCC.U.TO,20230419,5.38,5.43,5.37,5.39,122375
BTCQ.TO,20230419,6.46,6.5,6.45,6.49,6562
BTCQ.U.TO,20230419,4.82,4.82,4.8,4.8,14000
BTCX.B.TO,20230419,5.86,5.9,5.83,5.85,122475
BTCX.U.TO,20230419,5.5,5.53,5.5,5.5,74888
BTCY.TO,20230419,3.89,3.91,3.88,3.9,10812
BTCY.B.TO,20230419,4.38,4.38,4.35,4.38,1977
BTCY.U.TO,20230419,3.89,3.89,3.89,3.89,100
BTE.TO,20230419,5.25,5.28,5.18,5.27,3336998
BTO.TO,20230419,5.47,5.54,5.37,5.46,13568200
BU.TO,20230419,0.26,0.265,0.25,0.265,9211
BUI.TO,20230419,2.32,2.38,2.32,2.38,600
BXF.TO,20230419,9.82,9.84,9.82,9.84,2838
BYD.TO,20230419,213.39,214.98,212.4,213.84,32404
BYL.TO,20230419,0.46,0.46,0.455,0.455,2550
CACB.TO,20230419,19.17,19.18,19.17,19.18,10000
CAE.TO,20230419,31.75,32.05,31.46,31.74,408013
CAFR.TO,20230419,19.63,19.69,19.63,19.69,7800
CALL.TO,20230419,11.46,11.66,11.4,11.66,5431
CALL.B.TO,20230419,13.33,13.33,13.33,13.33,0
CALL.U.TO,20230419,12.13,12.13,12.13,12.13,0
CAR.UN.TO,20230419,47.66,48.15,47.54,47.77,436904
CARB.TO,20230419,10.3,10.3,10.14,10.14,1210
CARS.TO,20230419,26.49,26.49,26.49,26.49,137
CARS.B.TO,20230419,29.27,29.27,29.27,29.27,100
CAS.TO,20230419,10.81,11.2,10.81,11.15,149800
CASH.TO,20230419,50.13,50.13,50.12,50.13,47884
CBH.TO,20230419,17.09,17.12,17.09,17.1,8400
CBIL.TO,20230419,50.05,50.05,50.04,50.05,17241
CBND.TO,20230419,8.66,8.66,8.66,8.66,1177
CBNK.TO,20230419,7.59,7.59,7.56,7.56,442
CBO.TO,20230419,17.37,17.37,17.32,17.37,16758
CBUG.TO,20230419,17.42,17.42,17.42,17.42,0
CCA.TO,20230419,66.18,66.61,65.05,65.63,88353
CCBI.TO,20230419,17.75,17.75,17.75,17.75,0
CCEI.TO,20230419,22.19,22.19,22.17,22.17,1600
CCL.A.TO,20230419,65,65,65,65,0
CCL.B.TO,20230419,64.95,65.46,64.36,64.49,305592
CCM.TO,20230419,0.245,0.255,0.245,0.25,44525
CCNS.TO,20230419,17.78,17.78,17.78,17.78,0
CCO.TO,20230419,34.46,34.68,34.23,34.37,817910
CCOM.TO,20230419,20.91,20.91,20.86,20.86,2000
CCRE.TO,20230419,17.62,17.62,17.62,17.62,0
CCS.PR.C.TO,20230419,20.8,20.87,20.8,20.87,1368
CDIV.TO,20230419,13.08,13.11,13.08,13.11,6011
CDNA.TO,20230419,18,18,18,18,0
CDR.TO,20230419,0.38,0.4,0.325,0.4,211901
CDZ.TO,20230419,30.82,30.98,30.82,30.97,9022
CEE.TO,20230419,1.75,1.79,1.75,1.79,2720
CEF.TO,20230419,25.85,26.13,25.85,26.07,12474
CEF.U.TO,20230419,19.35,19.45,19.35,19.36,1100
CEMI.TO,20230419,16.73,16.73,16.73,16.73,900
CET.TO,20230419,0.96,0.96,0.92,0.93,1219232
CEU.TO,20230419,2.72,2.74,2.67,2.73,307882
CEW.TO,20230419,15.87,15.95,15.87,15.94,10109
CF.TO,20230419,10.79,10.81,10.76,10.76,132569
CF.PR.A.TO,20230419,13.51,13.51,13.51,13.51,1300
CF.PR.C.TO,20230419,18.8,18.8,18.5,18.6,2200
CFF.TO,20230419,1.56,1.58,1.54,1.55,30500
CFLX.TO,20230419,16.89,16.89,16.89,16.89,200
CFP.TO,20230419,21.81,22.21,21.57,22.09,93142
CFRT.TO,20230419,20.1,20.1,20.1,20.1,800
CFW.TO,20230419,4.37,4.37,4.27,4.32,37069
CFX.TO,20230419,2.11,2.15,2.11,2.14,31717
CG.TO,20230419,9.79,9.8,9.57,9.64,664176
CGAA.TO,20230419,23.65,23.7,23.65,23.7,2000
CGBI.TO,20230419,17.54,17.54,17.54,17.54,0
CGDV.TO,20230419,21.02,21.02,21.01,21.01,3900
CGDV.B.TO,20230419,20.82,20.82,20.82,20.82,0
CGG.TO,20230419,7.2,7.2,7.12,7.16,150270
CGHY.TO,20230419,9.48,9.51,9.48,9.5,6000
CGI.TO,20230419,33.99,33.99,33.71,33.83,880
CGIN.TO,20230419,20.51,20.53,20.5,20.51,3300
CGIN.U.TO,20230419,20.54,20.54,20.54,20.54,0
CGL.TO,20230419,16.02,16.12,15.98,16.11,24511
CGL.C.TO,20230419,22.69,22.8,22.69,22.8,3236
CGLO.TO,20230419,23.89,23.89,23.89,23.89,0
CGO.TO,20230419,57.92,58.12,57.38,57.97,22794
CGR.TO,20230419,26.63,27,26.63,27,1564
CGRA.TO,20230419,21.12,21.12,21.12,21.12,0
CGRE.TO,20230419,20.99,20.99,20.99,20.99,1200
CGX.TO,20230419,8.92,8.92,8.76,8.85,104651
CGX.DB.B.TO,20230419,100.87,100.87,100.87,100.87,0
CGXF.TO,20230419,11.66,11.77,11.66,11.68,7067
CGXF.U.TO,20230419,9.15,9.15,9.15,9.15,0
CGY.TO,20230419,62.4,63.42,62,63.39,7956
CHE.DB.E.TO,20230419,97.01,97.01,96.55,96.55,112000
CHE.DB.F.TO,20230419,113,113,113,113,0
CHE.DB.G.TO,20230419,98,98.5,98,98.5,15000
CHE.DB.H.TO,20230419,99,99.25,99,99,55000
CHE.UN.TO,20230419,7.78,7.78,7.71,7.72,179428
CHNA.B.TO,20230419,24.21,24.21,24.21,24.21,0
CHP.UN.TO,20230419,14.68,14.75,14.55,14.64,263508
CHPS.TO,20230419,23.1,23.1,23.08,23.08,688
CHPS.U.TO,20230419,17.47,17.47,17.47,17.47,0
CHR.TO,20230419,3.06,3.11,3.05,3.08,355835
CHR.DB.A.TO,20230419,95.4,95.4,94.8,94.8,22000
CHR.DB.B.TO,20230419,94.8,94.8,94.8,94.8,3000
CHR.DB.C.TO,20230419,86.5,86.5,86.5,86.5,5000
CHW.TO,20230419,8.83,8.83,8.7,8.76,17572
CIA.TO,20230419,6.34,6.43,6.32,6.43,237357
CIBR.TO,20230419,32.51,32.51,32.51,32.51,146
CIC.TO,20230419,10.98,11.04,10.98,11.03,4713
CIEH.TO,20230419,20.37,20.37,20.37,20.37,0
CIEI.TO,20230419,21.07,21.07,21.07,21.07,0
CIEM.TO,20230419,16.78,16.78,16.78,16.78,1720
CIEM.U.TO,20230419,16.94,16.94,16.94,16.94,0
CIF.TO,20230419,34.83,35.12,34.83,35.08,1879
CIGI.TO,20230419,137.42,138.73,136.69,137.92,33975
CINF.TO,20230419,23.99,24.12,23.99,24.12,300
CINT.TO,20230419,21.67,21.67,21.65,21.65,260
CIQ.UN.TO,20230419,7.05,7.05,7.05,7.05,0
CIU.PR.A.TO,20230419,18.71,18.71,18.7,18.7,2000
CIU.PR.C.TO,20230419,12.42,12.42,12.42,12.42,0
CIX.TO,20230419,13.43,13.63,13.22,13.43,730854
CJ.TO,20230419,7.45,7.55,7.38,7.52,600522
CJR.B.TO,20230419,1.38,1.4,1.37,1.38,854465
CJT.TO,20230419,109.51,110.74,108.74,110.62,29916
CJT.DB.E.TO,20230419,99.75,100,99.75,100,45000
CJT.DB.F.TO,20230419,96.5,96.5,96.01,96.01,83999
CKI.TO,20230419,12.39,12.39,12.39,12.39,0
CLF.TO,20230419,16.74,16.77,16.74,16.77,5747
CLG.TO,20230419,16.85,16.95,16.85,16.86,101997
CLML.TO,20230419,18.67,18.67,18.67,18.67,509
CLS.TO,20230419,16.5,16.5,16.3,16.38,235284
CM.TO,20230419,57.95,58.51,57.89,58.44,3704012
CM.PR.O.TO,20230419,17.69,17.7,17.69,17.7,900
CM.PR.P.TO,20230419,17.3,17.49,17.3,17.32,12930
CM.PR.Q.TO,20230419,18.54,18.61,18.48,18.61,16910
CM.PR.S.TO,20230419,21.67,21.72,21.4,21.43,25444
CM.PR.Y.TO,20230419,23.69,23.69,23.64,23.65,1100
CMAG.TO,20230419,23.88,23.91,23.88,23.89,3222
CMAG.U.TO,20230419,17.85,17.85,17.85,17.85,700
CMAR.TO,20230419,18.53,18.53,18.53,18.53,0
CMCX.B.TO,20230419,8.25,8.26,8.25,8.25,16152
CMCX.U.TO,20230419,8.1,8.1,8.1,8.1,0
CMDO.TO,20230419,19.56,20.08,19.53,19.58,34279
CMDO.U.TO,20230419,19.64,19.64,19.64,19.64,0
CMEY.TO,20230419,19.68,19.68,19.68,19.68,0
CMG.TO,20230419,6.71,6.98,6.71,6.97,28589
CMGG.TO,20230419,18.63,18.63,18.63,18.63,0
CMR.TO,20230419,50.17,50.17,50.16,50.17,23261
CNAO.TO,20230419,20.02,20.02,20.02,20.02,0
CNCC.TO,20230419,12.59,12.59,12.59,12.59,500
CNE.TO,20230419,10.74,10.74,10.49,10.6,13630
CNQ.TO,20230419,81,81.93,80.93,81.9,2872149
CNR.TO,20230419,163.7,165.37,163.7,164.79,823345
CNT.TO,20230419,0.115,0.115,0.115,0.115,0
COG.TO,20230419,0.56,0.56,0.51,0.51,1525
COMM.TO,20230419,26.5,26.5,26.5,26.5,801
COPP.TO,20230419,29.75,29.75,29.75,29.75,0
COW.TO,20230419,66.48,66.48,65.9,66.42,1926
CP.TO,20230419,106.08,108.05,106.01,107.91,990818
CPD.TO,20230419,11,11,10.93,10.97,36297
CPH.TO,20230419,3.41,3.43,3.39,3.4,2000
CPLF.TO,20230419,6.13,6.52,6.11,6.52,233429
CPLS.TO,20230419,17.6,17.6,17.59,17.59,300
CPX.TO,20230419,42.4,42.96,42.33,42.6,379043
CPX.PR.A.TO,20230419,12.87,12.87,12.86,12.86,1200
CPX.PR.C.TO,20230419,21.5,21.5,21.5,21.5,800
CPX.PR.E.TO,20230419,21,21,20.85,20.85,27360
CPX.PR.K.TO,20230419,23.75,23.8,23.5,23.51,9800
CR.TO,20230419,4.69,4.69,4.49,4.63,922165
CRDL.TO,20230419,0.71,0.73,0.7,0.71,34000
CRED.TO,20230419,18.72,18.72,18.72,18.72,0
CRED.U.TO,20230419,18.85,18.85,18.85,18.85,0
CRON.TO,20230419,2.7,2.72,2.61,2.63,92446
CROP.TO,20230419,17.51,17.51,17.51,17.51,2900
CROP.U.TO,20230419,19.57,19.57,19.57,19.57,0
CRP.TO,20230419,2.4,2.4,2.4,2.4,0
CRR.UN.TO,20230419,15.51,15.54,15.4,15.46,97097
CRRX.TO,20230419,2.29,2.37,2.29,2.36,2600
CRT.UN.TO,20230419,16.24,16.24,16.05,16.16,96534
CRWN.TO,20230419,7.45,7.45,7.45,7.45,600
CS.TO,20230419,7.01,7.04,6.81,6.83,1949779
CSAV.TO,20230419,50.16,50.16,50.15,50.15,23563
CSBI.TO,20230419,19.97,19.97,19.97,19.97,0
CSE.PR.A.TO,20230419,13.7,13.7,13.7,13.7,315
CSH.UN.TO,20230419,8.73,8.73,8.61,8.69,247594
CSU.TO,20230419,2674.98,2674.98,2592.65,2601.33,22490
CSU.DB.TO,20230419,140.73,140.73,140.73,140.73,10000
CSW.A.TO,20230419,15.3,15.5,15.3,15.4,6095
CSW.B.TO,20230419,13.81,13.81,13.7,13.8,2427
CTC.TO,20230419,325,325,325,325,0
CTC.A.TO,20230419,182.74,184.45,182.51,183.82,142975
CTF.UN.TO,20230419,3.07,3.07,3.05,3.05,1800
CTS.TO,20230419,3.85,3.85,3.76,3.79,732891
CTX.TO,20230419,0.65,0.65,0.65,0.65,75000
CU.TO,20230419,38.42,38.62,38.4,38.5,196989
CU.PR.C.TO,20230419,19.6,19.6,19.21,19.3,1997
CU.PR.D.TO,20230419,20.34,20.34,20.34,20.34,500
CU.PR.E.TO,20230419,20.27,20.27,20.27,20.27,0
CU.PR.F.TO,20230419,18.74,18.75,18.73,18.75,3035
CU.PR.G.TO,20230419,18.7,18.7,18.61,18.61,4500
CU.PR.H.TO,20230419,21.56,21.56,21.56,21.56,0
CU.PR.I.TO,20230419,23.3,23.35,23.1,23.1,5547
CU.PR.J.TO,20230419,19.67,19.67,19.66,19.67,800
CUD.TO,20230419,50.25,50.75,50.25,50.73,5335
CUDV.TO,20230419,20.61,20.61,20.61,20.61,0
CUEH.TO,20230419,20.89,20.89,20.89,20.89,200
CUEI.TO,20230419,21.95,21.95,21.95,21.95,125
CUP.U.TO,20230419,14,14,13.83,13.83,5404
CUTL.TO,20230419,20.38,20.38,20.38,20.38,0
CVD.TO,20230419,17.01,17.08,16.91,17.08,1879
CVE.TO,20230419,23.77,23.92,23.43,23.91,5931292
CVE.PR.A.TO,20230419,13.62,13.93,13.62,13.93,3443
CVE.PR.B.TO,20230419,16.21,16.21,16.21,16.21,200
CVE.PR.C.TO,20230419,19.46,19.64,19.46,19.64,15647
CVE.PR.E.TO,20230419,20.47,20.49,20.47,20.49,3577
CVE.PR.G.TO,20230419,20.1,20.22,20.1,20.22,828
CVE.WT.TO,20230419,17.21,17.38,16.95,17.38,11857
CVG.TO,20230419,78.95,78.95,78.95,78.95,163
CVO.TO,20230419,7.51,7.54,7.38,7.54,14930
CWB.TO,20230419,24.01,24.15,23.81,24,320276
CWB.PR.B.TO,20230419,17.25,17.3,17.25,17.3,1150
CWB.PR.D.TO,20230419,24.51,24.51,24.5,24.51,1260
CWEB.TO,20230419,0.48,0.49,0.47,0.48,23380
CWL.TO,20230419,1.23,1.29,1.23,1.29,2350
CWW.TO,20230419,48.5,48.69,48.5,48.69,776
CXB.TO,20230419,1.55,1.6,1.53,1.6,966844
CXF.TO,20230419,9.67,9.67,9.64,9.64,959
CXI.TO,20230419,24.52,25.01,24.52,25.01,315
CYB.TO,20230419,60.75,60.89,59.45,59.45,8769
CYBR.TO,20230419,34.52,34.52,34.52,34.52,1593
CYBR.B.TO,20230419,39.56,39.56,39.56,39.56,200
CYBR.U.TO,20230419,38.99,38.99,38.99,38.99,0
CYH.TO,20230419,20.03,20.09,20.03,20.09,1130
D.UN.TO,20230419,13.63,13.63,13.36,13.58,66132
DANC.TO,20230419,21.42,21.46,21.42,21.46,1844
DATA.TO,20230419,16.49,16.5,16.49,16.5,200
DATA.B.TO,20230419,17.64,17.64,17.64,17.64,100
DBM.TO,20230419,6.49,6.49,6.39,6.44,182206
DBO.TO,20230419,0.11,0.11,0.11,0.11,500
DC.A.TO,20230419,1.2,1.25,1.2,1.24,10215
DC.PR.B.TO,20230419,16.86,16.86,16.86,16.86,200
DC.PR.D.TO,20230419,19.6,19.6,19.6,19.6,500
DCBO.TO,20230419,50.44,50.89,50.23,50.84,23675
DCC.TO,20230419,17.93,17.93,17.93,17.93,0
DCG.TO,20230419,17.71,17.71,17.71,17.71,0
DCM.TO,20230419,3.04,3.05,2.99,3.05,100712
DCP.TO,20230419,16.08,16.08,16.08,16.08,700
DCS.TO,20230419,18.28,18.28,18.28,18.28,0
DCU.TO,20230419,17.5,17.51,17.5,17.51,206
DF.TO,20230419,4.22,4.3,4.21,4.27,50516
DF.PR.A.TO,20230419,9.53,9.54,9.53,9.54,3300
DFN.TO,20230419,7.44,7.44,7.38,7.39,207283
DFN.PR.A.TO,20230419,9.44,9.44,9.41,9.44,77900
DFY.TO,20230419,37.39,37.71,36.88,37.58,160459
DGR.TO,20230419,36.8,36.83,36.76,36.76,1100
DGR.B.TO,20230419,40.05,40.12,40.02,40.12,1700
DGRC.TO,20230419,35.32,35.39,35.3,35.39,600
DGS.TO,20230419,5.72,5.75,5.7,5.73,59577
DGS.PR.A.TO,20230419,9.59,9.59,9.55,9.55,17491
DHT.U.TO,20230419,5.75,5.75,5.75,5.75,0
DHT.UN.TO,20230419,7.65,7.85,7.57,7.85,5752
DIAM.TO,20230419,0.085,0.085,0.085,0.085,24755
DII.A.TO,20230419,3.8,3.8,3.8,3.8,0
DII.B.TO,20230419,3.39,3.4,3.36,3.37,59551
DIR.UN.TO,20230419,14.82,14.94,14.73,14.88,277289
DISC.TO,20230419,31.31,31.31,31.31,31.31,0
DIV.TO,20230419,2.94,3.03,2.94,3.02,508429
DIV.DB.A.TO,20230419,93,93,93,93,5000
DIVS.TO,20230419,14.6,14.6,14.6,14.6,3300
DLCG.TO,20230419,2.65,2.65,2.64,2.64,700
DLR.TO,20230419,13.69,13.74,13.69,13.72,223567
DLR.U.TO,20230419,10.2,10.2,10.19,10.2,185547
DML.TO,20230419,1.36,1.38,1.34,1.37,1345798
DN.TO,20230419,0.065,0.07,0.065,0.065,7747
DND.TO,20230419,15.68,15.85,15.31,15.7,208747
DNG.TO,20230419,3.14,3.14,3.09,3.09,25192
DNTL.TO,20230419,8.8,9.01,8.71,8.98,152559
DOL.TO,20230419,83.51,84.18,83.1,83.41,385525
DOO.TO,20230419,102.77,104.87,102.77,103.75,171303
DPM.TO,20230419,10.11,10.33,10.1,10.17,556712
DR.TO,20230419,7.98,8.2,7.9,8.16,133301
DRCU.TO,20230419,18.26,18.26,18.26,18.26,0
DRFC.TO,20230419,24.91,24.91,24.91,24.91,200
DRFD.TO,20230419,20.6,20.6,20.6,20.6,100
DRFE.TO,20230419,19.37,19.37,19.37,19.37,0
DRFG.TO,20230419,23.93,23.93,23.93,23.93,0
DRFU.TO,20230419,26.5,26.5,26.5,26.5,0
DRM.TO,20230419,23.28,23.74,23.28,23.7,19383
DRMC.TO,20230419,25.35,25.35,25.35,25.35,100
DRMD.TO,20230419,24.44,24.44,24.44,24.44,0
DRME.TO,20230419,15.94,15.94,15.94,15.94,100
DRMU.TO,20230419,29.6,29.6,29.6,29.6,0
DRR.U.TO,20230419,7.82,8,7.82,7.96,54958
DRT.TO,20230419,0.53,0.53,0.51,0.51,19550
DRT.DB.A.TO,20230419,40,40,40,40,0
DRX.TO,20230419,2.32,2.32,2.32,2.32,0
DS.TO,20230419,7.25,7.25,7.2,7.23,9287
DSAE.TO,20230419,19.56,19.56,19.56,19.56,188
DSG.TO,20230419,106.08,107.36,106.08,106.41,70594
DSV.TO,20230419,1.18,1.2,1.17,1.18,334518
DTOL.TO,20230419,8.08,8.08,7.91,7.91,600
DXB.TO,20230419,18.38,18.38,18.33,18.33,4115
DXC.TO,20230419,33.25,33.32,33.25,33.32,7830
DXDB.TO,20230419,20.57,20.57,20.46,20.48,23469
DXEM.TO,20230419,14.19,14.19,14.19,14.19,0
DXET.TO,20230419,17.49,17.49,17.49,17.49,0
DXF.TO,20230419,30.28,30.28,30.28,30.28,100
DXG.TO,20230419,44.86,45.12,44.86,45.06,9463
DXIF.TO,20230419,19.81,19.81,19.81,19.81,0
DXN.TO,20230419,20,20,20,20,245
DXO.TO,20230419,18.84,18.91,18.83,18.91,7401
DXP.TO,20230419,19.24,19.45,19.24,19.43,19900
DXQ.TO,20230419,21.48,21.48,21.48,21.48,0
DXR.TO,20230419,21.16,21.16,21.15,21.15,500
DXT.TO,20230419,4.96,5,4.93,5,11880
DXU.TO,20230419,41.49,41.61,41.48,41.56,2777
DXV.TO,20230419,19.81,19.81,19.71,19.77,3302
DXW.TO,20230419,21.5,21.5,21.5,21.5,100
DXZ.TO,20230419,10.65,10.65,10.65,10.65,260
DYA.TO,20230419,0.185,0.185,0.18,0.18,7500
E.TO,20230419,0.41,0.41,0.41,0.41,5000
EAGR.TO,20230419,0.7,0.7,0.7,0.7,13000
EARN.TO,20230419,45.65,45.65,45.65,45.65,0
EBIT.TO,20230419,14.46,14.54,14.44,14.49,10392
EBIT.U.TO,20230419,10.79,10.85,10.74,10.76,7961
EBNK.TO,20230419,9.47,9.47,9.41,9.43,4900
EBNK.B.TO,20230419,9.18,9.18,9.18,9.18,12000
EBNK.U.TO,20230419,8.61,8.61,8.61,8.61,0
ECN.TO,20230419,3.18,3.36,3.12,3.31,1058591
ECN.DB.TO,20230419,88.5,88.5,88.5,88.5,0
ECN.DB.A.TO,20230419,82.5,82.5,82.5,82.5,0
ECN.DB.B.TO,20230419,75,75,75,75,5000
ECN.PR.C.TO,20230419,21.52,21.64,21.52,21.64,900
ECO.TO,20230419,3.27,3.44,3.17,3.17,35341
ECOR.TO,20230419,2.39,2.39,2.39,2.39,0
EDGE.TO,20230419,29.69,29.69,29.69,29.69,188
EDGF.TO,20230419,9.66,9.78,9.66,9.78,6200
EDR.TO,20230419,5.51,5.63,5.44,5.51,284137
EDT.TO,20230419,0.295,0.305,0.29,0.3,6000
EDV.TO,20230419,35.84,36.43,35.77,35.94,602793
EFN.TO,20230419,17.7,17.8,17.45,17.5,1273266
EFN.DB.B.TO,20230419,150.22,150.22,150.22,150.22,0
EFN.PR.C.TO,20230419,24.35,24.35,24.35,24.35,0
EFN.PR.E.TO,20230419,24.15,24.15,24.15,24.15,100
EFR.TO,20230419,6.87,6.99,6.8,6.97,287580
EFX.TO,20230419,8.02,8.02,7.77,7.95,355261
EGIF.TO,20230419,21.8,21.8,21.8,21.8,0
EGLX.TO,20230419,0.71,0.72,0.7,0.72,148304
EIF.TO,20230419,54.1,55.45,54.1,55.42,64496
EIF.DB.J.TO,20230419,112,114,112,114,474000
EIF.DB.K.TO,20230419,114,115.05,114,115.05,547000
EIF.DB.L.TO,20230419,106.81,108.5,106.81,108.5,78000
EIF.DB.M.TO,20230419,100,101,100,101,36000
EIT.PR.A.TO,20230419,24.58,24.58,24.58,24.58,605
EIT.PR.B.TO,20230419,24.47,24.47,24.47,24.47,100
EIT.UN.TO,20230419,13.07,13.1,13.04,13.08,206438
ELD.TO,20230419,14.76,14.99,14.63,14.88,222522
ELEF.TO,20230419,0.52,0.54,0.52,0.52,57526
ELF.TO,20230419,909,909,909,909,0
ELF.PR.F.TO,20230419,20.81,20.81,20.67,20.79,2800
ELF.PR.G.TO,20230419,19,19,19,19,200
ELF.PR.H.TO,20230419,21.68,21.69,21.62,21.62,2800
ELO.TO,20230419,3.67,3.77,3.65,3.72,30500
ELR.TO,20230419,0.12,0.13,0.12,0.125,134500
EMA.TO,20230419,57.79,58.11,57.46,57.9,713033
EMA.PR.A.TO,20230419,13.37,13.51,13.37,13.51,1300
EMA.PR.B.TO,20230419,15.95,15.95,15.95,15.95,0
EMA.PR.C.TO,20230419,19.22,19.22,19.16,19.16,1606
EMA.PR.E.TO,20230419,18.38,18.39,18.38,18.39,600
EMA.PR.F.TO,20230419,17.45,17.52,17.45,17.52,300
EMA.PR.H.TO,20230419,20.35,20.45,20.27,20.45,7372
EMA.PR.J.TO,20230419,22.75,22.83,22.7,22.82,7800
EMA.PR.L.TO,20230419,18.7,18.7,18.68,18.69,1100
EMP.A.TO,20230419,36.05,36.63,36.04,36.14,321063
EMV.B.TO,20230419,25.27,25.27,25.2,25.2,1876
ENB.TO,20230419,53.28,53.6,53.28,53.52,4292339
ENB.PF.A.TO,20230419,15.72,15.72,15.72,15.72,1055
ENB.PF.C.TO,20230419,15.36,15.36,15.35,15.35,3434
ENB.PF.E.TO,20230419,14.79,14.84,14.48,14.66,8952
ENB.PF.G.TO,20230419,14.61,14.62,14.6,14.62,4422
ENB.PF.K.TO,20230419,22.61,22.75,22.61,22.74,3793
ENB.PF.U.TO,20230419,20.05,20.11,19.96,20.1,17227
ENB.PF.V.TO,20230419,21.29,21.3,21.29,21.3,200
ENB.PR.A.TO,20230419,22.14,22.17,22.14,22.17,741
ENB.PR.B.TO,20230419,17.86,17.86,17.73,17.75,12460
ENB.PR.D.TO,20230419,18.19,18.19,18,18,18880
ENB.PR.F.TO,20230419,18.22,18.31,18.19,18.28,14472
ENB.PR.H.TO,20230419,15.9,16.1,15.85,16.1,12400
ENB.PR.J.TO,20230419,16.16,16.26,16.15,16.16,3625
ENB.PR.N.TO,20230419,17.5,17.75,17.5,17.54,11935
ENB.PR.P.TO,20230419,16,16.02,15.86,15.96,5956
ENB.PR.T.TO,20230419,15.75,15.75,15.59,15.59,1338
ENB.PR.V.TO,20230419,22.61,22.73,22.61,22.65,4100
ENB.PR.Y.TO,20230419,14.76,14.82,14.75,14.75,9915
ENCC.TO,20230419,11.09,11.13,11.06,11.13,55863
ENGH.TO,20230419,38.52,38.78,38.07,38.41,42711
ENI.UN.TO,20230419,1.77,1.79,1.75,1.79,8601
ENS.TO,20230419,15.13,15.2,15.13,15.16,21226
ENS.PR.A.TO,20230419,9.99,9.99,9.99,9.99,1000
EPRX.TO,20230419,5.56,5.56,5.45,5.46,17408
EPRX.WT.TO,20230419,0.39,0.39,0.39,0.39,0
EPRX.WT.A.TO,20230419,2.88,2.88,2.88,2.88,0
EQB.TO,20230419,60.7,61.11,60.55,61.01,41544
EQB.PR.C.TO,20230419,22.38,22.5,22.38,22.5,2200
EQL.TO,20230419,29.63,29.87,29.63,29.82,13811
EQL.F.TO,20230419,26.2,26.35,26.2,26.32,44214
EQL.U.TO,20230419,22.08,22.2,22.08,22.19,14907
EQX.TO,20230419,6.92,7.05,6.81,6.98,596752
ERD.TO,20230419,0.38,0.39,0.375,0.375,148690
ERE.UN.TO,20230419,3.41,3.48,3.38,3.46,40569
ERO.TO,20230419,26.28,26.81,25.96,26.67,272597
ESG.TO,20230419,29.2,29.29,29.2,29.29,526
ESG.F.TO,20230419,28.11,28.24,28.11,28.24,1500
ESGA.TO,20230419,32.6,32.6,32.6,32.6,0
ESGB.TO,20230419,26.29,26.29,26.29,26.29,0
ESGC.TO,20230419,24.67,24.72,24.67,24.72,1500
ESGE.TO,20230419,31.15,31.15,31.15,31.15,0
ESGF.TO,20230419,24.42,24.46,24.42,24.46,5400
ESGG.TO,20230419,35.4,35.4,35.4,35.4,0
ESGH.F.TO,20230419,24.54,24.54,24.54,24.54,0
ESGY.TO,20230419,38.36,38.79,38.36,38.72,880
ESI.TO,20230419,2.87,2.87,2.79,2.81,346281
ESM.TO,20230419,0.045,0.05,0.045,0.045,458506
ESPX.TO,20230419,20.82,20.9,20.82,20.9,4611
ET.TO,20230419,11.2,11.38,11.1,11.38,19300
ETC.TO,20230419,7.17,7.17,6.96,6.99,2029
ETC.U.TO,20230419,6.72,6.72,6.72,6.72,100
ETG.TO,20230419,1.37,1.39,1.35,1.38,48439
ETHH.TO,20230419,8.25,8.29,8.18,8.21,63901
ETHH.B.TO,20230419,9.32,9.45,9.32,9.36,96572
ETHH.U.TO,20230419,8.74,8.74,8.74,8.74,131
ETHI.TO,20230419,41.39,41.51,41.39,41.51,636
ETHQ.TO,20230419,10.61,10.72,10.61,10.62,3677
ETHQ.U.TO,20230419,7.98,7.98,7.98,7.98,100
ETHR.TO,20230419,9.33,9.4,9.29,9.34,15599
ETHR.U.TO,20230419,8.66,8.66,8.66,8.66,150
ETHX.B.TO,20230419,9.65,9.76,9.58,9.65,162019
ETHX.U.TO,20230419,8.99,9.08,8.94,8.96,66483
ETHY.TO,20230419,3.27,3.31,3.05,3.25,21405
ETHY.B.TO,20230419,3.95,3.95,3.95,3.95,413
ETHY.U.TO,20230419,3.25,3.25,3.25,3.25,240
ETP.TO,20230419,16.49,16.49,16.49,16.49,2900
ETSX.TO,20230419,20.44,20.53,20.44,20.53,1651
EVT.TO,20230419,137,137,137,137,0
EXE.TO,20230419,6.46,6.5,6.43,6.47,102997
EXE.DB.C.TO,20230419,93.5,94.46,93.5,94.46,159000
EXN.TO,20230419,0.42,0.42,0.395,0.395,29000
EXRO.TO,20230419,2.65,2.68,2.59,2.68,154870
EXRO.WT.TO,20230419,1.31,1.31,1.31,1.31,0
FANS.TO,20230419,0.07,0.07,0.065,0.065,37900
FAP.TO,20230419,2.55,2.55,2.5,2.51,49383
FAR.TO,20230419,1.91,1.91,1.91,1.91,100
FBGO.TO,20230419,17.39,17.39,17.39,17.39,300
FBT.TO,20230419,26.45,26.45,26.45,26.45,0
FBTC.TO,20230419,13.19,13.3,13.15,13.16,9461
FBTC.U.TO,20230419,10.12,10.12,10.12,10.12,0
FC.TO,20230419,11.45,11.56,11.42,11.47,31914
FC.DB.H.TO,20230419,98.55,98.55,98.55,98.55,0
FC.DB.I.TO,20230419,95,95,95,95,0
FC.DB.J.TO,20230419,94.5,94.5,94.5,94.5,0
FC.DB.K.TO,20230419,87.5,87.5,87.5,87.5,2000
FC.DB.L.TO,20230419,87,87,87,87,1000
FCCD.TO,20230419,27.76,27.86,27.76,27.86,3300
FCCQ.TO,20230419,30.74,30.74,30.74,30.74,100
FCCV.TO,20230419,13.36,13.42,13.36,13.42,3152
FCD.UN.TO,20230419,5.7,5.76,5.62,5.71,22521
FCGI.TO,20230419,12.43,12.43,12.43,12.43,0
FCID.TO,20230419,24.16,24.16,24.16,24.16,0
FCII.TO,20230419,21.76,21.76,21.76,21.76,0
FCIQ.TO,20230419,34.02,34.28,34.02,34.28,5558
FCIQ.U.TO,20230419,25.54,25.54,25.54,25.54,0
FCIV.TO,20230419,30.57,30.57,30.57,30.57,1201
FCMI.TO,20230419,12.1,12.1,12.1,12.1,0
FCQH.TO,20230419,41.25,41.26,41.25,41.26,4227
FCR.UN.TO,20230419,15.91,15.99,15.78,15.95,398666
FCRH.TO,20230419,29.84,29.84,29.84,29.84,0
FCRR.TO,20230419,32.48,32.48,32.48,32.48,0
FCSI.TO,20230419,19.38,19.38,19.38,19.38,0
FCU.TO,20230419,0.57,0.58,0.56,0.58,310389
FCUD.TO,20230419,30.05,30.05,30.05,30.05,1324
FCUD.U.TO,20230419,21.45,21.45,21.45,21.45,0
FCUH.TO,20230419,27.36,27.43,27.36,27.43,600
FCUQ.TO,20230419,43.44,43.47,43.44,43.47,1842
FCUV.TO,20230419,13.28,13.28,13.28,13.28,0
FCUV.U.TO,20230419,9.81,9.81,9.81,9.81,0
FCVH.TO,20230419,12.99,12.99,12.99,12.99,0
FDL.TO,20230419,30.62,30.62,30.56,30.56,250
FDN.TO,20230419,15.69,15.69,15.69,15.69,0
FDY.TO,20230419,1.1,1.14,1.05,1.13,481234
FEBB.F.TO,20230419,35.74,35.74,35.74,35.74,0
FEC.TO,20230419,13.07,13.7,13.07,13.6,100797
FETH.TO,20230419,36.08,36.18,36.08,36.18,2405
FF.TO,20230419,0.185,0.185,0.18,0.185,249380
FFH.TO,20230419,908.78,933.09,905.52,930,31919
FFH.PR.C.TO,20230419,18.38,18.51,18.38,18.51,6100
FFH.PR.D.TO,20230419,19.8,19.8,19.79,19.8,8500
FFH.PR.E.TO,20230419,14.08,14.08,14.08,14.08,400
FFH.PR.F.TO,20230419,17,17,17,17,0
FFH.PR.G.TO,20230419,14.56,14.56,14.5,14.5,3643
FFH.PR.H.TO,20230419,17.63,17.63,17.63,17.63,0
FFH.PR.I.TO,20230419,16,16.02,15.95,16.02,800
FFH.PR.J.TO,20230419,18.42,18.42,18.41,18.41,2100
FFH.PR.K.TO,20230419,18.71,18.71,18.71,18.71,200
FFH.PR.M.TO,20230419,20.98,21,20.98,21,1900
FFH.U.TO,20230419,679.51,679.51,679.51,679.51,0
FFN.TO,20230419,4.3,4.34,4.28,4.34,140694
FFN.PR.A.TO,20230419,9.54,9.55,9.52,9.55,34161
FGAA.U.TO,20230419,10.18,10.18,10.18,10.18,0
FGAA.WT.U.TO,20230419,1.1,1.1,1.1,1.1,0
FGB.TO,20230419,17.82,17.82,17.82,17.82,0
FGGE.TO,20230419,20.61,20.61,20.61,20.61,166
FGO.TO,20230419,10.09,10.09,10.09,10.09,6600
FGO.U.TO,20230419,10.16,10.16,10.16,10.16,0
FHG.TO,20230419,39.06,39.06,39.06,39.06,0
FHG.F.TO,20230419,25.4,25.4,25.4,25.4,1000
FHH.TO,20230419,39.87,39.87,39.87,39.87,135
FHH.F.TO,20230419,30.15,30.15,30.15,30.15,0
FHI.TO,20230419,11.64,11.7,11.64,11.7,1172
FHI.B.TO,20230419,12.72,12.72,12.72,12.72,0
FHIS.TO,20230419,20.26,20.28,20.26,20.28,9908
FHQ.TO,20230419,64.84,64.84,64.84,64.84,0
FIE.TO,20230419,6.79,6.82,6.79,6.82,95479
FIG.TO,20230419,9.22,9.23,9.21,9.22,15200
FIG.U.TO,20230419,8.75,8.75,8.75,8.75,2004
FIH.U.TO,20230419,12.87,13.26,12.8,13.26,5490
FIL.TO,20230419,23.94,24.71,23.71,24.3,279452
FINO.TO,20230419,15.27,15.27,15.27,15.27,0
FINT.TO,20230419,24.89,24.99,24.89,24.99,300
FLCI.TO,20230419,17.23,17.23,17.23,17.23,100
FLCP.TO,20230419,17.48,17.48,17.48,17.48,1500
FLDM.TO,20230419,21.07,21.07,21.07,21.07,400
FLGA.TO,20230419,18.63,18.63,18.63,18.63,0
FLGD.TO,20230419,23.81,23.81,23.81,23.81,136
FLI.TO,20230419,9.23,9.29,9.23,9.28,1800
FLNT.TO,20230419,0.045,0.045,0.04,0.04,24800
FLOW.TO,20230419,0.395,0.4,0.395,0.4,6010
FLSD.TO,20230419,18.58,18.58,18.58,18.58,1000
FLUS.TO,20230419,32.43,32.43,32.43,32.43,100
FLX.TO,20230419,6.8,6.8,6.8,6.8,0
FLX.U.TO,20230419,5.78,5.78,5.78,5.78,0
FM.TO,20230419,34.71,35.04,34.17,34.26,2133233
FN.TO,20230419,38.35,38.35,37.87,38.15,32230
FN.PR.A.TO,20230419,10.81,10.82,10.75,10.75,2725
FN.PR.B.TO,20230419,13.8,13.8,13.6,13.6,550
FNV.TO,20230419,204.5,206.89,203.92,204.84,303501
FOOD.TO,20230419,0.57,0.57,0.55,0.57,8151
FOOD.DB.A.TO,20230419,29.01,29.01,29.01,29.01,0
FORA.TO,20230419,4.53,4.59,4.5,4.55,4020
FOUR.TO,20230419,39.41,39.41,39.41,39.41,0
FPR.TO,20230419,20.15,20.15,20.15,20.15,0
FRU.TO,20230419,15.08,15.16,14.93,15.03,368736
FRX.TO,20230419,11.3,11.3,11.3,11.3,0
FSB.TO,20230419,9.57,9.61,9.57,9.58,37738
FSB.U.TO,20230419,9.78,9.78,9.78,9.78,0
FSF.TO,20230419,21.56,21.56,21.56,21.56,0
FSL.TO,20230419,17.06,17.06,16.99,17,29000
FST.TO,20230419,43.98,43.98,43.98,43.98,0
FSV.TO,20230419,191.68,197.3,191.68,195.36,81555
FSY.TO,20230419,0.43,0.435,0.4275,0.435,30164
FSZ.TO,20230419,7.64,7.71,7.64,7.68,151464
FTG.TO,20230419,3.2,3.21,3.15,3.19,19900
FTN.TO,20230419,9.17,9.22,9.16,9.22,71075
FTN.PR.A.TO,20230419,9.75,9.78,9.74,9.75,38926
FTS.TO,20230419,59.46,59.99,59.46,59.73,864861
FTS.PR.F.TO,20230419,20.46,20.46,20.46,20.46,0
FTS.PR.G.TO,20230419,17.92,17.92,17.9,17.9,2851
FTS.PR.H.TO,20230419,12.65,12.7,12.52,12.52,9076
FTS.PR.I.TO,20230419,16.1,16.1,16.1,16.1,500
FTS.PR.J.TO,20230419,19.85,19.93,19.85,19.93,2200
FTS.PR.K.TO,20230419,16.03,16.59,16.03,16.59,830
FTS.PR.M.TO,20230419,17.14,17.14,16.97,16.97,4142
FTT.TO,20230419,35,35.23,34.58,34.98,245086
FTU.TO,20230419,0.215,0.215,0.215,0.215,500
FTU.PR.B.TO,20230419,6.55,6.55,6.1,6.1,9608
FUD.TO,20230419,33.17,33.17,33.17,33.17,0
FURY.TO,20230419,0.75,0.76,0.75,0.76,32688
FVI.TO,20230419,5.07,5.18,5.01,5.13,659366
FVI.DB.U.TO,20230419,97.04,97.04,97.04,97.04,0
FVL.TO,20230419,0.47,0.47,0.47,0.47,105196
FWCP.TO,20230419,17.38,17.38,17.38,17.38,400
FXM.TO,20230419,20.99,21.07,20.99,21.06,884
G.TO,20230419,1.4,1.43,1.36,1.36,65071
GATO.TO,20230419,9,9.13,8.84,8.85,4888
GAU.TO,20230419,0.93,0.93,0.92,0.92,7304
GBAL.TO,20230419,41.37,41.37,41.37,41.37,0
GBT.TO,20230419,14.2,14.2,14.2,14.2,913
GCBD.TO,20230419,17.75,17.76,17.75,17.76,8687
GCG.TO,20230419,43.5,43.5,43,43.14,1350
GCG.A.TO,20230419,43.27,43.44,42.66,42.71,14069
GCL.TO,20230419,0.73,0.75,0.73,0.75,45775
GCNS.TO,20230419,38.5,38.5,38.5,38.5,0
GCSC.TO,20230419,21.06,21.06,21.06,21.06,400
GDC.TO,20230419,2.15,2.15,2.07,2.09,500
GDEP.TO,20230419,19.99,19.99,19.99,19.99,0
GDEP.B.TO,20230419,18.91,18.98,18.91,18.98,1100
GDI.TO,20230419,45,45.2,44.4,45.1,11680
GDL.TO,20230419,12.28,12.5,12.26,12.28,4588
GDPY.TO,20230419,20.82,20.83,20.82,20.83,2300
GDPY.B.TO,20230419,20,20.03,20,20.03,850
GDV.TO,20230419,10.25,10.29,10.2,10.28,26294
GDV.PR.A.TO,20230419,9.32,9.32,9.32,9.32,1500
GEI.TO,20230419,22.31,22.48,22.16,22.4,722331
GENM.TO,20230419,0.57,0.57,0.57,0.57,15110
GEO.TO,20230419,3.53,3.55,3.52,3.52,4729
GEQT.TO,20230419,46,46,46,46,187
GFL.TO,20230419,45.96,46.78,45.75,46.76,247952
GFP.TO,20230419,1.31,1.34,1.25,1.3,3597
GGD.TO,20230419,1.96,1.97,1.85,1.9,655700
GGRO.TO,20230419,43.91,43.91,43.91,43.91,124
GH.TO,20230419,8.75,8.95,8.75,8.95,50510
GIB.A.TO,20230419,132.37,133.38,132.16,132.38,316379
GIL.TO,20230419,43.15,43.67,43.15,43.36,219066
GIQG.TO,20230419,19.6,19.6,19.6,19.6,0
GIQG.B.TO,20230419,20.44,20.44,20.44,20.44,0
GIQU.TO,20230419,19.47,19.47,19.47,19.47,0
GIQU.B.TO,20230419,20.4,20.4,20.4,20.4,0
GIVX.TO,20230419,0.55,0.55,0.55,0.55,500
GLCC.TO,20230419,27.28,27.55,27.13,27.36,26242
GLO.TO,20230419,2.63,2.68,2.6,2.65,205330
GLXY.TO,20230419,5.32,5.36,5.1,5.15,460808
GMTN.TO,20230419,0.2,0.21,0.2,0.205,32732
GMX.TO,20230419,0.88,0.9,0.88,0.89,9000
GOLD.TO,20230419,1.48,1.48,1.43,1.43,189284
GOOS.TO,20230419,24.76,25.07,24.72,24.95,166238
GPMD.TO,20230419,9.95,9.95,9.95,9.95,0
GRA.TO,20230419,3.04,3.18,3.03,3.18,39382
GRC.TO,20230419,0.11,0.11,0.11,0.11,592
GRID.TO,20230419,0.84,0.84,0.84,0.84,0
GRN.TO,20230419,0.355,0.36,0.335,0.34,102666
GRNI.TO,20230419,29.4,29.4,29.4,29.4,0
GRT.UN.TO,20230419,83.13,85.34,83.13,85.33,136569
GSY.TO,20230419,94.94,95.51,94.28,94.35,47038
GTE.TO,20230419,1.21,1.23,1.18,1.19,354579
GUD.TO,20230419,4.78,4.85,4.78,4.84,57621
GURU.TO,20230419,2.87,2.89,2.75,2.8,9005
GVC.TO,20230419,0.27,0.27,0.27,0.27,0
GWO.TO,20230419,37.41,37.63,37.39,37.58,948037
GWO.PR.G.TO,20230419,21.57,21.58,21.56,21.57,906
GWO.PR.H.TO,20230419,19.72,19.85,19.72,19.85,5299
GWO.PR.I.TO,20230419,18.9,18.9,18.67,18.67,2053
GWO.PR.L.TO,20230419,22.85,22.85,22.74,22.85,3820
GWO.PR.M.TO,20230419,23.47,23.47,23.4,23.4,2500
GWO.PR.N.TO,20230419,12.09,12.3,12.09,12.3,1950
GWO.PR.P.TO,20230419,21.94,21.94,21.94,21.94,200
GWO.PR.Q.TO,20230419,21.3,21.3,20.96,20.96,746
GWO.PR.R.TO,20230419,19.76,19.76,19.7,19.7,2761
GWO.PR.S.TO,20230419,21.47,21.47,21.47,21.47,100
GWO.PR.T.TO,20230419,21.25,21.25,21.16,21.16,1200
GWO.PR.Y.TO,20230419,18.75,18.75,18.7,18.7,1994
GXE.TO,20230419,1.09,1.1,1.08,1.1,702972
H.TO,20230419,39.15,40.01,39.15,39.95,685168
HAB.TO,20230419,9.7,9.74,9.69,9.71,9661
HAC.TO,20230419,25.6,25.6,25.53,25.53,5800
HAD.TO,20230419,9.02,9.02,9.02,9.02,0
HAF.TO,20230419,6.98,6.99,6.94,6.94,4829
HAI.TO,20230419,4.35,4.35,4.02,4.13,14600
HAL.TO,20230419,19.83,19.92,19.83,19.89,2612
HAZ.TO,20230419,28.39,28.39,28.38,28.38,1756
HBA.TO,20230419,21.06,21.06,21.06,21.06,0
HBAL.TO,20230419,13.06,13.09,13.06,13.09,908
HBB.TO,20230419,45.57,45.63,45.5,45.63,16197
HBD.TO,20230419,10.2,10.21,10.13,10.13,5849
HBF.TO,20230419,9.65,9.67,9.65,9.66,15113
HBF.B.TO,20230419,10.44,10.44,10.44,10.44,100
HBF.U.TO,20230419,10.73,10.73,10.73,10.73,1300
HBFE.TO,20230419,10.56,10.56,10.56,10.56,200
HBGD.TO,20230419,17.35,17.35,17.35,17.35,0
HBKD.TO,20230419,20.56,20.56,20.56,20.56,0
HBKU.TO,20230419,18.73,18.73,18.73,18.73,0
HBLK.TO,20230419,10.47,10.48,10.44,10.44,693
HBM.TO,20230419,7.09,7.21,7.06,7.08,1046641
HBP.TO,20230419,0.205,0.205,0.205,0.205,0
HBU.TO,20230419,11.86,12.03,11.86,12.01,10844
HBUG.TO,20230419,19.17,19.17,19.17,19.17,0
HCA.TO,20230419,21.58,21.59,21.56,21.59,5483
HCAL.TO,20230419,20.72,20.86,20.72,20.85,22253
HCLN.TO,20230419,12.1,12.1,12.1,12.1,206
HCON.TO,20230419,12.25,12.25,12.25,12.25,100
HCRE.TO,20230419,25.09,25.09,25.09,25.09,0
HDGE.TO,20230419,22.24,22.24,22.24,22.24,0
HDIF.TO,20230419,8.1,8.14,8.09,8.13,57121
HDIV.TO,20230419,16.16,16.27,16.16,16.25,60121
HEB.TO,20230419,16.3,16.35,16.25,16.35,9090
HED.TO,20230419,6.33,6.48,6.33,6.38,44661
HERO.TO,20230419,27.42,27.42,27.34,27.34,203
HEU.TO,20230419,22.98,23.26,22.85,23.26,109085
HEWB.TO,20230419,29.37,29.53,29.37,29.53,7555
HFD.TO,20230419,11.08,11.08,10.94,10.95,4100
HFG.TO,20230419,19.6,19.6,19.6,19.6,174
HFIN.TO,20230419,13.71,13.73,13.69,13.72,1630
HFPC.U.TO,20230419,2.68,2.68,2.68,2.68,0
HFR.TO,20230419,9.77,9.78,9.77,9.77,24079
HFU.TO,20230419,18.15,18.4,18.15,18.4,8544
HGD.TO,20230419,5.02,5.08,4.93,4.99,194410
HGGG.TO,20230419,30,30,29.93,29.93,4000
HGR.TO,20230419,6.49,6.49,6.47,6.49,1697
HGU.TO,20230419,16.99,17.29,16.71,17.05,280475
HGY.TO,20230419,9.98,9.98,9.98,9.98,4264
HHL.TO,20230419,8.23,8.31,8.23,8.29,114078
HHL.B.TO,20230419,8.84,8.84,8.84,8.84,0
HHL.U.TO,20230419,8.69,8.69,8.69,8.69,1300
HHLE.TO,20230419,10.54,10.64,10.54,10.62,5030
HIG.TO,20230419,8.7,8.72,8.7,8.71,3900
HISU.U.TO,20230419,100.28,100.28,100.28,100.28,2112
HIU.TO,20230419,14.37,14.37,14.28,14.31,11890
HIX.TO,20230419,28.56,28.56,28.56,28.56,103
HLF.TO,20230419,14.73,14.96,14.73,14.96,3156
HLFE.TO,20230419,10.66,10.68,10.66,10.68,4400
HLIF.TO,20230419,9.33,9.33,9.32,9.33,8108
HLIT.TO,20230419,37.57,37.57,37.36,37.36,2172
HLPR.TO,20230419,21.91,21.91,21.84,21.86,2500
HLS.TO,20230419,6.17,6.26,5.95,6,4925
HMAX.TO,20230419,15.24,15.25,15.18,15.24,167066
HMM.A.TO,20230419,6.1,6.1,6.1,6.1,0
HMMJ.TO,20230419,10.12,10.13,10.08,10.13,6063
HMMJ.U.TO,20230419,7.71,7.71,7.71,7.71,0
HMP.TO,20230419,9.28,9.28,9.24,9.27,5350
HND.TO,20230419,65.96,67.56,64.76,66.32,543531
HNU.TO,20230419,16.61,16.98,16.08,16.46,3206827
HOD.TO,20230419,9.78,10.02,9.71,9.88,833487
HOM.DB.U.TO,20230419,101,101,101,101,2000
HOM.U.TO,20230419,12.81,13,12.81,13,10772
HOM.UN.TO,20230419,17.22,17.38,17.17,17.38,27413
HOT.DB.V.TO,20230419,83,83,83,83,0
HOT.U.TO,20230419,1.86,1.86,1.86,1.86,2300
HOT.UN.TO,20230419,2.42,2.5,2.42,2.46,64464
HOU.TO,20230419,14.41,14.51,14.02,14.25,944820
HPF.TO,20230419,3.49,3.49,3.47,3.48,9534
HPF.U.TO,20230419,4.25,4.25,4.25,4.25,0
HPR.TO,20230419,7.53,7.56,7.52,7.52,26954
HPS.A.TO,20230419,36.76,36.76,35.92,36.41,4151
HQD.TO,20230419,26.07,26.08,25.54,25.7,665529
HQD.U.TO,20230419,19.26,19.26,19.26,19.26,0
HQU.TO,20230419,10.81,11.05,10.81,10.99,264192
HR.UN.TO,20230419,12.23,12.23,11.94,12.02,716110
HRAA.TO,20230419,10.91,11,10.91,11,6284
HRED.TO,20230419,14.76,14.76,14.76,14.76,0
HREU.TO,20230419,16.9,16.9,16.9,16.9,0
HRIF.TO,20230419,15.17,15.17,15.17,15.17,0
HRX.TO,20230419,12.74,12.98,12.74,12.97,12643
HSAV.TO,20230419,105.71,105.91,105.7,105.85,52435
HSD.TO,20230419,28.67,28.67,28.3,28.4,482704
HSH.TO,20230419,50.88,50.88,50.88,50.88,1975
HSU.TO,20230419,14.35,14.55,14.35,14.5,319536
HSUV.U.TO,20230419,103.79,103.79,103.76,103.77,34291
HTA.TO,20230419,13.61,13.66,13.6,13.66,9865
HTA.B.TO,20230419,13.79,13.79,13.79,13.79,0
HTA.U.TO,20230419,14.6,14.6,14.6,14.6,0
HTAE.TO,20230419,11.85,11.85,11.72,11.77,2903
HTB.TO,20230419,55.28,55.28,55.19,55.19,500
HTB.U.TO,20230419,41.2,41.2,41.2,41.2,0
HUBL.TO,20230419,11,11.25,11,11.25,14963
HUBL.U.TO,20230419,12.05,12.05,12.05,12.05,150
HUC.TO,20230419,20.44,20.6,20.44,20.6,1115
HUG.TO,20230419,16.02,16.06,16.02,16.04,1106
HULC.TO,20230419,65.05,65.05,65.05,65.05,0
HULC.U.TO,20230419,48.33,48.33,48.33,48.33,0
HUM.TO,20230419,22.54,22.88,22.54,22.88,329
HUN.TO,20230419,11.66,11.67,11.58,11.66,5870
HURA.TO,20230419,21.07,21.09,21.07,21.09,1113
HUT.TO,20230419,2.63,2.63,2.52,2.55,3432575
HUTE.TO,20230419,11.17,11.17,11.17,11.17,0
HUTL.TO,20230419,18.33,18.33,18.25,18.29,8187
HUTS.TO,20230419,14.59,14.59,14.59,14.59,135
HUV.TO,20230419,28.08,28.17,27.5,27.86,62775
HUZ.TO,20230419,11.79,11.79,11.79,11.79,1030
HWO.TO,20230419,1.18,1.2,1.16,1.18,8100
HWX.TO,20230419,6.48,6.53,6.38,6.52,556341
HXCN.TO,20230419,32.21,32.21,32.2,32.2,2029
HXD.TO,20230419,6.58,6.58,6.53,6.54,313040
HXDM.TO,20230419,40.79,40.91,40.77,40.87,4800
HXDM.U.TO,20230419,30.41,30.41,30.41,30.41,0
HXE.TO,20230419,29.93,30.03,29.88,30.03,1606
HXEM.TO,20230419,31.67,31.72,31.67,31.72,700
HXF.TO,20230419,59.75,59.92,59.75,59.92,669
HXH.TO,20230419,45.75,45.75,45.75,45.75,3879
HXQ.TO,20230419,49.58,50.16,49.58,50.05,3534
HXQ.U.TO,20230419,37.22,37.22,37.22,37.22,0
HXS.TO,20230419,56,56.35,56,56.35,16691
HXS.U.TO,20230419,41.8,41.8,41.8,41.8,0
HXT.TO,20230419,51.19,51.4,51.18,51.37,184896
HXT.U.TO,20230419,38.37,38.37,38.37,38.37,0
HXU.TO,20230419,19.71,19.87,19.71,19.86,125993
HXX.TO,20230419,43.55,43.67,43.54,43.67,805
HYBR.TO,20230419,7.78,7.78,7.78,7.78,0
HYLD.TO,20230419,12.25,12.3,12.24,12.3,104807
HYLD.U.TO,20230419,12.48,12.48,12.43,12.47,2380
HZD.TO,20230419,13.17,13.17,12.94,13,27579
HZU.TO,20230419,25.09,25.55,25.09,25.37,48448
IAF.PR.B.TO,20230419,20.8,20.8,20.8,20.8,200
IAG.TO,20230419,88.15,88.7,87.76,88.08,138350
IAU.TO,20230419,3.4,3.47,3.38,3.44,419400
IBG.DB.E.TO,20230419,100.4,100.4,100.4,100.4,13000
ICAE.TO,20230419,19.85,19.85,19.85,19.85,0
ICE.TO,20230419,3.65,3.65,3.65,3.65,0
ICPB.TO,20230419,9.3,9.3,9.3,9.3,185
IDEF.B.TO,20230419,11.54,11.54,11.54,11.54,0
IDIV.B.TO,20230419,12,12,12,12,1602
IE.TO,20230419,16.99,16.99,16.68,16.99,1322
IFA.TO,20230419,0.83,0.83,0.83,0.83,2000
IFC.TO,20230419,199.02,200.49,197.57,199.25,243467
IFC.PR.A.TO,20230419,17.25,17.52,17.25,17.37,2200
IFC.PR.C.TO,20230419,18.39,18.39,18.39,18.39,100
IFC.PR.E.TO,20230419,21.65,21.65,21.65,21.65,925
IFC.PR.F.TO,20230419,22.4,22.4,22.2,22.2,3300
IFC.PR.G.TO,20230419,19.77,19.93,19.77,19.85,2145
IFC.PR.I.TO,20230419,22.5,22.78,22.5,22.78,200
IFC.PR.K.TO,20230419,22,22,22,22,0
IFP.TO,20230419,23.58,23.98,23.15,23.92,179384
IFRF.TO,20230419,8.71,8.71,8.71,8.71,0
IGAF.TO,20230419,11.64,11.7,11.64,11.7,500
IGB.TO,20230419,17.57,17.57,17.57,17.57,0
IGCF.TO,20230419,16.8,16.8,16.8,16.8,0
IGM.TO,20230419,41.38,41.69,41.24,41.36,228917
IICE.TO,20230419,19.65,19.65,19.65,19.65,0
III.TO,20230419,1.9,1.97,1.87,1.91,18802
IIP.UN.TO,20230419,12.93,12.95,12.83,12.89,121963
ILGB.TO,20230419,8.74,8.74,8.74,8.74,0
ILLM.TO,20230419,2.12,2.21,2.12,2.16,75595
IMG.TO,20230419,3.95,4.03,3.9,3.96,987758
IMO.TO,20230419,72.48,72.98,71.55,72.47,874557
IMP.TO,20230419,0.63,0.63,0.61,0.62,61000
INC.UN.TO,20230419,11.35,11.45,11.35,11.45,1060
INE.TO,20230419,14.3,14.47,14.25,14.41,444970
INE.DB.B.TO,20230419,98.02,98.99,98.01,98.99,55000
INE.DB.C.TO,20230419,95.5,95.69,95.35,95.55,60000
INE.PR.A.TO,20230419,14,14.25,14,14.21,3027
INE.PR.C.TO,20230419,22.05,22.05,22.05,22.05,100
INO.UN.TO,20230419,3.53,3.53,3.45,3.49,67369
INOC.TO,20230419,12.89,12.89,12.89,12.89,1238
IPCO.TO,20230419,13.53,13.57,13.37,13.57,118318
IPO.TO,20230419,2.86,2.86,2.78,2.84,124640
IQD.TO,20230419,31.59,31.59,31.59,31.59,0
IQD.B.TO,20230419,27.81,27.81,27.81,27.81,100
ISIF.TO,20230419,10.81,10.81,10.81,10.81,0
ISV.TO,20230419,23.22,23.22,23,23.1,1940
ITE.TO,20230419,0.335,0.34,0.33,0.33,166158
ITH.TO,20230419,0.77,0.77,0.76,0.76,2177
IVN.TO,20230419,12.67,12.88,12.52,12.63,1508450
IVQ.TO,20230419,1.21,1.21,1.19,1.19,21150
IVQ.DB.U.TO,20230419,78,78,78,78,0
IVQ.DB.V.TO,20230419,82.27,83,82,83,95000
IVQ.U.TO,20230419,0.9,0.9,0.9,0.9,0
IWBE.TO,20230419,17.51,17.64,17.51,17.64,800
JAG.TO,20230419,2.64,2.66,2.61,2.61,9212
JAPN.TO,20230419,31.85,31.85,31.85,31.85,0
JAPN.B.TO,20230419,26.48,26.48,26.48,26.48,0
JFS.UN.TO,20230419,23.92,23.92,23.88,23.88,400
JOY.TO,20230419,6.09,6.09,5.88,5.99,337615
JWEL.TO,20230419,32.53,32.78,31.98,32.56,56753
K.TO,20230419,6.78,6.9,6.77,6.82,2863019
KBL.TO,20230419,28.64,29.25,28.59,29.25,4852
KEC.TO,20230419,12.54,12.55,12.44,12.52,4000
KEG.UN.TO,20230419,15.88,15.88,15.83,15.83,4625
KEI.TO,20230419,5.35,5.45,5.31,5.4,10528
KEL.TO,20230419,4.91,5.06,4.91,5.06,219556
KEY.TO,20230419,31.59,31.72,31.46,31.69,394776
KILO.TO,20230419,29.82,29.97,29.82,29.97,299
KILO.B.TO,20230419,32.08,32.08,32.08,32.08,120
KILO.U.TO,20230419,30.95,30.95,30.95,30.95,0
KITS.TO,20230419,4.8,4.98,4.8,4.8,3702
KLS.TO,20230419,0.37,0.37,0.37,0.37,4500
KMP.UN.TO,20230419,16.89,16.95,16.82,16.95,123720
KNT.TO,20230419,7,7.11,6.93,6.96,625004
KPT.TO,20230419,10.22,10.29,10.21,10.21,4400
KRN.TO,20230419,0.27,0.27,0.245,0.245,26000
KRR.TO,20230419,4.46,4.55,4.44,4.53,452839
KSI.TO,20230419,2.72,2.72,2.68,2.68,10513
KXS.TO,20230419,176.7,181.84,176.7,179.52,27701
L.TO,20230419,122.72,124.2,122.72,123.08,301730
L.PR.B.TO,20230419,22.4,22.4,22.28,22.28,1660
LABS.TO,20230419,0.095,0.095,0.085,0.085,359299
LAC.TO,20230419,26.76,27.19,26.5,27.06,285730
LAM.TO,20230419,0.375,0.38,0.375,0.375,31946
LAS.A.TO,20230419,99.51,100.2,99.34,100.2,1404
LB.TO,20230419,31.55,31.78,31.48,31.7,155509
LB.PR.H.TO,20230419,16.29,16.4,16.27,16.4,1800
LBS.TO,20230419,8.86,8.9,8.79,8.84,55554
LBS.PR.A.TO,20230419,9.87,9.89,9.85,9.88,21099
LCFS.TO,20230419,8.86,8.86,8.24,8.39,312654
LCS.TO,20230419,5.83,5.93,5.83,5.92,35776
LCS.PR.A.TO,20230419,10.09,10.09,10.08,10.08,7600
LEAD.TO,20230419,15.16,15.16,15.16,15.16,0
LEAD.B.TO,20230419,15.53,15.53,15.53,15.53,0
LEV.TO,20230419,3.01,3.23,2.85,3.09,1051283
LEV.WT.TO,20230419,0.315,0.315,0.24,0.27,14500
LEV.WT.A.TO,20230419,0.98,0.98,0.98,0.98,100
LFE.TO,20230419,3.37,3.4,3.21,3.35,46000
LFE.PR.B.TO,20230419,10.2,10.25,10.2,10.24,10900
LGD.TO,20230419,0.58,0.59,0.55,0.55,287133
LGO.TO,20230419,6.77,7.13,6.77,7.09,32083
LIF.TO,20230419,32.22,32.59,32.07,32.54,140139
LIFE.TO,20230419,22.02,22.14,22.02,22.11,2664
LIFE.B.TO,20230419,25.21,25.21,25.21,25.21,1100
LIFE.U.TO,20230419,21.57,21.57,21.57,21.57,0
LIRC.TO,20230419,15.52,15.52,15.5,15.51,12108
LN.TO,20230419,0.365,0.365,0.365,0.365,500
LNF.TO,20230419,18.24,18.71,18,18.59,21686
LNR.TO,20230419,65.76,65.77,65.06,65.53,47083
LPEN.TO,20230419,0.86,0.89,0.83,0.83,23570
LSPD.TO,20230419,18.71,18.85,18.46,18.66,764308
LSPK.TO,20230419,0.48,0.48,0.46,0.47,12000
LUC.TO,20230419,0.495,0.495,0.48,0.48,36314
LUG.TO,20230419,16.87,16.98,16.72,16.8,216341
LUN.TO,20230419,10.75,10.79,10.55,10.58,2517983
MAG.TO,20230419,17.74,17.92,17.53,17.62,198332
MAL.TO,20230419,7.05,7.05,6.91,6.95,15354
MARI.TO,20230419,4.06,4.14,4.03,4.14,51996
MAYB.F.TO,20230419,35.45,35.45,35.45,35.45,100
MBAL.TO,20230419,21.19,21.2,21.19,21.2,688
MBX.TO,20230419,0.395,0.395,0.395,0.395,0
MCB.TO,20230419,1.48,1.48,1.48,1.48,575
MCLC.TO,20230419,34.63,34.63,34.63,34.63,0
MCON.TO,20230419,19.65,19.65,19.65,19.65,1500
MCSB.TO,20230419,18.9,18.9,18.9,18.9,7051
MCSM.TO,20230419,36.83,36.83,36.83,36.83,300
MDA.TO,20230419,6.59,6.8,6.58,6.75,92201
MDI.TO,20230419,10.8,10.89,10.65,10.89,106458
MDIV.TO,20230419,13.22,13.22,13.22,13.22,1800
MDNA.TO,20230419,0.81,0.84,0.81,0.82,15672
MDP.TO,20230419,1.54,1.54,1.46,1.48,24440
MDS.UN.TO,20230419,11.47,11.47,11.47,11.47,300
MDVD.TO,20230419,22.63,22.86,22.63,22.86,600
MEE.TO,20230419,23.44,23.44,23.38,23.38,715
MEG.TO,20230419,22.9,23.27,22.69,23.27,1754470
MEME.B.TO,20230419,25.97,25.97,25.97,25.97,0
MEQ.TO,20230419,133.96,133.96,133.21,133.21,768
MEU.TO,20230419,22.15,22.15,22.15,22.15,0
MFC.TO,20230419,26.1,26.29,26.04,26.22,4675025
MFC.PR.B.TO,20230419,19.29,19.3,19.29,19.3,1147
MFC.PR.C.TO,20230419,18.9,18.9,18.9,18.9,560
MFC.PR.F.TO,20230419,12.25,12.25,12.25,12.25,500
MFC.PR.I.TO,20230419,22.76,22.76,22.6,22.7,3650
MFC.PR.J.TO,20230419,21.99,22,21.98,21.98,6951
MFC.PR.K.TO,20230419,17.72,17.82,17.72,17.82,24400
MFC.PR.L.TO,20230419,16.42,16.7,16.42,16.7,2000
MFC.PR.M.TO,20230419,16.72,16.72,16.72,16.72,282
MFC.PR.N.TO,20230419,16.42,16.43,16.35,16.43,2130
MFC.PR.P.TO,20230419,14.5,14.5,14.5,14.5,0
MFC.PR.Q.TO,20230419,19.4,19.4,19.4,19.4,2202
MFI.TO,20230419,27.05,27.56,27.01,27.44,84870
MFT.TO,20230419,17.41,17.45,17.41,17.41,35344
MG.TO,20230419,71.92,72.67,71.28,72.26,743029
MGA.TO,20230419,0.175,0.18,0.175,0.18,82285
MGAB.TO,20230419,17.33,17.33,17.33,17.33,0
MGB.TO,20230419,16.64,16.65,16.64,16.65,351
MGRW.TO,20230419,22.84,22.84,22.84,22.84,0
MHC.U.TO,20230419,16.63,16.7,16.63,16.7,401
MHC.UN.TO,20230419,22.73,22.88,22.5,22.5,400
MHCD.TO,20230419,11.19,11.19,11.19,11.19,0
MI.UN.TO,20230419,14.35,14.35,14.19,14.28,78101
MIC.PR.A.TO,20230419,21,21,21,21,0
MID.UN.TO,20230419,6.65,6.65,6.65,6.65,100
MIN.TO,20230419,0.25,0.25,0.25,0.25,10499
MINF.TO,20230419,9.86,9.86,9.86,9.86,0
MINN.TO,20230419,12.73,12.73,12.73,12.73,0
MINT.TO,20230419,33.12,33.12,33.12,33.12,0
MINT.B.TO,20230419,29.92,29.92,29.92,29.92,0
MIVG.TO,20230419,28.07,28.07,28.07,28.07,0
MKB.TO,20230419,18.85,18.87,18.81,18.87,21947
MKC.TO,20230419,30.29,30.3,30.29,30.3,1638
MKP.TO,20230419,15.5,15.5,15.21,15.25,15585
MKZ.UN.TO,20230419,0.6,0.6,0.57,0.57,4600
MMP.UN.TO,20230419,2.01,2.01,2,2,4650
MND.TO,20230419,2.52,2.54,2.44,2.48,28300
MNO.TO,20230419,0.59,0.6,0.56,0.56,299864
MNS.TO,20230419,19.16,19.32,19.16,19.3,1420
MNT.TO,20230419,27.18,27.3,27.1,27.15,9694
MNY.TO,20230419,100.27,100.27,100.27,100.27,750
MOGO.TO,20230419,0.93,0.94,0.91,0.94,29551
MPC.TO,20230419,6.77,6.77,6.29,6.77,2100
MPC.C.TO,20230419,6.26,6.26,6.26,6.26,300
MPCT.DB.A.TO,20230419,85.01,85.01,85.01,85.01,0
MPCT.UN.TO,20230419,2.73,2.84,2.67,2.79,124010
MPVD.TO,20230419,0.49,0.49,0.475,0.48,45026
MPY.TO,20230419,9.66,9.66,9.66,9.66,1000
MR.DB.B.TO,20230419,90.01,90.01,90.01,90.01,0
MR.UN.TO,20230419,5.26,5.26,5.21,5.24,2310
MRC.TO,20230419,105.28,106.9,105.28,106.9,1152
MRD.TO,20230419,11.73,11.99,11.73,11.91,1164
MRE.TO,20230419,14.39,14.64,14.27,14.5,212942
MREL.TO,20230419,12.31,12.34,12.31,12.34,1067
MRG.DB.B.TO,20230419,99.9,99.9,99.85,99.85,118000
MRG.UN.TO,20230419,17.02,17.39,17.02,17.39,16444
MRT.DB.A.TO,20230419,94.7,94.7,94.7,94.7,44000
MRT.UN.TO,20230419,5.51,5.54,5.5,5.5,15497
MRU.TO,20230419,75.25,76.33,75.05,75.28,339459
MSA.TO,20230419,0.7,0.7,0.7,0.7,6755
MSV.TO,20230419,0.22,0.22,0.22,0.22,12400
MTAV.TO,20230419,18.55,18.55,18.55,18.55,1203
MTL.TO,20230419,15.06,15.06,14.87,14.96,126395
MTL.DB.TO,20230419,117,117,117,117,0
MTY.TO,20230419,60.5,60.88,60.18,60.64,17252
MUB.TO,20230419,18.26,18.34,18.25,18.34,53145
MULC.TO,20230419,39.37,39.37,39.37,39.37,0
MULC.B.TO,20230419,42.81,42.81,42.81,42.81,100
MUMC.TO,20230419,36.33,36.33,36.27,36.27,200
MUMC.B.TO,20230419,39.44,39.44,39.44,39.44,100
MUS.TO,20230419,32.41,32.76,32.41,32.76,4305
MUSA.TO,20230419,14.23,14.23,14.23,14.23,0
MUX.TO,20230419,12.04,12.16,11.7,11.77,32527
MWD.TO,20230419,27.24,27.24,27.14,27.14,3650
MX.TO,20230419,62.51,63.66,61.96,63.49,105000
MXG.TO,20230419,4,4,4,4,1300
MXU.TO,20230419,21.95,21.95,21.95,21.95,700
NA.TO,20230419,98.67,99.27,98.6,98.86,609280
NA.PR.C.TO,20230419,25.5,25.54,25.46,25.54,11605
NA.PR.E.TO,20230419,20.7,20.95,20.7,20.85,11203
NA.PR.G.TO,20230419,20.99,20.99,20.99,20.99,733
NA.PR.S.TO,20230419,17.4,17.4,17.4,17.4,803
NA.PR.W.TO,20230419,16.58,16.89,16.56,16.89,7300
NALT.TO,20230419,23.88,23.9,23.85,23.9,5892
NANO.TO,20230419,3.15,3.15,3.01,3.09,106570
NCF.TO,20230419,0.04,0.04,0.04,0.04,0
NCP.TO,20230419,0.04,0.045,0.04,0.045,26698
NCU.TO,20230419,0.375,0.38,0.375,0.375,25002
NDM.TO,20230419,0.335,0.345,0.305,0.305,255647
NEO.TO,20230419,9.2,9.2,8.93,9.04,80378
NEXT.TO,20230419,2,2.12,2,2.1,74380
NFAM.TO,20230419,26.95,26.95,26.95,26.95,0
NFI.TO,20230419,7.56,7.72,7.52,7.66,91439
NFI.DB.TO,20230419,82,83,80.51,82,1081000
NG.TO,20230419,7.72,7.78,7.57,7.59,137938
NGD.TO,20230419,1.73,1.75,1.69,1.71,1009907
NGPE.TO,20230419,32.88,32.88,32.88,32.88,100
NGT.TO,20230419,64.65,65.31,64.4,64.95,111347
NHYB.TO,20230419,20.94,20.94,20.79,20.79,300
NINT.TO,20230419,23.35,23.35,23.35,23.35,0
NOA.TO,20230419,24.14,24.93,24.04,24.82,89409
NOA.DB.A.TO,20230419,116.52,118.7,116.52,118.7,150000
NOA.DB.B.TO,20230419,117.5,117.5,117.5,117.5,277000
NOVB.F.TO,20230419,34.68,34.68,34.68,34.68,100
NOVC.TO,20230419,0.68,0.68,0.68,0.68,1300
NPI.TO,20230419,33.38,33.74,33.35,33.65,373804
NPI.PR.A.TO,20230419,15.98,15.98,15.98,15.98,0
NPI.PR.B.TO,20230419,18.19,18.19,18.19,18.19,0
NPK.TO,20230419,2.55,2.6,2.5,2.53,73939
NPRF.TO,20230419,19.7,19.84,19.66,19.84,11698
NREA.TO,20230419,20.08,20.08,20.08,20.08,100
NSCB.TO,20230419,21.9,21.91,21.88,21.91,807
NSCC.TO,20230419,21.34,21.36,21.34,21.36,600
NSCE.TO,20230419,34.77,34.77,34.77,34.77,500
NSGE.TO,20230419,33.56,33.56,33.56,33.56,2800
NSSB.TO,20230419,9.6,9.6,9.57,9.57,1200
NTR.TO,20230419,98.04,98.71,96.76,98.42,631066
NUAG.TO,20230419,3.56,3.58,3.49,3.56,33308
NUBF.TO,20230419,21.3,21.33,21.3,21.33,903
NUMI.TO,20230419,0.19,0.19,0.175,0.18,402204
NUSA.TO,20230419,31.41,31.41,31.41,31.41,0
NVA.TO,20230419,11.62,11.79,11.44,11.77,479254
NVEI.TO,20230419,55.98,57.19,55.76,56.68,222735
NVO.TO,20230419,0.33,0.335,0.325,0.325,47080
NWC.TO,20230419,38.74,39.34,38.67,38.79,155505
NWH.DB.G.TO,20230419,98.25,98.5,97.6,98,312000
NWH.DB.H.TO,20230419,95.99,95.99,92.05,94.8,5347000
NWH.UN.TO,20230419,8.27,8.31,8.19,8.26,727403
NXE.TO,20230419,4.83,4.89,4.78,4.88,992183
NXF.TO,20230419,6,6.01,5.98,6.01,32386
NXF.B.TO,20230419,7.6,7.61,7.6,7.61,5662
NXF.U.TO,20230419,10.95,10.95,10.95,10.95,0
NXR.UN.TO,20230419,9.83,9.83,9.66,9.74,61929
NXTG.TO,20230419,8.81,8.81,8.81,8.81,0
OBE.TO,20230419,9.25,9.43,9.18,9.3,270841
OGC.TO,20230419,3.18,3.23,3.14,3.17,871308
OGD.TO,20230419,0.82,0.82,0.82,0.82,0
OGI.TO,20230419,0.72,0.76,0.71,0.76,262701
OLA.TO,20230419,6.35,6.5,6.31,6.44,727651
OLY.TO,20230419,96,97.77,95.62,95.62,3363
ONC.TO,20230419,1.56,1.56,1.53,1.55,33820
ONEB.TO,20230419,47.59,47.59,47.59,47.59,790
ONEC.TO,20230419,20.37,20.37,20.37,20.37,0
ONEQ.TO,20230419,33.03,33.03,33.03,33.03,0
ONEX.TO,20230419,63.51,64.53,63.51,64.2,161259
OPT.TO,20230419,16.95,16.95,16.95,16.95,0
OR.TO,20230419,21.41,21.68,21.31,21.63,288734
ORA.TO,20230419,11.08,11.11,10.75,10.86,20831
ORE.TO,20230419,1.53,1.61,1.53,1.58,174260
ORV.TO,20230419,0.21,0.21,0.205,0.205,103520
OSK.TO,20230419,4.06,4.12,4.05,4.09,614356
OTEX.TO,20230419,51.62,51.78,51.31,51.36,764953
OVV.TO,20230419,50.01,51.21,49.99,51.07,204314
PAAS.TO,20230419,23.49,23.93,23.39,23.57,965580
PAY.TO,20230419,6.95,7.01,6.92,6.99,146773
PAYF.TO,20230419,18.18,18.18,18.18,18.18,0
PBD.TO,20230419,16.52,16.52,16.52,16.52,0
PBH.TO,20230419,101.09,101.94,100.1,101.75,27047
PBH.DB.G.TO,20230419,96.99,97.49,96.99,97.49,461000
PBH.DB.H.TO,20230419,95.63,95.63,95.63,95.63,24000
PBH.DB.I.TO,20230419,97,97,97,97,4000
PBI.TO,20230419,29.11,29.11,29.11,29.11,0
PBL.TO,20230419,23.14,23.62,22.84,23.62,9516
PBY.UN.TO,20230419,14.2,14.22,14.18,14.19,15800
PCOR.TO,20230419,17.66,17.66,17.66,17.66,0
PD.TO,20230419,67.4,68.97,66.64,68.86,74977
PDC.TO,20230419,31.17,31.34,31.17,31.29,11011
PDF.TO,20230419,31.05,31.05,31.05,31.05,100
PDIV.TO,20230419,10.23,10.34,10.23,10.33,25376
PDV.TO,20230419,5.6,5.6,5.6,5.6,608
PDV.PR.A.TO,20230419,10.29,10.29,10.29,10.29,100
PEA.TO,20230419,0.52,0.53,0.51,0.53,73350
PET.TO,20230419,35.95,36.46,35.68,36.4,83694
PEY.TO,20230419,12.72,12.72,12.45,12.71,746311
PFAA.TO,20230419,10.34,10.34,10.34,10.34,0
PFAE.TO,20230419,15.48,15.48,15.48,15.48,200
PFH.F.TO,20230419,17.41,17.41,17.41,17.41,0
PFIA.TO,20230419,9.72,9.75,9.72,9.74,20899
PFL.TO,20230419,19.73,19.74,19.73,19.74,9883
PFLS.TO,20230419,15.25,15.25,15.25,15.25,1550
PFMN.TO,20230419,13.4,13.4,13.39,13.4,2843
PFMS.TO,20230419,11.88,11.88,11.88,11.88,0
PFSS.TO,20230419,9.02,9.02,9.02,9.02,0
PGI.UN.TO,20230419,7.43,7.44,7.37,7.37,6950
PHE.TO,20230419,29.85,29.85,29.85,29.85,0
PHE.B.TO,20230419,32.2,32.3,32.2,32.3,1800
PHR.TO,20230419,19.64,19.64,19.64,19.64,0
PHX.TO,20230419,6.94,6.94,6.78,6.91,43088
PHYS.TO,20230419,20.79,20.97,20.79,20.94,28708
PHYS.U.TO,20230419,15.68,15.68,15.68,15.68,0
PIC.A.TO,20230419,6.21,6.25,6.18,6.18,11763
PIC.PR.A.TO,20230419,13.41,13.65,13.4,13.65,9200
PID.TO,20230419,20.8,20.85,20.8,20.85,1388
PIF.TO,20230419,13.23,13.6,13.23,13.54,23283
PIN.TO,20230419,17.5,17.5,17.5,17.5,0
PINC.TO,20230419,18.59,18.59,18.59,18.59,0
PIX.UN.TO,20230419,8.38,8.41,8.35,8.37,61713
PKI.TO,20230419,31.42,32.08,31.42,31.91,641736
PLC.TO,20230419,28.15,28.15,27.33,27.77,34686
PLC.DB.TO,20230419,99.75,99.9,98.01,99.9,95700
PLDI.TO,20230419,18.65,18.65,18.65,18.65,400
PLV.TO,20230419,22.52,22.52,22.52,22.52,0
PLZ.UN.TO,20230419,4.21,4.22,4.16,4.21,52229
PMB.UN.TO,20230419,6.91,6.91,6.91,6.91,0
PME.TO,20230419,2.73,2.73,2.57,2.64,2495
PMIF.TO,20230419,17.95,17.95,17.91,17.94,26658
PMIF.U.TO,20230419,18.89,18.92,18.89,18.92,1400
PMM.TO,20230419,19.54,19.66,19.54,19.66,1902
PMNT.TO,20230419,19.16,19.16,19.13,19.13,10400
PMT.TO,20230419,0.61,0.63,0.6,0.63,20000
PMZ.UN.TO,20230419,13.89,13.98,13.73,13.84,154882
PNC.A.TO,20230419,1.45,1.45,1.45,1.45,0
PNC.B.TO,20230419,1.5,1.5,1.5,1.5,200
PNE.TO,20230419,1.3,1.31,1.27,1.29,474785
PNP.TO,20230419,3.77,3.77,3.77,3.77,110
POU.TO,20230419,32.33,32.56,31.98,32.56,191389
POW.TO,20230419,35.3,35.72,35.3,35.66,2110906
POW.PR.A.TO,20230419,22.7,22.7,22.58,22.65,1200
POW.PR.B.TO,20230419,22.1,22.1,22.07,22.08,900
POW.PR.C.TO,20230419,23.78,23.78,23.7,23.7,3497
POW.PR.D.TO,20230419,20.34,20.34,20.34,20.34,1776
POW.PR.G.TO,20230419,22.59,22.6,22.55,22.59,2400
PPL.TO,20230419,44.31,44.69,44.28,44.58,928453
PPL.PF.A.TO,20230419,22.7,23.11,22.7,22.81,3786
PPL.PF.E.TO,20230419,23.95,24.1,23.95,23.96,3765
PPL.PR.A.TO,20230419,17.28,17.28,17.28,17.28,653
PPL.PR.C.TO,20230419,16.41,16.48,16.36,16.48,12119
PPL.PR.E.TO,20230419,17.77,17.77,17.68,17.7,1538
PPL.PR.G.TO,20230419,16.99,16.99,16.99,16.99,0
PPL.PR.I.TO,20230419,19.56,19.74,19.56,19.74,400
PPL.PR.O.TO,20230419,20.71,20.9,20.71,20.9,1900
PPL.PR.Q.TO,20230419,18.11,18.12,17.96,17.97,3151
PPL.PR.S.TO,20230419,21.54,21.54,21.54,21.54,706
PPR.TO,20230419,0.085,0.09,0.085,0.085,392001
PPTA.TO,20230419,6.2,6.31,6.19,6.26,5683
PR.TO,20230419,8.19,8.2,8.16,8.16,2800
PRA.TO,20230419,27.56,27.56,27.56,27.56,150
PRB.TO,20230419,1.73,1.79,1.72,1.77,50641
PRL.TO,20230419,6.6,6.83,6.6,6.75,20873
PRM.TO,20230419,15.39,15.39,15.39,15.39,0
PRM.PR.A.TO,20230419,9.1,9.1,9.1,9.1,0
PRMW.TO,20230419,20.32,20.82,20.31,20.7,72933
PRN.TO,20230419,15.3,16.42,15.3,16.09,32776
PRQ.TO,20230419,1.72,1.76,1.7,1.71,31198
PRU.TO,20230419,2.1,2.11,2.07,2.08,170914
PRV.UN.TO,20230419,5.62,5.63,5.54,5.59,105060
PSA.TO,20230419,50.13,50.14,50.13,50.13,41121
PSB.TO,20230419,16.89,16.89,16.85,16.88,2070
PSD.TO,20230419,1.86,1.9,1.82,1.82,8300
PSI.TO,20230419,11.64,11.74,11.49,11.69,81390
PSK.TO,20230419,20.62,20.98,20.41,20.75,745037
PSLV.TO,20230419,11.47,11.62,11.47,11.57,64247
PSLV.U.TO,20230419,8.61,8.61,8.58,8.61,34988
PSU.U.TO,20230419,100.27,100.27,100.27,100.27,3304
PTI.UN.TO,20230419,7.13,7.15,7.12,7.15,4868
PTM.TO,20230419,2.27,2.3,2.23,2.28,27900
PTO.UN.TO,20230419,7.38,7.42,7.38,7.42,4000
PVS.PR.F.TO,20230419,24.45,24.55,24.45,24.5,3200
PVS.PR.G.TO,20230419,23.51,23.51,23.4,23.4,2100
PVS.PR.H.TO,20230419,23.15,23.3,23.15,23.15,1517
PVS.PR.I.TO,20230419,24,24.01,23.91,23.91,3500
PVS.PR.J.TO,20230419,22.33,22.4,22.32,22.32,2300
PVS.PR.K.TO,20230419,22.3,22.3,22,22,4300
PWF.PF.A.TO,20230419,18.75,18.9,18.75,18.9,3500
PWF.PR.A.TO,20230419,12.7,12.7,12.7,12.7,0
PWF.PR.E.TO,20230419,22.13,22.13,22,22,1213
PWF.PR.F.TO,20230419,21.5,21.51,21.5,21.5,674
PWF.PR.G.TO,20230419,23.6,23.6,23.4,23.42,3000
PWF.PR.H.TO,20230419,23.13,23.13,22.79,22.79,1900
PWF.PR.K.TO,20230419,20.1,20.1,20.09,20.09,2000
PWF.PR.L.TO,20230419,20.8,20.91,20.8,20.91,1000
PWF.PR.O.TO,20230419,23.11,23.11,23.01,23.01,5400
PWF.PR.P.TO,20230419,12.45,12.45,12.45,12.45,300
PWF.PR.Q.TO,20230419,15,15,15,15,1000
PWF.PR.R.TO,20230419,22.04,22.05,21.95,21.95,3000
PWF.PR.S.TO,20230419,19.6,19.6,19.47,19.54,1400
PWF.PR.T.TO,20230419,17.6,17.6,17.27,17.27,9336
PWF.PR.Z.TO,20230419,21.08,21.08,21.08,21.08,0
PWI.TO,20230419,6.93,6.97,6.93,6.95,3063
PWI.PR.A.TO,20230419,9.74,9.74,9.74,9.74,0
PXC.TO,20230419,35.27,35.29,35.26,35.29,303
PXS.TO,20230419,37.25,37.25,37.25,37.25,800
PXT.TO,20230419,27.41,27.64,27.22,27.61,457450
PXU.F.TO,20230419,50.67,50.67,50.67,50.67,0
PYF.TO,20230419,17.48,17.48,17.34,17.35,1100
PYF.U.TO,20230419,19.4,19.4,19.4,19.4,0
PYR.TO,20230419,1.01,1.03,1.01,1.03,37938
PZA.TO,20230419,13.96,13.98,13.87,13.91,23522
PZW.TO,20230419,29.33,29.63,29.33,29.63,247
PZW.F.TO,20230419,21.65,21.65,21.65,21.65,0
QAH.TO,20230419,136.57,136.88,136.57,136.88,500
QBB.TO,20230419,91.29,91.35,91.29,91.35,400
QBR.A.TO,20230419,35,35,35,35,1001
QBR.B.TO,20230419,34.61,35.17,34.61,34.88,486006
QBTC.TO,20230419,41.1,42,41.1,41.39,22888
QBTC.U.TO,20230419,30.87,31.04,30.71,30.71,10326
QBTL.TO,20230419,19.88,19.88,19.76,19.76,1925
QCE.TO,20230419,125.01,125.01,125.01,125.01,0
QCLN.TO,20230419,21.57,21.74,21.57,21.74,300
QCN.TO,20230419,125.81,126.11,125.81,126.11,428
QDX.TO,20230419,105.71,105.71,105.71,105.71,0
QDXB.TO,20230419,86.01,86.01,86.01,86.01,200
QDXH.TO,20230419,114.41,114.41,114.41,114.41,0
QEBH.TO,20230419,76.01,76.04,76.01,76.03,2912
QEBL.TO,20230419,80.42,80.42,80.42,80.42,0
QEC.TO,20230419,0.26,0.26,0.26,0.26,505
QEE.TO,20230419,84.48,84.48,84.48,84.48,100
QETH.U.TO,20230419,33.34,33.34,33.04,33.04,4884
QETH.UN.TO,20230419,43.94,44.7,43.94,44,17608
QHY.TO,20230419,82.27,82.27,82.27,82.27,0
QIE.TO,20230419,28.99,28.99,28.99,28.99,200
QINF.TO,20230419,116.88,117.11,116.88,117.11,200
QQC.TO,20230419,20.82,21.06,20.82,21.05,1333
QQC.F.TO,20230419,105.03,105.79,105.03,105.67,944
QQCC.TO,20230419,10.25,10.29,10.22,10.28,7775
QQCE.TO,20230419,17.55,17.56,17.55,17.56,5000
QQCE.F.TO,20230419,16.01,16.01,16.01,16.01,0
QQEQ.TO,20230419,20.94,20.95,20.9,20.9,1000
QQEQ.F.TO,20230419,18.66,18.66,18.66,18.66,0
QQJE.TO,20230419,15.98,15.98,15.98,15.98,0
QRC.TO,20230419,0.7,0.7,0.7,0.7,0
QRET.TO,20230419,101.11,101.11,101.11,101.11,100
QSB.TO,20230419,95.81,95.81,95.81,95.81,0
QSP.UN.TO,20230419,90.85,92,90.85,92,300
QSR.TO,20230419,92.16,92.64,91.97,92.03,411012
QTRH.TO,20230419,1.45,1.45,1.42,1.43,55350
QTRH.DB.TO,20230419,88.75,88.75,88.75,88.75,0
QUB.TO,20230419,82.61,82.71,82.61,82.71,400
QUIG.TO,20230419,86.7,86.7,86.7,86.7,0
QUS.TO,20230419,41.33,41.33,41.33,41.33,0
QUU.TO,20230419,158.35,159.21,158.35,158.96,9658
QUU.U.TO,20230419,117.45,117.45,117.45,117.45,0
QXM.TO,20230419,26.5,26.5,26.5,26.5,0
RA.UN.TO,20230419,7.83,7.85,7.81,7.85,1500
RATE.TO,20230419,19.88,20,19.88,20,7458
RAY.A.TO,20230419,5.87,5.94,5.85,5.87,17992
RAY.B.TO,20230419,5.52,5.52,5.52,5.52,500
RBA.TO,20230419,79.19,79.19,78.33,78.74,370112
RBN.UN.TO,20230419,7.83,7.85,7.82,7.82,8468
RBNK.TO,20230419,23.47,23.59,23.45,23.58,3120
RBO.TO,20230419,17.81,17.85,17.8,17.82,14900
RBOT.TO,20230419,24.28,24.62,24.28,24.61,1877
RBOT.U.TO,20230419,18.03,18.03,18.03,18.03,0
RBY.TO,20230419,2.2,2.2,2.16,2.17,73509
RCD.TO,20230419,24.97,24.99,24.96,24.98,1930
RCDC.TO,20230419,19.9,19.9,19.9,19.9,0
RCG.TO,20230419,11.99,12,11.94,11.96,2100
RCG.PR.B.TO,20230419,12.75,12.76,12.75,12.75,2100
RCH.TO,20230419,38.01,40.04,38,39.57,84363
RCI.A.TO,20230419,66.67,67.25,66.01,66.01,1250
RCI.B.TO,20230419,65.36,65.5,64.89,65.27,887505
REAL.TO,20230419,4.55,4.73,4.55,4.69,33500
REI.UN.TO,20230419,21.5,21.5,21.28,21.35,424789
RID.TO,20230419,23.44,23.49,23.44,23.49,600
RID.U.TO,20230419,16.99,16.99,16.99,16.99,0
RIDH.TO,20230419,24.87,24.94,24.87,24.94,228
RIFI.TO,20230419,17.75,17.82,17.75,17.82,4150
RIIN.TO,20230419,19.36,19.36,19.36,19.36,0
RIRA.TO,20230419,17.66,17.68,17.66,17.68,1700
RIT.TO,20230419,16.55,16.56,16.46,16.54,18099
RLB.TO,20230419,17.99,17.99,17.98,17.98,9000
ROOT.TO,20230419,2.98,3.1,2.98,3.06,10308
RPD.TO,20230419,22.94,22.94,22.94,22.94,200
RPDH.TO,20230419,23.66,23.66,23.66,23.66,0
RPF.TO,20230419,18.3,18.4,18.27,18.4,3885
RPI.UN.TO,20230419,40.68,40.99,40,40,2147
RPSB.TO,20230419,19.45,19.45,19.45,19.45,0
RQL.TO,20230419,19.87,19.87,19.85,19.87,11109
RQN.TO,20230419,19.72,19.75,19.72,19.75,1576
RQO.TO,20230419,17.74,17.76,17.73,17.76,10023
RQP.TO,20230419,17.43,17.44,17.43,17.44,8119
RQQ.TO,20230419,20.85,20.88,20.85,20.88,7440
RQR.TO,20230419,20.91,20.91,20.9,20.91,1000
RS.TO,20230419,14.83,14.94,14.62,14.94,13880
RS.PR.A.TO,20230419,9.65,9.65,9.65,9.65,0
RSI.TO,20230419,6.13,6.25,6.13,6.18,250560
RSI.DB.E.TO,20230419,98,98,98,98,0
RSI.DB.F.TO,20230419,97.25,97.69,97.25,97.5,66000
RUBH.TO,20230419,14.58,14.58,14.58,14.58,0
RUBY.TO,20230419,17.01,17.01,17.01,17.01,1200
RUBY.U.TO,20230419,12.2,12.2,12.2,12.2,0
RUD.TO,20230419,48.95,48.95,48.95,48.95,130
RUD.U.TO,20230419,36.53,36.53,36.53,36.53,200
RUDC.TO,20230419,19.87,19.87,19.87,19.87,0
RUDH.TO,20230419,35.2,35.2,35.18,35.18,2200
RUP.TO,20230419,4.49,4.49,4.43,4.45,10499
RUS.TO,20230419,33.24,33.51,32.95,33.48,146544
RUSB.TO,20230419,20.18,20.18,20.18,20.18,0
RUSB.U.TO,20230419,14.95,14.95,14.95,14.95,0
RVX.TO,20230419,0.165,0.17,0.16,0.17,462476
RXD.TO,20230419,18.63,18.63,18.63,18.63,0
RY.TO,20230419,134.18,134.88,133.9,134.69,4391857
RY.PR.H.TO,20230419,17.55,17.55,17.45,17.47,3749
RY.PR.J.TO,20230419,18.5,18.74,18.45,18.65,2804
RY.PR.M.TO,20230419,17.78,18.14,17.78,18.14,4275
RY.PR.N.TO,20230419,22.45,22.5,22.27,22.27,1000
RY.PR.O.TO,20230419,22.45,22.5,22.05,22.05,11296
RY.PR.S.TO,20230419,20.29,20.38,20.26,20.38,5181
S.TO,20230419,0.6,0.61,0.59,0.61,171748
SAM.TO,20230419,0.175,0.175,0.175,0.175,9500
SAP.TO,20230419,35.36,35.7,35.26,35.6,424687
SAU.TO,20230419,0.055,0.055,0.055,0.055,3000
SBC.TO,20230419,10.78,10.78,10.71,10.74,37583
SBC.PR.A.TO,20230419,9.69,9.74,9.68,9.74,109150
SBI.TO,20230419,0.51,0.52,0.51,0.52,3500
SBN.TO,20230419,2.76,2.76,2.76,2.76,0
SBN.PR.A.TO,20230419,9,9,9,9,0
SBT.TO,20230419,13.45,13.45,13.45,13.45,0
SBT.B.TO,20230419,18.06,18.06,18.06,18.06,0
SCY.TO,20230419,0.055,0.055,0.055,0.055,59500
SDE.TO,20230419,14.65,14.84,14.36,14.82,535770
SEA.TO,20230419,17.47,17.8,17.47,17.55,39047
SES.TO,20230419,6.72,6.88,6.65,6.86,435420
SFC.TO,20230419,5.18,5.3,5.12,5.12,19152
SFD.TO,20230419,0.185,0.185,0.185,0.185,1500
SFI.TO,20230419,0.35,0.35,0.345,0.345,11000
SFTC.TO,20230419,18.53,19.16,18.5,19.16,21494
SGLD.TO,20230419,0.175,0.175,0.165,0.165,18380
SGNL.TO,20230419,0.34,0.34,0.34,0.34,0
SGR.U.TO,20230419,9.95,9.95,9.95,9.95,1009
SGR.UN.TO,20230419,13.35,13.48,13.28,13.39,66269
SGY.TO,20230419,9.26,9.26,9.05,9.18,427650
SHLE.TO,20230419,3.11,3.89,3.11,3.77,36382
SHOP.TO,20230419,65.01,66.42,64.9,66.01,2967731
SIA.TO,20230419,10.95,10.98,10.84,10.98,147570
SIH.UN.TO,20230419,9.88,9.88,9.81,9.88,6500
SII.TO,20230419,48.25,49.64,47.67,49.17,91589
SIL.TO,20230419,9,9.21,8.96,9.09,358871
SIS.TO,20230419,15.89,16.23,15.7,16.23,57604
SJ.TO,20230419,52.18,53.2,52.07,53.01,147834
SKE.TO,20230419,9.03,9.25,8.91,9.04,240847
SKYY.TO,20230419,15.35,15.35,15.35,15.35,0
SLF.TO,20230419,64.82,65.32,64.81,65.14,1259837
SLF.PR.C.TO,20230419,19.15,19.15,19.01,19.01,1600
SLF.PR.D.TO,20230419,18.88,18.89,18.87,18.88,3856
SLF.PR.E.TO,20230419,19.2,19.2,19.2,19.2,0
SLF.PR.G.TO,20230419,12.5,12.78,12.47,12.78,1000
SLF.PR.H.TO,20230419,15.15,15.15,15.15,15.15,6362
SLF.PR.J.TO,20230419,14.65,14.65,14.65,14.65,700
SLF.PR.K.TO,20230419,19,19,19,19,0
SLR.TO,20230419,0.87,0.88,0.87,0.88,2648
SLS.TO,20230419,7.3,7.38,7.21,7.3,212875
SMC.TO,20230419,0.065,0.065,0.05,0.06,1437003
SMT.TO,20230419,0.39,0.395,0.39,0.395,1000
SOLG.TO,20230419,0.33,0.34,0.33,0.34,62545
SOT.DB.TO,20230419,92.02,92.02,92.02,92.02,0
SOT.DB.A.TO,20230419,77.99,77.99,77.99,77.99,0
SOT.DB.B.TO,20230419,83.01,83.01,80.5,80.5,140000
SOT.UN.TO,20230419,2.15,2.17,2.11,2.13,460124
SOY.TO,20230419,11.2,11.23,11.01,11.16,37851
SPB.TO,20230419,10.88,10.96,10.82,10.86,368258
SPPP.TO,20230419,17.64,17.91,17.55,17.78,1993
SPPP.U.TO,20230419,13.66,13.66,13.66,13.66,0
SRU.UN.TO,20230419,26.5,26.51,26.24,26.33,284563
SRV.UN.TO,20230419,17.27,17.3,17.2,17.25,3290
SSF.UN.TO,20230419,6.51,6.52,6.51,6.52,6100
SSL.TO,20230419,7.75,7.92,7.71,7.87,617952
SSRM.TO,20230419,20.18,20.7,20.13,20.48,350334
STC.TO,20230419,5.09,5.12,4.91,5.09,22125
STCK.TO,20230419,6.5,6.5,6.5,6.5,300
STCK.WT.TO,20230419,0.025,0.025,0.025,0.025,0
STEP.TO,20230419,3.43,3.43,3.33,3.39,80368
STGO.TO,20230419,1.08,1.09,1.06,1.07,32916
STLC.TO,20230419,50.5,50.53,49.38,49.75,172752
STN.TO,20230419,79.19,80.02,79.19,79.57,235137
STPL.TO,20230419,24.46,24.58,24.46,24.58,5615
SU.TO,20230419,41.92,42,41.32,41.55,6939077
SVA.TO,20230419,0.83,0.83,0.82,0.83,26500
SVB.TO,20230419,0.215,0.215,0.205,0.205,10000
SVI.TO,20230419,5.98,6.08,5.94,6.08,213253
SVI.DB.TO,20230419,98,98,98,98,0
SVI.DB.B.TO,20230419,96.25,96.25,96.25,96.25,0
SVI.DB.C.TO,20230419,97.16,97.16,97.16,97.16,0
SVM.TO,20230419,5.06,5.13,5.02,5.04,196425
SVR.TO,20230419,12.38,12.5,12.38,12.43,13627
SVR.C.TO,20230419,12.86,12.86,12.86,12.86,0
SWP.TO,20230419,3.02,3.02,2.86,2.86,2561
SXI.TO,20230419,1.94,1.94,1.94,1.94,0
SXP.TO,20230419,6.07,6.07,5.97,6,20604
SYLD.TO,20230419,17.95,17.97,17.9,17.9,1764
SYZ.TO,20230419,5.99,6.06,5.99,6,54627
T.TO,20230419,28.3,28.57,28.3,28.5,1535077
TA.TO,20230419,12,12.07,11.94,11.97,300880
TA.PR.D.TO,20230419,12.67,12.75,12.67,12.7,8604
TA.PR.E.TO,20230419,15.45,15.45,15.45,15.45,166
TA.PR.F.TO,20230419,18.75,18.95,18.61,18.95,5000
TA.PR.G.TO,20230419,20.5,20.5,20.5,20.5,0
TA.PR.H.TO,20230419,21.65,21.65,21.55,21.65,4700
TA.PR.J.TO,20230419,20.2,20.2,20.08,20.08,2500
TAIG.TO,20230419,1.34,1.38,1.27,1.27,38554
TAIG.WT.TO,20230419,0.105,0.105,0.105,0.105,0
TAL.TO,20230419,0.8,0.8,0.78,0.78,284713
TBL.TO,20230419,2.7,2.7,2.7,2.7,0
TC.TO,20230419,27.35,28.47,26.98,27.57,27022
TCBN.TO,20230419,51.63,51.63,51.63,51.63,0
TCL.A.TO,20230419,14.29,14.33,14.18,14.27,96787
TCL.B.TO,20230419,13.02,14.25,13.02,14.25,606
TCLB.TO,20230419,121.36,121.73,121.1,121.73,4200
TCLV.TO,20230419,20.09,20.13,20.08,20.1,1500
TCS.TO,20230419,26.64,27.03,26.64,26.75,25206
TCSB.TO,20230419,14.37,14.37,14.34,14.37,10400
TCW.TO,20230419,3.14,3.18,3.11,3.17,551706
TD.TO,20230419,83.03,83.83,83.02,83.53,5941710
TD.PF.A.TO,20230419,17.17,17.23,17.16,17.17,2025
TD.PF.B.TO,20230419,17.19,17.32,17.19,17.32,14450
TD.PF.C.TO,20230419,17.08,17.1,17.05,17.1,5179
TD.PF.D.TO,20230419,18.57,18.57,18.57,18.57,355
TD.PF.E.TO,20230419,18.65,18.7,18.62,18.62,1534
TD.PF.I.TO,20230419,25,25,24.95,25,14270
TD.PF.J.TO,20230419,22.25,22.78,22.25,22.78,11600
TD.PF.M.TO,20230419,23.89,24,23.86,23.99,4200
TDB.TO,20230419,13.05,13.05,13.02,13.05,10670
TDOC.TO,20230419,17.71,17.71,17.7,17.71,1500
TDOC.U.TO,20230419,13.09,13.09,13.09,13.09,1000
TEC.TO,20230419,24.7,24.91,24.65,24.85,15688
TEC.U.TO,20230419,18.47,18.47,18.47,18.47,700
TECH.TO,20230419,8.78,8.87,8.78,8.86,10294
TECH.B.TO,20230419,9.92,9.92,9.92,9.92,0
TECH.U.TO,20230419,8.98,8.98,8.98,8.98,0
TECI.TO,20230419,6.21,6.21,6.21,6.21,100
TECK.A.TO,20230419,99.8,101.74,99.59,101.74,3902
TECK.B.TO,20230419,64,65.24,63.95,64.21,1933444
TERM.TO,20230419,9.12,9.13,9.12,9.12,9950
TF.TO,20230419,8.2,8.2,8.11,8.18,83338
TF.DB.C.TO,20230419,98.98,98.98,98.98,98.98,0
TF.DB.D.TO,20230419,88.01,88.01,88.01,88.01,0
TF.DB.E.TO,20230419,87.6,87.6,86.1,86.1,150000
TFII.TO,20230419,158.24,159.64,156.87,159.03,132791
TFPM.TO,20230419,22.39,22.39,21.72,21.89,74345
TGED.TO,20230419,18.52,18.63,18.52,18.63,2912
TGED.U.TO,20230419,13.8,13.8,13.8,13.8,900
TGFI.TO,20230419,20.54,20.54,20.54,20.54,400
TGGR.TO,20230419,20.51,20.51,20.51,20.51,1100
TGO.TO,20230419,3.34,3.34,3.3,3.3,5100
TGRE.TO,20230419,13.52,13.52,13.52,13.52,606
TH.TO,20230419,1.26,1.32,1.26,1.27,2301
The.TO,20230419,21.97,21.97,21.97,21.97,200
THNC.TO,20230419,2.2,2.21,2.08,2.21,7000
THU.TO,20230419,27.84,27.91,27.84,27.91,600
TI.TO,20230419,0.55,0.55,0.55,0.55,1025
TIH.TO,20230419,105.74,108.42,105.74,108.01,159020
TILV.TO,20230419,15.08,15.08,15.08,15.08,0
TINF.TO,20230419,18.42,18.59,18.41,18.53,5500
TIPS.TO,20230419,30.4,30.4,30.4,30.4,0
TIPS.F.TO,20230419,29.63,29.63,29.63,29.63,0
TIPS.U.TO,20230419,29.7,29.7,29.7,29.7,0
TIXT.TO,20230419,27.37,27.7,27.13,27.54,71602
TKO.TO,20230419,2.35,2.36,2.31,2.36,278189
TLF.TO,20230419,17.43,17.43,17.4,17.41,1210
TLG.TO,20230419,0.75,0.78,0.74,0.74,277752
TLO.TO,20230419,0.325,0.33,0.325,0.325,339877
TLRY.TO,20230419,3.3,3.31,3.22,3.25,399070
TLV.TO,20230419,29.45,29.46,29.44,29.46,7300
TMCC.TO,20230419,9.14,9.14,9.14,9.14,0
TMD.TO,20230419,0.18,0.23,0.18,0.2,202040
TMEC.TO,20230419,17.9,17.98,17.9,17.98,463
TMEI.TO,20230419,15.51,15.51,15.51,15.51,100
TMEU.TO,20230419,17.3,17.3,17.3,17.3,0
TML.TO,20230419,0.335,0.34,0.315,0.315,113040
TMQ.TO,20230419,0.77,0.81,0.77,0.8,3747
TNT.UN.TO,20230419,3.42,3.42,3.34,3.38,202381
TNZ.TO,20230419,2.03,2.16,2.03,2.07,80600
TOT.TO,20230419,8.36,8.36,8.1,8.25,56257
TOU.TO,20230419,60.66,60.85,60.02,60.6,2203491
TOWR.TO,20230419,26.55,26.55,26.55,26.55,4400
TOY.TO,20230419,34.22,34.57,34.1,34.18,48112
TPAY.TO,20230419,21.49,21.49,21.49,21.49,3800
TPE.TO,20230419,19.71,19.91,19.71,19.89,3012
TPRF.TO,20230419,9.16,9.19,9.14,9.15,2050
TPU.TO,20230419,31.17,31.35,31.1,31.31,10827
TPU.U.TO,20230419,23.48,23.48,23.48,23.48,900
TPX.B.TO,20230419,77,77,77,77,592
TPZ.TO,20230419,19.16,19.35,19,19.32,211595
TQCD.TO,20230419,15.86,15.92,15.86,15.92,6590
TQGD.TO,20230419,16.11,16.22,16.1,16.22,6205
TQGM.TO,20230419,15.61,15.61,15.61,15.61,200
TQSM.TO,20230419,18.1,18.22,18.1,18.22,6800
TRI.TO,20230419,174.68,175.78,174.68,175.11,201683
TRI.PR.B.TO,20230419,13.49,13.5,13.49,13.5,300
TRP.TO,20230419,55.66,56.24,55.61,56.04,3270949
TRP.PR.A.TO,20230419,13.75,14.06,13.75,14.06,4250
TRP.PR.B.TO,20230419,10.76,10.8,10.65,10.65,11323
TRP.PR.C.TO,20230419,11.51,11.63,11.5,11.52,5702
TRP.PR.D.TO,20230419,15.73,15.91,15.73,15.91,600
TRP.PR.E.TO,20230419,15.47,15.5,15.4,15.5,608
TRP.PR.F.TO,20230419,14.93,14.98,14.89,14.95,8200
TRP.PR.G.TO,20230419,16.73,16.92,16.53,16.53,15344
TRP.PR.H.TO,20230419,13.21,13.21,13.2,13.2,300
TRP.PR.I.TO,20230419,14.57,14.57,14.57,14.57,0
TRVI.TO,20230419,19.1,19.23,19.1,19.23,10261
TRVL.TO,20230419,20.1,20.31,20,20.23,9701
TRVL.U.TO,20230419,18.94,18.94,18.94,18.94,800
TRZ.TO,20230419,3.2,3.24,3.18,3.2,11940
TSAT.TO,20230419,12,12,12,12,0
TSK.TO,20230419,0.14,0.14,0.135,0.135,156500
TSL.TO,20230419,3.12,3.13,3.12,3.13,3200
TSU.TO,20230419,31.57,32.31,31.57,32.29,95939
TTNM.TO,20230419,3.33,3.33,3.22,3.28,43558
TTP.TO,20230419,23.41,23.53,23.41,23.5,8970
TUED.TO,20230419,18.81,19.07,18.81,19.07,1600
TUED.U.TO,20230419,14.13,14.13,14.13,14.13,900
TUHY.TO,20230419,20.75,20.75,20.75,20.75,2100
TULB.TO,20230419,122.57,123.37,122.57,123.37,500
TULV.TO,20230419,18.89,18.89,18.89,18.89,10900
TUSB.TO,20230419,13.62,13.62,13.62,13.62,0
TUSB.U.TO,20230419,9.92,9.92,9.92,9.92,0
TVA.B.TO,20230419,1.98,1.98,1.95,1.97,1400
TVE.TO,20230419,3.99,4.03,3.95,4.01,3483723
TVK.TO,20230419,27.35,27.35,27.08,27.23,5158
TWC.TO,20230419,18.48,18.48,18.48,18.48,100
TWM.TO,20230419,0.87,0.87,0.85,0.86,395135
TWM.DB.TO,20230419,94,94,94,94,5000
TXF.TO,20230419,15.22,15.25,15.18,15.24,17479
TXF.B.TO,20230419,18.48,18.48,18.48,18.48,100
TXF.U.TO,20230419,7.97,7.97,7.97,7.97,0
TXG.TO,20230419,21.9,22.2,21.6,22.07,375157
TXP.TO,20230419,1.13,1.14,1.09,1.11,35325
TXT.PR.A.TO,20230419,11.5,11.5,11.5,11.5,100
TXT.UN.TO,20230419,2.75,2.75,2.75,2.75,0
U.U.TO,20230419,11.05,11.2,11.01,11.2,6201
U.UN.TO,20230419,14.93,15.08,14.8,15.08,185147
UBIL.U.TO,20230419,50.04,50.05,50.04,50.04,5034
UDA.TO,20230419,13.49,13.49,13.49,13.49,0
UDIV.TO,20230419,12.13,12.14,12.13,12.14,2101
UDIV.B.TO,20230419,12.47,12.53,12.47,12.53,3700
UDIV.U.TO,20230419,10.38,10.38,10.38,10.38,2710
ULV.C.TO,20230419,31.18,31.18,31.17,31.17,300
ULV.F.TO,20230419,46.45,46.53,46.45,46.53,1805
UMI.TO,20230419,27.84,28.03,27.84,28.03,2935
UMI.B.TO,20230419,32.06,32.06,32.06,32.06,0
UNC.TO,20230419,102.5,102.5,102.5,102.5,447
UNI.TO,20230419,1.98,1.98,1.98,1.98,0
URB.TO,20230419,4.04,4.05,4.04,4.05,2200
URB.A.TO,20230419,3.78,3.84,3.77,3.77,1400
URE.TO,20230419,1.25,1.25,1.2,1.25,17295
USA.TO,20230419,0.75,0.78,0.75,0.75,199796
USCC.TO,20230419,16.8,16.8,16.8,16.8,0
USCC.U.TO,20230419,12.57,12.57,12.57,12.57,0
UTIL.TO,20230419,23.17,23.17,23.17,23.17,0
VA.TO,20230419,34.69,34.69,34.69,34.69,0
VAB.TO,20230419,22.64,22.67,22.61,22.67,120183
VALT.TO,20230419,24.99,24.99,24.99,24.99,176
VALT.B.TO,20230419,26.78,26.78,26.78,26.78,3001
VALT.U.TO,20230419,20,20,20,20,0
VBAL.TO,20230419,28.05,28.18,28.05,28.15,35597
VBNK.TO,20230419,10.24,10.24,10.22,10.22,1597
VBNK.PR.A.TO,20230419,9.75,9.75,9.75,9.75,800
VCB.TO,20230419,23.01,23.01,22.98,22.98,6661
VCE.TO,20230419,44.83,45.05,44.83,45.04,9197
VCIP.TO,20230419,24.55,24.64,24.55,24.63,12302
VCM.TO,20230419,23,23.02,22.91,22.91,47484
VCN.TO,20230419,41.7,41.91,41.7,41.88,36572
VCNS.TO,20230419,26.26,26.26,26.18,26.24,17063
VDU.TO,20230419,39.03,39.14,39.03,39.11,3552
VDY.TO,20230419,42.85,43.05,42.8,43.01,62485
VE.TO,20230419,32.57,32.75,32.57,32.75,1253
VEE.TO,20230419,32.52,32.67,32.51,32.63,11656
VEF.TO,20230419,48.97,49.03,48.97,49.03,430
VEQT.TO,20230419,34.39,34.57,34.37,34.54,68534
VET.TO,20230419,18.15,18.22,17.86,18.17,1169837
VFV.TO,20230419,98.48,99.31,98.48,99.15,172327
VGCX.TO,20230419,10.39,10.48,10.2,10.29,214775
VGG.TO,20230419,71.45,71.84,71.45,71.75,3777
VGH.TO,20230419,51.67,51.87,51.67,51.77,3795
VGRO.TO,20230419,30.02,30.14,30,30.14,81232
VGV.TO,20230419,22.27,22.29,22.27,22.29,2379
VGZ.TO,20230419,0.82,0.82,0.82,0.82,3000
VHI.TO,20230419,2.55,2.55,2.54,2.55,8900
VI.TO,20230419,34.16,34.32,34.16,34.32,851
VIDY.TO,20230419,27.36,27.47,27.36,27.46,7465
VIU.TO,20230419,30.95,31.15,30.95,31.14,25313
VLB.TO,20230419,21.4,21.45,21.33,21.45,20801
VLE.TO,20230419,3.08,3.08,2.85,2.87,1286508
VLN.TO,20230419,12.65,12.7,12.65,12.66,7404
VMO.TO,20230419,44.23,44.25,44.23,44.25,658
VNP.TO,20230419,3.3,3.45,3.29,3.38,126150
VPH.TO,20230419,0.455,0.46,0.45,0.455,24154
VQS.TO,20230419,0.455,0.46,0.45,0.45,27694
VRE.TO,20230419,30.2,30.3,30.1,30.29,9901
VRIF.TO,20230419,23.5,23.52,23.49,23.52,3131
VSB.TO,20230419,22.46,22.46,22.44,22.46,19813
VSC.TO,20230419,22.89,22.89,22.84,22.88,18116
VSP.TO,20230419,68.18,68.53,68.11,68.51,20859
VUN.TO,20230419,74.8,75.49,74.8,75.27,32011
VUS.TO,20230419,74,74.38,74,74.36,4065
VVL.TO,20230419,40.75,41.16,40.75,41.15,8998
VVO.TO,20230419,32.7,32.7,32.64,32.64,1500
VXC.TO,20230419,47.38,47.67,47.38,47.64,6316
VXM.TO,20230419,27.1,27.1,27.1,27.1,675
VXM.B.TO,20230419,26.2,26.2,26.2,26.2,0
WCN.TO,20230419,192.01,193.31,191.73,192.39,250054
WCP.TO,20230419,10.85,10.97,10.75,10.94,969441
WDO.TO,20230419,8.36,8.52,8.32,8.47,325532
WEED.TO,20230419,1.91,1.94,1.89,1.92,482312
WEF.TO,20230419,1.08,1.1,1.07,1.1,154310
WELL.TO,20230419,5.25,5.42,5.17,5.4,953358
WELL.DB.TO,20230419,91,91,91,91,0
WFC.TO,20230419,17.8,17.8,17.8,17.8,100
WFG.TO,20230419,102.53,103.09,101.34,102.81,124601
WFS.PR.A.TO,20230419,8.95,8.95,8.95,8.95,1300
WILD.TO,20230419,2.17,2.18,2.05,2.05,19005
WILD.DB.TO,20230419,94.99,94.99,94.99,94.99,0
WJX.TO,20230419,23.7,24.03,23.6,23.98,12632
WJX.DB.TO,20230419,100.02,100.02,100.02,100.02,25000
WLLW.TO,20230419,0.14,0.175,0.14,0.145,835558
WM.TO,20230419,0.165,0.175,0.165,0.165,214095
WN.TO,20230419,176.09,178.6,176.09,177.23,128926
WN.PR.A.TO,20230419,23.66,23.66,23.66,23.66,141
WN.PR.C.TO,20230419,21.21,21.25,21.07,21.07,2455
WN.PR.D.TO,20230419,21.16,21.17,21.04,21.07,3736
WN.PR.E.TO,20230419,19.45,19.54,19.45,19.54,1146
WNDR.TO,20230419,0.195,0.2,0.195,0.195,47438
WOMN.TO,20230419,28.31,28.31,28.31,28.31,800
WPK.TO,20230419,41.5,42.03,41.27,42.03,38654
WPM.TO,20230419,65.8,66.92,65.61,66.17,666681
WPRT.TO,20230419,0.98,1.05,0.98,1.04,86691
WRG.TO,20230419,2.62,2.62,2.62,2.62,0
WRN.TO,20230419,2.55,2.55,2.51,2.54,44429
WRX.TO,20230419,0.245,0.26,0.245,0.26,7100
WSP.TO,20230419,174.82,178.1,174.82,177.18,157985
WSRD.TO,20230419,27.37,27.37,27.37,27.37,18313
WSRI.TO,20230419,34.77,34.77,34.77,34.77,0
WTE.TO,20230419,28.07,28.58,27.82,28.44,82766
WXM.TO,20230419,24.93,24.93,24.91,24.93,3030
X.TO,20230419,135.33,137.58,134.08,136.86,78821
XAGG.TO,20230419,36.56,36.56,36.56,36.56,500
XAGG.U.TO,20230419,27.04,27.04,27.04,27.04,500
XAGH.TO,20230419,34,34.02,34,34.02,300
XAM.TO,20230419,0.045,0.045,0.04,0.04,276156
XAU.TO,20230419,2.08,2.18,2.08,2.12,26519
XAW.TO,20230419,33.13,33.39,33.13,33.34,14608
XAW.U.TO,20230419,25.15,25.15,25.15,25.15,0
XBAL.TO,20230419,25.43,25.56,25.43,25.53,68604
XBB.TO,20230419,27.73,27.74,27.68,27.72,61600
XBM.TO,20230419,21.1,21.26,21.1,21.17,14972
XCB.TO,20230419,19.18,19.24,19.18,19.18,100221
XCBG.TO,20230419,35.88,35.88,35.88,35.88,0
XCD.TO,20230419,45.63,45.63,45.63,45.63,0
XCG.TO,20230419,43.95,44.31,43.95,44.3,2863
XCH.TO,20230419,18.58,18.66,18.58,18.65,3238
XCLN.TO,20230419,44.04,44.04,44.04,44.04,0
XCNS.TO,20230419,20.8,20.84,20.78,20.84,4288
XCS.TO,20230419,18.42,18.47,18.39,18.46,57154
XCSR.TO,20230419,59.29,59.29,59.29,59.29,175
XCV.TO,20230419,33.12,33.29,33.12,33.26,2100
XDG.TO,20230419,23.34,23.38,23.34,23.38,917
XDG.U.TO,20230419,17.45,17.45,17.45,17.45,200
XDGH.TO,20230419,23.88,23.91,23.88,23.91,222
XDIV.TO,20230419,25.61,25.72,25.6,25.71,14950
XDNA.TO,20230419,32.62,32.62,32.62,32.62,0
XDRV.TO,20230419,37.84,37.84,37.84,37.84,0
XDSR.TO,20230419,50.87,50.87,50.87,50.87,0
XDU.TO,20230419,26.11,26.17,26.11,26.16,2029
XDU.U.TO,20230419,19.52,19.52,19.42,19.47,6600
XDUH.TO,20230419,24.41,24.41,24.41,24.41,253
XDV.TO,20230419,28.63,28.8,28.63,28.78,20803
XEB.TO,20230419,15.19,15.19,15.15,15.16,2102
XEC.TO,20230419,25.08,25.19,25.07,25.19,5281
XEC.U.TO,20230419,19.58,19.58,19.58,19.58,0
XEF.TO,20230419,34.01,34.15,33.98,34.12,34460
XEF.U.TO,20230419,25.4,25.4,25.4,25.4,0
XEG.TO,20230419,15.39,15.45,15.3,15.45,1353417
XEH.TO,20230419,30.18,30.2,30.16,30.17,1509
XEI.TO,20230419,25.76,25.86,25.74,25.84,29125
XEM.TO,20230419,29.31,29.31,29.31,29.31,544
XEMC.TO,20230419,40.02,40.02,40.02,40.02,0
XEN.TO,20230419,31.43,31.43,31.43,31.43,271
XEQT.TO,20230419,25.79,25.96,25.79,25.94,41897
XESG.TO,20230419,25.11,25.16,25.11,25.15,3956
XEU.TO,20230419,27.81,27.81,27.75,27.75,2445
XEXP.TO,20230419,42.01,42.01,42.01,42.01,0
XFH.TO,20230419,27.85,27.96,27.85,27.96,1878
XFLB.TO,20230419,49.69,49.69,49.69,49.69,0
XFN.TO,20230419,45.53,45.88,45.53,45.87,106019
XFR.TO,20230419,20.14,20.16,20.14,20.15,7269
XGB.TO,20230419,19.18,19.19,19.14,19.19,64979
XGD.TO,20230419,19.95,20.17,19.85,20.05,319133
XGI.TO,20230419,42.2,42.2,42.17,42.17,825
XGRO.TO,20230419,24.31,24.45,24.31,24.43,27258
XHAK.TO,20230419,36.21,36.21,36.21,36.21,0
XHB.TO,20230419,18.62,18.64,18.62,18.64,2921
XHC.TO,20230419,67.72,67.98,67.72,67.95,1561
XHD.TO,20230419,31.28,31.31,31.25,31.25,1402
XHU.TO,20230419,28.56,28.67,28.56,28.65,2818
XHY.TO,20230419,16.12,16.12,15.94,15.94,9793
XIC.TO,20230419,32.71,32.92,32.71,32.89,129722
XID.TO,20230419,42.52,42.52,42.52,42.52,162
XIG.TO,20230419,20.31,20.33,20.29,20.31,2213
XIGS.TO,20230419,36.73,36.73,36.73,36.73,0
XIN.TO,20230419,31.55,31.69,31.55,31.69,8075
XINC.TO,20230419,19.07,19.07,19.07,19.07,147
XIT.TO,20230419,41.29,41.29,41.16,41.16,3811
XIU.TO,20230419,31.49,31.62,31.48,31.6,2123351
XLB.TO,20230419,19.58,19.6,19.5,19.59,27495
XLVE.TO,20230419,9.78,9.78,9.78,9.78,0
XLY.TO,20230419,0.015,0.015,0.015,0.015,239713
XMA.TO,20230419,20.44,20.6,20.36,20.48,3750
XMC.TO,20230419,25.65,25.83,25.65,25.82,810
XMC.U.TO,20230419,19.38,19.64,19.38,19.64,325
XMD.TO,20230419,31.05,31.17,31.05,31.09,3431
XMF.PR.B.TO,20230419,4.91,4.91,4.91,4.91,0
XMF.PR.C.TO,20230419,1.15,1.15,1.15,1.15,0
XMH.TO,20230419,22.82,22.96,22.8,22.94,13665
XMI.TO,20230419,35.58,35.58,35.58,35.58,0
XML.TO,20230419,24.59,24.59,24.59,24.59,600
XMM.TO,20230419,26.71,26.71,26.71,26.71,137
XMS.TO,20230419,31.16,31.25,31.16,31.16,1450
XMTM.TO,20230419,23.52,23.52,23.52,23.52,0
XMU.TO,20230419,66.93,66.96,66.85,66.85,1721
XMV.TO,20230419,38.94,38.96,38.93,38.94,1115
XMW.TO,20230419,46.94,46.95,46.84,46.91,1300
XMY.TO,20230419,27.09,27.09,27.09,27.09,0
XPF.TO,20230419,14.1,14.2,14.1,14.2,3095
XQB.TO,20230419,18.55,18.59,18.55,18.55,4600
XQLT.TO,20230419,27.4,27.4,27.4,27.4,0
XQQ.TO,20230419,99.87,100.83,99.83,100.56,36500
XRB.TO,20230419,22.5,22.52,22.46,22.5,5659
XRE.TO,20230419,17.09,17.17,17.06,17.16,150053
XSAB.TO,20230419,17.81,17.81,17.8,17.8,1143
XSB.TO,20230419,25.87,25.87,25.83,25.85,67738
XSC.TO,20230419,17.58,17.58,17.58,17.58,150
XSE.TO,20230419,17.77,17.77,17.77,17.77,1606
XSEA.TO,20230419,23.44,23.44,23.39,23.39,1551
XSEM.TO,20230419,18.21,18.32,18.21,18.32,15935
XSH.TO,20230419,18.06,18.06,18.04,18.04,11461
XSHG.TO,20230419,37.16,37.16,37.16,37.16,0
XSHU.TO,20230419,40.08,40.08,40.08,40.08,0
XSHU.U.TO,20230419,29.52,29.52,29.52,29.52,0
XSI.TO,20230419,16.66,16.66,16.66,16.66,1600
XSMC.TO,20230419,25.68,25.86,25.68,25.86,2900
XSMH.TO,20230419,24.04,24.22,23.97,24.13,1120
XSP.TO,20230419,43.86,44.12,43.85,44.04,171394
XST.TO,20230419,88.24,89.28,88.24,88.81,9962
XSTB.TO,20230419,18.93,18.94,18.93,18.94,6519
XSTH.TO,20230419,37.09,37.1,37.09,37.1,1117
XSTP.TO,20230419,40.23,40.25,40.19,40.25,1259
XSTP.U.TO,20230419,29.82,29.82,29.82,29.82,0
XSU.TO,20230419,35.11,35.46,35.05,35.33,20004
XSUS.TO,20230419,29.63,29.81,29.63,29.75,2885
XTC.TO,20230419,6.99,6.99,6.91,6.98,90422
XTD.TO,20230419,4.16,4.48,4.16,4.48,26638
XTD.PR.A.TO,20230419,9.89,9.89,9.89,9.89,0
XTG.TO,20230419,0.95,0.97,0.95,0.97,7500
XTLH.TO,20230419,39.6,39.6,39.59,39.59,2100
XTLT.TO,20230419,39.62,39.62,39.62,39.62,0
XTR.TO,20230419,10.49,10.52,10.49,10.52,8458
XTRA.TO,20230419,0.75,0.76,0.74,0.76,45760
XUH.TO,20230419,35.04,35.04,35.04,35.04,643
XUS.TO,20230419,68.96,69.53,68.96,69.41,61752
XUS.U.TO,20230419,52.1,52.35,52.09,52.35,7748
XUSR.TO,20230419,57.06,57.22,57.02,57.2,1434
XUT.TO,20230419,28.86,29.05,28.86,28.96,277106
XUU.TO,20230419,41.21,41.5,41.18,41.47,7159
XUU.U.TO,20230419,30.99,30.99,30.99,30.99,658
XVLU.TO,20230419,23.46,23.5,23.46,23.5,1826
XWD.TO,20230419,69.35,69.69,69.32,69.69,1272
Y.TO,20230419,13.08,13.13,13.08,13.1,10100
YCM.TO,20230419,1.7,1.7,1.7,1.7,0
YCM.PR.A.TO,20230419,5,5,5,5,0
YCM.PR.B.TO,20230419,5.17,5.17,5.17,5.17,1000
YGR.TO,20230419,1.88,1.89,1.85,1.88,188504
YRB.TO,20230419,0.05,0.05,0.05,0.05,51050
ZACE.TO,20230419,30.51,30.51,30.51,30.51,0
ZAG.TO,20230419,13.63,13.66,13.63,13.66,136543
ZBAL.TO,20230419,33.92,34.01,33.92,34.01,671
ZBAL.T.TO,20230419,27.33,27.33,27.33,27.33,200
ZBBB.TO,20230419,26.98,26.98,26.98,26.98,233
ZBI.TO,20230419,27.44,27.44,27.44,27.44,200
ZBK.TO,20230419,22.71,23.36,22.7,23.29,35301
ZCB.TO,20230419,45,45.11,45,45.11,1659
ZCDB.TO,20230419,28.2,28.2,28.19,28.19,200
ZCH.TO,20230419,15.76,15.82,15.76,15.8,7972
ZCLN.TO,20230419,20.61,20.63,20.6,20.63,555
ZCM.TO,20230419,14.79,14.79,14.76,14.78,6538
ZCN.TO,20230419,27.57,27.71,27.57,27.7,64785
ZCON.TO,20230419,31.42,31.42,31.42,31.42,225
ZCPB.TO,20230419,27.13,27.13,27.13,27.13,2797
ZCS.TO,20230419,13.16,13.17,13.15,13.17,51652
ZCS.L.TO,20230419,21.9,21.9,21.88,21.88,1000
ZDB.TO,20230419,14.55,14.58,14.55,14.57,10075
ZDH.TO,20230419,24.32,24.32,24.32,24.32,160
ZDI.TO,20230419,21.76,21.8,21.76,21.8,2314
ZDJ.TO,20230419,53.32,53.32,53.32,53.32,240
ZDM.TO,20230419,25.74,25.79,25.74,25.79,341
ZDV.TO,20230419,20.01,20.12,20.01,20.09,41427
ZDY.TO,20230419,36.75,36.84,36.75,36.77,1594
ZDY.U.TO,20230419,27.98,27.98,27.98,27.98,0
ZEA.TO,20230419,20.56,20.68,20.56,20.66,33921
ZEAT.TO,20230419,28.89,28.89,28.89,28.89,0
ZEB.TO,20230419,34.67,34.87,34.65,34.84,642888
ZEF.TO,20230419,11.9,11.9,11.77,11.78,2558
ZEM.TO,20230419,18.97,19.05,18.95,19.05,2231
ZEO.TO,20230419,61.07,61.36,61.04,61.36,9348
ZEQ.TO,20230419,29.02,29.02,29.02,29.02,282
ZEQT.TO,20230419,39.53,39.53,39.45,39.53,4431
ZESG.TO,20230419,31.23,31.23,31.23,31.23,0
ZFC.TO,20230419,39.75,39.75,39.75,39.75,0
ZFH.TO,20230419,13.95,13.95,13.95,13.95,0
ZFL.TO,20230419,13.61,13.63,13.55,13.63,39479
ZFM.TO,20230419,14.55,14.55,14.54,14.54,2657
ZFN.TO,20230419,37.45,37.45,37.45,37.45,0
ZFS.TO,20230419,13.36,13.36,13.36,13.36,6693
ZFS.L.TO,20230419,20.54,20.54,20.54,20.54,0
ZGB.TO,20230419,45.01,45.08,45.01,45.08,322
ZGD.TO,20230419,82.69,82.69,82.69,82.69,193
ZGI.TO,20230419,44,44.11,44,44.03,1371
ZGQ.TO,20230419,47.86,47.86,47.82,47.82,617
ZGRN.TO,20230419,28.9,28.9,28.9,28.9,0
ZGRO.TO,20230419,36.62,36.74,36.62,36.74,1247
ZGRO.T.TO,20230419,30.13,30.13,30.13,30.13,500
ZGSB.TO,20230419,25.85,25.85,25.74,25.74,1125
ZHP.TO,20230419,17.9,17.98,17.9,17.98,458
ZHU.TO,20230419,42.93,42.93,42.93,42.93,0
ZHY.TO,20230419,10.86,10.88,10.8,10.88,21436
ZIC.TO,20230419,17.1,17.12,17.1,17.12,200
ZIC.U.TO,20230419,12.94,12.94,12.94,12.94,0
ZID.TO,20230419,36.3,36.3,36.11,36.11,901
ZIN.TO,20230419,35.3,35.3,35.3,35.3,166
ZJG.TO,20230419,75.21,75.21,75.13,75.13,233
ZJK.TO,20230419,17.19,17.2,17.19,17.19,1023
ZJK.U.TO,20230419,16.59,16.59,16.59,16.59,0
ZJPN.TO,20230419,28.57,28.57,28.57,28.57,0
ZLB.TO,20230419,42.55,42.84,42.55,42.74,31605
ZLC.TO,20230419,15.04,15.12,15.03,15.1,20913
ZLD.TO,20230419,25.32,25.32,25.32,25.32,0
ZLE.TO,20230419,17.11,17.11,17.11,17.11,161
ZLH.TO,20230419,32.34,32.34,32.34,32.34,0
ZLI.TO,20230419,23.95,24.01,23.95,24.01,1300
ZLU.TO,20230419,48.11,48.52,48.11,48.46,7340
ZLU.U.TO,20230419,36.88,36.88,36.88,36.88,200
ZMBS.TO,20230419,28.74,28.74,28.74,28.74,0
ZMI.TO,20230419,15.98,15.98,15.98,15.98,0
ZMI.U.TO,20230419,26.8,26.81,26.8,26.81,3100
ZMID.TO,20230419,36.35,36.35,36.35,36.35,1000
ZMID.U.TO,20230419,35.75,35.75,35.75,35.75,0
ZMMK.TO,20230419,50.05,50.06,50.03,50.05,38324
ZMP.TO,20230419,13.64,13.64,13.64,13.64,0
ZMSB.TO,20230419,27.5,27.5,27.5,27.5,0
ZMT.TO,20230419,58.04,58.04,58.04,58.04,0
ZMU.TO,20230419,12.68,12.69,12.68,12.69,2754
ZNQ.TO,20230419,56.31,57.02,56.31,56.9,1852
ZNQ.U.TO,20230419,28.39,28.39,28.39,28.39,1130
ZPAY.TO,20230419,29.16,29.44,29.16,29.39,8956
ZPAY.F.TO,20230419,27.9,27.91,27.87,27.91,1901
ZPAY.U.TO,20230419,28.54,28.54,28.53,28.53,400
ZPH.TO,20230419,14.5,14.53,14.5,14.53,600
ZPL.TO,20230419,12.74,12.76,12.7,12.76,9979
ZPR.TO,20230419,9.05,9.05,9.01,9.05,62982
ZPR.U.TO,20230419,14.6,14.6,14.6,14.6,0
ZPS.TO,20230419,12.04,12.04,12.03,12.03,886
ZPS.L.TO,20230419,21.06,21.06,21.06,21.06,0
ZPW.TO,20230419,14.86,14.92,14.8,14.8,4227
ZPW.U.TO,20230419,14.95,14.95,14.95,14.95,0
ZQB.TO,20230419,27.41,27.41,27.41,27.41,0
ZQQ.TO,20230419,92.38,93.27,92.38,93.05,19118
ZRE.TO,20230419,21.9,22,21.88,21.97,33738
ZRR.TO,20230419,14.96,14.96,14.88,14.9,3797
ZSB.TO,20230419,46.64,46.64,46.64,46.64,150
ZSDB.TO,20230419,28.93,28.93,28.93,28.93,0
ZSML.TO,20230419,33.88,33.88,33.88,33.88,0
ZSP.TO,20230419,60.73,61.27,60.73,61.17,186777
ZSP.U.TO,20230419,45.42,45.52,45.42,45.45,3618
ZST.TO,20230419,48.71,48.71,48.68,48.7,9697
ZST.L.TO,20230419,55.31,55.35,55.31,55.35,1100
ZSU.TO,20230419,13.09,13.09,13.09,13.09,0
ZTIP.TO,20230419,30.79,30.79,30.79,30.79,0
ZTIP.F.TO,20230419,28.88,28.88,28.88,28.88,1835
ZTIP.U.TO,20230419,28.96,28.96,28.96,28.96,0
ZUAG.F.TO,20230419,29.87,29.87,29.87,29.87,0
ZUAG.U.TO,20230419,29.89,29.9,29.89,29.9,3190
ZUB.TO,20230419,21.56,22.16,21.55,22.1,63065
ZUD.TO,20230419,26.19,26.19,26.19,26.19,100
ZUE.TO,20230419,58,58.55,58,58.49,9719
ZUH.TO,20230419,72.34,72.61,72.32,72.49,1627
ZUP.TO,20230419,19.66,19.66,19.66,19.66,0
ZUP.U.TO,20230419,18.95,18.95,18.94,18.94,2200
ZUQ.TO,20230419,55.61,55.94,55.61,55.83,1164
ZUQ.F.TO,20230419,35.86,35.86,35.86,35.86,0
ZUQ.U.TO,20230419,36.7,36.7,36.7,36.7,200
ZUS.U.TO,20230419,46.79,46.79,46.79,46.79,0
ZUS.V.TO,20230419,52.68,52.68,52.68,52.68,0
ZUT.TO,20230419,23.13,23.32,23.13,23.26,15933
ZVC.TO,20230419,26.01,26.1,26.01,26.1,1243
ZVU.TO,20230419,25.23,25.23,25.23,25.23,0
ZWA.TO,20230419,24.11,24.2,24.11,24.2,1664
ZWB.TO,20230419,18.37,18.48,18.37,18.46,98352
ZWB.U.TO,20230419,23.22,23.22,23.22,23.22,0
ZWC.TO,20230419,17.84,17.93,17.84,17.91,69676
ZWE.TO,20230419,20.05,20.1,20,20.06,11898
ZWEN.TO,20230419,28.75,28.75,28.66,28.75,500
ZWG.TO,20230419,28.69,28.78,28.64,28.78,7127
ZWH.TO,20230419,22.06,22.14,22.05,22.11,14572
ZWH.U.TO,20230419,22.54,22.54,22.54,22.54,0
ZWHC.TO,20230419,29.72,29.76,29.72,29.76,3200
ZWK.TO,20230419,18.67,19.04,18.57,19.01,132817
ZWP.TO,20230419,17.58,17.62,17.58,17.59,6081
ZWS.TO,20230419,19.76,19.79,19.73,19.76,21972
ZWT.TO,20230419,28,28,27.98,27.98,600
ZWU.TO,20230419,11.6,11.68,11.6,11.65,136607
ZXM.TO,20230419,35.13,35.13,35.13,35.13,0
ZXM.B.TO,20230419,33.58,33.58,33.58,33.58,600
ZZZ.TO,20230419,23.17,23.67,23.17,23.57,43617
ZZZD.TO,20230419,28.03,28.03,28.03,28.03,102
