<ticker>,<date>,<open>,<high>,<low>,<close>,<vol>
AAB.TO,20230814,0.03,0.03,0.03,0.03,216000
AAV.TO,20230814,9.31,9.4,9.27,9.36,397710
ABX.TO,20230814,22.55,22.59,22.31,22.42,1934452
AC.TO,20230814,23.78,23.81,23.27,23.57,2989408
ACB.TO,20230814,0.73,0.73,0.7,0.73,705510
ACD.TO,20230814,6.35,6.35,6.2,6.2,2745
ACO.X.TO,20230814,37.61,37.76,37.2,37.32,294668
ACO.Y.TO,20230814,38.25,38.25,38.25,38.25,100
ACQ.TO,20230814,25.16,25.89,25.16,25.7,40356
AD.DB.TO,20230814,98,98,98,98,20000
AD.DB.A.TO,20230814,93.4,93.4,93.4,93.4,3000
AD.UN.TO,20230814,15.2,15.31,15,15.25,22838
ADCO.TO,20230814,0.21,0.21,0.2,0.205,4500
ADEN.TO,20230814,34.34,35.01,33.84,34.25,97040
ADN.TO,20230814,17.53,17.79,17.44,17.79,16261
ADW.A.TO,20230814,4.34,4.48,4.33,4.38,4359
ADW.B.TO,20230814,5.37,5.37,5.37,5.37,1518
AEG.TO,20230814,0.335,0.335,0.33,0.33,1500
AEM.TO,20230814,65.39,65.49,64.67,64.8,1641786
AEZS.TO,20230814,3.85,4.02,3.85,3.85,1443
AFN.TO,20230814,59.47,61.84,58.96,60.91,100541
AFN.DB.F.TO,20230814,98.59,98.98,98.59,98.98,10000
AFN.DB.G.TO,20230814,98.75,98.75,98.75,98.75,10000
AFN.DB.I.TO,20230814,142.5,146,142.5,146,48000
AFN.DB.J.TO,20230814,106.03,106.03,106,106.02,144000
AGF.B.TO,20230814,7.93,7.95,7.82,7.92,50219
AGI.TO,20230814,15.55,15.7,15.4,15.6,368566
AI.TO,20230814,11.44,11.58,11.44,11.57,37470
AI.DB.C.TO,20230814,97,97,97,97,10000
AI.DB.E.TO,20230814,98.13,98.13,98.13,98.13,3000
AIF.TO,20230814,50.87,50.89,49.37,49.65,135881
AII.TO,20230814,0.56,0.58,0.55,0.58,103872
AIM.TO,20230814,3.21,3.27,3.2,3.23,39786
AIM.PR.C.TO,20230814,19.75,19.75,19.75,19.75,100
AKT.A.TO,20230814,1.78,1.78,1.72,1.73,16324
ALA.TO,20230814,26.17,26.39,26.01,26.36,611222
ALA.PR.A.TO,20230814,15.11,15.11,15.11,15.11,100
ALA.PR.B.TO,20230814,17.69,17.7,17.46,17.46,4000
ALA.PR.G.TO,20230814,17.8,17.8,17.7,17.7,1400
ALC.TO,20230814,15.43,15.48,15.35,15.45,7318
ALC.DB.A.TO,20230814,104.25,104.25,104.25,104.25,22000
ALS.TO,20230814,19.47,19.76,19.33,19.34,77164
ALYA.TO,20230814,2.36,2.5,2.36,2.46,31589
AMC.TO,20230814,2.9,2.91,2.78,2.8,77163
AMM.TO,20230814,0.165,0.165,0.165,0.165,500
AND.TO,20230814,40.88,41.7,40.88,40.91,10082
AOI.TO,20230814,3.15,3.2,3.1,3.18,658814
AOT.TO,20230814,0.55,0.56,0.54,0.55,34300
AP.UN.TO,20230814,21.34,21.34,21,21.07,297588
APLI.TO,20230814,0.05,0.05,0.045,0.05,177940
APR.UN.TO,20230814,11.72,11.87,11.64,11.83,10904
APS.TO,20230814,6.08,6.36,6.01,6.36,1656
AQN.TO,20230814,10,10.01,9.67,9.7,2488185
AQN.PR.A.TO,20230814,19.3,19.3,19.28,19.28,1050
AQN.PR.D.TO,20230814,19.94,19.94,19.15,19.15,900
AR.TO,20230814,0.58,0.6,0.57,0.58,1595180
ARA.TO,20230814,0.415,0.44,0.39,0.42,70194
ARE.TO,20230814,10.88,10.95,10.75,10.9,189629
ARG.TO,20230814,1.52,1.52,1.48,1.48,125756
ARIS.TO,20230814,2.86,2.9,2.81,2.87,265734
ARIS.WT.A.TO,20230814,0.18,0.215,0.18,0.21,60000
ARKG.TO,20230814,13.67,13.74,13.67,13.74,1400
ARKK.TO,20230814,16.84,16.88,16.83,16.88,671
ARR.TO,20230814,9.11,9.22,9.03,9.05,12600
ARX.TO,20230814,20.75,20.83,20.59,20.77,1293766
ASCU.TO,20230814,1.69,1.69,1.62,1.65,12290
ASM.TO,20230814,0.88,0.91,0.88,0.9,8386
ASTL.TO,20230814,9.88,10.53,9.74,10.43,284340
ASTL.WT.TO,20230814,1.83,2.15,1.83,2.15,26100
ATCU.TO,20230814,0.49,0.51,0.48,0.51,11955
ATD.TO,20230814,69.57,69.9,68.09,69.52,1037416
ATH.TO,20230814,3.73,3.74,3.67,3.71,2315399
ATS.TO,20230814,58.13,58.22,57.09,57.32,191436
ATZ.TO,20230814,24.04,24.63,24.02,24.39,384677
AUMN.TO,20230814,1.29,1.29,1.22,1.26,2973
AVCN.TO,20230814,0.25,0.26,0.235,0.245,11594000
AVL.TO,20230814,0.155,0.155,0.145,0.15,41041
AVNT.TO,20230814,0.195,0.21,0.19,0.195,257481
AW.UN.TO,20230814,34.84,34.84,34.3,34.4,6412
AX.PR.E.TO,20230814,17.72,17.72,17.5,17.5,2400
AX.PR.I.TO,20230814,18.1,18.1,17.96,17.96,1600
AX.UN.TO,20230814,7.11,7.16,7.1,7.15,100171
AYA.TO,20230814,7.79,7.97,7.32,7.61,195034
BABY.TO,20230814,0.61,0.66,0.5,0.54,568580
BABY.WT.A.TO,20230814,0.12,0.12,0.12,0.12,30000
BAM.TO,20230814,47.14,47.86,47,47.59,742899
BANK.TO,20230814,7.55,7.56,7.51,7.54,53158
BASE.TO,20230814,25.93,26.25,25.85,26.25,1870
BASE.B.TO,20230814,26.14,26.14,26.14,26.14,200
BB.TO,20230814,6.16,6.25,6.1,6.19,406660
BBD.A.TO,20230814,55.47,56.95,55.41,56.66,2187
BBD.B.TO,20230814,55.03,56.94,54.95,56.7,326063
BBD.PR.B.TO,20230814,16.5,16.5,16.25,16.5,605
BBD.PR.C.TO,20230814,17.8,17.8,17.8,17.8,1225
BBD.PR.D.TO,20230814,20.18,20.58,20.1,20.58,800
BBU.UN.TO,20230814,23.26,23.46,22.8,22.89,20448
BBUC.TO,20230814,27.03,27.35,27.03,27.2,20250
BCE.TO,20230814,56.75,56.86,56.16,56.27,3057107
BCE.PR.A.TO,20230814,16.82,16.87,16.63,16.69,8054
BCE.PR.B.TO,20230814,18.05,18.05,18.05,18.05,1217
BCE.PR.C.TO,20230814,17.38,17.38,17.2,17.2,500
BCE.PR.D.TO,20230814,18.07,18.07,18,18.06,1817
BCE.PR.E.TO,20230814,17.99,17.99,17.95,17.95,3555
BCE.PR.F.TO,20230814,16.11,16.14,16.01,16.01,3400
BCE.PR.G.TO,20230814,14.97,15.02,14.89,14.89,2581
BCE.PR.H.TO,20230814,18.19,18.19,18.17,18.17,305
BCE.PR.I.TO,20230814,14.71,14.71,14.66,14.66,400
BCE.PR.J.TO,20230814,18.07,18.08,18.07,18.08,1001
BCE.PR.K.TO,20230814,14.51,14.58,14.47,14.47,1400
BCE.PR.M.TO,20230814,15,15,15,15,300
BCE.PR.N.TO,20230814,17.5,17.5,17.5,17.5,1000
BCE.PR.Q.TO,20230814,21.65,21.7,21.51,21.51,17388
BCE.PR.R.TO,20230814,14.98,14.98,14.97,14.97,5800
BCE.PR.T.TO,20230814,17.85,17.9,17.61,17.61,6000
BCE.PR.Z.TO,20230814,17.86,17.86,17.86,17.86,1000
BCT.TO,20230814,9.26,9.5,9.25,9.5,3759
BDGI.TO,20230814,34.87,35.44,34.84,35.08,74214
BDI.TO,20230814,5.98,6.05,5.92,6.02,14561
BDIV.TO,20230814,18.06,18.06,18.06,18.06,2002
BDT.TO,20230814,9.6,9.86,9.57,9.86,269209
BEI.UN.TO,20230814,66.16,67.06,66.02,66.79,101427
BEK.B.TO,20230814,12.9,12.9,12.9,12.9,100
BEP.PR.G.TO,20230814,21.4,21.4,21.35,21.35,400
BEP.PR.M.TO,20230814,19.65,19.72,19.52,19.54,2400
BEP.UN.TO,20230814,35.67,36.19,35.34,35.78,196200
BEPC.TO,20230814,39.2,39.2,38.49,38.91,214015
BEPR.TO,20230814,8.53,8.53,8.52,8.53,4260
BESG.TO,20230814,15.19,15.26,15.16,15.16,7401
BGI.UN.TO,20230814,4.35,4.36,4.34,4.35,5612
BGU.TO,20230814,36.9,36.92,36.9,36.92,200
BGU.U.TO,20230814,27.41,27.41,27.41,27.41,700
BHC.TO,20230814,11.16,11.49,11.16,11.38,183682
BIK.PR.A.TO,20230814,22.2,22.2,22.16,22.16,2948
BIP.PR.A.TO,20230814,16.85,16.85,16.85,16.85,200
BIP.PR.B.TO,20230814,21.05,21.05,21.03,21.03,1168
BIP.PR.E.TO,20230814,20.7,20.71,20.26,20.42,5600
BIP.PR.F.TO,20230814,20,20,19.8,19.8,1800
BIP.UN.TO,20230814,44.6,45.08,44.23,44.31,252695
BIPC.TO,20230814,56.81,57.27,56.41,57.06,56394
BIR.TO,20230814,8.35,8.41,8.21,8.4,1087812
BITF.TO,20230814,2.08,2.12,2.03,2.07,975187
BITI.TO,20230814,12.09,12.11,11.92,12.09,19852
BK.TO,20230814,13.12,13.12,13,13.03,117872
BK.PR.A.TO,20230814,10.02,10.04,10.02,10.02,28650
BKCC.TO,20230814,14.63,14.65,14.58,14.61,4268
BKCL.TO,20230814,20.03,20.03,19.9,19.95,30804
BKI.TO,20230814,0.08,0.08,0.075,0.08,61250
BLB.UN.TO,20230814,7.83,7.83,7.83,7.83,100
BLCO.TO,20230814,25.66,25.66,24.8,25.41,3819
BLDP.TO,20230814,6.17,6.33,6.06,6.27,397840
BLN.TO,20230814,3.66,3.73,3.66,3.73,885
BLOV.TO,20230814,21.6,21.6,21.49,21.49,329
BLX.TO,20230814,31.01,33.53,31.01,31.78,560529
BMAX.TO,20230814,12.2,12.32,12.2,12.29,8008
BMO.TO,20230814,118.02,118.47,117.24,117.74,1794382
BMO.PR.E.TO,20230814,22.04,22.05,21.98,21.98,5899
BMO.PR.T.TO,20230814,17.35,17.35,17.2,17.21,9400
BMO.PR.W.TO,20230814,17.04,17.04,17.04,17.04,300
BMO.PR.Y.TO,20230814,17.85,17.85,17.85,17.85,800
BN.TO,20230814,46.15,46.67,45.9,46.21,1190225
BN.PF.A.TO,20230814,20.1,20.12,20.1,20.12,1430
BN.PF.B.TO,20230814,17.1,17.1,17.1,17.1,2500
BN.PF.C.TO,20230814,17.4,17.4,17.38,17.38,1500
BN.PF.D.TO,20230814,17.55,17.55,17.51,17.51,1322
BN.PF.E.TO,20230814,14.87,14.87,14.74,14.74,1000
BN.PF.F.TO,20230814,16.25,16.25,16.21,16.23,4800
BN.PF.G.TO,20230814,15.2,15.3,15.2,15.3,800
BN.PF.H.TO,20230814,20.42,20.45,20.4,20.4,900
BN.PF.I.TO,20230814,19.26,19.41,19.26,19.4,1600
BN.PF.J.TO,20230814,19.5,19.65,19.49,19.51,4100
BN.PF.K.TO,20230814,15.35,15.35,15.35,15.35,810
BN.PR.B.TO,20230814,11.73,11.73,11.6,11.6,15300
BN.PR.K.TO,20230814,11.69,11.7,11.63,11.63,3756
BN.PR.M.TO,20230814,17.3,17.3,17.3,17.3,2100
BN.PR.N.TO,20230814,17.23,17.25,17.23,17.25,2261
BN.PR.R.TO,20230814,13.55,13.55,13.55,13.55,300
BN.PR.T.TO,20230814,13.85,13.91,13.73,13.78,4747
BN.PR.X.TO,20230814,14.31,14.31,14.31,14.31,400
BN.PR.Z.TO,20230814,18.73,18.8,18.7,18.7,1586
BNC.TO,20230814,24.57,24.57,24.53,24.53,220
BND.TO,20230814,16.96,16.96,16.89,16.91,935
BNE.TO,20230814,7.32,7.46,7.02,7.09,142819
BNG.TO,20230814,0.05,0.05,0.05,0.05,3010
BNK.TO,20230814,11.1,11.1,11,11.03,900
BNKL.TO,20230814,20.19,20.19,20.19,20.19,100
BNRE.TO,20230814,47.56,47.56,46.29,46.75,25969
BNS.TO,20230814,64.42,64.5,63.92,64.2,1725893
BOS.TO,20230814,4.99,4.99,4.89,4.94,47392
BPF.UN.TO,20230814,16.82,16.83,16.59,16.62,38550
BPO.PR.A.TO,20230814,11.39,11.48,11.38,11.38,4900
BPO.PR.C.TO,20230814,16.51,16.6,16.5,16.5,4800
BPO.PR.E.TO,20230814,12.04,12.09,12,12.01,8200
BPO.PR.G.TO,20230814,14.5,14.5,14.5,14.5,1500
BPO.PR.I.TO,20230814,13.95,13.96,13.9,13.95,2729
BPO.PR.N.TO,20230814,10.05,10.05,10.05,10.05,300
BPO.PR.P.TO,20230814,10.45,10.48,10.45,10.45,6200
BPO.PR.R.TO,20230814,11.02,11.02,11.02,11.02,500
BPO.PR.T.TO,20230814,14,14,13.85,13.9,2400
BPO.PR.W.TO,20230814,9.4,9.4,9.4,9.4,588
BPO.PR.X.TO,20230814,9.51,9.55,9.51,9.55,3800
BPRF.TO,20230814,21.27,21.27,21.26,21.26,790
BPYP.PR.A.TO,20230814,20.85,20.89,20.85,20.85,2728
BRAG.TO,20230814,7.38,7.77,7.17,7.72,74348
BRE.TO,20230814,15.63,15.74,15.63,15.65,2031
BREA.TO,20230814,22.02,22.02,22,22,400
BRF.PR.A.TO,20230814,14.71,14.71,14.71,14.71,400
BRF.PR.C.TO,20230814,16.7,16.7,16.7,16.7,520
BRF.PR.E.TO,20230814,16.9,16.9,16.61,16.61,1759
BRF.PR.F.TO,20230814,16.62,16.65,16.29,16.35,7760
BRMI.TO,20230814,1.72,1.78,1.72,1.76,1910
BRY.TO,20230814,0.4,0.435,0.4,0.435,17000
BSKT.TO,20230814,8.17,8.17,8.17,8.17,3000
BSX.TO,20230814,0.065,0.065,0.06,0.065,25000
BTB.DB.H.TO,20230814,99.01,99.01,99.01,99.01,5000
BTB.UN.TO,20230814,3.3,3.33,3.29,3.33,68692
BTCC.TO,20230814,5.64,5.71,5.63,5.63,138360
BTCC.B.TO,20230814,5.69,5.77,5.69,5.71,106457
BTCC.U.TO,20230814,5.36,5.43,5.36,5.38,19133
BTCQ.TO,20230814,6.44,6.51,6.42,6.45,9445
BTCX.B.TO,20230814,5.86,5.93,5.85,5.87,43832
BTCX.U.TO,20230814,5.5,5.58,5.5,5.51,486025
BTCY.TO,20230814,3.79,3.82,3.78,3.79,10643
BTCY.B.TO,20230814,4.28,4.3,4.28,4.29,2017
BTCY.U.TO,20230814,3.65,3.65,3.65,3.65,918
BTE.TO,20230814,5.55,5.55,5.43,5.46,3827921
BTO.TO,20230814,4.16,4.18,4.13,4.14,1753497
BU.TO,20230814,0.17,0.185,0.17,0.185,39547
BXF.TO,20230814,9.71,9.71,9.69,9.69,1150
BYD.TO,20230814,242.79,245.3,241.11,241.8,30336
BYL.TO,20230814,0.37,0.37,0.34,0.35,8054
CACB.TO,20230814,18.65,18.7,18.65,18.66,3490
CAE.TO,20230814,31.79,31.93,31.43,31.76,588606
CAFR.TO,20230814,19.69,19.75,19.68,19.75,6300
CALL.TO,20230814,11.47,11.47,11.25,11.29,22013
CALL.U.TO,20230814,12.4,12.4,12.4,12.4,1000
CAR.UN.TO,20230814,49.22,49.56,48.92,49.54,273991
CARB.TO,20230814,9.52,9.52,9.52,9.52,100
CARS.TO,20230814,27.5,27.91,27.5,27.91,560
CAS.TO,20230814,12.82,13.1,12.81,12.98,206513
CASH.TO,20230814,50.11,50.11,50.1,50.1,87861
CBH.TO,20230814,16.77,16.77,16.77,16.77,111
CBIL.TO,20230814,50.07,50.07,50.06,50.07,38838
CBIN.TO,20230814,19.81,19.81,19.81,19.81,3600
CBND.TO,20230814,8.48,8.48,8.48,8.48,1600
CBNK.TO,20230814,7.2,7.2,7.2,7.2,3600
CBO.TO,20230814,17.12,17.14,17.12,17.13,6747
CBUG.TO,20230814,19.85,19.85,19.85,19.85,400
CCA.TO,20230814,66.74,66.74,64.66,65.13,108521
CCBI.TO,20230814,17.18,17.18,17.18,17.18,200
CCEI.TO,20230814,21.85,21.85,21.85,21.85,500
CCL.B.TO,20230814,61.66,62,60.85,61.01,246488
CCNV.TO,20230814,19.66,19.66,19.65,19.65,11200
CCO.TO,20230814,46.69,47.36,46.04,46.85,793233
CCOM.TO,20230814,20.2,20.2,20.15,20.16,5095
CCRE.TO,20230814,17.34,17.38,17.34,17.38,3120
CDEF.TO,20230814,9.2,9.27,9.2,9.27,400
CDIV.TO,20230814,12.51,12.54,12.48,12.54,12655
CDNA.TO,20230814,17.8,17.8,17.8,17.8,200
CDR.TO,20230814,1.3,1.3,0.9,1,398661
CDZ.TO,20230814,30.05,30.05,29.94,29.97,7390
CEE.TO,20230814,1.54,1.55,1.53,1.55,700
CEF.TO,20230814,23.99,23.99,23.91,23.95,3122
CET.TO,20230814,0.9,0.9,0.86,0.86,144982
CEU.TO,20230814,3.21,3.38,3.17,3.36,1585686
CEW.TO,20230814,15.89,15.89,15.79,15.8,763
CF.TO,20230814,8.32,8.57,8.29,8.53,150942
CF.PR.A.TO,20230814,12.5,12.55,12.5,12.55,4800
CF.PR.C.TO,20230814,17.38,17.38,17.36,17.36,600
CFF.TO,20230814,1.24,1.24,1.22,1.24,2055
CFP.TO,20230814,20.16,20.25,20,20.18,111910
CFRT.TO,20230814,20.09,20.09,20.09,20.09,200
CFW.TO,20230814,5.64,5.78,5.51,5.77,63891
CFX.TO,20230814,2,2.04,1.99,2.04,3051
CG.TO,20230814,8.09,8.09,7.86,8.05,343143
CGBI.TO,20230814,17.1,17.1,17.1,17.1,3900
CGG.TO,20230814,5.02,5.02,4.92,4.92,92651
CGHY.TO,20230814,9.57,9.57,9.57,9.57,100
CGI.TO,20230814,35.36,35.42,35.36,35.42,285
CGIN.TO,20230814,20,20,20,20,500
CGL.TO,20230814,15.3,15.36,15.3,15.32,79008
CGL.C.TO,20230814,21.81,21.85,21.8,21.8,1555
CGO.TO,20230814,50.99,50.99,50.12,50.45,12279
CGR.TO,20230814,26.42,26.42,26.27,26.27,5080
CGRE.TO,20230814,20.33,20.33,20.33,20.33,355
CGRN.TO,20230814,20.42,20.42,20.42,20.42,200
CGX.TO,20230814,9.36,9.51,9.07,9.11,329444
CGX.DB.B.TO,20230814,101,101,100,100,96000
CGXF.TO,20230814,10.01,10.01,9.91,9.96,11382
CGY.TO,20230814,54.61,55,52.64,53.05,40907
CHE.DB.E.TO,20230814,100,100,99.76,99.76,52000
CHE.DB.F.TO,20230814,124.8,124.8,124.8,124.8,32000
CHE.DB.H.TO,20230814,99.99,99.99,99.99,99.99,10000
CHE.UN.TO,20230814,8.95,9.02,8.77,8.95,266604
CHNA.B.TO,20230814,21.72,21.78,21.72,21.78,300
CHP.UN.TO,20230814,13.56,13.61,13.38,13.39,155944
CHPS.TO,20230814,26.21,26.98,26.21,26.98,18055
CHR.TO,20230814,2.85,2.95,2.84,2.9,369919
CHR.DB.A.TO,20230814,94.5,94.5,93.75,93.75,28000
CHR.DB.C.TO,20230814,85.25,85.25,85.25,85.25,7000
CHW.TO,20230814,7.55,7.55,7.32,7.41,2434
CIA.TO,20230814,4.85,4.85,4.73,4.79,409501
CIC.TO,20230814,10.72,10.72,10.65,10.66,2451
CIEI.TO,20230814,20.92,20.97,20.92,20.97,6244
CIEM.TO,20230814,17.04,17.2,17.04,17.2,7900
CIEM.U.TO,20230814,17.24,17.26,17.24,17.25,3400
CIF.TO,20230814,36.93,36.93,36.84,36.84,5084
CIGI.TO,20230814,147.53,147.53,143.7,145.21,123881
CINF.TO,20230814,23.61,23.67,23.61,23.67,200
CINT.TO,20230814,21.26,21.26,21.19,21.19,1200
CIX.TO,20230814,17.41,17.73,17.23,17.58,646316
CJ.TO,20230814,7.14,7.16,7.07,7.14,378142
CJR.B.TO,20230814,1.29,1.32,1.28,1.31,484415
CJT.TO,20230814,89.98,102.45,88.84,100.22,183725
CJT.DB.E.TO,20230814,99,99,99,99,10000
CJT.DB.F.TO,20230814,94.68,94.99,94.67,94.99,30000
CKI.TO,20230814,13.2,13.2,12.91,12.91,1100
CLF.TO,20230814,16.48,16.48,16.46,16.47,12601
CLG.TO,20230814,16.37,16.37,16.35,16.37,8900
CLS.TO,20230814,28.04,29.11,27.98,28.82,438946
CM.TO,20230814,55.95,55.97,55.43,55.63,2270897
CM.PR.O.TO,20230814,17.81,17.81,17.81,17.81,300
CM.PR.P.TO,20230814,16.85,16.85,16.85,16.85,300
CM.PR.Q.TO,20230814,17.76,18.1,17.76,18.03,2200
CM.PR.S.TO,20230814,20.5,20.75,20.5,20.5,8400
CM.PR.Y.TO,20230814,23.97,23.97,23.81,23.81,3790
CMAG.TO,20230814,25.31,25.44,25.31,25.44,419
CMAR.TO,20230814,17.7,17.7,17.67,17.67,7104
CMDO.TO,20230814,18.91,18.94,18.91,18.92,2000
CMG.TO,20230814,7.69,7.87,7.52,7.73,71339
CMR.TO,20230814,50.13,50.13,50.12,50.13,30504
CNAO.TO,20230814,21.93,21.93,21.93,21.93,12500
CNAO.U.TO,20230814,22.25,22.25,22.25,22.25,10499
CNCC.TO,20230814,12.14,12.16,12.13,12.13,846
CNCL.TO,20230814,20,20,19.92,19.92,4595
CNE.TO,20230814,12.06,12.06,11.54,11.55,14536
CNQ.TO,20230814,82.99,83.21,82.11,83.17,4869110
CNR.TO,20230814,157.08,158.11,156.06,156.43,1089150
COG.TO,20230814,0.48,0.48,0.48,0.48,2195
COPP.TO,20230814,29,29,29,29,220
COW.TO,20230814,64.4,64.51,64.17,64.44,5736
CP.TO,20230814,109.08,109.09,107.9,108.23,893833
CPD.TO,20230814,10.57,10.57,10.52,10.52,45304
CPH.TO,20230814,3.54,3.6,3.45,3.6,17544
CPLF.TO,20230814,5.85,5.91,5.8,5.8,12223
CPLS.TO,20230814,17.37,17.37,17.37,17.37,600
CPX.TO,20230814,40.21,40.58,40.18,40.32,123627
CPX.PR.A.TO,20230814,12.91,12.91,12.91,12.91,1000
CPX.PR.C.TO,20230814,21.18,21.18,21.18,21.18,400
CPX.PR.E.TO,20230814,21.13,21.15,20.97,20.97,6200
CPX.PR.K.TO,20230814,23.58,23.65,23.52,23.52,400
CR.TO,20230814,6.35,6.59,6.27,6.49,594812
CRDL.TO,20230814,1.27,1.29,1.24,1.24,38657
CRON.TO,20230814,2.35,2.35,2.28,2.33,128023
CROP.TO,20230814,17.55,17.59,17.55,17.57,49499
CROP.U.TO,20230814,19.59,19.64,19.59,19.64,1300
CRP.TO,20230814,2.27,2.27,2.27,2.27,600
CRR.UN.TO,20230814,13.56,13.59,13.26,13.31,140197
CRRX.TO,20230814,2.19,2.21,2.19,2.21,400
CRT.UN.TO,20230814,14.95,14.95,14.76,14.77,80163
CS.TO,20230814,6.21,6.27,6.15,6.17,854625
CSAV.TO,20230814,50.15,50.15,50.14,50.14,16566
CSE.PR.A.TO,20230814,12.5,12.5,12.04,12.04,7200
CSH.UN.TO,20230814,10.01,10.33,9.95,10.27,675971
CSU.TO,20230814,2716.04,2754.19,2680,2699.9,25675
CSU.DB.TO,20230814,138.4,138.5,138.4,138.4,26000
CSW.A.TO,20230814,15.11,15.2,15,15.2,2589
CSW.B.TO,20230814,14,14.1,13.99,14.1,800
CTC.A.TO,20230814,156.83,158.08,155.25,157.58,325632
CTF.UN.TO,20230814,3.12,3.13,3.12,3.12,700
CTS.TO,20230814,2.69,2.69,2.57,2.61,681154
CU.TO,20230814,32.08,32.26,31.9,32.03,811837
CU.PR.C.TO,20230814,17.48,17.48,17.2,17.2,3070
CU.PR.D.TO,20230814,18.26,18.3,18.25,18.25,2800
CU.PR.F.TO,20230814,16.71,16.76,16.66,16.66,3400
CU.PR.G.TO,20230814,16.86,16.9,16.86,16.9,22990
CU.PR.H.TO,20230814,19.41,19.41,19.35,19.35,1710
CU.PR.I.TO,20230814,21.25,21.25,21.15,21.2,26261
CU.PR.J.TO,20230814,17.31,17.42,17.31,17.42,805
CUD.TO,20230814,50.07,50.07,50.07,50.07,4063
CUEI.TO,20230814,23.77,23.81,23.69,23.81,1332
CUP.U.TO,20230814,12.48,12.48,12.48,12.48,150
CVD.TO,20230814,16.56,16.6,16.56,16.6,889
CVE.TO,20230814,26.47,26.56,26.21,26.51,3739639
CVE.PR.A.TO,20230814,12.33,12.4,12.33,12.33,908
CVE.PR.B.TO,20230814,15.4,15.4,15.4,15.4,1800
CVE.PR.C.TO,20230814,18.78,18.78,18.48,18.48,3540
CVE.PR.E.TO,20230814,19.4,19.4,19.4,19.4,300
CVE.PR.G.TO,20230814,19.83,19.84,19.82,19.82,1900
CVE.WT.TO,20230814,20,20,19.55,19.95,2219
CVO.TO,20230814,9.92,10.04,9.77,9.85,101885
CWB.TO,20230814,26.2,26.34,26.04,26.17,310538
CWB.PR.B.TO,20230814,17.31,17.32,17.31,17.32,615
CWB.PR.D.TO,20230814,24.4,24.5,24.36,24.36,6700
CWEB.TO,20230814,0.38,0.38,0.36,0.365,59277
CWL.TO,20230814,1.11,1.15,1.11,1.15,400
CWW.TO,20230814,49.88,49.98,49.52,49.86,2059
CXB.TO,20230814,1.56,1.58,1.53,1.55,337397
CXI.TO,20230814,26,26,26,26,208
CYB.TO,20230814,60.11,60.3,59.85,59.95,2896
CYBR.TO,20230814,37,37,37,37,125
CYBR.B.TO,20230814,42.3,42.3,42.3,42.3,120
CYH.TO,20230814,19.12,19.12,19.12,19.12,661
D.UN.TO,20230814,12.88,12.99,12.76,12.81,53640
DANC.TO,20230814,21.42,21.44,21.42,21.44,880
DATA.TO,20230814,18.86,18.86,18.86,18.86,405
DBM.TO,20230814,7.9,7.97,7.85,7.9,131454
DBO.TO,20230814,0.1,0.1,0.1,0.1,144050
DC.A.TO,20230814,1.3,1.34,1.28,1.3,20700
DC.PR.D.TO,20230814,19,19.25,19,19.25,2300
DCBO.TO,20230814,48.41,50.64,48.2,50.43,44794
DCC.TO,20230814,17.62,17.62,17.62,17.62,200
DCM.TO,20230814,3.45,3.45,3.2,3.3,214079
DCU.TO,20230814,16.92,17,16.92,16.96,20038
DF.TO,20230814,3.89,3.89,3.78,3.83,22040
DF.PR.A.TO,20230814,9.6,9.62,9.6,9.61,7800
DFN.TO,20230814,6.2,6.2,6.14,6.15,183708
DFN.PR.A.TO,20230814,9.44,9.47,9.44,9.45,42655
DFY.TO,20230814,38.39,39.13,38.19,38.68,179352
DGR.TO,20230814,38.86,38.98,38.86,38.96,3925
DGR.B.TO,20230814,42.52,42.6,42.52,42.6,1184
DGRC.TO,20230814,35.21,35.23,35.12,35.15,2800
DGS.TO,20230814,5.02,5.05,4.97,5.05,49587
DGS.PR.A.TO,20230814,9.82,9.82,9.8,9.81,23345
DHT.UN.TO,20230814,12,12.75,12,12.65,44506
DIAM.TO,20230814,0.095,0.095,0.095,0.095,9211
DII.B.TO,20230814,5.11,5.69,5.11,5.68,17055
DIR.UN.TO,20230814,14.17,14.17,13.94,14,302759
DISC.TO,20230814,33.93,33.94,33.9,33.94,1659
DIV.TO,20230814,2.84,2.85,2.81,2.84,163346
DIV.DB.A.TO,20230814,94,94,91.65,91.65,14000
DLCG.TO,20230814,2.15,2.15,2.07,2.07,851
DLR.TO,20230814,13.79,13.8,13.77,13.79,230930
DLR.U.TO,20230814,10.23,10.24,10.23,10.23,160492
DML.TO,20230814,1.83,1.87,1.8,1.84,878410
DN.TO,20230814,0.065,0.065,0.06,0.065,93254
DND.TO,20230814,19.4,19.91,19.4,19.67,45495
DNG.TO,20230814,3.01,3.04,3.01,3.02,26529
DNTL.TO,20230814,7.48,7.48,7.33,7.36,96647
DOL.TO,20230814,85.65,86.25,85.64,85.83,377093
DOO.TO,20230814,112.07,112.68,109.72,110.8,145028
DPM.TO,20230814,8.51,8.51,8.39,8.42,217831
DR.TO,20230814,8.97,9.2,8.97,9.13,30448
DRFD.TO,20230814,19.95,20.04,19.95,20.04,700
DRFE.TO,20230814,19.56,19.56,19.56,19.56,301
DRM.TO,20230814,19.94,20.15,19.79,20.07,81506
DRMC.TO,20230814,25.33,25.33,25.27,25.27,324
DRME.TO,20230814,16,16,16,16,609
DRMU.TO,20230814,32.06,32.09,31.99,32.07,1484
DRR.U.TO,20230814,7.49,7.6,7.45,7.58,1250
DRT.TO,20230814,0.54,0.55,0.52,0.52,20905
DRX.TO,20230814,4,4.19,4,4.19,24000
DS.TO,20230814,6.55,6.56,6.5,6.56,14658
DSG.TO,20230814,97.99,99.04,97.97,98.82,78227
DSV.TO,20230814,0.78,0.79,0.75,0.76,143104
DTOL.TO,20230814,8.4,8.51,8.37,8.41,127190
DXB.TO,20230814,17.72,17.74,17.72,17.74,300
DXC.TO,20230814,33.23,33.37,33.23,33.3,7059
DXDB.TO,20230814,19.88,19.93,19.88,19.89,20800
DXEM.TO,20230814,13.38,13.38,13.38,13.38,100
DXG.TO,20230814,45.5,45.87,45.5,45.87,1473
DXN.TO,20230814,19.25,19.25,19.25,19.25,100
DXP.TO,20230814,18.82,18.84,18.73,18.73,6579
DXQ.TO,20230814,22.31,22.43,22.31,22.43,11808
DXT.TO,20230814,5.87,5.87,5.85,5.87,12200
DXU.TO,20230814,43.1,43.1,43.1,43.1,165
DXV.TO,20230814,19.74,19.75,19.74,19.74,7134
DXW.TO,20230814,21.11,21.11,21.11,21.11,400
DYA.TO,20230814,0.2,0.2,0.185,0.185,75029
E.TO,20230814,0.46,0.46,0.46,0.46,4500
EAGR.TO,20230814,0.5,0.5,0.47,0.47,35869
EBIT.TO,20230814,14.43,14.59,14.4,14.45,12084
EBIT.U.TO,20230814,10.83,10.83,10.83,10.83,500
EBNK.B.TO,20230814,9.37,9.37,9.37,9.37,500
ECN.TO,20230814,2.7,2.79,2.69,2.75,604341
ECN.DB.TO,20230814,76.25,76.25,76.25,76.25,5000
ECN.DB.B.TO,20230814,66.35,66.35,66.35,66.35,7000
ECN.PR.C.TO,20230814,17.51,17.56,17.51,17.56,2187
ECO.TO,20230814,3.72,3.76,3.65,3.65,16726
ECOR.TO,20230814,1.99,2,1.96,2,11756
EDGE.TO,20230814,31.1,31.1,31.1,31.1,126
EDGF.TO,20230814,9.52,9.54,9.52,9.54,300
EDR.TO,20230814,4,4.01,3.91,3.95,140038
EDT.TO,20230814,0.34,0.34,0.32,0.33,70000
EDV.TO,20230814,28.74,29.4,28.67,28.67,356939
EFN.TO,20230814,21.15,21.24,20.9,21.11,620955
EFN.PR.C.TO,20230814,24.67,24.67,24.6,24.6,2500
EFN.PR.E.TO,20230814,24.46,24.48,24.4,24.4,1600
EFR.TO,20230814,9,9.01,8.57,8.9,330477
EFX.TO,20230814,8.6,8.69,8.22,8.51,715718
EGLX.TO,20230814,0.7,0.72,0.65,0.69,146317
EIF.TO,20230814,49.33,50.6,49.2,50.41,117589
EIF.DB.J.TO,20230814,106,106.48,106,106.48,15000
EIF.DB.K.TO,20230814,105.02,107.28,105.02,107.25,34000
EIF.DB.M.TO,20230814,99,99,98.5,98.5,14000
EIT.PR.B.TO,20230814,24.28,24.35,24.28,24.35,2900
EIT.UN.TO,20230814,13.26,13.3,13.24,13.25,147800
ELD.TO,20230814,12.18,12.29,12.04,12.14,130785
ELEF.TO,20230814,0.27,0.27,0.235,0.24,23499
ELF.TO,20230814,924.52,935,924.52,935,2097
ELF.PR.H.TO,20230814,20.55,20.55,20.55,20.55,200
ELO.TO,20230814,3.45,3.45,3.25,3.26,94680
ELR.TO,20230814,0.09,0.09,0.09,0.09,23701
ELVA.TO,20230814,4.93,5.33,4.93,5.33,14080
EMA.TO,20230814,51.41,51.92,50.75,50.76,886195
EMA.PR.A.TO,20230814,13.32,13.32,13.26,13.32,6105
EMA.PR.B.TO,20230814,16,16,16,16,421
EMA.PR.C.TO,20230814,20.52,20.55,20.25,20.31,5600
EMA.PR.E.TO,20230814,16.85,16.85,16.78,16.78,3000
EMA.PR.F.TO,20230814,17.24,17.24,17.23,17.23,200
EMA.PR.H.TO,20230814,20.94,21.04,20.85,20.85,6550
EMA.PR.J.TO,20230814,20.3,20.32,20.3,20.32,600
EMA.PR.L.TO,20230814,16.85,16.85,16.85,16.85,27400
EMP.A.TO,20230814,36.02,36.35,35.6,35.79,327527
EMV.B.TO,20230814,25.28,25.28,25.28,25.28,102
ENB.TO,20230814,48.49,48.65,47.75,47.91,14587700
ENB.PF.A.TO,20230814,15.45,15.74,15.45,15.45,2710
ENB.PF.C.TO,20230814,14.99,15.25,14.99,15.05,8430
ENB.PF.E.TO,20230814,14.22,14.23,14.22,14.22,3100
ENB.PF.G.TO,20230814,14.16,14.16,13.99,13.99,5095
ENB.PF.K.TO,20230814,20.66,20.66,20.37,20.37,2900
ENB.PF.U.TO,20230814,18.86,18.86,18.63,18.65,6000
ENB.PF.V.TO,20230814,19.99,20.02,19.66,19.66,2406
ENB.PR.A.TO,20230814,21.18,21.18,21.1,21.1,3575
ENB.PR.B.TO,20230814,16.03,16.17,15.98,15.98,5105
ENB.PR.D.TO,20230814,16.79,16.79,16.51,16.51,7900
ENB.PR.F.TO,20230814,17.06,17.06,16.78,16.78,5736
ENB.PR.H.TO,20230814,17.89,17.89,17.7,17.7,5825
ENB.PR.J.TO,20230814,16.42,16.72,16.42,16.62,5605
ENB.PR.N.TO,20230814,18.72,18.72,18.5,18.5,3700
ENB.PR.P.TO,20230814,16.55,16.65,16.51,16.55,9800
ENB.PR.T.TO,20230814,16.01,16.01,15.86,15.86,3747
ENB.PR.V.TO,20230814,20.99,20.99,20.62,20.66,2520
ENB.PR.Y.TO,20230814,15.08,15.08,14.86,14.86,10900
ENCC.TO,20230814,11.12,11.13,11.05,11.11,46686
ENGH.TO,20230814,28.14,28.92,28.12,28.58,46788
ENI.UN.TO,20230814,1.56,1.58,1.56,1.58,900
ENS.TO,20230814,14.42,14.43,14.35,14.35,22360
ENS.PR.A.TO,20230814,9.93,9.94,9.93,9.94,2000
EPRX.TO,20230814,7.53,8.02,7.41,8,32713
EQB.TO,20230814,82.5,82.5,80.39,80.53,45858
EQL.TO,20230814,30.9,30.97,30.9,30.95,4988
EQL.F.TO,20230814,27.14,27.21,27.14,27.21,1168
EQX.TO,20230814,6.58,6.58,6.38,6.38,198658
ERD.TO,20230814,0.335,0.34,0.335,0.335,7100
ERE.UN.TO,20230814,2.56,2.56,2.49,2.51,128952
ERO.TO,20230814,28.3,28.3,27.94,28.1,141639
ESG.TO,20230814,31.8,31.8,31.8,31.8,100
ESG.F.TO,20230814,30.53,30.53,30.53,30.53,160
ESGA.TO,20230814,32,32,32,32,115
ESGC.TO,20230814,23.99,23.99,23.99,23.99,2001
ESGE.TO,20230814,30.7,30.78,30.7,30.78,513
ESGF.TO,20230814,23.75,23.75,23.75,23.75,2163
ESGG.TO,20230814,37.88,37.88,37.88,37.88,300
ESGY.TO,20230814,42.2,42.44,42.2,42.44,375
ESGY.F.TO,20230814,34.2,34.25,34.19,34.19,1400
ESI.TO,20230814,2.9,3.06,2.9,3.03,627295
ESM.TO,20230814,0.035,0.04,0.035,0.04,1367787
ESPX.TO,20230814,21.67,21.67,21.67,21.67,205
ET.TO,20230814,12.76,13.03,12.76,12.92,3411
ETC.TO,20230814,6.8,6.8,6.8,6.8,2087
ETC.U.TO,20230814,6.39,6.39,6.39,6.39,100
ETG.TO,20230814,1.38,1.38,1.33,1.37,14400
ETHH.TO,20230814,7.58,7.64,7.54,7.54,24964
ETHH.B.TO,20230814,8.66,8.7,8.64,8.67,37867
ETHH.U.TO,20230814,8.06,8.07,8.04,8.07,5364
ETHI.TO,20230814,43.45,43.45,43.45,43.45,297
ETHQ.TO,20230814,9.82,9.88,9.82,9.86,1677
ETHQ.U.TO,20230814,7.31,7.31,7.31,7.31,100
ETHR.TO,20230814,8.64,8.64,8.6,8.61,5650
ETHX.B.TO,20230814,8.95,9,8.93,8.95,33069
ETHX.U.TO,20230814,8.31,8.37,8.29,8.29,13230
ETHY.TO,20230814,2.98,2.98,2.95,2.96,1692
ETHY.B.TO,20230814,3.62,3.62,3.62,3.62,269
ETHY.U.TO,20230814,2.85,2.85,2.85,2.85,222
ETSX.TO,20230814,19.51,19.51,19.51,19.51,206
EVT.TO,20230814,133.1,133.1,133.1,133.1,135
EXE.TO,20230814,7.07,7.08,6.98,7.02,112593
EXN.TO,20230814,0.075,0.08,0.075,0.08,120097
EXRO.TO,20230814,2.14,2.24,2.14,2.17,173393
EXRO.WT.TO,20230814,0.99,0.99,0.99,0.99,3000
FANS.TO,20230814,0.05,0.055,0.05,0.055,65000
FAP.TO,20230814,2.61,2.62,2.6,2.61,14375
FAR.TO,20230814,1.74,1.74,1.62,1.67,14933
FBTC.TO,20230814,13.21,13.34,13.2,13.24,3856
FBTC.U.TO,20230814,9.89,9.89,9.84,9.84,486
FC.TO,20230814,11.11,11.12,11.04,11.12,14155
FC.DB.K.TO,20230814,86.02,86.02,86.02,86.02,10000
FCCD.TO,20230814,26.88,26.88,26.76,26.79,1200
FCCV.TO,20230814,13.39,13.4,13.37,13.4,20445
FCD.UN.TO,20230814,5.36,5.36,5.28,5.28,8216
FCID.TO,20230814,23.8,23.8,23.8,23.8,638
FCII.TO,20230814,20.36,20.37,20.36,20.37,1664
FCIQ.TO,20230814,33.5,33.64,33.5,33.64,2511
FCIV.TO,20230814,30.8,30.97,30.8,30.94,1604
FCMI.TO,20230814,11.74,11.74,11.74,11.74,225
FCQH.TO,20230814,44.78,44.87,44.78,44.87,825
FCR.UN.TO,20230814,14.6,14.96,14.48,14.5,121505
FCSI.TO,20230814,18.95,18.95,18.95,18.95,100
FCU.TO,20230814,0.67,0.68,0.64,0.66,286171
FCUD.TO,20230814,30.43,30.69,30.43,30.69,1562
FCUQ.TO,20230814,47.46,47.47,47.46,47.47,636
FCUV.TO,20230814,14.41,14.54,14.41,14.54,11984
FCUV.U.TO,20230814,10.81,10.81,10.75,10.77,1500
FCVH.TO,20230814,14.05,14.05,14.05,14.05,200
FDY.TO,20230814,0.82,0.82,0.79,0.79,38500
FEC.TO,20230814,10.76,10.77,10.39,10.48,64263
FF.TO,20230814,0.16,0.165,0.16,0.165,7602
FFH.TO,20230814,1127.98,1132.41,1125.2,1130.5,22046
FFH.PR.C.TO,20230814,18.33,18.35,18.33,18.35,700
FFH.PR.D.TO,20230814,19.52,19.52,19.41,19.41,2100
FFH.PR.E.TO,20230814,14.16,14.16,14.16,14.16,100
FFH.PR.F.TO,20230814,17.05,17.05,17.05,17.05,600
FFH.PR.G.TO,20230814,14.4,14.4,14.4,14.4,450
FFH.PR.H.TO,20230814,17.41,17.41,17.41,17.41,400
FFH.PR.I.TO,20230814,15.31,15.44,15.31,15.32,826
FFH.PR.K.TO,20230814,18.19,18.19,17.99,17.99,4034
FFH.PR.M.TO,20230814,20.48,20.48,20.29,20.29,1200
FFN.TO,20230814,3.81,3.82,3.79,3.79,58590
FFN.PR.A.TO,20230814,9.74,9.75,9.73,9.75,5263
FGO.TO,20230814,9.77,9.77,9.77,9.77,813
FHG.TO,20230814,43.45,43.45,43.45,43.45,400
FHH.TO,20230814,38.09,38.09,38.09,38.09,100
FHI.TO,20230814,11.8,11.8,11.8,11.8,1550
FHIS.TO,20230814,20.32,20.33,20.3,20.3,10499
FHQ.TO,20230814,72.03,72.2,72.03,72.2,300
FIE.TO,20230814,6.73,6.73,6.69,6.71,108854
FIG.TO,20230814,8.99,8.99,8.98,8.98,10250
FIG.U.TO,20230814,8.53,8.53,8.53,8.53,4500
FIH.U.TO,20230814,13.96,14.03,13.93,14,5346
FIL.TO,20230814,23.4,23.4,22.66,22.76,94832
FINC.TO,20230814,19.9,19.9,19.9,19.9,500
FINT.TO,20230814,23.68,23.68,23.68,23.68,100
FLCI.TO,20230814,16.74,16.74,16.74,16.74,200
FLGA.TO,20230814,18.36,18.39,18.35,18.38,819
FLNT.TO,20230814,0.03,0.03,0.03,0.03,92000
FLOW.TO,20230814,0.38,0.4,0.375,0.375,18269
FLSD.TO,20230814,18.37,18.37,18.37,18.37,700
FLUS.TO,20230814,34.88,34.88,34.88,34.88,100
FM.TO,20230814,36.05,36.25,35.16,35.75,1274283
FN.TO,20230814,39.93,40.15,39.5,39.74,18085
FN.PR.A.TO,20230814,10.65,10.65,10.6,10.6,3263
FNV.TO,20230814,190.99,191.1,189.08,191,569897
FOM.TO,20230814,3.99,3.99,3.91,3.94,190102
FOOD.TO,20230814,0.465,0.465,0.44,0.45,36725
FOOD.DB.TO,20230814,45,45,45,45,25000
FOOD.DB.A.TO,20230814,35,35,35,35,10000
FORA.TO,20230814,6,6.49,6,6.22,2263
FRU.TO,20230814,14.61,14.64,14.45,14.58,297144
FSB.TO,20230814,9.48,9.51,9.48,9.49,11046
FSL.TO,20230814,17.03,17.03,16.97,16.97,1100
FST.TO,20230814,43.93,43.93,43.93,43.93,200
FSV.TO,20230814,207.37,209.08,205.31,205.34,60335
FSY.TO,20230814,0.37,0.375,0.345,0.375,49217
FSZ.TO,20230814,6.65,6.68,6.6,6.66,200237
FSZ.DB.B.TO,20230814,103,103,103,103,54000
FT.TO,20230814,0.05,0.05,0.045,0.045,76925
FTG.TO,20230814,3.68,3.68,3.51,3.51,8723
FTN.TO,20230814,8.83,8.89,8.78,8.89,69977
FTN.PR.A.TO,20230814,9.55,9.55,9.54,9.54,27900
FTS.TO,20230814,54.51,54.69,54.02,54.19,2251207
FTS.PR.F.TO,20230814,19.8,19.9,19.78,19.78,6000
FTS.PR.G.TO,20230814,19.25,19.27,19.17,19.2,7325
FTS.PR.H.TO,20230814,13.1,13.1,13.06,13.06,4365
FTS.PR.I.TO,20230814,15.5,15.79,15.5,15.79,2400
FTS.PR.J.TO,20230814,19.06,19.07,18.93,18.93,4300
FTS.PR.K.TO,20230814,17.1,17.14,17.04,17.06,2100
FTS.PR.M.TO,20230814,17.28,17.28,17.23,17.25,6679
FTT.TO,20230814,43.63,44.08,43.2,43.71,225014
FTU.PR.B.TO,20230814,5.8,5.8,5.8,5.8,100
FURY.TO,20230814,0.495,0.495,0.475,0.475,19652
FVI.TO,20230814,4.03,4.05,3.95,4.03,278635
FVL.TO,20230814,0.455,0.46,0.44,0.445,44299
FXM.TO,20230814,20.84,20.84,20.8,20.82,3881
G.TO,20230814,0.83,0.85,0.83,0.84,10215
GATO.TO,20230814,5.87,5.96,5.87,5.93,500
GAU.TO,20230814,0.84,0.86,0.83,0.85,11200
GBAL.TO,20230814,42.03,42.03,41.97,41.97,509
GBT.TO,20230814,15.82,15.82,15.82,15.82,630
GCBD.TO,20230814,17.12,17.12,17.12,17.12,4011
GCG.TO,20230814,41.9,42.3,41.9,42.3,407
GCG.A.TO,20230814,41.71,41.78,41.15,41.27,8834
GCL.TO,20230814,0.95,1.02,0.95,1.02,16202
GCTB.TO,20230814,50.25,50.25,50.25,50.25,3980
GDC.TO,20230814,2.2,2.2,2.16,2.16,200
GDI.TO,20230814,42.08,43.49,42.08,43.02,3370
GDL.TO,20230814,13.95,13.95,13.95,13.95,100
GDV.TO,20230814,9.5,9.58,9.46,9.54,55258
GDV.PR.A.TO,20230814,9.36,9.43,9.36,9.43,32330
GEC.TO,20230814,0.395,0.395,0.285,0.37,187350
GEI.TO,20230814,20.06,20.11,19.79,19.82,1020187
GENM.TO,20230814,0.39,0.39,0.39,0.39,5213
GEO.TO,20230814,2.56,2.73,2.56,2.66,35689
GEQT.TO,20230814,47.78,47.78,47.78,47.78,162
GFL.TO,20230814,44.29,44.74,44,44.37,272390
GFP.TO,20230814,1.13,1.13,1.1,1.13,5899
GGD.TO,20230814,1.41,1.42,1.37,1.4,333881
GGRO.TO,20230814,45.01,45.08,44.98,45.08,767
GH.TO,20230814,9.06,9.43,9.01,9.01,11950
GIB.A.TO,20230814,138.53,140.47,138.51,138.73,345381
GIL.TO,20230814,41.16,41.28,40.79,41.27,308851
GLCC.TO,20230814,23.17,23.17,22.9,23.07,11561
GLO.TO,20230814,1.55,1.58,1.43,1.54,786200
GLXY.TO,20230814,5.3,5.32,5.12,5.25,351482
GMTN.TO,20230814,0.11,0.115,0.11,0.115,31786
GMX.TO,20230814,0.8,0.82,0.8,0.82,11000
GOLD.TO,20230814,1.21,1.22,1.18,1.18,63576
GOOS.TO,20230814,22.42,22.42,21.7,21.82,312366
GRA.TO,20230814,2.85,2.85,2.78,2.8,49832
GRC.TO,20230814,0.1,0.1,0.09,0.09,16525
GRID.TO,20230814,0.84,0.84,0.84,0.84,500
GRN.TO,20230814,0.25,0.25,0.24,0.24,135507
GRNI.TO,20230814,26.71,26.71,26.71,26.71,1200
GRT.UN.TO,20230814,74.29,74.78,73.81,74.22,92266
GSY.TO,20230814,134,135,132.77,133.82,25457
GTE.TO,20230814,9.15,9.15,8.84,9.01,65319
GUD.TO,20230814,4.65,4.73,4.63,4.67,107907
GURU.TO,20230814,1.97,2.19,1.97,2.19,35091
GUTB.U.TO,20230814,50.26,50.26,50.26,50.26,2985
GVC.TO,20230814,0.14,0.14,0.105,0.14,184850
GWO.TO,20230814,39.78,39.78,39.41,39.62,2845299
GWO.PR.G.TO,20230814,19.51,19.51,19.42,19.42,1850
GWO.PR.H.TO,20230814,18.25,18.31,18.25,18.25,16400
GWO.PR.L.TO,20230814,20.98,20.98,20.95,20.95,1306
GWO.PR.M.TO,20230814,21.84,21.84,21.75,21.75,950
GWO.PR.N.TO,20230814,12.42,12.42,12.42,12.42,300
GWO.PR.P.TO,20230814,20.08,20.08,20.08,20.08,300
GWO.PR.Q.TO,20230814,19.19,19.2,19.19,19.2,1500
GWO.PR.R.TO,20230814,17.91,17.92,17.9,17.9,2966
GWO.PR.S.TO,20230814,19.56,19.58,19.55,19.55,3900
GWO.PR.T.TO,20230814,19.59,19.6,19.59,19.6,3268
GWO.PR.Y.TO,20230814,17,17.1,17,17,5600
GXE.TO,20230814,0.87,0.87,0.85,0.86,345769
H.TO,20230814,36.88,37.14,36.66,36.76,439085
HAB.TO,20230814,9.5,9.5,9.48,9.5,800
HAF.TO,20230814,6.98,6.98,6.96,6.96,3100
HAI.TO,20230814,3.7,3.7,3.6,3.62,2700
HAL.TO,20230814,18.9,18.9,18.88,18.88,3325
HAZ.TO,20230814,29.42,29.42,29.39,29.39,750
HBAL.TO,20230814,13.36,13.4,13.36,13.39,5775
HBB.TO,20230814,44.47,44.47,44.41,44.42,2781
HBF.TO,20230814,9.59,9.6,9.57,9.6,22507
HBF.B.TO,20230814,10.44,10.44,10.44,10.44,400
HBGD.TO,20230814,20.25,20.49,20.25,20.48,443
HBLK.TO,20230814,11.25,11.49,11.25,11.41,1810
HBM.TO,20230814,7.11,7.11,6.99,7,1605211
HBNK.TO,20230814,20.14,20.2,20.09,20.12,10657
HBU.TO,20230814,10.58,10.58,10.58,10.58,250
HCA.TO,20230814,20.22,20.31,20.21,20.23,3309
HCAL.TO,20230814,20,20,19.85,19.89,24641
HCLN.TO,20230814,10.79,10.8,10.74,10.79,1357
HCON.TO,20230814,12.22,12.28,12.22,12.28,18561
HCRE.TO,20230814,24.5,24.5,24.5,24.5,178
HDIF.TO,20230814,8.01,8.01,7.94,7.98,287956
HDIV.TO,20230814,15.6,15.61,15.5,15.6,35804
HEB.TO,20230814,15.86,15.86,15.86,15.86,100
HED.TO,20230814,5.47,5.5,5.43,5.43,18926
HEU.TO,20230814,26.09,26.09,25.25,25.79,39119
HEWB.TO,20230814,29.19,29.22,29.19,29.22,428
HFD.TO,20230814,10.94,11.02,10.94,11.02,9401
HFG.TO,20230814,20.2,20.2,20.2,20.2,200
HFIN.TO,20230814,13.83,13.83,13.76,13.81,3019
HFPC.U.TO,20230814,2.87,2.87,2.87,2.87,200
HFR.TO,20230814,9.77,9.78,9.77,9.77,8381
HFU.TO,20230814,18.32,18.32,18.32,18.32,100
HGD.TO,20230814,6.3,6.41,6.27,6.34,138701
HGGG.TO,20230814,25.42,25.42,25.42,25.42,1000
HGR.TO,20230814,6.2,6.2,6.18,6.18,1100
HGU.TO,20230814,12.98,12.98,12.56,12.76,302618
HGY.TO,20230814,9.5,9.5,9.47,9.49,3375
HHL.TO,20230814,8.1,8.19,8.1,8.16,70560
HHL.B.TO,20230814,8.74,8.78,8.74,8.78,802
HHL.U.TO,20230814,8.55,8.55,8.55,8.55,670
HHLE.TO,20230814,10.41,10.41,10.38,10.38,13122
HISU.U.TO,20230814,100.29,100.29,100.28,100.28,2319
HIU.TO,20230814,13.55,13.56,13.45,13.45,19480
HIX.TO,20230814,29.41,29.41,29.41,29.41,1615
HLF.TO,20230814,12.45,12.58,12.08,12.55,15827
HLIF.TO,20230814,8.93,8.93,8.86,8.86,23714
HLIT.TO,20230814,34,34.02,33.7,33.9,2125
HLPR.TO,20230814,21.64,21.64,21.64,21.64,185
HLS.TO,20230814,4.84,5.13,4.84,4.98,13958
HMAX.TO,20230814,14.55,14.55,14.45,14.49,286882
HMM.A.TO,20230814,7.9,8.07,7.58,7.9,27585
HMMJ.TO,20230814,9.24,9.27,9.07,9.26,12374
HMP.TO,20230814,9.12,9.13,9.12,9.12,700
HND.TO,20230814,45.85,46.85,45.23,45.4,385485
HNU.TO,20230814,16.26,16.46,15.9,16.39,1057800
HOD.TO,20230814,8.31,8.41,8.21,8.31,522374
HOM.U.TO,20230814,13,13,12.9,12.91,5762
HOM.UN.TO,20230814,17.35,17.59,17.31,17.31,2104
HOT.DB.V.TO,20230814,84,85,81.01,85,41999
HOT.UN.TO,20230814,2.35,2.37,2.32,2.36,61184
HOU.TO,20230814,14.76,14.98,14.61,14.8,295901
HPF.TO,20230814,3.51,3.52,3.5,3.52,3193
HPR.TO,20230814,7.37,7.39,7.37,7.38,19416
HPS.A.TO,20230814,57.28,57.5,53.89,54.49,62647
HQD.TO,20230814,19.79,19.85,19.25,19.25,599103
HQU.TO,20230814,13.97,14.36,13.94,14.36,447043
HR.UN.TO,20230814,10.3,10.44,10.25,10.3,445041
HRAA.TO,20230814,11.14,11.28,11.14,11.27,28132
HREU.TO,20230814,15.54,15.54,15.54,15.54,2700
HRIF.TO,20230814,15.17,15.18,15.17,15.17,7200
HRX.TO,20230814,15.83,15.91,15.68,15.68,7331
HSAV.TO,20230814,107.59,107.59,107.44,107.52,31688
HSD.TO,20230814,25.17,25.21,24.82,24.82,307921
HSH.TO,20230814,54.65,54.92,54.65,54.92,600
HSU.TO,20230814,16.33,16.56,16.3,16.56,211580
HSUV.U.TO,20230814,105.75,105.94,105.6,105.94,16116
HTA.TO,20230814,14.78,15.12,14.78,15.12,18888
HTA.B.TO,20230814,15.37,15.37,15.37,15.37,100
HTA.U.TO,20230814,16.06,16.07,16.06,16.07,7000
HTAE.TO,20230814,12.93,13.27,12.93,13.2,17855
HTB.TO,20230814,53.35,53.45,53.34,53.45,500
HUBL.TO,20230814,10.88,10.9,10.84,10.87,5260
HUC.TO,20230814,21.47,21.5,21.47,21.5,5281
HUG.TO,20230814,15.23,15.23,15.23,15.23,917
HULC.TO,20230814,70.96,70.96,70.89,70.93,413
HULC.U.TO,20230814,52.41,52.79,52.41,52.79,2500
HUM.TO,20230814,24.89,24.89,24.81,24.81,701
HURA.TO,20230814,25.77,25.77,25.46,25.46,852
HUT.TO,20230814,3.79,3.85,3.58,3.72,2459066
HUTE.TO,20230814,9.7,9.71,9.69,9.69,5202
HUTL.TO,20230814,16.46,16.47,16.31,16.33,30872
HUTS.TO,20230814,12.32,12.32,12.21,12.21,3540
HUV.TO,20230814,17.17,17.45,16.6,16.73,45976
HUZ.TO,20230814,10.43,10.43,10.34,10.34,453
HWO.TO,20230814,1.36,1.43,1.36,1.43,17730
HWX.TO,20230814,7.46,7.5,7.38,7.46,309461
HXCN.TO,20230814,31.98,32.01,31.89,31.93,35929
HXD.TO,20230814,6.89,6.93,6.88,6.92,90889
HXDM.TO,20230814,40.65,40.77,40.52,40.77,10734
HXDM.U.TO,20230814,30.13,30.13,30.13,30.13,100
HXE.TO,20230814,32.27,32.3,32.15,32.3,822
HXEM.TO,20230814,31.78,31.93,31.78,31.91,901
HXF.TO,20230814,60.65,60.65,60.65,60.65,140
HXH.TO,20230814,44.39,44.4,44.3,44.3,1230
HXQ.TO,20230814,57.53,58.17,57.48,58.14,9650
HXQ.U.TO,20230814,43.16,43.29,43.16,43.29,800
HXS.TO,20230814,60.71,61.09,60.66,61.09,21922
HXS.U.TO,20230814,45.21,45.26,45.21,45.25,3211
HXT.TO,20230814,50.73,50.76,50.5,50.63,60044
HXU.TO,20230814,18.86,18.88,18.72,18.8,28954
HXX.TO,20230814,43.67,43.67,43.6,43.6,471
HYLD.TO,20230814,12.35,12.46,12.35,12.46,116177
HYLD.U.TO,20230814,12.57,12.67,12.57,12.67,567
HZD.TO,20230814,16.2,16.39,16,16.1,8490
HZU.TO,20230814,19.14,19.31,18.85,19.21,53238
IAF.PR.B.TO,20230814,19.1,19.1,19.1,19.1,200
IAG.TO,20230814,88.34,88.41,87.63,88.09,182516
IAU.TO,20230814,2.73,2.76,2.68,2.75,163481
ICPB.TO,20230814,9.2,9.2,9.18,9.18,6500
IDIV.B.TO,20230814,11.93,11.93,11.87,11.87,200
IE.TO,20230814,21.53,21.69,21.53,21.57,700
IFA.TO,20230814,1.42,1.56,1.41,1.41,5200
IFC.TO,20230814,200.3,201.45,199.66,200.48,263518
IFC.PR.A.TO,20230814,16.52,16.53,16.48,16.48,2200
IFC.PR.C.TO,20230814,17.7,17.7,17.7,17.7,2200
IFC.PR.E.TO,20230814,19.82,19.92,19.82,19.85,2750
IFC.PR.F.TO,20230814,20.02,20.52,20.02,20.52,500
IFC.PR.G.TO,20230814,20,20,20,20,5109
IFC.PR.I.TO,20230814,20.66,20.68,20.65,20.65,25332
IFC.PR.K.TO,20230814,19.67,19.83,19.67,19.82,6400
IFP.TO,20230814,22.14,22.3,21.93,22.21,132382
IGM.TO,20230814,38.85,39.17,38.85,39.03,50075
III.TO,20230814,2.6,2.6,2.53,2.56,11720
IIP.UN.TO,20230814,12.83,12.84,12.66,12.79,109000
ILLM.TO,20230814,2.5,2.5,2.44,2.45,68421
IMG.TO,20230814,3.08,3.17,3.04,3.11,457312
IMO.TO,20230814,74.32,74.41,73.34,74.4,983979
INC.UN.TO,20230814,9.41,9.41,9.11,9.3,3625
INE.TO,20230814,12.91,13.21,12.88,13.16,321342
INE.DB.B.TO,20230814,96.3,96.3,95.75,95.75,17000
INE.DB.C.TO,20230814,93,93,92.5,92.5,14000
INE.PR.A.TO,20230814,12.7,12.7,12.65,12.65,2372
INE.PR.C.TO,20230814,18.35,18.35,18.35,18.35,304
INO.UN.TO,20230814,3.57,3.57,3.52,3.56,12676
INOC.TO,20230814,13.23,13.23,13.23,13.23,140
IPCO.TO,20230814,12.47,12.57,12.36,12.46,87461
IPO.TO,20230814,2.73,2.73,2.66,2.68,77932
IQD.TO,20230814,30.9,31.03,30.9,30.98,4625
IQD.B.TO,20230814,27.08,27.25,27.08,27.25,400
ISV.TO,20230814,24.01,24.08,23.75,23.98,2698
ITE.TO,20230814,0.23,0.23,0.22,0.225,103128
ITH.TO,20230814,0.53,0.53,0.5,0.52,78000
IVN.TO,20230814,13.01,13.01,12.3,12.46,2146281
IVQ.TO,20230814,1.09,1.09,1.09,1.09,200
IVQ.DB.U.TO,20230814,77,78,77,78,772
IVQ.U.TO,20230814,0.8,0.8,0.79,0.79,11000
IXTE.TO,20230814,18.59,18.59,18.54,18.54,200
JAG.TO,20230814,1.62,1.64,1.62,1.64,11657
JFS.UN.TO,20230814,23.62,23.75,23.62,23.75,700
JOY.TO,20230814,5.63,5.8,5.63,5.7,90784
JWEL.TO,20230814,26.86,26.92,26.59,26.88,38563
K.TO,20230814,6.75,6.78,6.67,6.71,2105742
KBL.TO,20230814,33.55,33.55,33.5,33.5,1546
KEC.TO,20230814,13.62,13.62,12.99,12.99,4820
KEG.UN.TO,20230814,15.25,15.25,15.1,15.16,7038
KEI.TO,20230814,5.62,5.74,5.55,5.63,35085
KEL.TO,20230814,6.81,6.93,6.77,6.9,239367
KEY.TO,20230814,32.7,32.88,32.41,32.5,831880
KILO.TO,20230814,28.51,28.6,28.44,28.49,3978
KITS.TO,20230814,5.37,5.7,5.26,5.65,4006
KLS.TO,20230814,0.36,0.375,0.355,0.375,2572
KMP.UN.TO,20230814,18.06,18.27,18.01,18.24,124270
KNT.TO,20230814,5.61,5.69,5.45,5.49,836768
KPT.TO,20230814,10.4,10.46,10.31,10.31,6104
KRR.TO,20230814,4.52,4.54,4.39,4.5,279346
KSI.TO,20230814,2.93,2.97,2.92,2.92,2050
KXS.TO,20230814,159,164.93,159,164.21,82916
L.TO,20230814,118,119,117.53,117.85,385629
LABS.TO,20230814,0.08,0.085,0.08,0.08,363510
LAC.TO,20230814,24.18,24.96,24.14,24.65,303079
LAM.TO,20230814,0.47,0.47,0.46,0.465,42094
LAS.A.TO,20230814,139.99,140,139.99,140,921
LB.TO,20230814,40.42,40.57,40.12,40.41,92357
LB.PR.H.TO,20230814,16.65,16.75,16.64,16.64,600
LBS.TO,20230814,8.75,8.75,8.65,8.7,54975
LBS.PR.A.TO,20230814,9.94,9.97,9.94,9.97,1600
LCFS.TO,20230814,8.87,9.11,8.6,8.6,8051
LCS.TO,20230814,6.1,6.19,6.05,6.11,47964
LCS.PR.A.TO,20230814,9.88,9.88,9.88,9.88,100
LEAD.B.TO,20230814,16.26,16.26,16.26,16.26,100
LEV.TO,20230814,3.08,3.15,3,3.13,350858
LEV.WT.TO,20230814,0.31,0.31,0.31,0.31,500
LFE.TO,20230814,3.58,3.58,3.54,3.58,2010
LFE.PR.B.TO,20230814,10.14,10.14,10.14,10.14,500
LGD.TO,20230814,0.36,0.36,0.34,0.34,180855
LGO.TO,20230814,4.78,5.1,4.76,5.05,63189
LIF.TO,20230814,29.96,30.15,29.89,29.89,208320
LIFE.TO,20230814,21.4,21.5,21.4,21.43,3204
LIFE.B.TO,20230814,24.62,24.62,24.62,24.62,100
LIFE.U.TO,20230814,20.96,20.96,20.96,20.96,400
LIRC.TO,20230814,10.61,10.62,10.2,10.4,31194
LN.TO,20230814,0.31,0.31,0.31,0.31,4500
LNF.TO,20230814,19.82,19.82,19,19.01,13587
LNR.TO,20230814,70.94,70.94,69.54,70.29,88538
LPEN.TO,20230814,0.67,0.67,0.65,0.65,2743
LSPD.TO,20230814,21.14,22,21.03,21.74,383237
LSPK.TO,20230814,0.62,0.62,0.6,0.61,3047
LUC.TO,20230814,0.365,0.405,0.365,0.38,54500
LUG.TO,20230814,16.09,16.42,16.03,16.42,268429
LUN.TO,20230814,10.89,10.9,10.56,10.61,1484458
MAG.TO,20230814,15.4,15.4,15.03,15.22,92642
MAL.TO,20230814,7.6,7.6,7.55,7.6,3902
MARI.TO,20230814,4.15,4.15,3.92,3.99,40900
MATR.TO,20230814,18.93,19.28,18.85,19.05,328450
MBAL.TO,20230814,21.4,21.4,21.4,21.4,1517
MBX.TO,20230814,0.305,0.32,0.305,0.32,14500
MCB.TO,20230814,1.45,1.47,1.41,1.43,61100
MCSM.TO,20230814,37.06,37.06,37.06,37.06,1143
MDA.TO,20230814,10.74,11.1,10.23,10.32,556391
MDI.TO,20230814,8.36,8.5,8.28,8.44,111759
MDIV.TO,20230814,13.33,13.36,13.33,13.36,300
MDNA.TO,20230814,0.54,0.54,0.51,0.51,19012
MDP.TO,20230814,2.9,2.9,2.75,2.77,102578
MDVD.TO,20230814,22.31,22.31,22.28,22.28,800
MEG.TO,20230814,23.93,24.06,23.63,23.97,1093276
MEME.B.TO,20230814,26.08,26.11,26.08,26.11,200
MEQ.TO,20230814,136.09,136.09,134.93,135,419
MFC.TO,20230814,26.08,26.1,25.72,25.97,10258380
MFC.PR.B.TO,20230814,18.03,18.03,17.93,17.93,1613
MFC.PR.C.TO,20230814,17.6,17.6,17.5,17.59,4350
MFC.PR.F.TO,20230814,13,13,12.9,12.9,2800
MFC.PR.I.TO,20230814,21.07,21.14,21.07,21.08,5500
MFC.PR.J.TO,20230814,20.75,20.85,20.75,20.78,1500
MFC.PR.K.TO,20230814,19.95,20.14,19.95,20.03,4547
MFC.PR.L.TO,20230814,17.3,17.3,17.3,17.3,300
MFC.PR.M.TO,20230814,16.88,16.88,16.88,16.88,300
MFC.PR.N.TO,20230814,16.46,16.46,16.46,16.46,378
MFC.PR.P.TO,20230814,16.8,16.8,16.75,16.75,400
MFC.PR.Q.TO,20230814,20.37,20.37,20.3,20.3,2350
MFI.TO,20230814,29.78,30.17,29.53,29.94,99125
MFT.TO,20230814,17.37,17.42,17.37,17.37,15819
MG.TO,20230814,76.79,77.43,76.11,77.34,480958
MGA.TO,20230814,0.26,0.26,0.25,0.255,271980
MGB.TO,20230814,16.2,16.2,16.2,16.2,557
MHC.U.TO,20230814,16.21,16.21,16,16,483
MHC.UN.TO,20230814,21.99,21.99,21.81,21.85,400
MHCD.TO,20230814,11.18,11.19,11.15,11.15,3711
MI.UN.TO,20230814,14.21,14.35,14.08,14.13,31730
MIC.PR.A.TO,20230814,18.96,18.96,18.96,18.96,200
MID.UN.TO,20230814,6.98,6.99,6.98,6.99,2100
MIN.TO,20230814,0.22,0.22,0.215,0.22,16000
MINN.TO,20230814,13.92,14.04,13.92,14.04,14300
MIVG.TO,20230814,28.79,28.79,28.79,28.79,1100
MKB.TO,20230814,18.21,18.32,18.21,18.28,7800
MKC.TO,20230814,29.94,29.94,29.9,29.9,1768
MKP.TO,20230814,16.82,16.82,16.5,16.63,28232
MKZ.UN.TO,20230814,0.435,0.435,0.435,0.435,1500
MMP.UN.TO,20230814,2.06,2.09,2.06,2.08,2572
MND.TO,20230814,1.73,1.73,1.65,1.66,5210
MNO.TO,20230814,0.39,0.39,0.375,0.375,89870
MNS.TO,20230814,17.15,17.15,17.15,17.15,100
MNT.TO,20230814,26.4,26.4,26.27,26.3,2870
MNU.U.TO,20230814,100.22,100.25,100.22,100.25,4002
MNY.TO,20230814,100.25,100.25,100.23,100.23,675
MOGO.TO,20230814,2.77,2.84,2.5,2.64,28013
MPCT.UN.TO,20230814,9.62,9.62,9.45,9.49,9193
MPVD.TO,20230814,0.475,0.475,0.46,0.465,175498
MR.DB.B.TO,20230814,91,91,91,91,4000
MR.UN.TO,20230814,4.78,4.78,4.72,4.73,1802
MRC.TO,20230814,102.8,103.27,102.5,103.13,2406
MRD.TO,20230814,11.9,11.9,11.88,11.88,671
MRE.TO,20230814,13.4,13.45,12.96,13.1,133371
MREL.TO,20230814,11.92,11.97,11.92,11.97,220
MRG.DB.B.TO,20230814,98.51,98.51,98.51,98.51,5000
MRG.UN.TO,20230814,16.13,16.17,16.1,16.13,12033
MRT.DB.A.TO,20230814,90.37,91,90.37,91,16000
MRT.UN.TO,20230814,5.4,5.41,5.4,5.4,5000
MRU.TO,20230814,71.18,72.05,71.18,71.41,687054
MSA.TO,20230814,0.64,0.64,0.64,0.64,1000
MSV.TO,20230814,0.185,0.185,0.185,0.185,1400
MTL.TO,20230814,15.29,15.32,15.2,15.32,41971
MTL.DB.TO,20230814,118,118,118,118,11000
MTY.TO,20230814,65.12,65.44,64.5,64.65,19346
MUB.TO,20230814,17.88,17.88,17.83,17.85,15757
MULC.B.TO,20230814,45.45,45.5,45.45,45.48,405
MUMC.TO,20230814,37.87,37.87,37.87,37.87,1230
MUMC.B.TO,20230814,41.2,41.25,41.2,41.25,200
MUS.TO,20230814,32.52,32.6,32.52,32.6,5680
MUSA.TO,20230814,14.97,14.97,14.97,14.97,100
MUX.TO,20230814,9.75,9.95,9.59,9.78,14358
MWD.TO,20230814,26.76,26.79,26.76,26.79,300
MX.TO,20230814,59.74,59.75,58.33,59.51,119385
MXG.TO,20230814,4.13,4.64,4.13,4.5,61960
MXU.TO,20230814,21.24,21.24,21.24,21.24,600
NA.TO,20230814,103.43,103.65,102.84,103.24,704029
NA.PR.C.TO,20230814,25.17,25.17,25.08,25.08,800
NA.PR.E.TO,20230814,20.55,20.55,20.47,20.47,725
NA.PR.G.TO,20230814,21.81,21.9,21.76,21.76,1100
NA.PR.S.TO,20230814,18,18.05,18,18.01,5327
NA.PR.W.TO,20230814,16.75,16.8,16.72,16.72,3572
NALT.TO,20230814,23.8,23.83,23.79,23.79,6500
NANO.TO,20230814,2.9,2.9,2.76,2.81,92700
NCP.TO,20230814,0.03,0.03,0.025,0.025,26791
NCU.TO,20230814,0.205,0.21,0.2,0.2,355257
NDM.TO,20230814,0.345,0.35,0.345,0.345,12669
NEO.TO,20230814,8.66,8.71,8.6,8.7,63084
NEXT.TO,20230814,1.48,1.49,1.44,1.46,54366
NFI.TO,20230814,11.86,12.3,11.6,11.88,137707
NFI.DB.TO,20230814,82,82.5,81.5,82.5,152000
NG.TO,20230814,5.83,5.83,5.5,5.68,103210
NGD.TO,20230814,1.37,1.4,1.34,1.38,335219
NGT.TO,20230814,53.7,53.7,52.89,53.16,190046
NOA.TO,20230814,33.25,33.45,33.03,33.32,55525
NOA.DB.A.TO,20230814,140,140,140,140,133000
NOA.DB.B.TO,20230814,139.73,139.73,139.73,139.73,8000
NOVB.F.TO,20230814,37.2,37.2,37.2,37.2,344
NOVC.TO,20230814,0.47,0.54,0.47,0.5,64134
NPI.TO,20230814,22.72,23.98,22.72,23.48,1174166
NPI.PR.A.TO,20230814,14.99,15,14.91,14.91,2592
NPK.TO,20230814,3.1,3.1,2.51,3.02,333646
NPRF.TO,20230814,19.28,19.31,19.26,19.31,1875
NSCB.TO,20230814,21.43,21.43,21.29,21.29,538
NSCC.TO,20230814,20.84,20.84,20.84,20.84,100
NSCE.TO,20230814,35.08,35.08,35.08,35.08,1500
NSGE.TO,20230814,35.3,35.3,35.3,35.3,1650
NSSB.TO,20230814,9.49,9.49,9.49,9.49,900
NTR.TO,20230814,87.21,87.29,85.83,85.95,870072
NUAG.TO,20230814,3.1,3.1,2.96,3,17683
NUBF.TO,20230814,20.81,20.81,20.71,20.73,5019
NUMI.TO,20230814,0.185,0.19,0.18,0.185,185963
NUSA.TO,20230814,34.93,34.93,34.93,34.93,200
NVA.TO,20230814,12.15,12.24,12.01,12.17,400143
NVEI.TO,20230814,22.51,23.74,22.5,22.65,1270129
NVO.TO,20230814,0.21,0.22,0.21,0.21,102419
NWC.TO,20230814,31.8,32.02,31.31,31.4,78975
NWH.DB.G.TO,20230814,98.6,98.6,98.21,98.6,39000
NWH.DB.H.TO,20230814,88,88,87.94,87.94,166000
NWH.DB.I.TO,20230814,95,95,95,95,28000
NWH.UN.TO,20230814,7.1,7.11,6.67,6.7,2740487
NXE.TO,20230814,6.59,6.86,6.57,6.75,2474519
NXF.TO,20230814,6.2,6.2,6.15,6.18,20322
NXR.UN.TO,20230814,8.25,8.31,8.2,8.24,88844
OBE.TO,20230814,9.44,9.44,9.31,9.32,125877
OGC.TO,20230814,2.9,2.96,2.88,2.9,954467
OGD.TO,20230814,0.62,0.62,0.62,0.62,557
OGI.TO,20230814,1.78,1.84,1.74,1.8,82299
OLA.TO,20230814,6.06,6.16,6,6.14,312240
OLY.TO,20230814,77,86.75,77,86,7365
ONC.TO,20230814,2.77,2.85,2.58,2.76,164790
ONEB.TO,20230814,46.81,46.81,46.78,46.79,19800
ONEC.TO,20230814,20.1,20.1,20.1,20.1,7800
ONEX.TO,20230814,82.17,83.54,82.14,82.91,91775
OR.TO,20230814,18.55,18.57,18.14,18.48,254329
ORA.TO,20230814,8.92,8.92,8.67,8.82,20701
ORE.TO,20230814,0.98,0.98,0.93,0.94,348116
ORV.TO,20230814,0.16,0.19,0.16,0.18,34188
OSK.TO,20230814,2.75,2.83,2.71,2.76,1426867
OTEX.TO,20230814,51.12,51.65,50.75,51.39,648768
OVV.TO,20230814,64.74,65.12,64.15,64.59,107920
PAAS.TO,20230814,21.05,21.41,20.79,21.23,321589
PAY.TO,20230814,6.43,6.75,6.43,6.55,284825
PBH.TO,20230814,112.29,112.55,109.3,109.3,31946
PBH.DB.G.TO,20230814,97.5,97.5,97.5,97.5,27000
PBH.DB.H.TO,20230814,94,94,94,94,2000
PBH.DB.I.TO,20230814,97,97,97,97,45000
PBI.B.TO,20230814,40.65,40.81,40.65,40.78,400
PBL.TO,20230814,26.46,26.5,25.75,25.76,3584
PBY.UN.TO,20230814,14.5,14.5,14.36,14.38,10701
PCON.TO,20230814,17.97,17.97,17.97,17.97,4201
PCOR.TO,20230814,17.41,17.46,17.41,17.46,6400
PD.TO,20230814,90.28,90.28,88.47,89.36,47926
PDC.TO,20230814,29.83,29.83,29.64,29.65,5720
PDF.TO,20230814,30.01,30.01,29.9,29.93,1105
PDIV.TO,20230814,9.85,9.86,9.84,9.84,444
PEA.TO,20230814,0.71,0.71,0.67,0.69,79760
PET.TO,20230814,26.13,26.44,26,26.35,298072
PEY.TO,20230814,12.45,12.45,12.17,12.33,898533
PFAA.TO,20230814,10.29,10.29,10.25,10.25,2305
PFIA.TO,20230814,9.68,9.69,9.66,9.66,10686
PFL.TO,20230814,19.67,19.69,19.67,19.68,43843
PFLS.TO,20230814,15.47,15.51,15.47,15.5,1700
PFMN.TO,20230814,13.47,13.54,13.47,13.51,7255
PFSS.TO,20230814,9.03,9.03,9.03,9.03,100
PGI.UN.TO,20230814,7.03,7.03,7,7,14096
PHE.B.TO,20230814,33.22,33.22,33.22,33.22,500
PHR.TO,20230814,18.71,18.71,18.71,18.71,150
PHX.TO,20230814,7.72,7.95,7.62,7.87,142172
PHYS.TO,20230814,20,20.07,20,20.07,9868
PHYS.U.TO,20230814,14.88,14.9,14.88,14.9,3100
PIC.A.TO,20230814,5,5,4.89,4.89,8461
PIC.PR.A.TO,20230814,13.6,13.6,13.41,13.58,35160
PID.TO,20230814,20.81,20.84,20.81,20.84,507
PIF.TO,20230814,14.66,14.83,14.56,14.71,17083
PIN.TO,20230814,16.88,16.93,16.88,16.93,1975
PINC.TO,20230814,17.52,17.52,17.52,17.52,200
PIX.UN.TO,20230814,7.91,7.91,7.85,7.87,12200
PKI.TO,20230814,36.97,37.3,36.81,37.21,201706
PLC.TO,20230814,23.13,23.13,22.09,22.95,147608
PLDI.TO,20230814,18.55,18.55,18.55,18.55,1900
PLZ.UN.TO,20230814,3.94,3.95,3.91,3.94,15204
PMB.UN.TO,20230814,6.95,6.95,6.94,6.94,1468
PME.TO,20230814,2.62,2.63,2.6,2.62,2060
PMIF.TO,20230814,17.92,17.92,17.87,17.87,32330
PMM.TO,20230814,20.38,20.38,20.36,20.36,2300
PMNT.TO,20230814,19.18,19.18,19.18,19.18,200
PMT.TO,20230814,0.59,0.59,0.53,0.54,13533
PMZ.UN.TO,20230814,13.19,13.37,13.15,13.26,61025
PNC.A.TO,20230814,1.51,1.67,1.42,1.58,509
PNE.TO,20230814,1.42,1.42,1.36,1.39,348315
PNP.TO,20230814,3.97,3.97,3.97,3.97,200
POU.TO,20230814,32.68,32.97,32.37,32.76,86003
POW.TO,20230814,38.8,38.8,38.3,38.6,1937383
POW.PR.A.TO,20230814,21.17,21.17,21.15,21.15,900
POW.PR.B.TO,20230814,19.93,20.03,19.85,19.85,1300
POW.PR.C.TO,20230814,22.1,22.22,22.1,22.22,2247
POW.PR.D.TO,20230814,18.82,18.82,18.7,18.7,3000
POW.PR.G.TO,20230814,20.9,20.9,20.76,20.76,1940
PPL.TO,20230814,42.33,42.38,41.79,42.03,924579
PPL.PF.A.TO,20230814,20.05,20.05,19.95,19.96,2412
PPL.PF.B.TO,20230814,23,23,22,22,200
PPL.PF.E.TO,20230814,21.08,21.08,21.08,21.08,725
PPL.PR.A.TO,20230814,17.73,17.77,17.72,17.72,10218
PPL.PR.C.TO,20230814,17.06,17.07,17.04,17.04,6400
PPL.PR.E.TO,20230814,17.27,17.27,17.21,17.21,1032
PPL.PR.G.TO,20230814,16.73,16.73,16.73,16.73,1900
PPL.PR.I.TO,20230814,19.31,19.31,19.31,19.31,2162
PPL.PR.O.TO,20230814,19.47,19.47,19.26,19.26,5200
PPL.PR.Q.TO,20230814,18.15,18.15,17.15,17.15,700
PPL.PR.S.TO,20230814,20.59,21.11,20.59,20.99,14479
PPR.TO,20230814,0.12,0.14,0.115,0.13,931159
PPTA.TO,20230814,4.53,4.53,4.4,4.4,5504
PR.TO,20230814,8.02,8.02,8.02,8.02,901
PRA.TO,20230814,26.68,26.68,26.67,26.67,280
PRB.TO,20230814,1.6,1.61,1.52,1.53,27204
PRL.TO,20230814,9.04,9.74,8.89,9.32,47456
PRM.TO,20230814,15.12,15.2,15.12,15.2,5501
PRMW.TO,20230814,20.4,20.82,20.39,20.73,118595
PRN.TO,20230814,12.97,13.3,12.95,12.95,1729
PRQ.TO,20230814,1.62,1.62,1.49,1.54,55775
PRU.TO,20230814,1.48,1.48,1.48,1.48,400
PRV.DB.TO,20230814,97.49,97.98,97.49,97.98,37000
PRV.UN.TO,20230814,5.47,5.48,5.44,5.45,30435
PSA.TO,20230814,50.13,50.13,50.12,50.13,47424
PSB.TO,20230814,16.61,16.63,16.6,16.6,605
PSD.TO,20230814,2.05,2.08,2.01,2.04,6095
PSI.TO,20230814,13.75,13.89,13.75,13.82,124114
PSK.TO,20230814,26.41,26.45,26.14,26.33,232437
PSLV.TO,20230814,10.45,10.52,10.39,10.52,33217
PSU.U.TO,20230814,100.27,100.27,100.26,100.26,1754
PTI.UN.TO,20230814,6.52,6.54,6.49,6.5,22449
PTM.TO,20230814,1.68,1.68,1.66,1.67,2617
PTO.UN.TO,20230814,6.9,6.96,6.9,6.95,17725
PVS.PR.G.TO,20230814,23.75,23.82,23.74,23.77,4938
PVS.PR.I.TO,20230814,23.9,23.98,23.9,23.9,1000
PVS.PR.J.TO,20230814,22.32,22.32,22.32,22.32,400
PVS.PR.K.TO,20230814,21.35,21.35,21.02,21.2,2400
PWF.PF.A.TO,20230814,16.81,16.81,16.8,16.8,1100
PWF.PR.A.TO,20230814,13.1,13.1,13.1,13.1,100
PWF.PR.E.TO,20230814,20.2,20.2,20.2,20.2,390
PWF.PR.F.TO,20230814,19.3,19.3,19.25,19.25,1474
PWF.PR.G.TO,20230814,21.95,21.95,21.73,21.77,4115
PWF.PR.H.TO,20230814,21.2,21.2,21.2,21.2,200
PWF.PR.K.TO,20230814,18.02,18.21,18.02,18.21,2100
PWF.PR.L.TO,20230814,18.81,18.81,18.73,18.73,3200
PWF.PR.O.TO,20230814,21.35,21.35,21.35,21.35,1300
PWF.PR.P.TO,20230814,12.26,12.26,12.25,12.25,4500
PWF.PR.Q.TO,20230814,14.86,14.86,14.86,14.86,100
PWF.PR.R.TO,20230814,20.23,20.24,20.22,20.22,3000
PWF.PR.S.TO,20230814,17.91,17.91,17.85,17.91,6100
PWF.PR.T.TO,20230814,18.85,18.85,18.6,18.65,1318
PWI.TO,20230814,6.16,6.2,6.08,6.15,11879
PXC.TO,20230814,34.74,34.74,34.62,34.63,926
PXT.TO,20230814,25.02,25.02,24.45,24.84,811761
PXU.F.TO,20230814,52.91,52.91,52.91,52.91,100
PYF.TO,20230814,17.25,17.26,17.24,17.26,3879
PYF.U.TO,20230814,19.29,19.31,19.29,19.31,3100
PYR.TO,20230814,0.93,0.94,0.92,0.94,47957
PZA.TO,20230814,15.24,15.35,15.11,15.21,43850
QAH.TO,20230814,147.96,147.97,147.52,147.52,401
QBB.TO,20230814,88.44,88.62,88.44,88.5,1522
QBR.A.TO,20230814,33.6,33.6,33.45,33.45,907
QBR.B.TO,20230814,34,34.07,33.02,33.18,560362
QBTC.TO,20230814,38.93,39.4,38.91,39.12,5698
QBTC.U.TO,20230814,29.14,29.23,28.99,29.1,1254
QCE.TO,20230814,123.07,123.07,122.78,122.78,200
QCLN.TO,20230814,20.9,20.9,20.9,20.9,175
QCN.TO,20230814,124.21,124.21,123.9,123.9,578
QDX.TO,20230814,104.75,104.92,104.75,104.92,3200
QDXB.TO,20230814,85.52,85.54,85.52,85.54,1100
QEBL.TO,20230814,79.59,79.59,79.59,79.59,200
QEC.TO,20230814,0.215,0.23,0.215,0.215,104655
QETH.U.TO,20230814,28.35,28.5,28.35,28.35,640
QETH.UN.TO,20230814,37.78,38.5,37.78,38.2,1052
QIE.TO,20230814,28.85,29,28.85,29,1800
QINF.TO,20230814,110.84,110.84,110.84,110.84,100
QIPT.TO,20230814,7,7.28,6.95,7.23,86738
QQC.TO,20230814,24.09,24.42,24.09,24.42,10919
QQC.F.TO,20230814,120.62,122,120.62,122,2314
QQCC.TO,20230814,10.84,11,10.84,11,35829
QQCE.TO,20230814,20.38,20.4,20.38,20.4,300
QQQT.TO,20230814,20.13,20.13,20.13,20.13,240
QRC.TO,20230814,0.63,0.63,0.62,0.62,14000
QSR.TO,20230814,98.34,98.34,97.22,97.63,390357
QTRH.TO,20230814,1.55,1.62,1.55,1.58,81925
QUB.TO,20230814,80.43,80.43,80.27,80.27,2250
QUU.TO,20230814,171.57,171.87,171.57,171.87,729
QXM.TO,20230814,26.83,26.83,26.76,26.76,525
RA.UN.TO,20230814,7.79,7.79,7.74,7.74,1900
RATE.TO,20230814,20.15,20.15,20.15,20.15,1100
RAV.UN.TO,20230814,16,16,16,16,100
RAY.A.TO,20230814,5.1,5.17,5,5.06,49731
RAY.B.TO,20230814,5.05,5.05,5.05,5.05,130
RBA.TO,20230814,77.95,78.72,77.49,78.27,157978
RBN.UN.TO,20230814,7.63,7.63,7.52,7.54,5899
RBNK.TO,20230814,22.84,22.84,22.7,22.72,3290
RBO.TO,20230814,17.6,17.6,17.6,17.6,270
RBOT.TO,20230814,25.65,25.65,25.65,25.65,131
RBY.TO,20230814,2.11,2.11,2.05,2.08,48985
RCG.TO,20230814,7,7.16,6.84,6.9,49730
RCG.PR.B.TO,20230814,10.75,10.75,10.7,10.7,900
RCH.TO,20230814,42.89,42.97,42.38,42.57,29313
RCI.A.TO,20230814,58.76,58.76,58.76,58.76,170
RCI.B.TO,20230814,56.81,56.83,56.09,56.18,1409264
RDBH.TO,20230814,19.85,19.85,19.85,19.85,108
REAL.TO,20230814,6.97,7.1,6.92,7.02,65079
REI.UN.TO,20230814,19.51,19.57,19.35,19.41,324808
RGQL.TO,20230814,19.94,19.94,19.94,19.94,3000
RGQN.TO,20230814,19.65,19.65,19.65,19.65,9250
RGQO.TO,20230814,19.45,19.45,19.45,19.45,200
RGQP.TO,20230814,19.25,19.25,19.25,19.25,1050
RGQQ.TO,20230814,19.12,19.12,19.12,19.12,200
RID.TO,20230814,23.23,23.24,23.23,23.24,1100
RIFI.TO,20230814,17.28,17.31,17.28,17.31,200
RIIN.TO,20230814,18.43,18.44,18.43,18.44,400
RIT.TO,20230814,15.94,15.94,15.85,15.87,6355
RLB.TO,20230814,17.7,17.7,17.7,17.7,6200
ROOT.TO,20230814,2.97,2.97,2.81,2.81,14050
RPDH.TO,20230814,23.42,23.46,23.41,23.46,500
RPF.TO,20230814,17.74,17.75,17.7,17.74,12623
RPI.UN.TO,20230814,33.82,33.82,32.8,32.8,55869
RQL.TO,20230814,19.92,19.92,19.9,19.91,12650
RQN.TO,20230814,19.62,19.62,19.6,19.62,24900
RQO.TO,20230814,17.57,17.57,17.55,17.56,11340
RQP.TO,20230814,17.07,17.08,17.07,17.08,6496
RQQ.TO,20230814,20.42,20.42,20.36,20.41,2700
RQR.TO,20230814,20.29,20.29,20.29,20.29,1330
RS.TO,20230814,14.14,14.19,14.1,14.19,12539
RS.PR.A.TO,20230814,9.55,9.55,9.5,9.5,1200
RSI.TO,20230814,5.77,5.85,5.75,5.76,179220
RSI.DB.E.TO,20230814,98.1,98.1,98.1,98.1,27000
RSI.DB.F.TO,20230814,95.8,96.5,95.8,96.1,66000
RUBY.TO,20230814,17.06,17.08,17.06,17.08,2163
RUD.TO,20230814,52.7,52.7,52.68,52.68,3775
RUDH.TO,20230814,37.68,37.68,37.68,37.68,110
RUP.TO,20230814,3.79,3.79,3.65,3.65,25604
RUS.TO,20230814,38.89,39.55,38.69,39.27,219125
RVX.TO,20230814,0.095,0.1,0.09,0.095,217081
RXD.TO,20230814,18.16,18.16,18.16,18.16,303
RY.TO,20230814,127.42,127.52,126.3,126.87,3640869
RY.PR.H.TO,20230814,17.68,17.68,17.6,17.65,7904
RY.PR.J.TO,20230814,18.75,18.95,18.66,18.68,1752
RY.PR.M.TO,20230814,18.3,18.31,18.3,18.3,10499
RY.PR.N.TO,20230814,21.7,21.7,21.7,21.7,1000
RY.PR.O.TO,20230814,21.6,21.6,21.59,21.59,300
RY.PR.S.TO,20230814,20.1,20.11,20.1,20.11,1750
S.TO,20230814,0.46,0.475,0.46,0.47,130368
SAM.TO,20230814,0.115,0.115,0.11,0.115,32500
SAP.TO,20230814,28.26,28.54,27.73,27.94,391833
SAU.TO,20230814,0.085,0.09,0.085,0.085,3050
SBC.TO,20230814,9.8,9.8,9.74,9.76,28882
SBC.PR.A.TO,20230814,9.6,9.6,9.53,9.53,3679
SBI.TO,20230814,0.44,0.44,0.44,0.44,17000
SBN.PR.A.TO,20230814,9.2,9.2,9.15,9.15,5800
SBT.TO,20230814,11.92,12,11.92,12,300
SCY.TO,20230814,0.04,0.04,0.035,0.035,192579
SDE.TO,20230814,4.28,4.28,4.11,4.17,419579
SEA.TO,20230814,15.85,15.85,15.57,15.72,22018
SES.TO,20230814,7.13,7.14,7.04,7.1,388146
SFC.TO,20230814,4.35,4.35,4.29,4.33,2700
SFD.TO,20230814,0.21,0.21,0.21,0.21,3500
SFI.TO,20230814,0.275,0.275,0.275,0.275,10000
SFTC.TO,20230814,16.04,16.31,15.85,15.92,3550
SGLD.TO,20230814,0.125,0.125,0.125,0.125,8461
SGNL.TO,20230814,0.22,0.22,0.215,0.22,27000
SGR.UN.TO,20230814,12.91,13,12.81,12.88,76432
SGY.TO,20230814,8.71,8.71,8.61,8.65,298861
SHLE.TO,20230814,4.67,4.77,4.46,4.5,18738
SHOP.TO,20230814,73.49,75.38,73.25,75.37,2329358
SIA.TO,20230814,11.86,12.11,11.81,12.02,380638
SIH.UN.TO,20230814,9.43,9.68,9.43,9.56,2114
SII.TO,20230814,46.86,47.5,46.64,47.42,105165
SIL.TO,20230814,6.57,6.77,6.49,6.7,558377
SIS.TO,20230814,16.33,16.49,16.12,16.42,67879
SJ.TO,20230814,68.08,68.31,65.01,65.31,116507
SKE.TO,20230814,6.62,6.62,6.31,6.39,85513
SLF.TO,20230814,67.82,67.82,66.9,67.3,1694800
SLF.PR.C.TO,20230814,17.83,17.83,17.82,17.82,1800
SLF.PR.D.TO,20230814,17.78,17.88,17.78,17.88,700
SLF.PR.E.TO,20230814,18,18.01,18,18.01,500
SLF.PR.G.TO,20230814,13.05,13.05,13,13.01,3000
SLF.PR.H.TO,20230814,15.31,15.31,15.3,15.3,1300
SLF.PR.J.TO,20230814,15.25,15.25,14.9,15,21199
SLS.TO,20230814,6.35,6.35,6.17,6.22,70767
SMC.TO,20230814,0.045,0.045,0.045,0.045,2000
SMT.TO,20230814,0.395,0.395,0.39,0.395,19500
SOIL.TO,20230814,2.8,2.8,2.75,2.77,135230
SOIL.WT.A.TO,20230814,0.45,0.45,0.45,0.45,500
SOLG.TO,20230814,0.255,0.255,0.25,0.25,16000
SOT.DB.TO,20230814,67,68.5,67,68.5,44000
SOT.DB.A.TO,20230814,55.62,56,55.62,56,15000
SOT.DB.B.TO,20230814,61,61,61,61,6000
SOT.UN.TO,20230814,1.41,1.46,1.41,1.44,62821
SOY.TO,20230814,6.54,6.68,6.31,6.34,84263
SPB.TO,20230814,10.17,10.26,10.1,10.21,592825
SPLT.TO,20230814,10.08,10.2,10.08,10.2,2605
SPPP.TO,20230814,14.89,14.89,14.65,14.77,425
SRU.UN.TO,20230814,24.85,25.02,24.69,24.82,203709
SRV.UN.TO,20230814,15.1,15.17,14.98,15.16,4229
SSF.UN.TO,20230814,6.48,6.52,6.47,6.52,7700
SSL.TO,20230814,7.16,7.2,7.05,7.16,166404
SSRM.TO,20230814,19.99,20.22,19.77,19.98,139510
STC.TO,20230814,5.52,5.7,5.52,5.61,22697
STCK.TO,20230814,6.74,6.74,6.74,6.74,1045
STEP.TO,20230814,4,4,3.85,3.87,84358
STGO.TO,20230814,0.77,0.77,0.74,0.75,64022
STLC.TO,20230814,39.91,42.4,39.62,42.12,419686
STN.TO,20230814,89.32,90.39,89.13,89.52,274155
STPL.TO,20230814,24.09,24.09,23.93,23.93,3700
SU.TO,20230814,42.42,42.49,41.89,42.4,19558750
SVA.TO,20230814,0.85,0.86,0.84,0.86,97988
SVI.TO,20230814,4.9,4.92,4.85,4.85,161930
SVI.DB.TO,20230814,95,95.25,95,95,29000
SVI.DB.B.TO,20230814,92.5,92.5,92.5,92.5,9000
SVM.TO,20230814,3.52,3.56,3.44,3.54,203061
SVR.TO,20230814,11.04,11.17,11.04,11.13,57304
SVR.C.TO,20230814,11.54,11.56,11.54,11.56,992
SWP.TO,20230814,2.63,2.67,2.63,2.67,2500
SXP.TO,20230814,5,5.07,4.77,4.77,112643
SYLD.TO,20230814,17.94,17.95,17.93,17.93,500
SYZ.TO,20230814,7.2,7.34,7.13,7.27,36048
T.TO,20230814,23.82,23.86,23.66,23.69,2007097
TA.TO,20230814,13.73,13.86,13.62,13.75,590800
TA.PR.D.TO,20230814,11.7,11.8,11.7,11.7,28560
TA.PR.E.TO,20230814,14.95,14.95,14.91,14.91,425
TA.PR.F.TO,20230814,18.01,18.05,18,18,1200
TA.PR.H.TO,20230814,21.25,21.25,21.25,21.25,1735
TA.PR.J.TO,20230814,19.7,19.71,19.5,19.5,1100
TAIG.TO,20230814,2.12,2.18,1.94,2.02,60096
TAL.TO,20230814,0.78,0.79,0.77,0.78,348748
TBL.TO,20230814,2.85,2.9,2.85,2.9,4563
TBNK.TO,20230814,24.73,24.73,24.57,24.72,1500
TC.TO,20230814,27.27,28.17,27.18,28.17,7766
TCL.A.TO,20230814,12.85,12.85,12.59,12.64,47712
TCL.B.TO,20230814,12.65,12.7,12.64,12.64,900
TCLB.TO,20230814,114.04,114.35,114.04,114.35,1450
TCLV.TO,20230814,18.84,18.84,18.77,18.77,9725
TCS.TO,20230814,26.47,26.55,26.13,26.55,7900
TCSB.TO,20230814,14.1,14.11,14.1,14.1,2400
TCW.TO,20230814,4.6,4.74,4.56,4.73,805402
TD.TO,20230814,86.11,86.32,85.57,85.85,3031700
TD.PF.A.TO,20230814,17.7,17.7,17.6,17.6,2400
TD.PF.B.TO,20230814,17.95,17.97,17.9,17.9,18155
TD.PF.C.TO,20230814,17.3,17.3,17.22,17.27,1500
TD.PF.D.TO,20230814,18.24,18.25,18.18,18.18,2800
TD.PF.E.TO,20230814,18.59,18.67,18.52,18.52,2500
TD.PF.I.TO,20230814,23.63,23.7,23.61,23.64,8400
TD.PF.J.TO,20230814,21.17,21.17,21.04,21.04,3800
TD.PF.M.TO,20230814,24.11,24.15,24.1,24.1,11450
TDB.TO,20230814,12.57,12.59,12.52,12.56,18587
TDOC.TO,20230814,17.57,17.57,17.51,17.51,4501
TDOC.U.TO,20230814,13.09,13.09,13.09,13.09,1100
TEC.TO,20230814,28.37,28.76,28.35,28.76,20016
TEC.U.TO,20230814,21.33,21.33,21.33,21.33,700
TECH.TO,20230814,10.93,11.03,10.89,11.03,18020
TECH.B.TO,20230814,12.31,12.31,12.31,12.31,100
TECI.TO,20230814,6.74,6.74,6.74,6.74,259
TECK.A.TO,20230814,54.57,54.57,53.78,53.78,576
TECK.B.TO,20230814,53.67,54.18,53.28,53.61,677545
TERM.TO,20230814,9.02,9.02,9.01,9.01,3600
TF.TO,20230814,7.41,7.47,7.41,7.45,36841
TF.DB.C.TO,20230814,99,99,99,99,5000
TFII.TO,20230814,177.85,179.62,177.1,178.87,147453
TFPM.TO,20230814,18.13,18.55,17.87,18.48,85590
TGED.TO,20230814,19.11,19.41,19.11,19.35,15204
TGED.U.TO,20230814,14.35,14.35,14.35,14.35,4100
TGFI.TO,20230814,19.9,19.96,19.9,19.95,29550
TGGR.TO,20230814,21.83,21.94,21.83,21.94,3228
TGO.TO,20230814,1.71,1.9,1.66,1.85,14183
TGRE.TO,20230814,13.35,13.35,13.25,13.25,700
TH.TO,20230814,1.91,1.91,1.82,1.85,4350
The.TO,20230814,22.38,22.42,22.36,22.42,2700
THNC.TO,20230814,1.9,1.95,1.9,1.9,15074
THU.TO,20230814,29.97,30.08,29.97,30.08,790
TI.TO,20230814,0.43,0.43,0.425,0.425,1200
TIH.TO,20230814,115.24,115.89,114.88,115.5,62377
TINF.TO,20230814,17.44,17.44,17.39,17.39,4831
TIXT.TO,20230814,11.91,11.91,11.66,11.89,184079
TKN.TO,20230814,11.16,11.16,11.16,11.16,100
TKO.TO,20230814,1.79,1.85,1.79,1.82,89589
TLF.TO,20230814,19.67,19.67,19.67,19.67,100
TLF.U.TO,20230814,21.16,21.2,21.16,21.2,7000
TLG.TO,20230814,0.41,0.42,0.4075,0.41,79664
TLO.TO,20230814,0.28,0.28,0.2675,0.2675,55714
TLRY.TO,20230814,3.49,3.58,3.35,3.55,1037833
TMD.TO,20230814,0.2,0.205,0.195,0.195,17101
TMEC.TO,20230814,17.61,17.61,17.61,17.61,100
TML.TO,20230814,0.265,0.265,0.245,0.245,59385
TMQ.TO,20230814,0.69,0.71,0.69,0.69,33500
TMUC.TO,20230814,8.24,8.24,8.24,8.24,5000
TNT.UN.TO,20230814,2.55,2.55,2.49,2.5,196389
TNZ.TO,20230814,3.61,3.85,3.56,3.56,149826
TOT.TO,20230814,9.15,9.52,8.97,9.39,145881
TOU.TO,20230814,69.48,69.85,68.88,69.81,5840062
TOY.TO,20230814,35.76,36.15,35.76,36.03,26229
TPAY.TO,20230814,20.71,20.71,20.68,20.68,6509
TPE.TO,20230814,19.78,19.78,19.66,19.78,5346
TPRF.TO,20230814,8.89,8.92,8.89,8.92,3300
TPU.TO,20230814,33.74,33.97,33.74,33.97,16422
TPU.U.TO,20230814,25.44,25.44,25.4,25.4,1400
TPX.B.TO,20230814,87,87,86.49,86.5,705
TPZ.TO,20230814,22.18,22.38,22.04,22.18,159034
TQCD.TO,20230814,15.76,15.76,15.71,15.72,28244
TQGD.TO,20230814,16.58,16.58,16.48,16.48,31623
TQGM.TO,20230814,15.49,15.49,15.48,15.48,200
TQSM.TO,20230814,19.94,19.94,19.77,19.84,23896
TRI.TO,20230814,178,180.71,178,179.12,246725
TRI.PR.B.TO,20230814,13.41,13.41,13.4,13.4,1000
TRP.TO,20230814,49.25,49.35,48.86,49.11,2838866
TRP.PR.A.TO,20230814,13.45,13.52,13.34,13.38,7130
TRP.PR.B.TO,20230814,10.55,10.56,10.48,10.48,3321
TRP.PR.C.TO,20230814,10.85,10.9,10.85,10.85,4654
TRP.PR.D.TO,20230814,15.16,15.21,15.16,15.18,15730
TRP.PR.E.TO,20230814,14.55,14.6,14.51,14.52,15772
TRP.PR.F.TO,20230814,14.61,14.61,14.6,14.6,1150
TRP.PR.G.TO,20230814,15.76,15.77,15.54,15.65,4804
TRP.PR.H.TO,20230814,13.1,13.1,12.96,12.96,6800
TRP.PR.I.TO,20230814,13.8,13.8,13.79,13.79,2090
TRVI.TO,20230814,20.1,20.4,20.1,20.4,3300
TRVL.TO,20230814,22.5,22.5,22.42,22.5,3300
TRZ.TO,20230814,4.89,4.89,4.64,4.68,61546
TSAT.TO,20230814,17.52,20.02,17.52,19.4,25645
TSK.TO,20230814,0.08,0.08,0.075,0.075,122542
TSL.TO,20230814,3.15,3.15,3.11,3.15,7322
TSND.TO,20230814,2.13,2.3,2.13,2.26,303194
TSU.TO,20230814,35.12,35.47,33.73,33.94,427232
TTNM.TO,20230814,2.95,2.96,2.84,2.87,38264
TTP.TO,20230814,23.21,23.21,23.12,23.14,20272
TUED.TO,20230814,20.31,20.46,20.31,20.44,5100
TUED.U.TO,20230814,15.02,15.02,15.02,15.02,1300
TUHY.TO,20230814,20.23,20.4,20.23,20.38,2600
TULB.TO,20230814,114.59,114.59,114.53,114.53,900
TULV.TO,20230814,18.48,18.48,18.48,18.48,4700
TUSB.TO,20230814,13.47,13.47,13.47,13.47,300
TVA.B.TO,20230814,1.85,1.88,1.85,1.88,27342
TVE.TO,20230814,3.69,3.7,3.65,3.68,865945
TVK.TO,20230814,36,36.8,35.87,36.49,11630
TWC.TO,20230814,17.87,17.87,17.85,17.85,27000
TWM.TO,20230814,1.06,1.1,1.05,1.05,342018
TWM.DB.TO,20230814,97.5,97.5,97.5,97.5,3000
TXF.TO,20230814,17.04,17.37,17.04,17.37,20355
TXF.B.TO,20230814,21.09,21.11,21.09,21.11,200
TXF.U.TO,20230814,9.05,9.05,9.05,9.05,1000
TXG.TO,20230814,15.34,15.4,14.88,14.91,231483
TXP.TO,20230814,1.38,1.4,1.35,1.38,122040
TXT.UN.TO,20230814,2.37,2.37,2.37,2.37,450
U.U.TO,20230814,13.47,13.47,13.08,13.08,8650
U.UN.TO,20230814,18.11,18.2,17.53,17.61,415275
UBIL.U.TO,20230814,50.1,50.1,50.09,50.1,719
UDIV.TO,20230814,11.96,11.96,11.92,11.94,3200
UDIV.B.TO,20230814,12.36,12.36,12.36,12.36,200
ULV.F.TO,20230814,45.37,45.37,45.36,45.36,300
UMAX.TO,20230814,15.6,15.6,15.4,15.42,58508
UMI.TO,20230814,29.16,29.21,29.16,29.21,1077
UNC.TO,20230814,104.51,105.13,104.49,104.5,500
UNI.TO,20230814,1.71,1.73,1.7,1.71,6650
URB.TO,20230814,4.11,4.11,4.11,4.11,186
URB.A.TO,20230814,4.01,4.05,3.98,4.05,6705
URC.TO,20230814,3.02,3.03,2.93,3.01,47932
URC.WT.TO,20230814,1.11,1.12,1.11,1.11,26245
URE.TO,20230814,1.6,1.6,1.55,1.59,27516
USA.TO,20230814,0.52,0.52,0.51,0.52,37276
USCC.TO,20230814,17.3,17.48,17.3,17.48,1921
USCC.U.TO,20230814,12.9,12.95,12.9,12.95,236
USCL.TO,20230814,20.26,20.38,20.21,20.38,21029
UTIL.TO,20230814,20.44,20.44,20.37,20.37,1776
VAB.TO,20230814,21.89,21.95,21.85,21.88,45107
VBAL.TO,20230814,28.34,28.37,28.28,28.35,59629
VBNK.TO,20230814,11,11.24,11,11.21,7000
VBNK.PR.A.TO,20230814,9.53,9.53,9.53,9.53,300
VCB.TO,20230814,22.52,22.55,22.49,22.5,13329
VCE.TO,20230814,44.18,44.18,43.93,44.04,15405
VCIP.TO,20230814,24.38,24.38,24.27,24.28,4586
VCM.TO,20230814,17,17.19,17,17,17430
VCN.TO,20230814,41.38,41.38,41.15,41.23,35432
VCNS.TO,20230814,26.1,26.14,26.07,26.12,6401
VDU.TO,20230814,38.63,38.83,38.63,38.81,3192
VDY.TO,20230814,41.69,41.69,41.33,41.47,62940
VE.TO,20230814,32.1,32.1,32.1,32.1,115
VEE.TO,20230814,32.8,32.87,32.63,32.86,36579
VEF.TO,20230814,49.75,49.87,49.63,49.87,17072
VEQT.TO,20230814,35.7,35.77,35.55,35.77,72646
VET.TO,20230814,19.8,19.85,19.4,19.46,685196
VFV.TO,20230814,106.59,107.3,106.55,107.3,153635
VGCX.TO,20230814,7.43,7.44,7.12,7.16,212045
VGG.TO,20230814,74.65,75.03,74.65,75.02,19677
VGH.TO,20230814,54.01,54.01,53.86,53.86,1802
VGRO.TO,20230814,30.64,30.66,30.52,30.65,109395
VGV.TO,20230814,21.46,21.49,21.46,21.49,2600
VGZ.TO,20230814,0.65,0.65,0.65,0.65,2296
VHI.TO,20230814,2.69,2.8,2.69,2.75,38050
VI.TO,20230814,34.68,34.79,34.68,34.79,2721
VIDY.TO,20230814,27.04,27.17,27.04,27.13,1217
VIU.TO,20230814,30.63,30.81,30.58,30.78,30613
VLB.TO,20230814,20.28,20.36,20.21,20.24,9500
VLE.TO,20230814,2.52,2.52,2.38,2.39,357458
VLN.TO,20230814,10,10.2,9.99,10.2,7183
VMO.TO,20230814,46,46.24,46,46.24,1305
VNP.TO,20230814,3.86,3.86,3.76,3.81,84877
VOXR.TO,20230814,2.86,2.88,2.8,2.8,3600
VPH.TO,20230814,0.335,0.35,0.335,0.35,5700
VQS.TO,20230814,0.4,0.4,0.38,0.38,32567
VRE.TO,20230814,29.8,29.8,29.57,29.57,3643
VRIF.TO,20230814,23.15,23.15,23.1,23.11,7009
VSB.TO,20230814,22.12,22.13,22.1,22.11,26605
VSC.TO,20230814,22.56,22.58,22.56,22.56,25710
VSP.TO,20230814,73.21,73.67,73.11,73.67,34235
VUN.TO,20230814,81.09,81.56,80.98,81.56,42779
VUS.TO,20230814,79.65,80.04,79.5,80.01,6056
VVL.TO,20230814,43.76,43.81,43.72,43.76,7656
VXC.TO,20230814,49.75,49.91,49.59,49.91,15226
VXM.TO,20230814,28.49,28.49,28.49,28.49,100
WCN.TO,20230814,189.17,191.15,189.17,190.34,213209
WCP.TO,20230814,11.13,11.13,10.98,11.02,1793533
WDO.TO,20230814,7.46,7.68,7.36,7.42,527358
WEED.TO,20230814,0.55,0.55,0.51,0.54,2213950
WEF.TO,20230814,0.99,1.01,0.98,0.99,61665
WELL.TO,20230814,4.32,4.52,4.23,4.5,1392890
WELL.DB.TO,20230814,92,92.5,92,92.5,11000
WFC.TO,20230814,18.56,18.56,18.56,18.56,100
WFG.TO,20230814,103.78,104.19,102.31,103.98,131951
WILD.TO,20230814,1.79,1.8,1.77,1.77,9172
WJX.TO,20230814,28.46,28.6,28.15,28.29,87068
WJX.DB.TO,20230814,100,101,99.99,101,86000
WLLW.TO,20230814,0.09,0.095,0.09,0.09,42807
WM.TO,20230814,0.135,0.155,0.135,0.145,1190203
WN.TO,20230814,153.56,154.41,151.96,152.53,92615
WN.PR.A.TO,20230814,22.22,22.22,22.2,22.2,1150
WN.PR.C.TO,20230814,19.56,19.56,19.54,19.54,600
WN.PR.D.TO,20230814,19.61,19.61,19.6,19.6,818
WN.PR.E.TO,20230814,17.8,17.81,17.8,17.81,2900
WNDR.TO,20230814,0.17,0.175,0.165,0.17,339903
WOMN.TO,20230814,29.35,29.35,29.34,29.34,200
WPK.TO,20230814,39.98,40.19,39.61,39.99,86720
WPM.TO,20230814,60.37,60.44,59.11,59.59,763611
WPRT.TO,20230814,10.87,11.03,10.45,10.72,21635
WRG.TO,20230814,3.5,3.5,3.5,3.5,775
WRN.TO,20230814,1.93,1.96,1.89,1.91,25477
WRX.TO,20230814,0.265,0.275,0.265,0.275,16900
WSP.TO,20230814,187.5,190.4,186.79,188.3,171373
WSRD.TO,20230814,26.42,26.42,26.38,26.38,3529
WSRI.TO,20230814,36.05,36.05,35.86,35.91,2109
WTE.TO,20230814,29.59,29.8,29.22,29.75,67614
WXM.TO,20230814,24.44,24.44,24.37,24.43,1188
X.TO,20230814,30.33,30.7,30.12,30.48,257643
XAM.TO,20230814,0.085,0.085,0.085,0.085,11240
XAU.TO,20230814,9.3,9.6,9.26,9.5,5289
XAW.TO,20230814,34.66,34.81,34.58,34.81,14985
XBAL.TO,20230814,25.68,25.74,25.64,25.74,18055
XBB.TO,20230814,26.8,26.87,26.76,26.82,95439
XBM.TO,20230814,19.89,19.89,19.58,19.71,15380
XCB.TO,20230814,18.75,18.8,18.74,18.74,48116
XCBG.TO,20230814,35.19,35.2,35.14,35.14,800
XCD.TO,20230814,48.92,49.12,48.82,49.12,544
XCG.TO,20230814,43.63,43.76,43.63,43.65,2231
XCH.TO,20230814,17.71,17.78,17.59,17.77,63146
XCLN.TO,20230814,37.87,37.87,37.81,37.81,860
XCNS.TO,20230814,20.67,20.67,20.67,20.67,109
XCS.TO,20230814,18.12,18.13,18.12,18.12,2313
XCSR.TO,20230814,58.8,58.8,58.6,58.65,575
XCV.TO,20230814,32.74,32.74,32.5,32.56,3204
XDG.TO,20230814,23.58,23.63,23.57,23.63,676652
XDG.U.TO,20230814,17.56,17.56,17.56,17.56,100
XDGH.TO,20230814,24.15,24.2,24.15,24.18,5500
XDIV.TO,20230814,25.2,25.2,24.96,25.05,37100
XDNA.TO,20230814,30.56,30.56,30.56,30.56,100
XDSR.TO,20230814,50.25,50.25,50.25,50.25,326
XDU.TO,20230814,26.7,26.7,26.63,26.66,5393
XDUH.TO,20230814,24.78,24.78,24.75,24.77,2937
XDV.TO,20230814,27.42,27.42,27.24,27.29,19060
XEB.TO,20230814,15.14,15.14,15.14,15.14,4300
XEC.TO,20230814,25.34,25.43,25.25,25.42,24712
XEF.TO,20230814,33.36,33.5,33.26,33.5,88022
XEF.U.TO,20230814,24.87,24.88,24.87,24.88,2420
XEG.TO,20230814,16.38,16.41,16.24,16.41,935678
XEH.TO,20230814,29.2,29.39,29.2,29.39,992
XEI.TO,20230814,24.57,24.57,24.42,24.48,55454
XEM.TO,20230814,29.23,29.34,29.23,29.34,1852
XEMC.TO,20230814,41.11,41.14,41.11,41.14,300
XEN.TO,20230814,30.83,30.83,30.77,30.78,601
XEQT.TO,20230814,26.6,26.67,26.5,26.67,97320
XESG.TO,20230814,24.74,24.74,24.71,24.73,3377
XFH.TO,20230814,28.05,28.09,28.02,28.09,2145
XFLB.TO,20230814,46.4,46.4,46.4,46.4,400
XFN.TO,20230814,45.78,45.84,45.55,45.7,236247
XFR.TO,20230814,20.16,20.17,20.16,20.16,10922
XGB.TO,20230814,18.47,18.51,18.46,18.47,11301
XGD.TO,20230814,17.17,17.17,16.95,17.06,266592
XGRO.TO,20230814,24.82,24.86,24.74,24.85,73390
XHB.TO,20230814,18.28,18.29,18.24,18.24,1776
XHC.TO,20230814,67.98,68.12,67.98,68.12,790
XHD.TO,20230814,30.91,31.02,30.91,31,1592
XHU.TO,20230814,28.46,28.46,28.46,28.46,889
XHY.TO,20230814,15.9,15.99,15.9,15.99,4172
XIC.TO,20230814,32.35,32.4,32.24,32.32,110163
XID.TO,20230814,45.93,46.12,45.93,46.12,835
XIG.TO,20230814,19.57,19.62,19.56,19.59,492
XIGS.TO,20230814,36.41,36.41,36.41,36.41,100
XIN.TO,20230814,31.67,31.85,31.67,31.85,11614
XINC.TO,20230814,18.84,18.84,18.84,18.84,500
XIT.TO,20230814,43.57,44.1,43.57,43.98,13004
XIU.TO,20230814,30.94,30.96,30.79,30.88,702816
XLB.TO,20230814,18.55,18.63,18.5,18.53,47069
XLY.TO,20230814,0.02,0.02,0.015,0.02,373963
XMA.TO,20230814,18.54,18.54,18.32,18.36,2280
XMC.TO,20230814,27.38,27.45,27.38,27.45,8687
XMD.TO,20230814,31.36,31.42,31.33,31.36,1788
XMF.PR.B.TO,20230814,4.75,4.75,4.75,4.75,5000
XMH.TO,20230814,24.16,24.17,24.06,24.17,1377
XMI.TO,20230814,34.57,34.57,34.57,34.57,300
XML.TO,20230814,24.37,24.37,24.37,24.37,400
XMM.TO,20230814,26.44,26.49,26.44,26.49,1597
XMS.TO,20230814,31.73,31.73,31.7,31.71,959
XMU.TO,20230814,68.16,68.26,68.16,68.26,2301
XMV.TO,20230814,37.91,37.92,37.91,37.92,400
XMW.TO,20230814,46.72,46.72,46.72,46.72,200
XPF.TO,20230814,13.8,13.8,13.78,13.8,1124
XQB.TO,20230814,18,18.03,18,18,8405
XQLT.TO,20230814,30.15,30.15,30.15,30.15,759
XQQ.TO,20230814,114.6,116.21,114.6,116.19,13550
XRB.TO,20230814,21.27,21.33,21.27,21.28,4352
XRE.TO,20230814,16.29,16.29,16.13,16.18,194055
XSAB.TO,20230814,17.23,17.23,17.22,17.22,1485
XSB.TO,20230814,25.46,25.47,25.44,25.46,25092
XSC.TO,20230814,17.37,17.38,17.37,17.38,1100
XSE.TO,20230814,17.32,17.36,17.32,17.35,5281
XSEA.TO,20230814,23.02,23.04,23.02,23.04,1459
XSEM.TO,20230814,18.46,18.48,18.46,18.48,1200
XSH.TO,20230814,17.8,17.82,17.8,17.82,7900
XSHG.TO,20230814,36.77,36.77,36.72,36.72,800
XSHU.U.TO,20230814,29.32,29.32,29.32,29.32,200
XSI.TO,20230814,16.46,16.47,16.46,16.46,12618
XSMC.TO,20230814,27.34,27.42,27.34,27.42,13108
XSMH.TO,20230814,25.5,25.5,25.4,25.4,313
XSP.TO,20230814,46.99,47.36,46.99,47.36,85616
XST.TO,20230814,85.18,85.62,84.81,84.96,6740
XSTB.TO,20230814,18.68,18.68,18.68,18.68,150
XSTP.TO,20230814,39.61,39.66,39.61,39.65,1506
XSU.TO,20230814,37.19,37.5,37.15,37.47,8904
XSUS.TO,20230814,32.11,32.15,32.06,32.15,16512
XTC.TO,20230814,8.35,8.44,8.13,8.19,9430
XTD.TO,20230814,4.08,4.08,3.96,4.01,6377
XTG.TO,20230814,0.81,0.81,0.8,0.8,6000
XTLH.TO,20230814,36.14,36.48,36.14,36.48,1688
XTR.TO,20230814,10.21,10.22,10.2,10.2,22130
XTRA.TO,20230814,0.81,0.82,0.8,0.8,90784
XUH.TO,20230814,37.62,37.66,37.62,37.66,576
XUS.TO,20230814,74.48,74.96,74.42,74.96,121582
XUS.U.TO,20230814,56.06,56.48,56.02,56.48,6500
XUSR.TO,20230814,61.87,62.59,61.87,62.59,3395
XUT.TO,20230814,26.24,26.4,26.16,26.18,97566
XUU.TO,20230814,44.63,45,44.61,45,12029
XVLU.TO,20230814,24.15,24.15,24.15,24.15,100
XWD.TO,20230814,72.62,72.98,72.51,72.98,11259
Y.TO,20230814,12.87,12.87,12.87,12.87,204
YGR.TO,20230814,1.85,1.86,1.82,1.82,26626
YRB.TO,20230814,0.035,0.04,0.035,0.04,70101
ZACE.TO,20230814,33.27,33.27,33.27,33.27,150
ZAG.TO,20230814,13.18,13.2,13.16,13.18,125772
ZBAL.TO,20230814,34.35,34.35,34.16,34.16,4034
ZBK.TO,20230814,23.81,23.81,23.57,23.65,30908
ZCB.TO,20230814,44.13,44.13,44.13,44.13,200
ZCH.TO,20230814,14.8,14.93,14.8,14.9,15691
ZCLN.TO,20230814,17.53,17.69,17.5,17.67,2790
ZCM.TO,20230814,14.26,14.28,14.26,14.28,3940
ZCN.TO,20230814,27.28,27.29,27.15,27.21,25288
ZCON.TO,20230814,31.11,31.11,31.11,31.11,219
ZCPB.TO,20230814,26.46,26.46,26.46,26.46,2355
ZCS.TO,20230814,12.98,12.98,12.97,12.97,10400
ZCS.L.TO,20230814,21.86,21.86,21.86,21.86,100
ZDB.TO,20230814,14.11,14.11,14.08,14.09,20924
ZDH.TO,20230814,24.47,24.56,24.45,24.55,5928
ZDI.TO,20230814,21.6,21.7,21.6,21.69,688
ZDJ.TO,20230814,55.37,55.37,55.27,55.37,1581
ZDM.TO,20230814,26.01,26.18,26.01,26.18,2222
ZDV.TO,20230814,19.1,19.1,19,19.04,23183
ZDY.TO,20230814,37.3,37.31,37.29,37.31,2877
ZEA.TO,20230814,20.51,20.53,20.35,20.53,11920
ZEAT.TO,20230814,28.33,28.33,28.33,28.33,203
ZEB.TO,20230814,34.01,34.01,33.79,33.88,1089212
ZEF.TO,20230814,11.77,11.81,11.77,11.77,2251
ZEM.TO,20230814,19.2,19.22,19.14,19.17,20991
ZEO.TO,20230814,63.82,63.82,63.2,63.59,7236
ZEQ.TO,20230814,28.35,28.54,28.35,28.54,9186
ZEQT.TO,20230814,40.83,40.83,40.7,40.7,350
ZESG.TO,20230814,31.65,31.65,31.65,31.65,125
ZFH.TO,20230814,14.26,14.26,14.2,14.2,1778
ZFL.TO,20230814,12.64,12.68,12.58,12.59,47663
ZFM.TO,20230814,13.9,13.9,13.87,13.89,3818
ZFS.TO,20230814,13.13,13.13,13.13,13.13,480
ZFS.L.TO,20230814,20.36,20.36,20.36,20.36,100
ZGB.TO,20230814,43.61,43.66,43.53,43.62,4534
ZGI.TO,20230814,41.56,41.63,41.29,41.36,3513
ZGQ.TO,20230814,51.7,52,51.7,52,1703
ZGRO.TO,20230814,37.44,37.44,37.33,37.4,2671
ZGSB.TO,20230814,25.46,25.46,25.46,25.46,100
ZHP.TO,20230814,17.33,17.33,17.33,17.33,200
ZHU.TO,20230814,41.79,41.82,41.79,41.82,950
ZHY.TO,20230814,10.8,10.83,10.75,10.82,19797
ZIC.TO,20230814,16.66,16.71,16.66,16.71,2300
ZIC.U.TO,20230814,12.54,12.54,12.54,12.54,200
ZID.TO,20230814,39.29,39.4,39.29,39.4,4000
ZJG.TO,20230814,64.31,64.31,64.29,64.29,300
ZJK.TO,20230814,17.13,17.2,17.12,17.2,631
ZLB.TO,20230814,41.01,41.02,40.82,40.84,33977
ZLC.TO,20230814,14.46,14.48,14.4,14.45,25197
ZLE.TO,20230814,17.29,17.29,17.29,17.29,1600
ZLU.TO,20230814,47.11,47.28,47,47.01,7074
ZLU.U.TO,20230814,35.78,35.8,35.78,35.8,650
ZMI.TO,20230814,15.85,15.85,15.72,15.74,1168
ZMID.TO,20230814,38.21,38.51,38.21,38.51,590
ZMID.F.TO,20230814,35.94,35.94,35.9,35.9,2000
ZMID.U.TO,20230814,37.95,37.97,37.95,37.97,500
ZMMK.TO,20230814,50,50,49.98,50,28469
ZMP.TO,20230814,13.07,13.09,13.07,13.08,10276
ZMT.TO,20230814,56.05,56.23,56.05,56.1,1018
ZMU.TO,20230814,12.3,12.31,12.27,12.31,14450
ZNQ.TO,20230814,65.52,66.06,65.52,66.02,2194
ZNQ.U.TO,20230814,33.12,33.13,33.12,33.13,325
ZPAY.TO,20230814,29.79,30.05,29.79,30.05,28529
ZPAY.F.TO,20230814,28.27,28.37,28.27,28.36,1130
ZPAY.U.TO,20230814,29.09,29.11,29.09,29.11,901
ZPH.TO,20230814,14.74,14.85,14.74,14.85,935
ZPL.TO,20230814,12.05,12.05,12.02,12.04,1781
ZPR.TO,20230814,8.87,8.87,8.83,8.84,105221
ZPS.TO,20230814,11.78,11.79,11.78,11.78,5325
ZPW.TO,20230814,15.3,15.35,15.3,15.35,977
ZQQ.TO,20230814,106.22,107.68,106.1,107.68,12294
ZRE.TO,20230814,21.23,21.23,21.06,21.1,2394
ZRR.TO,20230814,13.99,13.99,13.93,13.93,2935
ZSB.TO,20230814,46.01,46.01,46.01,46.01,150
ZSDB.TO,20230814,28.48,28.48,28.48,28.48,7000
ZSML.TO,20230814,36.28,36.28,36.28,36.28,100
ZSP.TO,20230814,65.71,66.15,65.69,66.15,479047
ZSP.U.TO,20230814,48.84,49.14,48.8,49.12,1351
ZST.TO,20230814,48.63,48.66,48.63,48.65,4684
ZST.L.TO,20230814,56.16,56.17,56.16,56.17,1405
ZSU.TO,20230814,12.94,12.94,12.94,12.94,100
ZTIP.TO,20230814,30.61,30.61,30.56,30.56,253
ZTIP.U.TO,20230814,28.56,28.56,28.56,28.56,200
ZUAG.F.TO,20230814,28.95,29.01,28.94,28.94,405
ZUAG.U.TO,20230814,29.11,29.11,29.11,29.11,800
ZUB.TO,20230814,22.3,22.37,22.24,22.32,16616
ZUD.TO,20230814,26.47,26.47,26.47,26.47,500
ZUE.TO,20230814,62.38,62.84,62.38,62.83,3102
ZUH.TO,20230814,69.31,69.6,69.31,69.54,956
ZUP.TO,20230814,19.1,19.1,19.1,19.1,600
ZUP.U.TO,20230814,18.37,18.37,18.37,18.37,100
ZUQ.TO,20230814,62.28,62.93,62.28,62.93,2406
ZUT.TO,20230814,21.27,21.46,21.27,21.31,7779
ZVC.TO,20230814,26.01,26.01,25.95,25.95,1234
ZWA.TO,20230814,24.54,24.54,24.54,24.54,294
ZWB.TO,20230814,17.84,17.87,17.76,17.8,94126
ZWB.U.TO,20230814,22.74,22.74,22.74,22.74,901
ZWC.TO,20230814,16.96,16.96,16.84,16.87,52810
ZWE.TO,20230814,19.5,19.54,19.45,19.48,8404
ZWEN.TO,20230814,28.95,29.02,28.95,29.02,1238
ZWG.TO,20230814,28.82,28.87,28.8,28.83,6769
ZWH.TO,20230814,22.07,22.18,22.07,22.17,15811
ZWH.U.TO,20230814,22.62,22.62,22.62,22.62,100
ZWHC.TO,20230814,29.26,29.28,29.26,29.26,2275
ZWK.TO,20230814,18.67,18.67,18.39,18.46,92490
ZWP.TO,20230814,17.11,17.11,17,17,5332
ZWQT.TO,20230814,15.42,15.42,15.4,15.4,662
ZWS.TO,20230814,19.69,19.69,19.69,19.69,200
ZWT.TO,20230814,32.71,33.26,32.71,33.26,1787
ZWU.TO,20230814,10.5,10.51,10.42,10.43,165048
ZXM.B.TO,20230814,32.96,32.96,32.96,32.96,300
ZZZ.TO,20230814,25,25.06,24,24.1,244870
ZZZD.TO,20230814,27.15,27.15,27.14,27.14,400
