<ticker>,<date>,<open>,<high>,<low>,<close>,<vol>
AAUC.TO,20240509,3.6,3.68,3.49,3.49,180032
AAV.TO,20240509,10.88,10.9,10.74,10.8,581871
ABX.TO,20240509,23.06,23.43,23.03,23.3,5366301
AC.TO,20240509,18.47,18.73,18.47,18.64,1445862
ACB.TO,20240509,8.85,9.51,8.62,9.39,2064390
ACD.TO,20240509,4.4,4.4,4.07,4.22,17810
ACO.X.TO,20240509,39.83,39.99,39.57,39.93,167045
ACO.Y.TO,20240509,42.9,42.9,42.9,42.9,100
ACQ.TO,20240509,20.98,21.84,20.98,21.07,50321
AD.DB.A.TO,20240509,95.56,95.56,95.56,95.56,3000
AD.UN.TO,20240509,16.14,16.35,16.14,16.33,41321
ADCO.TO,20240509,0.23,0.23,0.23,0.23,500
ADEN.TO,20240509,41.98,41.99,40.53,40.59,67926
ADN.TO,20240509,18.07,18.17,18.05,18.06,5036
ADW.A.TO,20240509,3.84,3.87,3.78,3.85,27191
ADW.B.TO,20240509,4.74,4.74,4.71,4.71,1700
AEG.TO,20240509,0.37,0.37,0.37,0.37,45001
AEM.TO,20240509,91.28,93.27,91.28,93.15,1541575
AFN.TO,20240509,49.09,49.49,48.36,48.44,63863
AFN.DB.G.TO,20240509,99.5,99.5,99.13,99.13,15000
AFN.DB.H.TO,20240509,98.5,98.5,98.5,98.5,19000
AFN.DB.J.TO,20240509,100.5,100.5,100.5,100.5,50000
AGF.B.TO,20240509,8.39,8.39,8.27,8.3,26229
AGI.TO,20240509,21.14,21.56,21.13,21.45,760537
AI.TO,20240509,11.17,11.23,11.14,11.21,23387
AI.DB.G.TO,20240509,92,92,92,92,25000
AIDX.TO,20240509,1.48,1.48,1.44,1.44,180358
AIF.TO,20240509,51.65,51.85,49.45,49.78,113985
AII.TO,20240509,0.63,0.65,0.63,0.64,79039
AIM.TO,20240509,2.4,2.42,2.35,2.4,100797
AIM.PR.A.TO,20240509,14.67,14.67,14.67,14.67,500
AKT.A.TO,20240509,1.48,1.52,1.45,1.51,48550
ALA.TO,20240509,30.25,30.51,30.12,30.4,851601
ALA.PR.A.TO,20240509,19.22,19.22,19.22,19.22,684
ALA.PR.G.TO,20240509,24.4,24.4,24.25,24.35,10200
ALC.TO,20240509,14.67,14.67,14.57,14.57,3704
ALS.TO,20240509,22.1,22.7,22.04,22.29,76434
ALYA.TO,20240509,2.12,2.12,2.08,2.09,23594
AMAX.TO,20240509,18.76,19.21,18.75,19.21,2029
AMC.TO,20240509,2.13,2.21,2.13,2.18,38769
AMM.TO,20240509,0.17,0.17,0.17,0.17,36500
AND.TO,20240509,40.6,40.61,39.3,39.55,47270
AOI.TO,20240509,2.41,2.45,2.35,2.36,700113
AOT.TO,20240509,0.73,0.73,0.69,0.72,175095
AP.UN.TO,20240509,17.04,17.22,16.9,17.18,308028
APLI.TO,20240509,0.035,0.035,0.035,0.035,66444
APR.UN.TO,20240509,9.98,10,9.93,9.95,11979
APS.TO,20240509,1.71,1.71,1.68,1.69,4009
AQN.TO,20240509,9.09,9.26,9.06,9.24,1679200
AQN.PR.A.TO,20240509,21.97,21.97,21.88,21.89,984
AQN.PR.D.TO,20240509,22.35,22.35,22.3,22.31,500
ARA.TO,20240509,0.55,0.55,0.55,0.55,6594
ARE.TO,20240509,17.08,17.21,16.99,17.11,128838
ARG.TO,20240509,1.76,1.77,1.7,1.77,146590
ARIS.TO,20240509,5.77,5.91,5.77,5.9,631395
ARIS.WT.A.TO,20240509,0.5,0.52,0.48,0.52,154989
ARR.TO,20240509,9.33,9.52,9.21,9.49,11629
ARTI.TO,20240509,9.72,9.77,9.72,9.77,300
ARX.TO,20240509,25.67,25.93,25.56,25.85,1358437
ASCU.TO,20240509,1.39,1.45,1.39,1.4,23101
ASM.TO,20240509,1.02,1.14,1.02,1.14,145385
ASND.TO,20240509,0.065,0.065,0.065,0.065,8500
ASTL.TO,20240509,10.58,10.84,10.58,10.83,55728
ATCU.TO,20240509,0.58,0.6,0.57,0.59,10400
ATD.TO,20240509,75.24,75.55,74.61,74.76,1485619
ATH.TO,20240509,4.87,5.07,4.84,4.99,4536653
ATRL.TO,20240509,55.67,56.38,55.25,55.96,170820
ATS.TO,20240509,45.83,45.97,45.31,45.96,76645
ATSX.TO,20240509,23.77,23.81,23.77,23.81,300
ATZ.TO,20240509,36.2,36.53,35.09,35.3,248704
AUGB.F.TO,20240509,43.15,43.15,43.15,43.15,100
AUMN.TO,20240509,0.78,0.78,0.73,0.74,8900
AVCN.TO,20240509,0.315,0.34,0.31,0.315,166795
AVL.TO,20240509,0.065,0.065,0.065,0.065,121075
AVNT.TO,20240509,0.085,0.085,0.08,0.08,94905
AW.UN.TO,20240509,29.5,29.67,29.4,29.4,19966
AX.PR.E.TO,20240509,17.89,18.03,17.89,18.03,4900
AX.PR.I.TO,20240509,18.64,18.64,18.28,18.28,1308
AX.UN.TO,20240509,6.42,6.49,6.42,6.45,155045
AYA.TO,20240509,14.15,14.79,14.06,14.75,254213
BABY.TO,20240509,0.29,0.3,0.285,0.3,117208
BAM.TO,20240509,53.56,54.91,53.39,54.71,626379
BANK.TO,20240509,7.36,7.43,7.36,7.43,71738
BASE.TO,20240509,26.65,26.71,26.64,26.71,1068
BASE.B.TO,20240509,27.38,27.4,27.38,27.4,4000
BB.TO,20240509,3.92,4.11,3.89,4.08,1248020
BBD.A.TO,20240509,72.47,72.81,71.2,71.34,6625
BBD.B.TO,20240509,72.23,72.98,71.21,71.38,313290
BBD.PR.B.TO,20240509,17.4,17.4,17.39,17.39,701
BBD.PR.C.TO,20240509,18.66,18.8,18.64,18.8,10650
BBD.PR.D.TO,20240509,18.9,18.9,18.9,18.9,100
BBU.UN.TO,20240509,26.32,26.98,26.32,26.94,20657
BBUC.TO,20240509,29.31,29.57,29.16,29.29,14808
BCE.TO,20240509,46.28,46.75,46.12,46.23,2059408
BCE.PR.A.TO,20240509,17.85,17.89,17.54,17.54,1884
BCE.PR.B.TO,20240509,18.26,18.27,18.23,18.27,6718
BCE.PR.C.TO,20240509,17.5,17.57,17.5,17.57,1400
BCE.PR.D.TO,20240509,18.3,18.31,18.21,18.25,3019
BCE.PR.E.TO,20240509,18.25,18.25,18.2,18.2,1018
BCE.PR.F.TO,20240509,17.51,17.51,17.49,17.49,47062
BCE.PR.G.TO,20240509,16.34,16.34,16.21,16.21,16844
BCE.PR.H.TO,20240509,18.15,18.15,18.12,18.14,1400
BCE.PR.I.TO,20240509,16.36,16.36,16.29,16.29,9480
BCE.PR.J.TO,20240509,18.2,18.2,18.2,18.2,461
BCE.PR.K.TO,20240509,15.28,15.72,15.28,15.55,13597
BCE.PR.L.TO,20240509,16.91,16.91,16.9,16.9,1400
BCE.PR.N.TO,20240509,17.75,17.75,17.75,17.75,4300
BCE.PR.Q.TO,20240509,22.6,22.69,22.5,22.5,78614
BCE.PR.R.TO,20240509,16.36,16.36,16.35,16.35,221
BCE.PR.S.TO,20240509,18.2,18.2,18.2,18.2,1900
BCE.PR.T.TO,20240509,18.07,18.07,17.95,17.95,897
BCE.PR.Y.TO,20240509,18.17,18.17,18.16,18.17,1100
BCE.PR.Z.TO,20240509,18.24,18.24,18.15,18.15,50200
BCT.TO,20240509,3.24,3.27,3.08,3.09,1001
BDGI.TO,20240509,43.97,44.35,43.46,43.78,31276
BDI.TO,20240509,8.1,8.2,8.09,8.09,37035
BDIV.TO,20240509,20.28,20.33,20.28,20.33,300
BDT.TO,20240509,20.28,20.55,20.14,20.39,79327
BEI.UN.TO,20240509,73.32,73.59,72.67,73.12,120783
BEP.PR.G.TO,20240509,24.45,24.48,24.06,24.06,863
BEP.PR.M.TO,20240509,20.5,20.6,20.5,20.5,1040
BEP.PR.R.TO,20240509,18.34,18.34,18.14,18.3,1340
BEP.UN.TO,20240509,36.82,38.09,36.72,37.68,247280
BEPC.TO,20240509,41.18,42.42,40.88,42.06,268465
BEPR.TO,20240509,8.97,8.97,8.97,8.97,100
BEPR.U.TO,20240509,9.3,9.3,9.3,9.3,400
BESG.TO,20240509,15.47,15.53,15.47,15.53,2800
BFIN.TO,20240509,21.25,21.25,21.25,21.25,822
BGC.TO,20240509,31.18,31.19,31.18,31.19,918
BGI.UN.TO,20240509,4.32,4.37,4.32,4.37,21675
BGU.TO,20240509,43.13,43.17,43.11,43.17,627
BHC.TO,20240509,9.68,9.72,9.39,9.51,662147
BIK.PR.A.TO,20240509,24.92,25.19,24.92,25.19,700
BIP.PR.B.TO,20240509,23.86,23.86,23.74,23.74,200
BIP.PR.E.TO,20240509,21.91,22.01,21.9,22.01,1638
BIP.PR.F.TO,20240509,20.8,20.8,20.66,20.66,25280
BIP.UN.TO,20240509,41.69,42.22,41.39,41.98,427641
BIPC.TO,20240509,46.94,47.99,46.94,47.8,144232
BIR.TO,20240509,5.79,5.95,5.74,5.83,969969
BITF.TO,20240509,2.48,2.52,2.43,2.52,1059502
BITI.TO,20240509,5.25,5.3,5.13,5.14,160582
BITI.U.TO,20240509,3.78,3.78,3.76,3.76,4400
BK.TO,20240509,10.85,10.87,10.82,10.86,45576
BK.PR.A.TO,20240509,10.09,10.1,10.08,10.09,32960
BKCC.TO,20240509,13.99,14.04,13.99,14.02,12212
BKCL.TO,20240509,18.72,18.76,18.72,18.72,23101
BKI.TO,20240509,0.05,0.05,0.05,0.05,55000
BLB.UN.TO,20240509,7.32,7.32,7.32,7.32,100
BLCO.TO,20240509,20.19,20.77,20.19,20.77,2522
BLDP.TO,20240509,3.94,4.28,3.93,4.21,1258150
BLN.TO,20240509,4.14,4.2,4.13,4.13,6500
BLX.TO,20240509,29.68,29.78,29.35,29.72,162675
BMAX.TO,20240509,13.37,13.45,13.35,13.45,19780
BMO.TO,20240509,127.56,128.77,127.36,127.43,1246794
BMO.PR.E.TO,20240509,25.33,25.4,25.33,25.38,4013
BMO.PR.W.TO,20240509,24,24.09,23.94,24.09,6301
BMO.PR.Y.TO,20240509,23.56,23.75,23.56,23.75,3468
BN.TO,20240509,60.32,60.51,59.5,60.49,2087247
BN.PF.A.TO,20240509,22.02,22.15,22.02,22.1,1850
BN.PF.B.TO,20240509,20.25,20.3,20.25,20.26,1500
BN.PF.C.TO,20240509,18.26,18.37,18.26,18.37,3370
BN.PF.D.TO,20240509,18.47,18.49,18.47,18.49,1200
BN.PF.E.TO,20240509,17.86,17.94,17.85,17.9,25900
BN.PF.F.TO,20240509,20.65,20.65,20.55,20.55,600
BN.PF.G.TO,20240509,18.85,18.86,18.57,18.57,3709
BN.PF.H.TO,20240509,23.78,23.94,23.76,23.76,5075
BN.PF.I.TO,20240509,22.79,22.8,22.6,22.8,1368
BN.PF.J.TO,20240509,22.23,22.4,22.23,22.3,10727
BN.PF.K.TO,20240509,14.51,14.79,14.49,14.79,4700
BN.PR.B.TO,20240509,12.21,12.46,12.2,12.27,7200
BN.PR.C.TO,20240509,12.35,12.35,12.24,12.3,600
BN.PR.K.TO,20240509,12.2,12.25,12.15,12.15,8800
BN.PR.M.TO,20240509,18.33,18.34,18.27,18.27,700
BN.PR.N.TO,20240509,17.95,18.09,17.94,18.09,2469
BN.PR.R.TO,20240509,16.49,16.61,16.49,16.56,31451
BN.PR.T.TO,20240509,16.43,16.66,16.43,16.61,26860
BN.PR.X.TO,20240509,16.05,16.06,16,16,400
BN.PR.Z.TO,20240509,21.1,21.1,20.95,20.95,2900
BNC.TO,20240509,25.5,25.53,25.5,25.53,3604
BND.TO,20240509,17.33,17.33,17.31,17.32,16647
BNE.TO,20240509,5.6,5.72,5.6,5.63,28340
BNG.TO,20240509,0.03,0.03,0.03,0.03,7000
BNK.TO,20240509,10.88,11.25,10.88,10.95,6600
BNKL.TO,20240509,21.63,21.63,21.63,21.63,838
BNS.TO,20240509,65.62,65.89,65.51,65.55,1796479
BOND.TO,20240509,20.16,20.17,20.16,20.17,9822
BOND.B.TO,20240509,20.64,20.66,20.62,20.66,5600
BOND.U.TO,20240509,20.51,20.52,20.51,20.52,189100
BOS.TO,20240509,5.5,6.05,5.5,5.88,32572
BPF.UN.TO,20240509,15.83,15.88,15.81,15.88,21867
BPO.PR.A.TO,20240509,13.9,13.9,13.7,13.88,7229
BPO.PR.C.TO,20240509,15.83,15.91,15.79,15.84,1945
BPO.PR.E.TO,20240509,13.5,13.68,13.44,13.48,3270
BPO.PR.G.TO,20240509,15,15,14.91,14.91,1700
BPO.PR.I.TO,20240509,14.27,14.33,14.01,14.01,1100
BPO.PR.N.TO,20240509,11.7,11.85,11.7,11.81,7644
BPO.PR.P.TO,20240509,11.73,11.95,11.73,11.91,3131
BPO.PR.R.TO,20240509,12.51,12.64,12.5,12.52,5109
BPO.PR.T.TO,20240509,15.15,15.2,15.14,15.14,5317
BPRF.TO,20240509,22.4,22.46,22.4,22.46,1101
BPS.PR.A.TO,20240509,25,25,25,25,200
BPYP.PR.A.TO,20240509,19.65,19.65,19.3,19.31,5278
BR.TO,20240509,1.32,1.32,1.25,1.25,2900
BRAG.TO,20240509,7.9,8.24,7.9,8.02,36967
BRE.TO,20240509,13.5,13.6,13.5,13.53,6668
BREA.TO,20240509,25.09,25.09,25.09,25.09,100
BRF.PR.A.TO,20240509,17.53,17.56,17.53,17.55,4204
BRF.PR.B.TO,20240509,18.34,18.34,18.34,18.34,850
BRF.PR.C.TO,20240509,20.68,20.7,20.6,20.6,3743
BRF.PR.F.TO,20240509,17.86,17.86,17.76,17.76,908
BRMI.TO,20240509,0.9,0.9,0.9,0.9,3000
BSKT.TO,20240509,8.42,8.42,8.42,8.42,2400
BSX.TO,20240509,0.045,0.05,0.045,0.05,486960
BTB.DB.G.TO,20240509,98.7,98.7,98.7,98.7,2000
BTB.DB.H.TO,20240509,98.25,99,98.25,99,55000
BTB.UN.TO,20240509,3.21,3.23,3.19,3.2,123889
BTCC.TO,20240509,11.53,11.8,11.47,11.77,288008
BTCC.B.TO,20240509,12.04,12.25,11.92,12.18,504987
BTCC.U.TO,20240509,11.14,11.33,11.14,11.29,27030
BTCQ.TO,20240509,13.5,13.74,13.44,13.71,14305
BTCQ.U.TO,20240509,9.86,10.02,9.85,10.02,14700
BTCX.B.TO,20240509,12.45,12.66,12.33,12.63,154810
BTCX.U.TO,20240509,11.46,11.7,11.44,11.69,25492
BTCY.TO,20240509,6.24,6.29,6.16,6.27,16891
BTCY.B.TO,20240509,7.17,7.3,7.17,7.28,838
BTCY.U.TO,20240509,6.01,6.1,6.01,6.1,486
BTE.TO,20240509,5.1,5.17,5.07,5.13,3924632
BTO.TO,20240509,3.62,3.8,3.61,3.8,5850784
BU.TO,20240509,0.28,0.28,0.255,0.255,51069
BUI.TO,20240509,2.17,2.17,2.17,2.17,100
BXF.TO,20240509,9.82,9.82,9.82,9.82,4577
BYD.TO,20240509,262.98,262.98,256.51,259,67019
BYL.TO,20240509,0.245,0.245,0.245,0.245,17000
BYL.DB.TO,20240509,70,70,70,70,1000
CACB.TO,20240509,19.37,19.38,19.37,19.38,41799
CAE.TO,20240509,28.55,28.87,28.53,28.85,595652
CAFR.TO,20240509,19.86,19.86,19.85,19.86,20800
CALL.TO,20240509,12.3,12.38,12.3,12.38,7054
CALL.U.TO,20240509,13.87,13.87,13.87,13.87,100
CAR.UN.TO,20240509,45.93,46.49,45.89,46.22,372808
CARB.TO,20240509,7.48,7.48,7.48,7.48,100
CARS.TO,20240509,19.92,19.92,19.92,19.92,150
CAS.TO,20240509,9.2,10.25,9.2,10.07,303418
CASH.TO,20240509,50.06,50.06,50.05,50.06,265421
CBCX.TO,20240509,19.68,19.68,19.68,19.68,101
CBH.TO,20240509,17.24,17.25,17.23,17.25,6700
CBIL.TO,20240509,50.01,50.01,50,50,68428
CBND.TO,20240509,8.83,8.83,8.83,8.83,100
CBNK.TO,20240509,7.32,7.33,7.32,7.32,52603
CBO.TO,20240509,17.71,17.71,17.71,17.71,3722
CCA.TO,20240509,56.46,57.05,56.46,56.95,28041
CCBI.TO,20240509,17.55,17.55,17.54,17.54,2600
CCEI.TO,20240509,24.07,24.13,24.07,24.1,1335
CCL.B.TO,20240509,73.31,73.61,70.32,70.69,351916
CCM.TO,20240509,0.235,0.24,0.235,0.235,135706
CCO.TO,20240509,69.69,71.49,69.69,71.43,832145
CCOM.TO,20240509,20.02,20.1,20.02,20.05,47010
CCS.PR.C.TO,20240509,19.79,19.79,19.64,19.64,1100
CDIV.TO,20240509,13.61,13.75,13.61,13.72,10298
CDNA.TO,20240509,15.95,15.95,15.95,15.95,270
CDR.TO,20240509,1.88,1.95,1.83,1.92,4390
CDZ.TO,20240509,31.61,31.81,31.61,31.77,10962
CEE.TO,20240509,2.11,2.15,2.11,2.15,13000
CEF.TO,20240509,29.71,30.08,29.71,30.08,8873
CEF.U.TO,20240509,21.84,21.94,21.84,21.94,200
CEU.TO,20240509,6.32,6.67,6.3,6.43,1841062
CEW.TO,20240509,17.24,17.41,17.24,17.39,12396
CF.TO,20240509,8.55,8.75,8.53,8.72,56009
CF.PR.C.TO,20240509,19.6,19.6,19.6,19.6,1400
CFF.TO,20240509,0.59,0.6,0.58,0.58,9854
CFP.TO,20240509,15.44,15.49,15.15,15.23,137990
CFW.TO,20240509,4.34,4.34,3.99,4.15,111300
CFX.TO,20240509,1.54,1.58,1.51,1.51,7394
CG.TO,20240509,9,9.06,8.92,9,494322
CGBI.TO,20240509,17.39,17.4,17.39,17.4,400
CGDV.B.TO,20240509,21.46,21.49,21.46,21.49,400
CGG.TO,20240509,8.7,8.8,8.7,8.78,23000
CGHY.TO,20240509,10.08,10.08,10.08,10.08,600
CGI.TO,20240509,37.34,37.5,37.32,37.35,1604
CGIN.TO,20240509,20.73,20.73,20.73,20.73,563
CGL.TO,20240509,18.5,18.7,18.5,18.7,25136
CGL.C.TO,20240509,26.85,27.14,26.85,27.14,16230
CGLO.TO,20240509,27.76,27.79,27.68,27.79,2504
CGO.TO,20240509,54.28,54.48,53.84,54.03,7152
CGR.TO,20240509,28.15,28.36,28.12,28.36,4570
CGRA.TO,20240509,21.03,21.03,21.03,21.03,1600
CGX.TO,20240509,8.85,8.98,8.24,8.62,734951
CGX.DB.B.TO,20240509,111,111,111,111,250000
CGXF.TO,20240509,10.15,10.36,10.15,10.35,24194
CGXF.U.TO,20240509,7.91,7.91,7.91,7.91,2600
CGY.TO,20240509,53.92,54.99,53.5,54.12,14341
CHE.DB.E.TO,20240509,100.1,100.1,100,100,50000
CHE.DB.H.TO,20240509,100,100.1,100,100,245000
CHE.UN.TO,20240509,8.73,8.76,8.72,8.73,74808
CHP.UN.TO,20240509,13.14,13.14,13,13.04,324668
CHPS.TO,20240509,36.92,37,36.76,37,1018
CHR.TO,20240509,2.32,2.35,2.27,2.29,173825
CHR.DB.A.TO,20240509,98,98,97.15,97.15,50000
CHR.DB.B.TO,20240509,97.98,97.98,97.94,97.94,10000
CHR.DB.C.TO,20240509,85,85,83,83.95,243000
CIA.TO,20240509,6.45,6.51,6.38,6.47,162742
CIAI.TO,20240509,20.81,20.81,20.63,20.68,4014
CIBR.TO,20240509,43.23,43.23,43.22,43.22,1100
CIC.TO,20240509,10.95,10.96,10.93,10.95,6002
CIEH.TO,20240509,21.21,21.21,21.11,21.11,241
CIEM.TO,20240509,19.22,19.26,19.22,19.26,1530
CIEM.U.TO,20240509,19.43,19.43,19.43,19.43,1600
CIF.TO,20240509,43.34,43.75,43.34,43.71,2657
CIGI.TO,20240509,151.01,154.5,151.01,154.11,43734
CINF.TO,20240509,24.68,24.75,24.68,24.75,300
CINT.TO,20240509,23.17,23.27,23.16,23.27,3943
CIU.PR.A.TO,20240509,17.8,17.8,17.8,17.8,100
CIU.PR.C.TO,20240509,14.39,14.4,14.39,14.4,2000
CIX.TO,20240509,16.86,16.95,16.74,16.75,199979
CJ.TO,20240509,7,7.07,6.98,7.05,464975
CJR.B.TO,20240509,0.51,0.52,0.49,0.52,359632
CJT.TO,20240509,121.99,122.4,120.1,120.32,36735
CJT.DB.E.TO,20240509,99.59,99.59,99.25,99.25,14000
CJT.DB.F.TO,20240509,98.25,98.73,98.25,98.73,61000
CKI.TO,20240509,20,20,20,20,1300
CLF.TO,20240509,16.82,16.82,16.82,16.82,1300
CLG.TO,20240509,16.66,16.68,16.65,16.67,2700
CLS.TO,20240509,67.9,67.9,65.7,66.04,630793
CM.TO,20240509,66.99,67.22,66.76,67.18,1327207
CM.PR.P.TO,20240509,23.47,23.58,23.46,23.46,2277
CM.PR.Q.TO,20240509,23.49,23.49,23.49,23.49,186
CM.PR.S.TO,20240509,24.1,24.12,24,24,18722
CMAG.TO,20240509,32.53,32.53,32.53,32.53,300
CMAG.U.TO,20240509,24.51,24.51,24.51,24.51,1600
CMAR.U.TO,20240509,17.99,17.99,17.99,17.99,100
CMDO.TO,20240509,18.94,18.98,18.94,18.98,1400
CMG.TO,20240509,11.36,11.45,11.12,11.2,92820
CMGG.TO,20240509,27.29,27.29,27.29,27.29,100
CMNY.TO,20240509,50.11,50.11,50.11,50.11,900
CMOM.TO,20240509,22.84,22.96,22.84,22.96,800
CMR.TO,20240509,50.11,50.11,50.1,50.1,58572
CNCC.TO,20240509,12.19,12.22,12.19,12.21,7918
CNCL.TO,20240509,19.81,19.84,19.81,19.82,5490
CNE.TO,20240509,4.94,4.95,4.88,4.9,51214
CNL.TO,20240509,4.11,4.13,4.08,4.11,27651
CNQ.TO,20240509,105.95,106.85,105.86,106.08,2854106
CNR.TO,20240509,173.17,175.57,172.95,174.06,813795
COG.TO,20240509,0.6,0.6,0.56,0.56,56800
COMM.TO,20240509,32.51,32.51,32.45,32.45,400
COPP.TO,20240509,37.9,37.94,37.9,37.94,438
COW.TO,20240509,63.6,64.09,63.6,63.74,2563
CP.TO,20240509,112.23,113.98,112.14,112.91,1066662
CPD.TO,20240509,11.9,11.9,11.85,11.85,32788
CPH.TO,20240509,9.14,9.14,8.89,8.95,15836
CPLS.TO,20240509,17.55,17.55,17.55,17.55,100
CPX.TO,20240509,37.24,37.44,36.97,37.19,520045
CPX.PR.A.TO,20240509,15.36,15.36,15.3,15.3,623
CPX.PR.C.TO,20240509,22.52,22.52,22.5,22.5,702
CPX.PR.E.TO,20240509,22.01,22.01,22,22,1400
CRDL.TO,20240509,2.72,3.05,2.72,3.03,371240
CRON.TO,20240509,3.63,3.98,3.63,3.9,269668
CROP.TO,20240509,17.98,18,17.98,18,601
CRP.TO,20240509,3.24,3.26,3.24,3.24,1764
CRR.UN.TO,20240509,12.63,12.87,12.62,12.81,261847
CRRX.TO,20240509,2.17,2.17,2.04,2.04,7250
CRT.UN.TO,20240509,13.8,13.93,13.8,13.88,113566
CS.TO,20240509,10.26,10.6,10.07,10.56,3666421
CSAV.TO,20240509,50.1,50.11,50.1,50.11,15491
CSE.PR.A.TO,20240509,13.46,13.53,13.46,13.5,2400
CSH.UN.TO,20240509,12.9,12.92,12.8,12.8,168418
CSU.TO,20240509,3827.3,3853.15,3787.1,3826.89,48404
CSU.DB.TO,20240509,128.25,128.25,128.25,128.25,24000
CSW.A.TO,20240509,13.32,13.57,13.26,13.55,20713
CSW.B.TO,20240509,12.2,12.3,12.2,12.3,3000
CTC.A.TO,20240509,137.99,146.63,137.96,145.65,607704
CTF.UN.TO,20240509,2.5,2.5,2.5,2.5,700
CTS.TO,20240509,5.24,5.46,5.03,5.07,2802900
CTX.TO,20240509,0.44,0.44,0.42,0.435,16000
CU.TO,20240509,31.65,31.65,31.29,31.55,295694
CU.PR.C.TO,20240509,20.28,20.28,20.27,20.27,484
CU.PR.D.TO,20240509,19.23,19.23,19.23,19.23,1150
CU.PR.E.TO,20240509,19.5,19.5,19.5,19.5,1500
CU.PR.F.TO,20240509,17.63,17.82,17.6,17.81,2100
CU.PR.G.TO,20240509,17.62,17.67,17.62,17.67,719
CU.PR.I.TO,20240509,24.24,24.4,24.01,24.01,8612
CU.PR.J.TO,20240509,18.64,18.64,18.64,18.64,100
CUD.TO,20240509,52.28,52.36,52.28,52.36,1100
CUEH.TO,20240509,21.42,21.49,21.42,21.48,2460
CUEI.TO,20240509,28.1,28.12,28.04,28.12,4800
CUP.U.TO,20240509,14,14.01,14,14.01,3102
CURA.TO,20240509,7.39,7.54,7.26,7.5,187526
CVD.TO,20240509,16.6,16.61,16.6,16.61,400
CVE.TO,20240509,28.56,28.74,28.37,28.42,4484032
CVE.PR.A.TO,20240509,17.63,17.63,17.57,17.57,4442
CVE.PR.C.TO,20240509,24.15,24.16,24.15,24.15,5720
CVE.PR.E.TO,20240509,23.85,23.85,23.85,23.85,115
CVE.PR.G.TO,20240509,23.76,23.76,23.75,23.75,1056
CVE.WT.TO,20240509,21.91,21.98,21.85,21.86,6024
CVG.TO,20240509,72.01,72.01,72.01,72.01,500
CVO.TO,20240509,8.33,8.49,7.99,8.04,106455
CWB.TO,20240509,27.36,27.4,27.19,27.29,117243
CWB.PR.B.TO,20240509,21.77,21.77,21.77,21.77,1977
CWB.PR.D.TO,20240509,25.94,25.95,25.75,25.75,4200
CWEB.TO,20240509,0.23,0.26,0.225,0.23,321170
CWW.TO,20240509,58.03,58.38,58.03,58.28,680
CXB.TO,20240509,2.07,2.14,2.07,2.13,1340081
CXF.TO,20240509,9.73,9.74,9.73,9.73,6100
CXI.TO,20240509,26.31,26.32,26.12,26.12,2000
CYB.TO,20240509,68.95,68.95,67.96,68.06,16530
CYBR.TO,20240509,45.88,45.88,45.88,45.88,200
CYBR.B.TO,20240509,53.34,53.34,53.34,53.34,400
CYH.TO,20240509,20.83,20.83,20.8,20.8,3056
D.UN.TO,20240509,18.15,18.62,18.15,18.42,28420
DANC.TO,20240509,22.21,22.21,22.21,22.21,185
DATA.TO,20240509,22.81,22.91,22.81,22.89,505
DATA.B.TO,20240509,24.97,24.99,24.96,24.99,9000
DAY.TO,20240509,80.8,80.88,80.15,80.83,5450
DBM.TO,20240509,7.95,8.05,7.95,8.01,106582
DBO.TO,20240509,0.075,0.075,0.075,0.075,11000
DC.A.TO,20240509,1.3,1.36,1.3,1.36,13100
DCBO.TO,20240509,63.14,64.18,62.73,63.47,37400
DCM.TO,20240509,3.1,3.18,3.09,3.12,7362
DCP.TO,20240509,18.61,18.61,18.6,18.6,600
DCS.TO,20240509,18.38,18.38,18.38,18.38,100
DCU.TO,20240509,17.29,17.29,17.29,17.29,250
DF.TO,20240509,4.83,5.03,4.83,4.98,158121
DF.PR.A.TO,20240509,9.95,9.97,9.95,9.97,19805
DFN.TO,20240509,5.37,5.42,5.3,5.37,321113
DFN.PR.A.TO,20240509,9.84,9.87,9.84,9.87,37523
DFY.TO,20240509,46.62,47.33,46.41,46.54,92917
DGR.TO,20240509,43.42,43.56,43.42,43.55,1500
DGR.B.TO,20240509,48.79,48.79,48.61,48.73,5115
DGRC.TO,20240509,38.7,38.99,38.7,38.87,7629
DGS.TO,20240509,6.07,6.1,6.05,6.07,69039
DGS.PR.A.TO,20240509,9.96,9.99,9.96,9.99,9726
DHT.UN.TO,20240509,16.22,16.22,15.83,15.88,14811
DIAM.TO,20240509,0.08,0.08,0.075,0.075,226050
DII.B.TO,20240509,5.82,5.92,5.82,5.92,1610
DIR.UN.TO,20240509,12.96,13.05,12.85,13,362760
DISC.TO,20240509,37.66,37.66,37.55,37.64,1100
DIV.TO,20240509,2.86,2.88,2.85,2.86,156132
DIV.DB.A.TO,20240509,95.36,96.2,95.36,96.2,20000
DLCG.TO,20240509,3.2,3.2,3.05,3.15,19801
DLR.TO,20240509,13.95,13.95,13.9,13.91,478333
DLR.U.TO,20240509,10.16,10.17,10.16,10.16,607429
DMEC.TO,20240509,20.59,20.59,20.59,20.59,200
DMEU.TO,20240509,20.45,20.46,20.45,20.46,723
DML.TO,20240509,2.83,2.95,2.82,2.92,1908041
DND.TO,20240509,14.31,14.31,14,14.23,53346
DNG.TO,20240509,5.47,5.61,5.47,5.58,14012
DNTL.TO,20240509,6.23,6.28,6.15,6.27,131520
DOL.TO,20240509,120.18,120.81,118.14,118.73,688226
DOO.TO,20240509,95.44,96.95,95.36,96.11,147533
DPM.TO,20240509,10.7,10.96,10.65,10.93,404648
DR.TO,20240509,11.4,11.44,11.28,11.4,14430
DRFC.TO,20240509,28.22,28.22,28.19,28.19,950
DRM.TO,20240509,19.58,19.72,18.93,19,26582
DRMC.TO,20240509,28.29,28.33,28.29,28.33,576
DRMU.TO,20240509,37.84,37.84,37.84,37.84,100
DRR.U.TO,20240509,6.5,6.5,6.35,6.5,2462
DRR.UN.TO,20240509,8.92,8.92,8.75,8.75,1000
DRT.TO,20240509,0.77,0.77,0.73,0.76,383963
DRX.TO,20240509,15,15.87,15,15.4,151038
DS.TO,20240509,6.22,6.25,6.22,6.23,5309
DSAE.TO,20240509,23.63,23.63,23.55,23.55,227
DSG.TO,20240509,133.97,134.4,133.24,133.61,62275
DSV.TO,20240509,0.92,0.99,0.91,0.96,733329
DTOL.TO,20240509,8.47,8.59,8.47,8.56,4400
DXB.TO,20240509,17.74,17.74,17.73,17.73,5147
DXBC.TO,20240509,21.04,21.04,21.04,21.04,1111
DXBU.TO,20240509,21.4,21.4,21.4,21.4,1018
DXC.TO,20240509,35.5,35.66,35.5,35.56,4713
DXDB.TO,20240509,20.53,20.55,20.53,20.55,2725
DXEM.TO,20240509,13.64,13.64,13.64,13.64,638
DXG.TO,20240509,59.49,59.64,59.48,59.58,2487
DXGE.TO,20240509,23.07,23.07,23.07,23.07,1056
DXN.TO,20240509,19.95,19.95,19.95,19.95,600
DXO.TO,20240509,19.22,19.22,19.22,19.22,1218
DXP.TO,20240509,21.52,21.73,21.41,21.73,7379
DXQ.TO,20240509,24.49,24.56,24.49,24.54,12029
DXR.TO,20240509,21.29,21.29,21.17,21.17,4800
DXT.TO,20240509,5.78,5.78,5.71,5.74,10200
DXU.TO,20240509,56.49,56.49,56.42,56.42,438
DXUS.TO,20240509,25.39,25.39,25.39,25.39,5393
DXV.TO,20240509,19.62,19.65,19.62,19.64,4925
DXW.TO,20240509,23.24,23.24,23.24,23.24,812
DXZ.TO,20240509,12.5,12.5,12.5,12.5,187
DYA.TO,20240509,0.14,0.14,0.135,0.135,30004
E.TO,20240509,1.19,1.25,1.18,1.24,562695
EAGR.TO,20240509,0.78,0.85,0.78,0.82,114700
EBIT.TO,20240509,30.36,30.88,30.2,30.86,74040
EBNK.TO,20240509,11.34,11.34,11.3,11.3,359
EBNK.B.TO,20240509,10.89,10.89,10.89,10.89,700
ECN.TO,20240509,1.77,1.79,1.72,1.76,1199028
ECN.DB.TO,20240509,79.98,87.9,79.98,87.9,19000
ECN.DB.A.TO,20240509,70.02,75,70,74.97,960000
ECN.DB.B.TO,20240509,65,65,65,65,4000
ECN.PR.C.TO,20240509,16.35,16.35,16.35,16.35,125
ECO.TO,20240509,4.82,4.95,4.82,4.95,54728
ECOR.TO,20240509,1.53,1.53,1.51,1.51,4425
EDGE.TO,20240509,34.72,34.72,34.72,34.72,100
EDGF.TO,20240509,10.59,10.69,10.59,10.69,601
EDR.TO,20240509,3.88,4.57,3.88,4.54,2046415
EDT.TO,20240509,0.46,0.465,0.425,0.46,27880
EDV.TO,20240509,28.7,29.45,28.7,29.26,382836
EFN.TO,20240509,23.26,23.26,22.73,22.84,330952
EFR.TO,20240509,8.05,8.44,8.01,8.44,732269
EFX.TO,20240509,6.6,7.02,6.44,6.96,960361
EGLX.TO,20240509,0.145,0.165,0.145,0.15,172809
EIF.TO,20240509,46.39,46.56,45.75,46,148901
EIF.DB.K.TO,20240509,102,102,102,102,6000
EIF.DB.L.TO,20240509,99.75,99.75,99.1,99.1,156000
EIF.DB.M.TO,20240509,95.15,96.4,95.05,95.05,49000
EIT.PR.A.TO,20240509,25,25,24.98,24.99,603
EIT.PR.B.TO,20240509,24.8,24.8,24.8,24.8,100
EIT.UN.TO,20240509,13.83,13.91,13.83,13.9,136004
ELD.TO,20240509,20.77,20.99,20.42,20.64,292457
ELEF.TO,20240509,0.33,0.375,0.32,0.37,123759
ELF.TO,20240509,1120,1125.01,1120,1125.01,484
ELF.PR.F.TO,20240509,20.78,20.79,20.78,20.79,1800
ELF.PR.G.TO,20240509,18.4,18.5,18.4,18.5,200
ELF.PR.H.TO,20240509,21.4,21.5,21.29,21.5,2500
ELO.TO,20240509,1.66,1.7,1.62,1.67,64685
ELR.TO,20240509,0.21,0.215,0.205,0.205,324408
ELVA.TO,20240509,4.38,4.41,4.26,4.31,6636
EMA.TO,20240509,48.33,48.59,48.17,48.28,859820
EMA.PR.A.TO,20240509,15.4,15.41,15.4,15.41,900
EMA.PR.B.TO,20240509,17.3,17.35,17.3,17.35,1700
EMA.PR.C.TO,20240509,21.65,21.66,21.65,21.65,21356
EMA.PR.E.TO,20240509,17.64,17.65,17.45,17.65,800
EMA.PR.F.TO,20240509,19.09,19.22,19.09,19.22,300
EMA.PR.H.TO,20240509,21.91,22.18,21.9,21.91,1300
EMA.PR.J.TO,20240509,20.62,20.62,20.5,20.5,1000
EMA.PR.L.TO,20240509,18.02,18.1,18.02,18.08,900
EMAX.TO,20240509,17.96,17.97,17.93,17.96,14701
EMP.A.TO,20240509,32.72,32.82,32.52,32.72,171979
EMV.B.TO,20240509,28.83,28.83,28.83,28.83,100
ENB.TO,20240509,51.19,51.38,51.02,51.14,12333640
ENB.PF.A.TO,20240509,18.4,18.53,18.39,18.39,143384
ENB.PF.C.TO,20240509,17.73,17.89,17.73,17.75,1809
ENB.PF.E.TO,20240509,17.22,17.22,17.22,17.22,203
ENB.PF.G.TO,20240509,17.03,17.18,17.03,17.05,780
ENB.PF.K.TO,20240509,21.06,22,21.03,21.81,8536
ENB.PF.U.TO,20240509,20.86,20.95,20.86,20.88,7200
ENB.PF.V.TO,20240509,22.03,22.21,22.03,22.17,4229
ENB.PR.A.TO,20240509,21.45,21.56,21.34,21.34,4287
ENB.PR.B.TO,20240509,17.31,17.41,17.31,17.41,1288
ENB.PR.D.TO,20240509,17.66,17.73,17.61,17.61,4661
ENB.PR.F.TO,20240509,18.11,18.26,18.11,18.11,3179
ENB.PR.G.TO,20240509,20.3,20.3,20.3,20.3,165
ENB.PR.H.TO,20240509,18.81,18.89,18.81,18.83,31138
ENB.PR.I.TO,20240509,20.5,20.5,19.75,19.75,436
ENB.PR.J.TO,20240509,19.01,19.01,18.86,18.86,3900
ENB.PR.N.TO,20240509,21.05,21.05,20.83,20.83,16544
ENB.PR.P.TO,20240509,18.78,18.78,18.63,18.63,108746
ENB.PR.T.TO,20240509,19.67,19.68,19.55,19.56,58383
ENB.PR.V.TO,20240509,22.1,22.1,22.1,22.1,300
ENB.PR.Y.TO,20240509,17.88,17.88,17.84,17.85,4413
ENCC.TO,20240509,11.59,11.67,11.59,11.62,39097
ENCL.TO,20240509,20.97,21.14,20.97,21.05,32713
ENGH.TO,20240509,30.31,30.38,29.67,30.13,67852
ENI.UN.TO,20240509,1.49,1.49,1.46,1.46,901
ENS.TO,20240509,11.82,11.92,11.78,11.8,64485
ENS.PR.A.TO,20240509,10.1,10.18,10.1,10.17,23399
EPRX.TO,20240509,4,4,3.93,3.95,9501
EQB.TO,20240509,86.81,87,83.78,84.53,79166
EQCL.TO,20240509,21.67,21.67,21.65,21.66,1500
EQL.TO,20240509,34.35,34.46,34.31,34.46,13541
EQL.F.TO,20240509,29.3,29.5,29.26,29.49,2948
EQL.U.TO,20240509,25.1,25.17,25.1,25.17,877
EQX.TO,20240509,7.23,7.38,6.87,7.23,1735035
ERD.TO,20240509,0.4,0.41,0.395,0.4,154868
ERE.UN.TO,20240509,2.29,2.3,2.28,2.3,89633
ERO.TO,20240509,29.44,30.01,28.84,29.84,437956
ESG.TO,20240509,37.52,37.62,37.52,37.62,5111
ESG.F.TO,20240509,35.09,35.2,35.09,35.16,1190
ESGA.TO,20240509,35.08,35.08,35.03,35.03,1014
ESGB.TO,20240509,26.74,26.74,26.74,26.74,100
ESGE.TO,20240509,34.55,34.66,34.55,34.66,934
ESGG.TO,20240509,44.63,44.63,44.62,44.62,1300
ESI.TO,20240509,2.32,2.36,2.3,2.33,152375
ESM.TO,20240509,0.06,0.06,0.06,0.06,3000
ESP.TO,20240509,5.05,5.1,5.05,5.1,1402
ESPX.TO,20240509,23.3,23.3,23.29,23.29,413
ESPX.B.TO,20240509,24.1,24.1,24.1,24.1,1967
ET.TO,20240509,14,14,13.9,13.9,4043
ETC.TO,20240509,13.17,13.41,13.17,13.41,1720
ETC.U.TO,20240509,12.36,12.37,12.36,12.37,3980
ETG.TO,20240509,1.48,1.53,1.48,1.5,19400
ETHH.TO,20240509,12,12.18,11.95,12.17,23501
ETHH.B.TO,20240509,14.12,14.35,14,14.35,113101
ETHH.U.TO,20240509,12.95,12.95,12.95,12.95,2502
ETHI.TO,20240509,50.6,50.61,50.6,50.61,557
ETHQ.TO,20240509,16.14,16.3,16.08,16.3,3579
ETHQ.U.TO,20240509,11.7,11.7,11.7,11.7,500
ETHR.TO,20240509,13.93,14.17,13.93,14.11,4445
ETHR.U.TO,20240509,12.9,12.9,12.9,12.9,100
ETHX.B.TO,20240509,14.7,14.86,14.57,14.84,711054
ETHX.U.TO,20240509,13.42,13.61,13.42,13.61,9782
ETHY.TO,20240509,3.88,3.95,3.86,3.95,2842
ETHY.B.TO,20240509,4.88,4.88,4.88,4.88,176
ETHY.U.TO,20240509,3.78,3.78,3.78,3.78,851
ETSX.TO,20240509,20,20,20,20,114
EVO.TO,20240509,20.51,20.51,20.51,20.51,300
EVT.TO,20240509,145.35,146,144,146,1615
EXE.TO,20240509,7.5,7.53,7.41,7.5,102214
EXE.DB.C.TO,20240509,98.69,98.69,98.5,98.5,35000
EXN.TO,20240509,0.205,0.215,0.205,0.21,76560
EXRO.TO,20240509,0.65,0.68,0.63,0.67,195070
FAP.TO,20240509,2.59,2.59,2.57,2.59,15600
FAR.TO,20240509,2.77,2.81,2.68,2.76,147565
FBTC.TO,20240509,27.95,28.48,27.81,28.32,8651
FBTC.U.TO,20240509,20.77,20.77,20.55,20.75,11062
FC.TO,20240509,10.87,10.94,10.87,10.9,14600
FC.DB.J.TO,20240509,97,97,97,97,6000
FC.DB.L.TO,20240509,92.5,92.5,92.5,92.5,56000
FCCD.TO,20240509,27.91,28.12,27.91,28.05,6179
FCCV.TO,20240509,13.76,13.83,13.76,13.8,10300
FCD.UN.TO,20240509,5.03,5.04,4.96,4.96,13108
FCGI.TO,20240509,13.32,13.33,13.32,13.33,2800
FCID.TO,20240509,27.21,27.27,27.19,27.19,1851
FCII.TO,20240509,21.4,21.4,21.4,21.4,275
FCIQ.TO,20240509,37.34,37.64,37.34,37.64,5385
FCIV.TO,20240509,35.24,35.4,35.19,35.4,2912
FCR.UN.TO,20240509,15.19,15.29,15.14,15.27,124425
FCRR.TO,20240509,38.2,38.29,38.2,38.29,600
FCU.TO,20240509,1.08,1.11,1.08,1.11,695605
FCUD.TO,20240509,34.46,34.57,34.46,34.55,7519
FCUH.TO,20240509,30.51,30.66,30.51,30.66,300
FCUQ.TO,20240509,54.4,54.48,54.32,54.48,5129
FCUQ.U.TO,20240509,39.82,39.82,39.82,39.82,700
FCUV.TO,20240509,17.61,17.73,17.58,17.73,9168
FCUV.U.TO,20240509,12.93,12.99,12.93,12.99,7200
FCVH.TO,20240509,16.7,16.94,16.7,16.94,1200
FDL.TO,20240509,32.09,32.18,32.08,32.18,500
FDN.TO,20240509,22.49,22.49,22.47,22.47,300
FDY.TO,20240509,0.66,0.68,0.63,0.68,56965
FEC.TO,20240509,8.84,9.14,8.84,9.05,32130
FETH.TO,20240509,55.35,55.35,55.35,55.35,107
FF.TO,20240509,0.145,0.155,0.145,0.15,535079
FFH.TO,20240509,1552.86,1575.31,1552.86,1562.45,38136
FFH.PR.C.TO,20240509,22.3,22.45,22.13,22.45,1620
FFH.PR.E.TO,20240509,17.58,17.58,17.58,17.58,141
FFH.PR.F.TO,20240509,18.02,18.2,18.02,18.2,8050
FFH.PR.G.TO,20240509,18.07,18.09,18.07,18.09,310
FFH.PR.H.TO,20240509,19.15,19.15,18.95,18.95,6500
FFH.PR.I.TO,20240509,18.66,18.66,18.66,18.66,331
FFH.PR.J.TO,20240509,19.75,19.75,19.75,19.75,1200
FFH.PR.K.TO,20240509,21.41,21.44,21.41,21.44,1720
FFH.PR.M.TO,20240509,24.01,24.08,23.51,23.53,4740
FFN.TO,20240509,5.65,5.75,5.65,5.72,450850
FFN.PR.A.TO,20240509,10.13,10.14,10.12,10.14,26702
FGB.TO,20240509,17.9,17.9,17.9,17.9,400
FGO.TO,20240509,9.8,9.82,9.8,9.82,2086
FHG.TO,20240509,51.38,51.38,51.38,51.38,303
FHI.TO,20240509,11.28,11.41,11.28,11.41,2694
FHIS.TO,20240509,20.61,20.61,20.6,20.61,3193
FHQ.TO,20240509,85.49,85.49,85.21,85.36,606
FIE.TO,20240509,7.19,7.24,7.19,7.23,366818
FIG.TO,20240509,9.17,9.17,9.17,9.17,1600
FIH.U.TO,20240509,14.07,14.21,14.03,14.13,10679
FIL.TO,20240509,25.23,26.2,24.67,24.88,248945
FLCI.TO,20240509,17.34,17.34,17.34,17.34,300
FLCP.TO,20240509,17.36,17.4,17.36,17.38,1100
FLGA.TO,20240509,18.57,18.57,18.54,18.54,873
FLI.TO,20240509,10.11,10.24,10.11,10.23,2030
FLNT.TO,20240509,0.025,0.03,0.025,0.025,80827
FLOW.TO,20240509,0.15,0.15,0.15,0.15,3709
FLX.TO,20240509,7.01,7.01,7.01,7.01,2034
FM.TO,20240509,18.5,18.89,17.99,18.04,2590691
FMAX.TO,20240509,17.03,17.03,17.03,17.03,5001
FN.TO,20240509,36.64,36.94,36.55,36.83,26458
FN.PR.A.TO,20240509,13.3,13.3,13.11,13.11,250
FN.PR.B.TO,20240509,14.95,15.1,14.95,15.1,2400
FNV.TO,20240509,174.45,175.28,173.45,174.26,183516
FOM.TO,20240509,4.12,4.35,4.12,4.29,925481
FOOD.TO,20240509,0.31,0.31,0.3,0.3,17700
FORA.TO,20240509,9.01,9.6,9,9.59,21452
FOUR.TO,20240509,47.52,47.52,47.52,47.52,125
FRU.TO,20240509,14.02,14.04,13.73,13.78,700689
FSB.TO,20240509,9.56,9.57,9.56,9.56,3975
FSL.TO,20240509,16.98,17.02,16.98,17.02,800
FST.TO,20240509,50.44,50.52,50.44,50.48,1200
FSV.TO,20240509,208.14,208.48,206.29,207.29,45370
FSY.TO,20240509,0.9,0.92,0.87,0.88,41717
FSZ.TO,20240509,7.22,7.32,7.07,7.14,288360
FSZ.DB.B.TO,20240509,101,102,101,102,97000
FT.TO,20240509,0.06,0.06,0.055,0.06,258631
FTG.TO,20240509,5.4,5.6,5.4,5.44,11118
FTN.TO,20240509,8.22,8.29,8.18,8.27,249681
FTN.PR.A.TO,20240509,10.27,10.27,10.24,10.26,63065
FTS.TO,20240509,55.48,56.27,55.41,56.03,1748983
FTS.PR.F.TO,20240509,20.22,20.35,20.22,20.35,2300
FTS.PR.G.TO,20240509,21.55,21.55,21.5,21.5,1631
FTS.PR.H.TO,20240509,15.25,15.25,15.25,15.25,118
FTS.PR.I.TO,20240509,17.5,17.55,17.5,17.5,6300
FTS.PR.J.TO,20240509,19.32,19.44,19.32,19.44,3210
FTS.PR.K.TO,20240509,19.35,19.35,19.25,19.27,3938
FTS.PR.M.TO,20240509,20.23,20.3,20.15,20.17,5950
FTT.TO,20240509,43.03,43.59,42.37,43.39,295615
FTU.TO,20240509,0.415,0.43,0.315,0.37,41999
FURY.TO,20240509,0.54,0.56,0.52,0.56,116904
FVI.TO,20240509,6.71,7.12,6.7,7.09,1595529
FVL.TO,20240509,0.41,0.43,0.41,0.415,136550
FXM.TO,20240509,22.2,22.32,22.2,22.32,275
G.TO,20240509,1.01,1.05,1,1.03,55071
GATO.TO,20240509,14.81,15,14.5,14.83,10046
GAU.TO,20240509,2.4,2.42,2.32,2.32,236135
GBT.TO,20240509,14,14,13.2,13.2,2700
GCG.A.TO,20240509,45.01,45.58,45,45.58,384
GCL.TO,20240509,1.12,1.14,1.12,1.13,58600
GDC.TO,20240509,3.54,3.65,3.39,3.55,6301
GDI.TO,20240509,36.27,37.17,36.25,37.14,19665
GDL.TO,20240509,14.5,14.5,14.3,14.45,5579
GDPY.TO,20240509,20.79,20.89,20.79,20.88,4900
GDV.TO,20240509,9.83,9.88,9.78,9.82,58853
GDV.PR.A.TO,20240509,9.74,9.74,9.71,9.71,300
GEC.TO,20240509,0.35,0.35,0.35,0.35,500
GEI.TO,20240509,22.48,22.64,22.3,22.51,299570
GENM.TO,20240509,0.24,0.245,0.235,0.24,203332
GEO.TO,20240509,2.1,2.15,2.08,2.08,5400
GEQT.TO,20240509,56.53,56.53,56.53,56.53,469
GFL.TO,20240509,44.76,45.21,43.95,43.98,212584
GFP.TO,20240509,0.67,0.69,0.67,0.68,11637
GFR.TO,20240509,8.01,8.14,7.96,8.14,9000
GGD.TO,20240509,1.42,1.47,1.42,1.46,1561741
GGRO.TO,20240509,51.5,51.5,51.5,51.5,1055
GH.TO,20240509,10.02,10.22,9.99,10.22,5479
GIB.A.TO,20240509,141.5,141.67,139.2,139.32,338004
GIL.TO,20240509,45.5,45.5,44.26,44.62,301413
GIVX.TO,20240509,0.78,0.78,0.77,0.77,27750
GLCC.TO,20240509,25.16,25.85,25.16,25.85,79345
GLO.TO,20240509,2.29,2.39,2.27,2.36,461772
GLXY.TO,20240509,12.94,13.5,12.91,13.37,243033
GMIN.TO,20240509,2.13,2.2,2.12,2.2,451885
GMTN.TO,20240509,0.035,0.035,0.03,0.035,164500
GMX.TO,20240509,1.02,1.02,0.98,0.98,4400
GOLD.TO,20240509,1.13,1.14,1.13,1.14,23916
GOOS.TO,20240509,15.57,15.74,15.43,15.51,123913
GRA.TO,20240509,2.43,2.46,2.36,2.42,31052
GRC.TO,20240509,0.075,0.075,0.075,0.075,1000
GRID.TO,20240509,1.73,1.73,1.57,1.59,127409
GRN.TO,20240509,0.08,0.085,0.075,0.085,357383
GRNI.TO,20240509,27.07,27.07,27.07,27.07,513
GRT.UN.TO,20240509,69.75,71.47,69.75,71.12,102090
GSY.TO,20240509,192.08,192.08,178.54,179.13,120032
GTE.TO,20240509,12.69,12.83,12.45,12.57,72419
GTWO.TO,20240509,1.25,1.25,1.22,1.23,40388
GUD.TO,20240509,5.9,6.17,5.87,6.1,224683
GVC.TO,20240509,0.08,0.08,0.08,0.08,114000
GWO.TO,20240509,42.8,43.38,42.8,43.04,1768370
GWO.PR.G.TO,20240509,20.4,20.4,20.36,20.4,9200
GWO.PR.H.TO,20240509,19.14,19.15,19.06,19.06,3290
GWO.PR.I.TO,20240509,18.1,18.11,18,18.1,5296
GWO.PR.L.TO,20240509,22.1,22.25,22.09,22.2,8191
GWO.PR.M.TO,20240509,22.99,23,22.99,23,800
GWO.PR.N.TO,20240509,15.31,15.31,15.3,15.3,1146
GWO.PR.P.TO,20240509,20.87,21.09,20.87,20.94,3000
GWO.PR.S.TO,20240509,20.53,20.53,20.52,20.52,925
GWO.PR.Y.TO,20240509,17.79,17.85,17.79,17.81,12518
GXE.TO,20240509,0.8,0.8,0.75,0.77,1335070
H.TO,20240509,40.08,40.31,39.97,40.21,461166
HAB.TO,20240509,9.82,9.87,9.8,9.84,20400
HAC.TO,20240509,29.87,29.96,29.87,29.96,2085
HAD.TO,20240509,8.69,8.73,8.69,8.73,7100
HAF.TO,20240509,7.2,7.22,7.2,7.22,10561
HAI.TO,20240509,4.36,4.86,4.36,4.71,31310
HAL.TO,20240509,20,20,19.98,19.99,2319
HAZ.TO,20240509,34.26,34.31,34.24,34.28,3931
HBA.TO,20240509,24.38,24.38,24.32,24.32,1052
HBAL.TO,20240509,14.55,14.56,14.53,14.55,20638
HBB.TO,20240509,46.22,46.29,46.22,46.29,980
HBD.TO,20240509,8.16,8.19,8.16,8.19,611
HBF.TO,20240509,9.68,9.69,9.67,9.69,8875
HBF.B.TO,20240509,10.84,10.84,10.84,10.84,300
HBGD.TO,20240509,25.16,25.52,25.16,25.52,453
HBIE.TO,20240509,24.25,24.35,24.25,24.35,797
HBLK.TO,20240509,14.82,14.82,14.82,14.82,1530
HBM.TO,20240509,11.62,11.99,11.62,11.97,1036716
HBND.TO,20240509,14.83,14.9,14.79,14.89,12740
HBNK.TO,20240509,21.56,21.59,21.54,21.55,1325
HBP.TO,20240509,0.23,0.23,0.22,0.23,12500
HBU.TO,20240509,14.26,14.58,14.26,14.58,13605
HCA.TO,20240509,21.56,21.56,21.53,21.53,2714
HCAL.TO,20240509,21,21.11,21,21.08,52733
HCLN.TO,20240509,8.85,8.86,8.85,8.86,1921
HCON.TO,20240509,13,13,13,13,200
HCRE.TO,20240509,24.35,24.35,24.35,24.35,142
HDGE.U.TO,20240509,19.5,19.52,19.5,19.52,400
HDIF.TO,20240509,8.23,8.31,8.23,8.31,119307
HDIV.TO,20240509,16.64,16.75,16.64,16.74,58671
HEB.TO,20240509,16.98,16.98,16.94,16.94,200
HED.TO,20240509,3.7,3.7,3.63,3.66,26530
HEQT.TO,20240509,16.17,16.23,16.17,16.23,1940
HEU.TO,20240509,34,34.75,34,34.53,21147
HEWB.TO,20240509,32.45,32.46,32.4,32.43,7760
HFD.TO,20240509,9,9.01,8.94,8.95,5025
HFG.TO,20240509,23.95,23.95,23.95,23.95,623
HFIN.TO,20240509,16.03,16.04,16,16.03,1775
HFPC.U.TO,20240509,2.52,2.52,2.52,2.52,1340
HFR.TO,20240509,9.91,9.92,9.91,9.92,46234
HFU.TO,20240509,21.95,22.2,21.95,22.13,3501
HGD.TO,20240509,3.91,3.92,3.66,3.71,1632216
HGGG.TO,20240509,29.34,29.35,29.34,29.35,401
HGR.TO,20240509,5.95,5.95,5.95,5.95,7247
HGU.TO,20240509,17.24,18.07,17,18.03,477575
HGY.TO,20240509,10.49,10.57,10.49,10.57,9337
HHL.TO,20240509,8.23,8.32,8.23,8.32,122244
HHL.B.TO,20240509,9.14,9.21,9.14,9.21,600
HHLE.TO,20240509,10.37,10.49,10.37,10.49,4760
HIND.TO,20240509,11.93,11.93,11.93,11.93,500
HISU.U.TO,20240509,100.21,100.21,100.21,100.21,298
HIU.TO,20240509,12.14,12.14,12.1,12.1,61700
HIX.TO,20240509,27.33,27.33,27.33,27.33,189
HLF.TO,20240509,13.18,13.45,13.18,13.4,5200
HLIF.TO,20240509,9,9.08,9,9.08,6300
HLIT.TO,20240509,21.89,22.26,21.89,22.26,88353
HLPR.TO,20240509,25.9,26,25.9,25.96,1125
HLS.TO,20240509,4.65,4.65,4.15,4.15,4100
HMAX.TO,20240509,13.85,13.87,13.82,13.86,100881
HMM.A.TO,20240509,10.7,10.91,10.68,10.8,12137
HMMJ.TO,20240509,10.79,11.14,10.73,11.06,11899
HND.TO,20240509,83.67,84.09,78.45,79.25,382776
HNU.TO,20240509,4.26,4.53,4.25,4.5,5988405
HOD.TO,20240509,6.93,6.94,6.84,6.84,541234
HOM.DB.U.TO,20240509,94.5,94.5,94.5,94.5,20000
HOM.U.TO,20240509,11.12,11.28,11.09,11.19,19836
HOM.UN.TO,20240509,15.39,15.44,15.14,15.4,11482
HOT.UN.TO,20240509,0.6,0.6,0.56,0.57,37167
HOU.TO,20240509,14.18,14.36,14.13,14.36,472722
HPF.TO,20240509,3.56,3.6,3.56,3.6,10765
HPF.U.TO,20240509,4.38,4.38,4.38,4.38,100
HPR.TO,20240509,8.64,8.7,8.64,8.67,29999
HPS.A.TO,20240509,102.76,104.55,100.57,103.5,48533
HPYM.TO,20240509,11.42,11.45,11.42,11.45,27395
HPYT.TO,20240509,10.95,11.01,10.94,11,99279
HPYT.U.TO,20240509,11.14,11.14,11.14,11.14,10100
HQD.TO,20240509,14.07,14.17,13.98,14.02,400278
HQD.U.TO,20240509,10.3,10.3,10.23,10.26,700
HQU.TO,20240509,18.87,18.97,18.72,18.9,292028
HR.UN.TO,20240509,9.29,9.29,9.23,9.24,393004
HRAA.TO,20240509,11.75,11.75,11.75,11.75,1800
HRX.TO,20240509,19.41,19.51,19.2,19.2,3579
HSAV.TO,20240509,111.7,111.7,111.53,111.6,43505
HSD.TO,20240509,19.54,19.6,19.34,19.36,296332
HSH.TO,20240509,63.93,64.07,63.92,64.07,2511
HSU.TO,20240509,20.9,21.13,20.88,21.13,105418
HSUV.U.TO,20240509,109.74,109.78,109.74,109.77,14519
HTA.TO,20240509,17.72,17.72,17.61,17.62,23940
HTA.U.TO,20240509,18.92,18.97,18.92,18.96,2845
HTAE.TO,20240509,15.96,15.97,15.87,15.94,3636
HTB.TO,20240509,54.97,54.97,54.9,54.9,1300
HTL.TO,20240509,1.38,1.38,1.36,1.36,7600
HUBL.TO,20240509,12.19,12.23,12.19,12.21,3700
HUC.TO,20240509,22.13,22.26,22.1,22.26,3978
HUG.TO,20240509,18.36,18.41,18.36,18.41,815
HULC.TO,20240509,85.08,85.08,84.93,84.97,1725
HULC.U.TO,20240509,62.01,62.19,61.97,62.19,8700
HUM.TO,20240509,29.39,29.39,29.39,29.39,100
HUN.TO,20240509,8.5,8.52,8.42,8.47,189655
HURA.TO,20240509,40.9,41.14,40.86,41.14,1545
HUT.TO,20240509,11.05,11.33,10.82,11.16,856066
HUTE.TO,20240509,9.81,9.87,9.81,9.87,15476
HUTL.TO,20240509,16.69,16.79,16.62,16.72,17402
HUTS.TO,20240509,11.97,12.04,11.97,12.03,10355
HUV.TO,20240509,8.72,8.78,8.68,8.69,31586
HUZ.TO,20240509,12.53,12.76,12.53,12.76,2171
HWO.TO,20240509,1.29,1.32,1.28,1.32,18450
HWX.TO,20240509,7.56,7.65,7.45,7.62,551845
HXCN.TO,20240509,36.07,36.13,36.02,36.03,18077
HXD.TO,20240509,5.83,5.83,5.76,5.78,446539
HXDM.TO,20240509,46.4,46.47,46.3,46.45,1902
HXE.TO,20240509,38.87,39.27,38.87,39.1,8000
HXEM.TO,20240509,35.74,35.74,35.5,35.52,442
HXF.TO,20240509,69.05,69.05,69.05,69.05,3970
HXH.TO,20240509,49.62,49.63,49.54,49.54,20901
HXQ.TO,20240509,70.89,70.89,70.57,70.7,13836
HXQ.U.TO,20240509,51.76,51.76,51.73,51.76,400
HXS.TO,20240509,72.49,72.64,72.39,72.62,25641
HXS.U.TO,20240509,53,53,53,53,200
HXT.TO,20240509,56.99,57.28,56.99,57.18,146485
HXU.TO,20240509,22.3,22.56,22.3,22.45,24561
HXX.TO,20240509,51.86,51.98,51.79,51.96,3276
HYLD.TO,20240509,13.04,13.1,13.01,13.09,85747
HYLD.U.TO,20240509,13.4,13.45,13.4,13.45,3127
HZD.TO,20240509,10.33,10.33,9.87,9.88,106964
HZU.TO,20240509,25.41,26.53,25.41,26.53,125375
IAG.TO,20240509,87.72,90.91,85.24,90.12,381254
IAU.TO,20240509,1.58,1.65,1.58,1.64,1765691
IAU.WT.TO,20240509,0.39,0.4,0.39,0.4,25175
IDIV.B.TO,20240509,13.68,13.8,13.68,13.79,5899
IE.TO,20240509,16,16.43,15.96,16.43,4568
IFC.TO,20240509,234.06,234.06,227.97,228.65,274288
IFC.PR.A.TO,20240509,19.47,19.65,19.47,19.64,1927
IFC.PR.C.TO,20240509,21.44,21.53,21.4,21.53,2461
IFC.PR.E.TO,20240509,20.9,21,20.75,20.75,1100
IFC.PR.F.TO,20240509,20.94,20.99,20.94,20.99,4420
IFC.PR.G.TO,20240509,23.85,24,23.47,23.47,7258
IFC.PR.I.TO,20240509,21.51,21.51,21.49,21.5,1030
IFP.TO,20240509,18.5,18.9,18.47,18.55,112320
IGBT.UN.TO,20240509,9.9,9.9,9.81,9.85,5600
IGM.TO,20240509,38.27,38.58,38.03,38.35,182472
III.TO,20240509,2.61,2.65,2.61,2.65,2100
IIMF.F.TO,20240509,22.66,22.66,22.66,22.66,1100
IIP.UN.TO,20240509,12.09,12.28,11.99,12.22,394875
ILLM.TO,20240509,1.65,1.65,1.6,1.6,37583
IMG.TO,20240509,5.2,5.27,5.16,5.27,1002295
IMO.TO,20240509,95.67,96.81,95.65,95.85,494614
IMP.TO,20240509,0.56,0.56,0.56,0.56,500
INAI.F.TO,20240509,22.15,22.15,22.15,22.15,500
INC.UN.TO,20240509,7.5,7.53,7.5,7.52,2212
INE.TO,20240509,8.51,8.59,8.19,8.41,907595
INE.DB.B.TO,20240509,97,97,97,97,3000000
INE.DB.C.TO,20240509,94,94,94,94,45000
INE.PR.A.TO,20240509,12.6,12.64,12.6,12.64,1101
INE.PR.C.TO,20240509,18.1,18.3,18.1,18.3,2600
INO.UN.TO,20240509,1.05,1.1,1.05,1.07,26747
IPCO.TO,20240509,18.14,18.31,18.02,18.19,61097
IPO.TO,20240509,2.37,2.41,2.37,2.39,108371
IQD.TO,20240509,35.29,35.43,35.29,35.38,2176
IS.TO,20240509,14.77,14.84,14.75,14.75,1600
IS.PR.A.TO,20240509,10.04,10.1,10.02,10.1,194773
ISV.TO,20240509,25.85,26,25.62,25.62,1600
ITE.TO,20240509,0.185,0.19,0.185,0.185,101232
ITH.TO,20240509,0.9,0.93,0.9,0.92,22100
IUFR.U.TO,20240509,20.15,20.15,20.15,20.15,200
IUMF.TO,20240509,22.32,22.35,22.32,22.35,800
IUMF.F.TO,20240509,21.31,21.34,21.31,21.34,1400
IVN.TO,20240509,19.83,20.25,19.82,19.87,1706532
IVQ.DB.U.TO,20240509,46.99,47,46.99,47,10000
IVQ.DB.V.TO,20240509,51,51,51,51,16697
JAG.TO,20240509,2.81,2.93,2.81,2.87,16263
JAPN.TO,20240509,48.94,49.09,48.94,49.09,200
JAPN.B.TO,20240509,33.82,33.88,33.82,33.88,300
JFS.UN.TO,20240509,25.24,25.32,25.07,25.22,10700
JOY.TO,20240509,3.57,3.66,3.54,3.66,62058
JWEL.TO,20240509,26.04,26.04,25.6,25.7,82950
K.TO,20240509,9.85,10.33,9.83,10.31,3634884
KBL.TO,20240509,35.47,35.6,35.38,35.58,7494
KEC.TO,20240509,12.42,12.82,12.42,12.82,29300
KEG.UN.TO,20240509,14.68,14.73,14.61,14.65,2020
KEI.TO,20240509,4.51,4.51,4.25,4.44,4975
KEL.TO,20240509,6.09,6.15,5.89,5.94,370075
KEY.TO,20240509,35.13,35.36,35,35.14,612454
KILO.TO,20240509,34.69,34.82,34.68,34.82,513
KITS.TO,20240509,6.3,6.43,6.22,6.3,57459
KLS.TO,20240509,0.175,0.18,0.175,0.18,25000
KMP.UN.TO,20240509,17.29,17.45,17.15,17.4,957562
KNT.TO,20240509,7.82,7.95,7.78,7.95,368115
KPT.TO,20240509,8.38,8.38,8.21,8.33,15302
KRN.TO,20240509,0.145,0.17,0.145,0.15,19400
KSI.TO,20240509,4.07,4.5,4.07,4.42,197838
KXS.TO,20240509,146.06,151.71,146.06,150.04,132755
L.TO,20240509,156.8,157.2,155.24,155.62,259153
L.PR.B.TO,20240509,21.7,21.82,21.42,21.65,4918
LAAC.TO,20240509,7.18,7.56,7.11,7.55,159213
LABS.TO,20240509,0.085,0.085,0.08,0.08,64620
LAC.TO,20240509,5.94,6.16,5.94,6.07,675720
LAM.TO,20240509,0.77,0.78,0.75,0.75,77817
LAS.A.TO,20240509,145.11,145.11,145.11,145.11,140
LB.TO,20240509,26.49,26.75,26.27,26.66,83915
LB.PR.H.TO,20240509,19.05,19.05,18.92,18.95,9638
LBS.TO,20240509,7.75,7.8,7.73,7.78,32922
LBS.PR.A.TO,20240509,10.24,10.26,10.2,10.26,76700
LCFS.TO,20240509,7.87,7.95,7.65,7.95,16600
LCS.TO,20240509,6.74,6.95,6.74,6.93,45444
LCS.PR.A.TO,20240509,10.05,10.08,10.05,10.05,21205
LEV.TO,20240509,1.3,1.43,1.29,1.31,1059683
LEV.WT.A.TO,20240509,0.28,0.28,0.28,0.28,1000
LFE.TO,20240509,4.69,4.9,4.69,4.88,62401
LFE.PR.B.TO,20240509,10.12,10.15,10.12,10.15,2200
LGD.TO,20240509,0.335,0.35,0.335,0.345,484100
LGO.TO,20240509,2.13,2.27,2.1,2.23,66470
LIF.TO,20240509,30.34,30.65,29.85,30.19,153545
LIFE.TO,20240509,21.3,21.4,21.3,21.4,7018
LIRC.TO,20240509,7.22,7.54,7.22,7.48,18559
LMAX.TO,20240509,15.67,15.72,15.66,15.72,7551
LN.TO,20240509,0.38,0.38,0.355,0.355,11000
LNF.TO,20240509,22.69,22.69,22.36,22.59,10858
LNR.TO,20240509,71.24,73.84,70,70.25,288478
LPAY.TO,20240509,27.18,27.18,27.18,27.18,126
LSPD.TO,20240509,18.64,18.78,18.19,18.37,625531
LSPK.TO,20240509,0.63,0.63,0.63,0.63,25002
LUC.TO,20240509,0.35,0.365,0.35,0.365,15558
LUG.TO,20240509,18.73,19.99,18.14,19.83,390018
LUN.TO,20240509,15.84,16.16,15.77,15.94,945762
LYFR.TO,20240509,10.19,10.19,10.19,10.19,1500
MAG.TO,20240509,17.59,17.97,17.44,17.9,241520
MAL.TO,20240509,7.96,7.98,7.94,7.95,5874
MARI.TO,20240509,3.72,3.81,3.7,3.8,11650
MATR.TO,20240509,16.54,16.54,16.27,16.5,55409
MBAL.TO,20240509,23.43,23.44,23.43,23.44,5100
MBX.TO,20240509,0.33,0.33,0.33,0.33,53784
MCB.TO,20240509,2.1,2.12,2.1,2.11,4930
MCLC.TO,20240509,38.25,38.29,38.25,38.29,1000
MCON.TO,20240509,20.93,20.98,20.93,20.98,200
MCSB.TO,20240509,19.16,19.16,19.16,19.16,600
MDA.TO,20240509,14.9,14.99,13.43,13.89,1116850
MDI.TO,20240509,9.59,9.8,9.59,9.67,51785
MDIV.TO,20240509,15.92,15.92,15.92,15.92,170
MDNA.TO,20240509,2.68,2.81,2.59,2.77,81330
MDP.TO,20240509,1.7,1.76,1.66,1.69,60710
MEG.TO,20240509,31.74,32.1,31.45,31.56,2310825
MEQ.TO,20240509,175.41,175.41,171.99,172,5386
MEQT.TO,20240509,22.68,22.68,22.68,22.68,100
MFC.TO,20240509,33.88,35.26,33.81,35.19,7408046
MFC.PR.B.TO,20240509,19.15,19.31,19.15,19.21,4000
MFC.PR.C.TO,20240509,18.7,18.8,18.56,18.56,4997
MFC.PR.F.TO,20240509,17.51,17.51,17.24,17.28,1536
MFC.PR.I.TO,20240509,24.44,24.5,24.24,24.24,7784
MFC.PR.J.TO,20240509,24.3,24.39,24.18,24.18,9779
MFC.PR.K.TO,20240509,23.78,23.85,23.75,23.76,1289
MFC.PR.L.TO,20240509,22.38,22.39,22.38,22.39,2150
MFC.PR.M.TO,20240509,21.67,21.67,21.67,21.67,615
MFC.PR.N.TO,20240509,21.53,21.6,21.33,21.45,8116
MFC.PR.Q.TO,20240509,23.83,23.84,23.63,23.65,16109
MFI.TO,20240509,24.2,24.42,24.08,24.32,77666
MFT.TO,20240509,17.18,17.19,17.16,17.19,13527
MG.TO,20240509,64.73,64.94,63.44,63.45,2724666
MGA.TO,20240509,0.375,0.3875,0.375,0.38,451056
MGAB.TO,20240509,16.56,16.56,16.56,16.56,1000
MGB.TO,20240509,16.16,16.17,16.15,16.15,729
MHC.U.TO,20240509,15.01,15.1,14.85,15.06,8558
MHC.UN.TO,20240509,20.66,20.66,20.45,20.45,200
MHCD.TO,20240509,11.64,11.64,11.6,11.62,4092
MI.UN.TO,20240509,15.29,15.59,15.15,15.5,255685
MIC.PR.A.TO,20240509,19.31,19.41,19.31,19.41,2020
MID.UN.TO,20240509,6.76,6.85,6.76,6.85,9258
MIN.TO,20240509,0.23,0.23,0.225,0.225,14258
MINN.TO,20240509,18.68,18.68,18.67,18.67,1764
MINT.TO,20240509,38.75,38.75,38.65,38.65,1100
MKB.TO,20240509,18.6,18.7,18.6,18.69,19163
MKP.TO,20240509,15.71,15.75,15.6,15.66,75389
MKZ.UN.TO,20240509,0.345,0.365,0.345,0.365,14500
MMP.UN.TO,20240509,1.77,1.8,1.77,1.8,2700
MND.TO,20240509,2.3,2.37,2.3,2.33,11405
MNO.TO,20240509,0.56,0.61,0.54,0.54,1299994
MNS.TO,20240509,21.75,22.07,21.6,21.84,6136
MNT.TO,20240509,32.4,32.74,32.39,32.69,12359
MNU.U.TO,20240509,100.2,100.2,100.2,100.2,3883
MNY.TO,20240509,100.19,100.19,100.18,100.18,19249
MOGO.TO,20240509,2.49,2.53,2.46,2.46,26370
MPAY.TO,20240509,27.05,27.09,27.05,27.08,948
MPAY.U.TO,20240509,19.76,19.76,19.76,19.76,400
MPCT.UN.TO,20240509,3.84,3.93,3.84,3.88,8327
MPVD.TO,20240509,0.2,0.215,0.2,0.21,106108
MR.UN.TO,20240509,2.92,2.93,2.8,2.84,27104
MRC.TO,20240509,110.94,111.35,110.94,111,1932
MRD.TO,20240509,11.45,11.54,11.45,11.52,4817
MRE.TO,20240509,11.82,12.23,11.82,11.89,329033
MREL.TO,20240509,11.59,11.65,11.58,11.64,3987
MRG.UN.TO,20240509,16.15,16.21,16.08,16.17,40805
MRT.DB.A.TO,20240509,96,96,96,96,10000
MRT.UN.TO,20240509,5.34,5.34,5.31,5.31,3700
MRU.TO,20240509,73.34,73.5,72.53,72.72,316658
MSA.TO,20240509,1.16,1.18,1.16,1.18,103816
MSCL.TO,20240509,0.46,0.48,0.45,0.46,20999
MSV.TO,20240509,0.22,0.22,0.22,0.22,5500
MTL.TO,20240509,12.81,12.84,12.7,12.78,328473
MTY.TO,20240509,48.26,48.26,47.61,47.79,28525
MUB.TO,20240509,18.05,18.08,18.03,18.07,23663
MULC.B.TO,20240509,53.14,53.14,53.14,53.14,162
MUMC.B.TO,20240509,46.42,46.66,46.42,46.66,3929
MUSA.TO,20240509,18.41,18.41,18.41,18.41,100
MUX.TO,20240509,15.68,15.68,13.44,14.09,209164
MWLV.TO,20240509,20.79,20.79,20.79,20.79,1000
MX.TO,20240509,66.75,69,66.67,68.75,142085
MXG.TO,20240509,4.26,4.27,4.2,4.2,22095
NA.TO,20240509,114.59,115.48,114.31,115.26,1225268
NA.PR.C.TO,20240509,25.65,25.75,25.65,25.7,6790
NA.PR.E.TO,20240509,24.15,24.15,24.05,24.05,3609
NA.PR.G.TO,20240509,25.4,25.4,25.26,25.31,13301
NA.PR.S.TO,20240509,23.78,23.78,23.45,23.59,30750
NA.PR.W.TO,20240509,22.25,22.25,22.09,22.11,5477
NALT.TO,20240509,24,24.03,23.97,23.98,5400
NANO.TO,20240509,2.07,2.07,1.93,1.93,21038
NCP.TO,20240509,0.015,0.02,0.015,0.02,36000
NDM.TO,20240509,0.38,0.4,0.38,0.38,83465
NEO.TO,20240509,5.8,5.84,5.76,5.81,97363
NEXT.TO,20240509,0.66,0.68,0.66,0.67,37000
NFI.TO,20240509,13.38,14.18,13.27,14.07,868645
NFI.DB.TO,20240509,91,91.45,91,91.45,10000
NG.TO,20240509,4.16,4.22,4,4.02,220382
NGD.TO,20240509,2.56,2.71,2.56,2.7,1288912
NGEX.TO,20240509,9.12,9.27,9.08,9.2,197400
NGPE.TO,20240509,45.29,45.29,44.57,45.05,7009
NGT.TO,20240509,57.24,58.74,57.21,58.57,282229
NINT.TO,20240509,25.6,25.6,25.6,25.6,100
NOA.TO,20240509,28.09,28.51,28.09,28.42,21063
NOA.DB.A.TO,20240509,125,125,125,125,4000
NOVC.TO,20240509,1.28,1.3,1.27,1.27,5317
NPI.TO,20240509,21.69,21.82,21.45,21.71,792268
NPI.PR.A.TO,20240509,17,17,17,17,600
NPI.PR.B.TO,20240509,18.58,18.58,18.5,18.58,700
NPK.TO,20240509,0.8,0.8,0.77,0.77,55010
NPRF.TO,20240509,22.35,22.42,22.35,22.39,3575
NPS.TO,20240509,12.74,12.97,12.74,12.97,1900
NREA.TO,20240509,19.86,20.01,19.86,20.01,4277
NRR.UN.TO,20240509,13.57,15.09,13.56,14.68,10283
NSCB.TO,20240509,21.77,21.77,21.77,21.77,154
NSCC.TO,20240509,21.61,21.61,21.6,21.6,700
NSCE.TO,20240509,39.81,39.81,39.64,39.64,350
NSSB.TO,20240509,9.78,9.8,9.78,9.8,2240
NTR.TO,20240509,77,79.84,76.99,79.58,1032795
NUAG.TO,20240509,2.73,2.93,2.73,2.9,86938
NUBF.TO,20240509,21.15,21.16,21.12,21.16,13900
NUMI.TO,20240509,0.075,0.075,0.07,0.07,64540
NUSA.TO,20240509,40.91,41.03,40.91,41,700
NVA.TO,20240509,12.78,12.84,12.56,12.75,349336
NVEI.TO,20240509,44.47,44.47,44.08,44.08,113400
NVO.TO,20240509,0.135,0.14,0.135,0.14,66807
NWC.TO,20240509,38.56,38.66,38.3,38.57,40917
NWH.DB.G.TO,20240509,100.5,100.5,100.5,100.5,5000
NWH.DB.H.TO,20240509,82.92,82.92,81.6,81.6,185000
NWH.UN.TO,20240509,5.1,5.2,5.09,5.13,514827
NXE.TO,20240509,10.67,11.12,10.64,11.01,4158658
NXF.TO,20240509,6.45,6.54,6.45,6.54,11122
NXF.B.TO,20240509,8.5,8.5,8.5,8.5,500
NXR.UN.TO,20240509,7.24,7.32,7.17,7.32,95874
OBE.TO,20240509,10.89,11.01,10.85,10.9,61216
OGC.TO,20240509,3.1,3.25,3.07,3.24,2568489
OGD.TO,20240509,0.67,0.67,0.62,0.66,6500
OGI.TO,20240509,2.44,2.51,2.42,2.47,274608
OLA.TO,20240509,5.34,5.41,5.29,5.36,375839
OLY.TO,20240509,110.5,110.5,110.5,110.5,100
ONC.TO,20240509,1.62,1.74,1.6,1.69,142531
ONEC.TO,20240509,21.75,21.75,21.75,21.75,100
ONEQ.TO,20240509,39.74,39.74,39.74,39.74,398
ONEX.TO,20240509,100.46,101.31,99.88,100.02,58621
OPT.TO,20240509,6,6,6,6,300
OR.TO,20240509,21.66,22.16,21.6,22.08,272808
ORA.TO,20240509,10.81,10.85,10.76,10.85,11799
ORE.TO,20240509,0.81,0.81,0.8,0.8,79504
ORV.TO,20240509,0.175,0.175,0.175,0.175,2000
OSK.TO,20240509,3,3.09,2.97,3.09,888329
OTEX.TO,20240509,41.79,42.7,40.79,41.2,871750
OVV.TO,20240509,69.78,70.68,69.43,69.61,110000
PAAS.TO,20240509,26.02,28.4,26.02,28.22,1034402
PABF.TO,20240509,22.52,22.52,22.5,22.52,6700
PACF.TO,20240509,22.07,22.07,22.07,22.07,4500
PAGF.TO,20240509,23.11,23.15,23.11,23.15,1177
PAY.TO,20240509,7.14,7.32,6.84,6.95,160090
PAYF.TO,20240509,18.75,18.75,18.75,18.75,300
PBH.TO,20240509,88.56,89.58,88.56,89.23,30794
PBH.DB.G.TO,20240509,98.25,98.68,98.25,98.68,15000
PBH.DB.I.TO,20240509,93.31,93.5,93,93,59000
PBI.B.TO,20240509,51.29,51.53,51.29,51.53,500
PBL.TO,20240509,33,34.58,33,33.47,4761
PBY.UN.TO,20240509,14.87,14.93,14.85,14.93,7800
PD.TO,20240509,100.23,101.75,99.99,101.58,81682
PDC.TO,20240509,31.17,31.42,31.17,31.39,20179
PDF.TO,20240509,31.29,31.32,31.29,31.32,1700
PDIV.TO,20240509,9.4,9.41,9.4,9.4,2438
PEA.TO,20240509,0.4,0.41,0.4,0.4,30000
PET.TO,20240509,29,29.06,28.05,28.9,297231
PEY.TO,20240509,15.37,15.48,15.3,15.35,782152
PFAA.TO,20240509,11.05,11.05,11.03,11.03,11793
PFH.F.TO,20240509,17.76,17.76,17.76,17.76,331
PFIA.TO,20240509,9.8,9.81,9.79,9.79,44299
PFL.TO,20240509,19.6,19.61,19.6,19.6,32327
PFLS.TO,20240509,16.89,16.89,16.89,16.89,200
PFMN.TO,20240509,14.32,14.35,14.3,14.3,189698
PGI.UN.TO,20240509,7.46,7.52,7.46,7.48,10678
PHE.B.TO,20240509,36.88,36.88,36.88,36.88,100
PHX.TO,20240509,8.76,8.81,8.71,8.71,56079
PHYS.TO,20240509,24.59,24.87,24.59,24.86,56766
PHYS.U.TO,20240509,17.91,18.14,17.91,18.14,3100
PIC.A.TO,20240509,4.16,4.18,4.08,4.15,42199
PIC.PR.A.TO,20240509,14.26,14.3,14.25,14.25,18329
PID.TO,20240509,23.42,23.43,23.42,23.43,400
PIF.TO,20240509,12.74,12.95,12.65,12.95,57515
PIN.TO,20240509,17.39,17.39,17.39,17.39,101
PINC.TO,20240509,17.27,17.3,17.27,17.29,1005
PIX.UN.TO,20240509,8,8,8,8,2600
PKI.TO,20240509,40.02,40.12,39.7,39.99,748068
PLDI.TO,20240509,18.93,18.93,18.93,18.93,2000
PLZ.UN.TO,20240509,3.5,3.54,3.49,3.54,42529
PME.TO,20240509,2.18,2.24,2.15,2.17,6500
PMET.TO,20240509,8.35,8.58,8.23,8.55,113800
PMIF.TO,20240509,17.96,18.02,17.96,18.02,55145
PMIF.U.TO,20240509,19.16,19.17,19.15,19.17,4600
PMM.TO,20240509,22.32,22.32,22.21,22.21,300
PMNT.TO,20240509,19.18,19.19,19.18,19.19,5069
PMT.TO,20240509,0.52,0.52,0.52,0.52,8000
PMZ.UN.TO,20240509,13.65,13.7,13.57,13.7,99461
PNE.TO,20240509,0.98,1,0.97,0.98,1245591
PNP.TO,20240509,5.86,5.86,5.62,5.63,2175
POU.TO,20240509,32.83,33.06,32.6,32.71,179165
POW.TO,20240509,40,40.49,39.72,40.4,2917892
POW.PR.A.TO,20240509,21.63,21.69,21.61,21.61,2100
POW.PR.B.TO,20240509,20.71,20.75,20.71,20.75,800
POW.PR.C.TO,20240509,22.59,22.59,22.42,22.58,2779
POW.PR.D.TO,20240509,19.22,19.49,19.22,19.49,3500
POW.PR.E.TO,20240509,40.2,41,40.2,41,200
POW.PR.G.TO,20240509,21.55,21.55,21.55,21.55,100
PPL.TO,20240509,50.2,50.39,49.98,50.12,1479548
PPL.PF.A.TO,20240509,22.4,22.66,22.17,22.3,2414
PPL.PF.E.TO,20240509,23.25,23.35,23.25,23.35,3138
PPL.PR.A.TO,20240509,21.45,21.45,21.27,21.28,2437
PPL.PR.C.TO,20240509,20,20,19.95,19.97,4100
PPL.PR.E.TO,20240509,22.25,22.27,22.22,22.27,6580
PPL.PR.G.TO,20240509,20.37,20.45,20.2,20.2,3650
PPL.PR.I.TO,20240509,22.85,22.85,22.85,22.85,124
PPL.PR.O.TO,20240509,21.4,21.45,21.24,21.24,19383
PPL.PR.Q.TO,20240509,22.03,22.08,21.96,21.98,7022
PPL.PR.S.TO,20240509,23.8,23.95,23.77,23.77,2322
PPLN.TO,20240509,10.6,10.6,10.6,10.6,400
PPR.TO,20240509,0.065,0.065,0.06,0.065,270835
PPTA.TO,20240509,7.32,7.46,7.28,7.46,22241
PR.TO,20240509,9.3,9.31,9.3,9.31,1400
PRA.TO,20240509,28.57,28.57,28.57,28.57,200
PRB.TO,20240509,1.49,1.51,1.48,1.48,49534
PRL.TO,20240509,26.74,29.89,26.6,27.95,354583
PRMW.TO,20240509,27.39,31.63,27.39,28.71,467549
PRN.TO,20240509,10.85,11.64,10.58,11.64,10779
PRQ.TO,20240509,1.38,1.39,1.36,1.39,28300
PRU.TO,20240509,2.09,2.11,2.08,2.1,21705
PRV.DB.TO,20240509,98.48,98.49,98.25,98.49,68000
PRV.UN.TO,20240509,5.05,5.29,5.05,5.25,45402
PRYM.TO,20240509,2.15,2.25,2.1,2.2,96920
PSA.TO,20240509,50.08,50.09,50.08,50.09,98235
PSB.TO,20240509,17.17,17.19,17.17,17.19,750
PSD.TO,20240509,2.28,2.28,2.23,2.26,36566
PSI.TO,20240509,15.98,16.03,15.59,15.71,90164
PSK.TO,20240509,26.16,26.27,26.03,26.15,218138
PSLV.TO,20240509,12.81,13.09,12.81,13.07,101310
PSLV.U.TO,20240509,9.46,9.46,9.46,9.46,100
PSU.U.TO,20240509,100.18,100.19,100.18,100.19,4729
PTI.UN.TO,20240509,6.65,6.7,6.65,6.7,9500
PTM.TO,20240509,1.87,1.99,1.81,1.99,48326
PTO.UN.TO,20240509,7.2,7.29,7.2,7.29,5500
PVS.PR.G.TO,20240509,24.55,24.55,24.55,24.55,500
PVS.PR.H.TO,20240509,24.26,24.26,24.26,24.26,400
PVS.PR.I.TO,20240509,24.52,24.53,24.52,24.53,800
PVS.PR.K.TO,20240509,23.24,23.25,23.16,23.25,7100
PWF.PR.A.TO,20240509,13.15,13.2,13.15,13.2,930
PWF.PR.E.TO,20240509,21.15,21.15,21.15,21.15,1000
PWF.PR.F.TO,20240509,20.41,20.45,20.4,20.41,1218
PWF.PR.G.TO,20240509,22.8,22.8,22.7,22.7,1600
PWF.PR.H.TO,20240509,22.11,22.11,22.11,22.11,100
PWF.PR.K.TO,20240509,19.17,19.17,19.12,19.12,4400
PWF.PR.L.TO,20240509,19.76,19.76,19.65,19.65,2200
PWF.PR.O.TO,20240509,22.42,22.45,22.11,22.11,4900
PWF.PR.P.TO,20240509,15.4,15.4,15.4,15.4,285
PWF.PR.Q.TO,20240509,16.8,16.8,16.75,16.75,200
PWF.PR.R.TO,20240509,21.12,21.17,21.1,21.1,3400
PWF.PR.S.TO,20240509,18.61,18.61,18.61,18.61,110
PWF.PR.T.TO,20240509,22.59,22.59,22.59,22.59,975
PWF.PR.Z.TO,20240509,19.9,20.1,19.9,20.1,3100
PWI.TO,20240509,7.66,7.75,7.61,7.67,49008
PWI.PR.A.TO,20240509,10.26,10.35,10.25,10.35,9200
PXC.TO,20240509,38.27,38.27,38.27,38.27,300
PXS.TO,20240509,44.89,45.11,44.88,45.11,24600
PXT.TO,20240509,23.75,24.88,23.7,24.6,556068
PYF.TO,20240509,17.3,17.32,17.3,17.32,3604
PYF.U.TO,20240509,19.74,19.74,19.74,19.74,1600
PYR.TO,20240509,0.59,0.6,0.57,0.59,36250
PZA.TO,20240509,13.39,13.6,13.39,13.6,29760
QAH.TO,20240509,171.75,172.12,171.75,172.12,300
QASH.TO,20240509,50.14,50.14,50.14,50.14,1111
QBB.TO,20240509,90.3,90.41,90.29,90.41,917
QBR.A.TO,20240509,30.28,30.45,29.85,29.85,985
QBR.B.TO,20240509,29.23,30.55,29.23,29.77,646140
QBTC.TO,20240509,86.41,86.96,85.32,86.63,12430
QBTC.U.TO,20240509,62.08,63.32,62.08,63.32,500
QBTL.TO,20240509,19.25,19.29,19.24,19.29,28700
QCLN.TO,20240509,15.42,15.5,15.42,15.5,600
QCN.TO,20240509,136.73,136.73,136.44,136.54,1635
QDX.TO,20240509,118.91,118.91,118.91,118.91,780
QDXB.TO,20240509,88.03,88.1,88.03,88.1,600
QDXH.TO,20240509,134.66,134.66,134.65,134.65,200
QEBH.TO,20240509,77.1,77.13,77.1,77.13,700
QEBL.TO,20240509,71.49,71.5,71.49,71.5,200
QEE.TO,20240509,90.64,90.64,90.39,90.45,2800
QETH.U.TO,20240509,47.84,47.89,47.71,47.89,813
QETH.UN.TO,20240509,65.52,65.59,64.94,65.55,3727
QHY.TO,20240509,84.17,84.19,84.17,84.19,700
QIE.TO,20240509,32.36,32.41,32.36,32.41,750
QINF.TO,20240509,123.99,124,123.99,124,200
QIPT.TO,20240509,5.67,5.67,5.47,5.48,3675
QMAX.TO,20240509,19.45,19.45,19.28,19.3,9437
QQC.TO,20240509,29.54,29.54,29.4,29.48,54432
QQC.F.TO,20240509,144.31,144.42,143.75,144.4,1795
QQCC.TO,20240509,11.66,11.67,11.6,11.61,15533
QQCE.TO,20240509,24.91,24.91,24.88,24.89,600
QQCL.TO,20240509,21.94,21.94,21.83,21.86,4790
QQJR.TO,20240509,19.54,19.54,19.54,19.54,1000
QQQT.TO,20240509,27.13,27.13,26.97,26.97,4813
QQQT.B.TO,20240509,28.09,28.09,28.09,28.09,140
QQQY.TO,20240509,25.16,25.16,24.95,25.07,4424
QRC.TO,20240509,0.86,0.86,0.86,0.86,9800
QSR.TO,20240509,100.94,101.33,100.3,100.66,380363
QTRH.TO,20240509,1.67,1.69,1.65,1.69,51752
QUS.TO,20240509,51.89,51.89,51.89,51.89,200
QUU.TO,20240509,204.09,204.49,203.75,204.48,19260
QUU.U.TO,20240509,149.2,149.2,149.2,149.2,100
QXM.TO,20240509,27.85,27.97,27.85,27.97,2052
RA.UN.TO,20240509,7.12,7.16,7.12,7.15,2300
RATE.TO,20240509,21.01,21.01,21,21.01,5619
RAY.A.TO,20240509,7.63,7.66,7.55,7.66,11480
RAY.B.TO,20240509,7.55,7.55,7.4,7.4,3000
RBA.TO,20240509,98.72,100.06,97.35,99.73,145256
RBN.UN.TO,20240509,7.67,7.67,7.59,7.66,79752
RBNK.TO,20240509,24.3,24.43,24.3,24.38,13415
RBOT.TO,20240509,30.05,30.13,30.05,30.13,4280
RBY.TO,20240509,2.68,2.69,2.65,2.65,13244
RCDC.TO,20240509,20.25,20.28,20.25,20.28,2827
RCG.TO,20240509,7.48,7.65,7.47,7.57,2600
RCG.PR.B.TO,20240509,11.7,11.9,11.6,11.9,3904
RCH.TO,20240509,39.41,39.5,38.92,39.14,40215
RCI.A.TO,20240509,55.65,59,55.41,58.78,1218
RCI.B.TO,20240509,53.37,54.46,53.35,53.82,1381065
RDBH.TO,20240509,20.03,20.03,20.01,20.01,4400
REAL.TO,20240509,5.6,5.84,5.54,5.79,95969
REI.UN.TO,20240509,17.59,17.9,17.51,17.78,644811
RGQN.TO,20240509,20.12,20.12,20.11,20.11,2800
RGQO.TO,20240509,19.98,20,19.98,19.98,2800
RGQP.TO,20240509,19.71,19.73,19.71,19.71,2800
RGQQ.TO,20240509,19.53,19.53,19.53,19.53,100
RGQR.TO,20240509,19.46,19.46,19.46,19.46,14850
RID.TO,20240509,26.12,26.12,26.12,26.12,300
RIDH.TO,20240509,29.17,29.17,29.17,29.17,500
RIRA.TO,20240509,17.27,17.27,17.27,17.27,300
RIT.TO,20240509,15.5,15.57,15.46,15.54,6013
RPD.TO,20240509,25.75,25.75,25.69,25.69,701
RPF.TO,20240509,20.53,20.53,20.46,20.47,3200
RPI.UN.TO,20240509,31.51,31.51,30.73,30.73,7433
RQN.TO,20240509,20.14,20.15,20.14,20.14,6900
RQO.TO,20240509,18.21,18.21,18.18,18.2,23966
RQP.TO,20240509,17.66,17.69,17.66,17.69,9808
RQQ.TO,20240509,21.22,21.26,21.22,21.25,8870
RQR.TO,20240509,21.05,21.06,21.05,21.06,7300
RQS.TO,20240509,20.17,20.24,20.17,20.24,3152
RS.TO,20240509,11.92,12,11.87,12,30829
RS.PR.A.TO,20240509,9.77,9.82,9.77,9.82,1760
RSI.TO,20240509,5.21,5.26,5.21,5.26,121632
RSI.DB.E.TO,20240509,98.81,98.81,98.81,98.81,12000
RSI.DB.F.TO,20240509,97.81,97.81,97.4,97.4,88999
RTG.TO,20240509,0.04,0.04,0.04,0.04,6000
RUBY.TO,20240509,20.34,20.34,20.34,20.34,100
RUD.TO,20240509,64.23,64.35,64.09,64.35,3201
RUDB.TO,20240509,20.5,20.5,20.47,20.47,873
RUDB.U.TO,20240509,14.96,14.96,14.96,14.96,600
RUDH.TO,20240509,44.66,44.75,44.66,44.75,1000
RUP.TO,20240509,4.01,4.24,4.01,4.23,41876
RUQO.TO,20240509,20.08,20.08,20.08,20.08,996
RUQP.TO,20240509,20.09,20.09,20.09,20.09,996
RUQQ.TO,20240509,20.16,20.16,20.16,20.16,996
RUQS.TO,20240509,20.24,20.24,20.24,20.24,175
RUS.TO,20240509,39.51,40.08,39.4,39.45,121850
RUSB.U.TO,20240509,15.12,15.12,15.12,15.12,4500
RVX.TO,20240509,0.06,0.06,0.055,0.055,26122
RY.TO,20240509,139.98,140.98,139.71,140.96,2383497
RY.PR.J.TO,20240509,23.6,23.6,23.4,23.46,19737
RY.PR.M.TO,20240509,23.11,23.11,23,23,12582
RY.PR.N.TO,20240509,23.2,23.21,23.2,23.21,700
RY.PR.S.TO,20240509,24.41,24.48,24.38,24.42,8758
S.TO,20240509,0.33,0.33,0.31,0.325,131878
SAM.TO,20240509,0.15,0.16,0.14,0.16,76209
SAP.TO,20240509,26.82,27.03,26.77,26.97,230150
SAU.TO,20240509,0.075,0.08,0.075,0.08,80000
SBC.TO,20240509,9.14,9.18,9.11,9.13,30441
SBC.PR.A.TO,20240509,10.05,10.07,10.03,10.07,1800
SBI.TO,20240509,1.15,1.16,1.15,1.16,10499
SBT.TO,20240509,14.95,14.95,14.95,14.95,308
SBT.B.TO,20240509,20.23,20.52,20.23,20.52,2560
SCR.TO,20240509,31.09,31.36,30.75,30.76,15849
SCY.TO,20240509,0.02,0.025,0.02,0.02,294000
SDE.TO,20240509,4.3,4.36,4.25,4.28,344854
SEA.TO,20240509,20.76,21.06,20.64,20.98,140780
SES.TO,20240509,11.27,11.32,11.08,11.12,717082
SFC.TO,20240509,6.75,6.88,6.74,6.74,7516
SFD.TO,20240509,0.14,0.145,0.13,0.145,51508
SFI.TO,20240509,0.275,0.275,0.275,0.275,10000
SFTC.TO,20240509,17.75,17.75,17.13,17.62,35416
SGLD.TO,20240509,0.165,0.165,0.16,0.16,5508
SGNL.TO,20240509,0.11,0.11,0.105,0.105,205500
SGR.UN.TO,20240509,10.74,10.87,10.71,10.85,87547
SGY.TO,20240509,7.12,7.24,6.99,7.21,502372
SGY.DB.B.TO,20240509,101.01,101.01,101.01,101.01,2000
SHLE.TO,20240509,14.63,15.98,14.3,14.9,38368
SHOP.TO,20240509,86.97,87.5,84.4,85.39,3075433
SIA.TO,20240509,14.07,14.2,14,14.14,149160
SIH.UN.TO,20240509,12,12.01,12,12.01,200
SII.TO,20240509,56.21,57.66,56.21,57.39,49590
SIL.TO,20240509,11.46,11.85,11.46,11.72,437209
SIS.TO,20240509,17.2,17.89,17.2,17.87,387575
SJ.TO,20240509,81,81.94,78.52,78.69,178933
SKE.TO,20240509,6.56,7.11,6.53,7.1,366192
SKYY.TO,20240509,22.47,22.47,22.41,22.43,700
SLF.TO,20240509,72.87,73.5,72.78,73.43,944654
SLF.PR.C.TO,20240509,18.88,18.91,18.75,18.8,2200
SLF.PR.D.TO,20240509,18.84,18.84,18.65,18.65,5846
SLF.PR.E.TO,20240509,18.85,18.87,18.76,18.78,6565
SLF.PR.G.TO,20240509,17,17.03,16.95,17.02,58239
SLF.PR.H.TO,20240509,19.84,19.97,19.84,19.97,749
SLF.PR.J.TO,20240509,17.87,17.87,17.49,17.49,1400
SLF.PR.K.TO,20240509,19.8,19.8,19.8,19.8,100
SLR.TO,20240509,1.1,1.1,1.07,1.07,6090
SLS.TO,20240509,5.11,5.27,5.01,5.25,70584
SMAX.TO,20240509,18.1,18.1,18.06,18.08,5924
SMT.TO,20240509,0.8,0.82,0.79,0.8,46560
SOIL.TO,20240509,2.5,2.61,2.48,2.61,424735
SOLG.TO,20240509,0.16,0.16,0.155,0.16,497800
SOT.DB.TO,20240509,62,62,62,62,17000
SOT.DB.B.TO,20240509,42,42,42,42,80000
SOT.UN.TO,20240509,0.68,0.68,0.66,0.66,39244
SOY.TO,20240509,8.95,10.4,7.97,8.02,224719
SPAY.TO,20240509,27.09,27.09,27.01,27.01,8805
SPB.TO,20240509,9.55,9.59,9.42,9.49,633162
SPLT.TO,20240509,10.41,10.43,10.4,10.43,46272
SPPP.TO,20240509,13.25,13.48,13.25,13.45,7605
SPPP.U.TO,20240509,9.8,9.8,9.8,9.8,100
SRU.UN.TO,20240509,23,23,22.67,22.77,143381
SRV.UN.TO,20240509,13.31,13.37,13.27,13.27,1200
SSF.UN.TO,20240509,6.87,6.88,6.84,6.84,3000
SSL.TO,20240509,7.73,7.85,7.72,7.85,237276
SSRM.TO,20240509,7.38,7.63,7,7.4,831808
STC.TO,20240509,5.81,6.18,5.81,6.11,61788
STCK.TO,20240509,9.81,10.1,9.8,10.1,5680
STEP.TO,20240509,4.11,4.4,4.11,4.26,353516
STGO.TO,20240509,0.63,0.66,0.63,0.65,51027
STLC.TO,20240509,40.35,43.5,40,41.36,392769
STLR.TO,20240509,1.35,1.4,1.35,1.4,39832
STN.TO,20240509,115.65,117.4,112.08,112.43,414430
STPL.TO,20240509,23.65,23.82,23.65,23.82,815
SU.TO,20240509,53.66,55.25,53.66,54.93,11177980
SVA.TO,20240509,0.39,0.395,0.355,0.36,148025
SVI.TO,20240509,4.78,4.79,4.69,4.73,708050
SVI.DB.TO,20240509,96.85,96.85,96.85,96.85,22000
SVI.DB.C.TO,20240509,90,90.79,90,90,23000
SVM.TO,20240509,4.69,4.9,4.67,4.9,608479
SVR.TO,20240509,13.54,13.7,13.54,13.67,30604
SVR.C.TO,20240509,14.58,14.69,14.58,14.69,226
SWP.TO,20240509,3.75,3.84,3.49,3.78,31500
SXP.TO,20240509,4.19,4.19,3.88,3.92,43014
SYLD.TO,20240509,18.36,18.36,18.36,18.36,1700
SYZ.TO,20240509,8.82,8.9,8.71,8.88,29910
T.TO,20240509,22.66,22.74,22.27,22.41,3205869
TA.TO,20240509,10.01,10.04,9.77,9.87,1323549
TA.PR.D.TO,20240509,15.1,15.1,15.07,15.07,1289
TA.PR.F.TO,20240509,18.96,19,18.92,19,1430
TA.PR.G.TO,20240509,19.71,19.71,19.71,19.71,200
TA.PR.H.TO,20240509,22.2,22.2,22.07,22.1,1171
TA.PR.J.TO,20240509,23.32,23.32,23.32,23.32,200
TAL.TO,20240509,0.81,0.82,0.8,0.81,722502
TBAL.TO,20240509,17.49,17.52,17.49,17.52,36101
TBCE.TO,20240509,25.1,25.1,25.09,25.1,15300
TBCF.TO,20240509,25.08,25.08,25.08,25.08,3400
TBCG.TO,20240509,25.07,25.07,25.07,25.07,3459
TBIL.TO,20240509,50.07,50.07,50.05,50.06,1210
TBL.TO,20240509,3.43,3.44,3.41,3.44,14210
TBNK.TO,20240509,26.17,26.24,26.17,26.23,1589
TC.TO,20240509,24.19,26.8,24.18,26.55,5490
TCL.A.TO,20240509,13.85,13.85,13.68,13.77,65747
TCLB.TO,20240509,115.36,115.88,115.26,115.86,14000
TCLV.TO,20240509,19.97,19.97,19.97,19.97,100
TCON.TO,20240509,14.7,14.71,14.7,14.71,3300
TCS.TO,20240509,36.04,37.36,36.04,37.13,3640
TCSB.TO,20240509,14.42,14.42,14.42,14.42,1800
TCSH.TO,20240509,50.08,50.08,50.07,50.08,22000
TCW.TO,20240509,4.11,4.25,4.11,4.22,833170
TD.TO,20240509,76.7,77.16,76.55,76.76,3999348
TD.PF.A.TO,20240509,23.91,23.92,23.59,23.71,10094
TD.PF.C.TO,20240509,23.11,23.11,22.9,23,8519
TD.PF.D.TO,20240509,23.28,23.41,23.22,23.22,2069
TD.PF.E.TO,20240509,23.16,23.23,23.15,23.23,1276
TD.PF.I.TO,20240509,25.1,25.3,25.1,25.12,77507
TD.PF.J.TO,20240509,24.42,24.45,24.34,24.34,9372
TDB.TO,20240509,12.68,12.71,12.68,12.71,53452
TDOC.TO,20240509,18.1,18.15,18.09,18.15,6401
TEC.TO,20240509,36.22,36.22,35.94,36.15,78411
TEC.U.TO,20240509,26.26,26.26,26.26,26.26,100
TECH.TO,20240509,14.32,14.45,14.32,14.42,4902
TECH.B.TO,20240509,16.54,16.58,16.53,16.55,1100
TECK.A.TO,20240509,69.14,70.52,69.14,70.13,4104
TECK.B.TO,20240509,68.32,70.69,68.24,70.2,1205092
TECX.TO,20240509,24.55,24.64,24.55,24.64,303
TERM.TO,20240509,9.35,9.35,9.33,9.33,16100
TF.TO,20240509,7.31,7.42,7.31,7.38,124603
TF.DB.E.TO,20240509,92.25,93.45,92.15,93.45,88999
TFII.TO,20240509,184.16,187.77,183.96,186.56,176671
TFPM.TO,20240509,22.16,22.73,21.94,22.66,115060
TGED.TO,20240509,23.66,23.72,23.63,23.7,154041
TGED.U.TO,20240509,17.21,17.28,17.21,17.28,4600
TGFI.TO,20240509,20.12,20.15,20.12,20.15,1400
TGGR.TO,20240509,25.77,25.83,25.77,25.83,2000
TGO.TO,20240509,1.83,1.83,1.68,1.72,25500
TGRE.TO,20240509,13.66,13.66,13.64,13.64,6320
TGRO.TO,20240509,20.65,20.69,20.65,20.68,32551
TH.TO,20240509,1.67,1.72,1.66,1.71,55633
The.TO,20240509,25.69,25.73,25.65,25.73,3014
THNC.TO,20240509,3.41,3.55,3.41,3.5,87833
THU.TO,20240509,34.68,34.79,34.68,34.79,600
TI.TO,20240509,0.375,0.385,0.375,0.385,11336
TIH.TO,20240509,124.52,124.69,123.09,124.31,73390
TINF.TO,20240509,19.06,19.19,19.06,19.19,5299
TIXT.TO,20240509,10.7,10.7,8.68,8.7,1900713
TKN.TO,20240509,18.01,18.01,17.76,17.77,1305
TKN.U.TO,20240509,13.07,13.12,13.02,13.02,900
TKO.TO,20240509,3.39,3.5,3.38,3.5,329229
TLF.TO,20240509,22.84,22.88,22.84,22.88,2301
TLF.U.TO,20240509,24.85,24.85,24.8,24.8,2400
TLG.TO,20240509,0.67,0.67,0.66,0.67,157405
TLO.TO,20240509,0.17,0.17,0.165,0.17,135000
TLRY.TO,20240509,2.68,2.77,2.62,2.71,1824680
TLV.TO,20240509,29.87,29.89,29.87,29.89,902
TMD.TO,20240509,0.06,0.06,0.06,0.06,3211
TMQ.TO,20240509,0.55,0.56,0.53,0.56,20500
TNT.UN.TO,20240509,9.6,9.82,9.6,9.71,19044
TNZ.TO,20240509,4,4.01,3.98,4.01,13415
TOT.TO,20240509,9.67,9.72,9.55,9.55,9006
TOU.TO,20240509,66.58,68.15,66.52,67.37,2585130
TOY.TO,20240509,29.09,29.12,27.52,29.01,425214
TPE.TO,20240509,22.12,22.17,22.12,22.17,11510
TPRF.TO,20240509,10.39,10.39,10.34,10.34,5400
TPU.TO,20240509,40.28,40.28,40.12,40.25,39007
TPU.U.TO,20240509,29.68,29.81,29.68,29.81,2000
TPZ.TO,20240509,22.79,22.83,22.51,22.64,95313
TQCD.TO,20240509,16.83,16.97,16.83,16.94,38404
TQGD.TO,20240509,18.33,18.43,18.33,18.43,12000
TQGM.TO,20240509,17.12,17.13,17.12,17.13,16200
TQSM.TO,20240509,22.97,23.02,22.95,23.01,9004
TRI.TO,20240509,229.83,232.1,229.02,229.61,231914
TRI.PR.B.TO,20240509,13.98,13.99,13.98,13.99,900
TRP.TO,20240509,52,52.26,51.88,52.2,2430291
TRP.PR.A.TO,20240509,16.27,16.44,16.22,16.33,3007
TRP.PR.B.TO,20240509,13.02,13.07,13.02,13.07,300
TRP.PR.C.TO,20240509,13.34,13.35,13.26,13.26,6901
TRP.PR.D.TO,20240509,18.95,18.95,18.6,18.65,19527
TRP.PR.E.TO,20240509,18.4,18.71,18.4,18.5,17727
TRP.PR.F.TO,20240509,16.95,16.96,16.9,16.91,1400
TRP.PR.G.TO,20240509,19.15,19.44,19.15,19.16,852
TRP.PR.H.TO,20240509,14.47,14.61,14.38,14.39,3167
TRP.PR.I.TO,20240509,15.51,15.51,15.4,15.4,3600
TRVI.TO,20240509,19.55,19.7,19.55,19.7,1685
TRVL.TO,20240509,24.25,24.31,24.05,24.31,3952
TRX.TO,20240509,0.62,0.62,0.61,0.61,4559
TRZ.TO,20240509,3.48,3.59,3.48,3.53,14737
TSAT.TO,20240509,10.42,10.7,10.41,10.7,653
TSK.TO,20240509,0.55,0.56,0.53,0.53,77923
TSL.TO,20240509,3.11,3.11,3.08,3.08,3000
TSND.TO,20240509,2.25,2.33,2.22,2.31,109527
TSU.TO,20240509,45.4,45.55,44.51,44.92,34407
TTNM.TO,20240509,2.25,2.28,2.25,2.28,8427
TTP.TO,20240509,25.37,25.6,25.37,25.57,46508
TUED.TO,20240509,25.77,25.77,25.62,25.66,42800
TUHY.TO,20240509,20.79,20.82,20.66,20.8,14600
TULB.TO,20240509,111.33,111.33,111.33,111.33,100
TULV.TO,20240509,19.78,19.87,19.78,19.87,1800
TVA.B.TO,20240509,1.5,1.51,1.44,1.5,8300
TVE.TO,20240509,3.78,3.88,3.77,3.82,2339075
TVK.TO,20240509,78.65,82.93,78.5,80.12,268505
TWM.TO,20240509,0.69,0.71,0.67,0.71,343241
TXF.TO,20240509,20.65,20.67,20.59,20.6,8105
TXF.B.TO,20240509,25.62,25.62,25.62,25.62,800
TXG.TO,20240509,19.24,20.93,19.2,20.79,410395
TXP.TO,20240509,0.68,0.68,0.66,0.66,18910
U.U.TO,20240509,22.95,23.2,22.95,23.15,14469
U.UN.TO,20240509,31.25,31.77,31.23,31.68,665817
UBIL.U.TO,20240509,50.03,50.03,50.02,50.02,15636
UCSH.U.TO,20240509,50.08,50.08,50.08,50.08,2811
UDA.TO,20240509,16.36,16.36,16.36,16.36,3001
UDIV.TO,20240509,12.55,12.63,12.55,12.63,5260
UDIV.B.TO,20240509,13.32,13.37,13.32,13.37,500
ULV.F.TO,20240509,46.85,47.03,46.85,47.03,639
UMAX.TO,20240509,14.63,14.7,14.63,14.65,74036
UMI.TO,20240509,32.24,32.31,32.24,32.31,2900
UNC.TO,20240509,115.57,117.3,115.57,117.3,3670
UNI.TO,20240509,1.45,1.45,1.45,1.45,2000
URB.TO,20240509,5.3,5.3,5.3,5.3,2717
URB.A.TO,20240509,4.72,4.72,4.65,4.72,6074
URC.TO,20240509,3.44,3.59,3.44,3.59,86509
URC.WT.TO,20240509,1.58,1.6,1.58,1.6,12219
URE.TO,20240509,2.4,2.47,2.39,2.47,141970
USA.TO,20240509,0.36,0.395,0.35,0.395,219608
USCC.TO,20240509,18.15,18.17,18.14,18.16,9058
USCC.U.TO,20240509,13.18,13.26,13.18,13.26,815
USCL.TO,20240509,21.25,21.25,21.18,21.2,16232
UTIL.TO,20240509,20.58,20.58,20.53,20.56,1275
VA.TO,20240509,38.42,38.42,38.32,38.32,2614
VAB.TO,20240509,22.27,22.34,22.27,22.34,62923
VALT.TO,20240509,29.13,29.13,29.13,29.13,300
VBAL.TO,20240509,30.7,30.81,30.7,30.81,66009
VBNK.TO,20240509,13.35,13.35,13.2,13.23,3970
VBNK.PR.A.TO,20240509,9.91,9.91,9.91,9.91,450
VCB.TO,20240509,23.27,23.3,23.27,23.3,2064
VCE.TO,20240509,48.8,49.15,48.8,49.11,22579
VCIP.TO,20240509,25.13,25.17,25.13,25.17,1210
VCM.TO,20240509,19.95,20,19.95,19.99,2750
VCN.TO,20240509,45.43,45.7,45.43,45.62,60138
VCNS.TO,20240509,27.69,27.71,27.66,27.71,6438
VDU.TO,20240509,43.1,43.28,43.1,43.27,4209
VDY.TO,20240509,44.5,44.8,44.5,44.76,76616
VE.TO,20240509,36.2,36.27,36.2,36.27,1181
VEE.TO,20240509,35.68,35.68,35.53,35.65,19851
VEF.TO,20240509,56.57,56.7,56.57,56.7,4688
VEQT.TO,20240509,40.45,40.52,40.37,40.5,88781
VET.TO,20240509,16.5,16.69,16.42,16.66,1026504
VFV.TO,20240509,126.43,126.59,126.04,126.59,172544
VGG.TO,20240509,83.82,84.02,83.65,84.02,9725
VGH.TO,20240509,58.61,59.06,58.61,59.06,5989
VGRO.TO,20240509,33.99,34.09,33.96,34.09,98828
VGZ.TO,20240509,0.65,0.68,0.65,0.68,4627
VHI.TO,20240509,6.6,6.6,6.41,6.44,55447
VI.TO,20240509,39.87,40.08,39.87,40.08,6119
VIDY.TO,20240509,31.17,31.24,31.11,31.24,8575
VIU.TO,20240509,34.55,34.64,34.5,34.64,24488
VLB.TO,20240509,20.41,20.5,20.41,20.5,7512
VLE.TO,20240509,5.55,5.58,5.22,5.23,365265
VLN.TO,20240509,6,6.01,6,6.01,200
VMO.TO,20240509,57,57.07,57,57.07,1272
VNP.TO,20240509,5.08,5.19,5.03,5.11,243366
VOXR.TO,20240509,2.87,2.87,2.68,2.73,16041
VQS.TO,20240509,0.205,0.21,0.2,0.205,18000
VRE.TO,20240509,29.41,29.51,29.33,29.48,6154
VRIF.TO,20240509,23.98,23.99,23.98,23.99,403
VRTS.TO,20240509,0.025,0.025,0.025,0.025,120000
VSB.TO,20240509,22.62,22.64,22.61,22.63,16677
VSC.TO,20240509,23.3,23.3,23.28,23.3,5044
VSP.TO,20240509,84.5,84.89,84.41,84.89,13969
VUN.TO,20240509,95.61,95.83,95.4,95.83,20455
VUS.TO,20240509,91.52,91.84,91.47,91.84,2957
VVL.TO,20240509,49.61,49.61,49.43,49.51,7733
VVO.TO,20240509,35.05,35.05,35.05,35.05,1500
VXC.TO,20240509,57.48,57.55,57.32,57.52,24038
VXM.B.TO,20240509,30.84,30.84,30.84,30.84,505
WCM.A.TO,20240509,3.5,3.5,3.05,3.05,785
WCN.TO,20240509,227.09,227.75,226.46,227.19,183031
WCP.TO,20240509,10.27,10.36,10.23,10.33,1283412
WDO.TO,20240509,10.15,11.19,10.15,11.18,483968
WEED.TO,20240509,12.49,13.94,12.05,13.49,4972075
WEF.TO,20240509,0.52,0.53,0.51,0.51,788733
WELL.TO,20240509,3.92,4.06,3.88,4.03,2377971
WELL.DB.TO,20240509,94,94,94,94,4000
WFC.TO,20240509,20.1,20.1,20.1,20.1,1135
WFG.TO,20240509,109.28,109.86,107.47,108.93,107868
WILD.TO,20240509,1.06,1.08,1.04,1.07,18350
WJX.TO,20240509,27.22,27.37,26.82,27.04,51546
WJX.DB.TO,20240509,99.41,99.47,99.41,99.47,15000
WLLW.TO,20240509,0.09,0.09,0.09,0.09,3000
WM.TO,20240509,0.115,0.115,0.11,0.11,66564
WN.TO,20240509,190.5,191.24,188.14,188.98,87725
WN.PR.A.TO,20240509,22.59,22.59,22.45,22.5,33397
WN.PR.C.TO,20240509,20.39,20.39,20.39,20.39,100
WN.PR.D.TO,20240509,20.47,20.5,20.47,20.5,600
WN.PR.E.TO,20240509,18.8,18.9,18.75,18.9,4450
WNDR.TO,20240509,0.24,0.24,0.2325,0.235,474210
WOMN.TO,20240509,33.39,33.39,33.32,33.36,400
WPK.TO,20240509,44.48,45.5,44.48,45.48,32379
WPM.TO,20240509,75,76.59,74.97,76.3,695108
WPRT.TO,20240509,8.01,8.16,7.64,7.68,19477
WRG.TO,20240509,2.78,2.79,2.77,2.77,2102
WRN.TO,20240509,1.94,2,1.94,1.99,257977
WRX.TO,20240509,0.12,0.12,0.115,0.115,81927
WSP.TO,20240509,220,220,213.56,215.62,249281
WSRD.TO,20240509,28.92,28.92,28.92,28.92,125
WSRI.TO,20240509,40.39,40.39,40.38,40.38,342
WTE.TO,20240509,23.46,23.72,23.27,23.32,253913
WXM.TO,20240509,26.96,26.96,26.84,26.84,728
X.TO,20240509,36.56,36.56,35.75,36.25,286161
XAD.TO,20240509,59.89,59.89,59.89,59.89,200
XAGG.TO,20240509,36.36,36.36,36.36,36.36,103
XAM.TO,20240509,0.065,0.065,0.06,0.065,253000
XAU.TO,20240509,7.74,7.95,7.72,7.83,10599
XAW.TO,20240509,40.1,40.2,40.03,40.2,16650
XAW.U.TO,20240509,29.61,29.61,29.61,29.61,200
XBAL.TO,20240509,27.97,28.07,27.97,28.07,20601
XBB.TO,20240509,27.3,27.36,27.28,27.35,179867
XBM.TO,20240509,22.58,22.86,22.58,22.81,19775
XCB.TO,20240509,19.4,19.43,19.38,19.4,36630
XCBG.TO,20240509,36.37,36.37,36.37,36.37,300
XCD.TO,20240509,52.17,52.6,52.17,52.6,700
XCG.TO,20240509,49.44,49.77,49.44,49.77,1035
XCH.TO,20240509,17.8,17.84,17.74,17.82,31801
XCHP.TO,20240509,52.18,52.18,52.18,52.18,183
XCLN.TO,20240509,31.64,31.64,31.52,31.52,1903
XCNS.TO,20240509,22.18,22.18,22.14,22.14,3259
XCS.TO,20240509,19.59,19.72,19.59,19.72,24144
XCSR.TO,20240509,64.26,64.44,64.26,64.36,3626
XCV.TO,20240509,35.52,35.77,35.52,35.73,2300
XDG.TO,20240509,25.49,25.67,25.49,25.66,5245
XDG.U.TO,20240509,18.76,18.76,18.76,18.76,1600
XDGH.TO,20240509,26,26.07,26,26.07,619
XDIV.TO,20240509,27,27.32,27,27.26,90607
XDNA.TO,20240509,33.04,33.04,33.04,33.04,500
XDSR.TO,20240509,58,58.17,58,58.17,625
XDU.TO,20240509,28.96,29.06,28.94,29.06,22808
XDUH.TO,20240509,26.14,26.15,26.13,26.13,23000
XDV.TO,20240509,27.65,27.91,27.65,27.87,58489
XEB.TO,20240509,15.66,15.69,15.66,15.69,600
XEC.TO,20240509,27.95,27.99,27.83,27.99,17513
XEF.TO,20240509,37.76,37.87,37.74,37.87,39151
XEG.TO,20240509,19.12,19.35,19.12,19.26,473677
XEH.TO,20240509,33.49,33.65,33.49,33.65,4400
XEI.TO,20240509,25.6,25.8,25.6,25.78,96010
XEM.TO,20240509,32.02,32.02,32.02,32.02,313
XEMC.TO,20240509,46.67,46.68,46.67,46.68,467
XEN.TO,20240509,33.91,33.95,33.88,33.88,515
XEQT.TO,20240509,30.37,30.45,30.34,30.45,174346
XESG.TO,20240509,26.96,27.15,26.96,27.12,3670
XEU.TO,20240509,30.65,30.75,30.65,30.74,7205
XFH.TO,20240509,32.31,32.5,32.31,32.5,13441
XFLB.TO,20240509,46.47,46.47,46.47,46.47,1146
XFN.TO,20240509,49.92,50.23,49.92,50.23,191991
XFR.TO,20240509,20.12,20.13,20.11,20.11,15300
XGB.TO,20240509,18.73,18.77,18.71,18.76,43810
XGD.TO,20240509,20.16,20.49,20.11,20.46,448734
XGI.TO,20240509,52.68,52.68,52.68,52.68,364
XGRO.TO,20240509,27.73,27.8,27.7,27.79,66279
XHAK.TO,20240509,45.1,45.1,45.1,45.1,120
XHB.TO,20240509,19.07,19.07,19.07,19.07,960
XHC.TO,20240509,70.66,71.26,70.66,71.23,5827
XHD.TO,20240509,32.24,32.54,32.24,32.53,2865
XHU.TO,20240509,30.59,30.67,30.55,30.64,7425
XHY.TO,20240509,16.35,16.35,16.3,16.32,18800
XIC.TO,20240509,35.58,35.79,35.58,35.72,165688
XID.TO,20240509,51.84,51.84,51.73,51.74,8356
XIG.TO,20240509,19.64,19.71,19.64,19.71,15100
XIGS.TO,20240509,36.88,36.88,36.88,36.88,1900
XIN.TO,20240509,36.67,36.85,36.67,36.85,6312
XIT.TO,20240509,51.07,51.1,50.72,50.72,15444
XIU.TO,20240509,33.88,34.09,33.88,34.01,3161756
XLB.TO,20240509,18.67,18.77,18.63,18.77,30044
XLY.TO,20240509,0.06,0.06,0.055,0.06,131490
XMA.TO,20240509,20.38,20.76,20.38,20.75,13810
XMC.TO,20240509,31.3,31.43,31.22,31.43,23819
XMC.U.TO,20240509,23.12,23.15,23.12,23.15,700
XMD.TO,20240509,34.41,34.65,34.41,34.64,1738
XMF.A.TO,20240509,0.22,0.22,0.22,0.22,12500
XMF.PR.B.TO,20240509,4.96,4.98,4.96,4.98,232
XMH.TO,20240509,26.85,26.98,26.76,26.98,9175
XMI.TO,20240509,37,37,37,37,709
XMM.TO,20240509,27.89,27.89,27.89,27.89,800
XMS.TO,20240509,34.28,34.31,34.28,34.31,300
XMTM.TO,20240509,30.8,30.8,30.8,30.8,200
XMU.TO,20240509,75.32,75.55,75.32,75.55,339
XMV.TO,20240509,41.97,42.23,41.97,42.04,5000
XMW.TO,20240509,50.26,50.37,50.26,50.37,1110
XMY.TO,20240509,28.94,28.94,28.94,28.94,150
XPF.TO,20240509,14.9,14.9,14.9,14.9,355
XQB.TO,20240509,18.38,18.41,18.38,18.41,705
XQLT.TO,20240509,36.29,36.35,36.25,36.29,2500
XQQ.TO,20240509,137.34,137.68,136.77,137.51,26610
XQQU.TO,20240509,58.99,58.99,58.99,58.99,355
XQQU.U.TO,20240509,43.07,43.18,43.07,43.14,700
XRB.TO,20240509,21.82,21.86,21.75,21.82,3001
XRE.TO,20240509,15.12,15.25,15.11,15.22,509720
XSAB.TO,20240509,17.55,17.58,17.55,17.58,12963
XSB.TO,20240509,26.05,26.07,26.04,26.06,13933
XSE.TO,20240509,17.53,17.58,17.53,17.58,4527
XSEA.TO,20240509,26.05,26.12,26.05,26.12,337
XSEM.TO,20240509,19.94,19.94,19.88,19.94,8895
XSH.TO,20240509,18.39,18.41,18.39,18.41,105855
XSHG.TO,20240509,38,38.01,38,38.01,200
XSHU.TO,20240509,41.37,41.37,41.27,41.27,5600
XSHU.U.TO,20240509,30.05,30.05,30.03,30.03,1100
XSMC.TO,20240509,29.83,30.03,29.83,30.03,2700
XSMH.TO,20240509,27.14,27.26,27.12,27.26,500
XSP.TO,20240509,54.41,54.7,54.35,54.69,120741
XST.TO,20240509,95,95.06,94.45,94.53,2105
XSTB.TO,20240509,19.13,19.15,19.13,19.15,2251
XSTH.TO,20240509,37.12,37.16,37.1,37.16,2737
XSTP.TO,20240509,41.27,41.27,41.27,41.27,100
XSU.TO,20240509,39.75,40.1,39.66,40.1,33905
XSUS.TO,20240509,37.66,37.85,37.66,37.85,1884
XTC.TO,20240509,7.64,7.9,7.54,7.9,57739
XTD.TO,20240509,2.44,2.44,2.39,2.39,3138
XTD.PR.A.TO,20240509,9.74,9.74,9.74,9.74,1000
XTG.TO,20240509,1.31,1.31,1.28,1.3,6200
XTLH.TO,20240509,33.93,34.25,33.92,34.22,21754
XTLT.TO,20240509,35.09,35.33,35.08,35.28,14000
XTR.TO,20240509,10.67,10.7,10.67,10.69,45447
XTRA.TO,20240509,0.5,0.5,0.49,0.5,69604
XTRA.WT.TO,20240509,0.07,0.07,0.07,0.07,120000
XUH.TO,20240509,42.98,43.33,42.98,43.33,2100
XUS.TO,20240509,88.45,88.64,88.25,88.64,29439
XUS.U.TO,20240509,65.48,65.72,65.48,65.67,1201
XUSR.TO,20240509,77.42,77.42,77.04,77.14,1393
XUT.TO,20240509,25.84,26,25.75,25.96,313561
XUU.TO,20240509,52.73,52.8,52.58,52.79,24144
XUU.U.TO,20240509,38.73,38.89,38.73,38.87,350
XWD.TO,20240509,84.78,85.03,84.78,85.03,3495
Y.TO,20240509,9.65,9.65,9.6,9.6,14369
YCM.PR.B.TO,20240509,5.01,5.02,5.01,5.02,3500
YGR.TO,20240509,1.17,1.19,1.17,1.18,13100
ZACE.TO,20240509,40.34,40.34,40.34,40.34,200
ZAG.TO,20240509,13.39,13.42,13.38,13.42,110805
ZBAL.TO,20240509,37.11,37.33,37.11,37.33,4295
ZBAL.T.TO,20240509,28.84,28.98,28.84,28.98,283
ZBK.TO,20240509,29.76,29.97,29.7,29.94,22908
ZCB.TO,20240509,45.61,45.66,45.6,45.6,2800
ZCDB.TO,20240509,29.12,29.12,29.07,29.07,2914
ZCH.TO,20240509,14,14.11,14,14.07,16944
ZCLN.TO,20240509,14.75,14.8,14.7,14.8,3420
ZCM.TO,20240509,14.82,14.82,14.82,14.82,603
ZCN.TO,20240509,29.86,30.04,29.86,29.97,83094
ZCON.TO,20240509,33.21,33.22,33.21,33.22,2000
ZCS.TO,20240509,13.4,13.41,13.4,13.41,7875
ZDB.TO,20240509,14.46,14.47,14.43,14.47,9850
ZDH.TO,20240509,27.72,27.75,27.72,27.75,364
ZDI.TO,20240509,24.01,24.17,24.01,24.17,1293
ZDJ.TO,20240509,60.68,61.16,60.68,61.16,14765
ZDM.TO,20240509,29.86,29.96,29.86,29.96,5418
ZDV.TO,20240509,20.48,20.63,20.48,20.6,41585
ZDY.TO,20240509,40.66,40.78,40.66,40.78,5181
ZDY.U.TO,20240509,30.49,30.49,30.49,30.49,900
ZEA.TO,20240509,22.89,22.96,22.8,22.96,13358
ZEB.TO,20240509,36.16,36.32,36.16,36.26,1157362
ZEF.TO,20240509,12.21,12.24,12.21,12.24,400
ZEM.TO,20240509,20.87,20.88,20.78,20.88,10471
ZEO.TO,20240509,72.69,73.3,72.69,73.05,7791
ZEQ.TO,20240509,31.66,31.74,31.66,31.74,6039
ZEQT.TO,20240509,46.34,46.51,46.34,46.51,1351
ZFC.TO,20240509,43.48,43.48,43.23,43.23,4200
ZFH.TO,20240509,14.81,14.81,14.74,14.76,1789
ZFL.TO,20240509,12.52,12.61,12.52,12.6,46883
ZFM.TO,20240509,14.1,14.13,14.1,14.13,3631
ZFN.TO,20240509,48.58,48.58,48.58,48.58,100
ZFS.TO,20240509,13.42,13.42,13.42,13.42,900
ZGD.TO,20240509,90.04,90.83,90.04,90.83,1128
ZGI.TO,20240509,43.79,43.95,43.79,43.95,2806
ZGLD.TO,20240509,34.29,34.4,34.29,34.4,326
ZGLH.TO,20240509,33.16,33.16,33.16,33.16,100
ZGQ.TO,20240509,63.19,63.19,62.85,63.11,8533
ZGRN.TO,20240509,35.18,35.18,35.03,35.03,500
ZGRO.TO,20240509,41.65,41.73,41.6,41.72,6225
ZGRO.T.TO,20240509,32.91,32.91,32.91,32.91,398
ZGSB.TO,20240509,26.67,26.67,26.65,26.65,300
ZHP.TO,20240509,18.05,18.06,18.05,18.05,400
ZHY.TO,20240509,11.1,11.1,11.04,11.06,1576
ZIC.TO,20240509,17.33,17.34,17.31,17.34,1122
ZID.TO,20240509,46.07,46.08,46.02,46.05,6369
ZIU.TO,20240509,51.31,51.66,51.31,51.65,2129
ZJG.TO,20240509,77.22,79,77.22,79,555
ZJK.TO,20240509,18.12,18.12,18.03,18.06,9750
ZJPN.TO,20240509,34.14,34.23,34.14,34.2,1279
ZLB.TO,20240509,44,44.14,43.91,43.93,39403
ZLC.TO,20240509,14.82,14.86,14.8,14.85,13645
ZLD.TO,20240509,26.85,26.85,26.85,26.85,500
ZLH.TO,20240509,32.45,32.6,32.45,32.6,1800
ZLI.TO,20240509,24.5,24.57,24.5,24.53,2903
ZLU.TO,20240509,49.67,49.86,49.67,49.85,9897
ZLU.U.TO,20240509,37.29,37.3,37.29,37.3,2860
ZMI.TO,20240509,16.54,16.57,16.54,16.57,3380
ZMID.TO,20240509,43.6,43.88,43.6,43.88,3072
ZMMK.TO,20240509,49.97,49.97,49.96,49.97,82215
ZMP.TO,20240509,13.34,13.35,13.34,13.35,16971
ZMT.TO,20240509,69.85,70.13,69.85,70.13,5889
ZMU.TO,20240509,12.43,12.45,12.43,12.45,3802
ZNQ.TO,20240509,80.29,80.29,79.92,80.04,5668
ZNQ.U.TO,20240509,39.42,39.51,39.26,39.48,20759
ZPAY.TO,20240509,31.04,31.06,31.04,31.05,1206
ZPAY.F.TO,20240509,28.65,28.65,28.65,28.65,702
ZPAY.U.TO,20240509,29.54,29.54,29.54,29.54,800
ZPH.TO,20240509,15.01,15.02,15.01,15.02,1217
ZPL.TO,20240509,12.04,12.08,12.04,12.08,4100
ZPR.TO,20240509,10.28,10.29,10.25,10.28,65802
ZPS.TO,20240509,11.99,11.99,11.99,11.99,1900
ZPW.U.TO,20240509,15.69,15.69,15.69,15.69,1150
ZQB.TO,20240509,28.05,28.05,28.05,28.05,228
ZQQ.TO,20240509,127.04,127.38,126.5,127.19,17424
ZRE.TO,20240509,20.09,20.21,20.09,20.19,6905
ZRR.TO,20240509,13.93,13.93,13.89,13.92,869
ZSDB.TO,20240509,29.47,29.48,29.47,29.48,5200
ZSML.TO,20240509,39.48,39.62,39.48,39.62,318
ZSP.TO,20240509,77.81,77.97,77.65,77.94,67533
ZSP.U.TO,20240509,56.75,57,56.75,57,1210
ZST.TO,20240509,48.82,48.82,48.81,48.81,9631
ZST.L.TO,20240509,58.56,58.56,58.56,58.56,6498
ZSU.TO,20240509,13.17,13.19,13.17,13.19,800
ZUAG.F.TO,20240509,29.1,29.11,29.1,29.11,3400
ZUB.TO,20240509,27.31,27.41,27.19,27.4,11224
ZUCM.U.TO,20240509,30.04,30.04,30.04,30.04,200
ZUD.TO,20240509,28.05,28.27,28.05,28.27,20400
ZUE.TO,20240509,72.1,72.4,71.95,72.4,6626
ZUH.TO,20240509,68.43,69.15,68.43,69.15,1376
ZUP.TO,20240509,20.5,20.5,20.5,20.5,390
ZUQ.TO,20240509,76.92,76.92,76.48,76.61,8036
ZUQ.U.TO,20240509,49.48,49.58,49.46,49.54,1254
ZUS.U.TO,20240509,46.83,46.83,46.78,46.78,700
ZUS.V.TO,20240509,55.72,55.72,55.72,55.72,100
ZUT.TO,20240509,19.86,19.97,19.77,19.97,47308
ZVC.TO,20240509,28.34,28.37,28.34,28.36,930
ZWA.TO,20240509,25.46,25.6,25.46,25.59,10308
ZWB.TO,20240509,18,18.08,18,18.06,121018
ZWB.U.TO,20240509,22.62,22.67,22.62,22.67,27900
ZWC.TO,20240509,17.4,17.54,17.4,17.52,200820
ZWE.TO,20240509,20.88,21.02,20.88,21,45819
ZWEN.TO,20240509,30.76,30.9,30.76,30.88,526
ZWG.TO,20240509,30.13,30.27,30.13,30.23,3722
ZWH.TO,20240509,23.19,23.25,23.16,23.25,11365
ZWH.U.TO,20240509,23.26,23.26,23.23,23.24,2462
ZWHC.TO,20240509,29,29.07,29,29.07,200
ZWK.TO,20240509,21.31,21.38,21.24,21.3,31219
ZWP.TO,20240509,18.28,18.33,18.23,18.33,20850
ZWQT.TO,20240509,16.44,16.46,16.44,16.46,9954
ZWS.TO,20240509,20.1,20.1,20.1,20.1,649
ZWT.TO,20240509,43,43.08,42.91,43.06,2372
ZWU.TO,20240509,10.32,10.36,10.3,10.36,232168
ZZZD.TO,20240509,28.73,28.75,28.73,28.74,5750
