<ticker>,<date>,<open>,<high>,<low>,<close>,<vol>
AAB.TO,20240614,0.025,0.025,0.025,0.025,1000
AAUC.TO,20240614,2.84,2.9,2.77,2.86,97945
AAV.TO,20240614,10.41,10.49,9.98,10.22,1058729
ABX.TO,20240614,22.22,22.25,21.91,22.01,2190388
AC.TO,20240614,17.05,17.18,16.97,17.16,2149844
ACAA.TO,20240614,20.9,20.9,20.55,20.55,3600
ACB.TO,20240614,8.04,8.08,7.84,7.87,518214
ACD.TO,20240614,4.08,4.08,4,4.07,1200
ACO.X.TO,20240614,39.54,39.54,39.09,39.43,305692
ACQ.TO,20240614,19.93,20.14,19.93,20.02,10147
AD.DB.A.TO,20240614,97.05,97.05,96.03,96.03,90000
AD.UN.TO,20240614,15.78,15.78,15.44,15.76,68709
ADCO.TO,20240614,0.235,0.235,0.235,0.235,15000
ADEN.TO,20240614,37.84,38.58,37.84,38.49,99490
ADN.TO,20240614,17.45,17.45,17.1,17.25,8780
ADW.A.TO,20240614,3.8,3.88,3.8,3.85,23025
ADW.B.TO,20240614,4.75,5.03,4.75,5.03,400
AEG.TO,20240614,0.4,0.4,0.36,0.36,11500
AEM.TO,20240614,88.76,88.79,87.37,88.27,733528
AFN.TO,20240614,52.6,53.04,52.25,52.46,55570
AFN.DB.G.TO,20240614,99.5,99.75,99.5,99.5,71000
AFN.DB.H.TO,20240614,99.51,99.51,99.5,99.5,8000
AFN.DB.I.TO,20240614,127.09,127.09,127.09,127.09,24000
AFN.DB.J.TO,20240614,102.25,103,102.25,102.5,110000
AG.TO,20240614,8.37,8.5,8.26,8.4,555214
AGF.B.TO,20240614,8.34,8.34,8.15,8.28,24779
AGI.TO,20240614,21.13,21.24,20.8,21,579382
AI.TO,20240614,10.89,10.89,10.74,10.82,33757
AI.DB.F.TO,20240614,88.89,89,88.75,88.75,38000
AIDX.TO,20240614,2.75,2.84,2.59,2.84,1421952
AIF.TO,20240614,47.43,47.95,47.06,47.87,145913
AIGO.TO,20240614,21.16,21.16,21.16,21.16,164
AII.TO,20240614,0.64,0.64,0.64,0.64,6600
AIM.TO,20240614,2.74,2.74,2.6,2.65,83895
AIM.PR.C.TO,20240614,16.98,16.98,16.5,16.95,900
AKT.A.TO,20240614,1.3,1.3,1.27,1.28,5402
ALA.TO,20240614,30.37,30.51,30,30.47,1673851
ALA.PR.A.TO,20240614,18.16,18.19,18.16,18.18,800
ALA.PR.B.TO,20240614,21.25,21.25,21.25,21.25,300
ALA.PR.G.TO,20240614,23.57,23.65,23.57,23.65,5055
ALC.TO,20240614,14.25,14.25,14.19,14.19,5608
ALS.TO,20240614,21.7,21.86,21.6,21.82,42951
ALYA.TO,20240614,2.26,2.27,2.2,2.21,19544
AMAX.TO,20240614,18.22,18.22,18.1,18.18,4315
AMC.TO,20240614,2.21,2.21,2.17,2.2,110621
AND.TO,20240614,39.01,39.3,38.87,38.89,24154
AOI.TO,20240614,2.38,2.38,2.31,2.32,321828
AOT.TO,20240614,0.7,0.71,0.69,0.7,193355
AP.UN.TO,20240614,15.8,15.82,15.57,15.74,328012
APR.UN.TO,20240614,10.02,10.06,9.98,10.02,17279
APS.TO,20240614,1.28,1.32,1.2,1.24,11670
AQN.TO,20240614,7.83,7.95,7.65,7.91,3258976
AQN.PR.A.TO,20240614,20.65,21,20.65,21,1000
AQN.PR.D.TO,20240614,21.62,21.63,21.26,21.26,1800
ARA.TO,20240614,0.52,0.52,0.51,0.51,73750
ARB.TO,20240614,26.15,26.17,26.15,26.17,3800
ARE.TO,20240614,16.77,16.8,16.25,16.35,191123
ARG.TO,20240614,1.58,1.58,1.52,1.53,359318
ARIS.TO,20240614,5.31,5.46,5.27,5.3,1108683
ARIS.WT.A.TO,20240614,0.4,0.43,0.39,0.39,52000
ARR.TO,20240614,9.02,9.1,8.5,9,8159
ARTI.TO,20240614,10.67,10.72,10.67,10.72,304
ARX.TO,20240614,23.63,23.98,23.53,23.95,1598569
ASCU.TO,20240614,1.35,1.35,1.3,1.32,62291
ASM.TO,20240614,1.27,1.27,1.22,1.22,40514
ASND.TO,20240614,0.045,0.045,0.045,0.045,9700
ASTL.TO,20240614,9.86,9.99,9.84,9.89,31854
ATCU.TO,20240614,0.63,0.68,0.6,0.68,38750
ATD.TO,20240614,78.83,78.83,75.62,75.9,1832538
ATH.TO,20240614,4.86,4.94,4.85,4.88,1684516
ATRL.TO,20240614,57.97,59.46,57.55,57.83,748132
ATS.TO,20240614,43.83,43.83,42.65,43.38,235962
ATZ.TO,20240614,37.25,38.14,37.09,37.7,268932
AUGB.F.TO,20240614,43.91,43.91,43.91,43.91,123
AUMN.TO,20240614,0.63,0.63,0.62,0.62,6500
AVCN.TO,20240614,0.26,0.295,0.26,0.275,68095
AVL.TO,20240614,0.06,0.06,0.06,0.06,333181
AVNT.TO,20240614,0.07,0.07,0.06,0.065,113971
AW.UN.TO,20240614,30.1,30.1,29.37,29.39,15965
AX.PR.E.TO,20240614,17.64,17.79,17.64,17.7,4695
AX.PR.I.TO,20240614,18.29,18.45,18.29,18.3,500
AX.UN.TO,20240614,6.53,6.55,6.44,6.47,177807
AXIS.TO,20240614,0.04,0.04,0.04,0.04,19500
AYA.TO,20240614,13.36,13.69,13.36,13.68,477733
BABY.TO,20240614,0.205,0.21,0.2,0.205,314536
BAM.TO,20240614,52,52.5,51.61,52.22,756308
BANK.TO,20240614,6.93,6.93,6.8,6.9,285758
BASE.TO,20240614,24.8,24.88,24.8,24.87,5302
BB.TO,20240614,3.48,3.48,3.17,3.23,6140457
BBD.A.TO,20240614,86.48,86.48,83.5,84.37,7187
BBD.B.TO,20240614,85.97,86.44,83.25,84.25,847241
BBD.PR.B.TO,20240614,16.92,17,16.85,16.97,3775
BBD.PR.C.TO,20240614,19.03,19.03,19,19,4431
BBD.PR.D.TO,20240614,18.5,18.5,18.5,18.5,3200
BBU.UN.TO,20240614,25.79,26.64,25.79,26.29,41434
BBUC.TO,20240614,27.75,28.18,27.63,28.18,11418
BCE.TO,20240614,45.5,45.64,44.72,45.18,6248491
BCE.PR.A.TO,20240614,16.94,16.94,16.23,16.23,4612
BCE.PR.B.TO,20240614,17.41,17.41,17,17.04,7112
BCE.PR.C.TO,20240614,17.1,17.1,16.95,16.95,1700
BCE.PR.D.TO,20240614,17.35,17.36,16.87,16.87,8525
BCE.PR.E.TO,20240614,17.4,17.4,16.9,16.95,2919
BCE.PR.F.TO,20240614,16.55,16.55,16.24,16.24,4002
BCE.PR.G.TO,20240614,15.47,15.47,15.47,15.47,2000
BCE.PR.H.TO,20240614,17.37,17.37,16.8,17.01,9708
BCE.PR.I.TO,20240614,15.2,15.21,15.2,15.21,1000
BCE.PR.J.TO,20240614,17.24,17.38,16.96,16.96,2600
BCE.PR.K.TO,20240614,14.1,14.1,13.79,13.85,6758
BCE.PR.L.TO,20240614,15.75,15.84,15.75,15.78,600
BCE.PR.M.TO,20240614,14.85,14.85,14.65,14.65,6200
BCE.PR.N.TO,20240614,16.26,16.27,16.26,16.26,2676
BCE.PR.Q.TO,20240614,21.61,21.65,21.61,21.65,1310
BCE.PR.S.TO,20240614,17.3,17.3,16.88,16.89,2200
BCE.PR.T.TO,20240614,16.78,16.95,16.78,16.95,3311
BCE.PR.Y.TO,20240614,17.24,17.24,16.8,16.86,6963
BCE.PR.Z.TO,20240614,17.65,17.65,17.65,17.65,100
BCT.TO,20240614,1.72,1.89,1.72,1.89,950
BDGI.TO,20240614,42.12,42.12,40.41,40.64,42547
BDI.TO,20240614,7.62,7.62,7.5,7.62,16071
BDIV.TO,20240614,20.62,20.62,20.62,20.62,200
BDT.TO,20240614,26.15,26.28,25.55,25.91,134938
BEI.UN.TO,20240614,69.24,69.69,68.47,68.72,78047
BEP.PR.G.TO,20240614,24.12,24.12,24.05,24.05,10400
BEP.PR.M.TO,20240614,20.14,20.2,20.14,20.2,337
BEP.PR.R.TO,20240614,18.41,18.65,18.41,18.65,6000
BEP.UN.TO,20240614,34.99,34.99,34.01,34.59,335259
BEPC.TO,20240614,41.92,41.92,41.15,41.3,432425
BEPR.TO,20240614,8.99,8.99,8.96,8.96,200
BESG.TO,20240614,15.89,15.89,15.81,15.85,4665
BFIN.TO,20240614,20.42,20.53,20.42,20.5,1500
BGI.UN.TO,20240614,4.32,4.33,4.3,4.32,15585
BGU.TO,20240614,43.65,43.65,43.65,43.65,348
BGU.U.TO,20240614,31.64,31.64,31.64,31.64,2700
BHC.TO,20240614,8.41,8.69,8.36,8.67,231526
BIK.PR.A.TO,20240614,25.1,25.35,25.1,25.26,6241
BIP.PR.A.TO,20240614,21,21.4,21,21.4,471
BIP.PR.B.TO,20240614,24.15,24.15,24.07,24.1,6754
BIP.PR.E.TO,20240614,20.78,21.24,20.78,21.24,1730
BIP.PR.F.TO,20240614,20.34,20.34,20,20.02,2469
BIP.UN.TO,20240614,38.16,38.39,37.42,37.72,434437
BIPC.TO,20240614,46.27,46.47,45.71,46.31,242612
BIR.TO,20240614,6.06,6.14,5.94,6,1074906
BITF.TO,20240614,4.07,4.08,3.85,3.94,5788816
BITI.TO,20240614,4.78,4.93,4.77,4.92,210862
BITI.U.TO,20240614,3.54,3.59,3.54,3.57,4500
BK.TO,20240614,10.73,10.84,10.72,10.82,83325
BK.PR.A.TO,20240614,10.1,10.1,10.06,10.06,55830
BKCC.TO,20240614,13.42,13.42,13.27,13.35,14427
BKCL.TO,20240614,17.57,17.6,17.44,17.57,44491
BKI.TO,20240614,0.06,0.06,0.055,0.055,136515
BLB.UN.TO,20240614,7.4,7.4,7.39,7.39,2500
BLCO.TO,20240614,20.44,20.69,20.43,20.69,500
BLDP.TO,20240614,3.7,3.72,3.55,3.55,456235
BLN.TO,20240614,4.23,4.53,4.22,4.47,120260
BLX.TO,20240614,34.22,34.22,33.57,34.07,237420
BMAX.TO,20240614,13.45,13.48,13.41,13.48,12783
BMO.TO,20240614,115.51,115.52,114.46,114.86,1727173
BMO.PR.E.TO,20240614,25.4,25.4,25.35,25.39,6488
BMO.PR.W.TO,20240614,23.1,23.26,23.1,23.26,3050
BN.TO,20240614,55.97,56.29,55.05,56.24,1733088
BN.PF.A.TO,20240614,21.28,21.28,20.9,21,6936
BN.PF.B.TO,20240614,19.4,19.4,19.15,19.15,1870
BN.PF.C.TO,20240614,17.9,17.9,17.9,17.9,122
BN.PF.D.TO,20240614,18,18,17.65,17.68,2500
BN.PF.E.TO,20240614,17,17,16.75,16.75,1800
BN.PF.F.TO,20240614,19.14,19.3,18.89,18.9,7465
BN.PF.G.TO,20240614,17.46,17.46,17.3,17.3,1300
BN.PF.H.TO,20240614,23.7,23.7,23.25,23.44,5817
BN.PF.I.TO,20240614,21.83,21.83,21.63,21.64,1600
BN.PF.J.TO,20240614,22.4,22.4,22.17,22.23,1600
BN.PF.K.TO,20240614,14.55,14.55,14.17,14.17,3872
BN.PR.B.TO,20240614,11.48,11.48,11.28,11.32,7498
BN.PR.C.TO,20240614,11.69,11.69,11.35,11.4,1700
BN.PR.M.TO,20240614,17.46,17.56,17.45,17.45,2200
BN.PR.N.TO,20240614,17.26,17.34,17.2,17.2,1846
BN.PR.R.TO,20240614,15.32,15.33,15.1,15.1,7362
BN.PR.T.TO,20240614,15.41,15.49,15.16,15.16,4093
BN.PR.X.TO,20240614,15.2,15.21,14.87,15.12,6811
BN.PR.Z.TO,20240614,20.14,20.14,20.14,20.14,100
BNC.TO,20240614,24.29,24.29,24.17,24.22,600
BND.TO,20240614,17.45,17.45,17.38,17.41,3895
BNE.TO,20240614,5.1,5.1,4.89,4.97,32032
BNG.TO,20240614,0.035,0.035,0.03,0.03,8250
BNK.TO,20240614,10.72,10.76,10.69,10.7,2003
BNKL.TO,20240614,20.73,20.73,20.73,20.73,100
BNS.TO,20240614,64.25,64.26,63.44,63.7,3974173
BOND.TO,20240614,20.74,20.77,20.74,20.77,4650
BOND.B.TO,20240614,21.32,21.32,21.32,21.32,2500
BOS.TO,20240614,6.1,6.14,6.06,6.13,26901
BPF.UN.TO,20240614,16.13,16.13,15.99,16.12,34354
BPO.PR.A.TO,20240614,13.29,13.53,13.11,13.37,13036
BPO.PR.C.TO,20240614,15.27,15.27,15,15,626
BPO.PR.E.TO,20240614,13.25,13.25,13.15,13.2,2788
BPO.PR.G.TO,20240614,14.53,14.53,14.5,14.5,292
BPO.PR.I.TO,20240614,14.4,14.4,13.85,13.85,800
BPO.PR.N.TO,20240614,11.3,11.3,11.2,11.2,4381
BPO.PR.P.TO,20240614,11.39,11.39,11.14,11.14,7143
BPO.PR.R.TO,20240614,11.83,11.89,11.8,11.89,3779
BPO.PR.T.TO,20240614,14.85,14.89,14.75,14.86,3000
BPO.PR.X.TO,20240614,9.15,9.25,9.15,9.16,400
BPO.PR.Y.TO,20240614,9.35,9.35,9.35,9.35,100
BPRF.TO,20240614,22.51,22.53,22.51,22.53,700
BPS.PR.B.TO,20240614,24.85,24.85,24.85,24.85,400
BPS.PR.U.TO,20240614,24.8,24.8,24.8,24.8,1000
BPYP.PR.A.TO,20240614,19.85,19.85,19.85,19.85,1146
BR.TO,20240614,1.2,1.2,1.2,1.2,1000
BRAG.TO,20240614,7.68,7.87,7.68,7.7,25511
BRE.TO,20240614,13.17,13.17,13.1,13.11,9276
BREA.TO,20240614,25.15,25.15,24.87,25.02,4600
BRF.PR.A.TO,20240614,17.05,17.05,17,17,1100
BRF.PR.B.TO,20240614,17.35,17.35,17.35,17.35,400
BRF.PR.C.TO,20240614,19.98,20,19.66,20,3077
BRF.PR.E.TO,20240614,17.66,17.66,17.6,17.6,1227
BRF.PR.F.TO,20240614,17.64,17.64,17.59,17.59,901
BRMI.TO,20240614,0.84,0.84,0.84,0.84,2000
BRY.TO,20240614,0.245,0.245,0.245,0.245,300200
BSKT.TO,20240614,8.61,8.61,8.6,8.61,25200
BSX.TO,20240614,0.05,0.05,0.045,0.045,175000
BTB.DB.G.TO,20240614,98.16,98.16,98.16,98.16,23000
BTB.DB.H.TO,20240614,99.75,99.75,98.15,98.15,46999
BTB.UN.TO,20240614,3.17,3.18,3.1,3.15,153969
BTCC.TO,20240614,12.62,12.64,12.22,12.28,526458
BTCC.B.TO,20240614,13.24,13.24,12.74,12.83,558524
BTCC.U.TO,20240614,12.18,12.18,11.8,11.85,30344
BTCQ.TO,20240614,14.53,14.53,14.32,14.44,3429
BTCQ.U.TO,20240614,10.71,10.71,10.71,10.71,1870
BTCX.B.TO,20240614,13.71,13.71,13.19,13.27,469579
BTCX.U.TO,20240614,12.58,12.58,12.17,12.22,127813
BTCY.TO,20240614,6.7,6.72,6.53,6.56,31786
BTCY.B.TO,20240614,7.85,7.85,7.61,7.66,8654
BTCY.U.TO,20240614,6.5,6.5,6.5,6.5,700
BTE.TO,20240614,4.46,4.48,4.32,4.38,3491485
BTO.TO,20240614,3.56,3.59,3.54,3.56,1777315
BU.TO,20240614,0.235,0.235,0.235,0.235,2428
BXF.TO,20240614,9.96,9.96,9.96,9.96,1804
BYD.TO,20240614,259.93,270.6,256.99,268.41,152894
BYL.TO,20240614,0.28,0.28,0.28,0.28,1000
CACB.TO,20240614,19.69,19.7,19.62,19.62,42501
CAE.TO,20240614,24.81,24.94,24.43,24.77,755206
CAFR.TO,20240614,19.82,19.82,19.8,19.8,6100
CAGG.TO,20240614,43.88,43.88,43.88,43.88,100
CALL.TO,20240614,11.53,11.54,11.45,11.51,46788
CALL.U.TO,20240614,12.93,12.93,12.93,12.93,120
CANL.TO,20240614,21.28,21.29,21.28,21.29,209
CAR.UN.TO,20240614,43.75,43.84,43.1,43.69,396165
CARB.TO,20240614,7.05,7.06,7.05,7.06,359
CARS.TO,20240614,20.14,20.14,20.03,20.05,1747
CARS.B.TO,20240614,23.25,23.25,23.25,23.25,200
CAS.TO,20240614,9.14,9.14,8.88,9.05,142445
CASH.TO,20240614,50.1,50.11,50.1,50.11,244697
CBAL.TO,20240614,21.75,21.75,21.75,21.75,575
CBCX.TO,20240614,26.43,26.43,25.62,25.89,500
CBGR.TO,20240614,22.11,22.11,22.11,22.11,186
CBH.TO,20240614,17.42,17.45,17.42,17.45,5389
CBIL.TO,20240614,50.04,50.06,50.04,50.05,101075
CBIN.TO,20240614,21.21,21.21,21.21,21.21,200
CBND.TO,20240614,8.97,8.97,8.97,8.97,2000
CBNK.TO,20240614,6.96,6.96,6.8,6.91,211340
CBO.TO,20240614,17.86,17.88,17.86,17.87,51297
CBUG.TO,20240614,24.5,24.5,24.5,24.5,1605
CCA.TO,20240614,52.8,53.23,51.91,52.55,76400
CCBI.TO,20240614,18,18,18,18,200
CCEI.TO,20240614,23.37,23.39,23.37,23.39,9301
CCL.A.TO,20240614,71.9,73.51,71.9,73.51,200
CCL.B.TO,20240614,70.88,72.86,69.85,72.68,702400
CCM.TO,20240614,0.25,0.25,0.25,0.25,12000
CCNV.TO,20240614,20.6,20.6,20.6,20.6,100
CCO.TO,20240614,72.57,72.97,71.05,71.29,678233
CCOM.TO,20240614,20.09,20.09,20.09,20.09,300
CCRE.TO,20240614,17.64,17.64,17.64,17.64,200
CCS.PR.C.TO,20240614,19.65,19.65,19.41,19.41,1900
CDIV.TO,20240614,13.27,13.27,13.17,13.24,16125
CDR.TO,20240614,1.74,1.76,1.71,1.72,117100
CDZ.TO,20240614,31.02,31.02,30.8,30.98,19902
CEE.TO,20240614,1.97,1.98,1.94,1.94,809
CEF.TO,20240614,30.35,30.44,30.21,30.4,17352
CEF.U.TO,20240614,21.98,22.14,21.98,22.14,400
CEMI.TO,20240614,18.51,18.51,18.5,18.51,1300
CEU.TO,20240614,7.09,7.19,6.94,6.99,435858
CEW.TO,20240614,16.52,16.52,16.36,16.45,7143
CF.TO,20240614,8.32,8.32,8.14,8.25,89114
CF.PR.A.TO,20240614,14.83,14.83,14.76,14.76,10000
CF.PR.C.TO,20240614,20.06,20.06,20.06,20.06,3900
CFF.TO,20240614,0.35,0.37,0.32,0.33,120319
CFP.TO,20240614,14.8,14.94,14.74,14.89,86218
CFRT.TO,20240614,20.71,20.71,20.71,20.71,100
CFW.TO,20240614,4,4.03,4,4.01,44039
CFX.TO,20240614,1.42,1.48,1.42,1.48,1600
CG.TO,20240614,9.3,9.45,9.24,9.37,1649033
CGDV.B.TO,20240614,21.16,21.33,21.16,21.33,4476
CGG.TO,20240614,8.86,8.88,8.76,8.84,3500
CGHY.TO,20240614,10.09,10.09,10.09,10.09,100
CGI.TO,20240614,37.2,37.83,36.55,36.7,10691
CGIN.TO,20240614,20.86,20.88,20.86,20.88,4600
CGL.TO,20240614,18.58,18.61,18.53,18.58,16891
CGL.C.TO,20240614,27.14,27.16,27.03,27.1,4418
CGLO.TO,20240614,28.58,28.58,28.4,28.49,13279
CGO.TO,20240614,49.27,49.88,49.19,49.87,18615
CGR.TO,20240614,28.14,28.42,28.14,28.27,1653
CGRE.TO,20240614,20.13,20.13,20.13,20.13,3700
CGRO.TO,20240614,22.59,22.59,22.57,22.57,2522
CGX.TO,20240614,7.38,7.49,7.22,7.28,430066
CGXF.TO,20240614,9.85,9.98,9.8,9.87,82871
CGXF.U.TO,20240614,7.52,7.52,7.52,7.52,8308
CGY.TO,20240614,55.5,55.51,54.22,54.34,4304
CHE.DB.E.TO,20240614,100.5,100.5,99.96,100,67000
CHE.DB.G.TO,20240614,102.27,102.27,101.88,101.88,12000
CHE.DB.H.TO,20240614,100.5,101,100.5,101,109000
CHE.UN.TO,20240614,9,9.02,8.86,8.95,219487
CHNA.B.TO,20240614,20.68,20.68,20.68,20.68,100
CHP.UN.TO,20240614,12.66,12.8,12.65,12.71,302151
CHPS.TO,20240614,43.75,43.75,43.1,43.54,17960
CHPS.U.TO,20240614,31.2,31.2,31.2,31.2,100
CHR.TO,20240614,2.2,2.2,2.09,2.18,184318
CHR.DB.A.TO,20240614,97.4,97.4,97.2,97.2,20000
CHR.DB.C.TO,20240614,86.95,87.4,86,86.02,154000
CIA.TO,20240614,6.02,6.02,5.85,5.91,181657
CIAI.TO,20240614,22.97,23.05,22.97,23.05,2610
CIBR.TO,20240614,43.75,43.82,43.6,43.79,4100
CIC.TO,20240614,10.58,10.58,10.48,10.5,17677
CIEH.TO,20240614,21.19,21.19,21.19,21.19,100
CIEM.TO,20240614,19.29,19.29,19.29,19.29,189
CIF.TO,20240614,42.85,42.86,42.47,42.58,7770
CIGI.TO,20240614,150.38,152.7,150.11,151.75,63895
CINF.TO,20240614,24.23,24.23,24.17,24.2,4000
CINT.TO,20240614,23.5,23.5,23.43,23.46,3300
CINV.TO,20240614,23.96,23.96,23.96,23.96,188
CIU.PR.A.TO,20240614,18.06,18.06,18.05,18.05,210
CIU.PR.C.TO,20240614,13.86,13.86,13.86,13.86,3500
CIX.TO,20240614,14.03,14.33,13.98,14.32,557350
CJ.TO,20240614,6.63,6.68,6.58,6.62,501583
CJR.B.TO,20240614,0.195,0.22,0.17,0.195,4703930
CJT.TO,20240614,125,128.45,124.94,127.74,134582
CJT.DB.E.TO,20240614,99.72,99.74,99.7,99.7,40000
CJT.DB.F.TO,20240614,97.85,98.34,97.58,97.66,136000
CKI.TO,20240614,17.53,17.6,17.5,17.6,1100
CLF.TO,20240614,17,17,17,17,13400
CLG.TO,20240614,16.95,16.98,16.95,16.96,18100
CLML.TO,20240614,29.54,29.54,29.54,29.54,375
CLS.TO,20240614,77.84,77.84,75.2,76.57,668454
CM.TO,20240614,65.65,65.66,64.74,65.31,4381896
CM.PR.P.TO,20240614,22.95,23.02,22.53,23.01,13463
CM.PR.Q.TO,20240614,22.86,22.86,22.85,22.85,3800
CM.PR.S.TO,20240614,23.76,23.87,23.66,23.66,9318
CMAG.TO,20240614,34.81,34.88,34.74,34.74,6355
CMAR.TO,20240614,18,18,18,18,400
CMDO.TO,20240614,19.19,19.19,19.18,19.18,4939
CMG.TO,20240614,12.9,13.05,12.78,12.96,90715
CMGG.TO,20240614,29.61,29.64,29.56,29.62,24700
CMGG.U.TO,20240614,29.87,29.87,29.87,29.87,100
CMNY.TO,20240614,50.15,50.15,50.15,50.15,167
CMR.TO,20240614,50.15,50.16,50.15,50.15,57876
CMVX.TO,20240614,25.38,25.38,25.38,25.38,100
CNCC.TO,20240614,11.68,11.75,11.67,11.75,8086
CNCL.TO,20240614,18.9,18.9,18.7,18.81,23275
CNDX.TO,20240614,24.34,24.34,24.13,24.33,26300
CNE.TO,20240614,4.1,4.12,4,4.04,22079
CNL.TO,20240614,3.71,3.71,3.53,3.55,50300
CNQ.TO,20240614,46.83,46.87,46.11,46.62,16912160
CNR.TO,20240614,167,167.56,165.4,167.29,884479
COG.TO,20240614,0.43,0.43,0.43,0.43,3000
COMM.TO,20240614,33.73,33.73,33.73,33.73,1263
COP.U.TO,20240614,9.45,9.45,9.45,9.45,4100
COP.UN.TO,20240614,13,13,13,13,331
COPP.TO,20240614,34.65,35,34.65,35,796
COW.TO,20240614,60.37,60.37,60.09,60.19,3229
CP.TO,20240614,104.29,105.72,103.73,105.62,1288002
CPD.TO,20240614,11.56,11.56,11.51,11.53,44562
CPH.TO,20240614,8.5,8.6,8.45,8.54,4277
CPLS.TO,20240614,17.73,17.73,17.73,17.73,1800
CPX.TO,20240614,40.47,41.99,40.18,41.85,863716
CPX.PR.C.TO,20240614,22.8,22.9,22.78,22.9,3397
CPX.PR.E.TO,20240614,22.15,22.19,22.11,22.19,1300
CRDL.TO,20240614,3.43,3.57,3.28,3.28,196706
CRED.TO,20240614,19.77,19.77,19.77,19.77,200
CRON.TO,20240614,3.39,3.39,3.25,3.25,55752
CROP.TO,20240614,18.05,18.06,18.04,18.06,18600
CRR.UN.TO,20240614,12.59,12.64,12.45,12.51,102721
CRRX.TO,20240614,2.25,2.3,2.2,2.3,11600
CRT.UN.TO,20240614,13.54,13.62,13.45,13.49,141365
CRWN.NT.TO,20240614,82,82,81,82,48000
CS.TO,20240614,9.08,9.14,8.85,8.93,1529187
CSAV.TO,20240614,50.16,50.16,50.15,50.15,11856
CSBI.TO,20240614,20.22,20.22,20.22,20.22,1500
CSE.PR.A.TO,20240614,13.56,13.56,13.4,13.4,759
CSH.UN.TO,20240614,12.8,12.99,12.8,12.87,372773
CSU.TO,20240614,3794.99,3804.15,3777.08,3800,36491
CSU.DB.TO,20240614,127.5,127.5,125,125,20999
CSW.A.TO,20240614,14.12,14.23,14.12,14.17,7404
CSW.B.TO,20240614,12.7,12.7,12.45,12.49,1502
CTC.TO,20240614,231,231,231,231,131
CTC.A.TO,20240614,137.29,137.29,132.74,135.15,193136
CTF.UN.TO,20240614,2.37,2.38,2.37,2.38,900
CTS.TO,20240614,4.86,4.97,4.86,4.91,604562
CTX.TO,20240614,0.43,0.43,0.42,0.43,28685
CU.TO,20240614,30.5,30.6,30.23,30.46,298672
CU.PR.C.TO,20240614,19.2,19.2,19.08,19.08,550
CU.PR.D.TO,20240614,19,19.1,19,19.1,2850
CU.PR.E.TO,20240614,19.25,19.25,19.25,19.25,509
CU.PR.F.TO,20240614,17.86,17.86,17.78,17.84,577
CU.PR.G.TO,20240614,17.75,18,17.66,17.66,9111
CU.PR.H.TO,20240614,20.62,20.62,20.61,20.61,1000
CU.PR.I.TO,20240614,22.8,22.8,22.8,22.8,300
CU.PR.J.TO,20240614,18.75,18.75,18.51,18.51,4074
CUD.TO,20240614,50.92,50.97,50.9,50.97,3501
CUEH.TO,20240614,22.22,22.22,22.22,22.22,114
CUEI.TO,20240614,29.34,29.42,29.34,29.42,1198
CURA.TO,20240614,5.84,5.84,5.49,5.5,315611
CUTL.TO,20240614,19.65,19.65,19.65,19.65,100
CUTL.B.TO,20240614,20.59,20.59,20.59,20.59,100
CVD.TO,20240614,16.56,16.56,16.56,16.56,1600
CVE.TO,20240614,25.29,25.29,24.79,25.06,6952032
CVE.PR.A.TO,20240614,16.36,16.36,16.02,16.15,10926
CVE.PR.B.TO,20240614,18.01,18.2,17.94,18.2,13025
CVE.PR.C.TO,20240614,23.52,23.58,23.35,23.35,21650
CVE.PR.E.TO,20240614,23.07,23.5,23.07,23.49,35889
CVE.PR.G.TO,20240614,23.24,23.24,23.11,23.2,12600
CVE.WT.TO,20240614,18.5,18.57,18.33,18.57,4622
CVG.TO,20240614,70,70,70,70,1500
CVO.TO,20240614,7.91,8.01,7.66,7.78,188519
CWB.TO,20240614,40.78,41.5,40.42,41.38,1207145
CWB.PR.B.TO,20240614,23.1,23.25,23.1,23.16,13250
CWB.PR.D.TO,20240614,25.86,25.92,25.86,25.92,2153
CWEB.TO,20240614,0.215,0.225,0.215,0.2175,7447
CWW.TO,20240614,56.13,56.57,56.1,56.57,2691
CXB.TO,20240614,1.81,1.85,1.79,1.8,3426469
CXF.TO,20240614,9.65,9.65,9.65,9.65,500
CXI.TO,20240614,26.63,26.65,26.63,26.65,900
CYB.TO,20240614,69.67,69.73,69.2,69.21,11920
CYBR.TO,20240614,46.12,46.12,46.09,46.09,342
CYBR.B.TO,20240614,53.79,53.8,53.79,53.8,500
CYBR.U.TO,20240614,52.06,52.06,52.06,52.06,100
CYH.TO,20240614,20.26,20.26,20.17,20.17,4213
D.UN.TO,20240614,19.4,19.55,19.01,19.06,25264
DAMG.TO,20240614,20.67,20.67,20.67,20.67,100
DAMG.U.TO,20240614,21.21,21.21,21.21,21.21,100
DANC.TO,20240614,22.41,22.41,22.41,22.41,100
DATA.TO,20240614,22.74,22.82,22.72,22.77,2002
DATA.B.TO,20240614,24.89,24.89,24.88,24.88,800
DAY.TO,20240614,70.07,70.07,69,69.31,6900
DBM.TO,20240614,7.08,7.22,7.08,7.15,338111
DBO.TO,20240614,0.08,0.08,0.075,0.075,141100
DC.A.TO,20240614,1.22,1.23,1.22,1.22,6205
DCBO.TO,20240614,52.13,52.38,51.34,51.8,48309
DCG.TO,20240614,17.92,17.94,17.92,17.93,900
DCM.TO,20240614,2.7,2.71,2.6,2.67,60304
DCP.TO,20240614,17.93,17.93,17.93,17.93,100
DF.TO,20240614,4.78,4.78,4.46,4.6,83604
DF.PR.A.TO,20240614,9.95,9.97,9.95,9.96,6800
DFN.TO,20240614,5.21,5.21,5.02,5.1,658695
DFN.PR.A.TO,20240614,9.88,9.88,9.85,9.88,139603
DFY.TO,20240614,42.61,43.6,42.11,42.91,143609
DGR.TO,20240614,45.04,45.12,44.98,45.12,1130
DGR.B.TO,20240614,50.67,50.78,50.67,50.78,20430
DGR.U.TO,20240614,20.33,20.33,20.33,20.33,6000
DGRC.TO,20240614,37.08,37.08,36.81,36.98,926
DGS.TO,20240614,6.04,6.1,5.85,5.91,207110
DGS.PR.A.TO,20240614,9.95,9.95,9.93,9.94,28879
DHT.UN.TO,20240614,15.04,15.23,14.86,15.04,32551
DIAM.TO,20240614,0.08,0.08,0.075,0.075,76265
DII.B.TO,20240614,6.92,7.06,6.92,7.03,5493
DIR.UN.TO,20240614,12.56,12.66,12.49,12.54,391235
DISC.TO,20240614,37.15,37.15,37.15,37.15,100
DIV.TO,20240614,2.7,2.72,2.66,2.66,293834
DIVS.TO,20240614,15.16,15.16,15.16,15.16,400
DLCG.TO,20240614,3.82,3.87,3.79,3.8,64236
DLR.TO,20240614,14.05,14.07,14.01,14.03,605593
DLR.U.TO,20240614,10.2,10.21,10.2,10.21,483802
DMEC.TO,20240614,20,20,19.87,19.95,6251
DMEI.TO,20240614,20.45,20.45,20.45,20.45,114
DMEU.TO,20240614,21.42,21.42,21.35,21.4,23417
DML.TO,20240614,2.91,2.94,2.84,2.85,828140
DND.TO,20240614,12.29,12.36,12.19,12.32,60925
DNG.TO,20240614,5.42,5.44,5.4,5.41,24897
DNTL.TO,20240614,7.94,8,7.92,7.97,77403
DOL.TO,20240614,121.37,124.2,119.88,123.85,627443
DOO.TO,20240614,85.49,85.49,84.14,84.73,220056
DPM.TO,20240614,10.6,10.73,10.54,10.7,770436
DR.TO,20240614,13.24,13.38,13.17,13.3,14152
DRFC.TO,20240614,27.49,27.65,27.49,27.65,1509
DRFE.TO,20240614,22.47,22.49,22.43,22.43,507
DRFG.TO,20240614,28.19,28.19,28.19,28.19,103
DRM.TO,20240614,18.55,18.69,18.31,18.37,27211
DRMC.TO,20240614,27.44,27.6,27.44,27.6,2610
DRMU.TO,20240614,39.54,39.57,39.54,39.57,218
DRR.U.TO,20240614,6.5,6.56,6.5,6.56,204
DRR.UN.TO,20240614,9,9,9,9,100
DRT.TO,20240614,0.57,0.6,0.57,0.6,34626
DRX.TO,20240614,18,18.41,16.72,16.9,375732
DS.TO,20240614,6.17,6.17,6.03,6.11,21811
DSAE.TO,20240614,23.93,23.93,23.93,23.93,150
DSG.TO,20240614,130.37,131.12,128.75,129.2,127054
DSV.TO,20240614,0.94,0.96,0.92,0.94,292670
DTOL.TO,20240614,10.4,10.45,10.4,10.4,21661
DXBC.TO,20240614,21.58,21.58,21.58,21.58,200
DXC.TO,20240614,34.46,34.46,34.26,34.43,14083
DXDB.TO,20240614,20.8,20.86,20.8,20.81,24200
DXG.TO,20240614,61.59,61.72,61.35,61.69,6496
DXGE.TO,20240614,22.8,22.8,22.8,22.8,5000
DXIF.TO,20240614,24.02,24.02,24.02,24.02,210
DXN.TO,20240614,19.23,19.23,19.23,19.23,600
DXO.TO,20240614,19.37,19.37,19.29,19.29,2400
DXP.TO,20240614,20.99,21.09,20.96,21.09,6294
DXQ.TO,20240614,24.63,24.63,24.43,24.47,13972
DXT.TO,20240614,5.35,5.4,5.33,5.39,66225
DXU.TO,20240614,58.82,59.05,58.82,59.05,2013
DXV.TO,20240614,19.64,19.69,19.64,19.68,2623
DXW.TO,20240614,22.48,22.48,22.32,22.32,2600
DYA.TO,20240614,0.15,0.15,0.145,0.15,46806
E.TO,20240614,1.31,1.35,1.25,1.27,415702
EAGR.TO,20240614,0.82,0.83,0.82,0.83,6020
EBIT.TO,20240614,33.4,33.4,32.2,32.43,50639
EBIT.U.TO,20240614,24,24,23.35,23.73,1839
EBNK.TO,20240614,10.84,10.84,10.69,10.69,3477
EBNK.B.TO,20240614,10.43,10.43,10.43,10.43,100
ECN.TO,20240614,1.78,1.78,1.71,1.74,347878
ECN.DB.TO,20240614,80.26,80.26,80.23,80.23,83000
ECN.DB.A.TO,20240614,76,76,76,76,7000
ECN.DB.B.TO,20240614,63.25,63.25,63.25,63.25,5000
ECN.PR.C.TO,20240614,17.28,17.28,17.01,17.19,2572
ECO.TO,20240614,4.65,4.68,4.55,4.56,111500
ECOR.TO,20240614,1.35,1.35,1.32,1.32,9000
EDGE.TO,20240614,35.55,35.72,35.49,35.5,6018
EDGF.TO,20240614,10.3,10.55,10.3,10.54,3500
EDR.TO,20240614,4.88,4.98,4.79,4.9,356631
EDT.TO,20240614,0.49,0.5,0.46,0.49,61251
EDV.TO,20240614,28.42,28.48,28.1,28.43,236289
EFN.TO,20240614,24.37,24.52,24.19,24.21,585764
EFR.TO,20240614,8.36,8.44,8.19,8.25,419077
EFX.TO,20240614,6.71,6.73,6.58,6.67,183503
EGIF.TO,20240614,21.05,21.05,21.05,21.05,200
EGLX.TO,20240614,0.13,0.14,0.13,0.14,164030
EHE.TO,20240614,33.73,33.73,33.73,33.73,100
EIF.TO,20240614,43.37,43.77,43.08,43.28,85565
EIF.DB.J.TO,20240614,99.5,99.5,99.2,99.2,64000
EIF.DB.K.TO,20240614,99,99,99,99,45000
EIF.DB.L.TO,20240614,97.89,98,97.5,98,123000
EIF.DB.M.TO,20240614,95.2,96,95.09,96,86000
EIT.PR.A.TO,20240614,24.91,24.91,24.91,24.91,2000
EIT.PR.B.TO,20240614,24.7,24.71,24.6,24.6,69903
EIT.UN.TO,20240614,13.84,13.84,13.73,13.76,248791
ELD.TO,20240614,20.38,20.64,20.25,20.3,147903
ELEF.TO,20240614,0.47,0.52,0.47,0.51,60510
ELF.TO,20240614,1105,1105,1101.15,1101.15,409
ELF.PR.F.TO,20240614,20.49,20.49,20.49,20.49,100
ELF.PR.H.TO,20240614,21.32,21.46,21.14,21.46,2051
ELO.TO,20240614,1.4,1.42,1.33,1.42,29230
ELR.TO,20240614,0.225,0.225,0.225,0.225,23970
ELVA.TO,20240614,4.2,4.2,4.04,4.04,3318
EMA.TO,20240614,46.21,46.22,45.63,45.81,742165
EMA.PR.B.TO,20240614,16.85,16.85,16.8,16.8,1500
EMA.PR.C.TO,20240614,21.07,21.3,20.95,21.09,12466
EMA.PR.E.TO,20240614,17.59,17.61,17.59,17.6,13600
EMA.PR.F.TO,20240614,18.56,18.56,18.55,18.55,3550
EMA.PR.H.TO,20240614,22.35,22.35,22.13,22.13,8162
EMA.PR.J.TO,20240614,20.75,21,20.75,20.75,1200
EMA.PR.L.TO,20240614,17.72,17.73,17.72,17.73,1022
EMAX.TO,20240614,16.55,16.55,16.4,16.45,5687
EMP.A.TO,20240614,32.53,32.54,32.1,32.11,317036
EMV.B.TO,20240614,29.32,29.34,29.32,29.34,300
ENB.TO,20240614,48.51,48.52,48.11,48.25,8310178
ENB.PF.A.TO,20240614,17.21,17.21,17.03,17.12,4752
ENB.PF.C.TO,20240614,16.75,16.76,16.6,16.65,11500
ENB.PF.E.TO,20240614,16.2,16.24,16.13,16.13,4768
ENB.PF.G.TO,20240614,16.13,16.17,16.13,16.17,403
ENB.PF.K.TO,20240614,21.05,21.26,20.83,21.26,16469
ENB.PF.U.TO,20240614,20.6,20.6,20.51,20.55,445
ENB.PF.V.TO,20240614,21.74,21.82,21.72,21.75,2100
ENB.PR.A.TO,20240614,21.35,21.35,21.15,21.15,3000
ENB.PR.B.TO,20240614,16.6,16.64,16.5,16.6,7009
ENB.PR.D.TO,20240614,16.7,16.75,16.69,16.75,2212
ENB.PR.F.TO,20240614,17.19,17.25,17.18,17.23,50672
ENB.PR.H.TO,20240614,18.5,18.5,18.27,18.37,8529
ENB.PR.J.TO,20240614,18.2,18.28,18.12,18.15,11239
ENB.PR.N.TO,20240614,20.15,20.29,20.08,20.2,11936
ENB.PR.P.TO,20240614,18.09,18.09,17.9,17.93,3104
ENB.PR.T.TO,20240614,18.95,18.95,18.66,18.79,8784
ENB.PR.V.TO,20240614,21.75,21.79,21.75,21.79,900
ENB.PR.Y.TO,20240614,17.05,17.1,16.96,17.08,27114
ENCC.TO,20240614,10.93,10.93,10.82,10.89,105779
ENCL.TO,20240614,19.49,19.49,19.17,19.36,75995
ENGH.TO,20240614,31.17,31.17,30.2,30.46,115434
ENI.UN.TO,20240614,1.5,1.5,1.5,1.5,4100
ENS.TO,20240614,11.19,11.28,11.12,11.21,68154
ENS.PR.A.TO,20240614,10.12,10.2,10.11,10.19,8600
EPRX.TO,20240614,3.69,3.69,3.58,3.65,16050
EQB.TO,20240614,87.76,88.14,86.5,87.81,77239
EQCL.TO,20240614,21.65,21.65,21.57,21.62,13194
EQL.TO,20240614,34.19,34.25,34.05,34.15,23943
EQL.F.TO,20240614,29.1,29.11,28.96,29.11,44070
EQL.U.TO,20240614,24.79,24.82,24.79,24.82,1500
EQX.TO,20240614,7.04,7.1,6.96,7.08,385922
ERD.TO,20240614,0.425,0.435,0.4225,0.43,117347
ERE.UN.TO,20240614,2.3,2.32,2.29,2.32,26700
ERO.TO,20240614,28.06,28.51,27.69,27.86,275858
ESG.TO,20240614,39.74,39.74,39.66,39.71,483
ESGA.TO,20240614,34.2,34.2,34,34.06,790
ESGC.TO,20240614,24.67,24.67,24.64,24.64,200
ESGE.TO,20240614,34.67,34.74,34.66,34.71,2352
ESGF.TO,20240614,24.37,24.37,24.37,24.37,100
ESGG.TO,20240614,46.45,46.45,46.35,46.35,2288
ESGH.TO,20240614,27.35,27.35,27.35,27.35,200
ESGH.F.TO,20240614,24.92,24.92,24.92,24.92,100
ESGY.TO,20240614,53.47,53.47,53.44,53.46,1010
ESI.TO,20240614,2.18,2.2,2.15,2.17,110238
ESM.TO,20240614,0.06,0.065,0.06,0.065,505014
ESP.TO,20240614,4.23,4.3,4.2,4.3,2461
ESP.PR.A.TO,20240614,10.18,10.18,10.18,10.18,900
ESPX.TO,20240614,23.97,23.97,23.97,23.97,156
ET.TO,20240614,15,15,14.62,14.83,13777
ETC.TO,20240614,14.94,14.94,14.35,14.44,23252
ETG.TO,20240614,1.44,1.44,1.43,1.44,8000
ETHH.TO,20240614,14.1,14.1,13.48,13.67,25148
ETHH.B.TO,20240614,16.71,16.75,15.95,16.13,183068
ETHH.U.TO,20240614,15.23,15.23,14.66,14.74,33289
ETHQ.TO,20240614,19.15,19.15,18.28,18.44,17169
ETHQ.U.TO,20240614,13.72,13.72,13.39,13.39,300
ETHR.TO,20240614,16.59,16.59,15.85,16.02,37797
ETHR.U.TO,20240614,14.91,14.91,14.5,14.56,1338
ETHX.B.TO,20240614,17.43,17.43,16.6,16.8,212269
ETHX.U.TO,20240614,15.8,15.85,15.14,15.31,32216
ETHY.TO,20240614,4.48,4.48,4.3,4.36,20034
ETHY.B.TO,20240614,5.71,5.71,5.4,5.46,8908
ETHY.U.TO,20240614,4.37,4.37,4.37,4.37,120
ETSX.TO,20240614,19.18,19.18,19.04,19.08,3397
EVO.TO,20240614,20.14,20.14,20,20,1688
EVT.TO,20240614,140.02,140.02,140.02,140.02,605
EXE.TO,20240614,7.47,7.6,7.4,7.54,96450
EXE.DB.C.TO,20240614,98.99,98.99,98.55,98.75,97000
EXN.TO,20240614,0.15,0.15,0.145,0.15,24372
EXRO.TO,20240614,0.5,0.51,0.46,0.5,392205
EXRO.WT.TO,20240614,0.13,0.13,0.12,0.13,28000
FAP.TO,20240614,2.6,2.6,2.58,2.59,30413
FAR.TO,20240614,2.47,2.47,2.37,2.39,100649
FBGO.TO,20240614,17.53,17.53,17.53,17.53,2400
FBTC.TO,20240614,30.78,30.79,29.66,29.85,30660
FBTC.U.TO,20240614,21.8,21.91,21.8,21.91,1332
FC.TO,20240614,10.79,10.79,10.65,10.74,22050
FC.DB.I.TO,20240614,97.5,97.5,97.25,97.25,25000
FC.DB.K.TO,20240614,89.25,89.25,89.25,89.25,20000
FCCD.TO,20240614,26.88,26.88,26.78,26.87,2451
FCCQ.TO,20240614,33.16,33.16,33.02,33.12,605
FCCV.TO,20240614,13.32,13.32,13.26,13.29,34595
FCD.UN.TO,20240614,5.05,5.05,5.02,5.03,11131
FCID.TO,20240614,26.48,26.48,26.46,26.46,200
FCII.TO,20240614,20.73,20.73,20.73,20.73,178
FCIQ.TO,20240614,37.81,37.81,37.33,37.46,6700
FCIQ.U.TO,20240614,27.41,27.41,27.41,27.41,100
FCIV.TO,20240614,34.17,34.29,34.17,34.21,16569
FCQH.TO,20240614,52.89,52.89,52.89,52.89,240
FCR.UN.TO,20240614,14.66,14.79,14.53,14.71,282663
FCRR.TO,20240614,39.84,39.95,39.84,39.95,800
FCRR.U.TO,20240614,28.88,28.88,28.88,28.88,100
FCU.TO,20240614,1.08,1.1,1.05,1.06,783827
FCUD.TO,20240614,35.28,35.31,35.28,35.31,2838
FCUD.U.TO,20240614,25.63,25.63,25.63,25.63,100
FCUH.TO,20240614,31.19,31.19,31.19,31.19,2000
FCUQ.TO,20240614,57.36,57.39,57.19,57.39,1742
FCUQ.U.TO,20240614,41.7,41.7,41.7,41.7,100
FCUV.TO,20240614,17.8,17.83,17.71,17.77,20660
FCVH.TO,20240614,16.81,16.81,16.81,16.81,2375
FDY.TO,20240614,0.82,0.82,0.8,0.8,31561
FEBB.F.TO,20240614,43.83,43.88,43.83,43.88,400
FEC.TO,20240614,8.02,8.12,7.9,8.03,27980
FEME.TO,20240614,20.27,20.27,20.27,20.27,100
FETH.TO,20240614,64.59,64.59,62.36,62.58,736
FF.TO,20240614,0.125,0.125,0.12,0.125,668752
FFH.TO,20240614,1515.02,1529.18,1515.02,1526.56,35027
FFH.PR.C.TO,20240614,21.2,21.2,20.81,20.81,5992
FFH.PR.E.TO,20240614,16.5,16.5,16.15,16.15,2319
FFH.PR.F.TO,20240614,17.5,17.99,17.3,17.3,1100
FFH.PR.G.TO,20240614,16.9,16.9,16.9,16.9,164
FFH.PR.H.TO,20240614,18.4,18.4,17.99,18,5270
FFH.PR.I.TO,20240614,17.75,17.75,17.45,17.45,4900
FFH.PR.J.TO,20240614,19.17,19.17,19,19,1610
FFH.PR.K.TO,20240614,20.27,20.43,20.27,20.35,1000
FFH.PR.M.TO,20240614,23.5,23.6,23.5,23.5,57252
FFN.TO,20240614,5.38,5.38,5.01,5.23,379828
FFN.PR.A.TO,20240614,10.15,10.16,10.14,10.15,23491
FGEB.TO,20240614,10.16,10.8,10.15,10.48,6800
FGEP.TO,20240614,10.13,10.13,10.09,10.11,51313
FGGE.TO,20240614,22.98,22.98,22.94,22.97,400
FHG.TO,20240614,49.06,49.06,49.06,49.06,100
FHH.TO,20240614,38.57,38.57,38.57,38.57,200
FHI.TO,20240614,11.45,11.45,11.38,11.38,9701
FHI.B.TO,20240614,12.85,12.85,12.85,12.85,137
FHIS.TO,20240614,20.67,20.67,20.66,20.66,12411
FHQ.TO,20240614,87.59,87.65,87.59,87.65,210
FIE.TO,20240614,6.97,6.97,6.92,6.96,234036
FIG.TO,20240614,9.35,9.35,9.35,9.35,2401
FIH.U.TO,20240614,13.88,14.08,13.84,13.95,14086
FIL.TO,20240614,24.01,24.68,23.98,24.61,318522
FINO.TO,20240614,23.81,23.81,23.81,23.81,100
FLCI.TO,20240614,17.56,17.56,17.56,17.56,108
FLCP.TO,20240614,17.79,17.8,17.79,17.8,1600
FLGA.TO,20240614,18.62,18.64,18.62,18.63,1251
FLI.TO,20240614,9.8,9.8,9.74,9.74,3304
FLNT.TO,20240614,0.03,0.03,0.03,0.03,51300
FLOW.TO,20240614,0.195,0.21,0.195,0.21,21040
FLUS.TO,20240614,43.9,43.9,43.9,43.9,2400
FLX.U.TO,20240614,5.86,5.86,5.86,5.86,100
FM.TO,20240614,16.15,16.55,16.04,16.49,1958396
FMAX.TO,20240614,16.66,16.71,16.66,16.71,1405
FN.TO,20240614,35.65,36.01,35.53,36.01,19076
FNV.TO,20240614,160.75,160.96,157.75,159.49,291381
FOM.TO,20240614,3.9,3.93,3.82,3.85,377974
FOOD.TO,20240614,0.28,0.295,0.28,0.285,11691
FORA.TO,20240614,10.15,10.15,9.92,9.98,12731
FOUR.TO,20240614,48.95,48.95,48.03,48.03,232
FRU.TO,20240614,13.57,13.62,13.51,13.55,309319
FRX.TO,20240614,9.52,9.56,9.27,9.27,1125
FSB.TO,20240614,9.59,9.61,9.59,9.61,2260
FSB.U.TO,20240614,9.84,9.84,9.84,9.84,3200
FSF.TO,20240614,25.67,25.67,25.67,25.67,100
FSL.TO,20240614,16.92,16.92,16.92,16.92,300
FST.TO,20240614,48.97,48.97,48.68,48.88,5849
FSV.TO,20240614,205.68,209.87,205.68,209.38,71583
FSY.TO,20240614,0.86,0.91,0.85,0.85,37057
FSZ.TO,20240614,6.72,6.81,6.69,6.79,208661
FSZ.DB.B.TO,20240614,100,100,100,100,100000
FT.TO,20240614,0.08,0.09,0.08,0.085,301903
FTG.TO,20240614,5.4,5.43,5.32,5.43,10000
FTN.TO,20240614,8.05,8.21,7.95,8.21,292166
FTN.PR.A.TO,20240614,10.3,10.31,10.29,10.3,25950
FTS.TO,20240614,53.84,53.89,53.53,53.69,1018538
FTS.PR.F.TO,20240614,19.92,20.14,19.9,20.1,1270
FTS.PR.G.TO,20240614,20.44,20.73,20.44,20.73,4602
FTS.PR.H.TO,20240614,14.54,14.54,14.45,14.45,2400
FTS.PR.I.TO,20240614,16.23,16.23,15.94,15.94,3593
FTS.PR.J.TO,20240614,19.4,19.4,19.35,19.39,3300
FTS.PR.K.TO,20240614,18.72,18.73,18.63,18.7,3856
FTS.PR.M.TO,20240614,19.1,19.14,19.06,19.1,6948
FTT.TO,20240614,39,39.41,38.62,39.06,472789
FTU.PR.B.TO,20240614,6.63,6.64,6.5,6.5,2200
FURY.TO,20240614,0.57,0.58,0.57,0.57,48080
FVI.TO,20240614,6.8,6.86,6.68,6.74,895616
FVL.TO,20240614,0.405,0.415,0.405,0.405,121651
FXM.TO,20240614,21.63,21.66,21.63,21.66,3846
G.TO,20240614,0.9,0.9,0.88,0.9,6200
GATO.TO,20240614,14.92,15.32,14.92,15.3,4354
GAU.TO,20240614,2.2,2.2,2.11,2.15,103304
GBT.TO,20240614,12.82,12.82,12.82,12.82,11698
GCBD.TO,20240614,18.15,18.15,18.14,18.14,838
GCFE.TO,20240614,24.15,24.18,24.15,24.18,500
GCG.TO,20240614,42.75,42.75,41.6,42,819
GCG.A.TO,20240614,42.82,42.82,41.25,42.73,11412
GCL.TO,20240614,1.15,1.15,1.14,1.14,23399
GCSC.TO,20240614,23.65,23.65,23.64,23.65,467
GCTB.TO,20240614,50.14,50.16,50.14,50.16,17069
GDC.TO,20240614,3.45,3.45,3.45,3.45,10000
GDI.TO,20240614,32.5,33.24,32.5,33.24,10280
GDL.TO,20240614,14.5,14.5,14.39,14.4,5285
GDV.TO,20240614,9.92,10.01,9.92,9.96,34400
GDV.PR.A.TO,20240614,10.03,10.03,9.95,9.97,20000
GEI.TO,20240614,23.13,23.16,22.92,23.09,295316
GENM.TO,20240614,0.265,0.265,0.255,0.26,245079
GEO.TO,20240614,2.09,2.09,2.01,2.05,18581
GEQT.TO,20240614,58.52,58.52,58.52,58.52,174
GFL.TO,20240614,51.91,52.32,51.52,52.12,329262
GFP.TO,20240614,0.4,0.4,0.365,0.37,27100
GFR.TO,20240614,8.31,8.49,8.03,8.49,69777
GGD.TO,20240614,1.4,1.42,1.38,1.4,314525
GGRO.TO,20240614,52.98,52.98,52.9,52.9,19383
GH.TO,20240614,10.35,10.49,10.35,10.49,4640
GIB.A.TO,20240614,136.5,137.37,135.58,136.86,374919
GIL.TO,20240614,51.53,51.97,51.23,51.62,330088
GIQG.TO,20240614,28.25,28.25,28.25,28.25,100
GIQU.TO,20240614,28.89,28.89,28.89,28.89,100
GIQU.B.TO,20240614,31.08,31.08,31.08,31.08,100
GIVX.TO,20240614,0.72,0.73,0.7,0.71,42500
GLCC.TO,20240614,24.57,24.61,24.25,24.42,27913
GLO.TO,20240614,2.07,2.08,1.96,2,241739
GLXY.TO,20240614,15.35,15.72,15,15.1,516183
GMIN.TO,20240614,2.04,2.16,2.04,2.15,572662
GMTN.TO,20240614,0.04,0.04,0.04,0.04,9629
GMX.TO,20240614,0.97,0.97,0.95,0.95,18500
GOLD.TO,20240614,1.24,1.26,1.23,1.24,84060
GOOS.TO,20240614,18.11,18.37,17.79,17.98,155483
GRA.TO,20240614,2.72,2.72,2.64,2.68,6966
GRC.TO,20240614,0.08,0.08,0.075,0.075,43700
GRID.TO,20240614,1.45,1.48,1.45,1.46,24500
GRN.TO,20240614,0.09,0.09,0.08,0.09,170013
GRNI.TO,20240614,27.33,27.33,27.33,27.33,100
GRT.UN.TO,20240614,67.38,68.11,66.38,66.73,81330
GSY.TO,20240614,185.64,192.5,184.75,192.03,50464
GTE.TO,20240614,13.41,13.48,13.2,13.33,44867
GTWO.TO,20240614,1.35,1.36,1.34,1.35,274160
GUD.TO,20240614,5.8,5.8,5.69,5.7,31229
GURU.TO,20240614,2.34,2.34,1.94,2.05,46230
GWO.TO,20240614,38.79,39.29,38.44,39.21,3662907
GWO.PR.G.TO,20240614,20.11,20.57,20.11,20.38,2000
GWO.PR.H.TO,20240614,19.08,19.09,18.95,18.95,6769
GWO.PR.I.TO,20240614,17.85,17.85,17.85,17.85,2900
GWO.PR.M.TO,20240614,22.25,22.5,22.23,22.39,1939
GWO.PR.N.TO,20240614,14.15,14.15,14.07,14.08,2300
GWO.PR.P.TO,20240614,20.78,20.8,20.71,20.71,2759
GWO.PR.Q.TO,20240614,20,20,19.75,19.92,5299
GWO.PR.R.TO,20240614,18.78,18.78,18.6,18.72,2600
GWO.PR.S.TO,20240614,20.39,20.42,20.39,20.4,3512
GWO.PR.T.TO,20240614,19.94,20.05,19.94,20,1225
GWO.PR.Y.TO,20240614,17.58,17.78,17.58,17.65,1918
GXE.TO,20240614,0.67,0.68,0.66,0.67,529858
H.TO,20240614,40.01,40.01,39.33,39.42,4198912
HAB.TO,20240614,10,10.01,9.99,9.99,900
HAC.TO,20240614,30.15,30.23,30.15,30.23,6200
HAD.TO,20240614,8.9,8.97,8.9,8.97,2700
HAF.TO,20240614,7.17,7.17,7.17,7.17,700
HAI.TO,20240614,4.56,4.56,4.35,4.4,104434
HAL.TO,20240614,19.51,19.51,19.44,19.47,27960
HAZ.TO,20240614,35.59,35.63,35.41,35.49,67586
HBA.TO,20240614,25.11,25.15,25.11,25.12,1803
HBAL.TO,20240614,14.84,14.84,14.81,14.81,4754
HBB.TO,20240614,47.52,47.64,47.52,47.64,19571
HBD.TO,20240614,8.24,8.24,8.19,8.22,5755
HBF.TO,20240614,9.54,9.55,9.5,9.55,8151
HBF.B.TO,20240614,10.74,10.74,10.74,10.74,390
HBGD.TO,20240614,30.05,30.05,30.05,30.05,231
HBIE.TO,20240614,24.19,24.37,24.17,24.37,900
HBKU.TO,20240614,19.96,19.96,19.96,19.96,100
HBLK.TO,20240614,16.31,16.31,16.17,16.19,1289
HBM.TO,20240614,12.1,12.24,11.86,11.96,1366038
HBND.TO,20240614,15.2,15.27,15.2,15.24,5734
HBNK.TO,20240614,20.62,20.62,20.45,20.59,7105
HBP.TO,20240614,0.24,0.24,0.24,0.24,1000
HBU.TO,20240614,14.15,14.24,14.15,14.24,4700
HCA.TO,20240614,20.4,20.4,20.4,20.4,123
HCAL.TO,20240614,19.96,19.96,19.66,19.83,65658
HCLN.TO,20240614,9.12,9.14,9.03,9.04,7083
HCON.TO,20240614,13.17,13.23,13.17,13.23,450
HCRE.TO,20240614,23.85,23.85,23.72,23.73,1997
HDIF.TO,20240614,8.18,8.19,8.1,8.16,93051
HDIV.TO,20240614,16.2,16.2,16.05,16.18,54516
HEB.TO,20240614,16.2,16.2,16.2,16.2,325
HED.TO,20240614,4.36,4.42,4.36,4.36,9650
HEQL.TO,20240614,24.54,24.62,24.54,24.62,303
HEQT.TO,20240614,16.51,16.51,16.45,16.48,9211
HEU.TO,20240614,28.66,28.66,28.23,28.56,18950
HEWB.TO,20240614,31.23,31.23,30.92,31.03,11050
HFD.TO,20240614,9.63,9.78,9.63,9.65,21300
HFIN.TO,20240614,14.83,15.02,14.83,15.02,2101
HFR.TO,20240614,9.95,9.96,9.95,9.95,15097
HFU.TO,20240614,20.57,20.57,20.23,20.55,11193
HGD.TO,20240614,3.75,3.9,3.75,3.89,485763
HGR.TO,20240614,5.94,5.95,5.94,5.95,218
HGRW.TO,20240614,23.3,23.3,23.3,23.3,200
HGU.TO,20240614,16.69,16.84,16.19,16.36,573974
HGY.TO,20240614,10.45,10.53,10.45,10.53,1324
HHL.TO,20240614,8.32,8.33,8.28,8.32,53339
HHL.B.TO,20240614,9.28,9.28,9.27,9.27,700
HHL.U.TO,20240614,8.81,8.83,8.81,8.83,5800
HHLE.TO,20240614,10.52,10.52,10.43,10.49,5797
HIG.TO,20240614,8.68,8.71,8.67,8.71,3820
HIND.TO,20240614,11.5,11.5,11.32,11.4,19433
HISU.U.TO,20240614,100.24,100.24,100.24,100.24,425
HIU.TO,20240614,11.72,11.73,11.68,11.68,7200
HIX.TO,20240614,28.5,28.54,28.48,28.48,1200
HLF.TO,20240614,13.49,13.49,13.06,13.07,20027
HLIF.TO,20240614,8.7,8.7,8.64,8.66,800
HLIT.TO,20240614,18.22,18.22,17.77,17.85,5295
HLPR.TO,20240614,24.99,25.05,24.99,25.05,3200
HMAX.TO,20240614,13.28,13.28,13.12,13.26,245751
HMM.A.TO,20240614,9.83,9.85,9.57,9.74,13322
HMMJ.TO,20240614,10.36,10.36,10.25,10.25,8083
HMP.TO,20240614,9.42,9.45,9.42,9.45,1307
HND.TO,20240614,52.27,54.42,51.25,53.6,353209
HNU.TO,20240614,5.78,5.89,5.53,5.61,3389637
HOD.TO,20240614,6.75,6.88,6.72,6.84,627190
HOM.U.TO,20240614,11.23,11.23,11.12,11.17,29191
HOM.UN.TO,20240614,15.43,15.43,15.24,15.25,8812
HOT.U.TO,20240614,0.36,0.36,0.36,0.36,1500
HOT.UN.TO,20240614,0.53,0.54,0.51,0.51,19700
HOU.TO,20240614,14.25,14.31,13.98,14.07,360968
HPF.TO,20240614,3.34,3.34,3.31,3.32,29450
HPR.TO,20240614,8.43,8.43,8.39,8.39,59650
HPS.A.TO,20240614,105,109.51,104.99,105.65,68182
HPYM.TO,20240614,11.53,11.53,11.5,11.53,75600
HPYM.U.TO,20240614,11.57,11.57,11.57,11.57,100
HPYT.TO,20240614,11.17,11.22,11.17,11.21,240841
HPYT.B.TO,20240614,11.34,11.34,11.28,11.28,27700
HPYT.U.TO,20240614,11.41,11.41,11.4,11.4,500
HQD.TO,20240614,12.11,12.14,11.99,11.99,1073951
HQD.U.TO,20240614,8.77,8.77,8.74,8.74,1159
HQU.TO,20240614,21.89,22.12,21.87,22.12,322435
HR.UN.TO,20240614,9.02,9.1,8.95,9,326421
HRAA.TO,20240614,11.8,11.8,11.8,11.8,1900
HRED.TO,20240614,16.63,16.73,16.63,16.73,200
HRIF.TO,20240614,15.65,15.67,15.65,15.67,406
HRX.TO,20240614,24.58,24.98,24.39,24.75,15163
HSAV.TO,20240614,111.61,111.67,111.59,111.61,65983
HSD.TO,20240614,18.11,18.17,17.98,17.98,265176
HSH.TO,20240614,66.61,66.72,66.56,66.72,2186
HSU.TO,20240614,22.66,22.78,22.56,22.77,176769
HSUV.U.TO,20240614,110.29,110.38,110.28,110.37,34063
HTA.TO,20240614,18.73,18.93,18.73,18.9,24283
HTA.U.TO,20240614,20.32,20.35,20.28,20.34,542
HTAE.TO,20240614,17.16,17.41,17.16,17.38,20604
HTB.TO,20240614,56.34,56.5,56.3,56.44,32700
HTB.U.TO,20240614,40.8,40.8,40.8,40.8,100
HTL.TO,20240614,1.47,1.54,1.47,1.54,327092
HUBL.TO,20240614,11.57,11.57,11.51,11.53,4131
HUC.TO,20240614,22.32,22.4,22.3,22.3,511
HUG.TO,20240614,18.3,18.33,18.3,18.33,1720
HULC.TO,20240614,88.96,88.99,88.8,88.92,50545
HULC.U.TO,20240614,64.7,64.7,64.7,64.7,258
HUM.TO,20240614,28.29,28.29,27.72,27.72,200
HUN.TO,20240614,9.19,9.25,9.13,9.17,4600
HURA.TO,20240614,38.74,38.75,38.35,38.43,1105
HUT.TO,20240614,15.92,16.38,15.22,15.48,1705276
HUTE.TO,20240614,9.7,9.7,9.51,9.62,9506
HUTL.TO,20240614,16.44,16.45,16.3,16.45,27532
HUTS.TO,20240614,11.44,11.55,11.44,11.55,9454
HUV.TO,20240614,7.9,8.09,7.86,7.96,144528
HUZ.TO,20240614,13.13,13.31,13.13,13.31,344
HWO.TO,20240614,1.51,1.52,1.47,1.52,38340
HWX.TO,20240614,6.96,7.02,6.83,6.89,507962
HXCN.TO,20240614,35.01,35.03,34.76,35.03,31558
HXD.TO,20240614,6.25,6.34,6.24,6.24,320732
HXDM.TO,20240614,46.22,46.22,45.95,46,51425
HXDM.U.TO,20240614,33.59,33.59,33.48,33.48,4500
HXE.TO,20240614,35.61,35.66,35.52,35.63,1852
HXEM.TO,20240614,35.77,35.86,35.75,35.84,10200
HXF.TO,20240614,66.89,66.89,66.5,66.5,14859
HXH.TO,20240614,47.51,47.51,47.12,47.19,1084
HXQ.TO,20240614,76.95,77.22,76.85,77.19,15952
HXQ.U.TO,20240614,55.9,56.06,55.9,56.06,239
HXS.TO,20240614,76.06,76.17,75.87,76.08,211242
HXS.U.TO,20240614,55.24,55.36,55.23,55.36,1000
HXT.TO,20240614,55.26,55.35,54.91,55.33,367304
HXT.U.TO,20240614,40.18,40.22,40.16,40.22,763
HXU.TO,20240614,20.79,20.87,20.51,20.84,47779
HXX.TO,20240614,50.01,50.01,49.67,49.76,11022
HYBR.TO,20240614,8.78,8.78,8.71,8.72,1000
HYLD.TO,20240614,13.4,13.47,13.4,13.45,120922
HYLD.U.TO,20240614,13.78,13.82,13.78,13.82,1575
HZD.TO,20240614,8.85,8.92,8.6,8.6,114480
HZU.TO,20240614,27.25,27.99,27.08,27.99,66515
IAG.TO,20240614,85.44,85.44,84.53,85.18,184102
IAU.TO,20240614,1.42,1.43,1.38,1.39,431995
IAU.WT.TO,20240614,0.37,0.37,0.35,0.35,78555
IBG.DB.E.TO,20240614,100,100,100,100,9000
ICAE.TO,20240614,20.02,20.02,19.85,19.85,308
ICE.TO,20240614,3.85,3.85,3.8,3.8,680
ICPB.TO,20240614,9.31,9.31,9.31,9.31,5700
IDIV.B.TO,20240614,13.67,13.67,13.55,13.63,3400
IE.TO,20240614,14.67,14.67,14.64,14.64,250
IFA.TO,20240614,1.23,1.23,1.12,1.13,53583
IFC.TO,20240614,219.8,222.59,219.23,222.4,535462
IFC.PR.A.TO,20240614,18.15,18.4,18.15,18.29,1562
IFC.PR.C.TO,20240614,20.05,20.05,19.65,19.66,7426
IFC.PR.E.TO,20240614,20.6,20.79,20.59,20.75,7117
IFC.PR.F.TO,20240614,20.57,20.69,20.57,20.69,500
IFC.PR.G.TO,20240614,22,22,22,22,200
IFC.PR.I.TO,20240614,21.59,21.6,21.1,21.54,3400
IFC.PR.K.TO,20240614,20.3,20.97,20.3,20.82,2601
IFP.TO,20240614,17.46,17.97,17.27,17.94,165504
IFRF.TO,20240614,8.39,8.39,8.39,8.39,2000
IGAF.TO,20240614,14.4,14.4,14.4,14.4,1500
IGB.TO,20240614,17.98,17.98,17.98,17.98,1200
IGBT.UN.TO,20240614,9.97,9.97,9.97,9.97,2000
IGM.TO,20240614,37.1,37.23,36.81,36.88,209772
IIAE.TO,20240614,23.32,23.32,23.32,23.32,100
IICE.TO,20240614,22.56,22.56,22.56,22.56,100
III.TO,20240614,2.11,2.19,2.07,2.19,32801
IIMF.TO,20240614,21.19,21.19,21.19,21.19,355
IIP.UN.TO,20240614,11.77,11.82,11.62,11.76,137040
ILLM.TO,20240614,1.49,1.5,1.46,1.46,113809
IMG.TO,20240614,4.91,4.98,4.86,4.98,1212853
IMO.TO,20240614,88.42,88.56,86.96,88.11,522718
IMP.TO,20240614,0.51,0.51,0.51,0.51,500
INAI.TO,20240614,24.57,24.57,24.57,24.57,141
INC.UN.TO,20240614,7.41,7.41,7.25,7.25,11943
INCM.TO,20240614,19.86,19.93,19.83,19.93,2000
INCM.U.TO,20240614,14.47,14.47,14.45,14.45,2000
INE.TO,20240614,10.48,10.49,10.18,10.45,576852
INE.DB.B.TO,20240614,98.5,98.5,98.5,98.5,10000
INE.DB.C.TO,20240614,94.6,94.6,94.6,94.6,17000
INE.PR.C.TO,20240614,18.7,18.7,18.7,18.7,350
INO.UN.TO,20240614,0.86,0.89,0.8,0.88,47454
INOC.TO,20240614,14.95,14.95,14.95,14.95,1050
IPCO.TO,20240614,17.23,17.29,17.07,17.26,56113
IPO.TO,20240614,2.23,2.23,2.18,2.2,32026
IQD.TO,20240614,35.54,35.54,35.32,35.37,4770
IQD.B.TO,20240614,30.92,30.92,30.75,30.75,200
IS.TO,20240614,13.1,13.2,12.64,12.93,12808
IS.PR.A.TO,20240614,10.26,10.3,10.25,10.25,7200
ISCB.TO,20240614,10.66,10.66,10.66,10.66,1500
ISV.TO,20240614,25.73,25.73,25.6,25.64,1720
ITE.TO,20240614,0.175,0.18,0.175,0.18,16936
ITH.TO,20240614,0.72,0.75,0.72,0.75,5500
IUCE.TO,20240614,25.66,25.66,25.66,25.66,100
IUFR.U.TO,20240614,20.17,20.17,20.17,20.17,100
IUMF.TO,20240614,21.78,21.78,21.78,21.78,3000
IUTE.TO,20240614,23.34,23.34,23.34,23.34,100
IUTE.F.TO,20240614,20.26,20.26,20.26,20.26,100
IVN.TO,20240614,17.3,17.77,17.24,17.48,2061941
IVQ.U.TO,20240614,0.14,0.14,0.125,0.135,3284
IWBE.TO,20240614,17.7,17.7,17.7,17.7,800
JAG.TO,20240614,2.39,2.43,2.32,2.41,14177
JAPN.TO,20240614,48.97,49.01,48.97,49.01,550
JAPN.B.TO,20240614,33.65,33.65,33.49,33.49,200
JFS.UN.TO,20240614,25.09,25.1,24.55,24.58,8505
JOY.TO,20240614,3.04,3.06,2.97,3.04,160660
JWEL.TO,20240614,27.24,27.57,27.19,27.46,32386
K.TO,20240614,10.26,10.33,10.08,10.19,1716600
KBL.TO,20240614,32.11,32.25,31.32,31.79,9286
KEC.TO,20240614,13.11,13.11,13.1,13.11,600
KEG.UN.TO,20240614,13.56,13.75,13.51,13.74,5463
KEI.TO,20240614,4.63,4.63,4.54,4.54,3817
KEL.TO,20240614,6.07,6.12,6.02,6.05,352830
KEY.TO,20240614,36.86,36.99,36.37,36.59,1168333
KILO.TO,20240614,34.55,34.7,34.55,34.68,3297
KILO.B.TO,20240614,38.1,38.1,38.1,38.1,251
KILO.U.TO,20240614,36.05,36.16,36.05,36.16,200
KITS.TO,20240614,8.62,8.62,8.3,8.35,24386
KLS.TO,20240614,0.15,0.15,0.15,0.15,525
KMP.UN.TO,20240614,17.08,17.25,17,17.15,132655
KNGC.TO,20240614,9.46,9.46,9.46,9.46,2100
KNGU.TO,20240614,9.76,9.76,9.71,9.71,2360
KNT.TO,20240614,7.66,7.77,7.61,7.7,396030
KPT.TO,20240614,8.6,8.6,8.33,8.37,15675
KSI.TO,20240614,4.23,4.25,4.18,4.21,124700
KXS.TO,20240614,148.2,150.1,148.2,149.05,39686
L.TO,20240614,156.54,157,154.71,156.35,526769
L.PR.B.TO,20240614,21.7,21.7,21.56,21.56,935
LAAC.TO,20240614,5.48,5.49,5.17,5.23,224071
LABS.TO,20240614,0.075,0.08,0.075,0.075,254941
LAC.TO,20240614,4,4.01,3.8,3.83,760402
LAM.TO,20240614,0.77,0.77,0.72,0.76,78463
LAS.A.TO,20240614,144.98,147,144.98,147,2139
LB.TO,20240614,25.25,25.54,25.11,25.35,318584
LB.PR.H.TO,20240614,18.55,18.55,18.38,18.5,1458
LBS.TO,20240614,7.6,7.61,7.5,7.56,99496
LBS.PR.A.TO,20240614,10.29,10.29,10.25,10.25,16900
LCFS.TO,20240614,7.73,7.73,7.4,7.7,5015
LCS.TO,20240614,6.31,6.33,6.17,6.28,15022
LCS.PR.A.TO,20240614,10.15,10.2,10.15,10.19,1638
LEV.TO,20240614,1.48,1.5,1.44,1.45,175319
LEV.WT.TO,20240614,0.025,0.025,0.025,0.025,5000
LEV.WT.A.TO,20240614,0.25,0.25,0.225,0.225,3000
LFE.TO,20240614,4.29,4.29,4.23,4.26,5054
LFE.PR.B.TO,20240614,10.13,10.13,10.1,10.1,2000
LGD.TO,20240614,0.33,0.335,0.33,0.33,108855
LGO.TO,20240614,2.52,2.69,2.52,2.61,19150
LIF.TO,20240614,29.45,29.6,29.11,29.42,192518
LIFE.TO,20240614,21.55,21.68,21.55,21.67,20469
LIFE.B.TO,20240614,25.62,25.68,25.56,25.56,1701
LIRC.TO,20240614,6.44,6.45,6.4,6.45,4188
LMAX.TO,20240614,15.9,15.9,15.83,15.87,2612
LN.TO,20240614,0.38,0.38,0.355,0.355,56500
LNF.TO,20240614,22.04,22.04,21.59,21.72,15312
LNR.TO,20240614,68.1,68.1,66.46,67.15,77273
LONG.TO,20240614,34.67,34.67,34.67,34.67,100
LPAY.TO,20240614,28.02,28.03,28.02,28.03,3900
LPAY.U.TO,20240614,20.36,20.41,20.36,20.41,2600
LSPD.TO,20240614,20.34,20.58,20.12,20.17,504883
LUC.TO,20240614,0.32,0.34,0.32,0.34,24588
LUG.TO,20240614,18.82,18.96,18.73,18.88,337883
LUN.TO,20240614,14.65,14.76,14.42,14.7,1396325
MAG.TO,20240614,16.83,16.95,16.66,16.89,93495
MAL.TO,20240614,8.33,8.59,8.33,8.35,1800
MARI.TO,20240614,3.74,3.83,3.74,3.83,2150
MATR.TO,20240614,15.86,16,15.77,15.96,84448
MAYB.F.TO,20240614,42.1,42.11,42.1,42.11,300
MBX.TO,20240614,0.335,0.335,0.325,0.325,52500
MCAD.TO,20240614,100.25,100.25,100.25,100.25,5245
MCB.TO,20240614,2.1,2.1,2,2.01,29400
MCLC.TO,20240614,36.97,36.97,36.71,36.85,800
MCON.TO,20240614,21.17,21.17,21.17,21.17,475
MCSM.TO,20240614,38.62,38.62,38.5,38.5,3304
MDA.TO,20240614,12.17,12.28,12.06,12.11,175063
MDI.TO,20240614,8.71,8.88,8.58,8.78,64970
MDIV.TO,20240614,16.9,16.9,16.86,16.86,950
MDNA.TO,20240614,2.27,2.29,2.08,2.11,224260
MDP.TO,20240614,1.61,1.62,1.52,1.55,37685
MEG.TO,20240614,27.66,27.86,27.32,27.71,1175566
MEQ.TO,20240614,166.94,166.94,163.1,164.37,2381
MEQT.TO,20240614,22.86,22.86,22.86,22.86,100
MFC.TO,20240614,34.42,34.57,34.04,34.5,3585808
MFC.PR.B.TO,20240614,19.09,19.18,18.97,18.97,5377
MFC.PR.C.TO,20240614,18.38,18.56,18.38,18.5,4800
MFC.PR.F.TO,20240614,15.6,15.6,15.45,15.53,9369
MFC.PR.I.TO,20240614,22.77,22.77,22.7,22.76,6587
MFC.PR.J.TO,20240614,22.65,22.73,22.65,22.73,3860
MFC.PR.K.TO,20240614,22.61,22.61,22.55,22.55,800
MFC.PR.L.TO,20240614,20.61,20.8,20.6,20.7,3176
MFC.PR.M.TO,20240614,19.88,19.9,19.82,19.9,44531
MFC.PR.N.TO,20240614,19.6,19.61,19.31,19.31,5519
MFC.PR.P.TO,20240614,17.02,17.02,16.8,16.8,5339
MFC.PR.Q.TO,20240614,22.73,22.73,22.5,22.6,2435
MFI.TO,20240614,22.91,23.11,22.71,23.1,92870
MFT.TO,20240614,17.27,17.28,17.26,17.27,6218
MG.TO,20240614,58,58.09,56.76,57.97,842191
MGA.TO,20240614,0.35,0.355,0.335,0.35,146925
MGAB.TO,20240614,16.73,16.73,16.71,16.71,5100
MGB.TO,20240614,16.24,16.24,16.24,16.24,100
MGDV.TO,20240614,20.11,20.14,20.11,20.14,3300
MHC.U.TO,20240614,14,14.03,13.78,13.88,34445
MHC.UN.TO,20240614,19.4,19.4,18.95,19.11,1100
MHCD.TO,20240614,11.85,11.85,11.85,11.85,527
MI.UN.TO,20240614,15.03,15.04,14.77,14.97,39207
MIC.PR.A.TO,20240614,19,19,18.9,18.9,1577
MID.UN.TO,20240614,6.82,6.82,6.71,6.74,8008
MIN.TO,20240614,0.1525,0.1525,0.145,0.145,23886
MINN.TO,20240614,20.52,20.53,20.52,20.53,204
MINT.TO,20240614,37.98,38.71,37.98,38.06,56800
MIVG.TO,20240614,32.1,32.1,32.1,32.1,100
MKB.TO,20240614,19.02,19.04,18.99,19.04,9861
MKP.TO,20240614,15.87,15.98,15.77,15.98,34999
MKZ.UN.TO,20240614,0.315,0.335,0.31,0.335,8500
MMP.UN.TO,20240614,1.72,1.73,1.69,1.69,600
MND.TO,20240614,2.09,2.13,2.09,2.13,701
MNO.TO,20240614,0.46,0.465,0.445,0.445,196359
MNS.TO,20240614,22.85,22.88,22.82,22.88,2937
MNT.TO,20240614,32.53,32.62,32.45,32.55,6208
MNT.U.TO,20240614,23.84,23.84,23.84,23.84,100
MNU.U.TO,20240614,100.24,100.29,100.24,100.29,1745
MNY.TO,20240614,100.24,100.27,100.24,100.27,53214
MOGO.TO,20240614,2.06,2.06,1.98,2.02,29010
MPAY.TO,20240614,27.64,27.68,27.57,27.57,2745
MPC.TO,20240614,5.21,5.37,5.21,5.37,200
MPCT.UN.TO,20240614,3.75,3.88,3.75,3.86,8208
MPVD.TO,20240614,0.18,0.185,0.18,0.185,8750
MR.UN.TO,20240614,2.89,2.89,2.88,2.88,9944
MRC.TO,20240614,110.8,111,110.51,110.99,3486
MRD.TO,20240614,11.74,11.74,11.69,11.69,6169
MRE.TO,20240614,11.7,11.7,11.46,11.65,99616
MREL.TO,20240614,11.37,11.37,11.31,11.34,6758
MRG.DB.B.TO,20240614,99.51,99.51,99.01,99.25,256000
MRG.UN.TO,20240614,15.07,15.31,14.99,15.08,63929
MRT.DB.A.TO,20240614,95.04,95.3,95.04,95.3,17000
MRT.UN.TO,20240614,5.41,5.43,5.38,5.38,13344
MRU.TO,20240614,74.25,74.25,73.44,73.99,509487
MSA.TO,20240614,1.09,1.1,1.04,1.09,109077
MSCL.TO,20240614,0.55,0.55,0.54,0.54,13000
MSV.TO,20240614,0.2,0.2,0.2,0.2,20000
MTL.TO,20240614,12.88,12.9,12.77,12.86,174491
MTL.DB.TO,20240614,105.72,105.72,105.52,105.52,12000
MTY.TO,20240614,44.12,44.81,43.95,44.11,69436
MUB.TO,20240614,18.24,18.24,18.16,18.2,34235
MULC.TO,20240614,48.72,48.72,48.72,48.72,100
MUMC.TO,20240614,41.41,41.41,41.41,41.41,100
MUSC.TO,20240614,32.53,32.53,32.42,32.42,500
MUX.TO,20240614,14.17,14.26,13.91,14.26,14040
MX.TO,20240614,67.08,67.7,65.48,66.16,78703
MXG.TO,20240614,4.03,4.03,3.96,4,6894
NA.TO,20240614,107.28,107.36,106.1,106.43,2849544
NA.PR.C.TO,20240614,25.31,25.5,25.31,25.48,10758
NA.PR.E.TO,20240614,23.75,23.8,23.5,23.55,6800
NA.PR.G.TO,20240614,25.29,25.31,25.25,25.25,5644
NA.PR.S.TO,20240614,23.75,23.75,23.33,23.41,10341
NA.PR.W.TO,20240614,20.81,20.82,20.81,20.82,2676
NALT.TO,20240614,23.82,24.07,23.82,23.97,7897
NANO.TO,20240614,1.59,1.59,1.55,1.56,39848
NCP.TO,20240614,0.015,0.015,0.01,0.015,529050
NDIV.TO,20240614,30.32,30.32,30.32,30.32,100
NDM.TO,20240614,0.385,0.385,0.38,0.385,10700
NEO.TO,20240614,8.01,8.65,8.01,8.32,600612
NEXT.TO,20240614,0.85,0.87,0.8,0.87,54328
NFAM.TO,20240614,28.94,28.94,28.94,28.94,100
NFI.TO,20240614,15.8,16.02,15.7,15.96,139213
NFI.DB.TO,20240614,93,93,92.75,92.75,160000
NG.TO,20240614,4.78,4.85,4.74,4.8,117566
NGD.TO,20240614,2.71,2.76,2.7,2.72,809116
NGEX.TO,20240614,8.68,8.9,8.62,8.64,92291
NGPE.TO,20240614,44.95,45.11,44.89,44.89,4447
NGT.TO,20240614,56.2,56.56,55.8,56.06,172117
NHYB.TO,20240614,21.05,21.05,21.02,21.02,14319
NINT.TO,20240614,26.31,26.31,25.81,25.81,4500
NOA.TO,20240614,27.57,27.64,27.34,27.49,53646
NOA.DB.B.TO,20240614,120,120,120,120,25000
NOVC.TO,20240614,1.34,1.34,1.23,1.23,7440
NPI.TO,20240614,24.04,24.07,23.67,23.88,912187
NPI.PR.A.TO,20240614,16.63,16.75,16.63,16.75,300
NPI.PR.B.TO,20240614,18.82,18.82,18.82,18.82,1100
NPK.TO,20240614,0.93,0.93,0.87,0.89,24166
NPRF.TO,20240614,21.98,21.98,21.53,21.53,12200
NPS.TO,20240614,11.97,11.97,11.97,11.97,1400
NPS.PR.A.TO,20240614,10.34,10.34,10.28,10.28,6200
NRR.UN.TO,20240614,17.5,17.5,16.77,16.9,9419
NSCB.TO,20240614,22.34,22.34,22.34,22.34,2310
NSCC.TO,20240614,22.09,22.09,21.99,21.99,900
NSCE.TO,20240614,38.81,39.04,38.81,39.04,1308
NSGE.TO,20240614,39.71,39.87,39.71,39.8,700
NSSB.TO,20240614,9.87,9.87,9.87,9.87,100
NTR.TO,20240614,70.09,70.45,69.42,70.32,1448294
NUAG.TO,20240614,2.34,2.43,2.29,2.43,19410
NUBF.TO,20240614,21.1,21.17,21.09,21.17,15202
NUMI.TO,20240614,0.05,0.055,0.05,0.05,424751
NUSA.TO,20240614,42.22,42.38,42.22,42.31,2975
NVA.TO,20240614,13.45,13.52,13.29,13.42,467107
NVEI.TO,20240614,44.03,44.23,44.03,44.13,218647
NVO.TO,20240614,0.12,0.12,0.12,0.12,97500
NWC.TO,20240614,42.8,43.28,42.49,42.76,64559
NWH.DB.G.TO,20240614,100.01,100.01,100,100,68000
NWH.DB.H.TO,20240614,82.31,82.5,82,82,90000
NWH.DB.I.TO,20240614,85.94,85.94,84.15,84.15,65000
NWH.UN.TO,20240614,4.88,4.92,4.82,4.86,330756
NXE.TO,20240614,9.69,9.88,9.62,9.68,1130469
NXF.TO,20240614,6.03,6.03,5.96,5.98,48843
NXR.UN.TO,20240614,7.06,7.06,6.97,6.98,68091
OBE.TO,20240614,9.69,9.73,9.56,9.7,154506
OGC.TO,20240614,3.19,3.26,3.17,3.23,2259308
OGI.TO,20240614,2.14,2.14,2.09,2.12,120642
OLA.TO,20240614,5.5,5.5,5.35,5.38,115644
OLY.TO,20240614,97.8,99.5,97.6,98,5138
ONC.TO,20240614,1.4,1.42,1.39,1.4,10118
ONEC.TO,20240614,21.75,21.76,21.75,21.76,2000
ONEX.TO,20240614,94.95,95.8,93.76,94.31,106471
OPT.TO,20240614,5.57,6.5,5.57,6.5,4200
OR.TO,20240614,22.67,22.84,22.38,22.48,199631
ORA.TO,20240614,12.16,13,12.16,13,12135
ORE.TO,20240614,0.67,0.7,0.67,0.68,284612
ORV.TO,20240614,0.22,0.22,0.22,0.22,5500
OSK.TO,20240614,3,3.04,2.93,2.94,430925
OTEX.TO,20240614,38.97,39.72,38.89,39.51,739900
OVV.TO,20240614,64.32,64.32,62.65,62.91,85635
PAAS.TO,20240614,27.45,27.55,26.76,27.31,580229
PABF.TO,20240614,22.41,22.41,22.41,22.41,3800
PACF.TO,20240614,22.06,22.06,22.06,22.06,2900
PAGF.TO,20240614,22.96,22.96,22.96,22.96,900
PAY.TO,20240614,6.24,6.28,6.15,6.22,101951
PAYF.TO,20240614,18.58,18.58,18.58,18.58,200
PAYS.TO,20240614,20.13,20.13,20.13,20.13,1500
PBH.TO,20240614,88.15,88.15,87.5,87.66,30894
PBH.DB.G.TO,20240614,98.14,98.81,98,98.81,75000
PBH.DB.H.TO,20240614,92.5,93,91.51,92,207000
PBH.DB.I.TO,20240614,93.01,93.5,92.28,92.41,446000
PBI.B.TO,20240614,52.16,52.16,52.16,52.16,100
PBL.TO,20240614,31.61,32.21,31.6,32.21,2800
PBY.UN.TO,20240614,15.09,15.12,15.02,15.02,6800
PD.TO,20240614,91.13,91.62,89.87,90.06,64552
PDC.TO,20240614,30.1,30.1,29.86,30.04,18808
PDF.TO,20240614,30.22,30.35,30.18,30.3,6201
PDIV.TO,20240614,9.18,9.18,9.13,9.15,10392
PDV.TO,20240614,6.4,6.4,6.35,6.35,5163
PEA.TO,20240614,0.365,0.38,0.36,0.36,13000
PET.TO,20240614,26.05,26.41,25.53,25.61,63063
PEY.TO,20240614,14.86,14.93,14.62,14.7,622575
PFAA.TO,20240614,11.26,11.26,11.14,11.15,1357
PFAE.TO,20240614,17.72,17.72,17.72,17.72,300
PFCB.TO,20240614,10.43,10.43,10.43,10.43,100
PFH.F.TO,20240614,17.79,17.79,17.79,17.79,1800
PFIA.TO,20240614,9.84,9.86,9.84,9.85,11000
PFL.TO,20240614,19.61,19.62,19.61,19.61,30882
PFMN.TO,20240614,14.52,14.52,14.47,14.48,2800
PGI.UN.TO,20240614,7.42,7.45,7.39,7.39,22525
PHE.B.TO,20240614,38.47,38.47,38.35,38.41,14250
PHR.TO,20240614,18.01,18.07,18.01,18.07,400
PHX.TO,20240614,9.16,9.16,8.68,8.7,89940
PHYS.TO,20240614,24.86,24.95,24.83,24.9,117581
PHYS.U.TO,20240614,18.1,18.14,18.1,18.14,650
PIC.A.TO,20240614,3.9,3.99,3.85,3.91,28420
PIC.PR.A.TO,20240614,14.4,14.42,14.38,14.4,17000
PID.TO,20240614,22.76,22.81,22.72,22.81,7700
PIF.TO,20240614,13.07,13.17,12.98,13.06,30576
PINC.TO,20240614,16.86,16.88,16.86,16.88,1200
PIX.UN.TO,20240614,7.98,7.98,7.87,7.9,5600
PKI.TO,20240614,38.87,39.15,38.59,38.71,720297
PLV.TO,20240614,23.03,23.05,23.03,23.05,600
PLZ.UN.TO,20240614,3.53,3.57,3.47,3.52,24488
PME.TO,20240614,2.05,2.11,2.05,2.08,642
PMET.TO,20240614,6.43,6.44,6.08,6.08,320233
PMIF.TO,20240614,18.07,18.13,18.07,18.13,83971
PMIF.U.TO,20240614,19.29,19.29,19.24,19.28,10900
PMM.TO,20240614,22.72,22.8,22.68,22.68,1000
PMNT.TO,20240614,19.26,19.26,19.26,19.26,154
PMT.TO,20240614,0.46,0.46,0.46,0.46,1500
PMZ.UN.TO,20240614,13.46,13.57,13.4,13.46,161926
PNC.A.TO,20240614,1.29,1.29,1.29,1.29,100
PNE.TO,20240614,1.06,1.07,1.05,1.07,301014
PNP.TO,20240614,5.93,6.05,5.92,5.92,164126
POU.TO,20240614,31.17,31.36,30.83,31.26,191667
POW.TO,20240614,38.4,38.49,38.02,38.45,4188255
POW.PR.A.TO,20240614,21.41,21.42,21.41,21.42,3300
POW.PR.B.TO,20240614,20.4,20.46,20.4,20.4,2300
POW.PR.C.TO,20240614,22.5,22.5,22.2,22.3,2250
POW.PR.D.TO,20240614,19.34,19.35,19.17,19.17,1600
POW.PR.G.TO,20240614,21.29,21.38,21.28,21.38,20197
PPL.TO,20240614,50.73,50.98,50.43,50.92,4569910
PPL.PF.A.TO,20240614,21.99,22.09,21.94,22,1438
PPL.PF.E.TO,20240614,22.98,23,22.8,22.8,7065
PPL.PR.A.TO,20240614,20.04,20.15,19.9,19.91,4595
PPL.PR.C.TO,20240614,18.91,18.95,18.66,18.66,4565
PPL.PR.E.TO,20240614,21,21.01,21,21,3235
PPL.PR.G.TO,20240614,19,19.15,18.94,19.12,20938
PPL.PR.I.TO,20240614,22.2,22.55,22,22.55,7922
PPL.PR.O.TO,20240614,20.2,20.61,20.18,20.61,3028
PPL.PR.Q.TO,20240614,20.91,20.91,20.75,20.88,3100
PPL.PR.S.TO,20240614,23.44,23.45,23.2,23.45,2930
PPLN.TO,20240614,10.5,10.52,10.49,10.52,2201
PPR.TO,20240614,0.05,0.05,0.05,0.05,76750
PPTA.TO,20240614,9.08,9.19,9.08,9.14,11936
PR.TO,20240614,9.19,9.19,9.19,9.19,500
PRA.TO,20240614,27.66,27.69,27.66,27.69,1802
PRB.TO,20240614,1.28,1.33,1.28,1.3,22100
PRL.TO,20240614,23.01,23.16,22.35,22.89,52576
PRM.TO,20240614,14.16,14.16,14.15,14.15,1200
PRMW.TO,20240614,31.1,31.1,30.5,30.66,122679
PRN.TO,20240614,12,12.05,11.07,11.07,4879
PRQ.TO,20240614,1.32,1.35,1.3,1.35,25278
PRU.TO,20240614,2.11,2.12,2.11,2.12,4950
PRV.DB.TO,20240614,98.12,98.12,98.11,98.11,14000
PRV.UN.TO,20240614,5.04,5.12,4.99,5.04,59354
PRYM.TO,20240614,1.88,2,1.88,2,92796
PSA.TO,20240614,50.11,50.12,50.11,50.12,79215
PSB.TO,20240614,17.36,17.38,17.36,17.38,9300
PSD.TO,20240614,2.32,2.34,2.28,2.34,7100
PSI.TO,20240614,16.85,17.23,16.61,17.16,112814
PSK.TO,20240614,26.06,26.16,25.89,26.07,353059
PSLV.TO,20240614,13.52,13.67,13.46,13.66,51907
PSU.U.TO,20240614,100.26,100.26,100.25,100.26,1410
PTI.UN.TO,20240614,6.72,6.72,6.5,6.51,26750
PTM.TO,20240614,2.36,2.36,2.24,2.29,4520
PTO.UN.TO,20240614,7.3,7.3,7.2,7.24,19730
PVS.PR.G.TO,20240614,24.5,24.5,24.27,24.27,2800
PVS.PR.H.TO,20240614,24.05,24.05,24.05,24.05,2000
PVS.PR.I.TO,20240614,24.41,24.41,24.25,24.25,3019
PVS.PR.J.TO,20240614,23.5,23.68,23.36,23.4,2301
PVS.PR.K.TO,20240614,22.83,23,22.82,23,4900
PWF.PF.A.TO,20240614,17.8,17.8,17.79,17.8,4277
PWF.PR.E.TO,20240614,21.01,21.01,20.91,20.91,4110
PWF.PR.F.TO,20240614,20.2,20.2,20.02,20.06,3072
PWF.PR.G.TO,20240614,22.86,22.89,22.69,22.8,11058
PWF.PR.H.TO,20240614,21.9,22,21.9,21.92,7354
PWF.PR.K.TO,20240614,19.12,19.12,18.9,18.9,4663
PWF.PR.L.TO,20240614,19.55,19.62,19.5,19.5,3300
PWF.PR.O.TO,20240614,22.27,22.35,22,22.07,7800
PWF.PR.P.TO,20240614,14.68,14.68,14.68,14.68,100
PWF.PR.Q.TO,20240614,16.41,16.41,16.31,16.31,1400
PWF.PR.R.TO,20240614,21.05,21.05,20.9,20.9,4679
PWF.PR.S.TO,20240614,18.7,18.7,18.44,18.44,4208
PWF.PR.T.TO,20240614,21.7,21.7,21.5,21.5,1900
PWF.PR.Z.TO,20240614,19.8,19.89,19.7,19.7,5200
PWI.TO,20240614,7.91,8.03,7.85,7.86,7501
PXC.TO,20240614,36.78,36.78,36.56,36.57,4700
PXS.TO,20240614,44.9,44.9,44.86,44.86,1300
PXT.TO,20240614,21.51,21.55,21.28,21.32,349529
PXU.F.TO,20240614,59.21,59.21,59.21,59.21,100
PYF.TO,20240614,17.19,17.21,17.19,17.21,1350
PYR.TO,20240614,0.65,0.69,0.64,0.64,106495
PZA.TO,20240614,13.21,13.25,13.04,13.18,52901
QAH.TO,20240614,179.37,179.37,179.22,179.34,500
QASH.TO,20240614,50.21,50.21,50.21,50.21,768
QBB.TO,20240614,92.58,92.61,92.46,92.55,826
QBR.A.TO,20240614,29,29,29,29,500
QBR.B.TO,20240614,29.19,29.22,28.73,29.12,1032244
QBTC.TO,20240614,86.01,87.99,84.62,84.97,13655
QBTC.U.TO,20240614,62.66,63.6,61.89,61.89,973
QBTL.TO,20240614,19.63,19.68,19.63,19.68,869
QCE.TO,20240614,131.31,131.57,131.31,131.57,425
QCLN.TO,20240614,16.35,16.35,16.35,16.35,187
QCN.TO,20240614,132.08,132.64,132.08,132.64,5175
QDX.TO,20240614,118,118,117.72,117.98,7600
QDXB.TO,20240614,88.4,88.4,87.8,87.8,214
QDXH.TO,20240614,134.31,134.35,134.31,134.35,300
QEBH.TO,20240614,77.59,77.59,76.98,76.98,244
QEBL.TO,20240614,71.15,71.15,69.31,69.31,326
QEE.TO,20240614,92.09,92.18,92.09,92.18,200
QETH.U.TO,20240614,51.92,51.92,51.92,51.92,141
QETH.UN.TO,20240614,67.03,72,67.03,68,5572
QHY.TO,20240614,83.71,83.71,83.71,83.71,100
QIE.TO,20240614,32.03,32.03,31.92,31.92,8300
QINF.TO,20240614,120.89,121.24,120.89,121.24,200
QIPT.TO,20240614,4.54,4.54,4.42,4.46,26064
QMAX.TO,20240614,21,21.13,21,21.03,32335
QQC.TO,20240614,32.08,32.16,32,32.16,65834
QQC.F.TO,20240614,156,156.73,155.96,156.73,9736
QQCC.TO,20240614,12.12,12.25,12.12,12.19,14352
QQCE.TO,20240614,27.6,27.62,27.51,27.62,403
QQCL.TO,20240614,23.19,23.3,23.11,23.18,7166
QQEQ.TO,20240614,26.24,26.28,26.23,26.28,2001
QQJE.TO,20240614,18.56,18.56,18.56,18.56,100
QQQT.TO,20240614,30.56,30.78,30.56,30.76,7049
QQQT.B.TO,20240614,32.13,32.19,32.06,32.19,400
QQQT.U.TO,20240614,30.95,30.95,30.84,30.91,406
QQQX.TO,20240614,29.5,29.5,29.5,29.5,768
QQQX.U.TO,20240614,21.34,21.46,21.34,21.46,1600
QQQY.TO,20240614,27.28,27.45,27.28,27.43,4887
QRC.TO,20240614,0.84,0.85,0.84,0.84,67500
QSB.TO,20240614,97.54,97.54,97.54,97.54,100
QSR.TO,20240614,94.88,95.48,93.85,94.65,647706
QTRH.TO,20240614,1.9,1.9,1.82,1.86,60595
QUB.TO,20240614,81.82,81.82,81.49,81.49,546
QUU.TO,20240614,214.01,214.05,213.83,214.05,3375
QUU.U.TO,20240614,155.27,155.27,155.27,155.27,100
QXM.TO,20240614,28.16,28.16,27.9,27.99,2834
RA.UN.TO,20240614,7.08,7.08,7.03,7.03,5000
RATE.TO,20240614,21.07,21.07,21.07,21.07,3800
RAY.A.TO,20240614,7.62,7.75,7.53,7.62,38013
RAY.B.TO,20240614,7.55,7.55,7.55,7.55,100
RBA.TO,20240614,109.26,109.86,107.69,109.75,308115
RBN.UN.TO,20240614,7.82,7.82,7.72,7.73,13550
RBNK.TO,20240614,23.38,23.38,23.16,23.27,27066
RBOT.TO,20240614,30.45,30.45,30.29,30.29,1897
RBY.TO,20240614,2.17,2.24,2.17,2.24,6600
RCD.TO,20240614,25.99,25.99,25.86,25.95,6990
RCDC.TO,20240614,19.45,19.45,19.45,19.45,600
RCG.TO,20240614,7.8,7.9,7.8,7.9,3100
RCG.PR.B.TO,20240614,11.92,11.95,11.91,11.95,2150
RCH.TO,20240614,40.18,40.28,39.64,40.15,27060
RCI.A.TO,20240614,55.8,56.2,55.8,56.2,534
RCI.B.TO,20240614,51.89,52.1,51.16,51.93,1260224
REAL.TO,20240614,6.1,6.36,6.1,6.23,97184
REI.UN.TO,20240614,16.71,16.81,16.6,16.7,590704
RGQN.TO,20240614,20.22,20.22,20.22,20.22,900
RGQO.TO,20240614,20.18,20.18,20.18,20.18,908
RGQP.TO,20240614,19.98,19.98,19.97,19.97,1118
RGQQ.TO,20240614,19.88,19.88,19.85,19.85,1700
RGQR.TO,20240614,19.82,19.82,19.82,19.82,5400
RID.TO,20240614,26.25,26.25,26.17,26.17,2200
RID.U.TO,20240614,18.98,18.98,18.98,18.98,300
RIDH.TO,20240614,28.98,28.98,28.97,28.97,1100
RIFI.TO,20240614,17.81,17.81,17.81,17.81,300
RIT.TO,20240614,15.14,15.14,15.01,15.03,9747
ROOT.TO,20240614,2.17,2.25,2.17,2.17,4300
RPD.TO,20240614,25.69,25.69,25.69,25.69,2271
RPF.TO,20240614,19.7,19.7,19.63,19.64,6300
RPI.UN.TO,20240614,29.8,30.04,29.52,29.82,25065
RQN.TO,20240614,20.24,20.24,20.23,20.23,66647
RQO.TO,20240614,18.34,18.35,18.33,18.34,48400
RQP.TO,20240614,17.87,17.89,17.87,17.89,9183
RQQ.TO,20240614,21.54,21.54,21.5,21.52,12359
RQR.TO,20240614,21.35,21.36,21.34,21.34,8248
RQS.TO,20240614,20.62,20.62,20.59,20.59,4047
RS.TO,20240614,11.88,11.88,11.75,11.79,13380
RS.PR.A.TO,20240614,9.91,9.91,9.83,9.85,11300
RSI.TO,20240614,5.61,5.69,5.61,5.66,174330
RSI.DB.E.TO,20240614,99.15,99.15,99.15,99.15,15000
RTG.TO,20240614,0.04,0.045,0.04,0.045,2000
RUBY.TO,20240614,19.03,19.03,19.03,19.03,100
RUBY.U.TO,20240614,13.94,13.94,13.94,13.94,100
RUD.TO,20240614,67.95,67.95,67.64,67.64,10334
RUD.U.TO,20240614,49.23,49.23,49.23,49.23,100
RUDB.U.TO,20240614,15.02,15.02,15.02,15.02,131
RUDH.TO,20240614,47.24,47.24,46.94,46.96,2011
RUP.TO,20240614,3.83,3.83,3.76,3.78,11950
RUQN.U.TO,20240614,14.69,14.69,14.68,14.68,7300
RUQO.U.TO,20240614,14.72,14.72,14.72,14.72,150
RUQS.TO,20240614,20.63,20.63,20.63,20.63,900
RUS.TO,20240614,37.33,37.72,37,37.28,248064
RUSB.U.TO,20240614,15.25,15.25,15.25,15.25,300
RVX.TO,20240614,0.05,0.05,0.05,0.05,3000
RY.TO,20240614,142.89,142.95,141.05,142.87,2647661
RY.PR.J.TO,20240614,23.41,23.45,23.4,23.42,17397
RY.PR.M.TO,20240614,22.33,22.35,22.12,22.12,5500
RY.PR.O.TO,20240614,22.9,22.9,22.5,22.74,2570
RY.PR.S.TO,20240614,23.9,23.9,23.9,23.9,1152
S.TO,20240614,0.295,0.295,0.27,0.27,295700
SAP.TO,20240614,29.35,29.54,29.25,29.37,395875
SBC.TO,20240614,8.81,8.87,8.66,8.75,26322
SBC.PR.A.TO,20240614,10.11,10.12,10.11,10.12,2200
SBI.TO,20240614,1.16,1.16,1.16,1.16,1600
SBT.TO,20240614,15.4,15.45,15.4,15.45,300
SBT.B.TO,20240614,21.5,21.5,21.5,21.5,250
SCR.TO,20240614,31.09,31.24,30.88,31.1,32839
SCY.TO,20240614,0.015,0.015,0.015,0.015,10000
SDE.TO,20240614,4.05,4.09,4.04,4.09,225491
SEA.TO,20240614,19.95,19.97,19.73,19.88,28632
SEC.TO,20240614,330,330,330,330,400
SES.TO,20240614,11.41,11.65,11.37,11.53,800281
SFC.TO,20240614,6.54,6.54,6.4,6.4,7100
SFD.TO,20240614,0.155,0.155,0.155,0.155,5000
SFI.TO,20240614,0.28,0.28,0.28,0.28,10000
SFTC.TO,20240614,17,17,16.76,17,10413
SGLD.TO,20240614,0.135,0.135,0.135,0.135,7201
SGNL.TO,20240614,0.1,0.1,0.095,0.095,14000
SGR.U.TO,20240614,8.15,8.16,8.1,8.1,6800
SGR.UN.TO,20240614,11.22,11.22,11.1,11.13,83191
SGY.TO,20240614,6.79,6.8,6.65,6.78,322323
SHLE.TO,20240614,9.51,10.45,9.51,9.83,18257
SHOP.TO,20240614,90.76,93.68,90.13,92.94,2550300
SIA.TO,20240614,14.29,14.4,14.22,14.28,312130
SII.TO,20240614,56.5,56.91,56.24,56.57,32251
SIL.TO,20240614,11.01,11.19,10.91,11.17,254885
SIS.TO,20240614,17.93,17.97,17.75,17.84,49752
SJ.TO,20240614,85.2,85.67,84.35,85,96513
SKE.TO,20240614,6.16,6.25,6.1,6.19,178106
SKYY.TO,20240614,22.26,22.26,22.21,22.21,200
SLF.TO,20240614,64.73,65.41,64.6,65.34,2378746
SLF.PR.C.TO,20240614,18.56,18.93,18.56,18.77,53383
SLF.PR.D.TO,20240614,18.73,18.77,18.7,18.7,2200
SLF.PR.E.TO,20240614,18.85,18.91,18.76,18.9,7154
SLF.PR.H.TO,20240614,18.32,18.61,18,18.08,9475
SLF.PR.J.TO,20240614,16.67,16.67,16.61,16.65,8000
SLF.PR.K.TO,20240614,19.25,19.25,19.25,19.25,100
SLR.TO,20240614,1.16,1.16,1.14,1.15,2300
SLS.TO,20240614,4.58,4.58,4.23,4.23,261820
SMAX.TO,20240614,18.52,18.58,18.5,18.54,4884
SMT.TO,20240614,0.89,0.9,0.87,0.88,86513
SOIL.TO,20240614,2.59,2.59,2.5,2.51,87609
SOLG.TO,20240614,0.155,0.155,0.155,0.155,13235
SOT.DB.TO,20240614,45,45,45,45,10000
SOT.DB.A.TO,20240614,26.98,27,22,22,98000
SOT.DB.B.TO,20240614,25.02,25.02,24,24,10000
SOT.UN.TO,20240614,0.44,0.44,0.41,0.415,58611
SOY.TO,20240614,7.63,7.63,7.47,7.52,11073
SPAY.TO,20240614,27.3,27.31,27.22,27.22,14544
SPAY.U.TO,20240614,19.81,19.81,19.81,19.81,1000
SPB.TO,20240614,9.05,9.14,9,9.07,1145925
SPLT.TO,20240614,10.48,10.48,10.44,10.45,29135
SPPP.TO,20240614,12.85,12.92,12.85,12.85,9673
SRU.UN.TO,20240614,22.12,22.15,21.95,21.99,209090
SRV.UN.TO,20240614,12.8,12.85,12.75,12.8,4902
SSF.UN.TO,20240614,6.93,6.93,6.86,6.92,6200
SSL.TO,20240614,7.4,7.48,7.32,7.47,283040
SSRM.TO,20240614,6.53,6.61,6.36,6.37,292422
STC.TO,20240614,7.8,7.8,7.47,7.6,12276
STEP.TO,20240614,4.08,4.08,4,4,40619
STGO.TO,20240614,0.6,0.61,0.6,0.61,11100
STLC.TO,20240614,37,37.5,36.75,37.15,632952
STLR.TO,20240614,1.22,1.24,1.2,1.21,42650
STN.TO,20240614,113,114,113,113.27,267908
STPL.TO,20240614,23.48,23.54,23.44,23.49,2554
SU.TO,20240614,50.46,50.52,49.91,50.26,12368670
SVA.TO,20240614,0.36,0.36,0.34,0.34,234471
SVI.TO,20240614,4.69,4.72,4.64,4.65,102514
SVI.DB.TO,20240614,97,97,97,97,300000
SVM.TO,20240614,4.74,4.77,4.69,4.77,182633
SVR.TO,20240614,14.1,14.3,14.1,14.3,3260
SVR.C.TO,20240614,15.44,15.44,15.44,15.44,501
SWP.TO,20240614,3.6,3.63,3.6,3.63,1401
SXP.TO,20240614,3.75,3.78,3.75,3.75,5100
SYLD.TO,20240614,18.45,18.47,18.45,18.47,600
SYZ.TO,20240614,10.22,10.46,10.17,10.2,13796
T.TO,20240614,21.6,21.75,21.38,21.72,3533164
TA.TO,20240614,9.5,9.55,9.41,9.54,510597
TA.PR.D.TO,20240614,14.35,14.35,14.29,14.3,3000
TA.PR.E.TO,20240614,16.03,16.03,15.82,15.82,1753
TA.PR.F.TO,20240614,18.2,18.25,18.19,18.2,7300
TA.PR.H.TO,20240614,21.68,21.68,21.04,21.05,1675
TA.PR.J.TO,20240614,22.55,22.69,22.5,22.55,5924
TAL.TO,20240614,0.71,0.73,0.7,0.73,880464
TBAL.TO,20240614,17.74,17.76,17.72,17.74,26701
TBCE.TO,20240614,25.19,25.19,25.18,25.19,948
TBCF.TO,20240614,25.24,25.25,25.24,25.25,800
TBCG.TO,20240614,25.35,25.35,25.32,25.34,2100
TBL.TO,20240614,3.6,3.77,3.6,3.65,2630
TBNK.TO,20240614,25.07,25.07,24.83,24.99,5292
TBUE.U.TO,20240614,25.05,25.05,25.05,25.05,200
TBUF.U.TO,20240614,25.04,25.04,25.04,25.04,1400
TBUG.U.TO,20240614,25.13,25.13,25.13,25.13,200
TC.TO,20240614,28,28.46,27.85,28.46,1452
TCL.A.TO,20240614,14.8,14.8,14.62,14.73,105975
TCLB.TO,20240614,121.21,121.54,121.2,121.54,500
TCLV.TO,20240614,19.64,19.68,19.64,19.68,401
TCON.TO,20240614,14.96,14.96,14.96,14.96,16200
TCS.TO,20240614,37.7,37.7,35.5,36.01,3575
TCSB.TO,20240614,14.53,14.54,14.51,14.51,4900
TCSH.TO,20240614,50.15,50.15,50.14,50.15,27611
TCW.TO,20240614,4.52,4.54,4.42,4.53,988329
TD.TO,20240614,74.22,74.57,73.68,74.53,5775678
TD.PF.A.TO,20240614,23.54,23.56,23.22,23.22,4213
TD.PF.C.TO,20240614,22.4,22.41,22.4,22.41,27107
TD.PF.D.TO,20240614,22.55,22.55,22.52,22.52,484
TD.PF.E.TO,20240614,22.5,22.5,22.3,22.43,12051
TD.PF.I.TO,20240614,24.99,25.06,24.92,25.06,4100
TD.PF.J.TO,20240614,23.75,23.77,23.67,23.77,930
TDB.TO,20240614,12.98,13,12.98,12.99,56769
TDOC.TO,20240614,18.45,18.45,18.29,18.34,2201
TDOC.U.TO,20240614,13.57,13.57,13.57,13.57,100
TEC.TO,20240614,39.65,39.85,39.55,39.8,88428
TEC.U.TO,20240614,28.95,28.95,28.95,28.95,120
TECH.TO,20240614,15.31,15.38,15.31,15.36,5921
TECH.B.TO,20240614,17.67,17.71,17.67,17.69,1100
TECH.U.TO,20240614,15.87,15.87,15.83,15.83,300
TECI.TO,20240614,7.52,7.52,7.52,7.52,2200
TECK.A.TO,20240614,65.01,65.04,65,65,600
TECK.B.TO,20240614,64.9,66.17,64.8,65.61,912192
TECX.TO,20240614,26.93,26.93,26.93,26.93,231
TERM.TO,20240614,9.45,9.45,9.44,9.45,11450
TF.TO,20240614,7.16,7.29,7.13,7.2,111042
TF.DB.F.TO,20240614,98,98.25,97.52,98,291000
TFII.TO,20240614,189,189.62,186.71,188.9,200785
TFPM.TO,20240614,20.7,20.79,20.4,20.7,80170
TGAF.TO,20240614,21.45,21.52,21.45,21.52,1400
TGED.TO,20240614,24.71,24.71,24.56,24.62,31054
TGED.U.TO,20240614,17.88,17.88,17.8,17.8,2400
TGFI.TO,20240614,20.37,20.37,20.37,20.37,200
TGGR.TO,20240614,26.5,26.5,26.45,26.45,300
TGO.TO,20240614,2.33,2.38,2.16,2.28,1451
TGRE.TO,20240614,13.82,13.82,13.78,13.78,673
TGRO.TO,20240614,20.87,20.9,20.83,20.87,16505
TH.TO,20240614,1.75,1.78,1.7,1.76,11487
The.TO,20240614,25.47,25.58,25.44,25.44,3829
THNC.TO,20240614,3.55,3.72,3.55,3.68,43392
THU.TO,20240614,36.11,36.24,36.11,36.24,37599
TI.TO,20240614,0.265,0.27,0.25,0.25,27030
TIH.TO,20240614,117.75,118.13,116.93,117.56,156056
TINF.TO,20240614,18.77,18.77,18.74,18.74,3120
TIPS.F.TO,20240614,28.56,28.6,28.56,28.6,2500
TIXT.TO,20240614,8,8.08,7.88,8.08,190946
TKN.TO,20240614,19.75,19.79,19.54,19.55,3986
TKN.U.TO,20240614,14.26,14.26,14.26,14.26,200
TKO.TO,20240614,3.13,3.28,3.13,3.21,364798
TLF.TO,20240614,24.64,24.83,24.64,24.81,1300
TLF.U.TO,20240614,26.8,26.89,26.8,26.89,200
TLG.TO,20240614,0.38,0.38,0.375,0.375,177500
TLO.TO,20240614,0.155,0.155,0.1425,0.15,582816
TLRY.TO,20240614,2.39,2.39,2.31,2.33,765149
TLV.TO,20240614,29.15,29.19,29.14,29.19,701
TMD.TO,20240614,0.055,0.06,0.05,0.05,34960
TMQ.TO,20240614,0.63,0.63,0.6,0.61,23800
TNT.UN.TO,20240614,8.44,8.58,8.32,8.58,20178
TNZ.TO,20240614,3.53,3.53,3.41,3.52,12920
TOT.TO,20240614,9.57,9.6,9.39,9.42,33164
TOU.TO,20240614,63.53,63.56,62.52,63.13,2040849
TOY.TO,20240614,29.19,29.53,28.91,29.14,65205
TPE.TO,20240614,21.92,22.05,21.92,21.99,11664
TPRF.TO,20240614,10.01,10.08,9.99,9.99,20600
TPU.TO,20240614,42.11,42.21,42.05,42.17,56725
TPU.U.TO,20240614,31.02,31.06,31.02,31.06,1900
TPZ.TO,20240614,22.33,22.73,22.33,22.59,280120
TQCD.TO,20240614,16.43,16.43,16.32,16.39,20322
TQGD.TO,20240614,18.99,18.99,18.82,18.83,8812
TQSM.TO,20240614,22.41,22.41,22.14,22.2,26665
TRI.TO,20240614,230.69,231.34,229.03,229.65,626618
TRI.PR.B.TO,20240614,13.99,13.99,13.91,13.99,2400
TRP.TO,20240614,53.32,53.33,52.71,53.25,5571948
TRP.PR.A.TO,20240614,16.27,16.27,16.05,16.06,3150
TRP.PR.B.TO,20240614,12.47,12.48,12.35,12.44,3277
TRP.PR.C.TO,20240614,12.62,12.64,12.6,12.6,4947
TRP.PR.D.TO,20240614,18.68,18.8,18.65,18.71,19600
TRP.PR.E.TO,20240614,18.14,18.14,17.81,18.02,6979
TRP.PR.F.TO,20240614,16.4,16.4,16.19,16.19,10933
TRP.PR.G.TO,20240614,18.61,18.61,18.6,18.6,2000
TRP.PR.H.TO,20240614,13.85,13.85,13.82,13.82,3560
TRP.PR.I.TO,20240614,15,15,14.75,14.75,710
TRVL.TO,20240614,24.4,24.4,24.15,24.27,4213
TRZ.TO,20240614,2.65,2.65,2.6,2.63,83966
TSAT.TO,20240614,11.05,11.13,11,11,700
TSK.TO,20240614,0.49,0.5,0.49,0.5,15500
TSL.TO,20240614,3.06,3.07,3.03,3.07,500
TSND.TO,20240614,1.96,1.96,1.79,1.85,119933
TSU.TO,20240614,42.34,42.39,41.75,42.07,56016
TTNM.TO,20240614,2.21,2.21,2.21,2.21,2454
TTP.TO,20240614,24.86,24.86,24.69,24.84,35989
TTTX.TO,20240614,22.13,22.13,22.13,22.13,126
TUED.TO,20240614,27.37,27.37,27.23,27.32,34451
TUED.U.TO,20240614,19.82,19.82,19.82,19.82,500
TUEX.TO,20240614,25.01,25.03,25,25,2301
TUHY.TO,20240614,20.81,20.81,20.67,20.78,1500
TULB.TO,20240614,116.92,116.92,116.92,116.92,100
TULV.TO,20240614,19.6,19.62,19.6,19.62,800
TUSB.TO,20240614,14.01,14.01,14.01,14.01,800
TVA.B.TO,20240614,1.25,1.25,1.25,1.25,100
TVE.TO,20240614,3.51,3.55,3.49,3.51,979145
TVK.TO,20240614,73.33,73.56,70.63,71.2,60310
TWC.TO,20240614,18.49,18.5,18.49,18.5,5072
TWM.TO,20240614,0.58,0.59,0.58,0.59,339617
TXF.TO,20240614,22.15,22.3,22.15,22.29,26925
TXF.B.TO,20240614,27.64,27.78,27.64,27.78,400
TXF.U.TO,20240614,11.69,11.69,11.69,11.69,100
TXG.TO,20240614,20.67,20.83,20.25,20.6,154308
TXP.TO,20240614,0.55,0.57,0.54,0.54,84922
U.U.TO,20240614,18.95,19.27,18.84,18.97,17019
U.UN.TO,20240614,25.92,26.54,25.84,26.09,482774
UBIL.U.TO,20240614,50.09,50.09,50.08,50.08,3194
UCSH.U.TO,20240614,50.12,50.12,50.12,50.12,300
UDA.TO,20240614,16.46,16.46,16.46,16.46,100
UDEF.TO,20240614,9.3,9.3,9.3,9.3,100
UDIV.TO,20240614,12.7,12.74,12.7,12.74,2200
ULV.U.TO,20240614,23.71,23.71,23.71,23.71,100
UMAX.TO,20240614,14.25,14.25,14.1,14.21,78042
UMI.TO,20240614,31.29,31.29,30.93,30.93,500
UMI.B.TO,20240614,38.43,38.43,38.43,38.43,100
UNC.TO,20240614,118.08,119,118.05,118.7,5000
UNI.TO,20240614,1.74,1.79,1.72,1.79,8000
URB.TO,20240614,5.5,5.5,5.5,5.5,749
URB.A.TO,20240614,4.77,4.8,4.72,4.74,4451
URC.TO,20240614,3.38,3.39,3.27,3.29,68182
URC.WT.TO,20240614,1.36,1.36,1.34,1.34,1800
URE.TO,20240614,2.08,2.08,2.03,2.03,49952
USA.TO,20240614,0.38,0.38,0.37,0.37,31700
USCC.TO,20240614,18.61,18.63,18.59,18.6,10701
USCC.U.TO,20240614,13.53,13.53,13.53,13.53,200
USCL.TO,20240614,21.9,21.9,21.8,21.85,4018
USSL.TO,20240614,20.61,20.61,20.61,20.61,283
USSX.TO,20240614,28.41,28.41,28.41,28.41,100
USSX.U.TO,20240614,20.7,20.7,20.7,20.7,2500
UTIL.TO,20240614,20.1,20.1,19.89,19.97,4102
VA.TO,20240614,38.12,38.14,38.06,38.14,2020
VAB.TO,20240614,22.83,22.87,22.81,22.86,117944
VALT.TO,20240614,29.01,29.08,29.01,29.07,300
VALT.B.TO,20240614,31.96,31.96,31.87,31.88,300
VBAL.TO,20240614,31.15,31.18,31.11,31.16,36060
VBNK.TO,20240614,14.69,14.83,14.48,14.83,10449
VCB.TO,20240614,23.61,23.66,23.61,23.64,8412
VCE.TO,20240614,47.5,47.5,47.17,47.5,24633
VCIP.TO,20240614,25.58,25.6,25.58,25.6,320
VCM.TO,20240614,21.8,21.8,21.55,21.55,15038
VCN.TO,20240614,44.32,44.32,43.97,44.29,248170
VCNS.TO,20240614,28.08,28.15,28.08,28.15,11187
VDU.TO,20240614,43,43,42.65,42.74,25083
VDY.TO,20240614,43,43,42.6,42.92,204717
VE.TO,20240614,36.08,36.08,35.93,36.02,12303
VEE.TO,20240614,36.02,36.14,36.02,36.1,16605
VEF.TO,20240614,56.06,56.06,55.76,55.91,5903
VEQT.TO,20240614,40.89,40.89,40.67,40.81,176054
VET.TO,20240614,15.22,15.29,14.84,14.93,790561
VFV.TO,20240614,132.63,132.75,132.24,132.66,309079
VGG.TO,20240614,85.55,85.62,85.2,85.44,21891
VGH.TO,20240614,59.59,59.77,59.48,59.75,15887
VGRO.TO,20240614,34.44,34.44,34.32,34.4,160235
VGV.TO,20240614,22.38,22.38,22.38,22.38,2522
VGZ.TO,20240614,0.66,0.66,0.65,0.65,18000
VHI.TO,20240614,7.5,7.81,7.5,7.81,276530
VI.TO,20240614,39.65,39.65,39.53,39.6,11694
VIDY.TO,20240614,30.64,30.7,30.53,30.61,17938
VIU.TO,20240614,34.34,34.38,34.2,34.37,139721
VLB.TO,20240614,21.34,21.38,21.31,21.37,39054
VLE.TO,20240614,5.12,5.15,5.04,5.04,106979
VLN.TO,20240614,5.85,5.87,5.85,5.85,1200
VMO.TO,20240614,57.18,57.18,56.91,56.92,710
VNP.TO,20240614,5.96,6.03,5.91,6,269836
VOXR.TO,20240614,3.16,3.35,3.16,3.32,68611
VQS.TO,20240614,0.225,0.225,0.22,0.22,5000
VRE.TO,20240614,28.41,28.5,28.37,28.48,8381
VRIF.TO,20240614,24.28,24.28,24.24,24.25,4272
VRN.TO,20240614,10.38,10.45,10.12,10.24,2325448
VRTS.TO,20240614,0.02,0.03,0.02,0.02,57657
VSB.TO,20240614,22.87,22.87,22.86,22.86,10003
VSC.TO,20240614,23.52,23.53,23.52,23.53,48481
VSP.TO,20240614,88.24,88.52,88.17,88.5,38682
VUN.TO,20240614,99.48,99.62,99.19,99.42,95004
VUS.TO,20240614,94.85,94.93,94.49,94.93,4684
VVL.TO,20240614,48.08,48.08,47.33,47.58,34992
VVO.TO,20240614,35.18,35.35,35.17,35.35,1659
VXC.TO,20240614,58.98,58.98,58.78,58.97,21695
VXM.TO,20240614,33.87,33.87,33.87,33.87,800
VXM.B.TO,20240614,30.16,30.16,30.16,30.16,137
WCN.TO,20240614,229.48,232.27,229.26,231.56,199650
WCP.TO,20240614,9.76,9.82,9.7,9.75,1591219
WDO.TO,20240614,10.83,10.97,10.83,10.85,607551
WEED.TO,20240614,10.06,10.25,9.86,9.99,637681
WEF.TO,20240614,0.5,0.5,0.4875,0.49,191385
WELL.TO,20240614,4.16,4.27,4.14,4.2,856108
WELL.DB.TO,20240614,93.9,93.9,93.9,93.9,9000
WFC.TO,20240614,20.24,21.01,20.24,21.01,1800
WFG.TO,20240614,109,110.98,107.93,109.73,127615
WILD.TO,20240614,1.01,1.1,1,1.05,58278
WJX.TO,20240614,26.2,26.36,25.65,25.85,34674
WLLW.TO,20240614,0.105,0.105,0.1,0.1,9000
WM.TO,20240614,0.085,0.085,0.08,0.085,54032
WN.TO,20240614,189.92,190.47,188.55,189.32,160175
WN.PR.A.TO,20240614,22.45,22.68,22.45,22.47,2118
WN.PR.C.TO,20240614,20.34,20.41,20.27,20.4,3150
WN.PR.D.TO,20240614,20.35,20.35,20.28,20.3,1000
WN.PR.E.TO,20240614,18.91,18.91,18.86,18.86,1300
WNDR.TO,20240614,0.19,0.195,0.185,0.19,418158
WOMN.TO,20240614,33.44,33.44,33.4,33.4,200
WPK.TO,20240614,44.8,45.32,44.37,44.89,33438
WPM.TO,20240614,73.38,73.42,72.02,72.7,513889
WPRT.TO,20240614,8.22,8.37,8.22,8.33,1500
WRG.TO,20240614,2.74,2.74,2.74,2.74,1400
WRN.TO,20240614,1.68,1.68,1.66,1.68,29846
WSP.TO,20240614,206.87,207.81,205.22,206.84,156852
WSRD.TO,20240614,28.66,28.74,28.62,28.74,882
WSRI.TO,20240614,39.89,39.89,39.78,39.79,702
WTE.TO,20240614,22.65,22.66,21.96,22.16,230154
WXM.TO,20240614,26.6,26.66,26.58,26.66,17975
X.TO,20240614,36.75,37.24,36.57,37.14,541310
XAD.TO,20240614,58.89,58.89,58.84,58.84,658
XAGG.TO,20240614,37.14,37.14,37.14,37.14,100
XAGH.TO,20240614,33.4,33.4,33.4,33.4,1500
XAU.TO,20240614,6.85,6.85,6.45,6.45,11971
XAW.TO,20240614,41.2,41.24,41.07,41.16,128354
XAW.U.TO,20240614,30.38,30.38,30.3,30.3,1300
XBAL.TO,20240614,28.48,28.48,28.39,28.46,25108
XBB.TO,20240614,27.98,28.02,27.96,27.99,193908
XBM.TO,20240614,21.2,21.25,21.03,21.2,8644
XCB.TO,20240614,19.73,19.74,19.7,19.74,62803
XCBG.TO,20240614,36.8,36.84,36.8,36.84,200
XCD.TO,20240614,51.19,51.53,51.18,51.53,1400
XCG.TO,20240614,48.6,48.77,48.49,48.77,3747
XCH.TO,20240614,17.24,17.24,17.11,17.13,21566
XCHP.TO,20240614,60.25,60.25,59.88,60.05,1364
XCLN.TO,20240614,33.57,33.57,33.1,33.1,759
XCNS.TO,20240614,22.5,22.54,22.5,22.54,1934
XCS.TO,20240614,19.39,19.39,19.22,19.25,54469
XCSR.TO,20240614,62.9,63.07,62.9,63.07,869
XCV.TO,20240614,34.02,34.11,33.93,34.11,4822
XDG.TO,20240614,25.24,25.24,25.05,25.13,13080
XDGH.TO,20240614,25.59,25.59,25.35,25.35,2120
XDIV.TO,20240614,26.23,26.23,26.02,26.23,147479
XDRV.TO,20240614,41.83,41.83,41.83,41.83,100
XDSR.TO,20240614,58.52,58.52,58.19,58.33,4038
XDU.TO,20240614,29.08,29.08,28.86,28.96,8177
XDU.U.TO,20240614,20.99,21.04,20.99,21.03,3500
XDV.TO,20240614,27.05,27.05,26.8,27,95958
XEB.TO,20240614,15.74,15.74,15.74,15.74,1400
XEC.TO,20240614,28.29,28.39,28.24,28.24,75595
XEF.TO,20240614,37.59,37.68,37.44,37.56,206818
XEF.U.TO,20240614,27.39,27.39,27.39,27.39,100
XEG.TO,20240614,17.68,17.68,17.5,17.6,1231250
XEH.TO,20240614,33.14,33.14,33.02,33.04,17150
XEI.TO,20240614,24.73,24.73,24.5,24.67,114214
XEM.TO,20240614,32.2,32.23,32.13,32.21,5483
XEMC.TO,20240614,47.58,47.63,47.58,47.63,200
XEN.TO,20240614,32.64,32.64,32.51,32.63,1484
XEQT.TO,20240614,30.71,30.73,30.59,30.67,266116
XESG.TO,20240614,26.29,26.29,26.18,26.27,4365
XETM.TO,20240614,41.23,41.34,41.23,41.34,200
XEU.TO,20240614,30.49,30.57,30.39,30.41,1293
XFH.TO,20240614,32.16,32.16,32.05,32.08,58551
XFLB.TO,20240614,49.29,49.29,49.29,49.29,100
XFN.TO,20240614,48.41,48.41,47.9,48.38,193059
XFR.TO,20240614,20.14,20.14,20.12,20.12,2351
XGB.TO,20240614,19.23,19.27,19.23,19.26,65854
XGD.TO,20240614,19.5,19.56,19.31,19.45,286786
XGI.TO,20240614,52.01,52.01,51.03,51.03,678
XGRO.TO,20240614,28.13,28.14,28.03,28.1,123944
XHAK.TO,20240614,44.5,44.5,44.5,44.5,125
XHB.TO,20240614,19.34,19.34,19.34,19.34,300
XHC.TO,20240614,72.52,72.67,72.29,72.55,15405
XHD.TO,20240614,31.68,31.7,31.64,31.67,1448
XHU.TO,20240614,29.93,30,29.93,29.98,11698
XHY.TO,20240614,16.35,16.39,16.33,16.37,11970
XIC.TO,20240614,34.68,34.68,34.42,34.65,627558
XID.TO,20240614,54.87,55.2,54.87,55.2,1296
XIG.TO,20240614,20.05,20.05,20.02,20.03,801
XIN.TO,20240614,36.43,36.45,36.32,36.37,18958
XINC.TO,20240614,20.02,20.02,19.92,19.92,7711
XIT.TO,20240614,51.59,51.83,51.45,51.76,20875
XIU.TO,20240614,32.62,32.68,32.39,32.65,4054778
XLB.TO,20240614,19.46,19.57,19.46,19.55,104258
XLY.TO,20240614,0.03,0.035,0.03,0.03,70046
XMA.TO,20240614,19.47,19.59,19.47,19.59,20000
XMC.TO,20240614,30.77,30.77,30.45,30.57,57326
XMC.U.TO,20240614,22.33,22.38,22.33,22.38,400
XMD.TO,20240614,34,34,33.88,33.92,2469
XMF.PR.B.TO,20240614,5,5,5,5,1600
XMH.TO,20240614,26.32,26.32,25.99,26.1,3237
XMI.TO,20240614,36.7,36.72,36.7,36.72,200
XML.TO,20240614,26.67,26.67,26.61,26.61,2300
XMM.TO,20240614,28.01,28.01,28,28,2300
XMS.TO,20240614,34.56,34.56,34.56,34.56,110
XMTM.TO,20240614,32.64,32.64,32.55,32.55,203
XMV.TO,20240614,40.74,40.96,40.74,40.96,1000
XMW.TO,20240614,50.56,50.56,50.5,50.52,838
XPF.TO,20240614,14.59,14.64,14.56,14.57,30752
XQB.TO,20240614,18.78,18.8,18.78,18.8,2730
XQLT.TO,20240614,38.46,38.46,38.39,38.44,918
XQQ.TO,20240614,148.5,149.33,148.4,149.33,47336
XQQU.TO,20240614,64.3,64.3,64.28,64.28,239
XQQU.U.TO,20240614,46.5,46.75,46.5,46.75,650
XRB.TO,20240614,22.61,22.61,22.46,22.48,17841
XRE.TO,20240614,14.52,14.6,14.45,14.54,424430
XSAB.TO,20240614,17.97,17.99,17.97,17.98,17080
XSB.TO,20240614,26.32,26.35,26.32,26.33,13866
XSE.TO,20240614,17.86,17.86,17.86,17.86,400
XSEA.TO,20240614,26.02,26.02,25.94,25.94,2097
XSEM.TO,20240614,20.08,20.15,20.06,20.15,7681
XSH.TO,20240614,18.6,18.61,18.59,18.59,10828
XSHG.TO,20240614,38.37,38.37,38.37,38.37,100
XSHU.TO,20240614,41.65,41.65,41.65,41.65,100
XSMC.TO,20240614,29.21,29.21,28.91,28.95,2502
XSMH.TO,20240614,26.18,26.18,26.02,26.1,1800
XSP.TO,20240614,56.86,57.05,56.75,57.02,221901
XST.TO,20240614,97.35,97.35,95.98,95.98,5903
XSTB.TO,20240614,19.33,19.34,19.33,19.33,6072
XSTP.TO,20240614,41.48,41.48,41.48,41.48,100
XSU.TO,20240614,38.91,38.91,38.61,38.75,51075
XTC.TO,20240614,7.82,7.82,7.66,7.75,10344
XTD.TO,20240614,1.82,1.84,1.78,1.82,23347
XTD.PR.A.TO,20240614,9.9,9.9,9.9,9.9,13500
XTG.TO,20240614,1.29,1.31,1.29,1.3,2100
XTLH.TO,20240614,35.61,35.76,35.61,35.72,7958
XTLT.TO,20240614,36.97,37.16,36.89,36.98,20425
XTR.TO,20240614,10.61,10.61,10.6,10.6,16980
XTRA.TO,20240614,0.66,0.67,0.62,0.63,129954
XTRA.WT.TO,20240614,0.16,0.16,0.14,0.14,38500
XUH.TO,20240614,44.68,44.73,44.66,44.73,78502
XUS.TO,20240614,92.82,92.88,92.54,92.81,65464
XUS.U.TO,20240614,68.37,68.46,68.37,68.46,611
XUSR.TO,20240614,82.73,82.97,82.58,82.94,3749
XUT.TO,20240614,25.29,25.29,24.99,25.19,70166
XUU.TO,20240614,54.81,54.89,54.7,54.79,111358
XUU.U.TO,20240614,40.06,40.17,40.06,40.17,300
XWD.TO,20240614,87.55,87.55,87.44,87.49,5702
Y.TO,20240614,8.88,9.01,8.88,8.9,1542
YGR.TO,20240614,1.06,1.07,1.05,1.07,41525
YRB.TO,20240614,0.04,0.04,0.04,0.04,40000
ZACE.TO,20240614,42.11,42.14,42.11,42.14,3325
ZAG.TO,20240614,13.73,13.75,13.72,13.73,147282
ZBAL.TO,20240614,37.89,37.89,37.89,37.89,486
ZBAL.T.TO,20240614,29.28,29.28,29.19,29.19,900
ZBBB.TO,20240614,28.08,28.08,28.06,28.06,1712
ZBK.TO,20240614,28.36,28.36,28.11,28.3,37500
ZCB.TO,20240614,46.51,46.51,46.51,46.51,204
ZCH.TO,20240614,13.69,13.69,13.56,13.6,6700
ZCLN.TO,20240614,15.77,15.77,15.45,15.45,7713
ZCM.TO,20240614,15.12,15.14,15.11,15.12,4186
ZCN.TO,20240614,29.1,29.1,28.9,29.09,149150
ZCPB.TO,20240614,27.75,27.75,27.75,27.75,2090
ZCS.TO,20240614,13.55,13.57,13.55,13.56,47909
ZDB.TO,20240614,14.81,14.84,14.81,14.82,37442
ZDH.TO,20240614,27.24,27.33,27.24,27.3,6420
ZDI.TO,20240614,23.8,23.82,23.68,23.73,12018
ZDJ.TO,20240614,59.7,60.04,59.7,60.02,9719
ZDM.TO,20240614,29.59,29.67,29.57,29.61,14127
ZDV.TO,20240614,19.78,19.78,19.6,19.74,40472
ZDY.TO,20240614,41.03,41.03,40.8,40.95,1940
ZDY.U.TO,20240614,30.69,30.69,30.57,30.57,300
ZEA.TO,20240614,22.88,22.88,22.74,22.79,46202
ZEB.TO,20240614,34.79,34.79,34.4,34.63,2553661
ZEM.TO,20240614,21.01,21.02,20.97,21.02,9868
ZEO.TO,20240614,69.04,69.04,68.56,69.02,15236
ZEQ.TO,20240614,32,32.15,31.94,32.03,10111
ZEQT.TO,20240614,47.2,47.2,46.99,47.11,4970
ZESG.TO,20240614,35.96,35.96,35.96,35.96,147
ZFC.TO,20240614,41.73,41.73,41.73,41.73,100
ZFH.TO,20240614,14.76,14.76,14.7,14.7,15780
ZFL.TO,20240614,13.25,13.31,13.25,13.28,61491
ZFM.TO,20240614,14.49,14.51,14.49,14.5,2500
ZFN.TO,20240614,50.22,50.29,50.22,50.29,3600
ZFS.TO,20240614,13.58,13.58,13.58,13.58,3362
ZFS.L.TO,20240614,21.39,21.39,21.39,21.39,100
ZGD.TO,20240614,88.4,88.46,88.4,88.46,260
ZGI.TO,20240614,43.54,43.54,43.34,43.4,2163
ZGLD.TO,20240614,34.53,34.53,34.53,34.53,251
ZGQ.TO,20240614,67.53,67.53,67.3,67.45,11742
ZGRO.TO,20240614,42.33,42.35,42.27,42.31,3170
ZGSB.TO,20240614,27.01,27.03,26.98,26.98,1801
ZHY.TO,20240614,11.05,11.07,11.02,11.02,6115
ZIC.TO,20240614,17.7,17.71,17.66,17.66,7000
ZID.TO,20240614,49.55,49.81,49.51,49.81,2125
ZIN.TO,20240614,38.27,38.34,38.27,38.32,943
ZIU.TO,20240614,49.68,49.68,49.68,49.68,101
ZJG.TO,20240614,77.11,77.11,77.1,77.1,1351
ZJK.TO,20240614,18.13,18.13,18.1,18.1,1050
ZJK.U.TO,20240614,17.22,17.22,17.21,17.21,722
ZJPN.TO,20240614,34,34,33.8,33.8,997
ZLB.TO,20240614,43.19,43.19,42.96,43.19,30208
ZLC.TO,20240614,15.28,15.32,15.27,15.3,24964
ZLD.TO,20240614,26.62,26.62,26.62,26.62,4000
ZLH.TO,20240614,32.05,32.05,32.02,32.02,1100
ZLU.TO,20240614,49.21,49.34,49.1,49.22,12668
ZMBS.TO,20240614,29.52,29.52,29.52,29.52,125
ZMI.TO,20240614,16.54,16.54,16.54,16.54,1484
ZMID.TO,20240614,42.67,42.67,42.66,42.66,274
ZMMK.TO,20240614,49.99,50,49.99,50,172168
ZMP.TO,20240614,13.7,13.7,13.69,13.7,2200
ZMT.TO,20240614,64.74,64.74,64.74,64.74,174
ZMU.TO,20240614,12.59,12.62,12.57,12.62,6541
ZNQ.TO,20240614,87.15,87.38,87.12,87.38,7915
ZNQ.U.TO,20240614,42.65,42.85,42.65,42.85,1800
ZPAY.TO,20240614,31.28,31.39,31.28,31.38,3125
ZPH.TO,20240614,14.66,14.66,14.66,14.66,2245
ZPL.TO,20240614,12.61,12.63,12.58,12.63,45496
ZPR.TO,20240614,9.85,9.87,9.83,9.83,144200
ZPR.U.TO,20240614,15.96,15.96,15.96,15.96,600
ZPS.TO,20240614,12.14,12.14,12.12,12.14,12000
ZQQ.TO,20240614,137.36,138.13,137.31,138.13,27355
ZRE.TO,20240614,19.62,19.7,19.52,19.56,28389
ZRR.TO,20240614,14.49,14.59,14.47,14.47,2263
ZSB.TO,20240614,47.84,47.84,47.84,47.84,10104
ZSDB.TO,20240614,29.88,29.88,29.88,29.88,1106
ZSML.TO,20240614,38.35,38.35,38.18,38.18,272
ZSP.TO,20240614,81.67,81.73,81.46,81.68,133365
ZSP.U.TO,20240614,59.3,59.47,59.2,59.41,3588
ZST.TO,20240614,48.87,48.88,48.87,48.88,8500
ZST.L.TO,20240614,58.89,58.89,58.88,58.89,1900
ZSU.TO,20240614,13.26,13.29,13.26,13.28,113700
ZUAG.F.TO,20240614,29.58,29.58,29.5,29.5,1001
ZUB.TO,20240614,25.65,25.79,25.58,25.78,15369
ZUCM.U.TO,20240614,30.07,30.07,30.07,30.07,666
ZUD.TO,20240614,28.14,28.28,28.14,28.28,4177
ZUE.TO,20240614,75.34,75.47,75.2,75.43,10757
ZUH.TO,20240614,68.11,68.46,68.11,68.46,4190
ZUP.TO,20240614,20.85,20.85,20.85,20.85,100
ZUQ.TO,20240614,81.7,81.83,81.55,81.77,13833
ZUQ.F.TO,20240614,50.75,50.75,50.75,50.75,400
ZUQ.U.TO,20240614,52.45,52.64,52.45,52.64,693
ZUS.U.TO,20240614,46.81,46.86,46.81,46.81,2000
ZUS.V.TO,20240614,55.99,55.99,55.99,55.99,803
ZUT.TO,20240614,20.05,20.07,19.78,20.06,44246
ZVC.TO,20240614,26.74,26.82,26.74,26.82,2062
ZWA.TO,20240614,25.04,25.04,24.88,25.02,13833
ZWB.TO,20240614,17.35,17.35,17.14,17.25,302944
ZWB.U.TO,20240614,21.48,21.48,21.48,21.48,100
ZWC.TO,20240614,16.81,16.81,16.64,16.76,113468
ZWE.TO,20240614,20.82,20.96,20.6,20.96,33861
ZWEN.TO,20240614,29.11,29.11,28.87,28.91,4343
ZWG.TO,20240614,30.04,30.04,29.96,30,4979
ZWH.TO,20240614,23.21,23.33,23.2,23.26,22732
ZWH.U.TO,20240614,23.25,23.25,23.17,23.18,2800
ZWK.TO,20240614,20.31,20.35,20.13,20.26,72565
ZWP.TO,20240614,18.14,18.17,18.08,18.16,5296
ZWQT.TO,20240614,16.37,16.37,16.37,16.37,125
ZWS.TO,20240614,20.03,20.1,20.03,20.1,2676
ZWT.TO,20240614,47.11,47.29,47.11,47.2,8497
ZWU.TO,20240614,10.24,10.24,10.15,10.22,213085
