<ticker>,<date>,<open>,<high>,<low>,<close>,<vol>
AAV.TO,20230321,8.26,8.48,8.19,8.47,690334
ABX.TO,20230321,24.43,24.45,23.92,24.25,5045821
AC.TO,20230321,18.39,18.85,18.38,18.74,1844390
ACB.TO,20230321,0.94,1.01,0.93,1,999729
ACD.TO,20230321,7,7,6.9,6.9,3200
ACD.DB.TO,20230321,97.52,97.52,97.52,97.52,0
ACO.X.TO,20230321,42.34,42.57,41.48,41.54,382876
ACO.Y.TO,20230321,42.99,43.09,42.9,43.09,800
ACQ.TO,20230321,18.49,19.03,18.29,18.31,125740
AD.DB.TO,20230321,98,98.48,98,98.48,14000
AD.DB.A.TO,20230321,95.9,96.4,92.5,96,41999
AD.UN.TO,20230321,16.15,16.88,16.15,16.74,130222
ADCO.TO,20230321,0.26,0.26,0.26,0.26,500
ADEN.TO,20230321,25.25,25.44,24.99,25.27,38770
ADN.TO,20230321,15.73,16.2,15.73,16.17,4636
ADW.A.TO,20230321,4.8,4.85,4.8,4.85,10919
AEG.TO,20230321,0.5,0.5,0.45,0.46,6516
AEM.TO,20230321,68.4,68.4,67.11,67.88,1237383
AEZS.TO,20230321,3.57,3.69,3.57,3.6,1543
AFN.TO,20230321,62.05,63,61.55,61.87,49501
AFN.DB.F.TO,20230321,97.51,98.5,97.5,97.52,60000
AFN.DB.G.TO,20230321,98.25,98.25,98,98,108000
AFN.DB.H.TO,20230321,94,94.25,94,94,299000
AFN.DB.I.TO,20230321,145,147.5,145,145.5,202998
AFN.DB.J.TO,20230321,107,108.17,107,108,279000
AGF.B.TO,20230321,8.88,9.08,8.86,9.04,131041
AGI.TO,20230321,15.32,15.36,14.91,15.09,858340
AI.TO,20230321,12.15,12.22,12.13,12.19,18157
AI.DB.D.TO,20230321,95.55,95.55,94.5,94.5,24000
AI.DB.G.TO,20230321,87.95,87.95,87.5,87.5,595000
AIF.TO,20230321,58.5,59.32,58.27,58.36,45207
AII.TO,20230321,0.72,0.72,0.68,0.7,6309
AIM.TO,20230321,3.32,3.38,3.26,3.37,141141
AIM.PR.A.TO,20230321,18.5,19.3,18.5,19.3,2829
AKT.A.TO,20230321,1.3,1.7,1.3,1.49,321157
ALA.TO,20230321,22.29,22.61,22.21,22.3,850204
ALA.PR.G.TO,20230321,17.5,17.99,17.5,17.99,300
ALC.TO,20230321,15.51,15.75,15.4,15.45,10693
ALC.DB.A.TO,20230321,106,106.25,106,106.25,64000
ALS.TO,20230321,22.72,22.81,21.89,22.01,55767
ALYA.TO,20230321,2.69,2.7,2.66,2.7,37701
AMC.TO,20230321,4.17,4.17,4.08,4.14,51391
AMM.TO,20230321,0.27,0.27,0.27,0.27,500
AND.TO,20230321,45.61,45.77,45.5,45.77,7622
AOI.TO,20230321,2.85,2.9,2.82,2.84,537216
AOT.TO,20230321,0.68,0.68,0.66,0.67,93778
AP.UN.TO,20230321,24.7,24.98,24.6,24.73,233926
APLI.TO,20230321,0.04,0.04,0.04,0.04,34000
APR.UN.TO,20230321,11.74,11.74,11.38,11.55,28970
APS.TO,20230321,0.8,0.83,0.8,0.83,22836
AQN.TO,20230321,10.62,10.85,10.57,10.78,3517543
AQN.PR.A.TO,20230321,19.85,19.85,19.85,19.85,500
AR.TO,20230321,0.55,0.56,0.53,0.54,2243333
ARA.TO,20230321,0.46,0.465,0.46,0.46,9783
ARB.TO,20230321,25.62,25.62,25.55,25.55,6800
ARE.TO,20230321,13.45,13.99,13.4,13.81,715243
ARG.TO,20230321,1.51,1.56,1.51,1.56,157589
ARIS.TO,20230321,4.02,4.05,3.92,4.03,254103
ARKG.TO,20230321,12.79,13.04,12.79,13.04,1051
ARKK.TO,20230321,15.46,16.18,15.46,16.12,23417
ARR.TO,20230321,8.46,8.6,8.2,8.32,14650
ARX.TO,20230321,15.65,15.87,15.42,15.67,4182228
ASCU.TO,20230321,1.85,1.88,1.82,1.82,26500
ASM.TO,20230321,1.05,1.06,1.02,1.06,26517
ASND.TO,20230321,0.22,0.22,0.215,0.215,15000
ASTL.TO,20230321,10.67,10.83,10.57,10.81,94383
ATD.TO,20230321,62.87,63.04,62.4,62.83,906353
ATH.TO,20230321,2.89,3,2.86,2.92,5158245
ATS.TO,20230321,55.73,56.41,55.39,55.95,148671
ATZ.TO,20230321,40.89,40.99,39.98,40.09,408810
AUGB.F.TO,20230321,36.21,36.21,36.21,36.21,1300
AUMN.TO,20230321,0.35,0.35,0.31,0.34,17802
AVCN.TO,20230321,0.395,0.395,0.38,0.38,5500
AVL.TO,20230321,0.12,0.125,0.115,0.125,348991
AVNT.TO,20230321,0.18,0.18,0.175,0.175,211700
AW.UN.TO,20230321,35.28,36.45,35.28,36.45,16494
AX.PR.I.TO,20230321,24.52,24.52,24,24.04,10900
AX.UN.TO,20230321,7.9,7.94,7.84,7.87,475539
AXIS.TO,20230321,0.395,0.395,0.395,0.395,1500
AYA.TO,20230321,9.2,9.43,8.95,9.23,525679
BABY.TO,20230321,0.86,0.9,0.86,0.89,11500
BAM.TO,20230321,43.31,43.62,43.08,43.4,682795
BANK.TO,20230321,7.45,7.48,7.4,7.41,30136
BASE.TO,20230321,26.5,26.62,26.49,26.62,5530
BASE.B.TO,20230321,26.94,26.94,26.94,26.94,1200
BB.TO,20230321,5.05,5.24,4.91,5.19,2290751
BBD.A.TO,20230321,59.25,60.07,59,60.07,2754
BBD.B.TO,20230321,58.38,60.13,58.38,59.5,489831
BBD.PR.B.TO,20230321,17.88,17.88,16.79,17.1,4945
BBD.PR.C.TO,20230321,18.04,18.04,17.81,18,3129
BBD.PR.D.TO,20230321,17.97,18.67,17.97,18.67,403
BBU.UN.TO,20230321,22.68,22.94,22.5,22.61,52034
BBUC.TO,20230321,24.05,24.39,23.62,23.95,31658
BCE.TO,20230321,60.75,61.13,60.42,60.6,2823880
BCE.PR.A.TO,20230321,17.26,17.42,17.26,17.35,1650
BCE.PR.B.TO,20230321,18.2,18.27,18.19,18.19,4525
BCE.PR.C.TO,20230321,18.18,18.19,18.18,18.19,2800
BCE.PR.D.TO,20230321,18.17,18.19,18.13,18.15,42213
BCE.PR.F.TO,20230321,15.82,16,15.82,16,7450
BCE.PR.G.TO,20230321,14.7,14.7,14.7,14.7,100
BCE.PR.I.TO,20230321,14.61,14.67,14.6,14.67,1000
BCE.PR.K.TO,20230321,13.97,14,13.95,14,9100
BCE.PR.M.TO,20230321,14.37,14.58,14.37,14.58,1300
BCE.PR.N.TO,20230321,17.15,17.15,17.15,17.15,600
BCE.PR.Q.TO,20230321,20,20.19,20,20.19,300
BCE.PR.R.TO,20230321,14.91,15,14.9,15,700
BCE.PR.S.TO,20230321,18.06,18.06,18.06,18.06,750
BCE.PR.T.TO,20230321,17.89,17.93,17.89,17.89,1300
BCE.PR.Z.TO,20230321,18.45,18.45,18.45,18.45,700
BCT.TO,20230321,9.51,9.75,9.37,9.37,3300
BDGI.TO,20230321,28.97,30,28.97,29.65,42596
BDI.TO,20230321,6.12,6.24,5.93,6.16,82185
BDT.TO,20230321,9.2,9.32,9.08,9.13,64395
BEI.UN.TO,20230321,55.68,55.88,54.26,54.67,149304
BEK.B.TO,20230321,13.02,13.02,12.98,13,400
BEP.PR.G.TO,20230321,22,22,22,22,1725
BEP.PR.M.TO,20230321,21.43,21.6,21.43,21.6,5800
BEP.PR.R.TO,20230321,19.15,19.25,19.15,19.25,2579
BEP.UN.TO,20230321,40.09,40.88,39.94,40.71,139466
BEPC.TO,20230321,43.08,44.03,42.96,43.59,406605
BEPR.TO,20230321,8.24,8.24,8.2,8.23,1978
BEPR.U.TO,20230321,8.42,8.42,8.42,8.42,500
BESG.TO,20230321,15.7,15.7,15.7,15.7,200
BFIN.TO,20230321,17.87,17.96,17.87,17.96,700
BGI.UN.TO,20230321,4.45,4.46,4.35,4.39,38857
BGU.TO,20230321,34.52,34.52,34.44,34.44,1168
BHC.TO,20230321,10.5,11.01,10.5,10.83,497718
BIK.PR.A.TO,20230321,23.4,23.73,23.01,23.73,1200
BIP.PR.B.TO,20230321,22.89,22.9,22.7,22.7,2245
BIP.PR.E.TO,20230321,21.84,21.85,21.65,21.85,10400
BIP.PR.F.TO,20230321,19.53,19.75,19.5,19.75,4475
BIP.UN.TO,20230321,44.63,44.86,43.96,43.99,267714
BIPC.TO,20230321,60.94,61.51,60.28,60.46,54638
BIR.TO,20230321,8.22,8.39,8.15,8.33,2215372
BITF.TO,20230321,1.24,1.43,1.24,1.39,3126564
BITI.TO,20230321,13.3,13.41,13.14,13.29,78840
BK.TO,20230321,13.33,13.49,13.31,13.44,69096
BK.PR.A.TO,20230321,10.05,10.07,10.05,10.07,31800
BKCC.TO,20230321,14.73,14.73,14.73,14.73,100
BKI.TO,20230321,0.07,0.07,0.07,0.07,104415
BLB.UN.TO,20230321,7.99,7.99,7.99,7.99,200
BLCO.TO,20230321,22.22,22.6,22.22,22.6,2500
BLDP.TO,20230321,7,7.44,7,7.38,1043134
BLN.TO,20230321,2.28,2.33,2.26,2.32,3793
BLOV.TO,20230321,22.03,22.04,21.84,21.91,900
BLX.TO,20230321,38.21,39.27,38.1,38.21,196492
BMAX.TO,20230321,12.08,12.08,11.98,12,8100
BMO.TO,20230321,118.99,119.79,118.51,118.83,1484803
BMO.PR.E.TO,20230321,20.5,20.7,20.5,20.63,3500
BMO.PR.T.TO,20230321,16.74,16.96,16.74,16.96,1600
BMO.PR.W.TO,20230321,16.9,17,16.9,17,1100
BMO.PR.Y.TO,20230321,17.9,17.9,17.75,17.75,25176
BN.TO,20230321,40.27,41.38,40.14,40.92,2087550
BN.PF.A.TO,20230321,19.55,19.75,19.46,19.62,4300
BN.PF.B.TO,20230321,16.8,16.85,16.74,16.74,4600
BN.PF.C.TO,20230321,18.7,18.7,18.7,18.7,104
BN.PF.D.TO,20230321,19,19,19,19,300
BN.PF.E.TO,20230321,14.58,14.58,14.58,14.58,100
BN.PF.F.TO,20230321,16.5,16.89,16.35,16.35,2400
BN.PF.G.TO,20230321,15.45,15.45,15.45,15.45,100
BN.PF.H.TO,20230321,22.1,22.1,21.55,21.85,7900
BN.PF.I.TO,20230321,20.51,20.85,20.5,20.85,7700
BN.PF.J.TO,20230321,23.11,23.11,22.6,22.62,2700
BN.PF.K.TO,20230321,15.7,15.7,15.7,15.7,800
BN.PR.B.TO,20230321,12.6,12.6,12.5,12.56,8380
BN.PR.C.TO,20230321,12.55,12.55,12.5,12.55,900
BN.PR.N.TO,20230321,18.3,18.33,18.3,18.33,1036
BN.PR.R.TO,20230321,13.58,13.58,13.58,13.58,606
BN.PR.T.TO,20230321,14.1,14.15,14.07,14.11,17500
BN.PR.X.TO,20230321,14.71,14.8,14.71,14.8,428
BN.PR.Z.TO,20230321,19.87,19.87,19.79,19.87,10700
BNC.TO,20230321,24.09,24.09,23.9,23.9,500
BND.TO,20230321,16.92,17.05,16.92,17.05,10305
BNE.TO,20230321,6,6.18,5.94,6.16,104817
BNK.TO,20230321,10.6,10.6,10.59,10.59,200
BNRE.TO,20230321,41.18,41.67,40.95,41.36,10721
BNS.TO,20230321,66.66,66.99,66.22,66.6,3637594
BOS.TO,20230321,7.88,8.05,7.79,7.94,89627
BPF.UN.TO,20230321,15.17,15.3,14.93,15.24,41065
BPO.PR.A.TO,20230321,13.5,13.5,13.22,13.22,1800
BPO.PR.C.TO,20230321,19.72,19.98,19.37,19.91,4200
BPO.PR.E.TO,20230321,17,17.26,17,17.22,6500
BPO.PR.G.TO,20230321,18,18.05,17.9,17.95,8370
BPO.PR.I.TO,20230321,17.5,17.5,17.34,17.34,400
BPO.PR.N.TO,20230321,12.05,12.07,11.97,11.97,3200
BPO.PR.P.TO,20230321,12.14,12.14,12.11,12.14,46947
BPO.PR.R.TO,20230321,12.61,12.75,12.61,12.72,3000
BPO.PR.T.TO,20230321,15.75,15.84,15.62,15.62,600
BPO.PR.W.TO,20230321,10.15,10.2,10.15,10.2,8000
BPO.PR.X.TO,20230321,10.49,10.49,10.48,10.48,300
BPRF.TO,20230321,20.47,20.55,20.47,20.55,1347
BPS.PR.A.TO,20230321,24.8,24.95,24.8,24.95,3000
BPYP.PR.A.TO,20230321,21.45,21.9,21.45,21.5,10833
BR.TO,20230321,1.74,1.74,1.74,1.74,300
BRAG.TO,20230321,4.81,5.45,4.81,5.35,65960
BRE.TO,20230321,13.94,13.96,13.74,13.96,6451
BREA.TO,20230321,21.98,21.98,21.72,21.72,2900
BRF.PR.A.TO,20230321,14.25,14.25,14.25,14.25,17600
BRF.PR.B.TO,20230321,17.72,17.73,17.35,17.53,1100
BRF.PR.E.TO,20230321,18.15,18.15,18.15,18.15,100
BRF.PR.F.TO,20230321,18.4,18.4,18.28,18.29,500
BRMI.TO,20230321,2.14,2.14,2.03,2.03,3800
BRY.TO,20230321,0.58,0.61,0.58,0.61,27600
BSKT.TO,20230321,8.48,8.48,8.48,8.48,1900
BSX.TO,20230321,0.06,0.06,0.06,0.06,21319
BTB.UN.TO,20230321,3.55,3.58,3.51,3.53,188890
BTCC.TO,20230321,5.48,5.54,5.41,5.5,222000
BTCC.B.TO,20230321,5.57,5.69,5.54,5.63,1254358
BTCC.U.TO,20230321,5.18,5.26,5.13,5.2,172127
BTCQ.TO,20230321,6.32,6.42,6.28,6.37,13480
BTCQ.U.TO,20230321,4.67,4.67,4.67,4.67,250
BTCX.B.TO,20230321,5.72,5.82,5.67,5.77,234058
BTCX.U.TO,20230321,5.31,5.36,5.25,5.33,408221
BTCY.TO,20230321,3.75,3.78,3.72,3.76,19077
BTCY.B.TO,20230321,4.25,4.36,4.25,4.33,5536
BTCY.U.TO,20230321,3.7,3.71,3.7,3.71,2100
BTE.TO,20230321,4.6,4.75,4.59,4.69,5443817
BTO.TO,20230321,4.98,5.02,4.88,4.91,3798308
BU.TO,20230321,0.32,0.32,0.3,0.305,16149
BXF.TO,20230321,9.97,9.97,9.97,9.97,184
BYD.TO,20230321,211.71,212.5,208.54,208.65,49461
BYL.TO,20230321,0.32,0.33,0.28,0.28,48670
CACB.TO,20230321,19.21,19.23,19.21,19.23,12200
CAE.TO,20230321,28.51,29.07,28.51,28.95,346189
CAFR.TO,20230321,19.66,19.67,19.6,19.6,2600
CALL.TO,20230321,10.94,11.12,10.9,11.08,34426
CAR.UN.TO,20230321,46.71,46.8,45.75,45.87,385080
CARS.TO,20230321,27.25,27.35,27.25,27.35,471
CARS.U.TO,20230321,25.98,25.98,25.98,25.98,100
CAS.TO,20230321,11,11.11,10.91,11.05,258962
CASH.TO,20230321,50.14,50.15,50.13,50.14,125607
CBH.TO,20230321,17.21,17.22,17.19,17.21,19200
CBND.TO,20230321,8.74,8.74,8.74,8.74,7868
CBNK.TO,20230321,7.31,7.31,7.26,7.31,144693
CBO.TO,20230321,17.31,17.39,17.31,17.37,15233
CCA.TO,20230321,63.25,63.9,62.36,62.36,67152
CCBI.TO,20230321,17.88,17.88,17.87,17.87,11698
CCEI.TO,20230321,21.27,21.27,21.19,21.25,3010
CCL.B.TO,20230321,64.1,65.31,64.08,64.87,191193
CCM.TO,20230321,0.24,0.24,0.23,0.23,101000
CCO.TO,20230321,34.43,34.91,34.18,34.83,816845
CCOM.TO,20230321,20.65,20.65,20.58,20.58,2793
CCRE.TO,20230321,17.64,17.64,17.63,17.63,2601
CCS.PR.C.TO,20230321,20,20.05,20,20.05,4100
CDIV.TO,20230321,12.71,12.72,12.7,12.72,16408
CDR.TO,20230321,0.3,0.3,0.3,0.3,20500
CDZ.TO,20230321,29.92,29.97,29.83,29.85,18229
CEE.TO,20230321,1.72,1.74,1.66,1.74,6729
CEF.TO,20230321,25.43,25.43,25,25.1,17772
CEF.U.TO,20230321,18.5,18.5,18.26,18.26,355
CEMI.TO,20230321,16.22,16.22,16.22,16.22,500
CET.TO,20230321,0.96,1.03,0.96,0.98,291927
CEU.TO,20230321,2.71,2.77,2.67,2.73,885175
CEW.TO,20230321,15.31,15.33,15.22,15.22,21508
CF.TO,20230321,10.67,10.88,10.67,10.79,146829
CF.PR.A.TO,20230321,13.87,13.9,13.85,13.9,2600
CFF.TO,20230321,1.55,1.55,1.55,1.55,1400
CFP.TO,20230321,23.09,23.11,22.79,22.84,129045
CFW.TO,20230321,4.05,4.12,3.96,4.11,221681
CFX.TO,20230321,3.6,3.6,3.12,3.25,32470
CG.TO,20230321,8.57,8.62,8.17,8.31,560825
CGDV.TO,20230321,20.15,20.15,20.15,20.15,100
CGG.TO,20230321,4.87,4.87,4.74,4.79,13100
CGI.TO,20230321,33.5,33.5,33.3,33.4,1606
CGIN.TO,20230321,20.49,20.56,20.49,20.55,8800
CGIN.U.TO,20230321,20.56,20.56,20.55,20.55,2200
CGL.TO,20230321,15.92,15.92,15.64,15.65,91913
CGL.C.TO,20230321,22.81,22.81,22.62,22.66,9775
CGLO.TO,20230321,23.39,23.39,23.39,23.39,1200
CGO.TO,20230321,56.14,56.8,55.6,55.64,24058
CGR.TO,20230321,26.62,26.62,26.62,26.62,818
CGRE.TO,20230321,20.56,20.57,20.46,20.46,2400
CGX.TO,20230321,7.83,7.91,7.8,7.89,159135
CGXF.TO,20230321,10.9,10.9,10.7,10.78,54072
CGXF.U.TO,20230321,8.17,8.17,8.17,8.17,0
CGY.TO,20230321,62.86,64,62.86,63.54,6855
CHE.DB.E.TO,20230321,94.75,94.75,93.5,93.56,115000
CHE.DB.G.TO,20230321,99.5,99.5,99.5,99.5,7000
CHE.DB.H.TO,20230321,99.75,99.9,99.5,99.75,468000
CHE.UN.TO,20230321,8.04,8.15,8.02,8.1,667921
CHNA.B.TO,20230321,23.77,23.9,23.77,23.9,700
CHP.UN.TO,20230321,14.33,14.44,14.14,14.19,269535
CHPS.TO,20230321,23.5,23.76,23.34,23.52,1276
CHR.TO,20230321,3.12,3.19,3.11,3.12,289669
CHR.DB.B.TO,20230321,97,97.5,97,97.5,4000
CHR.DB.C.TO,20230321,87.25,87.25,87.25,87.25,1000
CHW.TO,20230321,9.19,9.25,8.91,9,33257
CIA.TO,20230321,6.75,6.79,6.61,6.65,228268
CIBR.TO,20230321,33.04,33.04,33.04,33.04,100
CIC.TO,20230321,10.78,10.83,10.77,10.77,8115
CIEM.TO,20230321,16.56,16.64,16.56,16.64,2100
CIEM.U.TO,20230321,16.73,16.73,16.73,16.73,1100
CIF.TO,20230321,34.37,34.37,34.04,34.15,6052
CIGI.TO,20230321,142.4,144.45,142.06,143.2,56353
CINF.TO,20230321,23.35,23.35,23.35,23.35,102
CINT.TO,20230321,20.81,20.81,20.81,20.81,110
CIU.PR.C.TO,20230321,13.98,13.98,13.98,13.98,100
CIX.TO,20230321,13.14,13.32,13.09,13.09,370716
CJ.TO,20230321,6.82,7.23,6.82,7.2,1297983
CJR.B.TO,20230321,1.63,1.7,1.62,1.68,605042
CJT.TO,20230321,107.04,109.25,106.28,108.18,45349
CJT.DB.E.TO,20230321,98.75,98.75,97.53,97.53,90000
CJT.DB.F.TO,20230321,97.5,97.5,96,96,142000
CKI.TO,20230321,12.5,12.5,12.4,12.4,2500
CLF.TO,20230321,16.82,16.88,16.82,16.84,13063
CLG.TO,20230321,17,17,16.97,16.98,4997
CLS.TO,20230321,16.95,17.22,16.9,16.99,133685
CM.TO,20230321,58.01,58.17,57.52,57.67,8587982
CM.PR.O.TO,20230321,17.06,17.06,17.06,17.06,1900
CM.PR.Q.TO,20230321,18.45,18.45,17.93,18.02,1500
CM.PR.S.TO,20230321,21.79,21.9,21.69,21.9,5691
CM.PR.Y.TO,20230321,24.15,24.15,23.92,23.92,2900
CMAG.TO,20230321,23.55,23.65,23.5,23.65,9251
CMAG.U.TO,20230321,17.68,17.72,17.68,17.72,12709
CMAR.TO,20230321,18.57,18.57,18.55,18.55,3695
CMDO.TO,20230321,19.58,19.68,19.57,19.57,1960
CMDO.U.TO,20230321,19.63,19.63,19.6,19.6,5200
CMG.TO,20230321,6.66,6.96,6.66,6.96,97833
CMR.TO,20230321,50.16,50.17,50.15,50.16,28424
CNCC.TO,20230321,12.23,12.23,12.21,12.21,768
CNE.TO,20230321,10.75,10.76,10.33,10.58,20866
CNQ.TO,20230321,71.91,72.99,71.24,72.53,7853657
CNR.TO,20230321,158.59,158.94,156.79,157.46,918975
CNT.TO,20230321,0.075,0.08,0.075,0.08,10100
COG.TO,20230321,0.42,0.42,0.42,0.42,1500
COMM.TO,20230321,25.86,26.32,25.86,26.32,5427
COPP.TO,20230321,25.8,25.8,25.65,25.65,5605
COW.TO,20230321,66.14,66.97,66.14,66.97,1439
CP.TO,20230321,106.72,107.29,105.68,105.97,955720
CPD.TO,20230321,10.95,11.05,10.9,11.05,129964
CPH.TO,20230321,3.48,3.53,3.38,3.38,17472
CPLF.TO,20230321,4.88,5,4.86,4.92,28135
CPX.TO,20230321,41.25,41.57,40.9,40.94,259654
CPX.PR.C.TO,20230321,22.01,22.01,22,22,200
CPX.PR.E.TO,20230321,21.75,21.85,21.75,21.85,1864
CPX.PR.K.TO,20230321,24.71,24.75,24.71,24.75,500
CR.TO,20230321,4.99,5.07,4.94,4.94,263386
CRDL.TO,20230321,0.66,0.68,0.65,0.67,47272
CRON.TO,20230321,2.56,2.69,2.56,2.69,203666
CROP.TO,20230321,17.58,17.62,17.57,17.6,2400
CROP.U.TO,20230321,19.58,19.64,19.58,19.58,3400
CRP.TO,20230321,2.51,2.52,2.51,2.52,819
CRR.UN.TO,20230321,15,15.05,14.8,14.83,83893
CRRX.TO,20230321,2.17,2.19,2.15,2.19,7304
CRT.UN.TO,20230321,15.82,15.83,15.55,15.55,176842
CS.TO,20230321,5.91,6.2,5.91,6.11,1626553
CSAV.TO,20230321,50.18,50.19,50.17,50.19,344496
CSE.PR.A.TO,20230321,13.71,13.71,13.71,13.71,170
CSH.UN.TO,20230321,8.44,8.59,8.43,8.45,712983
CSU.TO,20230321,2397.19,2402.35,2342,2357.79,36666
CSU.DB.TO,20230321,138.5,138.5,138.5,138.5,2000
CSW.A.TO,20230321,15.09,15.2,15,15.15,8847
CSW.B.TO,20230321,13.96,13.96,13.9,13.9,1610
CTC.TO,20230321,327,327,327,327,162
CTC.A.TO,20230321,165.58,166.85,165.37,166.05,172858
CTF.UN.TO,20230321,2.98,3.05,2.98,3.05,2300
CTS.TO,20230321,4.04,4.05,3.87,3.91,1623282
CTX.TO,20230321,0.69,0.69,0.69,0.69,3847
CU.TO,20230321,36.75,36.93,35.87,36,313006
CU.PR.D.TO,20230321,19.51,19.51,19.51,19.51,400
CU.PR.F.TO,20230321,18.8,18.8,18.79,18.79,600
CU.PR.H.TO,20230321,21.5,21.5,21.5,21.5,200
CU.PR.I.TO,20230321,23.98,24.1,23.98,24.1,3400
CU.PR.J.TO,20230321,19.28,19.28,19.2,19.2,2200
CUD.TO,20230321,49.27,49.36,49.14,49.36,2412
CUP.U.TO,20230321,14.04,14.04,14.04,14.04,100
CVD.TO,20230321,17,17.16,17,17.16,407
CVE.TO,20230321,22.69,23.59,22.69,23.14,7320167
CVE.PR.A.TO,20230321,13.57,14.02,13.57,13.97,5200
CVE.PR.B.TO,20230321,16,16.3,16,16.3,1700
CVE.PR.C.TO,20230321,19.26,19.37,19.26,19.34,2200
CVE.PR.E.TO,20230321,20,20.2,20,20.2,1500
CVE.PR.G.TO,20230321,19.48,20,19.48,20,1700
CVE.WT.TO,20230321,16.49,17.07,16.39,16.62,6430
CVO.TO,20230321,6.99,7.34,6.97,7.25,29600
CWB.TO,20230321,24.17,24.3,23.84,23.99,581095
CWB.PR.B.TO,20230321,17.19,17.19,17.05,17.05,2400
CWB.PR.D.TO,20230321,24.65,24.65,24.32,24.45,6400
CWEB.TO,20230321,0.425,0.46,0.42,0.42,52020
CWW.TO,20230321,48.38,48.5,48.38,48.5,436
CXB.TO,20230321,1.2,1.2,1.15,1.16,506804
CXF.TO,20230321,9.53,9.55,9.53,9.55,1600
CXI.TO,20230321,23.95,24.98,23.17,24.7,12283
CYB.TO,20230321,57.9,58.64,57.9,57.99,3368
CYBR.TO,20230321,33.5,34.13,33.5,34.13,5193
CYH.TO,20230321,19.28,19.28,19.28,19.28,725
D.UN.TO,20230321,14.57,14.75,14.57,14.69,116320
DAMG.TO,20230321,19.46,19.46,19.46,19.46,0
DANC.TO,20230321,21.58,21.58,21.58,21.58,2400
DATA.TO,20230321,15.76,15.96,15.76,15.96,350
DATA.B.TO,20230321,17.16,17.16,17.16,17.16,200
DBM.TO,20230321,6.65,6.77,6.61,6.72,167154
DBO.TO,20230321,0.095,0.1,0.095,0.1,95000
DC.A.TO,20230321,1.3,1.3,1.29,1.29,27200
DC.PR.B.TO,20230321,17.5,17.5,17.5,17.5,600
DCBO.TO,20230321,51.82,52.35,51.31,52.35,11636
DCC.TO,20230321,17.89,17.89,17.89,17.89,0
DCG.TO,20230321,17.7,17.7,17.7,17.7,100
DCM.TO,20230321,2.06,2.06,2.01,2.02,6434
DF.TO,20230321,4.02,4.11,4,4.03,30945
DF.PR.A.TO,20230321,9.4,9.45,9.4,9.45,4450
DFN.TO,20230321,7.28,7.35,7.24,7.31,347350
DFN.PR.A.TO,20230321,9.3,9.31,9.28,9.3,71588
DFY.TO,20230321,35.34,35.34,34.91,34.95,61244
DGR.TO,20230321,35.65,35.7,35.58,35.7,900
DGR.B.TO,20230321,39.46,39.6,39.46,39.6,4800
DGRC.TO,20230321,33.86,33.87,33.8,33.8,900
DGS.TO,20230321,5.2,5.35,5.2,5.28,127207
DGS.PR.A.TO,20230321,9.4,9.42,9.37,9.42,24930
DHT.U.TO,20230321,5.37,5.37,5.36,5.36,1300
DHT.UN.TO,20230321,7.55,7.62,7.45,7.51,24779
DIAM.TO,20230321,0.09,0.09,0.09,0.09,73446
DII.A.TO,20230321,4.32,4.5,4.32,4.32,1800
DII.B.TO,20230321,3.95,3.98,3.85,3.89,19130
DIR.UN.TO,20230321,14.21,14.36,14.2,14.21,325984
DISC.TO,20230321,30.15,30.27,30.15,30.27,1490
DIV.TO,20230321,3,3.03,2.96,2.97,209256
DIV.DB.A.TO,20230321,93.5,93.5,93.5,93.5,20000
DIVS.TO,20230321,14.48,14.62,14.48,14.6,3200
DLCG.TO,20230321,2.96,2.96,2.95,2.95,1010
DLR.TO,20230321,14.02,14.1,14,14.08,244019
DLR.U.TO,20230321,10.26,10.27,10.26,10.27,138193
DML.TO,20230321,1.42,1.42,1.37,1.39,988711
DN.TO,20230321,0.075,0.075,0.07,0.07,151035
DND.TO,20230321,18.41,19,18.29,18.72,77620
DNG.TO,20230321,3.07,3.08,3.02,3.08,8493
DNTL.TO,20230321,7.99,8.46,7.91,8.4,198539
DOL.TO,20230321,78.52,79.13,76.25,77.23,594039
DOO.TO,20230321,108.43,110.34,107.84,108.77,106500
DPM.TO,20230321,9.62,9.76,9.47,9.59,748432
DR.TO,20230321,8.16,8.43,8.16,8.38,28041
DRM.TO,20230321,23.27,23.51,23.08,23.34,107616
DRME.TO,20230321,15.76,15.81,15.75,15.81,6600
DRMU.TO,20230321,29.39,29.41,29.39,29.41,2300
DRR.U.TO,20230321,8.7,8.95,8.7,8.95,800
DRT.TO,20230321,0.7,0.71,0.67,0.67,23612
DRT.DB.A.TO,20230321,45,45,40,40,50000
DRX.TO,20230321,2.1,2.1,2.06,2.06,55700
DS.TO,20230321,7.36,7.4,7.09,7.32,17733
DSG.TO,20230321,107.62,108.78,107.43,108.31,104629
DSV.TO,20230321,1.15,1.15,1.08,1.11,220677
DTOL.TO,20230321,7.85,8.1,7.79,8.1,3700
DXC.TO,20230321,32.14,32.17,32.09,32.11,6915
DXDB.TO,20230321,20.58,20.61,20.58,20.59,4100
DXG.TO,20230321,44.13,44.48,44.13,44.43,12325
DXIF.TO,20230321,18.85,19,18.84,19,4938
DXN.TO,20230321,19.48,19.48,19.36,19.36,900
DXO.TO,20230321,18.65,18.65,18.65,18.65,1000
DXP.TO,20230321,19.3,19.49,19.25,19.48,11864
DXQ.TO,20230321,21.36,21.38,21.34,21.38,1000
DXR.TO,20230321,20.66,20.77,20.66,20.77,200
DXT.TO,20230321,5.12,5.13,5.01,5.05,10003
DXU.TO,20230321,41.26,41.84,41.26,41.84,2651
DXV.TO,20230321,19.6,19.65,19.6,19.65,682
DXZ.TO,20230321,10.6,10.75,10.6,10.75,1000
DYA.TO,20230321,0.18,0.185,0.18,0.185,124690
E.TO,20230321,0.4,0.4,0.395,0.395,26010
EAGR.TO,20230321,0.79,0.79,0.75,0.75,6500
EBIT.TO,20230321,14.18,14.44,14.04,14.36,121885
EBIT.U.TO,20230321,10.34,10.53,10.34,10.46,19700
EBNK.TO,20230321,9.02,9.05,9.02,9.02,7318
EBNK.B.TO,20230321,8.83,8.83,8.8,8.83,8900
EBNK.U.TO,20230321,8.15,8.15,8.14,8.14,6100
ECN.TO,20230321,3.37,3.42,3.23,3.32,849150
ECN.DB.TO,20230321,86.5,86.5,82.01,82.01,169000
ECN.DB.A.TO,20230321,80,80,80,80,11000
ECN.PR.C.TO,20230321,22.5,22.7,22.5,22.7,1525
ECO.TO,20230321,3.78,3.79,3.6,3.6,59800
ECOR.TO,20230321,2.3,2.3,2.3,2.3,253
EDGE.TO,20230321,28.8,28.98,28.8,28.98,2935
EDGF.TO,20230321,9.38,9.39,9.37,9.37,800
EDR.TO,20230321,4.68,4.68,4.47,4.5,381534
EDT.TO,20230321,0.335,0.335,0.335,0.335,1500
EDV.TO,20230321,30.07,30.52,29.33,29.71,535228
EFN.TO,20230321,18.52,18.62,18,18.08,1318556
EFN.PR.C.TO,20230321,24,24.05,24,24.05,3300
EFR.TO,20230321,7.49,7.51,7.27,7.45,234384
EFX.TO,20230321,7.61,7.84,7.61,7.74,474854
EGLX.TO,20230321,0.79,0.82,0.78,0.81,109870
EIF.TO,20230321,51.68,52.9,51.68,52.84,89676
EIF.DB.J.TO,20230321,108.8,110.03,108.8,109.7,830000
EIF.DB.K.TO,20230321,111.05,111.15,110.63,111,421000
EIF.DB.L.TO,20230321,104.29,106,104.29,106,1525000
EIF.DB.M.TO,20230321,99,99,99,99,2000
EIT.PR.A.TO,20230321,24.4,24.4,24.35,24.36,7800
EIT.PR.B.TO,20230321,24.01,24.01,24.01,24.01,1270
EIT.UN.TO,20230321,12.56,12.58,12.48,12.52,194337
ELD.TO,20230321,13.49,13.64,12.96,13.08,399240
ELEF.TO,20230321,0.465,0.475,0.465,0.475,3279
ELF.TO,20230321,894.23,894.23,886.32,894,4588
ELF.PR.F.TO,20230321,20.88,20.88,20.81,20.82,2900
ELF.PR.G.TO,20230321,18.83,18.83,18.82,18.82,1800
ELF.PR.H.TO,20230321,21.68,21.72,21.68,21.72,1700
ELO.TO,20230321,3.8,3.95,3.75,3.95,145818
EMA.TO,20230321,55.29,55.29,53.94,54.01,847216
EMA.PR.C.TO,20230321,18.83,18.93,18.83,18.93,700
EMA.PR.E.TO,20230321,18.26,18.33,18.25,18.33,819
EMA.PR.F.TO,20230321,17.55,17.55,17.5,17.5,5420
EMA.PR.H.TO,20230321,20.28,20.28,20.28,20.28,300
EMA.PR.J.TO,20230321,21.4,21.4,21.4,21.4,575
EMA.PR.L.TO,20230321,18.55,18.55,18.55,18.55,800
EMP.A.TO,20230321,34.3,34.59,33.22,33.51,699337
EMV.B.TO,20230321,24.85,24.89,24.85,24.89,300
ENB.TO,20230321,51,51.35,50.57,50.84,3179392
ENB.PF.A.TO,20230321,15.56,15.62,15.51,15.62,2300
ENB.PF.C.TO,20230321,14.66,15.01,14.65,15,2600
ENB.PF.E.TO,20230321,14.35,14.51,14.35,14.4,2700
ENB.PF.G.TO,20230321,14.25,14.47,14.15,14.47,7500
ENB.PF.K.TO,20230321,22.49,22.65,22.48,22.65,6900
ENB.PF.U.TO,20230321,19.61,19.61,19.53,19.55,21550
ENB.PF.V.TO,20230321,19.65,19.65,19.65,19.65,100
ENB.PR.A.TO,20230321,22,22,21.82,21.86,900
ENB.PR.B.TO,20230321,17.6,17.66,17.56,17.6,11500
ENB.PR.D.TO,20230321,17.92,18.04,17.92,18.04,2500
ENB.PR.F.TO,20230321,18.03,18.03,17.91,17.97,8254
ENB.PR.H.TO,20230321,15.66,15.7,15.66,15.7,10900
ENB.PR.J.TO,20230321,16.01,16.1,16.01,16.1,12450
ENB.PR.N.TO,20230321,17.45,17.56,17.42,17.56,2600
ENB.PR.P.TO,20230321,16,16,15.6,15.91,3100
ENB.PR.T.TO,20230321,15.4,15.4,15.4,15.4,233
ENB.PR.V.TO,20230321,21.58,21.9,21.58,21.8,3000
ENB.PR.Y.TO,20230321,14.5,14.68,14.5,14.68,5800
ENCC.TO,20230321,10.57,10.66,10.53,10.62,27682
ENGH.TO,20230321,36.53,37,36.52,36.61,45035
ENI.UN.TO,20230321,1.65,1.69,1.54,1.57,38961
ENS.TO,20230321,15.1,15.18,15.04,15.16,22619
ENS.PR.A.TO,20230321,9.99,10.05,9.99,10.02,17100
EPRX.TO,20230321,3.96,4.03,3.96,4.03,4914
EQB.TO,20230321,55.85,56.54,55.8,56.18,74866
EQB.PR.C.TO,20230321,22.52,22.52,22.52,22.52,693
EQL.TO,20230321,29.44,29.53,29.34,29.52,8859
EQL.F.TO,20230321,25.38,25.61,25.38,25.55,11016
EQL.U.TO,20230321,21.45,21.45,21.45,21.45,100
EQX.TO,20230321,6.02,6.04,5.79,6,934865
ERD.TO,20230321,0.36,0.365,0.34,0.34,73500
ERE.UN.TO,20230321,3.3,3.31,3.22,3.26,115771
ERO.TO,20230321,22.97,23.1,22.55,22.87,141103
ESG.TO,20230321,28.77,28.79,28.77,28.79,2300
ESGA.TO,20230321,31.27,31.27,31.18,31.18,221
ESGC.TO,20230321,23.69,23.69,23.69,23.69,1000
ESGE.TO,20230321,30.11,30.2,30.11,30.2,1739
ESGF.TO,20230321,24.48,24.48,24.48,24.48,200
ESGG.TO,20230321,35,35,35,35,300
ESGY.TO,20230321,38.21,38.21,38.21,38.21,303
ESI.TO,20230321,3.06,3.22,3.06,3.21,351981
ESM.TO,20230321,0.045,0.045,0.045,0.045,318893
ESPX.TO,20230321,20.25,20.29,20.23,20.29,300
ET.TO,20230321,10.41,10.46,10.18,10.37,29463
ETC.TO,20230321,6.67,6.74,6.64,6.73,1368
ETC.U.TO,20230321,6.16,6.17,6.16,6.17,609
ETG.TO,20230321,1.16,1.2,1.16,1.2,51500
ETHH.TO,20230321,7.57,7.65,7.41,7.45,50175
ETHH.B.TO,20230321,8.73,8.83,8.59,8.59,235909
ETHH.U.TO,20230321,8.02,8.02,7.84,7.91,13700
ETHI.TO,20230321,40.1,40.31,40.1,40.31,869
ETHQ.TO,20230321,9.91,10,9.82,9.9,12869
ETHQ.U.TO,20230321,7.23,7.23,7.23,7.23,3000
ETHR.TO,20230321,8.7,8.8,8.59,8.63,58725
ETHR.U.TO,20230321,7.97,7.98,7.93,7.98,7600
ETHX.B.TO,20230321,8.94,9.11,8.84,8.92,231032
ETHX.U.TO,20230321,8.24,8.26,8.08,8.12,81685
ETHY.TO,20230321,2.98,2.99,2.95,2.96,32258
ETHY.B.TO,20230321,3.68,3.72,3.66,3.66,2971
ETHY.U.TO,20230321,2.94,2.94,2.94,2.94,188
ETSX.TO,20230321,19.59,19.59,19.59,19.59,255
EXE.TO,20230321,6.16,6.29,6.16,6.2,74577
EXE.DB.C.TO,20230321,96.7,96.75,96.6,96.75,58000
EXN.TO,20230321,0.39,0.39,0.375,0.375,42754
EXRO.TO,20230321,2.36,2.59,2.31,2.59,515429
EXRO.WT.TO,20230321,1.11,1.21,1.11,1.21,6650
FANS.TO,20230321,0.075,0.075,0.075,0.075,1500
FAP.TO,20230321,2.5,2.5,2.48,2.48,71933
FAR.TO,20230321,1.86,1.89,1.86,1.89,3900
FBGO.TO,20230321,17.38,17.38,17.38,17.38,400
FBTC.TO,20230321,13.08,13.22,12.85,13.14,5410
FBTC.U.TO,20230321,9.41,9.41,9.41,9.41,0
FC.TO,20230321,11.19,11.37,11.17,11.2,17555
FC.DB.H.TO,20230321,95.21,95.21,95.21,95.21,15000
FC.DB.I.TO,20230321,93.01,93.01,93,93,20000
FC.DB.K.TO,20230321,88.9,88.9,88.9,88.9,5000
FCCD.TO,20230321,26.62,26.71,26.62,26.67,1570
FCCQ.TO,20230321,29.64,29.69,29.59,29.6,400
FCCV.TO,20230321,12.8,12.84,12.8,12.8,3359
FCD.UN.TO,20230321,5.74,5.76,5.68,5.69,17948
FCID.TO,20230321,23.34,23.34,23.27,23.27,8094
FCIQ.TO,20230321,32.9,33.07,32.89,32.99,6940
FCIV.TO,20230321,29.35,29.53,29.28,29.53,2300
FCQH.TO,20230321,39.99,39.99,39.99,39.99,100
FCR.UN.TO,20230321,15.56,15.66,15.39,15.46,327251
FCRR.TO,20230321,31.85,31.85,31.85,31.85,100
FCRR.U.TO,20230321,23.22,23.22,23.22,23.22,200
FCU.TO,20230321,0.66,0.68,0.63,0.65,782182
FCUD.TO,20230321,29.17,29.26,29.17,29.24,2200
FCUQ.TO,20230321,42.78,43.02,42.68,43.02,2648
FCUV.TO,20230321,12.88,13.16,12.88,13.16,3095
FCUV.U.TO,20230321,9.39,9.39,9.39,9.39,0
FDN.TO,20230321,15.97,15.97,15.97,15.97,5000
FDN.F.TO,20230321,10.71,10.71,10.71,10.71,0
FDY.TO,20230321,0.8,0.8,0.75,0.77,107633
FEC.TO,20230321,11.76,11.85,11.34,11.47,83943
FETH.TO,20230321,33.84,33.84,33.84,33.84,110
FF.TO,20230321,0.18,0.18,0.175,0.18,94472
FFH.TO,20230321,900.6,915.47,892.12,906.91,42508
FFH.PR.C.TO,20230321,18.05,18.29,18.05,18.29,4600
FFH.PR.D.TO,20230321,20,20,19.99,19.99,309
FFH.PR.E.TO,20230321,14.49,14.49,14.05,14.2,4665
FFH.PR.G.TO,20230321,14.5,14.5,14.48,14.48,5100
FFH.PR.I.TO,20230321,15.65,15.65,15.54,15.62,2200
FFH.PR.J.TO,20230321,18.8,18.8,18.6,18.6,3000
FFH.PR.K.TO,20230321,19.24,19.24,19.14,19.15,4500
FFH.PR.M.TO,20230321,20.7,20.7,20.68,20.7,2900
FFH.U.TO,20230321,667.32,667.32,667.32,667.32,100
FFN.TO,20230321,4.38,4.45,4.33,4.35,168588
FFN.PR.A.TO,20230321,9.46,9.48,9.45,9.46,29770
FGB.TO,20230321,17.94,17.94,17.94,17.94,600
FGGE.TO,20230321,20.32,20.32,20.32,20.32,521
FGO.TO,20230321,10.17,10.17,10.15,10.17,16227
FHG.TO,20230321,39.29,39.43,39.28,39.43,7900
FHI.TO,20230321,11.37,11.37,11.36,11.36,2700
FHI.B.TO,20230321,12.66,12.66,12.66,12.66,100
FHIS.TO,20230321,20.22,20.24,20.21,20.23,25600
FIE.TO,20230321,6.68,6.69,6.66,6.68,143427
FIG.TO,20230321,9.35,9.35,9.3,9.3,3200
FIG.U.TO,20230321,8.8,8.8,8.8,8.8,500
FIH.U.TO,20230321,12.61,12.88,12.3,12.45,33785
FIL.TO,20230321,19.74,20.5,19.33,19.59,221946
FLCP.TO,20230321,17.63,17.63,17.63,17.63,1687
FLGA.TO,20230321,18.62,18.64,18.55,18.61,1700
FLI.TO,20230321,9.12,9.14,9.1,9.1,4154
FLNT.TO,20230321,0.04,0.04,0.04,0.04,20000
FLOW.TO,20230321,0.57,0.57,0.55,0.55,21536
FLSD.TO,20230321,18.62,18.62,18.58,18.58,1600
FLUS.TO,20230321,32.05,32.05,32.05,32.05,123
FLX.TO,20230321,6.61,6.61,6.61,6.61,1000
FM.TO,20230321,27.4,27.85,26.89,27.75,1689917
FN.TO,20230321,38.48,38.93,38.48,38.71,17236
FN.PR.A.TO,20230321,11.04,11.04,11.04,11.04,400
FN.PR.B.TO,20230321,14.78,14.78,14.78,14.78,100
FNV.TO,20230321,194.68,195.34,191.16,192.98,330265
FOOD.TO,20230321,0.6,0.6,0.58,0.6,66978
FOOD.DB.A.TO,20230321,33,33,33,33,22000
FORA.TO,20230321,5.61,6,5.59,6,2900
FRU.TO,20230321,14.44,14.57,14.23,14.4,428349
FSB.TO,20230321,9.6,9.61,9.59,9.59,16188
FSF.TO,20230321,20.35,20.35,20.35,20.35,100
FSL.TO,20230321,16.77,16.88,16.77,16.88,3700
FSV.TO,20230321,187.47,188.88,185.34,186.04,63340
FSY.TO,20230321,0.45,0.455,0.45,0.455,14500
FSZ.TO,20230321,7.86,7.98,7.8,7.84,241615
FT.TO,20230321,0.07,0.07,0.065,0.065,15168
FTG.TO,20230321,2.93,2.95,2.83,2.89,15000
FTN.TO,20230321,9.01,9.18,8.98,9.09,238950
FTN.PR.A.TO,20230321,9.65,9.7,9.64,9.7,14738
FTS.TO,20230321,57.51,57.51,55.63,55.99,1276066
FTS.PR.F.TO,20230321,20.44,20.57,20.4,20.57,2900
FTS.PR.G.TO,20230321,17.92,17.92,17.58,17.65,1276
FTS.PR.H.TO,20230321,12.78,12.8,12.78,12.8,8600
FTS.PR.I.TO,20230321,16.15,16.15,16.14,16.14,700
FTS.PR.J.TO,20230321,19.85,19.92,19.84,19.86,3529
FTS.PR.K.TO,20230321,16.01,16.01,16.01,16.01,149
FTS.PR.M.TO,20230321,16.75,17,16.75,16.91,15600
FTT.TO,20230321,33.5,34.01,33.5,33.7,252031
FTU.TO,20230321,0.25,0.25,0.25,0.25,0
FTU.PR.B.TO,20230321,6.31,6.31,6.25,6.25,3300
FURY.TO,20230321,0.72,0.74,0.7,0.73,399915
FVI.TO,20230321,4.72,4.72,4.47,4.52,930030
FVI.DB.U.TO,20230321,95.08,95.08,95.08,95.08,0
FVL.TO,20230321,0.435,0.435,0.43,0.43,20397
FWCP.TO,20230321,17.28,17.28,17.28,17.28,400
FXM.TO,20230321,20.02,20.02,19.98,19.98,2858
G.TO,20230321,1.28,1.31,1.26,1.26,44984
GATO.TO,20230321,6.26,6.36,6.19,6.35,110428
GAU.TO,20230321,0.73,0.73,0.73,0.73,518
GBAL.TO,20230321,40.81,40.97,40.81,40.95,1221
GBT.TO,20230321,14.31,14.31,13.78,14,4000
GCBD.TO,20230321,17.99,17.99,17.99,17.99,684
GCG.TO,20230321,39.41,39.41,39.4,39.4,200
GCG.A.TO,20230321,39.73,39.73,39.26,39.43,3212
GCL.TO,20230321,0.78,0.78,0.77,0.77,67501
GCSC.TO,20230321,20.29,20.29,20.29,20.29,203
GDI.TO,20230321,44.56,44.7,43.75,44.5,7149
GDL.TO,20230321,14.8,14.8,14.8,14.8,500
GDPY.TO,20230321,20.11,20.12,20.11,20.12,3100
GDPY.B.TO,20230321,19.63,19.63,19.63,19.63,1400
GDV.TO,20230321,10.17,10.36,10.17,10.28,9811
GDV.PR.A.TO,20230321,9.39,9.42,9.36,9.37,4363
GEI.TO,20230321,21.99,22.28,21.79,22.07,536954
GENM.TO,20230321,0.58,0.58,0.57,0.57,21500
GEO.TO,20230321,3.16,3.19,3.09,3.14,34260
GEQT.TO,20230321,44.81,45.05,44.81,45.05,643
GFL.TO,20230321,45.84,45.84,45.19,45.23,143558
GFP.TO,20230321,1.32,1.32,1.28,1.32,15377
GGD.TO,20230321,2,2.02,1.92,1.96,315559
GGRO.TO,20230321,43.08,43.08,43.08,43.08,287
GH.TO,20230321,8.01,8.01,8,8,4600
GIB.A.TO,20230321,126.33,126.94,125.06,125.67,294207
GIL.TO,20230321,43.32,44.65,43.32,44.2,376003
GIVX.TO,20230321,0.52,0.53,0.52,0.53,7000
GLCC.TO,20230321,25.35,25.35,24.83,25.13,26847
GLO.TO,20230321,2.75,2.82,2.71,2.8,246550
GLXY.TO,20230321,4.61,4.82,4.58,4.81,733039
GMTN.TO,20230321,0.195,0.2,0.195,0.2,56064
GMX.TO,20230321,0.73,0.73,0.72,0.72,3500
GOLD.TO,20230321,1.52,1.52,1.45,1.48,146983
GOOS.TO,20230321,25.12,25.93,25.12,25.56,317351
GRA.TO,20230321,2.65,2.76,2.65,2.76,46938
GRID.TO,20230321,0.82,0.82,0.82,0.82,3000
GRN.TO,20230321,0.315,0.34,0.315,0.32,175872
GRT.UN.TO,20230321,83.91,84.25,82.44,82.82,30255
GSY.TO,20230321,108,112.58,108,111.34,37847
GTE.TO,20230321,1.04,1.08,1.03,1.08,521874
GUD.TO,20230321,4.96,5,4.95,4.96,64513
GURU.TO,20230321,3.03,3.23,2.93,3,10694
GWO.TO,20230321,35,35.15,34.66,34.71,1890333
GWO.PR.G.TO,20230321,20.98,20.98,20.98,20.98,763
GWO.PR.H.TO,20230321,19.54,19.54,19.54,19.54,400
GWO.PR.I.TO,20230321,18.59,18.59,18.59,18.59,224
GWO.PR.L.TO,20230321,22.5,22.5,22.36,22.36,500
GWO.PR.N.TO,20230321,12.23,12.4,12.23,12.4,960
GWO.PR.P.TO,20230321,21.64,21.7,21.64,21.7,4100
GWO.PR.Q.TO,20230321,20.61,20.61,20.61,20.61,100
GWO.PR.T.TO,20230321,20.65,20.75,20.65,20.75,728
GWO.PR.Y.TO,20230321,18.51,18.65,18.51,18.65,2210
GXE.TO,20230321,1.02,1.02,0.97,0.97,1734734
H.TO,20230321,37.61,37.74,36.66,36.81,954716
HAB.TO,20230321,9.75,9.75,9.73,9.73,722
HAC.TO,20230321,24.56,24.56,24.53,24.53,2025
HAF.TO,20230321,6.86,6.86,6.86,6.86,300
HAI.TO,20230321,4.3,4.32,4.26,4.26,5910
HAL.TO,20230321,19.16,19.16,19.14,19.14,921
HAZ.TO,20230321,27.53,27.64,27.53,27.64,563
HBA.TO,20230321,20.62,20.74,20.62,20.74,4909
HBAL.TO,20230321,12.69,12.69,12.69,12.69,100
HBB.TO,20230321,46.1,46.25,45.98,45.98,12158
HBD.TO,20230321,10.46,10.69,10.46,10.69,6165
HBF.TO,20230321,9.3,9.37,9.29,9.36,20316
HBF.B.TO,20230321,10.23,10.29,10.23,10.29,203
HBF.U.TO,20230321,10.31,10.36,10.31,10.36,2700
HBGD.TO,20230321,16.17,16.17,16.17,16.17,141
HBKD.TO,20230321,21.55,21.55,21.55,21.55,4600
HBKU.TO,20230321,17.85,17.85,17.76,17.76,400
HBLK.TO,20230321,9.91,10.35,9.91,10.35,2406
HBM.TO,20230321,6.59,6.75,6.55,6.7,1315386
HBU.TO,20230321,11.72,11.72,11.47,11.47,13311
HCA.TO,20230321,20.8,20.81,20.7,20.73,20502
HCAL.TO,20230321,19.91,19.94,19.78,19.81,77498
HCLN.TO,20230321,12.04,12.15,12.04,12.15,3810
HCON.TO,20230321,12,12,12,12,320
HCRE.TO,20230321,24.8,24.8,24.8,24.8,400
HDIF.TO,20230321,7.81,7.81,7.75,7.79,66641
HDIV.TO,20230321,15.27,15.29,15.18,15.26,56834
HED.TO,20230321,7.46,7.49,7.17,7.25,127630
HERO.TO,20230321,26,26.18,26,26.07,25600
HEU.TO,20230321,20,20.95,20,20.74,125532
HEWB.TO,20230321,28.22,28.36,28.22,28.24,8679
HFD.TO,20230321,12.02,12.02,11.88,11.95,14711
HFG.TO,20230321,18.81,18.81,18.8,18.81,4861
HFIN.TO,20230321,13,13.05,12.97,12.97,7059
HFR.TO,20230321,9.73,9.74,9.72,9.72,7854
HFU.TO,20230321,16.92,16.98,16.81,16.83,12637
HGD.TO,20230321,5.8,6.06,5.76,5.94,247570
HGGG.TO,20230321,26.84,26.86,26.7,26.86,6200
HGR.TO,20230321,6.38,6.38,6.32,6.32,797
HGU.TO,20230321,15.04,15.04,14.17,14.51,220997
HGY.TO,20230321,9.93,9.93,9.75,9.75,16875
HHL.TO,20230321,7.86,7.87,7.81,7.86,53604
HHL.B.TO,20230321,8.56,8.56,8.56,8.56,1001
HHL.U.TO,20230321,8.22,8.22,8.21,8.21,700
HHLE.TO,20230321,9.95,9.95,9.9,9.94,992
HIG.TO,20230321,8.37,8.37,8.37,8.37,500
HISU.U.TO,20230321,100.29,100.29,100.29,100.29,6300
HIU.TO,20230321,14.83,14.91,14.77,14.78,50984
HIX.TO,20230321,29.94,30.02,29.85,29.97,4178
HLF.TO,20230321,13.9,14.18,13.9,14.18,15100
HLFE.TO,20230321,10.07,10.07,10.07,10.07,100
HLIF.TO,20230321,8.94,8.94,8.9,8.9,2450
HLIT.TO,20230321,33.82,34.15,33.82,34.15,263
HLPR.TO,20230321,21.7,21.94,21.7,21.94,300
HLS.TO,20230321,7,7.03,6.8,7,40725
HMAX.TO,20230321,14.82,14.83,14.76,14.77,130881
HMM.A.TO,20230321,5.6,5.65,5.6,5.6,4215
HMMJ.TO,20230321,10.54,10.97,10.54,10.91,2763
HMP.TO,20230321,9.37,9.38,9.34,9.34,16540
HND.TO,20230321,71.4,71.8,58.41,60.54,564239
HNU.TO,20230321,18.29,22.05,18.22,21.25,2183075
HOD.TO,20230321,13.48,13.66,13.05,13.11,595452
HOM.U.TO,20230321,13.61,13.61,13.26,13.4,8967
HOM.UN.TO,20230321,18.72,18.77,18.2,18.43,19112
HOT.U.TO,20230321,1.84,1.84,1.84,1.84,100
HOT.UN.TO,20230321,2.51,2.51,2.44,2.45,102550
HOU.TO,20230321,10.87,11.23,10.74,11.16,1664680
HPF.TO,20230321,3.29,3.33,3.29,3.33,7759
HPF.U.TO,20230321,3.94,4.02,3.94,3.95,21199
HPR.TO,20230321,7.51,7.6,7.5,7.59,46255
HPS.A.TO,20230321,36.16,36.7,35.25,35.89,14177
HQD.TO,20230321,27.42,27.71,26.92,27.06,402289
HQD.U.TO,20230321,19.96,20.06,19.96,20.06,1500
HQU.TO,20230321,10.33,10.52,10.24,10.47,691595
HR.UN.TO,20230321,12.48,12.59,12.45,12.47,479166
HRAA.TO,20230321,10.68,10.68,10.68,10.68,1180
HRED.TO,20230321,14.6,14.6,14.6,14.6,2000
HRX.TO,20230321,13.07,13.19,12.79,12.8,16987
HSAV.TO,20230321,104.9,105.05,104.86,105.03,35792
HSD.TO,20230321,30.7,30.95,30.34,30.45,446900
HSH.TO,20230321,48.86,49.06,48.86,49.06,800
HSU.TO,20230321,13.44,13.57,13.34,13.53,386479
HSUV.U.TO,20230321,103.36,103.39,103.35,103.38,5087
HTA.TO,20230321,13.31,13.44,13.26,13.42,14486
HTA.U.TO,20230321,14.15,14.19,14.07,14.07,2297
HTAE.TO,20230321,11.52,11.56,11.37,11.54,6390
HTB.TO,20230321,56.23,56.26,56.19,56.19,400
HUBL.TO,20230321,10.99,11.06,10.99,11.06,1217
HUC.TO,20230321,18.28,18.43,18.15,18.43,36573
HULC.TO,20230321,63.79,64.23,63.73,64.23,1800
HUM.TO,20230321,22.5,22.66,22.5,22.66,1400
HUN.TO,20230321,11.55,12.1,11.55,12.09,18069
HURA.TO,20230321,21.35,21.62,21.35,21.62,3993
HUT.TO,20230321,2.54,2.75,2.51,2.75,5542531
HUTE.TO,20230321,10.62,10.62,10.62,10.62,187
HUTL.TO,20230321,17.64,17.64,17.36,17.45,7605
HUTS.TO,20230321,13.81,13.85,13.74,13.74,3638
HUV.TO,20230321,36.03,36.07,34.44,34.55,89974
HUZ.TO,20230321,10.5,10.5,10.46,10.46,400
HWO.TO,20230321,1.46,1.46,1.41,1.46,18050
HWX.TO,20230321,6.2,6.46,6.2,6.32,1324295
HXCN.TO,20230321,30.51,30.59,30.51,30.59,7700
HXD.TO,20230321,7.27,7.3,7.22,7.27,279412
HXDM.TO,20230321,39.2,39.41,39.12,39.38,15050
HXE.TO,20230321,28,28.43,28,28.34,3079
HXEM.TO,20230321,31.05,31.25,31.04,31.25,2901
HXF.TO,20230321,57,57.35,57,57.35,644
HXH.TO,20230321,43.31,43.31,43.31,43.31,100
HXQ.TO,20230321,49.15,49.73,49.1,49.73,15827
HXQ.U.TO,20230321,35.96,35.96,35.96,35.96,100
HXS.TO,20230321,54.82,55.29,54.75,55.22,8141
HXS.U.TO,20230321,40.25,40.25,40.25,40.25,250
HXT.TO,20230321,48.57,48.72,48.45,48.52,239715
HXU.TO,20230321,17.9,17.97,17.81,17.82,38760
HXX.TO,20230321,41.4,41.6,41.4,41.6,615
HYBR.TO,20230321,7.75,7.8,7.75,7.8,5838
HYLD.TO,20230321,11.8,11.81,11.73,11.79,81759
HYLD.U.TO,20230321,11.93,11.97,11.9,11.97,1092
HZD.TO,20230321,16.67,17.01,16.67,16.8,17325
HZU.TO,20230321,20.32,20.32,19.71,19.99,45854
IAG.TO,20230321,82.98,84.14,82.89,83.17,268342
IAU.TO,20230321,3.04,3.05,2.93,2.94,545716
IBG.DB.E.TO,20230321,100,100,100,100,1000
ICPB.TO,20230321,9.32,9.32,9.32,9.32,100
IDIV.B.TO,20230321,11.57,11.59,11.57,11.57,4700
IE.TO,20230321,16.18,16.75,16.18,16.3,16486
IFA.TO,20230321,0.9,0.9,0.84,0.84,22900
IFC.TO,20230321,190.66,190.66,189.17,189.62,198092
IFC.PR.A.TO,20230321,16.9,16.94,16.9,16.94,500
IFC.PR.C.TO,20230321,17.46,17.62,17.46,17.62,300
IFC.PR.E.TO,20230321,21.29,21.29,21.29,21.29,300
IFC.PR.G.TO,20230321,19.49,19.81,19.49,19.79,2870
IFC.PR.I.TO,20230321,21.7,21.78,21.7,21.78,200
IFC.PR.K.TO,20230321,21.2,21.45,21.2,21.25,9300
IFP.TO,20230321,24.56,24.56,23.94,24.06,167007
IGCF.TO,20230321,16.26,16.26,16.26,16.26,100
IGM.TO,20230321,40.46,41.25,40.46,41.1,353954
IIAE.TO,20230321,20.3,20.3,20.3,20.3,0
III.TO,20230321,1.91,1.92,1.88,1.88,1350
IIP.UN.TO,20230321,13.16,13.25,12.99,12.99,238055
ILGB.TO,20230321,8.58,8.58,8.58,8.58,0
IMG.TO,20230321,3.42,3.48,3.32,3.34,764642
IMO.TO,20230321,65.23,66.29,64.79,65.49,1137717
IMP.TO,20230321,0.73,0.73,0.73,0.73,2002
INC.UN.TO,20230321,11.51,11.55,11.39,11.54,2570
INE.TO,20230321,14.69,14.9,14.51,14.61,382822
INE.DB.C.TO,20230321,95.5,95.5,95.5,95.5,8000
INE.PR.A.TO,20230321,13.79,13.79,13.75,13.75,1900
INO.UN.TO,20230321,3.73,3.73,3.63,3.63,44357
INOC.TO,20230321,12.36,12.36,12.36,12.36,1200
IPCO.TO,20230321,13.33,13.45,13.06,13.43,169789
IPO.TO,20230321,2.63,2.73,2.59,2.69,410431
IQD.TO,20230321,29.83,29.83,29.83,29.83,200
IQD.B.TO,20230321,26.73,26.74,26.73,26.74,300
ISV.TO,20230321,22.5,22.58,22.17,22.17,800
ITE.TO,20230321,0.295,0.295,0.29,0.295,319232
ITH.TO,20230321,0.69,0.7,0.69,0.69,16000
IVN.TO,20230321,11.65,11.7,11.4,11.65,1658847
IVQ.TO,20230321,1.13,1.17,1.13,1.17,7000
IVQ.DB.U.TO,20230321,70.98,70.98,70.98,70.98,2000
IWBE.TO,20230321,17.47,17.47,17.47,17.47,800
IXTE.TO,20230321,18.44,18.44,18.39,18.39,300
JAG.TO,20230321,2.79,2.79,2.6,2.69,23725
JFS.UN.TO,20230321,23.85,23.88,23.85,23.88,1100
JOY.TO,20230321,5.52,5.7,5.46,5.51,449179
JWEL.TO,20230321,30.08,30.16,29.6,29.62,54046
K.TO,20230321,5.73,5.76,5.6,5.68,3378562
KBL.TO,20230321,30.72,30.79,30.43,30.79,2809
KEC.TO,20230321,11.74,11.85,11.63,11.75,25358
KEG.UN.TO,20230321,15.76,15.76,15.7,15.73,6643
KEI.TO,20230321,5.46,5.72,5.46,5.65,37466
KEL.TO,20230321,4.63,4.77,4.63,4.74,251270
KEY.TO,20230321,28.81,29.12,28.64,28.81,639087
KILO.TO,20230321,29.42,29.42,29.09,29.1,5353
KILO.B.TO,20230321,31.74,31.74,31.74,31.74,155
KITS.TO,20230321,4.05,4.05,4,4,15310
KLS.TO,20230321,0.455,0.455,0.43,0.44,61320
KMP.UN.TO,20230321,17.24,17.33,16.89,16.93,147954
KNT.TO,20230321,7.99,8.05,7.75,7.85,639597
KPT.TO,20230321,10.27,10.27,10.2,10.27,6665
KRN.TO,20230321,0.245,0.25,0.235,0.235,15000
KRR.TO,20230321,4.74,4.84,4.7,4.7,697172
KSI.TO,20230321,2.61,2.66,2.6,2.66,5140
KXS.TO,20230321,179.99,184.27,178.56,183.09,95732
L.TO,20230321,116.56,117.13,113.92,114.22,533581
L.PR.B.TO,20230321,22.48,22.49,22.24,22.49,1360
LABS.TO,20230321,0.075,0.075,0.07,0.07,51100
LAC.TO,20230321,28.23,28.76,27.68,28.56,616604
LAM.TO,20230321,0.415,0.42,0.4,0.42,49299
LAS.A.TO,20230321,113.1,113.5,112.25,113.5,1395
LB.TO,20230321,31.61,32.37,31.61,32.05,103339
LB.PR.H.TO,20230321,15.95,16.05,15.94,16.05,1150
LBS.TO,20230321,8.65,8.65,8.61,8.65,97609
LBS.PR.A.TO,20230321,9.93,9.94,9.91,9.94,20000
LCFS.TO,20230321,8.14,8.7,8.14,8.7,7265
LCS.TO,20230321,4.96,5.2,4.96,5.08,35227
LCS.PR.A.TO,20230321,10.05,10.05,10.05,10.05,5500
LEAD.TO,20230321,14.7,14.7,14.7,14.7,1500
LEAD.B.TO,20230321,15.41,15.41,15.41,15.41,100
LEV.TO,20230321,2.52,2.62,2.52,2.62,479145
LEV.WT.TO,20230321,0.3,0.3,0.3,0.3,700
LEV.WT.A.TO,20230321,0.76,0.82,0.71,0.82,29093
LFE.TO,20230321,2.91,3,2.91,2.97,12200
LFE.PR.B.TO,20230321,10.03,10.03,10,10.03,6359
LGD.TO,20230321,0.55,0.55,0.53,0.54,73965
LGO.TO,20230321,6.86,6.86,6.63,6.73,32027
LIF.TO,20230321,31.97,32.15,31.42,31.73,295918
LIFE.TO,20230321,20.91,20.97,20.87,20.97,4600
LIFE.B.TO,20230321,24.11,24.2,24.11,24.2,1559
LIRC.TO,20230321,16.35,16.4,16.2,16.31,13415
LN.TO,20230321,0.42,0.42,0.41,0.41,21512
LNF.TO,20230321,18.01,18.07,17.72,18.07,6423
LNR.TO,20230321,60.95,62.02,60.95,61.21,119214
LPEN.TO,20230321,1.07,1.23,1.02,1.2,38819
LSPD.TO,20230321,20.29,21.33,20.29,21.13,873575
LSPK.TO,20230321,0.65,0.65,0.54,0.61,30954
LUC.TO,20230321,0.55,0.55,0.54,0.54,17650
LUG.TO,20230321,14.5,14.56,14.08,14.2,390913
LUN.TO,20230321,7.95,8.02,7.88,7.98,3354057
MAG.TO,20230321,16.38,16.48,15.91,16.44,441035
MAL.TO,20230321,7.65,7.65,7.25,7.51,13227
MARI.TO,20230321,3.38,3.45,3.31,3.33,15450
MAYB.F.TO,20230321,34.59,34.64,34.59,34.64,2000
MBX.TO,20230321,0.37,0.375,0.37,0.37,23025
MCB.TO,20230321,1.25,1.28,1.25,1.27,31789
MCSM.TO,20230321,35.05,35.05,35.05,35.05,100
MDA.TO,20230321,7,7.11,7,7.03,32699
MDI.TO,20230321,9.78,9.86,9.54,9.65,66482
MDIV.TO,20230321,12.93,12.93,12.92,12.92,17463
MDNA.TO,20230321,0.75,0.76,0.75,0.76,6233
MDP.TO,20230321,1.38,1.41,1.31,1.33,17576
MDS.UN.TO,20230321,11,11,11,11,300
MDVD.TO,20230321,22.18,22.18,21.93,22.16,1100
MEE.TO,20230321,22.74,22.8,22.74,22.8,2509
MEG.TO,20230321,20.02,20.5,19.9,20.4,2709500
MEQ.TO,20230321,127.07,129.25,127.07,129.25,1113
MFC.TO,20230321,24.95,25.03,24.64,24.67,4622206
MFC.PR.B.TO,20230321,19.48,19.48,19.26,19.35,3380
MFC.PR.C.TO,20230321,18.74,18.99,18.74,18.89,4956
MFC.PR.F.TO,20230321,13,13,12.99,12.99,300
MFC.PR.I.TO,20230321,22.8,22.84,22.8,22.84,17000
MFC.PR.J.TO,20230321,21.6,22.29,21.6,22.01,2442
MFC.PR.K.TO,20230321,18.74,18.74,18.65,18.65,507
MFC.PR.L.TO,20230321,17.38,17.38,16.92,16.92,950
MFC.PR.M.TO,20230321,17.27,17.27,17.27,17.27,1300
MFC.PR.N.TO,20230321,16.83,16.99,16.83,16.99,2301
MFC.PR.Q.TO,20230321,19.42,19.61,19.36,19.61,1021
MFI.TO,20230321,24.3,24.56,24.11,24.25,183153
MFT.TO,20230321,17.22,17.31,17.22,17.29,44548
MG.TO,20230321,70.01,71.07,70.01,70.61,578572
MGA.TO,20230321,0.185,0.19,0.185,0.19,93000
MGB.TO,20230321,16.67,16.67,16.59,16.64,1600
MHC.U.TO,20230321,17,17.42,16.98,17.06,2750
MHC.UN.TO,20230321,23.3,24.98,23.3,23.97,500
MHCD.TO,20230321,10.83,10.83,10.83,10.83,200
MI.UN.TO,20230321,14.64,14.89,14.32,14.39,56588
MIC.PR.A.TO,20230321,20.1,20.1,20.1,20.1,200
MID.UN.TO,20230321,6.41,6.44,6.33,6.36,6300
MIN.TO,20230321,0.22,0.23,0.205,0.225,24298
MINN.TO,20230321,12.63,12.63,12.63,12.63,100
MINT.TO,20230321,31.53,31.59,31.53,31.57,2100
MKB.TO,20230321,18.82,19.04,18.82,19.01,14361
MKC.TO,20230321,28.88,28.9,28.86,28.86,1230
MKP.TO,20230321,15.23,15.23,15,15.15,6411
MMP.UN.TO,20230321,2,2,1.96,1.97,6474
MND.TO,20230321,2.22,2.28,2.22,2.28,14665
MNO.TO,20230321,0.47,0.47,0.44,0.46,313279
MNS.TO,20230321,17.65,17.77,17.53,17.77,2718
MNT.TO,20230321,27.2,27.2,26.8,26.9,6451
MNT.U.TO,20230321,19.44,19.44,19.44,19.44,2600
MNY.TO,20230321,100.28,100.29,100.28,100.29,225
MOGO.TO,20230321,0.75,0.8,0.75,0.8,48920
MPCT.DB.A.TO,20230321,85.01,89.99,85.01,87,30000
MPCT.UN.TO,20230321,3.05,3.1,3.01,3.07,45981
MPVD.TO,20230321,0.52,0.52,0.48,0.49,128900
MR.UN.TO,20230321,5.4,5.55,5.4,5.47,2100
MRC.TO,20230321,105.92,109.03,105.92,107.51,2037
MRD.TO,20230321,11.62,11.77,11.57,11.77,3975
MRE.TO,20230321,12.67,13.27,12.67,13.09,256257
MREL.TO,20230321,12.37,12.37,12.2,12.2,2184
MRG.DB.B.TO,20230321,99,99.5,99,99.25,102000
MRG.UN.TO,20230321,17.52,17.8,17.5,17.57,48129
MRT.DB.A.TO,20230321,97,97,97,97,2000
MRT.UN.TO,20230321,5.3,5.3,5.27,5.3,2781
MRU.TO,20230321,70.55,70.81,69.64,69.9,347531
MSA.TO,20230321,0.68,0.68,0.66,0.66,16819
MTL.TO,20230321,14.6,14.68,14.48,14.51,233580
MTL.DB.TO,20230321,115.73,115.73,115.73,115.73,20000
MTY.TO,20230321,61.49,61.73,60.62,60.72,22920
MUB.TO,20230321,18.17,18.39,18.17,18.39,37748
MULC.B.TO,20230321,42.07,42.17,42.07,42.17,300
MUMC.TO,20230321,35.41,35.51,35.41,35.51,800
MUS.TO,20230321,31.94,32.04,31.94,32.04,1111
MUSA.TO,20230321,13.99,13.99,13.97,13.97,4000
MUX.TO,20230321,10.66,10.66,10,10.44,44738
MWD.TO,20230321,26.34,26.38,26.33,26.38,2400
MX.TO,20230321,63.07,64.32,63.07,64.19,197394
MXG.TO,20230321,4.3,4.31,4.22,4.26,4201
MXU.TO,20230321,21.23,21.27,21.23,21.27,2300
NA.TO,20230321,96.02,97.05,96,96.44,4382419
NA.PR.C.TO,20230321,25.42,25.42,25.35,25.38,55100
NA.PR.E.TO,20230321,20.58,20.7,20.5,20.59,1536
NA.PR.G.TO,20230321,20.75,21,20.75,20.95,8150
NA.PR.S.TO,20230321,17,17.45,17,17.44,2700
NA.PR.W.TO,20230321,16.48,16.67,16.48,16.67,12762
NALT.TO,20230321,23.7,23.7,23.53,23.57,17480
NANO.TO,20230321,3.45,3.45,3.3,3.33,134343
NCP.TO,20230321,0.05,0.05,0.05,0.05,17000
NCU.TO,20230321,0.36,0.375,0.36,0.365,121440
NDM.TO,20230321,0.305,0.32,0.305,0.315,59310
NEO.TO,20230321,9.13,9.31,9.04,9.11,69271
NEXT.TO,20230321,2.36,2.36,2.12,2.13,97763
NFI.TO,20230321,8.55,8.75,8.55,8.63,252737
NFI.DB.TO,20230321,82,82,80,80,38000
NG.TO,20230321,7.96,8.01,7.69,7.76,109176
NGD.TO,20230321,1.28,1.28,1.22,1.24,820857
NGT.TO,20230321,64.29,64.36,62.86,63.93,141365
NHYB.TO,20230321,20.63,20.64,20.63,20.64,233
NOA.TO,20230321,22.23,22.52,22.17,22.3,31164
NOA.DB.A.TO,20230321,113,113,113,113,25000
NOVC.TO,20230321,0.79,0.79,0.79,0.79,1500
NPI.TO,20230321,33.37,33.54,33.12,33.24,451652
NPI.PR.A.TO,20230321,16.35,16.35,16.34,16.34,500
NPK.TO,20230321,5.75,5.75,5.32,5.43,115203
NPRF.TO,20230321,19.69,19.73,19.65,19.73,3524
NSCB.TO,20230321,22.22,22.23,22.1,22.1,900
NSCC.TO,20230321,21.47,21.51,21.47,21.47,1000
NSSB.TO,20230321,9.61,9.62,9.61,9.61,500
NTR.TO,20230321,102.81,104.31,102.17,103.1,1234592
NUAG.TO,20230321,3.25,3.25,3.06,3.16,18573
NUBF.TO,20230321,21.11,21.11,21.07,21.08,7169
NUMI.TO,20230321,0.18,0.185,0.18,0.18,320344
NVA.TO,20230321,11.5,12.18,11.47,12.12,1651550
NVEI.TO,20230321,56.96,58.96,56.91,58.62,260786
NVO.TO,20230321,0.35,0.375,0.345,0.35,72308
NWC.TO,20230321,36,36.75,35.97,36.55,119097
NWH.DB.G.TO,20230321,98.5,98.75,98,98.5,44000
NWH.DB.H.TO,20230321,97,97,97,97,60000
NWH.UN.TO,20230321,8.88,8.92,8.75,8.75,834788
NXE.TO,20230321,5.15,5.3,5.13,5.21,1143116
NXF.TO,20230321,5.72,5.76,5.69,5.76,50682
NXF.B.TO,20230321,7.33,7.33,7.33,7.33,300
NXF.U.TO,20230321,9.96,9.96,9.96,9.96,0
NXR.UN.TO,20230321,9.68,9.83,9.54,9.64,183656
OBE.TO,20230321,8.21,8.47,8.17,8.39,354412
OGC.TO,20230321,3.01,3.06,2.86,2.95,1987599
OGD.TO,20230321,0.81,0.84,0.81,0.84,39000
OGI.TO,20230321,0.84,0.91,0.82,0.91,385280
OLA.TO,20230321,6.25,6.37,6.14,6.36,541155
OLY.TO,20230321,83.44,83.44,83.44,83.44,161
ONC.TO,20230321,1.76,1.78,1.69,1.78,66497
ONEQ.TO,20230321,31.86,31.86,31.86,31.86,200
ONEX.TO,20230321,66.91,67.11,66.46,66.73,315212
OPT.TO,20230321,16.9,16.9,16.5,16.5,200
OR.TO,20230321,19.9,19.97,19.37,19.76,404752
ORA.TO,20230321,10.12,10.12,9.65,9.75,34822
ORE.TO,20230321,1.26,1.27,1.22,1.27,98979
ORV.TO,20230321,0.21,0.22,0.195,0.195,34019
OSK.TO,20230321,3.27,3.35,3.21,3.3,767789
OTEX.TO,20230321,51.86,52.54,51.62,52.5,1024813
OVV.TO,20230321,48.43,49.83,48.4,49.16,245433
PAAS.TO,20230321,23.96,24.07,22.91,23.39,905738
PAY.TO,20230321,5.51,5.67,5.51,5.58,146954
PAYF.TO,20230321,18.14,18.14,18.01,18.01,950
PBH.TO,20230321,96.11,97.91,95.85,97.25,59559
PBH.DB.G.TO,20230321,98,98,95.99,96,143000
PBH.DB.H.TO,20230321,94,95.31,94,95.31,102000
PBH.DB.I.TO,20230321,95.5,96,95.5,95.5,125000
PBL.TO,20230321,21.15,21.49,21,21.45,102347
PBY.UN.TO,20230321,13.95,13.95,13.95,13.95,340
PCOR.TO,20230321,17.73,17.79,17.73,17.79,1900
PD.TO,20230321,64.21,69.44,64.21,68.28,165384
PDC.TO,20230321,29.76,29.77,29.62,29.62,12640
PDF.TO,20230321,29.71,29.79,29.71,29.73,1713
PDIV.TO,20230321,10.1,10.1,10.01,10.02,9890
PDV.TO,20230321,6.08,6.1,5.96,6.1,5170
PEA.TO,20230321,0.61,0.71,0.61,0.7,184307
PET.TO,20230321,36.51,37.27,36.5,37.08,70458
PEY.TO,20230321,12.6,12.85,12.6,12.76,808612
PFIA.TO,20230321,9.68,9.68,9.63,9.63,6500
PFL.TO,20230321,19.68,19.73,19.68,19.72,14494
PFLS.TO,20230321,14.97,14.97,14.9,14.9,859
PFMN.TO,20230321,13.45,13.45,13.3,13.34,18455
PFMS.TO,20230321,11.34,11.34,11.34,11.34,100
PFSS.TO,20230321,8.96,8.96,8.96,8.96,1600
PGI.UN.TO,20230321,7.41,7.43,7.28,7.39,21494
PHE.TO,20230321,29.25,29.25,29.25,29.25,100
PHX.TO,20230321,7.23,7.23,7.08,7.18,22502
PHYS.TO,20230321,20.81,20.95,20.69,20.72,116141
PHYS.U.TO,20230321,15.29,15.29,15.16,15.16,2270
PIC.A.TO,20230321,6.19,6.41,6.19,6.41,4338
PIC.PR.A.TO,20230321,13.35,13.4,13.3,13.3,834
PID.TO,20230321,19.9,19.93,19.9,19.92,6704
PIF.TO,20230321,13.06,13.24,13.04,13.22,12158
PIN.TO,20230321,17.12,17.12,17.12,17.12,1500
PINC.TO,20230321,18.31,18.31,18.31,18.31,200
PIX.UN.TO,20230321,8.4,8.45,8.19,8.45,35500
PKI.TO,20230321,28.8,29.91,28.75,29.21,1689506
PLC.TO,20230321,28.16,28.37,27.61,28.19,72165
PLC.DB.TO,20230321,99.25,99.25,99.25,99.25,1000
PLV.TO,20230321,22.25,22.25,22.25,22.25,225
PLZ.UN.TO,20230321,4.38,4.44,4.37,4.44,47954
PMB.UN.TO,20230321,7.12,7.12,7.12,7.12,100
PME.TO,20230321,2.54,2.54,2.52,2.53,1700
PMIF.TO,20230321,17.88,17.88,17.84,17.86,40180
PMM.TO,20230321,19.62,19.62,19.62,19.62,6036
PMNT.TO,20230321,19.09,19.09,19.09,19.09,188
PMT.TO,20230321,0.67,0.69,0.67,0.68,12500
PMZ.UN.TO,20230321,13.5,13.7,13.33,13.34,124153
PNC.A.TO,20230321,1.44,1.44,1.44,1.44,0
PNE.TO,20230321,1.28,1.3,1.26,1.3,280062
PNP.TO,20230321,3.8,3.8,3.8,3.8,200
POU.TO,20230321,29.65,30.21,29.07,29.71,444547
POW.TO,20230321,35.09,35.21,34.52,34.63,3174049
POW.PR.A.TO,20230321,22.5,22.5,22.5,22.5,2250
POW.PR.B.TO,20230321,21.69,21.7,21.67,21.67,900
POW.PR.C.TO,20230321,23.44,23.48,23.44,23.48,1000
POW.PR.D.TO,20230321,20.25,20.25,20.25,20.25,400
POW.PR.G.TO,20230321,22.44,22.44,22.44,22.44,500
PPL.TO,20230321,42.84,43.17,42.51,42.88,1824927
PPL.PF.A.TO,20230321,22.54,22.85,22.48,22.85,4825
PPL.PF.E.TO,20230321,23.49,23.84,23.49,23.7,18890
PPL.PR.A.TO,20230321,17.49,17.52,17.49,17.52,2700
PPL.PR.C.TO,20230321,17.3,17.3,17.15,17.15,500
PPL.PR.E.TO,20230321,18.22,18.22,18.22,18.22,100
PPL.PR.G.TO,20230321,17.65,17.65,17.65,17.65,200
PPL.PR.I.TO,20230321,20.52,20.6,20.52,20.6,1250
PPL.PR.O.TO,20230321,20.45,20.56,20.45,20.5,5040
PPL.PR.Q.TO,20230321,18.6,18.6,18.6,18.6,800
PPL.PR.S.TO,20230321,21.63,21.8,21.63,21.8,1900
PPR.TO,20230321,0.12,0.125,0.12,0.125,16482
PPTA.TO,20230321,4.8,4.91,4.44,4.58,14759
PR.TO,20230321,8.22,8.22,8.22,8.22,3800
PRA.TO,20230321,26.86,26.86,26.86,26.86,300
PRB.TO,20230321,1.58,1.58,1.44,1.48,21988
PRL.TO,20230321,7.06,7.1,6.97,7.1,45836
PRMW.TO,20230321,19.62,19.8,19.57,19.65,106660
PRN.TO,20230321,13.79,14.21,13.6,13.71,12137
PRQ.TO,20230321,1.91,2.04,1.91,1.91,46135
PRU.TO,20230321,2.1,2.1,1.98,2.05,111468
PRV.UN.TO,20230321,5.78,5.85,5.76,5.79,47880
PSA.TO,20230321,50.15,50.15,50.14,50.15,28066
PSB.TO,20230321,16.95,16.95,16.91,16.91,3042
PSD.TO,20230321,1.68,1.75,1.68,1.72,9290
PSI.TO,20230321,11.86,12.05,11.79,11.9,130790
PSK.TO,20230321,21.24,21.63,21.09,21.5,508888
PSLV.TO,20230321,10.53,10.53,10.43,10.49,46511
PSU.U.TO,20230321,100.3,100.3,100.29,100.29,11833
PTI.UN.TO,20230321,7.19,7.28,7.17,7.26,23300
PTM.TO,20230321,1.9,1.91,1.85,1.91,8780
PTO.UN.TO,20230321,7.28,7.39,7.28,7.38,65500
PVS.PR.F.TO,20230321,24.35,24.46,24.11,24.46,5600
PVS.PR.G.TO,20230321,23.45,23.5,23.3,23.5,3400
PVS.PR.H.TO,20230321,22.27,22.27,22.27,22.27,1000
PVS.PR.I.TO,20230321,23.41,23.5,23.41,23.41,3600
PVS.PR.K.TO,20230321,21.31,21.33,21.24,21.25,6250
PWF.PF.A.TO,20230321,18.5,18.79,18.5,18.51,2100
PWF.PR.A.TO,20230321,13.24,13.24,13.1,13.15,1400
PWF.PR.E.TO,20230321,21.95,22.02,21.95,22,1150
PWF.PR.F.TO,20230321,21.3,21.34,21.3,21.34,2000
PWF.PR.G.TO,20230321,23.75,23.75,23.75,23.75,300
PWF.PR.H.TO,20230321,23.08,23.08,23.08,23.08,1084
PWF.PR.K.TO,20230321,19.9,20,19.9,19.93,1300
PWF.PR.O.TO,20230321,23.25,23.3,23.25,23.3,250
PWF.PR.P.TO,20230321,12.99,13.05,12.99,13.05,17800
PWF.PR.Q.TO,20230321,15.5,15.5,15.5,15.5,600
PWF.PR.R.TO,20230321,22.09,22.09,21.95,22.08,3050
PWF.PR.S.TO,20230321,19.36,19.36,19.28,19.28,2300
PWF.PR.T.TO,20230321,17.6,17.7,17.6,17.6,1900
PWI.TO,20230321,7.63,7.72,7.63,7.72,718
PXS.TO,20230321,36.36,36.43,36.36,36.43,800
PXT.TO,20230321,24.54,24.72,24.18,24.29,512372
PYF.TO,20230321,17.33,17.34,17.32,17.34,1300
PYF.B.TO,20230321,19.68,19.68,19.68,19.68,0
PYR.TO,20230321,1.29,1.37,1.29,1.35,213878
PZA.TO,20230321,13.85,14,13.78,14,48614
PZW.TO,20230321,29.53,29.66,29.53,29.66,321
PZW.F.TO,20230321,20.99,20.99,20.99,20.99,100
QAH.TO,20230321,131.5,131.64,131.23,131.23,5400
QBB.TO,20230321,92.55,92.63,92.23,92.23,7300
QBR.A.TO,20230321,31.14,31.14,31.14,31.14,340
QBR.B.TO,20230321,31.59,32.14,31.11,31.87,324254
QBTC.TO,20230321,41.24,41.24,40.4,41.12,14922
QBTC.U.TO,20230321,29.89,30.16,29.45,29.99,3304
QCN.TO,20230321,119.61,119.81,119.61,119.81,1317
QDX.TO,20230321,101.73,102.23,101.73,102.23,3328
QDXB.TO,20230321,87.03,87.03,87.03,87.03,100
QEC.TO,20230321,0.25,0.265,0.245,0.245,37014
QETH.U.TO,20230321,29.57,30.05,29.55,29.55,5055
QETH.UN.TO,20230321,40.37,41.3,40.35,40.55,9606
QIE.TO,20230321,27.9,27.98,27.87,27.95,1700
QINF.TO,20230321,112.97,113.06,111.8,112.76,1603
QQC.TO,20230321,20.58,20.88,20.58,20.88,22604
QQC.F.TO,20230321,102.48,103.24,102,103.24,2293
QQCC.TO,20230321,10.32,10.32,10.2,10.29,19072
QQCE.F.TO,20230321,15.65,15.65,15.65,15.65,187
QQEQ.TO,20230321,20.79,20.87,20.79,20.87,500
QQEQ.F.TO,20230321,17.47,17.47,17.47,17.47,0
QRC.TO,20230321,0.7,0.7,0.7,0.7,20999
QSR.TO,20230321,84.58,85.73,84.4,84.93,540726
QTRH.TO,20230321,1.58,1.58,1.41,1.51,265412
QUIG.TO,20230321,86.22,86.33,86.22,86.33,1300
QUU.TO,20230321,155.19,155.92,154.94,155.92,3209
QXM.TO,20230321,25.48,25.48,25.48,25.48,263
RA.UN.TO,20230321,8,8,8,8,7300
RATE.TO,20230321,19.66,19.66,19.66,19.66,100
RAY.A.TO,20230321,5.85,5.92,5.84,5.87,14402
RAY.B.TO,20230321,5.9,5.9,5.9,5.9,366
RBA.TO,20230321,71.72,73.95,71.6,72.98,2965748
RBN.UN.TO,20230321,7.9,7.9,7.85,7.85,1643
RBNK.TO,20230321,22.79,22.79,22.66,22.67,19525
RBOT.TO,20230321,23.85,24.01,23.85,24.01,3079
RBOT.U.TO,20230321,17.51,17.51,17.51,17.51,200
RBY.TO,20230321,2.33,2.4,2.32,2.35,75477
RCD.TO,20230321,23.84,23.88,23.84,23.88,3700
RCDC.TO,20230321,19.1,19.1,19.1,19.1,120
RCG.TO,20230321,12.39,12.5,12.35,12.45,12826
RCH.TO,20230321,37.38,37.72,36.87,37.03,83478
RCI.A.TO,20230321,62.86,64.01,62.8,64.01,405
RCI.B.TO,20230321,62.55,62.63,61.97,62.35,916928
REAL.TO,20230321,4.7,4.82,4.56,4.6,100305
REI.UN.TO,20230321,20.3,20.38,20.12,20.16,346054
RID.TO,20230321,22.57,22.63,22.57,22.63,2800
RIDH.TO,20230321,23.76,23.76,23.76,23.76,100
RIFI.TO,20230321,18.14,18.14,18.14,18.14,110
RIIN.TO,20230321,19.02,19.06,18.92,19.06,12300
RIT.TO,20230321,16.42,16.46,16.27,16.28,13655
RLB.TO,20230321,18.04,18.04,18.03,18.03,2842
ROOT.TO,20230321,2.86,2.87,2.85,2.87,609
RPD.TO,20230321,22.01,22.01,22.01,22.01,100
RPF.TO,20230321,18.33,18.55,18.28,18.55,4486
RPI.UN.TO,20230321,38.06,40,38.06,39.68,1743
RQL.TO,20230321,19.89,19.89,19.87,19.88,1350
RQN.TO,20230321,19.79,19.79,19.78,19.78,6650
RQO.TO,20230321,17.8,17.8,17.77,17.77,6550
RQP.TO,20230321,17.49,17.5,17.49,17.5,4300
RQQ.TO,20230321,20.92,20.93,20.92,20.93,1489
RQR.TO,20230321,21.01,21.01,21.01,21.01,124
RS.TO,20230321,15.29,15.29,14.95,15.06,18069
RSI.TO,20230321,6.13,6.15,6.07,6.07,96141
RSI.DB.E.TO,20230321,99,99.5,99,99.5,12000
RSI.DB.F.TO,20230321,95.31,95.31,95.29,95.29,30000
RTG.TO,20230321,0.035,0.035,0.035,0.035,90501
RUBH.TO,20230321,14.23,14.55,14.23,14.54,5130
RUBY.TO,20230321,16.95,16.95,16.95,16.95,400
RUD.TO,20230321,48.2,48.52,48.2,48.52,4636
RUDH.TO,20230321,34.18,34.18,34.08,34.08,800
RUP.TO,20230321,4.71,4.82,4.7,4.71,43116
RUS.TO,20230321,34.4,34.82,34.26,34.35,247858
RUSB.U.TO,20230321,14.77,14.77,14.77,14.77,0
RVX.TO,20230321,0.17,0.17,0.165,0.165,15936
RXD.TO,20230321,18.2,18.2,18.2,18.2,513
RY.TO,20230321,130,130.9,129.58,129.78,2694247
RY.PR.H.TO,20230321,17.41,17.5,17.31,17.4,5425
RY.PR.J.TO,20230321,18.22,18.55,18.22,18.55,25400
RY.PR.M.TO,20230321,17.24,17.84,17.24,17.49,25800
RY.PR.N.TO,20230321,22.61,22.66,22.57,22.66,1000
RY.PR.O.TO,20230321,22.79,22.79,22.79,22.79,500
RY.PR.S.TO,20230321,20.1,20.25,20.1,20.25,7400
S.TO,20230321,0.49,0.5,0.48,0.48,205461
SAM.TO,20230321,0.195,0.195,0.195,0.195,500
SAP.TO,20230321,33.52,34.02,33.52,33.92,353618
SBC.TO,20230321,11.23,11.26,11.04,11.06,16683
SBC.PR.A.TO,20230321,9.9,9.95,9.9,9.94,13611
SBI.TO,20230321,0.465,0.465,0.465,0.465,0
SBN.PR.A.TO,20230321,8.8,8.8,8.8,8.8,400
SBT.TO,20230321,12,12,12,12,200
SBT.B.TO,20230321,16.63,16.63,16.37,16.39,1650
SCY.TO,20230321,0.05,0.05,0.045,0.045,23566
SDE.TO,20230321,13.51,13.78,13.34,13.44,353712
SEA.TO,20230321,16.45,16.45,15.66,15.87,54071
SES.TO,20230321,6.24,6.32,6.2,6.29,1210654
SFC.TO,20230321,4.9,4.9,4.83,4.85,2122
SFI.TO,20230321,0.34,0.34,0.34,0.34,10000
SFTC.TO,20230321,15.18,16.11,15.18,15.9,7731
SGLD.TO,20230321,0.195,0.195,0.19,0.19,63442
SGR.U.TO,20230321,10.02,10.02,9.92,9.92,1500
SGR.UN.TO,20230321,13.53,13.7,13.51,13.57,60991
SGY.TO,20230321,8.13,8.44,8.12,8.39,676343
SHLE.TO,20230321,2.78,2.8,2.66,2.74,14285
SHOP.TO,20230321,60.21,63.14,60.2,62.73,3471875
SIA.TO,20230321,10.57,10.75,10.57,10.66,186390
SIH.UN.TO,20230321,9.45,9.45,9.45,9.45,2500
SII.TO,20230321,48.98,49.75,48.09,49.75,31266
SIL.TO,20230321,8.8,8.83,8.47,8.7,315238
SIS.TO,20230321,15.8,16.03,15.8,15.91,60997
SJ.TO,20230321,51.62,52.18,51.62,51.66,109171
SKE.TO,20230321,7.9,7.9,7.53,7.6,102538
SKYY.TO,20230321,15.43,15.43,15.43,15.43,800
SLF.TO,20230321,62.57,62.86,62.28,62.32,1705299
SLF.PR.C.TO,20230321,18.98,18.98,18.8,18.8,1308
SLF.PR.D.TO,20230321,18.8,18.88,18.8,18.88,573
SLF.PR.E.TO,20230321,19.04,19.05,19,19.05,4100
SLF.PR.H.TO,20230321,15.01,15.07,15,15.05,6300
SLF.PR.J.TO,20230321,15.25,15.3,15.25,15.3,2400
SLF.PR.K.TO,20230321,19.82,19.82,19.8,19.8,2600
SLS.TO,20230321,5.18,5.2,5.11,5.13,119760
SMC.TO,20230321,0.025,0.025,0.025,0.025,79002
SMT.TO,20230321,0.425,0.425,0.4,0.425,11176
SOLG.TO,20230321,0.275,0.28,0.275,0.275,143101
SOT.DB.TO,20230321,95,95,95,95,15000
SOT.DB.A.TO,20230321,83.5,83.5,83,83,4000
SOT.DB.B.TO,20230321,90.24,90.24,90.24,90.24,7000
SOT.UN.TO,20230321,3.61,3.61,3.5,3.52,192628
SOY.TO,20230321,10.48,10.58,10.38,10.41,59003
SPB.TO,20230321,11.04,11.23,11.04,11.1,734777
SRU.UN.TO,20230321,26.29,26.47,26.04,26.1,231046
SRV.UN.TO,20230321,17.45,17.59,17,17.56,8276
SSF.UN.TO,20230321,6.84,6.88,6.79,6.79,4278
SSL.TO,20230321,7.94,8.02,7.59,7.66,517834
SSRM.TO,20230321,19.27,19.46,18.88,18.98,299965
STC.TO,20230321,4.73,4.91,4.68,4.78,32239
STCK.TO,20230321,6.38,6.38,6.12,6.35,139650
STCK.WT.TO,20230321,0.045,0.045,0.025,0.025,3000
STEP.TO,20230321,3.12,3.26,3.09,3.22,494166
STGO.TO,20230321,1.05,1.05,1,1.01,79246
STLC.TO,20230321,54.63,54.88,53.71,53.86,227938
STN.TO,20230321,78.85,79.19,76.6,77.55,315719
STPL.TO,20230321,23.59,23.6,23.54,23.59,1861
SU.TO,20230321,41,41.96,41,41.73,9391521
SVA.TO,20230321,0.89,0.95,0.89,0.93,69840
SVB.TO,20230321,0.195,0.21,0.195,0.21,31048
SVI.TO,20230321,6,6.01,5.95,5.99,316208
SVI.DB.TO,20230321,97.64,97.65,97.55,97.65,33000
SVI.DB.B.TO,20230321,96,96,95.5,95.5,43000
SVM.TO,20230321,4.79,4.81,4.6,4.73,477177
SVR.TO,20230321,11.17,11.17,10.96,11.02,7305
SWP.TO,20230321,2.8,2.95,2.75,2.95,17704
SXI.TO,20230321,2.12,2.12,1.9,2.11,4900
SXP.TO,20230321,6.02,6.2,6,6.03,36766
SYLD.TO,20230321,18.04,18.04,18.04,18.04,700
SYZ.TO,20230321,4.82,5.02,4.82,5.02,7579
T.TO,20230321,27.42,27.48,27.09,27.15,1670875
TA.TO,20230321,10.93,11.05,10.8,10.83,554870
TA.PR.D.TO,20230321,13.25,13.3,13.25,13.26,400
TA.PR.E.TO,20230321,16.1,16.1,16.1,16.1,900
TA.PR.F.TO,20230321,18.88,18.88,18.76,18.76,2400
TA.PR.H.TO,20230321,22.14,22.26,22.05,22.26,5136
TA.PR.J.TO,20230321,20.6,20.6,20.56,20.56,3100
TAIG.TO,20230321,2,2,1.88,1.95,33172
TAL.TO,20230321,0.61,0.62,0.6,0.61,585497
TBL.TO,20230321,2.7,2.7,2.62,2.62,16105
TC.TO,20230321,31.28,32.09,31.1,31.72,15330
TCL.A.TO,20230321,13.35,13.44,13.2,13.26,217576
TCL.B.TO,20230321,13.28,13.28,13.28,13.28,900
TCLB.TO,20230321,125.31,126,125.04,125.04,12029
TCLV.TO,20230321,19.23,19.23,19.23,19.23,1900
TCS.TO,20230321,27.2,28,27.14,27.46,18833
TCSB.TO,20230321,14.38,14.38,14.38,14.38,100
TCW.TO,20230321,3.02,3.06,2.99,3.03,898153
TD.TO,20230321,78.9,79.08,78.39,78.49,8264733
TD.PF.A.TO,20230321,16.97,17.06,16.97,17.01,5400
TD.PF.B.TO,20230321,17.25,17.34,17.19,17.2,23656
TD.PF.C.TO,20230321,16.95,16.95,16.84,16.85,3438
TD.PF.D.TO,20230321,18.11,18.11,18.11,18.11,450
TD.PF.E.TO,20230321,18.29,18.29,18.29,18.29,100
TD.PF.I.TO,20230321,25,25,25,25,100
TD.PF.J.TO,20230321,21.5,21.99,21.5,21.99,17408
TD.PF.M.TO,20230321,24,24.45,24,24.45,1400
TDB.TO,20230321,13.23,13.25,13.19,13.21,116041
TDOC.TO,20230321,16.94,17.07,16.94,17.07,400
TEC.TO,20230321,24.35,24.74,24.35,24.74,27847
TECH.TO,20230321,8.33,8.5,8.33,8.49,5335
TECH.B.TO,20230321,9.43,9.64,9.43,9.64,741
TECH.U.TO,20230321,8.61,8.61,8.6,8.6,5600
TECI.TO,20230321,6.28,6.28,6.28,6.28,1002
TECK.A.TO,20230321,80.99,82,78.5,78.5,2201
TECK.B.TO,20230321,49.33,50.39,48.11,48.44,2326553
TERM.TO,20230321,9.17,9.17,9.17,9.17,2570
TF.TO,20230321,8.01,8.06,7.97,8,83929
TF.DB.D.TO,20230321,86.5,87.1,86.5,87.1,34000
TF.DB.E.TO,20230321,86,86,84.5,84.5,39000
TFII.TO,20230321,162.47,164.18,162.31,162.85,159204
TFPM.TO,20230321,17.92,17.92,17,17.16,145940
TGED.TO,20230321,17.84,18.01,17.84,17.99,5090
TGFI.TO,20230321,20.37,20.37,20.37,20.37,100
TGGR.TO,20230321,19.86,19.86,19.86,19.86,207
TGO.TO,20230321,3.1,3.17,3.1,3.16,10000
TGRE.TO,20230321,13.36,13.36,13.25,13.3,2000
TH.TO,20230321,1.23,1.23,1.17,1.19,20208
The.TO,20230321,21.14,21.14,21.14,21.14,114
THNC.TO,20230321,2.5,2.5,2.35,2.35,4311
THU.TO,20230321,26.82,26.88,26.82,26.88,1800
TI.TO,20230321,0.63,0.64,0.59,0.62,13069
TIH.TO,20230321,108.09,109.23,107.57,107.99,80538
TILV.TO,20230321,14.81,14.81,14.81,14.81,900
TINF.TO,20230321,18.12,18.12,18.01,18.08,2400
TIXT.TO,20230321,28.03,28.45,27.65,27.8,50116
TKO.TO,20230321,2.11,2.14,2.04,2.11,374403
TLF.TO,20230321,17.34,17.34,17.09,17.1,3202
TLG.TO,20230321,0.65,0.67,0.63,0.64,822204
TLO.TO,20230321,0.385,0.39,0.37,0.37,310312
TLRY.TO,20230321,3.38,3.74,3.38,3.65,1013555
TLV.TO,20230321,28.5,28.5,28.2,28.2,1010
TMCC.TO,20230321,9.3,9.3,9.3,9.3,0
TMD.TO,20230321,0.155,0.16,0.14,0.145,105754
TMEC.TO,20230321,17.35,17.35,17.28,17.29,800
TMEU.TO,20230321,17.12,17.12,17.12,17.12,100
TML.TO,20230321,0.3,0.305,0.3,0.3,9308
TMQ.TO,20230321,0.72,0.72,0.71,0.71,11799
TNT.UN.TO,20230321,3.37,3.46,3.3,3.4,618227
TNZ.TO,20230321,2.09,2.18,2.07,2.08,49699
TOT.TO,20230321,8.14,8.28,8.08,8.11,523304
TOU.TO,20230321,55.79,56.75,55.36,56.23,1789066
TOY.TO,20230321,36.03,37.26,36.02,36.82,124372
TPE.TO,20230321,19.26,19.33,19.26,19.32,5540
TPRF.TO,20230321,9.33,9.33,9.33,9.33,2500
TPU.TO,20230321,30.68,30.8,30.62,30.8,5558
TPX.A.TO,20230321,69.75,69.75,69.75,69.75,100
TPX.B.TO,20230321,69.62,69.62,69.42,69.42,300
TPZ.TO,20230321,19.33,19.43,19.01,19.24,368184
TQCD.TO,20230321,15.28,15.31,15.23,15.23,25302
TQGD.TO,20230321,15.75,15.86,15.75,15.84,13216
TQSM.TO,20230321,18.34,18.34,18.27,18.33,5100
TRI.TO,20230321,172.66,174.59,172.12,172.56,370637
TRP.TO,20230321,52.14,52.45,51.83,52.29,6406920
TRP.PR.A.TO,20230321,13.58,13.58,13.5,13.5,1700
TRP.PR.B.TO,20230321,10.86,10.86,10.86,10.86,300
TRP.PR.C.TO,20230321,11.1,11.53,11.1,11.53,1200
TRP.PR.D.TO,20230321,15.87,15.9,15.78,15.9,3500
TRP.PR.E.TO,20230321,15.29,15.3,15.24,15.3,23975
TRP.PR.F.TO,20230321,15.5,15.58,15.5,15.58,700
TRP.PR.G.TO,20230321,16.75,16.95,16.75,16.95,2326
TRP.PR.H.TO,20230321,13.53,13.6,13.53,13.6,1000
TRP.PR.I.TO,20230321,15,15.1,15,15.09,2000
TRVL.TO,20230321,19.75,20.02,19.75,19.98,9875
TRVL.U.TO,20230321,18.62,18.62,18.62,18.62,700
TRZ.TO,20230321,3.07,3.19,3.07,3.18,42751
TSAT.TO,20230321,9,10,9,10,1401
TSK.TO,20230321,0.11,0.11,0.105,0.11,20999
TSL.TO,20230321,3.11,3.11,3.11,3.11,400
TSU.TO,20230321,31.71,32.01,31.1,31.71,146097
TTNM.TO,20230321,2.54,2.64,2.5,2.58,34451
TTP.TO,20230321,22.46,22.56,22.44,22.5,11497
TUED.TO,20230321,18.64,18.66,18.64,18.66,300
TULB.TO,20230321,126.9,127.37,126.85,127.28,2450
TULV.TO,20230321,18.5,18.5,18.36,18.48,6700
TUSB.TO,20230321,13.78,13.88,13.78,13.88,900
TVA.B.TO,20230321,2.12,2.12,2.1,2.1,3100
TVE.TO,20230321,3.82,3.94,3.79,3.9,2910910
TVK.TO,20230321,25.5,26.59,25.5,26.58,9343
TWC.TO,20230321,17.1,17.1,17.1,17.1,500
TWM.TO,20230321,0.9,0.91,0.89,0.91,125131
TWM.DB.TO,20230321,97,97,97,97,5000
TXF.TO,20230321,15.27,15.32,15.11,15.3,52894
TXF.B.TO,20230321,18.76,18.76,18.72,18.73,4011
TXG.TO,20230321,20.12,20.15,19.28,19.49,310335
TXP.TO,20230321,1.08,1.08,1.04,1.05,79600
TXT.UN.TO,20230321,2.82,2.82,2.82,2.82,0
U.U.TO,20230321,11.33,11.35,11.24,11.35,26117
U.UN.TO,20230321,15.6,15.68,15.38,15.52,666279
UDIV.TO,20230321,11.86,11.86,11.76,11.83,18769
UDIV.B.TO,20230321,12.44,12.44,12.43,12.43,900
ULV.C.TO,20230321,30.45,30.45,30.45,30.45,650
ULV.F.TO,20230321,44.82,44.82,44.54,44.61,5700
ULV.U.TO,20230321,22.2,22.2,22.2,22.2,100
UMI.TO,20230321,27.45,27.45,27.37,27.37,2200
URB.TO,20230321,3.75,3.75,3.75,3.75,300
URB.A.TO,20230321,3.65,3.7,3.65,3.65,7400
URE.TO,20230321,1.24,1.28,1.24,1.27,31626
USA.TO,20230321,0.59,0.6,0.57,0.57,59625
USCC.TO,20230321,16.8,16.9,16.8,16.9,1067
UTIL.TO,20230321,22.26,22.26,22.05,22.05,3500
VA.TO,20230321,33.95,34.08,33.95,34,16560
VAB.TO,20230321,22.91,23.01,22.85,22.87,40201
VALT.B.TO,20230321,26.6,26.64,26.57,26.64,386
VBAL.TO,20230321,27.78,27.86,27.78,27.86,37314
VBNK.TO,20230321,10.25,10.25,10.06,10.24,1804
VBNK.PR.A.TO,20230321,9.41,9.41,9.35,9.35,2100
VCB.TO,20230321,23.13,23.13,23.03,23.03,1001
VCE.TO,20230321,43.02,43.16,42.96,42.96,19880
VCIP.TO,20230321,24.73,24.77,24.73,24.73,14608
VCM.TO,20230321,20.99,20.99,20.98,20.98,925
VCN.TO,20230321,40,40.17,39.95,40.01,41206
VCNS.TO,20230321,26.09,26.15,26.09,26.14,8827
VDU.TO,20230321,37.54,37.73,37.5,37.71,7343
VDY.TO,20230321,40.92,41.02,40.76,40.82,233490
VE.TO,20230321,31.17,31.45,31.17,31.45,715
VEE.TO,20230321,32.09,32.31,32.09,32.29,22722
VEF.TO,20230321,46.57,46.75,46.57,46.75,1322
VEQT.TO,20230321,33.35,33.54,33.3,33.53,59661
VET.TO,20230321,17.44,17.82,17.21,17.57,1464268
VFV.TO,20230321,96.77,97.8,96.77,97.62,295512
VGCX.TO,20230321,8.64,8.73,8.56,8.69,811045
VGG.TO,20230321,70.1,70.6,70.1,70.56,25418
VGH.TO,20230321,49.69,50.1,49.69,50.1,4338
VGRO.TO,20230321,29.44,29.59,29.42,29.57,60721
VGV.TO,20230321,22.65,22.69,22.59,22.59,2103
VGZ.TO,20230321,0.75,0.75,0.7,0.71,7000
VHI.TO,20230321,2.66,2.69,2.64,2.64,36178
VI.TO,20230321,32.72,32.74,32.64,32.74,2278
VIDY.TO,20230321,26.4,26.4,26.4,26.4,131
VIU.TO,20230321,30.04,30.18,29.95,30.17,60103
VLB.TO,20230321,21.92,21.95,21.79,21.84,16636
VLE.TO,20230321,2.3,2.55,2.3,2.43,848891
VLN.TO,20230321,12.77,12.77,12.75,12.77,17930
VMO.TO,20230321,43.4,43.43,43.38,43.38,785
VNP.TO,20230321,3.51,3.55,3.44,3.47,142545
VPH.TO,20230321,0.51,0.51,0.5,0.51,14000
VQS.TO,20230321,0.41,0.435,0.41,0.43,18700
VRE.TO,20230321,29.87,29.9,29.57,29.57,4027
VRIF.TO,20230321,23.4,23.43,23.38,23.4,6786
VSB.TO,20230321,22.57,22.59,22.54,22.56,17805
VSC.TO,20230321,22.85,22.9,22.85,22.89,16454
VSP.TO,20230321,65.8,66.26,65.68,66.15,60739
VUN.TO,20230321,73.88,74.5,73.81,74.39,68811
VUS.TO,20230321,71.84,72.14,71.56,72.09,16863
VVL.TO,20230321,40.19,40.38,40.11,40.38,8258
VVO.TO,20230321,31.78,31.78,31.62,31.62,225
VXC.TO,20230321,46.38,46.78,46.38,46.78,4950
VXM.B.TO,20230321,25.46,25.61,25.46,25.61,600
WCN.TO,20230321,185.76,185.76,182.39,182.94,188006
WCP.TO,20230321,9.9,10.23,9.83,10.17,2291875
WDO.TO,20230321,7.07,7.08,6.81,7,675612
WEED.TO,20230321,2.55,2.77,2.55,2.71,2055950
WEF.TO,20230321,1.09,1.11,1.08,1.1,292669
WELL.TO,20230321,4.35,4.64,4.32,4.42,3011216
WELL.DB.TO,20230321,89.99,90,89.99,90,215000
WFC.TO,20230321,17,17.4,16.2,17.4,4036
WFG.TO,20230321,99.03,100.14,98.6,99.75,238156
WILD.TO,20230321,2.03,2.12,2,2.05,29730
WJX.TO,20230321,23.82,24.64,23.72,24.11,75721
WJX.DB.TO,20230321,100.01,100.01,100,100,38000
WLLW.TO,20230321,0.095,0.095,0.09,0.09,8072
WM.TO,20230321,0.145,0.145,0.135,0.14,522033
WN.TO,20230321,166.3,167.72,163.9,164.34,102686
WN.PR.A.TO,20230321,23.25,23.25,23.03,23.03,700
WN.PR.C.TO,20230321,20.9,20.9,20.7,20.83,5400
WN.PR.D.TO,20230321,20.83,20.87,20.75,20.86,1448
WN.PR.E.TO,20230321,19.17,19.17,19.16,19.16,1500
WNDR.TO,20230321,0.165,0.175,0.165,0.175,135040
WNDR.WT.B.TO,20230321,0.14,0.14,0.14,0.14,0
WOMN.TO,20230321,27.16,27.2,27.12,27.12,300
WPK.TO,20230321,41.15,41.38,40.59,40.99,19261
WPM.TO,20230321,61.65,62.2,61.09,61.8,1072032
WPRT.TO,20230321,1.16,1.2,1.16,1.19,53983
WRG.TO,20230321,2.87,2.87,2.83,2.83,2151
WRN.TO,20230321,2.29,2.32,2.28,2.3,43070
WRX.TO,20230321,0.225,0.225,0.225,0.225,500
WSP.TO,20230321,173.2,174.28,170.73,173.07,147367
WSRD.TO,20230321,26.06,26.06,26.06,26.06,193
WTE.TO,20230321,26.26,26.97,26.26,26.61,120921
WXM.TO,20230321,24.19,24.19,24.19,24.19,100
X.TO,20230321,135.4,136.81,134.78,136.09,187301
XAGG.TO,20230321,37.27,37.27,37.27,37.27,100
XAGH.TO,20230321,34.03,34.03,34.01,34.01,2900
XAM.TO,20230321,0.025,0.03,0.025,0.03,310171
XAU.TO,20230321,1.92,1.92,1.86,1.86,7031
XAW.TO,20230321,32.35,32.68,32.34,32.66,24137
XBAL.TO,20230321,25.12,25.25,25.12,25.25,16452
XBB.TO,20230321,27.98,28.15,27.98,28,113590
XBM.TO,20230321,19.04,19.28,19.04,19.24,6046
XCB.TO,20230321,19.27,19.36,19.24,19.27,61129
XCBG.TO,20230321,35.95,35.95,35.92,35.92,200
XCD.TO,20230321,43.6,43.79,43.6,43.79,223
XCG.TO,20230321,42.45,42.45,42.28,42.28,357
XCH.TO,20230321,18.13,18.34,18.13,18.32,13325
XCS.TO,20230321,17.99,17.99,17.91,17.96,44784
XCSR.TO,20230321,57.05,57.12,57.05,57.08,519
XCV.TO,20230321,31.78,31.79,31.78,31.79,450
XDG.TO,20230321,22.8,22.83,22.8,22.83,3134
XDGH.TO,20230321,22.96,22.96,22.93,22.93,13900
XDIV.TO,20230321,24.35,24.35,24.17,24.2,26872
XDNA.TO,20230321,32.37,32.37,32.37,32.37,0
XDSR.TO,20230321,49.18,49.18,49.15,49.18,1421
XDU.TO,20230321,25.83,25.86,25.74,25.84,4420
XDUH.TO,20230321,23.73,23.73,23.6,23.65,36400
XDV.TO,20230321,27.53,27.56,27.41,27.42,33182
XEB.TO,20230321,15.13,15.13,15.13,15.13,300
XEC.TO,20230321,24.72,24.78,24.66,24.75,8866
XEC.U.TO,20230321,18.56,18.56,18.56,18.56,600
XEF.TO,20230321,32.8,33.04,32.8,33.04,57729
XEG.TO,20230321,14.54,14.77,14.49,14.71,2710033
XEI.TO,20230321,24.65,24.66,24.49,24.53,77600
XEM.TO,20230321,28.73,28.93,28.73,28.92,2453
XEN.TO,20230321,29.68,29.71,29.66,29.71,300
XEQT.TO,20230321,25.16,25.29,25.15,25.28,44797
XESG.TO,20230321,24.04,24.12,24.04,24.09,8026
XEU.TO,20230321,26.65,26.69,26.64,26.68,3206
XFH.TO,20230321,26.6,26.68,26.6,26.68,4431
XFLB.TO,20230321,51.91,52.1,51.91,51.93,2200
XFN.TO,20230321,43.89,44.11,43.85,43.85,410940
XFR.TO,20230321,20.15,20.15,20.13,20.13,89927
XGB.TO,20230321,19.45,19.5,19.42,19.43,90143
XGD.TO,20230321,18.53,18.53,18.09,18.33,420218
XGRO.TO,20230321,23.85,24,23.85,23.98,30801
XHAK.TO,20230321,35.62,35.62,35.62,35.62,0
XHB.TO,20230321,18.69,18.69,18.67,18.67,3600
XHC.TO,20230321,64.04,64.26,63.83,64.26,2669
XHD.TO,20230321,30,30.05,30,30.05,1586
XHU.TO,20230321,27.86,27.99,27.84,27.99,3659
XHY.TO,20230321,15.68,15.73,15.67,15.73,4313
XIC.TO,20230321,31.51,31.58,31.38,31.46,241856
XIG.TO,20230321,20.07,20.25,20.07,20.24,10748
XIGS.TO,20230321,36.5,36.65,36.47,36.57,34500
XIN.TO,20230321,30.1,30.17,29.99,30.15,12689
XIT.TO,20230321,39.04,39.5,39.04,39.43,4740
XIU.TO,20230321,29.87,29.99,29.81,29.87,2046446
XLB.TO,20230321,19.99,20.12,19.89,19.97,72554
XLY.TO,20230321,0.015,0.02,0.015,0.02,127067
XMA.TO,20230321,18.82,18.93,18.82,18.91,4500
XMC.TO,20230321,25.69,25.84,25.69,25.82,9768
XMD.TO,20230321,30.1,30.12,30.04,30.11,3652
XMF.PR.B.TO,20230321,4.9,4.9,4.9,4.9,0
XMH.TO,20230321,22.51,22.51,22.38,22.43,5403
XMI.TO,20230321,34.36,34.36,34.36,34.36,255
XMM.TO,20230321,26.15,26.31,26.15,26.31,2619
XMS.TO,20230321,30.15,30.15,29.89,29.91,750
XMU.TO,20230321,65.4,65.53,65.37,65.51,3400
XMW.TO,20230321,45.67,45.7,45.58,45.7,1620
XMY.TO,20230321,26.04,26.04,26.03,26.03,600
XPF.TO,20230321,13.93,14,13.9,14,3675
XQB.TO,20230321,18.77,18.77,18.66,18.66,25936
XQLT.TO,20230321,27.08,27.19,27.06,27.19,544
XQQ.TO,20230321,97.32,98.22,96.95,98,47269
XRB.TO,20230321,22.91,22.91,22.72,22.74,4031
XRE.TO,20230321,16.9,17.04,16.77,16.79,390116
XSAB.TO,20230321,18,18.03,18,18.03,1127
XSB.TO,20230321,25.99,26.02,25.95,25.96,51803
XSE.TO,20230321,17.85,17.85,17.81,17.84,4768
XSEA.TO,20230321,22.5,22.56,22.5,22.56,5069
XSEM.TO,20230321,17.86,17.94,17.85,17.94,3790
XSH.TO,20230321,18.04,18.11,18.04,18.08,23747
XSHG.TO,20230321,37.16,37.16,37.15,37.16,1888
XSI.TO,20230321,16.6,16.6,16.6,16.6,100
XSMC.TO,20230321,26.39,26.39,26.35,26.36,423
XSMH.TO,20230321,24.24,24.25,24.12,24.14,2300
XSP.TO,20230321,42.3,42.54,42.16,42.49,276871
XST.TO,20230321,83.91,83.94,83,83.14,8668
XSTB.TO,20230321,19.02,19.02,19.02,19.02,1022
XSTH.TO,20230321,36.9,36.96,36.86,36.86,9279
XSTP.TO,20230321,40.84,40.88,40.78,40.79,3045
XSTP.U.TO,20230321,29.57,29.57,29.57,29.57,1300
XSU.TO,20230321,34.9,35.18,34.79,34.92,97063
XSUS.TO,20230321,29.24,29.36,29.21,29.36,14499
XTC.TO,20230321,7.5,7.56,7.4,7.47,6284
XTD.TO,20230321,4.57,4.57,4.45,4.45,29075
XTD.PR.A.TO,20230321,9.95,9.95,9.9,9.9,40200
XTG.TO,20230321,1,1,1,1,6000
XTLH.TO,20230321,40.16,40.16,39.95,39.95,2721
XTR.TO,20230321,10.42,10.42,10.34,10.35,7447
XTRA.TO,20230321,0.68,0.76,0.67,0.74,249901
XUH.TO,20230321,33.89,33.89,33.8,33.85,1595
XUS.TO,20230321,67.63,68.28,67.59,68.17,240442
XUS.U.TO,20230321,50.11,50.46,50.04,50.43,6355
XUSR.TO,20230321,56.15,56.77,56.15,56.77,850
XUT.TO,20230321,27.94,27.94,27.45,27.49,316889
XUU.TO,20230321,40.58,41,40.58,41,14024
XWD.TO,20230321,67.41,68.03,67.41,67.95,18515
Y.TO,20230321,12.78,12.97,12.78,12.97,300
YCM.PR.A.TO,20230321,4.97,4.97,4.97,4.97,644
YCM.PR.B.TO,20230321,5.1,5.1,4.99,4.99,200
YGR.TO,20230321,1.78,1.83,1.75,1.82,366720
YRB.TO,20230321,0.065,0.07,0.06,0.065,308117
ZAG.TO,20230321,13.79,13.88,13.78,13.81,243810
ZBAL.TO,20230321,33.56,33.64,33.56,33.64,1976
ZBAL.T.TO,20230321,27.17,27.17,27.07,27.07,320
ZBI.TO,20230321,27.45,27.45,27.45,27.45,300
ZBK.TO,20230321,22.19,22.56,21.95,22.43,121967
ZCB.TO,20230321,45.6,45.67,45.59,45.59,8205
ZCH.TO,20230321,15.07,15.27,15.07,15.27,7355
ZCLN.TO,20230321,20.2,20.2,20.19,20.2,1364
ZCM.TO,20230321,14.81,14.9,14.81,14.87,8011
ZCN.TO,20230321,26.5,26.59,26.46,26.5,67676
ZCON.TO,20230321,31.21,31.22,31.21,31.22,200
ZCPB.TO,20230321,27.48,27.48,27.48,27.48,150
ZCS.TO,20230321,13.18,13.21,13.18,13.21,20150
ZCS.L.TO,20230321,21.85,21.85,21.85,21.85,400
ZDB.TO,20230321,14.76,14.77,14.71,14.73,3281
ZDH.TO,20230321,22.92,23.01,22.92,23.01,2197
ZDI.TO,20230321,20.82,20.99,20.82,20.99,2884
ZDJ.TO,20230321,51.59,51.59,51.25,51.51,16608
ZDM.TO,20230321,24.66,24.66,24.62,24.62,301
ZDV.TO,20230321,19.18,19.23,19.13,19.13,46725
ZDY.TO,20230321,35.89,36,35.86,36,1196
ZDY.U.TO,20230321,26.88,26.93,26.88,26.93,200
ZEA.TO,20230321,20.05,20.1,19.97,20.1,52073
ZEAT.TO,20230321,28.85,28.85,28.85,28.85,205
ZEB.TO,20230321,33.72,33.72,33.45,33.48,1605524
ZEF.TO,20230321,11.73,11.81,11.73,11.81,4963
ZEM.TO,20230321,18.69,18.74,18.65,18.74,10115
ZEO.TO,20230321,57.78,58.48,57.63,58.27,64847
ZEQ.TO,20230321,27.79,27.79,27.68,27.72,839
ZEQT.TO,20230321,38.65,38.65,38.65,38.65,193
ZESG.TO,20230321,31.07,31.07,30.93,30.93,400
ZFC.TO,20230321,38.49,38.51,38.49,38.51,5140
ZFH.TO,20230321,13.69,13.72,13.69,13.72,1500
ZFL.TO,20230321,14,14.11,13.94,13.97,163176
ZFM.TO,20230321,14.71,14.81,14.71,14.77,42603
ZFN.TO,20230321,36.79,36.8,36.74,36.77,5000
ZFS.TO,20230321,13.42,13.45,13.42,13.44,4343
ZFS.L.TO,20230321,20.63,20.63,20.63,20.63,100
ZGB.TO,20230321,45.96,46.1,45.96,46.05,400
ZGD.TO,20230321,72.34,72.73,72.34,72.73,1466
ZGI.TO,20230321,43.08,43.1,42.5,42.67,5382
ZGQ.TO,20230321,47,47.13,46.89,47.13,1706
ZGRO.TO,20230321,36.06,36.12,36.01,36.12,6558
ZHP.TO,20230321,17.5,17.5,17.5,17.5,485
ZHU.TO,20230321,42.35,42.5,42.35,42.5,1117
ZHY.TO,20230321,10.57,10.75,10.57,10.73,10529
ZIC.TO,20230321,17.26,17.26,17.25,17.25,1601
ZIC.U.TO,20230321,12.8,12.8,12.8,12.8,500
ZID.TO,20230321,36.13,36.13,36.13,36.13,200
ZIN.TO,20230321,34.87,34.9,34.87,34.9,2322
ZJG.TO,20230321,69.44,69.44,67.45,67.45,4284
ZJK.TO,20230321,17.13,17.13,17.13,17.13,150
ZLB.TO,20230321,41.15,41.19,40.79,40.83,69383
ZLC.TO,20230321,15.04,15.3,15.04,15.19,17035
ZLD.TO,20230321,24.48,24.48,24.48,24.48,700
ZLE.TO,20230321,16.71,16.74,16.71,16.74,1800
ZLH.TO,20230321,31.71,31.71,31.19,31.25,2300
ZLI.TO,20230321,23.39,23.4,23.33,23.38,2985
ZLU.TO,20230321,47.67,47.67,47.22,47.41,20936
ZLU.U.TO,20230321,35.51,35.51,35.39,35.4,300
ZMBS.TO,20230321,28.78,28.78,28.78,28.78,0
ZMI.TO,20230321,15.6,15.71,15.6,15.69,1483
ZMMK.TO,20230321,50.08,50.09,50.06,50.09,71353
ZMP.TO,20230321,13.78,13.85,13.78,13.8,7702
ZMSB.TO,20230321,27.47,27.47,27.47,27.47,1100
ZMT.TO,20230321,51.66,51.89,51.66,51.89,1270
ZMU.TO,20230321,12.56,12.66,12.56,12.63,18918
ZNQ.TO,20230321,55.85,56.25,55.8,56.25,5335
ZPAY.TO,20230321,29.1,29.35,29.1,29.35,25450
ZPAY.F.TO,20230321,27.23,27.39,27.23,27.39,5700
ZPAY.U.TO,20230321,27.84,27.95,27.84,27.95,2100
ZPH.TO,20230321,14.1,14.23,14.1,14.23,6933
ZPL.TO,20230321,13.04,13.17,13,13.01,106358
ZPR.TO,20230321,8.97,9.12,8.97,9.12,152101
ZPS.TO,20230321,12.1,12.13,12.1,12.11,7494
ZPW.TO,20230321,14.72,14.87,14.72,14.87,6165
ZPW.U.TO,20230321,14.56,14.56,14.56,14.56,100
ZQQ.TO,20230321,89.99,90.86,89.59,90.65,60778
ZRE.TO,20230321,22.15,22.15,21.89,21.89,8094
ZRR.TO,20230321,15.31,15.31,15.16,15.16,12572
ZSB.TO,20230321,47.07,47.07,47.07,47.07,897
ZSML.TO,20230321,35.05,35.05,35.05,35.05,1000
ZSML.U.TO,20230321,33.26,33.26,33.26,33.26,0
ZSP.TO,20230321,59.81,60.34,59.74,60.25,451272
ZSP.U.TO,20230321,43.9,44.06,43.68,44.06,4410
ZST.TO,20230321,48.73,48.73,48.68,48.68,17007
ZST.L.TO,20230321,55.11,55.11,55.11,55.11,1102
ZSU.TO,20230321,12.93,13.03,12.93,13.03,1696
ZTIP.F.TO,20230321,29.11,29.14,29.11,29.13,1779
ZTIP.U.TO,20230321,29.25,29.25,29.25,29.25,900
ZUAG.F.TO,20230321,29.81,29.81,29.79,29.79,266
ZUB.TO,20230321,20.66,21.08,20.5,20.8,138144
ZUD.TO,20230321,25.21,25.22,25.11,25.21,1775
ZUE.TO,20230321,55.99,56.6,55.99,56.52,8241
ZUH.TO,20230321,69.6,69.86,69.34,69.78,6890
ZUP.U.TO,20230321,18.65,18.77,18.65,18.77,419
ZUQ.TO,20230321,55,55.15,54.78,55.13,3747
ZUQ.F.TO,20230321,34.5,34.7,34.5,34.7,1474
ZUS.U.TO,20230321,46.85,46.85,46.85,46.85,1000
ZUT.TO,20230321,22.27,22.31,22.13,22.17,41138
ZVC.TO,20230321,25,25,25,25,325
ZVU.TO,20230321,25.12,25.12,25.12,25.12,100
ZWA.TO,20230321,23.25,23.36,23.23,23.29,4201
ZWB.TO,20230321,17.84,17.9,17.8,17.81,355568
ZWC.TO,20230321,17.21,17.25,17.16,17.24,130066
ZWE.TO,20230321,19.24,19.35,19.24,19.3,8151
ZWEN.TO,20230321,27.81,27.81,27.8,27.8,413
ZWG.TO,20230321,27.94,28.08,27.94,28.08,2186
ZWH.TO,20230321,21.78,21.81,21.69,21.8,13069
ZWH.U.TO,20230321,21.81,21.84,21.81,21.84,1100
ZWK.TO,20230321,18.76,19.18,18.59,19.05,174351
ZWP.TO,20230321,16.85,17.01,16.85,17,6300
ZWS.TO,20230321,19.11,19.13,19.07,19.1,3429
ZWT.TO,20230321,27.45,27.69,27.44,27.66,9269
ZWU.TO,20230321,11.28,11.29,11.13,11.16,265293
ZXM.TO,20230321,34,34,33.91,33.95,800
ZXM.B.TO,20230321,32.97,33.18,32.97,33.18,1800
ZZZ.TO,20230321,23.01,23.07,22.9,23,59527
