<ticker>,<date>,<open>,<high>,<low>,<close>,<vol>
AAB.TO,20250117,0.035,0.035,0.035,0.035,25000
AAUC.TO,20250117,3.35,3.4,3.25,3.38,251225
AAV.TO,20250117,9.89,10.09,9.82,10.09,297509
ABX.TO,20250117,22.75,23.18,22.5,23.14,2965143
AC.TO,20250117,20.53,20.58,20.18,20.45,2284058
ACAA.TO,20250116,22,22,22,22,200
ACB.TO,20250117,5.74,5.83,5.55,5.56,400157
ACD.TO,20250117,3.75,3.96,3.7,3.96,1600
ACQ.TO,20250117,17.42,17.96,17.35,17.92,15756
ACX.TO,20250117,6.9,6.91,6.88,6.9,33928
ADCO.TO,20250117,0.325,0.34,0.325,0.34,41920
ADEN.TO,20250117,35.6,35.85,35.24,35.58,42276
ADN.TO,20250117,17.2,17.26,17.15,17.17,6929
AEG.TO,20250116,0.365,0.365,0.365,0.365,1245
AEM.TO,20250117,120.65,123.33,119.85,123.09,656528
AFN.TO,20250117,38.79,40.78,38.62,40.7,88905
AG.TO,20250117,7.91,8.56,7.8,8.44,1410643
AGG.TO,20250115,19.43,19.43,19.43,19.43,25
AGI.TO,20250117,27.79,28.33,27.51,28.23,430625
AI.TO,20250117,10.76,10.89,10.76,10.78,119502
AIDX.TO,20250117,1.77,1.92,1.76,1.85,634919
AIF.TO,20250117,55.46,56.28,55.4,55.85,61659
AIGO.TO,20250117,24.68,24.81,24.68,24.77,728
AII.TO,20250117,0.96,0.96,0.92,0.96,187002
AIM.TO,20250117,2.58,2.6,2.55,2.57,18800
AKTAF,20250117,1.2,1.2,1.19,1.2001,7696
ALA.TO,20250117,34.22,35.08,34.16,34.98,691895
ALC.TO,20250117,14.38,14.75,14.38,14.67,7318
ALS.TO,20250117,28.09,28.74,28.05,28.64,179352
ALYA.TO,20250117,1.61,1.64,1.61,1.63,8729
AMAX.TO,20250117,19.57,19.88,19.52,19.87,14579
AMC.TO,20250117,1.5,1.55,1.47,1.49,244556
AMHE.TO,20250117,15.59,15.78,15.48,15.76,42623
AMM.TO,20250117,0.165,0.165,0.12,0.13,166520
AMZH.TO,20250117,15,15.01,14.84,15.01,6402
AND.TO,20250117,45.73,46.32,45.73,46.2,13663
ANRG.TO,20250117,1.23,1.26,1.18,1.24,78058
AOI.TO,20250117,2.05,2.05,1.99,2.01,858061
AOT.TO,20250117,0.19,0.195,0.185,0.195,428202
APLI.TO,20250117,0.035,0.035,0.035,0.035,8479
APS.TO,20250117,0.295,0.3,0.29,0.3,5500
AQN.TO,20250117,6.37,6.45,6.35,6.38,1877668
ARA.TO,20250117,0.54,0.55,0.52,0.54,23435
ARB.TO,20250116,26.35,26.35,26.35,26.35,1500
ARE.TO,20250117,24.3,24.68,24.23,24.51,387376
ARG.TO,20250117,1.65,1.67,1.65,1.67,212043
ARIS.TO,20250117,5.22,5.33,5.17,5.21,237195
ARR.TO,20241206,12,12,11.99,12,717
ARTI.TO,20250117,12.01,12.04,12.01,12.03,17834
ARX.TO,20250117,26.01,26.6,25.99,26.52,1316444
ASCU.TO,20250117,1.57,1.69,1.555,1.68,140141
ASM.TO,20250117,1.6,1.635,1.54,1.58,100202
ASND.TO,20250117,0.045,0.06,0.045,0.055,40200
ASTL.TO,20250117,11.9,12.14,11.9,12.04,40674
ATCU.TO,20250117,0.42,0.435,0.42,0.435,7875
ATD.TO,20250117,76.67,77.53,76.25,76.78,854999
ATH.TO,20250117,5.22,5.33,5.22,5.32,1925031
ATRL.TO,20250117,73.05,76.28,72.25,76.01,546801
ATS.TO,20250117,38.5,38.69,38.1,38.31,259902
ATSX.TO,20250109,26.92,26.92,26.92,26.92,5
ATZ.TO,20250117,68.5,69,67.5,67.86,416802
AUMN.TO,20250117,0.14,0.14,0.14,0.14,14678
AVCN.TO,20250117,0.325,0.325,0.305,0.315,37132
AVL.TO,20250117,0.035,0.035,0.03,0.035,67000
AVNT.TO,20250117,1.25,1.25,1.22,1.25,10803
AW.TO,20250117,33.25,33.29,32.62,33,24946
AXIS.TO,20241125,0.005,0.005,0.005,0.005,3
AYA.TO,20250117,11.9,12.24,11.77,12.1,605821
BABY.TO,20250117,0.025,0.035,0.025,0.035,2330414
BAM.TO,20250117,79.88,80.65,79.61,80.36,440362
BANK.TO,20250117,8.06,8.07,8.02,8.03,259833
BASE.TO,20250117,22.65,22.75,22.62,22.62,2368
BB.TO,20250117,6.15,6.16,5.74,5.78,3556678
BBUC.TO,20250117,34.23,34.25,33.73,33.86,13802
BCE.TO,20250117,33.08,33.51,33.04,33.5,5196366
BCT.TO,20250117,0.55,0.55,0.53,0.55,14101
BDGI.TO,20250117,36.42,37.1,36.2,37.03,88709
BDI.TO,20250117,9.06,9.1,9.02,9.02,4626
BDIV.TO,20250117,22.08,22.19,22.08,22.1,1507
BDT.TO,20250117,22.96,22.96,22.03,22.53,314971
BEPC.TO,20250117,37.49,37.6,36.29,36.66,986339
BEPR.TO,20250117,9.04,9.06,9.02,9.04,7944
BESG.TO,20250117,16.16,16.17,16.16,16.17,600
BFIN.TO,20250116,25.32,25.33,25.3,25.33,600
BGC.TO,20250117,34.8,34.8,34.8,34.8,250
BGU.TO,20250117,49.63,49.63,49.21,49.32,755
BHC.TO,20250117,10.97,11.04,10.74,10.76,234710
BIPC.TO,20250117,57.93,58.25,57.2,57.35,110209
BIR.TO,20250117,5.71,5.8,5.64,5.79,1182722
BITF.TO,20250117,2.5,2.56,2.42,2.45,3669065
BITI.TO,20250117,20.15,20.21,19.53,19.85,119935
BK.TO,20250117,11.76,11.76,11.68,11.7,79336
BKCC.TO,20250117,14.73,14.75,14.72,14.73,22352
BKCL.TO,20250117,19.8,19.8,19.72,19.74,34357
BKI.TO,20250117,0.175,0.175,0.17,0.175,246500
BLCK.TO,20241230,33.74,33.74,33.74,33.74,100
BLCO.TO,20250117,25.16,25.26,23.7,23.7,4795
BLDP.TO,20250117,2.39,2.4,2.275,2.3,676179
BLN.TO,20250117,6.59,6.75,6.53,6.74,19132
BLOV.TO,20250117,22.64,22.64,22.64,22.64,250
BLX.TO,20250117,27.04,27.56,27.04,27.15,493351
BMAX.TO,20250117,14.01,14.06,14,14.06,29605
BMO.TO,20250117,143.28,143.78,142.61,143.32,1551719
BN.TO,20250117,83.51,84.36,83.51,84.13,1261558
BNC.TO,20250117,29.07,29.07,29.07,29.07,100
BND.TO,20250117,17.75,17.78,17.75,17.76,3847
BNE.TO,20250117,3.6,3.68,3.57,3.65,31784
BNG.TO,20250117,0.01,0.01,0.01,0.01,1000
BNK.TO,20250117,13.11,13.12,12.69,12.79,2759
BNKL.TO,20250117,26.24,26.32,26.24,26.32,612
BNS.TO,20250117,74.71,74.75,73.465,73.57,4457969
BNT.TO,20250117,83.78,84.29,83.68,84.02,31015
BOND.TO,20250117,18.6,18.6,18.46,18.47,2454
BOS.TO,20250117,4.09,4.17,4.06,4.15,22836
BPRF.TO,20250116,22.87,22.89,22.87,22.89,53
BR.TO,20250117,1.06,1.16,1.06,1.16,1200
BRAG.TO,20250117,5.75,6.11,5.75,5.86,23100
BRE.TO,20250117,14.51,14.78,14.4,14.4,7989
BREA.TO,20250116,27.73,27.73,27.73,27.73,100
BRMI.TO,20250117,0.71,0.73,0.71,0.72,5000
BRY.TO,20250116,0.35,0.35,0.35,0.35,337
BSKT.TO,20250117,8.71,8.73,8.71,8.73,16601
BSX.TO,20250117,0.085,0.085,0.085,0.085,245000
BTCC.TO,20250117,19.04,19.66,18.98,19.45,1005064
BTCQ.TO,20250117,23.55,24.3,23.5,24.02,28437
BTCY.TO,20250117,9.2,9.43,9.17,9.34,157133
BTE.TO,20250117,3.8,3.85,3.78,3.82,2626867
BTO.TO,20250117,3.42,3.5,3.37,3.47,2086540
BU.TO,20250117,0.085,0.085,0.08,0.08,91001
BUI.TO,20250117,3.39,3.39,3.39,3.39,300
BXF.TO,20250117,10.1,10.1,10.1,10.1,1332
BYD.TO,20250117,218.43,223.88,218.43,221.53,31282
BYL.TO,20250117,0.38,0.395,0.38,0.385,8030
CACB.TO,20250117,20.05,20.07,20.05,20.07,1306
CAE.TO,20250117,34.7,35.15,34.54,34.92,818381
CAFR.TO,20250117,19.92,19.93,19.92,19.93,31800
CAGG.TO,20250115,44.19,44.19,44.17,44.17,19
CAGS.TO,20250106,47.45,47.45,47.45,47.45,100
CALL.TO,20250117,14.12,14.2,14,14.17,8289
CANL.TO,20250117,25.4,25.4,25.4,25.4,505
CAPG.TO,20250117,26.42,26.42,26.17,26.29,9060
CAPI.TO,20250117,24.97,25.01,24.97,25.01,1600
CAPM.TO,20250117,24.84,24.85,24.84,24.85,2206
CAPW.TO,20250116,24.565,24.58,24.565,24.58,4400
CARB.TO,20250117,7.94,7.94,7.94,7.94,600
CARS.TO,20250117,21.08,21.2,21.08,21.2,2474
CAS.TO,20250117,12.45,12.78,12.45,12.71,164091
CASH.TO,20250117,50.07,50.08,50.06,50.07,560501
CBAL.TO,20250117,23.28,23.28,23.28,23.28,400
CBCX.TO,20250117,38.47,38.47,37.55,37.64,300
CBGR.TO,20250116,23.74,23.74,23.74,23.74,97
CBH.TO,20250117,17.87,17.87,17.85,17.85,6040
CBIL.TO,20250117,50.09,50.09,50.07,50.09,309839
CBIN.TO,20250117,22.31,22.31,22.31,22.31,5755
CBND.TO,20250117,9.21,9.21,9.21,9.21,1000
CBNK.TO,20250117,8.5,8.55,8.45,8.52,11689
CBO.TO,20250117,18.32,18.33,18.32,18.32,2200
CBUG.TO,20250117,28.85,28.85,28.85,28.85,400
CCA.TO,20250117,62.68,63.35,61.63,62.1,174322
CCBD.TO,20241223,18.59,18.59,18.56,18.56,34500
CCBI.TO,20250117,18.12,18.15,18.12,18.15,4691
CCEI.TO,20250117,27.1,27.24,27.1,27.2,7000
CCM.TO,20250117,0.315,0.315,0.3,0.3,30100
CCNS.TO,20250117,18.2,18.2,18.2,18.2,200
CCNV.TO,20250117,21.31,21.31,21.31,21.31,2556
CCO.TO,20250117,71.5,75.92,71.01,74.67,1236175
CCOM.TO,20250117,19.28,19.31,19.28,19.31,594
CCRE.TO,20250117,17.95,17.99,17.91,17.98,666229
CDEF.TO,20250110,11.07,11.07,11.07,11.07,180
CDIV.TO,20250117,14.92,14.92,14.88,14.89,13401
CDLB.TO,20250117,16.61,16.61,16.61,16.61,126
CDNA.TO,20250106,16.63,16.63,16.63,16.63,1
CDR.TO,20250117,1.89,1.9,1.88,1.89,17013
CDZ.TO,20250117,35.41,35.58,35.41,35.545,65745
CEE.TO,20241120,2.56,2.56,2.48,2.48,5300
CEF.TO,20250117,35.98,36.13,35.98,36.05,16016
CEMI.TO,20250117,19.06,19.12,19.03,19.03,1606
CEMX.TO,20250117,0.25,0.25,0.23,0.24,441400
CEQT.TO,20250108,25.61,25.61,25.61,25.61,96
CEU.TO,20250117,9.27,9.34,9.185,9.23,626461
CEW.TO,20250117,20.94,20.94,20.85,20.87,9607
CF.TO,20250117,9.28,9.42,9.25,9.35,59355
CFF.TO,20250117,0.33,0.34,0.32,0.335,13973
CFLX.TO,20250115,16.97,16.97,16.95,16.95,1100
CFP.TO,20250117,15.6,15.84,15.47,15.58,157951
CFRT.TO,20250114,20.99,20.99,20.99,20.99,1000
CFW.TO,20250117,3.87,4,3.87,3.98,3500
CFX.TO,20250117,0.84,0.86,0.77,0.77,6100
CG.TO,20250117,8.36,8.47,8.29,8.43,504129
CGAA.TO,20250117,28.56,28.58,28.56,28.58,1400
CGBI.TO,20250117,17.48,17.49,17.465,17.49,6500
CGDV.TO,20250117,22.1,22.1,22.1,22.1,700
CGG.TO,20250117,8,8.37,8,8.3,22380
CGHY.TO,20250117,10.42,10.42,10.42,10.42,100
CGI.TO,20250117,39.75,39.75,39.45,39.45,57587
CGIN.TO,20250116,21.26,21.26,21.26,21.26,795
CGL.TO,20250117,21.45,21.45,21.3,21.3,30195
CGLO.TO,20250117,30.76,30.88,30.76,30.77,1900
CGO.TO,20250117,53.4,54.25,52.91,53.62,48376
CGR.TO,20250117,30.61,30.61,30.57,30.57,693
CGRA.TO,20250106,22.45,22.45,22.38,22.38,2
CGRB.TO,20241115,21.5,21.5,21.5,21.5,4
CGRE.TO,20250117,21.08,21.09,21.08,21.09,500
CGRN.TO,20250108,22.07,22.07,22.07,22.07,100
CGRO.TO,20250115,24.54,24.54,24.54,24.54,13
CGX.TO,20250117,11.44,11.44,10.94,10.98,505269
CGXF.TO,20250117,10.85,11.01,10.85,10.99,8900
CGY.TO,20250117,48.84,49.47,48.81,49.25,13464
CHPS.TO,20250117,40.52,40.68,40.42,40.68,7896
CHR.TO,20250117,2.82,2.83,2.77,2.8,464365
CIA.TO,20250117,5.32,5.64,5.32,5.56,752440
CIAI.TO,20250117,28.15,28.15,27.7,28.08,9105
CIBR.TO,20250117,54.61,54.61,54.42,54.42,347
CIC.TO,20250117,12.23,12.26,12.23,12.26,11470
CIEH.TO,20250117,18.94,18.94,18.94,18.94,100
CIEI.TO,20250117,23.81,23.81,23.79,23.79,500
CIEM.TO,20250117,19.61,19.7,19.61,19.72,7100
CIF.TO,20250117,51.12,51.38,50.85,51.36,20281
CIGI.TO,20250117,196.99,199.5,196,199.25,32382
CINF.TO,20250117,28.11,28.21,28.11,28.2,7176
CINT.TO,20250117,23.4,23.47,23.35,23.47,2203
CINV.TO,20250117,29.24,29.25,29.13,29.19,3300
CIX.TO,20250117,31.03,31.1,30.95,30.95,1705834
CJ.TO,20250117,6.6,6.63,6.535,6.57,625842
CJT.TO,20250117,120.73,124,120.73,122.55,104390
CKI.TO,20250117,23.6,23.7,23.6,23.7,1800
CLF.TO,20250117,17.37,17.41,17.37,17.4,61857
CLG.TO,20250117,17.23,17.26,17.225,17.26,17817
CLML.TO,20250117,35.98,35.98,35.64,35.64,2060
CLS.TO,20250117,161.44,165.11,158.99,163.86,538094
CM.TO,20250117,90.55,90.9,89.98,90.66,2636377
CMAG.TO,20250117,39.55,39.55,39.55,39.55,715
CMAR.TO,20250116,18.03,18.03,18.03,18.03,695
CMDO.TO,20250117,19.44,19.44,19.42,19.42,2900
CMEY.TO,20241105,19.63,19.63,19.63,19.63,40
CMG.TO,20250117,10.34,10.58,10.16,10.47,202630
CMGG.TO,20250117,35.45,35.45,35.03,35.23,7137
CMNY.TO,20250117,50.16,50.16,50.16,50.16,5388
CMOM.TO,20250117,27.25,27.25,27.25,27.25,100
CMR.TO,20250117,50.1,50.11,50.1,50.11,122262
CMVX.TO,20250106,30.4,30.4,30.4,30.4,1
CNAO.TO,20241231,31.16,31.27,31.16,31.19,1165
CNCC.TO,20250117,12.52,12.56,12.52,12.56,1719
CNCL.TO,20250117,20.32,20.35,20.24,20.35,1064
CNDX.TO,20250117,28.07,28.22,28.07,28.22,2902
CNE.TO,20250117,3.63,3.72,3.58,3.59,23650
CNL.TO,20250117,6.57,6.63,6.5,6.55,32031
CNQ.TO,20250117,44.26,45.12,44.04,45.01,7689649
CNR.TO,20250117,147.3,147.96,146.85,146.93,786905
CNT.TO,20250117,0.025,0.025,0.025,0.025,27000
COG.TO,20250113,0.56,0.57,0.56,0.56,53600
COMM.TO,20250117,41.21,41.21,41.21,41.21,400
COPP.TO,20250117,32.7,32.8,32.52,32.52,1041
COPR.TO,20250117,0.245,0.245,0.21,0.22,332263
CORE.TO,20250117,20.13,20.13,20.12,20.12,13300
COW.TO,20250117,66.82,67.62,66.82,67.54,2496
CP.TO,20250117,107.64,108.92,107.35,108.27,2254753
CPD.TO,20250117,12.8,12.86,12.79,12.85,83511
CPH.TO,20250117,13.44,14.11,13.44,14.01,26824
CPLS.TO,20250117,17.98,17.98,17.98,17.98,1500
CPX.TO,20250117,60.42,62.34,60.39,62.13,973312
CRDL.TO,20250117,1.73,1.76,1.72,1.76,14326
CRED.TO,20250117,20.25,20.25,20.25,20.25,200
CRON.TO,20250117,2.87,2.88,2.84,2.87,120002
CROP.TO,20250117,18.96,18.96,18.93,18.95,4384
CRP.TO,20250116,2.91,2.91,2.91,2.91,800
CRRX.TO,20250117,2.15,2.19,1.88,2.19,29821
CRWN.TO,20250115,1.52,1.56,1.4,1.56,308
CS.TO,20250117,8.73,8.96,8.65,8.82,1713988
CSAV.TO,20250117,50.13,50.13,50.12,50.12,35011
CSBI.TO,20250117,20.61,20.61,20.61,20.61,9600
CSCI.TO,20250117,4.16,4.37,4.15,4.28,1003
CSU.TO,20250117,4404.23,4461.39,4371.41,4392.37,22114
CTC.TO,20250117,222,222,222,222,279
CTS.TO,20250117,3.55,3.61,3.47,3.49,424073
CTX.TO,20250117,0.58,0.58,0.58,0.58,3525
CU.TO,20250117,33.96,34.49,33.96,34.41,362802
CUBD.TO,20250117,20.6,20.6,20.6,20.6,200
CUD.TO,20250117,53.34,53.34,53.33,53.33,3501
CUDV.TO,20250117,23.22,23.22,23.19,23.19,2300
CUEH.TO,20250117,23.4,23.5,23.4,23.5,400
CUEI.TO,20250117,34.21,34.4,34.21,34.36,4086
CURA.TO,20250117,2,2.18,1.98,2.18,435707
CUTL.TO,20250106,21.18,21.18,21.18,21.18,100
CVD.TO,20250117,17.34,17.35,17.26,17.26,17585
CVE.TO,20250117,21.36,21.87,21.24,21.77,4149403
CVG.TO,20250116,70,70,70,70,1
CVLU.TO,20250117,23.71,23.71,23.71,23.71,100
CVO.TO,20250117,6.05,6.17,6.01,6.07,54571
CWB.TO,20250117,58.9,59.48,57.13,57.8,882672
CWEB.TO,20250117,0.155,0.16,0.155,0.155,14032
CWL.TO,20250117,1.2,1.22,1.16,1.2,16400
CWW.TO,20250117,58.3,58.59,58.3,58.59,2428
CXB.TO,20250117,2.3,2.32,2.26,2.28,842732
CXF.TO,20250117,10.17,10.24,10.17,10.24,2500
CXI.TO,20250117,22.8,23.1,22.8,23.1,4350
CYB.TO,20250117,72.96,73,72.5,73,3701
CYBR.TO,20250117,53.03,53.03,51.91,51.92,6077
CYH.TO,20250117,21.95,21.96,21.9,21.85,4626
DAMG.TO,20250110,20.77,20.77,20.77,20.77,100
DANC.TO,20250117,22.65,22.65,22.64,22.64,501
DATA.TO,20250117,28.02,28.05,27.95,27.95,1600
DAY.TO,20250117,101.5,102.41,100.7,101.07,12638
DBM.TO,20250117,8.16,8.23,8.135,8.19,136001
DBO.TO,20250117,0.165,0.165,0.16,0.16,50875
DCBC.TO,20250116,20.94,20.98,20.92,20.98,900
DCBO.TO,20250117,61.8,62.85,60.79,60.84,30022
DCC.TO,20250113,18.8,18.8,18.8,18.8,1400
DCG.TO,20250114,18.19,18.19,18.19,18.19,1972
DCM.TO,20250117,2.09,2.13,2.07,2.09,8135
DCP.TO,20250117,20.12,20.12,20.06,20.12,9309
DCS.TO,20250115,18.85,18.85,18.85,18.85,8
DCU.TO,20250117,17.89,17.89,17.89,17.89,414
DF.TO,20250117,6.21,6.21,6.08,6.12,92432
DFN.TO,20250117,6.19,6.19,6.11,6.14,358343
DFY.TO,20250117,54.77,54.95,53.97,54.46,190737
DGR.TO,20250117,47.9,47.9,47.5,47.61,2883
DGRC.TO,20250117,38.94,39.14,38.94,39.14,4400
DGS.TO,20250117,6.77,6.8,6.7,6.73,158760
DIAM.TO,20250117,0.025,0.025,0.02,0.025,290114
DISC.TO,20250117,43.86,43.86,43.86,43.86,100
DIV.TO,20250117,2.82,2.86,2.82,2.83,97976
DIVS.TO,20250117,16.24,16.48,16.24,16.44,1522
DLCG.TO,20250117,7.41,7.7,7.41,7.69,517852
DLR.TO,20250117,14.66,14.7,14.61,14.695,1566740
DMEC.TO,20250117,23.24,23.24,23.22,23.22,10821
DMEI.TO,20250117,21.11,21.14,21.11,21.14,2352
DMEU.TO,20250117,25,25.14,24.95,25.1,18093
DML.TO,20250117,2.68,2.76,2.66,2.72,2420382
DND.TO,20250117,15.91,16.26,15.71,15.83,388984
DNG.TO,20250117,6.18,6.18,6.01,6.06,19501
DNTL.TO,20250117,7.8,8.01,7.79,7.84,128898
DOL.TO,20250117,133.32,133.94,133.08,133.34,715187
DOO.TO,20250117,77.29,77.8,74.89,75.19,130791
DPM.TO,20250117,13.57,13.91,13.475,13.89,438269
DR.TO,20250117,16.15,16.87,16.15,16.71,320846
DRCU.TO,20250114,18.44,18.47,18.44,18.47,60
DRFC.TO,20250117,32.83,32.93,32.83,32.88,3719
DRFD.TO,20250116,23.95,23.95,23.95,23.95,10
DRFE.TO,20250117,23.32,23.37,23.3,23.26,1210
DRFG.TO,20250116,31.73,31.79,31.73,31.79,520
DRFU.TO,20250117,39.01,39.09,39.01,39.09,600
DRM.TO,20250117,20.77,20.84,20.56,20.63,21471
DRMC.TO,20250117,32.16,32.32,32.16,32.32,449
DRMD.TO,20250117,25.95,25.95,25.94,25.95,300
DRME.TO,20250113,17.62,17.64,17.62,17.64,4202
DRMU.TO,20250117,46.2,46.3,46.2,46.3,200
DRT.TO,20250117,1.27,1.35,1.24,1.26,111330
DRX.TO,20250117,8.46,8.84,8.46,8.73,93304
DS.TO,20250117,6.82,6.85,6.8,6.8,9532
DSAE.TO,20250116,26.87,26.88,26.79,26.88,400
DSG.TO,20250117,167.71,169.35,166.99,167.57,90524
DSV.TO,20250117,0.95,0.96,0.92,0.94,315737
DTOL.TO,20250117,18.9,18.9,18.32,18.32,7611
DXAU.TO,20250117,25.58,25.58,25.58,25.58,1100
DXB.TO,20250117,17.78,17.78,17.77,17.77,1790
DXBC.TO,20250117,21.79,21.79,21.79,21.79,400
DXBU.TO,20250113,21.01,21.01,21.01,21.01,100
DXC.TO,20250117,38.1,38.15,38.1,38.13,848
DXDB.TO,20250117,21.31,21.32,21.31,21.32,400
DXEM.TO,20250114,12.8,12.81,12.8,12.81,4
DXET.TO,20250114,18.05,18.05,18.05,18.05,200
DXF.TO,20250117,47.35,47.35,47.35,47.35,400
DXG.TO,20250117,70.1,70.1,69.65,70.1,3233
DXGE.TO,20250115,24.73,24.76,24.73,24.76,3200
DXIF.TO,20250108,24.74,24.74,24.74,24.74,300
DXMO.TO,20250117,19.82,19.82,19.82,19.82,242
DXN.TO,20250117,22.3,22.3,22.3,22.3,100
DXO.TO,20250117,19.5,19.5,19.5,19.5,4745
DXP.TO,20250117,23.61,23.67,23.6,23.62,11832
DXQ.TO,20250117,26.65,26.75,26.64,26.74,36798
DXR.TO,20250117,22.88,22.88,22.88,22.88,100
DXRE.TO,20241224,21.43,21.43,21.43,21.43,3
DXT.TO,20250117,7.52,7.79,7.52,7.75,24649
DXU.TO,20250117,65.95,66.36,65.95,66.36,1260
DXUS.TO,20250117,31.87,31.87,31.56,31.65,2210
DXV.TO,20250117,19.66,19.67,19.64,19.64,5007
DXW.TO,20250115,21.91,21.91,21.91,21.91,600
DXZ.TO,20250117,14.36,14.36,14.1,14.1,1720
DYA.TO,20250117,0.175,0.18,0.175,0.175,78500
E.TO,20250117,2.2,2.29,2.2,2.25,176043
EAGR.TO,20250117,0.54,0.55,0.53,0.55,14824
EARN.TO,20250110,48.47,48.47,48.45,48.45,1000
EBIT.TO,20250117,52.93,54.6,52.61,54,59880
EBNK.TO,20250117,11.71,11.72,11.69,11.71,4584
ECN.TO,20250117,3.15,3.2,3.13,3.18,51813
ECO.TO,20250117,4.11,4.14,4.11,4.14,2342
ECOR.TO,20250117,1.16,1.16,1.13,1.13,25433
EDGE.TO,20250117,40,40.02,40,40.02,212
EDGF.TO,20250117,10.72,10.72,10.69,10.69,300
EDR.TO,20250117,4.95,5.19,4.87,5.1,520758
EDT.TO,20250117,0.495,0.5,0.495,0.5,9900
EDV.TO,20250117,26.95,27.22,26.73,26.94,294746
EFN.TO,20250117,28.2,28.59,28,28.44,721028
EFR.TO,20250117,7.33,7.6,7.22,7.52,407401
EFX.TO,20250117,14.77,15.11,14.77,15.09,744404
EGIF.TO,20241220,22.63,22.63,22.63,22.63,100
EGLX.TO,20250117,0.13,0.145,0.13,0.13,139636
EHE.TO,20241203,31.63,31.63,31.63,31.63,1
EIF.TO,20250117,53.4,54.14,53.245,53.84,105832
ELD.TO,20250117,20.86,21.16,20.64,20.99,206848
ELEF.TO,20250117,0.18,0.18,0.16,0.165,276229
ELF.TO,20250117,1394.99,1395,1394.99,1395,356
ELO.TO,20250117,0.96,0.99,0.96,0.98,25218
ELR.TO,20250117,0.15,0.15,0.15,0.15,58000
ELVA.TO,20250117,3.6,3.69,3.58,3.61,18244
EMA.TO,20250117,53.5,54.35,53.5,54.17,799081
EMAX.TO,20250117,15.87,16.05,15.87,16.05,20831
ENB.TO,20250117,63.5,64.68,63.35,64.38,5171507
ENCC.TO,20250117,10.81,10.99,10.81,10.99,123546
ENCL.TO,20250117,19,19.36,19,19.27,85550
ENGH.TO,20250117,26.87,27.23,26.76,27.12,107206
ENS.TO,20250117,14.35,14.61,14.35,14.59,105989
EPRX.TO,20250117,4.38,4.7,4.38,4.63,33100
EQB.TO,20250117,109.9,110.65,107.8,108.39,106616
EQCC.TO,20250115,20.93,20.93,20.93,20.93,80
EQCL.TO,20250117,22.87,23.19,22.87,23.19,9118
EQL.TO,20250117,39.5,39.61,39.33,39.535,31733
EQLI.TO,20250117,21.89,21.98,21.86,21.97,24600
EQX.TO,20250117,8.37,8.565,8.28,8.44,927178
EQY.TO,20250117,22.94,22.94,22.94,22.94,1000
ERD.TO,20250117,0.58,0.59,0.58,0.59,31100
ERO.TO,20250117,19.95,20.68,19.86,20.47,383544
ESG.TO,20250117,45.07,45.38,45.07,45.37,3638
ESGA.TO,20250117,40.77,40.77,40.77,40.77,100
ESGB.TO,20250117,27.6,27.73,27.6,27.72,895
ESGC.TO,20250117,28.93,29.04,28.91,29.04,32200
ESGE.TO,20250117,34.76,34.8,34.75,34.8,586
ESGF.TO,20250117,23.71,23.8,23.71,23.8,500
ESGG.TO,20250117,51.43,51.52,51.43,51.52,284
ESGH.TO,20250117,29.88,30.02,29.88,30.02,1800
ESGY.TO,20250117,61.16,61.16,61.16,61.16,100
ESI.TO,20250117,3.35,3.38,3.285,3.31,158720
ESM.TO,20250117,0.045,0.045,0.04,0.04,56772
ESP.TO,20250117,5.35,5.35,5.25,5.35,26100
ESPX.TO,20250117,25.22,25.34,25.21,25.32,6057
ET.TO,20250117,12.68,12.88,12.68,12.85,22740
ETC.TO,20250117,21.68,22.22,21.3,22.15,12734
ETG.TO,20250117,2.73,2.75,2.65,2.65,19649
ETHH.TO,20250117,13.52,13.95,13.44,13.93,183839
ETHI.TO,20250117,54.15,54.15,54.09,54.12,700
ETHQ.TO,20250117,19.47,20,19.34,19.98,16410
ETHR.TO,20250117,16.75,17.25,16.6,17.21,35482
ETHY.TO,20250117,3.95,4.01,3.91,4.01,30238
ETP.TO,20250114,17.4,17.4,17.4,17.4,1800
ETSX.TO,20250117,21.1,21.1,21.1,21.1,364
EVO.TO,20250117,22.97,22.97,22.89,22.9,2985
EVT.TO,20250117,177,177,177,177,2000
EXE.TO,20250117,10.17,10.35,10.17,10.34,89933
EXN.TO,20250117,0.095,0.1,0.095,0.1,66500
EXRO.TO,20250117,0.125,0.125,0.115,0.12,357902
FAP.TO,20250117,2.91,2.93,2.905,2.905,116844
FAR.TO,20250117,2.25,2.27,2.21,2.22,12160
FBGO.TO,20250117,17.7,17.7,17.7,17.7,579
FBT.TO,20250117,31.74,31.74,31.74,31.74,428
FBTC.TO,20250117,49.07,50.67,48.88,50.1,208308
FC.TO,20250117,11.96,12,11.87,11.89,65349
FCCD.TO,20250117,30.12,30.22,30.11,30.22,11281
FCCQ.TO,20250117,37.85,37.92,37.85,37.91,1851
FCCV.TO,20250117,15.26,15.31,15.25,15.29,9200
FCEM.TO,20250117,10.27,10.27,10.23,10.23,2100
FCGI.TO,20250115,13.9,13.9,13.9,13.9,700
FCID.TO,20250117,27.21,27.27,27.18,27.27,3915
FCII.TO,20250117,22.51,22.52,22.51,22.52,785
FCIQ.TO,20250117,39.88,39.95,39.82,39.89,12313
FCIV.TO,20250117,34.38,34.41,34.25,34.41,36498
FCMI.TO,20250115,13.04,13.04,13.04,13.04,2
FCQH.TO,20250115,57.17,57.17,57.17,57.17,100
FCRR.TO,20250116,44.76,44.76,44.76,44.76,1
FCSI.TO,20250102,22.16,22.16,22.16,22.16,100
FCU.TO,20241224,0.72,0.73,0.71,0.72,2497091
FCUD.TO,20250117,38.71,38.86,38.7,38.8,2591
FCUH.TO,20250117,32.38,32.38,32.38,32.38,100
FCUQ.TO,20250117,66.44,66.44,66.07,66.28,10400
FCUV.TO,20250117,20.98,21.07,20.91,21.06,77522
FCVH.TO,20250117,18.75,18.87,18.75,18.85,7393
FDL.TO,20250108,33.27,33.32,33.22,33.32,50
FDN.TO,20250117,29.37,29.37,29.37,29.37,147
FDY.TO,20250117,0.75,0.75,0.74,0.74,326179
FEC.TO,20250117,8.85,9.28,8.8,9.28,32653
FEME.TO,20241217,20.57,20.57,20.57,20.57,2
FETH.TO,20250117,66.05,68.21,66.02,68.21,2411
FF.TO,20250117,0.12,0.12,0.115,0.12,394458
FFH.TO,20250117,1988.88,2008.5,1982.66,1995.56,99035
FFN.TO,20250117,7.3,7.3,7.22,7.3,461439
FGB.TO,20250115,18.38,18.38,18.37,18.37,500
FGEB.TO,20250117,10.97,10.97,10.86,10.86,3400
FGEP.TO,20250117,11.19,11.23,11.16,11.23,17876
FGGE.TO,20250117,26.11,26.11,26.11,26.11,100
FGO.TO,20250117,9.89,9.895,9.89,9.895,1300
FGOV.TO,20250116,20.65,20.65,20.65,20.65,500
FGRW.TO,20250115,22.4,22.4,22.4,22.4,100
FHG.TO,20250117,59.5,59.5,59.5,59.5,5860
FHH.TO,20250115,41.42,41.42,41.42,41.42,300
FHI.TO,20250117,10.73,10.79,10.73,10.76,6110
FHIS.TO,20250117,20.86,20.91,20.86,20.9,14666
FHQ.TO,20250117,105.02,105.65,105.02,105.65,300
FIE.TO,20250117,8.26,8.29,8.26,8.27,87977
FIG.TO,20250117,9.43,9.43,9.41,9.41,4621
FIL.TO,20250110,32.58,32.58,32.01,32.22,73276
FINC.TO,20250116,21.73,21.73,21.73,21.73,500
FINO.TO,20250116,27.29,27.29,27.24,27.26,700
FINT.TO,20241224,26.405,26.45,26.4,26.45,70
FLCI.TO,20250115,17.92,17.92,17.83,17.83,1041
FLCP.TO,20250117,17.97,18,17.97,18,1305
FLDM.TO,20241126,23.58,23.59,23.58,23.59,300
FLGA.TO,20250117,18.82,18.82,18.82,18.82,205
FLGD.TO,20241127,29.81,29.81,29.81,29.81,100
FLI.TO,20250117,11.35,11.39,11.35,11.38,3600
FLNT.TO,20250117,0.03,0.03,0.03,0.03,80378
FLOW.TO,20250117,0.16,0.16,0.16,0.16,8976
FLSD.TO,20250117,19.29,19.3,19.29,19.3,7170
FLUS.TO,20250117,49.9,50.28,49.9,50.28,500
FLX.TO,20250117,7.18,7.18,7.14,7.15,2467
FM.TO,20250117,18.77,19.41,18.73,19.01,2566894
FMAX.TO,20250117,19.98,20.19,19.98,20.18,16062
FN.TO,20250117,40.11,40.4,40.08,40.3,43983
FNV.TO,20250117,179.35,182.3,178.89,182.04,173782
FOM.TO,20250117,3.97,4.01,3.94,4,617266
FOOD.TO,20250117,0.5,0.5,0.49,0.495,138312
FORA.TO,20250117,10.45,10.8,10.45,10.8,23839
FOUR.TO,20250116,54.98,54.98,54.98,54.98,68
FPR.TO,20250115,23.2,23.2,23.2,23.2,100
FRU.TO,20250117,13.05,13.15,12.96,13.01,680611
FRX.TO,20250117,7.98,7.98,7.98,7.98,507
FSB.TO,20250117,9.65,9.67,9.65,9.66,9156
FSF.TO,20250117,31.84,31.84,31.84,31.84,600
FSL.TO,20250116,17.05,17.05,17,16.99,601
FST.TO,20250117,56.57,56.57,56.57,56.57,200
FSV.TO,20250117,265.48,265.48,260.89,263.64,61050
FSY.TO,20250117,0.62,0.64,0.62,0.64,27175
FSZ.TO,20250117,8.47,8.56,8.33,8.35,195931
FT.TO,20250117,0.05,0.05,0.045,0.045,172100
FTG.TO,20250117,7.36,7.41,7.35,7.38,5293
FTHI.TO,20250117,11.15,11.16,11.15,11.16,3427
FTN.TO,20250117,9.59,9.65,9.54,9.61,292506
FTS.TO,20250117,60.28,60.99,60.24,60.69,1213388
FTT.TO,20250117,38,38.28,37.49,37.84,272578
FTU.TO,20250117,0.69,0.68,0.61,0.68,7728
FURY.TO,20250117,0.54,0.54,0.52,0.52,14374
FVI.TO,20250117,6.15,6.24,6.06,6.17,520103
FVL.TO,20250117,0.84,0.85,0.83,0.83,97315
FWCP.TO,20241129,17.32,17.32,17.32,17.32,200
FXM.TO,20250117,25.83,25.83,25.79,25.79,8904
G.TO,20250117,1.14,1.17,1.05,1.11,84159
GATO.TO,20250117,20.47,22.23,20.47,21.59,8801
GAU.TO,20250117,1.57,1.6,1.545,1.56,148995
GBAL.TO,20250117,52.1,52.2,52.1,52.2,618
GBT.TO,20250117,15.2,15.5,15.09,15.45,4006
GCBD.TO,20250117,18.28,18.3,18.26,18.3,6279
GCFE.TO,20250114,28.82,28.82,28.82,28.82,321
GCG.TO,20250115,44.92,45.25,44.92,45.25,2
GCL.TO,20250117,0.88,0.89,0.86,0.87,28800
GCNS.TO,20250116,45,45,45,45,355
GCSC.TO,20250116,26.43,26.43,26.43,26.43,100
GCTB.TO,20250117,50.12,50.12,50.12,50.12,4200
GDC.TO,20250117,3.32,3.34,3.3,3.3,3000
GDEP.TO,20250107,19.89,19.89,19.89,19.89,400
GDI.TO,20250117,35.06,35.06,34.52,34.52,900
GDL.TO,20250117,12.6,12.6,12.29,12.37,3045
GDPY.TO,20250117,20.99,21.02,20.99,21.01,1800
GDV.TO,20250117,10.92,11.015,10.9,10.96,31181
GEC.TO,20250116,0.205,0.205,0.205,0.205,500
GEI.TO,20250117,25.35,25.88,25.35,25.87,534606
GENM.TO,20250117,0.15,0.16,0.145,0.155,344959
GEO.TO,20250117,2.9,3.2,2.9,3.16,16984
GEQT.TO,20250117,66.11,66.11,65.9,65.9,910
GFL.TO,20250117,61.5,61.61,60.5,60.55,558342
GFP.TO,20250117,5.53,5.55,5.5,5.53,13403
GFR.TO,20250117,10.18,10.18,9.88,10.04,13400
GGD.TO,20250117,1.35,1.4,1.35,1.38,655217
GGRO.TO,20250117,58.66,58.82,58.66,58.77,19879
GH.TO,20250117,10.51,10.52,10.27,10.27,6025
GIES.TO,20241231,22.12,22.12,21.99,21.99,1100
GIGC.TO,20250109,21.49,21.49,21.49,21.49,800
GIL.TO,20250117,71.48,72.045,71.27,72,277025
GIQG.TO,20250108,30.16,30.16,30.16,30.16,100
GIQU.TO,20250106,32.38,32.38,32.22,32.22,200
GLCC.TO,20250117,27.65,28.14,27.65,28.11,32957
GLO.TO,20250117,0.83,0.895,0.825,0.88,919139
GLXY.TO,20250117,29.79,31.28,29.28,29.94,1915160
GMIN.TO,20250117,12.6,12.855,12.41,12.69,250537
GMTN.TO,20250117,0.025,0.025,0.025,0.025,5856
GMX.TO,20250117,1.28,1.3,1.27,1.3,15266
GOLD.TO,20250117,1.16,1.16,1.13,1.16,46872
GOOS.TO,20250117,14.97,15.1,14.65,14.77,204973
GPMD.TO,20250115,10.2,10.2,10.2,10.2,300
GRA.TO,20250117,2.54,2.54,2.46,2.46,23946
GRC.TO,20250115,0.065,0.065,0.065,0.065,1000
GRCC.TO,20250116,22.13,22.19,22.13,22.19,12575
GRID.TO,20250117,1.99,2.01,1.95,2.01,88400
GRN.TO,20250117,0.1,0.105,0.1,0.1,120695
GRNI.TO,20250117,28.44,28.44,28.44,28.44,100
GSY.TO,20250117,176.77,178.1,172.95,173.99,62070
GTE.TO,20250117,11.06,11.06,10.53,10.68,27759
GTWO.TO,20250117,2.39,2.5,2.35,2.44,169969
GUD.TO,20250117,5.41,5.49,5.38,5.48,71818
GURU.TO,20250117,1.25,1.29,1.24,1.29,65493
GVC.TO,20250107,0.175,0.175,0.175,0.175,2
GWO.TO,20250117,46.52,46.55,45.88,45.98,2640931
GXE.TO,20250117,0.5,0.5025,0.485,0.5,612118
H.TO,20250117,43.8,44.34,43.75,44.2,1023803
HAB.TO,20250115,10.145,10.17,10.14,10.17,32
HAC.TO,20250117,31.46,31.55,31.46,31.51,1305
HAD.TO,20250117,9.08,9.08,9.08,9.08,1400
HAF.TO,20250117,7.1,7.1,7.05,7.09,8800
HAI.TO,20250117,4.71,4.99,4.71,4.92,98333
HAL.TO,20250117,21.95,21.97,21.95,21.97,206
HAZ.TO,20250117,39.4,39.45,39.4,39.45,1632
HBA.TO,20250117,28.465,28.465,28.465,28.465,177
HBAL.TO,20250117,15.93,15.94,15.93,15.94,2934
HBB.TO,20250117,48.83,48.83,48.7,48.77,31824
HBD.TO,20250117,24.4,24.59,24.25,24.59,3688
HBF.TO,20250117,10.15,10.2,10.15,10.185,19367
HBGD.TO,20250117,33.19,33.38,32.95,32.95,2138
HBIE.TO,20250117,24.06,24.06,24.02,24.02,1226
HBIG.TO,20250117,24.11,24.14,24.11,24.14,308
HBIL.TO,20250117,15.43,15.45,15.43,15.45,78932
HBKD.TO,20250114,13.17,13.19,13.17,13.19,27
HBKU.TO,20250115,28.9,28.94,28.9,28.94,3
HBLK.TO,20250117,20.36,20.84,20.36,20.52,10847
HBM.TO,20250117,12.37,12.8,12.29,12.43,1550899
HBND.TO,20250117,13.65,13.65,13.58,13.585,8778
HBNK.TO,20250117,25.31,25.34,25.29,25.34,2965
HBP.TO,20250117,0.92,0.92,0.9,0.9,2800
HBU.TO,20250117,18.07,18.31,18.07,18.09,4975
HBUG.TO,20250114,24.7,24.7,24.7,24.7,105
HCA.TO,20250117,24.26,24.42,24.26,24.42,4250
HCAL.TO,20250117,25.2,25.24,25.17,25.23,61794
HCLN.TO,20250117,7.71,7.75,7.71,7.725,15634
HCON.TO,20250117,13.95,13.95,13.95,13.95,5000
HCRE.TO,20250117,25.4,25.4,25.26,25.27,2201
HDGE.TO,20250117,27.55,27.55,27.54,27.54,800
HDIF.TO,20250117,8.75,8.82,8.75,8.82,158283
HDIV.TO,20250117,17.84,17.97,17.84,17.95,106474
HEB.TO,20250117,19.88,19.91,19.88,19.91,2305
HED.TO,20250117,23.88,23.9,23.24,23.24,10374
HEQL.TO,20250115,27.39,27.4,27.39,27.4,8
HEQT.TO,20250117,18.38,18.4,18.32,18.4,8388
HERO.TO,20250117,35.88,35.88,35.75,35.75,1700
HEU.TO,20250117,28.33,28.93,28.15,28.79,8254
HEWB.TO,20250117,39.2,39.29,39.17,39.25,3350
HFD.TO,20250117,6.15,6.15,6.11,6.12,11300
HFG.TO,20250117,28.31,28.31,28.31,28.31,300
HFIN.TO,20250117,19.74,19.74,19.65,19.65,11110
HFR.TO,20250117,10.09,10.09,10.085,10.09,15670
HFU.TO,20250117,32.19,32.22,32.17,32.2,2577
HGD.TO,20250117,27.09,27.6,26.2,26.32,50486
HGGB.TO,20241129,21.95,21.95,21.95,21.95,50
HGGG.TO,20250115,36.73,36.73,36.25,36.25,3701
HGR.TO,20250117,5.89,5.96,5.89,5.95,4913
HGRW.TO,20250116,25.32,25.32,25.2,25.21,1400
HGU.TO,20250117,22.72,23.7,22.49,23.63,160193
HGY.TO,20250117,11.52,11.52,11.52,11.52,550
HHL.TO,20250117,7.96,7.96,7.89,7.89,103025
HHLE.TO,20250117,9.8,9.8,9.75,9.75,13146
HIG.TO,20250117,7.96,7.96,7.88,7.89,7501
HIND.TO,20250117,12.35,12.38,12.35,12.38,683
HIU.TO,20250117,10.81,10.81,10.79,10.81,18600
HIX.TO,20250117,24.77,24.77,24.68,24.69,15200
HLF.TO,20250117,15.27,15.29,15,15.08,23648
HLIF.TO,20250117,9.5,9.52,9.49,9.505,16300
HLIT.TO,20250117,15.65,15.89,15.65,15.89,361
HLPR.TO,20250117,29.23,29.41,29.23,29.41,300
HLS.TO,20250117,3.97,4.03,3.97,3.99,4901
HMAX.TO,20250117,14.71,14.74,14.68,14.715,392242
HMMJ.TO,20250117,8.76,8.77,8.73,8.73,7404
HMP.TO,20250117,9.64,9.64,9.64,9.64,400
HND.TO,20250117,8.44,8.67,8.15,8.61,3787257
HNU.TO,20250117,45.92,47.655,44,44.55,792020
HOD.TO,20250117,5.2,5.23,5.14,5.2,806517
HOU.TO,20250117,14.69,14.85,14.59,14.7,243316
HPF.TO,20250117,3.26,3.26,3.255,3.26,11716
HPR.TO,20250117,9.44,9.5,9.44,9.49,64276
HPYM.TO,20250117,10.91,10.92,10.9,10.92,11541
HPYT.TO,20250117,9.66,9.67,9.62,9.64,169721
HQD.TO,20250117,10,10.13,9.97,10.05,762791
HQU.TO,20250117,24.65,24.76,24.36,24.59,1011832
HRAA.TO,20250117,12.29,12.33,12.29,12.33,2105
HRED.TO,20250114,15.57,15.57,15.57,15.57,50
HREU.TO,20250113,14.45,14.45,14.45,14.45,70
HRIF.TO,20250117,16.78,16.78,16.78,16.78,1750
HRX.TO,20250117,32.01,32.08,31.95,32,21554
HSAV.TO,20250117,114.99,115.09,114.86,115.05,68223
HSD.TO,20250117,15.13,15.2,15.02,15.12,224234
HSH.TO,20250117,73.75,73.79,73.75,73.77,3180
HSU.TO,20250117,26.42,26.63,26.325,26.465,271657
HTA.TO,20250117,19.2,19.2,18.99,19.03,22513
HTAE.TO,20250117,17.37,17.37,17.25,17.36,20970
HTB.TO,20250117,59.1,59.275,59.1,59.23,4445
HTL.TO,20241202,2.24,2.25,2.24,2.24,51353
HUBL.TO,20250117,14.2,14.22,14.17,14.2,4434
HUC.TO,20250117,22.21,22.24,22.21,22.24,259
HUG.TO,20250117,21.19,21.31,21.19,21.25,1601
HULC.TO,20250117,104.13,104.82,104.13,104.74,1667
HUM.TO,20250116,36.5,36.5,36.47,36.47,60
HUN.TO,20250117,8.52,8.57,8.45,8.5,8593
HURA.TO,20250117,36.43,37.21,36.43,37.02,1891
HUT.TO,20250117,40.22,42.14,38.15,38.97,2945916
HUTE.TO,20250117,10.3,10.34,10.28,10.34,2505
HUTL.TO,20250117,17.34,17.46,17.33,17.45,9860
HUTS.TO,20250117,12.18,12.35,12.18,12.33,11201
HUV.TO,20250117,7.6,7.78,7.58,7.78,363795
HUZ.TO,20250117,13.54,13.61,13.54,13.58,3412
HWO.TO,20250117,1.11,1.12,1.11,1.12,2700
HWX.TO,20250117,7.04,7.05,6.91,7.04,462393
HXCN.TO,20250117,41.04,41.28,41.04,41.28,11698
HXD.TO,20250117,23.35,23.35,23.06,23.105,131062
HXDM.TO,20250117,48,48.23,47.99,48.21,15420
HXE.TO,20250117,36.88,36.94,36.88,36.94,1504
HXEM.TO,20250117,37.78,37.87,37.78,37.85,2190
HXF.TO,20250116,84.11,84.22,84.11,84.22,80
HXH.TO,20250117,54.53,54.62,54.53,54.62,1623
HXQ.TO,20250117,88.86,88.98,88.02,88.85,26745
HXS.TO,20250117,88.69,89.08,88.43,88.96,55478
HXT.TO,20250117,65.27,65.67,65.26,65.59,246836
HXU.TO,20250117,27.71,28.04,27.71,27.99,69393
HXX.TO,20250117,53.52,53.55,53.45,53.55,2401
HYBR.TO,20250117,9.91,9.91,9.91,9.91,200
HYLD.TO,20250117,14.01,14.15,14.01,14.09,272529
HZD.TO,20250117,7.25,7.27,7.12,7.24,64034
HZU.TO,20250117,26.81,27.34,26.7,26.89,179340
IAG.TO,20250117,131.8,132.4,129.88,131.15,171385
IAU.TO,20250117,0.88,0.89,0.82,0.82,1566429
ICAE.TO,20250117,22.84,22.88,22.84,22.88,1890
ICCB.TO,20241104,19.92,19.92,19.92,19.92,14
ICE.TO,20250107,3.9,3.9,3.9,3.9,7
ICPB.TO,20250117,9.5,9.5,9.5,9.5,500
ICTE.TO,20250116,18.9,18.9,18.9,18.9,100
IE.TO,20250117,9.85,10.06,9.73,9.8,15092
IFA.TO,20250117,1.11,1.11,1.08,1.08,4711
IFC.TO,20250117,256.75,258,253.71,253.75,309426
IFP.TO,20250117,17.76,18.47,17.76,17.92,183626
IFRF.TO,20250116,8.34,8.34,8.34,8.34,274
IGAF.TO,20250110,15.39,15.39,15.39,15.39,45
IGB.TO,20250116,18.24,18.24,18.24,18.24,100
IGCF.TO,20250116,16.13,16.13,16.13,16.13,100
IGEO.TO,20250117,15,15,15,15,100
IGM.TO,20250117,45.02,45.41,44.73,44.81,255880
IIAE.TO,20250107,24.62,24.62,24.62,24.62,82
IICE.TO,20250115,22.67,22.67,22.67,22.67,100
III.TO,20250117,1.89,1.93,1.86,1.93,23600
IIMF.TO,20250116,21.17,21.17,21.08,21.08,44
IITE.TO,20250109,20.97,20.97,20.97,20.97,100
ILGB.TO,20250116,8.78,8.78,8.78,8.78,600
ILLM.TO,20250117,2.38,2.5,2.38,2.42,132627
IMG.TO,20250117,7.75,8.17,7.68,8.09,1910820
IMO.TO,20250117,99,99.89,98.16,98.86,1022937
IMP.TO,20250117,2.27,2.36,2.26,2.35,50670
INAI.TO,20250117,29.59,29.61,29.59,29.61,406
INCM.TO,20250117,20.07,20.07,20.03,20.07,15170
INE.TO,20250117,8.12,8.31,8.1,8.2,730724
INOC.TO,20250117,15.78,15.78,15.64,15.64,1245
IPCO.TO,20250117,18.97,19.2,18.97,19.15,96890
IPO.TO,20250117,1.7,1.72,1.69,1.71,45632
IQD.TO,20250117,34.53,34.54,34.53,34.54,1122
IS.TO,20250117,14.66,14.8,14.66,14.78,14609
ISCB.TO,20250109,10.77,10.77,10.75,10.75,1985
ISO.TO,20250117,2.77,3.01,2.75,3.01,333828
ISV.TO,20241129,27.25,27.5,27.24,27.25,2648
ITH.TO,20250117,0.74,0.78,0.73,0.75,29250
IUAE.TO,20250116,23.94,23.94,23.94,23.94,100
IUCE.TO,20250110,24.7,24.7,24.7,24.7,433
IUMF.TO,20250116,23.82,23.88,23.82,23.88,1300
IUTE.TO,20250117,26.91,26.91,26.91,26.91,148
IVN.TO,20250117,16.42,16.8,16.17,16.45,2020264
IVQ.TO,20250117,0.11,0.12,0.11,0.12,62500
IWBE.TO,20250116,17.76,17.76,17.76,17.76,500
IWEB.TO,20241021,10.82,10.82,10.82,10.82,18
IXTE.TO,20250117,22.53,22.55,22.53,22.55,200
JAG.TO,20250117,2.31,2.38,2.31,2.32,36727
JAPN.TO,20250117,48.87,48.87,48.87,48.87,310
JEPI.TO,20250117,26.74,26.77,26.63,26.77,10758
JEPQ.TO,20250117,27.55,28.23,27.55,28.18,26973
JOY.TO,20250117,2.18,2.2,2.12,2.14,108200
JWEL.TO,20250117,33.88,34.9,33.69,34.64,41626
K.TO,20250117,14.71,15.02,14.51,14.91,3263265
KBL.TO,20250117,35.93,36.36,35.6,36.36,11185
KEC.TO,20250117,16.81,16.83,16.49,16.75,1900
KEI.TO,20250117,9.8,9.99,9.56,9.63,32635
KEL.TO,20250117,7.19,7.29,7.12,7.28,991056
KEY.TO,20250117,41.78,42.05,41.75,41.95,1504847
KILO.TO,20250117,39.78,39.98,39.78,39.85,3343
KITS.TO,20250117,7.3,8,7.3,7.9,117231
KLS.TO,20250117,0.16,0.165,0.155,0.16,5000
KNGC.TO,20250117,10.84,10.84,10.84,10.84,160
KNGU.TO,20250114,11.01,11.01,11.01,11.01,1
KNGX.TO,20250115,9.49,9.53,9.49,9.53,1
KNT.TO,20250117,9.5,9.65,9.365,9.64,362596
KPT.TO,20250117,8.03,8.17,8.03,8.08,5800
KRN.TO,20250117,0.13,0.13,0.13,0.13,1401
KSI.TO,20250117,6.42,6.47,6.39,6.39,16529
KXS.TO,20250117,175,176.29,174.5,175.65,61891
L.TO,20250117,180.37,182.01,179.03,181.36,367744
LAAC.TO,20250117,4.33,4.44,4.29,4.34,148616
LABS.TO,20250117,0.07,0.07,0.065,0.07,217737
LAC.TO,20250117,4.94,5.1,4.93,5.05,563060
LAM.TO,20250117,0.59,0.61,0.55,0.6,307994
LB.TO,20250117,29.18,29.55,29.11,29.18,172188
LBS.TO,20250117,8.8,8.89,8.8,8.83,96104
LCFS.TO,20250117,0.86,0.86,0.8,0.8,14681
LCS.TO,20250117,8.17,8.21,8.06,8.16,20140
LEAD.TO,20250117,23.33,23.33,23.33,23.33,200
LEV.TO,20241216,0.355,0.41,0.34,0.345,2863397
LFE.TO,20250117,6.05,6.1,6.01,6.09,38854
LGD.TO,20250117,0.28,0.28,0.265,0.27,345665
LGO.TO,20250117,2.52,2.53,2.44,2.5,36273
LIF.TO,20250117,30.4,30.88,30.4,30.6,240124
LIFE.TO,20250117,20,20,19.9,19.9,7051
LIRC.TO,20250117,6.1,6.1,6.03,6.04,2901
LLHE.TO,20250117,9.55,9.555,9.07,9.1,271778
LLYH.TO,20250117,10.25,10.25,9.89,9.89,10792
LMAX.TO,20250117,15.53,15.61,15.53,15.58,13913
LN.TO,20250117,0.58,0.58,0.56,0.57,36000
LNF.TO,20250117,24.92,25.33,24.84,24.89,8812
LNR.TO,20250117,57.56,59,57.49,57.81,143556
LONG.TO,20241231,38.6,38.6,38.6,38.6,35
LPAY.TO,20250117,26.4,26.51,26.39,26.49,5337
LSPD.TO,20250117,21.7,21.77,21.12,21.13,329566
LSPK.TO,20250116,0.35,0.39,0.35,0.39,5005
LUC.TO,20250117,0.39,0.4,0.39,0.4,89050
LUG.TO,20250117,33.95,34.62,33.8,34.53,212741
LUN.TO,20250117,12.32,12.55,12.215,12.26,3017601
LYCT.TO,20250114,10.36,10.36,10.36,10.36,300
LYFR.TO,20250115,10.14,10.14,10.14,10.14,1200
MAG.TO,20250117,21.58,22.53,21.42,21.94,140977
MAL.TO,20250117,10,10,9.75,9.85,19823
MARI.TO,20250117,5.37,5.48,5.37,5.48,9675
MATR.TO,20250117,12.75,12.99,12.685,12.83,187421
MBAL.TO,20250116,25.4,25.44,25.33,25.44,4625
MBX.TO,20250117,0.44,0.44,0.425,0.44,609063
MCAD.TO,20250117,100.19,100.19,100.18,100.19,1013
MCB.TO,20250117,2.56,2.65,2.56,2.64,28386
MCLC.TO,20250117,41.71,42,41.71,42,1308
MCLV.TO,20250117,22.52,22.64,22.52,22.64,3827
MCON.TO,20250117,22.32,22.32,22.32,22.32,100
MCSB.TO,20250116,19.74,19.74,19.74,19.74,400
MCSM.TO,20250117,42.38,42.38,42.38,42.38,300
MDA.TO,20250117,27.14,27.45,26.94,27.41,310914
MDI.TO,20250117,8.65,8.8,8.65,8.68,51254
MDIV.TO,20250117,19.6,19.74,19.6,19.74,928
MDNA.TO,20250117,1.36,1.485,1.36,1.42,96561
MDP.TO,20250117,4.48,4.49,4.3,4.3,68584
MDVD.TO,20250113,26.24,26.24,26.24,26.24,4
MEE.TO,20240927,26.18,26.32,26.14,26.16,12400
MEG.TO,20250117,23.13,23.71,22.885,23.6,2752924
MEQ.TO,20250117,202,202,200,200,2921
MEQT.TO,20250117,25.84,25.91,25.82,25.82,2151
MFC.TO,20250117,44.51,44.8,44.185,44.26,3156779
MFI.TO,20250117,20.93,21.25,20.9,21.04,149411
MFT.TO,20250117,16.98,17.03,16.98,17.02,26402
MG.TO,20250117,58.82,59.36,58.33,58.38,528892
MGA.TO,20250117,0.325,0.34,0.325,0.335,435127
MGAB.TO,20250116,16.74,16.74,16.74,16.74,80
MGB.TO,20250117,16.13,16.13,16.11,16.11,200
MGDV.TO,20250117,22.58,22.65,22.58,22.65,4600
MGQE.TO,20250117,23.28,23.39,23.25,23.39,3000
MGRW.TO,20250117,29.03,29.26,29.03,29.26,2500
MHCD.TO,20250117,11.75,11.75,11.73,11.73,9801
MINF.TO,20250117,10.08,10.17,10.08,10.17,2100
MINN.TO,20250117,23.56,24,23.56,24,325
MINT.TO,20250115,37.99,37.99,37.98,37.98,852
MIQE.TO,20250117,21.02,21.02,20.97,20.97,1300
MIVG.TO,20250116,36.21,36.21,36.21,36.21,200
MKB.TO,20250117,19.23,19.28,19.22,19.24,33221
MKP.TO,20250117,18.2,18.35,18.2,18.33,45602
MND.TO,20250117,4.31,4.31,4.18,4.23,15724
MNO.TO,20250117,0.41,0.41,0.405,0.405,147700
MNS.TO,20250117,25.11,25.12,25.11,25.12,1446
MNT.TO,20250117,40.9,41.25,40.56,41.25,15294
MNXT.TO,20250117,22.2,22.2,22.2,22.2,3101
MNY.TO,20250117,100.21,100.22,100.2,100.2,17571
MOGO.TO,20250117,1.8,1.85,1.79,1.81,15027
MORE.TO,20250114,21.83,21.83,21.83,21.83,200
MPAY.TO,20250117,27.17,27.25,27.14,27.24,2200
MPC.TO,20250116,4.88,5.12,4.84,4.84,900
MPVD.TO,20250117,0.1,0.1,0.1,0.1,4000
MPY.TO,20250110,9.95,9.95,9.95,9.95,64
MRC.TO,20250117,111.5,113,111.5,113,6869
MRD.TO,20250117,12.54,12.54,12.54,12.54,2368
MRE.TO,20250117,9.15,9.3,9.07,9.1,136820
MREL.TO,20250117,11.92,11.93,11.85,11.86,5062
MRU.TO,20250117,90.06,90.74,89.31,90.59,382895
MSA.TO,20250117,1.63,1.64,1.54,1.56,187932
MSCL.TO,20250117,0.82,0.84,0.81,0.82,53010
MSFH.TO,20250117,12.45,12.57,12.445,12.55,6200
MSHE.TO,20250117,12.32,12.5,12.32,12.44,32341
MSV.TO,20250117,0.19,0.2,0.19,0.2,3800
MTAV.TO,20250117,29.93,29.93,29.93,29.93,120
MTL.TO,20250117,15.13,15.315,14.81,15,262925
MTY.TO,20250117,45.2,45.76,45.2,45.63,54712
MUB.TO,20250117,18.38,18.38,18.33,18.345,11036
MULC.TO,20250116,53.2,53.2,53.2,53.2,3
MULV.TO,20250117,23.05,23.05,23.03,23.05,5642
MUMC.TO,20250116,45.94,46.07,45.94,46.07,500
MUS.TO,20240927,37.91,37.91,37.91,37.91,201
MUSA.TO,20250115,22.83,22.83,22.83,22.83,56
MUSC.TO,20250102,34.2,34.28,34.2,34.28,1000
MUX.TO,20250117,11.8,12.3,11.77,12.11,15231
MWD.TO,20240927,29.23,29.23,29.23,29.23,301
MWLV.TO,20250117,23.76,23.85,23.76,23.84,4200
MX.TO,20250117,71.91,72.22,71.04,71.32,105727
MXG.TO,20250117,5.99,5.99,5.92,5.92,8257
MXU.TO,20240927,23.7,23.7,23.7,23.7,270
NA.TO,20250117,131.37,131.59,127.26,128.79,1909848
NALT.TO,20250117,22.59,22.6,22.59,22.6,1791
NANO.TO,20250117,0.94,0.94,0.92,0.93,52554
NCF.TO,20250117,0.035,0.035,0.035,0.035,23000
NCP.TO,20241220,0.51,0.54,0.51,0.54,1100
NDIV.TO,20250115,33.38,33.38,33.38,33.38,100
NDM.TO,20250117,0.93,0.93,0.91,0.92,96815
NEO.TO,20250117,7.69,7.79,7.67,7.79,28914
NEXT.TO,20250117,0.82,0.84,0.82,0.83,14830
NFAM.TO,20241126,33.3,33.3,33.3,33.3,2415
NFI.TO,20250117,13.23,13.52,13.18,13.33,145564
NG.TO,20250117,4.74,4.76,4.69,4.76,134082
NGD.TO,20250117,3.91,3.99,3.86,3.97,637998
NGEX.TO,20250117,14.7,14.84,14.54,14.68,277947
NGPE.TO,20250117,53.3,53.81,53.3,53.77,1507
NGT.TO,20250117,59.67,60.51,59.35,60.28,231323
NHYB.TO,20250117,21.85,21.86,21.85,21.86,300
NINT.TO,20250116,26.25,26.34,26.25,26.34,25
NOA.TO,20250117,30.09,30.34,29.52,29.58,42111
NPI.TO,20250117,19.05,19.505,19.05,19.24,1667381
NPK.TO,20250117,0.78,0.81,0.77,0.81,76007
NPRF.TO,20250117,24.49,24.57,24.45,24.5,6710
NPS.TO,20250117,13.92,13.92,13.61,13.61,460
NREA.TO,20250117,23.56,23.56,23.55,23.55,701
NSCB.TO,20250115,22.39,22.39,22.39,22.39,64
NSCC.TO,20250117,22.55,22.56,22.55,22.56,300
NSCE.TO,20250115,42.9,42.9,42.9,42.9,32
NSGE.TO,20250117,42.74,42.74,42.74,42.74,149
NSSB.TO,20250116,10.16,10.16,10.16,10.16,200
NTR.TO,20250117,74.94,74.94,74.02,74.6,943176
NUAG.TO,20250117,1.73,1.79,1.69,1.79,17035
NUBF.TO,20250115,20.92,20.93,20.91,20.92,2700
NUMI.TO,20250117,0.04,0.05,0.04,0.045,599011
NUSA.TO,20250117,46.7,46.75,46.7,46.75,500
NVA.TO,20250117,13.28,13.47,13.21,13.43,723047
NVDH.TO,20250117,12.4,12.55,12.36,12.53,13955
NVEI.TO,20241118,47.74,47.87,47.58,47.61,133188
NVHE.TO,20250117,12.17,12.42,12.15,12.36,226964
NVO.TO,20250117,0.095,0.095,0.095,0.095,30421
NWC.TO,20250117,46.49,46.49,45.64,45.82,123832
NXE.TO,20250117,9.68,10.02,9.58,9.92,1397451
NXF.TO,20250117,5.63,5.69,5.63,5.68,284005
NXTG.TO,20250114,11.83,11.83,11.83,11.83,200
OBE.TO,20250117,8.12,8.25,7.99,8.2,288281
OGC.TO,20250117,3.94,3.975,3.89,3.92,1656971
OGD.TO,20250117,0.85,0.85,0.85,0.85,2500
OGI.TO,20250117,2.24,2.3,2.22,2.22,222818
OLA.TO,20250117,8.02,8.385,7.97,8.34,499540
OLY.TO,20250117,108,109,107.96,108.5,1178
ONC.TO,20250117,1.21,1.21,1.15,1.155,139735
ONEB.TO,20250113,48.9,48.9,48.9,48.9,100
ONEC.TO,20250116,23.33,23.33,23.33,23.33,100
ONEQ.TO,20250117,44.19,44.19,44.19,44.19,2600
ONEX.TO,20250117,111.13,111.84,110.39,110.93,66332
OPT.TO,20250117,5.02,5.02,4.5,4.5,2279
OR.TO,20250117,26.94,27.23,26.73,27.05,200217
ORA.TO,20250117,18.01,18.34,17.99,18.34,17638
ORE.TO,20250117,0.69,0.7,0.67,0.67,144502
ORV.TO,20250117,0.305,0.305,0.295,0.295,7348
OTEX.TO,20250117,40.85,41,40.13,40.17,593166
OVV.TO,20250117,66.17,66.59,65.41,66.18,186416
PAAS.TO,20250117,30.6,31.34,30.3,31.04,588739
PABF.TO,20250117,23.12,23.12,23.09,23.09,13200
PACF.TO,20250117,22.81,22.81,22.81,22.81,600
PAGF.TO,20250117,24.43,24.44,24.4,24.4,7800
PAY.TO,20250117,3.89,3.91,3.88,3.9,405958
PAYF.TO,20250117,19.03,19.03,19.03,19.03,150
PAYS.TO,20250117,19.53,19.53,19.51,19.52,23100
PBD.TO,20250116,16.63,16.63,16.63,16.63,50
PBH.TO,20250117,77.7,78.95,77.7,78.71,51260
PBI.TO,20250116,46.76,46.76,46.76,46.76,100
PBL.TO,20250117,26.48,27,26.15,26.21,20441
PCON.TO,20250117,17.89,17.89,17.89,17.89,1200
PCOR.TO,20250116,17.89,17.97,17.89,17.97,15
PD.TO,20250117,94.88,96.905,94,94.38,83707
PDC.TO,20250117,34.36,34.61,34.36,34.61,17116
PDF.TO,20250117,33.57,33.6,33.56,33.6,3380
PDIV.TO,20250117,9.34,9.4,9.33,9.39,41008
PDV.TO,20250117,7.99,8.25,7.99,8.25,1852
PEA.TO,20250117,0.28,0.28,0.275,0.28,42850
PET.TO,20250117,26.32,26.32,25.725,26,54678
PEY.TO,20250117,16.3,16.44,16.155,16.37,999432
PFAA.TO,20250117,11.9,11.94,11.86,11.94,28700
PFAE.TO,20250116,21.19,21.22,21.19,21.22,11
PFCB.TO,20250116,10.56,10.56,10.51,10.56,3971
PFIA.TO,20250117,10.03,10.05,10.02,10.035,48029
PFL.TO,20250117,19.5,19.5,19.49,19.5,13665
PFLS.TO,20250117,18.17,18.97,18.17,18.97,2632
PFMN.TO,20250117,15.61,15.62,15.47,15.6,80940
PFMS.TO,20250115,13.14,13.15,13.14,13.15,900
PFSS.TO,20250117,9.55,9.55,9.55,9.55,296
PGIC.TO,20250117,6.79,6.98,6.78,6.85,550
PHR.TO,20250117,18.66,18.86,18.66,18.86,4600
PHW.TO,20241122,19.16,19.16,19.15,19.15,1000
PHX.TO,20250117,9.65,9.65,9.52,9.6,78766
PHYS.TO,20250117,30.21,30.27,30.15,30.18,62463
PID.TO,20250117,23.69,23.78,23.65,23.78,1400
PIF.TO,20250117,13.12,13.46,13.08,13.14,52605
PIN.TO,20250115,17.65,17.65,17.65,17.65,2
PINC.TO,20250117,18.51,18.51,18.5,18.5,300
PINV.TO,20241218,24.86,24.86,24.86,24.86,100
PKI.TO,20250117,34.21,35.17,34.21,35.16,454643
PLDI.TO,20250117,18.58,18.58,18.57,18.57,373
PLV.TO,20250114,24.59,24.59,24.59,24.59,100
PME.TO,20250116,2.44,2.5,2.44,2.47,600
PMET.TO,20250117,3.55,3.58,3.44,3.49,124380
PMIF.TO,20250117,17.79,17.84,17.79,17.84,82371
PMM.TO,20250116,24.55,24.55,24.55,24.55,200
PMNT.TO,20250117,19.07,19.07,19.07,19.07,203
PNE.TO,20250117,0.92,0.96,0.91,0.96,466238
PNP.TO,20250117,12.49,13.61,12.3,13.18,24284
POU.TO,20250117,30.09,30.1,29.56,29.65,791753
POW.TO,20250117,43.31,43.56,42.75,42.8,2283108
PPL.TO,20250117,53.48,54.35,53.42,54.21,6356890
PPLN.TO,20250117,11.9,12,11.9,12,4179
PPR.TO,20250117,0.05,0.06,0.05,0.055,580226
PPTA.TO,20250117,16.9,17.43,16.36,17.28,63604
PR.TO,20250117,9.96,9.97,9.96,9.97,300
PRA.TO,20250116,29.71,29.93,29.71,29.93,41
PRB.TO,20250117,1.85,1.87,1.84,1.85,78394
PREF.TO,20250117,10.73,10.73,10.71,10.71,1610
PRL.TO,20250117,34.66,35.53,34.34,35.46,106863
PRM.TO,20250117,13.1,13.1,13.06,13.06,1200
PRMW.TO,20241112,35.99,37.43,35.91,37.4,310478
PRN.TO,20250117,10.72,10.72,10.545,10.55,700
PRQ.TO,20250117,1.45,1.45,1.42,1.43,67046
PRU.TO,20250117,2.45,2.46,2.43,2.46,8804
PRYM.TO,20250117,1.51,1.63,1.51,1.63,1273034
PSA.TO,20250117,50.09,50.09,50.08,50.085,158166
PSB.TO,20250117,17.88,17.88,17.84,17.85,940
PSD.TO,20250117,2.4,2.54,2.39,2.43,46815
PSI.TO,20250117,14.51,14.69,14.45,14.49,84309
PSK.TO,20250117,27.71,27.94,27.37,27.6,318827
PSLV.TO,20250117,14.63,14.73,14.59,14.72,114562
PTM.TO,20250117,1.88,1.97,1.88,1.97,29300
PWI.TO,20250117,9.31,9.5,9.2,9.38,14158
PXC.TO,20250117,43.22,43.22,42.7,42.87,2081
PXS.TO,20250117,52.33,52.33,52.33,52.33,100
PXT.TO,20250117,14.8,14.88,14.6,14.62,419101
PYF.TO,20250117,17.37,17.38,17.36,17.37,11206
PYR.TO,20250117,0.6,0.6,0.58,0.59,20011
PZA.TO,20250117,12.78,12.85,12.7,12.73,55026
PZW.TO,20250117,36.36,36.36,36.36,36.36,400
QAH.TO,20250117,198.01,198.01,197.7,197.7,200
QASH.TO,20250117,50.47,50.48,50.47,50.47,4695
QBB.TO,20250117,93.4,93.64,93.4,93.62,2379
QBTC.TO,20250117,146.5,149.45,144.97,148.82,39644
QBTL.TO,20250117,18.91,18.91,18.91,18.91,1400
QCE.TO,20250116,150.76,150.93,150.76,150.91,6
QCLN.TO,20250115,16.5,16.5,16.46,16.46,107
QCN.TO,20250117,152.09,152.51,152.09,152.51,521
QDX.TO,20250117,120.86,121.42,120.83,121.03,2169
QDXB.TO,20250117,88.81,88.81,88.81,88.81,200
QDXH.TO,20250117,135.04,135.04,135.04,135.04,100
QEBH.TO,20250116,77.92,77.93,77.92,77.93,200
QEBL.TO,20250116,74.9,74.9,74.9,74.9,10
QEC.TO,20250117,0.23,0.23,0.225,0.225,8691
QEE.TO,20250117,96.35,96.5,96.35,96.5,680
QHY.TO,20250117,82.83,82.83,82.75,82.75,200
QIE.TO,20250115,32.21,32.21,32.21,32.21,600
QINF.TO,20250116,141.13,141.13,141.13,141.13,50
QIPT.TO,20250117,4.22,4.38,4.06,4.37,13589
QLB.TO,20250115,101.11,101.11,101.11,101.11,32
QMAX.TO,20250117,22.44,22.53,22.27,22.5,55445
QQC.TO,20250117,36.95,36.95,36.5,36.85,116470
QQCC.TO,20250117,13.4,13.48,13.35,13.47,42437
QQCE.TO,20250117,30.88,31.05,30.77,31.02,900
QQCI.TO,20250117,22.87,23.01,22.87,23,4711
QQCL.TO,20250117,25.84,26.11,25.8,26.08,20870
QQEQ.TO,20250117,29,29.1,29,29.1,239
QQJE.TO,20250109,21.22,21.22,21.22,21.22,110
QQJR.TO,20250117,23.7,23.7,23.7,23.7,100
QQQL.TO,20250116,24.77,24.77,24.77,24.77,15
QQQT.TO,20250117,31.64,31.67,31.64,31.64,472
QQQX.TO,20250117,33.76,33.93,33.76,33.92,1407
QQQY.TO,20250117,26.18,26.35,26.12,26.29,25230
QRC.TO,20250117,7.7,7.7,7.3,7.3,7016
QRET.TO,20250115,111.21,111.21,111.21,111.21,100
QSB.TO,20250116,99.09,99.1,99.09,99.1,400
QSR.TO,20250117,87.59,87.75,87.03,87.52,803137
QTLT.TO,20250116,101,101,100.99,100.99,1400
QTRH.TO,20250117,1.6,1.6,1.57,1.58,181285
QUB.TO,20250117,80.29,80.29,80.24,80.28,300
QUIG.TO,20250108,83.73,83.73,83.73,83.73,1
QUS.TO,20250116,61.6,61.6,61.59,61.59,200
QUU.TO,20250117,248.35,250.07,248.35,249.71,6389
QXM.TO,20250117,30.76,30.76,30.76,30.76,1301
RAAA.TO,20250116,10.05,10.05,10.05,10.05,100
RATE.TO,20250117,21.14,21.24,21.14,21.24,23268
RBA.TO,20250117,129.81,129.81,128.26,129.18,122598
RBNK.TO,20250117,28.41,28.63,28.41,28.63,28261
RBO.TO,20250117,18.72,18.72,18.72,18.72,115
RBOT.TO,20250117,31.42,31.53,31.42,31.49,1905
RBY.TO,20250117,2.07,2.11,2.07,2.08,15389
RCD.TO,20250117,29.53,29.54,29.51,29.535,9346
RCDC.TO,20250117,21.38,21.38,21.38,21.38,334
RCG.TO,20250117,7.8,8.66,7.7,8.26,59450
RCH.TO,20250117,39.52,41.48,39.45,41.42,189655
RDBH.TO,20250117,20.4,20.4,20.36,20.36,2500
REAL.TO,20250117,6.52,7.09,6.52,6.75,314296
RGQN.TO,20250117,20.58,20.58,20.58,20.58,300
RGQO.TO,20250114,0,20.63,20.63,20.63,0
RGQP.TO,20250117,20.45,20.45,20.45,20.45,800
RGQQ.TO,20250117,20.26,20.26,20.26,20.26,5700
RGQR.TO,20250117,20.18,20.2,20.18,20.2,3000
RGQS.TO,20250117,21.13,21.13,21.13,21.13,200
RID.TO,20250117,26.84,26.85,26.83,26.84,690
RIDH.TO,20250117,29.27,29.27,29.27,29.27,700
RIFI.TO,20250117,17.95,17.95,17.94,17.94,600
RIGE.TO,20241209,22.93,22.93,22.93,22.93,1
RIIN.TO,20250117,21.61,21.61,21.59,21.6,4400
RIRA.TO,20250117,18.4,18.44,18.4,18.44,1600
RIT.TO,20250117,15.45,15.48,15.36,15.38,24937
RLB.TO,20250117,18.75,18.75,18.73,18.73,2000
RMAX.TO,20250117,16.85,16.85,16.715,16.715,11615
ROOT.TO,20250117,2.24,2.31,2.24,2.31,72181
RPD.TO,20250117,25.78,25.78,25.78,25.78,200
RPDH.TO,20250115,26.33,26.4,26.33,26.4,1500
RPF.TO,20250117,22.2,22.25,22.19,22.21,5067
RPSB.TO,20250116,20,20,20,20,3600
RQN.TO,20250117,20.53,20.54,20.53,20.53,9800
RQO.TO,20250117,18.77,18.77,18.76,18.76,85669
RQP.TO,20250117,18.29,18.32,18.29,18.31,10165
RQQ.TO,20250117,21.98,21.99,21.95,21.98,10755
RQR.TO,20250117,21.93,21.94,21.89,21.94,9969
RQS.TO,20250117,21.205,21.25,21.18,21.25,14057
RS.TO,20250117,11.13,11.13,11,11,27028
RSI.TO,20250117,5.7,5.75,5.69,5.7,125613
RTG.TO,20250114,0.025,0.025,0.025,0.025,41000
RUBH.TO,20250116,21.06,21.06,21.06,21.06,100
RUBY.TO,20250117,26.51,26.79,26.51,26.75,1500
RUD.TO,20250117,26.27,26.27,26.11,26.21,13845
RUDB.TO,20250117,22.06,22.14,22.06,22.14,760
RUDC.TO,20250116,22.82,22.82,22.82,22.82,1082
RUDH.TO,20250117,25.65,25.66,25.65,25.66,630
RUP.TO,20250117,4.11,4.19,4.11,4.17,11585
RUQN.TO,20250113,21.43,21.43,21.43,21.43,1
RUQO.TO,20250117,21.68,21.68,21.68,21.68,100
RUQP.TO,20241230,21.65,21.65,21.65,21.65,60
RUQQ.TO,20250114,21.45,21.45,21.45,21.45,85
RUQR.TO,20250106,21.5,21.5,21.5,21.5,101
RUQS.TO,20250117,21.87,21.87,21.87,21.87,500
RUS.TO,20250117,40.67,41.35,40.65,41.27,106971
RUSB.TO,20250108,22.07,22.07,22.07,22.07,100
RVX.TO,20250117,0.06,0.06,0.06,0.06,279000
RXD.TO,20250116,21.57,21.57,21.49,21.49,400
RY.TO,20250117,173.75,174.375,173.23,174.28,4680433
S.TO,20250117,0.155,0.17,0.155,0.17,1207555
SAM.TO,20250117,0.12,0.135,0.12,0.135,11001
SAP.TO,20250117,23.24,23.34,22.91,23.03,1102564
SAU.TO,20250117,0.08,0.08,0.08,0.08,14000
SBC.TO,20250117,9.91,10.07,9.81,10,29590
SBI.TO,20250117,2.44,2.44,2.31,2.36,52266
SBT.TO,20250113,15.6,15.6,15.6,15.6,60
SCR.TO,20250117,29.5,29.5,28.83,29.4,25474
SCY.TO,20250117,0.02,0.02,0.02,0.02,7219
SDE.TO,20250117,3.85,3.935,3.845,3.91,340669
SEA.TO,20250117,16.92,17.24,16.72,17.21,63154
SEC.TO,20250114,382.5,382.5,382.49,382.5,4
SES.TO,20250117,15.75,15.945,15.66,15.94,514301
SFC.TO,20250117,6.32,6.5,6.29,6.41,9810
SFD.TO,20250117,0.215,0.23,0.215,0.23,37050
SFI.TO,20250117,0.285,0.29,0.285,0.29,11500
SFTC.TO,20250117,24.29,24.34,24.29,24.29,97030
SGLD.TO,20250117,0.18,0.18,0.18,0.18,9500
SGNL.TO,20241216,0.09,0.09,0.085,0.085,46747
SGY.TO,20250117,5.98,6.09,5.865,5.92,751936
SHLE.TO,20250117,16.3,16.3,15.45,15.55,13750
SHOP.TO,20250117,152.45,152.8,149.05,149.55,2728411
SIA.TO,20250117,15,15.19,14.94,15.12,225917
SII.TO,20250117,60.31,60.92,60.3,60.77,22768
SIL.TO,20250117,14.15,14.46,13.94,14.27,151314
SIS.TO,20250117,19.2,19.51,19.09,19.41,120697
SJ.TO,20250117,71.21,71.56,70.33,70.8,155215
SKE.TO,20250117,13.23,13.75,12.95,13.64,284011
SKYY.TO,20250117,30.98,31.13,30.98,31.13,300
SLF.TO,20250117,85.49,85.58,85.02,85.16,1316384
SLR.TO,20250117,0.96,0.96,0.95,0.95,4500
SLS.TO,20250117,5.04,5.16,5,5.14,246829
SMAX.TO,20250117,20.49,20.63,20.45,20.58,29605
SMC.TO,20250117,0.02,0.02,0.015,0.015,7000
SMT.TO,20250117,0.87,0.88,0.87,0.88,35932
SOBO.TO,20250117,33.75,34.91,33.62,34.9,1434674
SOIL.TO,20250117,2.22,2.27,2.19,2.27,124776
SOLG.TO,20250117,0.13,0.13,0.12,0.125,149700
SOY.TO,20250117,10.8,10.84,10.39,10.55,43197
SPAY.TO,20250117,27.83,27.87,27.745,27.87,17429
SPB.TO,20250117,6.35,6.43,6.34,6.43,958443
SPLT.TO,20250117,11.1,11.1,11.04,11.08,110858
SPPP.TO,20250117,13.4,13.47,13.4,13.47,3950
SSL.TO,20250117,8.15,8.28,8.08,8.27,340214
SSRM.TO,20250117,11.08,11.16,10.92,11.02,500534
STC.TO,20250117,10.45,10.69,10.45,10.65,11793
STCK.TO,20250117,11.5,11.56,11.01,11.19,6800
STEP.TO,20250117,4.51,4.54,4.46,4.48,22851
STGO.TO,20250117,0.63,0.64,0.62,0.63,51050
STLR.TO,20250117,0.77,0.81,0.77,0.81,99547
STN.TO,20250117,110.42,112.23,110,112.11,179029
STPL.TO,20250117,22.6,22.79,22.6,22.74,1682
SU.TO,20250117,56.1,56.75,55.69,56.43,3777118
SVA.TO,20250117,0.22,0.22,0.21,0.21,56087
SVB.TO,20250117,0.125,0.125,0.1175,0.12,95500
SVI.TO,20250117,3.93,3.97,3.925,3.95,189861
SVM.TO,20250117,4.36,4.535,4.3,4.44,356229
SVR.TO,20250117,14.5,14.52,14.43,14.43,19404
SWP.TO,20250117,3.58,3.59,3.56,3.57,2005
SXI.TO,20250107,1.66,1.7,1.62,1.66,3400
SXP.TO,20250117,3.71,3.75,3.66,3.68,15375
SYLD.TO,20250117,19.37,19.37,19.3,19.3,3838
SYZ.TO,20250117,8.58,8.8,8.51,8.66,19831
T.TO,20250117,20.01,20.22,19.995,20.14,3876189
TA.TO,20250117,19.75,20.81,19.75,20.68,2096857
TAL.TO,20250117,0.71,0.77,0.71,0.75,1575628
TBAL.TO,20250117,19.05,19.23,19.05,19.23,17841
TBCE.TO,20250117,25.54,25.54,25.53,25.53,1500
TBCF.TO,20250117,25.79,25.8,25.78,25.79,8700
TBCG.TO,20250117,25.94,25.94,25.92,25.93,1300
TBIL.TO,20250117,50.11,50.11,50.07,50.08,14145
TBL.TO,20250117,3.98,3.98,3.9,3.95,3827
TBNK.TO,20250117,30.23,30.37,30.23,30.35,1298
TC.TO,20250117,23.42,23.42,23.42,23.42,100
TCBN.TO,20250110,40.06,40.06,40.06,40.06,45
TCLB.TO,20250117,117.95,118.42,117.94,118.27,48799
TCLV.TO,20250117,21.61,21.67,21.61,21.67,900
TCON.TO,20250117,15.49,15.53,15.49,15.51,500
TCS.TO,20250117,45.75,45.93,45.5,45.5,1796
TCSB.TO,20250117,14.7,14.73,14.7,14.73,12400
TCSH.TO,20250117,50.14,50.14,50.12,50.14,17917
TCW.TO,20250117,5.25,5.32,5.165,5.18,418791
TD.TO,20250117,80.3,83.725,80.2,83.13,12370250
TDB.TO,20250117,13.02,13.06,13.02,13.06,55556
TDOC.TO,20250117,18.99,18.99,18.85,18.89,4245
TEC.TO,20250117,46.85,47.01,46.44,46.87,58575
TECH.TO,20250117,17.62,17.62,17.5,17.56,5397
TECI.TO,20250117,9.4,9.5,9.4,9.44,2727
TECX.TO,20250117,30.16,30.18,30.16,30.16,1500
TERM.TO,20250117,9.71,9.71,9.695,9.7,24005
TF.TO,20250117,7.1,7.13,7.03,7.05,136029
TFII.TO,20250117,195.5,195.99,193.21,194.23,87840
TFPM.TO,20250117,22.61,22.91,22.41,22.81,95860
TGAF.TO,20250117,24.63,24.63,24.63,24.63,200
TGED.TO,20250117,27.85,27.93,27.72,27.91,105168
TGFI.TO,20250117,20.26,20.26,20.26,20.26,800
TGGR.TO,20250117,28.79,28.91,28.77,28.9,9100
TGO.TO,20250117,1.14,1.14,1.02,1.09,63242
TGRE.TO,20250117,15.3,15.36,15.3,15.34,3919
TGRO.TO,20250117,23.36,23.45,23.35,23.45,22150
TH.TO,20250117,2.5,2.52,2.46,2.5,25450
THNC.TO,20250117,3.14,3.14,3.13,3.14,600
THU.TO,20250117,39.73,39.82,39.69,39.8,905
TI.TO,20250117,0.275,0.275,0.26,0.26,12200
TIH.TO,20250117,115.07,115.8,114.55,115.27,107233
TILV.TO,20250117,16.65,16.65,16.63,16.63,300
TINF.TO,20250117,22.1,22.29,22.1,22.27,12782
TIPS.TO,20250110,30.53,30.53,30.53,30.53,5
TIXT.TO,20250117,5.25,5.36,5.08,5.13,743485
TKN.TO,20250117,26.5,27.21,26.5,27.01,5767
TKO.TO,20250117,2.89,2.96,2.87,2.93,543319
TLF.TO,20250117,25.18,25.3,25.18,25.25,1900
TLG.TO,20250117,0.31,0.31,0.3,0.305,70917
TLO.TO,20250117,0.085,0.085,0.08,0.08,1896192
TLRY.TO,20250117,1.73,1.76,1.71,1.73,825009
TLV.TO,20250117,32.9,33.01,32.9,33.01,1804
TMQ.TO,20250117,1.59,1.73,1.59,1.73,70106
TNZ.TO,20250117,13.32,13.64,13.27,13.32,67441
TOT.TO,20250117,11.61,11.92,11.61,11.84,20438
TOU.TO,20250117,66.67,67.35,66.47,67.13,1279505
TOWR.TO,20250116,28.2,28.38,28.2,28.38,2600
TOY.TO,20250117,31.73,31.77,31.26,31.35,47414
TPE.TO,20250117,22.66,22.79,22.66,22.79,6821
TPRF.TO,20250117,11.3,11.34,11.3,11.34,13300
TPU.TO,20250117,49.15,49.3,48.92,49.26,57355
TPZ.TO,20250117,27,27.35,26.74,27.12,324653
TQCD.TO,20250117,19.63,19.64,19.58,19.6,67944
TQGD.TO,20250117,20.42,20.59,20.42,20.57,43456
TQGM.TO,20250114,18.98,18.98,18.93,18.93,2
TQSM.TO,20250117,25.43,25.95,25.43,25.92,18241
TRI.TO,20250117,229.14,231.81,229.1,230.51,301275
TRP.TO,20250117,66.4,68.64,66.31,68.56,5211126
TRVI.TO,20250117,21.67,21.98,21.67,21.98,400
TRVL.TO,20250117,31.53,31.67,31.53,31.65,11079
TRX.TO,20250117,0.46,0.465,0.46,0.465,4500
TRZ.TO,20250117,1.85,1.87,1.81,1.85,72128
TSAT.TO,20250117,22.91,23.55,22.91,23.11,705
TSK.TO,20250117,0.36,0.36,0.345,0.35,23250
TSL.TO,20250117,2.99,2.99,2.95,2.96,5783
TSND.TO,20250117,0.79,0.83,0.78,0.81,62535
TSU.TO,20250117,35.3,36.69,35.3,35.96,79794
TTNM.TO,20250117,2.3,2.31,2.27,2.29,21400
TTP.TO,20250117,28.5,28.7,28.5,28.67,34326
TTTX.TO,20250110,24.13,24.13,24.13,24.13,120
TUED.TO,20250117,31.99,31.99,31.69,31.95,45405
TUEX.TO,20250116,27.33,27.34,27.33,27.34,200
TUHY.TO,20250117,20.71,20.87,20.71,20.84,2901
TULB.TO,20250117,114.04,114.04,114.04,114.04,137
TULV.TO,20250117,22.27,22.33,22.27,22.31,6600
TUSB.TO,20250117,14.71,14.76,14.71,14.76,3802
TVE.TO,20250117,4.69,4.74,4.595,4.67,2619404
TVK.TO,20250117,125.47,125.47,122.29,123.18,63536
TWC.TO,20250116,18,18,18,18,1
TWM.TO,20250117,0.17,0.17,0.165,0.165,337436
TXF.TO,20250117,21.58,21.58,21.3,21.47,24464
TXG.TO,20250117,27.36,28.11,26.88,27.97,270624
TXP.TO,20250117,0.51,0.51,0.48,0.5,44845
UDA.TO,20250114,16.82,16.82,16.82,16.82,75
UDEF.TO,20241227,10.12,10.12,10.12,10.12,100
UDIV.TO,20250117,13.58,13.58,13.48,13.51,2900
UMAX.TO,20250117,13.93,14.015,13.88,14.005,233605
UMI.TO,20250117,34.65,34.65,34.65,34.65,200
UNC.TO,20250117,138.5,138.5,136.35,136.35,2800
UNI.TO,20250117,1.55,1.55,1.55,1.55,100
URB.TO,20250117,6.2,6.2,6.11,6.11,1095
URC.TO,20250117,3.23,3.395,3.2,3.37,151146
URE.TO,20250117,1.6,1.63,1.57,1.62,167171
USA.TO,20250117,0.69,0.735,0.67,0.72,504285
USCC.TO,20250117,20.52,20.605,20.45,20.58,79143
USCL.TO,20250117,24.45,24.68,24.44,24.63,172833
USSL.TO,20250116,24.52,24.52,24.52,24.52,803
USSX.TO,20250117,32.89,33.07,32.89,33.06,1116
UTES.TO,20250117,9.04,9.28,9.04,9.28,38108
UTIL.TO,20250117,21.1,21.25,21.1,21.25,205
VA.TO,20250117,39.03,39.18,38.95,39.18,5296
VAB.TO,20250117,23.06,23.11,23.03,23.095,98256
VALT.TO,20250117,33.49,33.49,33.39,33.39,529
VBAL.TO,20250117,33.41,33.66,33.41,33.63,83325
VBNK.TO,20250117,19.25,19.37,19.15,19.22,16432
VCB.TO,20250117,24.15,24.19,24.15,24.18,11879
VCE.TO,20250117,55.1,55.37,55.1,55.33,34762
VCIP.TO,20250117,26.16,26.21,26.16,26.21,7583
VCM.TO,20250117,14.75,15,14.33,14.4,2507
VCN.TO,20250117,51.15,51.38,51.12,51.325,77597
VCNS.TO,20250117,29.49,29.6,29.49,29.59,18449
VDU.TO,20250117,44.09,44.19,44.06,44.19,25747
VDY.TO,20250117,50,50.34,49.96,50.33,141177
VE.TO,20250117,36.51,36.57,36.51,36.57,988
VEE.TO,20250117,37.85,38.19,37.85,38.13,27262
VEF.TO,20250117,57.06,57.12,57.06,57.11,1807
VEQT.TO,20250117,46,46.25,45.99,46.2,163540
VET.TO,20250117,14.58,14.77,14.49,14.66,580817
VFV.TO,20250117,153.48,154.12,152.8,153.9,427537
VGG.TO,20250117,98.07,98.24,97.5,98.11,17572
VGH.TO,20250117,64.54,64.8,64.54,64.66,9095
VGRO.TO,20250117,37.97,38.12,37.94,38.09,150846
VGV.TO,20250117,22.49,22.53,22.45,22.5,9100
VGZ.TO,20250117,0.83,0.83,0.83,0.83,1000
VHI.TO,20250117,11.19,11.28,10.87,11.13,84582
VI.TO,20250117,39.82,40,39.82,39.96,7003
VIDY.TO,20250117,31.97,32.06,31.92,32.06,13239
VIU.TO,20250117,35.02,35.125,35,35.115,45346
VLB.TO,20250117,21.06,21.16,21.06,21.15,24310
VLE.TO,20250117,7.75,7.96,7.7,7.92,551471
VLN.TO,20250117,16.6,17.43,16.18,17.35,129318
VMO.TO,20250117,66.23,66.53,66.23,66.39,2580
VNP.TO,20250117,7.87,8.01,7.725,7.93,100195
VOXR.TO,20250117,3.35,3.48,3.35,3.48,500
VQS.TO,20250117,0.205,0.245,0.205,0.245,90910
VRE.TO,20250117,31.52,31.52,31.34,31.34,5049
VRIF.TO,20250117,24.88,24.95,24.88,24.94,5760
VRN.TO,20250117,7.86,8.015,7.795,7.91,3987990
VRTS.TO,20250117,0.015,0.015,0.015,0.015,25308
VSB.TO,20250117,23.28,23.31,23.28,23.31,24097
VSC.TO,20250117,24.09,24.11,24.07,24.1,11447
VSP.TO,20250117,96.67,97.07,96.5,96.8,59714
VUN.TO,20250117,115.77,116.63,115.7,116.47,75550
VUS.TO,20250117,104.86,104.9,104.6,104.73,4804
VVL.TO,20250117,53.52,53.85,53.52,53.85,4625
VVO.TO,20250117,37.15,37.15,37.15,37.15,196
VVSG.TO,20250117,50.35,50.35,50.33,50.35,23490
VXC.TO,20250117,65.92,66.08,65.72,66.07,36284
VXM.TO,20250117,34,34,34,34,100
WCN.TO,20250117,258.91,259.48,256.66,258.01,313464
WCP.TO,20250117,10,10.09,9.935,10,1996504
WDO.TO,20250117,13.14,13.57,13.02,13.57,763444
WEED.TO,20250117,3.24,3.3,3.13,3.16,1542226
WEF.TO,20250117,0.425,0.435,0.425,0.43,366558
WELL.TO,20250117,6.57,6.6,6.44,6.53,961949
WFC.TO,20250116,15.26,15.26,14.6,14.6,4
WFG.TO,20250117,128.87,131.2,128.19,130.24,171524
WGX.TO,20250117,2.37,2.395,2.36,2.36,247681
WILD.TO,20250117,1.48,1.48,1.46,1.47,12400
WJX.TO,20250117,21.72,21.9,21.56,21.56,67303
WLLW.TO,20250117,0.075,0.08,0.075,0.08,186333
WM.TO,20250117,0.065,0.07,0.065,0.07,416170
WN.TO,20250117,217.48,219.35,215.85,219,155098
WNDR.TO,20250117,0.345,0.41,0.34,0.355,15896615
WOMN.TO,20250117,38.52,38.6,38.52,38.6,285
WPK.TO,20250117,44.33,44.62,44.12,44.45,32712
WPM.TO,20250117,82.56,83.96,81.85,83.53,581490
WPRT.TO,20250117,5.39,5.6,5.37,5.5,3214
WRG.TO,20250117,2.69,2.72,2.69,2.72,332
WRN.TO,20250117,1.48,1.48,1.44,1.45,29669
WRX.TO,20250117,0.03,0.03,0.03,0.03,59131
WSP.TO,20250117,243.23,247.75,243.23,246.95,158303
WSRD.TO,20250117,29.76,29.85,29.76,29.85,1929
WSRI.TO,20250117,44.47,44.47,44.47,44.47,145
WTE.TO,20250117,22.38,22.69,22.38,22.54,83361
WXM.TO,20250117,32.88,33.25,32.88,33.17,2748
X.TO,20250117,44.63,44.79,44.18,44.62,282805
XAD.TO,20250117,70.26,70.95,70.26,70.95,954
XAGG.TO,20250117,38.69,38.69,38.69,38.69,100
XAGH.TO,20250117,32.86,32.86,32.765,32.77,4539
XAM.TO,20250117,0.045,0.045,0.045,0.045,19000
XAU.TO,20250117,8.1,8.14,8.1,8.13,3311
XAW.TO,20250117,45.67,45.86,45.59,45.82,49427
XBAL.TO,20250117,30.34,30.49,30.34,30.465,52163
XBB.TO,20250117,28.26,28.29,28.21,28.28,215277
XBM.TO,20250117,20.51,20.82,20.5,20.7,38944
XCB.TO,20250117,20.14,20.17,20.11,20.15,68169
XCBG.TO,20250117,37.54,37.66,37.54,37.66,1392
XCBU.TO,20250110,36.18,36.18,36.18,36.18,100
XCD.TO,20250117,60.34,60.46,60.34,60.41,890
XCG.TO,20250117,56.2,56.5,56.2,56.36,724
XCH.TO,20250117,20.59,20.97,20.58,20.9,38665
XCHP.TO,20250117,57,57.8,56.97,57.8,2892
XCLN.TO,20250117,27.59,27.59,27.56,27.56,920
XCNS.TO,20250117,23.57,23.67,23.57,23.67,4605
XCS.TO,20250117,21.04,21.08,21,21.06,35757
XCSR.TO,20250117,75.36,75.69,75.36,75.49,3626
XCV.TO,20250117,39.68,39.89,39.68,39.89,1978
XDG.TO,20250117,27.52,27.66,27.5,27.65,11752
XDGH.TO,20250117,26.88,26.88,26.88,26.88,400
XDIV.TO,20250117,30.48,30.74,30.48,30.69,85702
XDNA.TO,20250110,34.22,34.22,34.22,34.22,3
XDRV.TO,20250115,40.56,40.56,40.56,40.56,105
XDSR.TO,20250117,59.5,59.61,59.46,59.58,1045
XDU.TO,20250117,32.3,32.38,32.19,32.37,6385
XDUH.TO,20250117,27.45,27.45,27.44,27.44,386
XDV.TO,20250117,32.05,32.14,32.05,32.1,39249
XEB.TO,20250117,15.72,15.72,15.71,15.71,1077
XEC.TO,20250117,29.28,29.38,29.16,29.37,25627
XEF.TO,20250117,38.5,38.58,38.46,38.57,72043
XEG.TO,20250117,17.56,17.785,17.515,17.75,1484679
XEH.TO,20250117,33.15,33.15,33.15,33.15,209
XEI.TO,20250117,27.31,27.52,27.31,27.51,395075
XEM.TO,20250117,33.4,33.61,33.4,33.61,1330
XEMC.TO,20250117,48.13,48.22,48.13,48.22,2619
XEN.TO,20250117,37.29,37.31,37.29,37.31,854
XEQT.TO,20250117,34.4,34.46,34.26,34.42,288165
XESG.TO,20250117,30.58,30.75,30.58,30.75,3777
XETM.TO,20250113,40.61,40.61,40.61,40.61,90
XEU.TO,20250117,30.66,30.73,30.66,30.73,2157
XEXP.TO,20250117,52.77,52.77,52.77,52.77,135
XFH.TO,20250117,32.555,32.6,32.55,32.58,4147
XFLB.TO,20250117,47.65,47.65,47.65,47.65,100
XFLI.TO,20250117,41.94,41.94,41.85,41.85,228
XFLX.TO,20250117,39.08,39.08,39.08,39.08,721
XFN.TO,20250117,60.34,60.61,60.34,60.52,271668
XFR.TO,20250117,20.07,20.07,20.05,20.06,34174
XGB.TO,20250117,19.38,19.39,19.34,19.38,35799
XGD.TO,20250117,22.63,22.97,22.48,22.93,322566
XGI.TO,20250117,54.65,54.7,54.65,54.7,347
XGRO.TO,20250117,30.84,30.93,30.8,30.91,56420
XHAK.TO,20250116,52.69,52.69,52.69,52.69,127
XHB.TO,20250117,19.8,19.8,19.77,19.78,8229
XHC.TO,20250117,66.49,66.49,66.04,66.04,4033
XHD.TO,20250117,33.88,33.91,33.85,33.89,1365
XHU.TO,20250117,34.02,34.04,33.98,34.04,13758
XHY.TO,20250117,16.8,16.8,16.71,16.8,46125
XIC.TO,20250117,39.8,40.02,39.76,39.98,298030
XID.TO,20250117,54.52,54.7,54.52,54.7,487
XIG.TO,20250117,19.59,19.59,19.52,19.53,24882
XIGS.TO,20250117,37.18,37.19,37.18,37.18,2100
XIN.TO,20250117,36.6,36.715,36.6,36.67,21758
XINC.TO,20250117,20.32,20.43,20.32,20.43,1814
XIT.TO,20250117,69.56,69.65,69.02,69.02,4056
XIU.TO,20250117,37.93,38.115,37.87,38.08,2100975
XLB.TO,20250117,19.25,19.33,19.22,19.29,103583
XLVE.TO,20241205,7.79,7.79,7.79,10.077526,300
XLY.TO,20250117,0.05,0.055,0.045,0.05,355333
XMA.TO,20250117,22.05,22.39,22.05,22.33,7433
XMC.TO,20250117,35.96,35.96,35.69,35.88,38790
XMD.TO,20250117,38.28,38.52,38.28,38.45,7044
XMH.TO,20250117,29.03,29.03,28.89,28.9,4392
XMI.TO,20250117,38.95,39,38.95,39,2850
XML.TO,20250117,27.74,27.74,27.74,27.74,1537
XMM.TO,20250117,29.88,29.88,29.88,29.88,100
XMS.TO,20250117,37.16,37.16,37.16,37.16,806
XMTM.TO,20250117,38.05,38.46,38.05,38.46,321
XMU.TO,20250117,87.32,87.39,87.26,87.26,778
XMV.TO,20250117,46.01,46.2,46.01,46.18,3192
XMW.TO,20250117,55.69,55.89,55.69,55.89,3319
XMY.TO,20250114,30.55,30.55,30.55,30.55,106
XPF.TO,20250117,15.5,15.5,15.5,15.5,1324
XQB.TO,20250117,19,19.05,19,19.04,9269
XQLT.TO,20250117,42.6,42.78,42.6,42.76,8863
XQQ.TO,20250117,53.87,53.94,53.5,53.74,152933
XQQU.TO,20250117,73.6,73.93,73.16,73.85,5203
XRB.TO,20250117,22.89,22.89,22.81,22.89,2675
XRE.TO,20250117,14.73,14.75,14.565,14.58,271695
XSAB.TO,20250117,18.18,18.18,18.13,18.17,3571
XSB.TO,20250117,26.81,26.85,26.81,26.845,80146
XSC.TO,20250117,17.89,17.89,17.89,17.89,224
XSE.TO,20250117,17.93,17.93,17.93,17.93,101
XSEA.TO,20250117,26.43,26.53,26.42,26.53,1498
XSEM.TO,20250117,21.08,21.33,21.08,21.33,1823
XSH.TO,20250117,19.03,19.05,19.03,19.045,42292
XSHG.TO,20250117,39.25,39.3,39.24,39.24,1100
XSHU.TO,20250117,44.15,44.29,44.11,44.29,627
XSI.TO,20250117,17.09,17.12,17.09,17.12,7350
XSMC.TO,20250117,34.1,34.2,34.02,34.17,10736
XSMH.TO,20250117,29.09,29.13,29,29.03,13792
XSP.TO,20250117,62.09,62.33,61.99,62.13,255850
XSPC.TO,20250117,43.66,43.66,43.5,43.5,1625
XST.TO,20250117,52.44,52.88,52.3,52.71,12625
XSTB.TO,20250117,19.73,19.73,19.73,19.73,2739
XSTH.TO,20250117,37.4,37.4,37.4,37.4,363
XSTP.TO,20250117,44.23,44.26,44.07,44.23,7500
XSU.TO,20250117,43.71,43.71,43.32,43.43,121656
XSUS.TO,20250117,45.92,46.15,45.89,46.11,8618
XTC.TO,20250117,7.26,7.48,7.25,7.4,35350
XTD.TO,20250117,3.4,3.63,3.39,3.62,166071
XTG.TO,20250117,1.84,1.84,1.83,1.84,4600
XTLH.TO,20250117,32.62,32.62,32.42,32.46,128721
XTLT.TO,20250117,35.71,35.76,35.6,35.74,14228
XTR.TO,20250117,11.33,11.35,11.31,11.345,17354
XTRA.TO,20250117,0.49,0.51,0.475,0.51,67808
XUH.TO,20250117,49.3,49.41,49.3,49.38,3320
XUS.TO,20250117,53.58,53.8,53.34,53.71,144072
XUSC.TO,20250117,46.57,46.57,46.36,46.44,818
XUSF.TO,20250117,77.26,78.05,77.26,78.05,2588
XUSR.TO,20250117,94.36,95.21,94.36,95.17,1454
XUT.TO,20250117,27.67,28.03,27.67,27.97,46207
XUU.TO,20250117,63.97,64.23,63.69,64.13,54627
XVLU.TO,20250117,29.73,29.79,29.72,29.79,623
XWD.TO,20250117,98.13,98.58,98,98.475,14946
Y.TO,20250117,11.44,11.44,11.35,11.35,841
YCM.TO,20250117,4.92,4.92,4.92,4.92,100
YGR.TO,20250117,1.03,1.07,1.03,1.05,20165
YRB.TO,20250113,0.035,0.035,0.035,0.035,25764
ZACE.TO,20250117,50.8,50.8,50.57,50.57,460
ZAG.TO,20250117,13.85,13.87,13.82,13.86,205261
ZBAL.TO,20250117,40.51,40.78,40.51,40.76,3441
ZBBB.TO,20250117,28.64,28.67,28.64,28.67,2400
ZBI.TO,20250117,30.37,30.37,30.34,30.35,3389
ZBK.TO,20250117,39.46,39.78,39.19,39.76,69939
ZCB.TO,20250117,47.16,47.16,47.16,47.16,100
ZCDB.TO,20250117,30.44,30.51,30.44,30.51,3870
ZCH.TO,20250117,15,15.38,15,15.365,12864
ZCLN.TO,20250117,12.58,12.72,12.58,12.72,1331
ZCM.TO,20250117,15.53,15.54,15.5,15.54,16976
ZCN.TO,20250117,33.39,33.56,33.39,33.56,77945
ZCON.TO,20250117,35.55,35.55,35.47,35.49,3110
ZCPB.TO,20250117,27.97,28,27.97,28,4534
ZCS.TO,20250117,13.9,13.92,13.9,13.905,63004
ZDB.TO,20250117,15.02,15.07,15.02,15.06,32456
ZDH.TO,20250117,27.48,27.49,27.47,27.49,1117
ZDI.TO,20250117,24.24,24.26,24.2,24.26,3676
ZDJ.TO,20250117,66.8,67.15,66.8,67.04,18766
ZDM.TO,20250117,30.07,30.19,30.07,30.13,3228
ZDV.TO,20250117,22.25,22.4,22.25,22.4,38681
ZDY.TO,20250117,47.25,47.57,47.25,47.57,8311
ZEA.TO,20250117,23.54,23.54,23.45,23.51,27724
ZEAT.TO,20250117,26.98,26.98,26.98,26.98,100
ZEB.TO,20250117,42.57,42.66,42.51,42.62,1522034
ZEF.TO,20250117,12.21,12.21,12.19,12.19,2226
ZEM.TO,20250117,21.36,21.73,21.36,21.69,32048
ZEO.TO,20250117,73.78,74.89,73.78,74.8,9898
ZEQ.TO,20250117,30.7,30.7,30.4,30.42,2466
ZEQT.TO,20250117,52.86,53.07,52.81,53.07,10398
ZESG.TO,20250117,38.41,38.52,38.41,38.52,1526
ZFC.TO,20250116,47,47,46.93,46.93,3400
ZFH.TO,20250117,15,15.05,15,15.04,2932
ZFL.TO,20250117,12.83,12.86,12.78,12.83,71381
ZFM.TO,20250117,14.65,14.66,14.62,14.65,16882
ZFN.TO,20250117,56.29,56.97,56.29,56.94,15800
ZFS.TO,20250117,13.83,13.84,13.83,13.84,15100
ZGB.TO,20250117,45.73,45.75,45.68,45.75,2079
ZGD.TO,20250117,106.99,108.85,106.99,108.85,1845
ZGI.TO,20250117,53.04,53.28,52.96,53.28,2199
ZGLD.TO,20250117,42.01,42.14,42.01,42.055,6213
ZGLH.TO,20250117,38.43,38.43,38.27,38.27,530
ZGQ.TO,20250117,71.48,72.13,71.45,72.13,8633
ZGRN.TO,20250117,40.79,40.79,40.78,40.78,1425
ZGRO.TO,20250117,46.51,46.62,46.42,46.6,12941
ZGSB.TO,20250117,27.05,27.07,27.02,27.02,900
ZHP.TO,20250117,18.1,18.15,18.05,18.15,300
ZHU.TO,20250117,44.93,44.93,44.93,44.93,100
ZHY.TO,20250117,11.29,11.29,11.245,11.27,45982
ZIC.TO,20250117,18.46,18.56,18.46,18.55,3849
ZID.TO,20250117,48.33,48.53,48.32,48.51,2069
ZIN.TO,20250116,41.51,41.52,41.51,41.52,176
ZIU.TO,20250117,57.66,57.93,57.66,57.93,939
ZJG.TO,20250117,96.71,97,96.87,97,264
ZJK.TO,20250117,19.5,19.62,19.5,19.62,24264
ZJPN.TO,20250117,35.35,35.48,35.35,35.48,2403
ZLB.TO,20250117,46.82,47,46.78,46.97,55659
ZLC.TO,20250117,15.34,15.4,15.34,15.39,23433
ZLD.TO,20250117,28.05,28.05,28.05,28.05,100
ZLE.TO,20250117,18.82,18.86,18.82,18.86,200
ZLH.TO,20250117,33.98,34.01,33.96,33.96,2900
ZLI.TO,20250117,26,26.06,26,26.06,200
ZLSC.TO,20250117,36.86,37.06,36.86,37.01,2600
ZLSU.TO,20250117,42.19,42.42,42.19,42.42,2385
ZLU.TO,20250117,55.25,55.43,55.22,55.36,10149
ZMBS.TO,20250117,30.3,30.3,30.3,30.3,137
ZMI.TO,20250117,17.59,17.62,17.58,17.62,6052
ZMID.TO,20250117,50.11,50.21,49.91,50.1,1422
ZMMK.TO,20250117,50.02,50.02,50.01,50.02,130678
ZMP.TO,20250117,13.93,13.94,13.92,13.94,6674
ZMSB.TO,20250115,28.55,28.55,28.55,28.55,100
ZMT.TO,20250116,69.25,69.58,69.15,69.58,92
ZMU.TO,20250117,12.46,12.475,12.46,12.475,8510
ZNQ.TO,20250117,100.28,100.36,99.4,100.16,26736
ZPAY.TO,20250117,33.36,33.45,33.26,33.4,13659
ZPH.TO,20250117,14.89,14.9,14.87,14.87,3324
ZPL.TO,20250117,12.39,12.44,12.39,12.43,19201
ZPR.TO,20250117,11.2,11.2,11.15,11.19,127481
ZPS.TO,20250117,12.345,12.345,12.345,12.345,10800
ZPW.TO,20250117,16.75,16.79,16.75,16.78,3505
ZQB.TO,20250117,28.94,28.95,28.94,28.95,300
ZQQ.TO,20250117,149.41,149.66,148.46,149.14,56377
ZRE.TO,20250117,20.42,20.44,20.19,20.2,40092
ZRR.TO,20250117,14.47,14.47,14.47,14.47,232
ZSB.TO,20250116,48.48,48.5,48.45,48.5,1013
ZSDB.TO,20250117,30.76,30.77,30.76,30.77,3887
ZSML.TO,20250117,45.26,45.26,45.26,45.26,1404
ZSP.TO,20250117,94.56,95,94.19,94.85,1306012
ZST.TO,20250117,49.02,49.04,49.02,49.03,43878
ZSU.TO,20250117,13.43,13.43,13.43,13.43,525
ZTIP.TO,20250117,33.41,33.41,33.41,33.41,1000
ZUAG.TO,20250117,32.22,32.26,32.22,32.26,300
ZUB.TO,20250117,33.82,34.18,33.75,34.175,104132
ZUCM.TO,20250117,32.09,32.18,32.04,32.16,120323
ZUD.TO,20250117,30.99,31.03,30.99,31,1715
ZUE.TO,20250117,82.58,82.79,82.37,82.59,29575
ZUGE.TO,20250117,22.68,22.68,22.68,22.68,300
ZUH.TO,20250117,68.05,68.09,67.76,67.76,3142
ZUP.TO,20250117,22,22,22,22,1300
ZUQ.TO,20250117,90.72,90.72,89.97,90.31,7027
ZUT.TO,20250117,21.81,22.19,21.81,22.15,96187
ZUVE.TO,20250117,19.15,19.15,19.15,19.15,100
ZVC.TO,20250117,30.02,30.07,30.02,30.07,200
ZVU.TO,20250117,31.77,31.84,31.77,31.84,200
ZWA.TO,20250117,26.85,27.01,26.85,26.96,2303
ZWB.TO,20250117,20,20.04,19.98,20.01,182428
ZWC.TO,20250117,17.95,18.11,17.95,18.11,138411
ZWE.TO,20250117,20.47,20.62,20.42,20.55,40383
ZWEN.TO,20250117,30.49,30.82,30.43,30.82,12252
ZWG.TO,20250117,33,33.18,33,33.18,2501
ZWH.TO,20250117,25.11,25.18,25.02,25.16,18212
ZWHC.TO,20250115,29.4,29.56,29.4,29.56,650
ZWK.TO,20250117,26.08,26.45,26.07,26.45,51252
ZWP.TO,20250117,18.16,18.24,18.15,18.18,11888
ZWQT.TO,20250117,17.56,17.63,17.56,17.63,3225
ZWS.TO,20250117,20.43,20.5,20.43,20.5,6966
ZWT.TO,20250117,54.09,54.09,53.52,53.93,3434
ZWU.TO,20250117,10.6,10.71,10.6,10.71,244127
ZXM.TO,20250117,43.22,43.22,43.22,43.22,100
ZZZD.TO,20250117,28.46,28.46,28.46,28.46,450
