<ticker>,<date>,<open>,<high>,<low>,<close>,<vol>
AAUC.TO,20240109,3.75,3.75,3.66,3.7,40057
AAV.TO,20240109,8.57,8.8,8.45,8.67,430158
ABX.TO,20240109,23.7,23.7,23.3,23.33,2136546
AC.TO,20240109,19.07,19.39,18.95,19.3,2208050
ACB.TO,20240109,0.65,0.65,0.61,0.61,1338399
ACD.TO,20240109,4.91,4.91,4.75,4.75,1700
ACD.DB.TO,20240109,100,100,100,100,1000
ACO.X.TO,20240109,38.99,38.99,38.48,38.53,114582
ACO.Y.TO,20240109,41.2,41.2,40.81,40.81,600
ACQ.TO,20240109,22.8,23.3,22.8,23.2,22293
AD.DB.TO,20240109,98.99,99,98.61,99,13000
AD.DB.A.TO,20240109,97,98,97,98,23000
AD.UN.TO,20240109,16.39,16.4,16.25,16.35,67614
ADCO.TO,20240109,0.19,0.19,0.19,0.19,3500
ADEN.TO,20240109,31.42,31.55,31,31.54,12460
ADN.TO,20240109,17.51,17.69,17.51,17.69,575
ADW.A.TO,20240109,4.63,4.7,4.63,4.69,8327
AEG.TO,20240109,0.275,0.3,0.25,0.25,24925
AEM.TO,20240109,70.27,70.28,69.02,69.1,941957
AEZS.TO,20240109,2.6,3,2.6,2.89,3864
AFN.TO,20240109,52.48,53.49,52,53.25,26530
AFN.DB.G.TO,20240109,98.6,98.6,97.51,97.51,76000
AFN.DB.H.TO,20240109,98.65,99.2,98.5,99.2,83000
AFN.DB.J.TO,20240109,98.79,100,98.79,100,17000
AGF.B.TO,20240109,7.81,7.87,7.78,7.8,22858
AGI.TO,20240109,17.18,17.29,16.72,16.75,728196
AI.TO,20240109,10.74,10.74,10.59,10.63,19637
AI.DB.D.TO,20240109,95.88,96,95.6,95.6,30000
AI.DB.G.TO,20240109,83.1,83.1,83,83.05,55000
AIDX.TO,20240109,0.71,0.72,0.7,0.72,192369
AIF.TO,20240109,43.18,44.87,43.09,44.67,78383
AII.TO,20240109,0.55,0.56,0.55,0.56,38220
AIM.TO,20240109,3.18,3.29,3.18,3.26,53853
AKT.A.TO,20240109,1.33,1.35,1.33,1.35,14725
ALA.TO,20240109,27.96,28.78,27.93,28.72,1351029
ALA.PR.A.TO,20240109,16.65,16.99,16.65,16.9,17000
ALA.PR.B.TO,20240109,19.76,19.8,19.75,19.8,4811
ALA.PR.G.TO,20240109,22.67,22.83,22.65,22.75,38929
ALC.TO,20240109,14.9,14.9,14.77,14.77,9729
ALC.DB.A.TO,20240109,103,103.07,103,103.07,151000
ALS.TO,20240109,17.98,18.19,17.96,18.1,39216
ALYA.TO,20240109,1.84,1.9,1.77,1.89,25290
AMC.TO,20240109,2.16,2.21,2.11,2.11,94451
AMM.TO,20240109,0.18,0.18,0.175,0.18,9000
AND.TO,20240109,41.11,41.7,40.49,40.58,8726
ANRG.TO,20240109,0.25,0.25,0.23,0.235,59000
AOI.TO,20240109,2.41,2.42,2.38,2.38,146280
AOT.TO,20240109,0.53,0.53,0.52,0.52,107235
AP.UN.TO,20240109,20.48,20.94,20.38,20.87,481833
APR.UN.TO,20240109,11.08,11.17,10.95,10.95,57844
APS.TO,20240109,3.39,3.48,3.22,3.35,6805
AQN.TO,20240109,8.82,8.91,8.77,8.81,1592207
AQN.PR.A.TO,20240109,20.2,20.27,20.15,20.19,6381
AQN.PR.D.TO,20240109,20.6,20.6,20.3,20.3,1522
AR.TO,20240109,0.42,0.42,0.41,0.41,822608
ARA.TO,20240109,0.51,0.52,0.495,0.495,22607
ARB.TO,20240109,25.67,25.78,25.67,25.78,1000
ARE.TO,20240109,13.75,13.88,13.55,13.8,316588
ARG.TO,20240109,1.38,1.4,1.38,1.39,71715
ARIS.TO,20240109,4.3,4.32,4.23,4.27,262206
ARIS.WT.A.TO,20240109,0.295,0.295,0.26,0.26,20999
ARIS.WT.B.TO,20240109,2.04,2.08,2,2.03,11799
ARKG.TO,20240109,13.99,13.99,13.8,13.96,2286
ARKK.TO,20240109,19.53,19.6,19.37,19.4,9430
ARKW.TO,20240109,22.92,22.93,22.91,22.93,3304
ARR.TO,20240109,7.83,7.91,7.69,7.8,22275
ARX.TO,20240109,20.3,20.47,19.92,20.33,1537350
ASCU.TO,20240109,1.7,1.7,1.63,1.63,153121
ASM.TO,20240109,0.65,0.65,0.63,0.63,22588
ASND.TO,20240109,0.08,0.08,0.075,0.075,16100
ASTL.TO,20240109,12.85,12.85,12.53,12.67,43934
ASTL.WT.TO,20240109,2.18,2.18,2.07,2.18,7400
ATCU.TO,20240109,0.35,0.355,0.35,0.35,6388
ATD.TO,20240109,79.89,79.9,79.1,79.62,1554149
ATE.TO,20240109,1.12,1.14,1.05,1.05,53211
ATH.TO,20240109,4.26,4.32,4.16,4.27,2740882
ATRL.TO,20240109,42.5,43.13,42.19,42.98,150705
ATS.TO,20240109,54.97,55.33,54.1,55.15,64454
ATZ.TO,20240109,25.52,26.86,25.32,26.27,566870
AUMN.TO,20240109,0.68,0.69,0.68,0.68,3576
AVCN.TO,20240109,0.32,0.35,0.31,0.35,225000
AVL.TO,20240109,0.095,0.1,0.095,0.1,120780
AVNT.TO,20240109,0.145,0.145,0.14,0.1425,8298
AW.UN.TO,20240109,31.29,32.08,31.21,31.99,28041
AX.PR.E.TO,20240109,17.6,17.7,17.49,17.5,5084
AX.PR.I.TO,20240109,17.51,17.51,17.25,17.25,7401
AX.UN.TO,20240109,6.72,6.76,6.68,6.68,119246
AXIS.TO,20240109,0.07,0.07,0.06,0.07,11500
AYA.TO,20240109,9.8,10.13,9.8,9.96,202019
BABY.TO,20240109,0.22,0.23,0.17,0.175,2064441
BABY.WT.A.TO,20240109,0.07,0.07,0.05,0.05,32000
BAM.TO,20240109,51.74,51.92,51.57,51.88,576170
BANK.TO,20240109,7.46,7.46,7.36,7.38,58428
BASE.TO,20240109,26.48,26.48,26.1,26.1,428
BASE.B.TO,20240109,26.54,26.54,26.54,26.54,100
BB.TO,20240109,4.32,4.45,4.28,4.42,1681338
BBD.A.TO,20240109,55.89,56.44,54.32,55.99,11983
BBD.B.TO,20240109,55.41,56.58,54,55.9,431708
BBD.PR.B.TO,20240109,16.8,17.03,16.45,17.03,16050
BBD.PR.C.TO,20240109,18.9,19,18.85,19,20257
BBD.PR.D.TO,20240109,17.95,18.29,17.95,18.29,872
BBU.UN.TO,20240109,26.46,26.94,26.46,26.72,38485
BBUC.TO,20240109,29.33,29.4,28.69,29.03,8804
BCE.TO,20240109,54.52,54.52,54.02,54.4,2060200
BCE.PR.A.TO,20240109,16.87,17,16.87,16.91,2426
BCE.PR.B.TO,20240109,18.61,18.7,18.6,18.7,4986
BCE.PR.C.TO,20240109,17.31,17.31,17.3,17.3,450
BCE.PR.D.TO,20240109,18.56,18.58,18.53,18.55,10354
BCE.PR.E.TO,20240109,18.5,18.5,18.5,18.5,1340
BCE.PR.F.TO,20240109,16.36,16.37,16.25,16.25,3622
BCE.PR.G.TO,20240109,15.43,15.43,15.43,15.43,100
BCE.PR.H.TO,20240109,18.7,18.8,18.7,18.77,8800
BCE.PR.I.TO,20240109,15.27,15.27,15.27,15.27,300
BCE.PR.J.TO,20240109,18.34,18.34,18.34,18.34,1100
BCE.PR.K.TO,20240109,14.79,14.85,14.68,14.71,57054
BCE.PR.N.TO,20240109,16.8,16.85,16.8,16.85,1492
BCE.PR.Q.TO,20240109,22.55,22.55,22,22.3,9193
BCE.PR.R.TO,20240109,15.35,15.41,15.35,15.41,1545
BCE.PR.T.TO,20240109,17.01,17.3,17,17.21,2400
BCE.PR.Y.TO,20240109,18.45,18.47,18.45,18.45,10272
BCT.TO,20240109,7.12,7.12,6.45,6.45,6077
BDGI.TO,20240109,40.77,41.61,40.77,41.24,194652
BDI.TO,20240109,8.48,8.48,8.29,8.44,16202
BDIV.TO,20240109,18.24,18.32,18.24,18.32,250
BDT.TO,20240109,14.09,14.27,13.95,14.15,93910
BEI.UN.TO,20240109,68.69,69.18,68.69,68.83,150730
BEP.PR.G.TO,20240109,22.39,22.48,22.39,22.48,2800
BEP.PR.M.TO,20240109,18.85,18.93,18.85,18.93,2500
BEP.PR.O.TO,20240109,22.65,22.8,22.65,22.8,7300
BEP.PR.R.TO,20240109,17.35,17.45,17.3,17.39,5299
BEP.UN.TO,20240109,36.39,36.73,36.12,36.57,109546
BEPC.TO,20240109,40.53,41.27,40.5,41.08,169209
BEPR.TO,20240109,8.77,8.8,8.77,8.8,1600
BESG.TO,20240109,15.73,15.76,15.72,15.74,1202
BGI.UN.TO,20240109,4.17,4.19,4.14,4.15,24619
BGU.TO,20240109,39.57,39.57,39.52,39.52,3100
BGU.U.TO,20240109,29.58,29.58,29.48,29.48,1976
BHC.TO,20240109,11.15,11.98,11.14,11.15,546870
BIK.PR.A.TO,20240109,22.65,22.65,22.3,22.3,1580
BIP.PR.A.TO,20240109,17.98,17.98,17.6,17.62,10294
BIP.PR.B.TO,20240109,22.49,22.64,22.49,22.6,3470
BIP.PR.E.TO,20240109,21,21,21,21,100
BIP.PR.F.TO,20240109,19.89,19.89,19.76,19.76,9300
BIP.UN.TO,20240109,41.26,41.26,40.35,40.68,206594
BIPC.TO,20240109,47.94,48.03,46.62,47.28,136214
BIR.TO,20240109,5.83,6,5.74,5.91,1793859
BITF.TO,20240109,3.95,4.09,3.86,3.92,3077521
BITI.TO,20240109,7.23,7.24,7.16,7.22,47245
BITI.U.TO,20240109,5.4,5.4,5.37,5.37,700
BK.TO,20240109,10.45,10.45,10.37,10.38,38011
BK.PR.A.TO,20240109,9.83,9.85,9.8,9.83,37302
BKCC.TO,20240109,14.25,14.25,14.14,14.15,38770
BKCL.TO,20240109,19.11,19.11,18.98,19.01,24495
BLB.UN.TO,20240109,7.95,7.95,7.67,7.67,3700
BLCO.TO,20240109,21.11,21.56,20.76,21.1,4845
BLDP.TO,20240109,4.7,4.95,4.66,4.8,498277
BLN.TO,20240109,4.2,4.2,4.07,4.09,24066
BLOV.TO,20240109,21.27,21.27,21.27,21.27,100
BLX.TO,20240109,33.48,33.65,33.09,33.51,170636
BMAX.TO,20240109,12.58,12.58,12.52,12.53,2081
BMO.TO,20240109,131.19,131.59,129.78,129.85,1792277
BMO.PR.E.TO,20240109,24.6,24.6,24.51,24.51,3800
BMO.PR.F.TO,20240109,24.66,24.66,24.61,24.65,36450
BMO.PR.S.TO,20240109,20.15,20.15,20.05,20.1,965
BMO.PR.T.TO,20240109,19.1,19.28,19.1,19.27,5700
BMO.PR.W.TO,20240109,18.5,18.55,18.5,18.55,1900
BMO.PR.Y.TO,20240109,19.23,19.23,19.23,19.23,451
BN.TO,20240109,51.69,52.66,51.46,52.44,1893919
BN.PF.A.TO,20240109,20.59,20.85,20.59,20.59,5083
BN.PF.B.TO,20240109,18.1,18.17,17.85,17.85,2039
BN.PF.C.TO,20240109,17.61,17.8,17.61,17.8,1802
BN.PF.D.TO,20240109,18.25,18.29,18.25,18.29,3400
BN.PF.E.TO,20240109,15.85,15.85,15.85,15.85,245
BN.PF.F.TO,20240109,17.85,17.85,17.8,17.8,2728
BN.PF.G.TO,20240109,16.51,16.51,16.51,16.51,935
BN.PF.H.TO,20240109,21.38,21.55,21.32,21.55,4654
BN.PF.I.TO,20240109,20,20.04,20,20.03,5299
BN.PF.J.TO,20240109,19.96,20.2,19.96,20.2,4136
BN.PF.K.TO,20240109,14,14.55,13.96,13.96,300
BN.PF.L.TO,20240109,10.16,10.16,10.08,10.08,1300
BN.PR.B.TO,20240109,11.09,11.2,11.09,11.15,5378
BN.PR.C.TO,20240109,11.09,11.1,11.06,11.08,1912
BN.PR.K.TO,20240109,11.23,11.23,11.05,11.1,2900
BN.PR.M.TO,20240109,17.69,17.96,17.69,17.96,800
BN.PR.N.TO,20240109,17.59,17.72,17.59,17.72,1092
BN.PR.R.TO,20240109,14.56,14.62,14.56,14.62,700
BN.PR.T.TO,20240109,14.65,14.98,14.65,14.98,1900
BN.PR.X.TO,20240109,15.15,15.2,15.14,15.2,6029
BN.PR.Z.TO,20240109,19.1,19.12,19.05,19.05,6450
BNC.TO,20240109,24.95,24.95,24.81,24.83,1200
BND.TO,20240109,17.25,17.34,17.25,17.34,9650
BNE.TO,20240109,5.14,5.16,5.02,5.06,59766
BNG.TO,20240109,0.025,0.025,0.025,0.025,36000
BNK.TO,20240109,11.07,11.22,10.82,10.99,5743
BNKL.TO,20240109,20.97,20.99,20.97,20.99,1100
BNRE.TO,20240109,51.77,52.51,51.48,52.31,7030
BNRE.A.TO,20240109,52.19,52.19,52.19,52.19,170
BNS.TO,20240109,64.12,64.12,63.2,63.62,3467308
BOND.TO,20240109,21.89,21.96,21.89,21.9,5418
BOS.TO,20240109,5.11,5.19,5.05,5.19,23469
BPF.UN.TO,20240109,15.22,15.3,15.2,15.28,21530
BPO.PR.A.TO,20240109,7.91,8,7.74,7.8,61227
BPO.PR.C.TO,20240109,12.4,12.4,12,12,17022
BPO.PR.E.TO,20240109,10.51,10.51,10.2,10.2,15400
BPO.PR.G.TO,20240109,10.61,10.62,10.6,10.61,3042
BPO.PR.I.TO,20240109,10.29,10.35,10.25,10.34,6300
BPO.PR.N.TO,20240109,7.09,7.09,6.91,6.91,39888
BPO.PR.P.TO,20240109,7.29,7.29,7.06,7.06,13825
BPO.PR.R.TO,20240109,7.21,7.25,7.09,7.11,55301
BPO.PR.T.TO,20240109,10.7,10.78,10.5,10.5,46206
BPO.PR.Y.TO,20240109,7.85,7.85,7.85,7.85,200
BPRF.TO,20240109,21.96,22,21.93,21.99,2800
BPS.PR.B.TO,20240109,24.81,24.81,24.6,24.65,2556
BPYP.PR.A.TO,20240109,16.39,17.5,16.39,17.5,5109
BR.TO,20240109,1.55,1.55,1.55,1.55,208
BRAG.TO,20240109,6.78,6.95,6.78,6.85,25269
BRE.TO,20240109,13.01,13.13,12.86,13.03,8416
BREA.TO,20240109,22.65,22.65,22.65,22.65,100
BRF.PR.A.TO,20240109,15.38,15.4,15.25,15.25,2889
BRF.PR.C.TO,20240109,17.15,17.2,17.15,17.2,2800
BRF.PR.E.TO,20240109,17.15,17.15,17.15,17.15,1093
BRF.PR.F.TO,20240109,17.1,17.16,17.1,17.11,1460
BSKT.TO,20240109,8.51,8.51,8.51,8.51,500
BSX.TO,20240109,0.05,0.05,0.05,0.05,1010
BTB.DB.G.TO,20240109,99,99.87,99,99.87,46999
BTB.UN.TO,20240109,3.12,3.12,2.99,3.03,208942
BTCC.TO,20240109,8.92,8.97,8.85,8.9,931412
BTCC.B.TO,20240109,9,9.04,8.91,9.02,1951057
BTCC.J.TO,20240109,7.98,7.99,7.98,7.99,417
BTCC.U.TO,20240109,8.54,8.58,8.47,8.51,393181
BTCQ.TO,20240109,10.11,10.19,10.07,10.1,174330
BTCQ.U.TO,20240109,7.56,7.56,7.53,7.53,11330
BTCX.B.TO,20240109,9.29,9.34,9.23,9.3,671510
BTCX.U.TO,20240109,8.78,8.83,8.72,8.75,181738
BTCY.TO,20240109,5.31,5.31,5.2,5.27,31250
BTCY.B.TO,20240109,6,6,5.93,5.98,8213
BTCY.U.TO,20240109,5.02,5.08,5.02,5.05,7997
BTE.TO,20240109,4.33,4.33,4.22,4.27,2753977
BTO.TO,20240109,4.15,4.16,4.09,4.11,1408365
BU.TO,20240109,0.23,0.23,0.215,0.23,28500
BUI.TO,20240109,2.36,2.49,2.36,2.49,4500
BXF.TO,20240109,9.92,9.92,9.89,9.89,405
BYD.TO,20240109,273.26,278.08,272.64,276.15,28592
BYL.TO,20240109,0.17,0.185,0.17,0.185,20513
CACB.TO,20240109,19.49,19.5,19.49,19.5,2900
CAE.TO,20240109,28.37,28.47,28.09,28.22,308428
CAFR.TO,20240109,19.8,19.8,19.8,19.8,2000
CALL.TO,20240109,11.7,11.7,11.58,11.59,11813
CAR.UN.TO,20240109,48.05,48.38,47.46,47.5,291451
CARS.TO,20240109,22.45,22.46,22.27,22.27,925
CAS.TO,20240109,12.82,13,12.75,12.95,137008
CASH.TO,20240109,50.06,50.06,50.05,50.06,274136
CBH.TO,20240109,17.3,17.31,17.29,17.3,5299
CBIL.TO,20240109,50.02,50.03,50.02,50.03,27372
CBNK.TO,20240109,7.33,7.33,7.21,7.22,19069
CBO.TO,20240109,17.64,17.66,17.64,17.65,16160
CCA.TO,20240109,59.9,60.4,59.38,60.3,167795
CCBI.TO,20240109,17.92,17.92,17.92,17.92,1700
CCEI.TO,20240109,22.49,22.54,22.49,22.54,20100
CCL.A.TO,20240109,57.3,57.3,57.29,57.29,259
CCL.B.TO,20240109,57.62,57.62,56.8,57.24,275858
CCO.TO,20240109,56.91,60.42,56.56,59.93,1616011
CCOM.TO,20240109,18.95,18.95,18.95,18.95,130
CCRE.TO,20240109,17.79,17.79,17.75,17.75,1000
CCS.PR.C.TO,20240109,19.75,19.76,19.75,19.76,800
CDIV.TO,20240109,13.05,13.05,13.02,13.02,6251
CDR.TO,20240109,1.39,1.48,1.39,1.48,9534
CDZ.TO,20240109,31.2,31.21,31.09,31.2,13357
CEE.TO,20240109,1.6,1.6,1.59,1.59,2300
CEF.TO,20240109,25.25,25.25,25.02,25.02,5400
CEF.U.TO,20240109,18.71,18.71,18.71,18.71,200
CEMI.TO,20240109,16.53,16.56,16.53,16.56,4704
CET.TO,20240109,0.74,0.79,0.74,0.77,33500
CEU.TO,20240109,3.45,3.47,3.43,3.43,231012
CEW.TO,20240109,16.73,16.73,16.58,16.62,5695
CF.TO,20240109,7.38,7.58,7.35,7.57,123454
CF.PR.C.TO,20240109,17.01,17.02,17,17.02,600
CFF.TO,20240109,0.65,0.67,0.64,0.64,5000
CFLX.TO,20240109,16.87,16.87,16.87,16.87,600
CFP.TO,20240109,18.48,19.05,18.45,18.9,157417
CFW.TO,20240109,4.84,4.92,4.69,4.86,15801
CFX.TO,20240109,1.78,1.8,1.77,1.8,1550
CG.TO,20240109,7.4,7.45,7.32,7.35,226875
CGBI.TO,20240109,17.57,17.57,17.56,17.56,2700
CGDV.TO,20240109,20.61,20.62,20.61,20.62,3300
CGG.TO,20240109,5.81,5.82,5.78,5.81,5400
CGHY.TO,20240109,9.88,9.88,9.88,9.88,600
CGI.TO,20240109,34.23,34.85,34.23,34.75,8401
CGIN.TO,20240109,20.58,20.58,20.58,20.58,600
CGIN.U.TO,20240109,20.65,20.65,20.65,20.65,2500
CGL.TO,20240109,16.29,16.31,16.24,16.25,19212
CGL.C.TO,20240109,23.13,23.13,23.03,23.04,3352
CGO.TO,20240109,57.06,57.74,56.42,57.73,20262
CGR.TO,20240109,28.16,28.16,28.11,28.15,615
CGRA.TO,20240109,21.11,21.11,21.11,21.11,400
CGRE.TO,20240109,21.19,21.19,21.16,21.19,350
CGX.TO,20240109,8.15,8.29,8.15,8.26,205372
CGXF.TO,20240109,9.49,9.49,9.35,9.35,29826
CGY.TO,20240109,54.75,55.05,54.5,54.5,13329
CHE.DB.E.TO,20240109,98.5,98.75,98.5,98.5,63000
CHE.DB.F.TO,20240109,120.75,120.75,120.75,120.75,1000
CHE.DB.G.TO,20240109,101,101,100.25,100.25,7000
CHE.DB.H.TO,20240109,98.99,99.43,98.99,99.43,27000
CHE.UN.TO,20240109,8.62,8.62,8.45,8.47,180182
CHNA.B.TO,20240109,18.43,18.43,18.43,18.43,207
CHP.UN.TO,20240109,14.17,14.2,14.04,14.15,323354
CHPS.TO,20240109,30.55,30.9,30.5,30.74,2204
CHR.TO,20240109,2.64,2.68,2.63,2.66,496671
CHR.DB.A.TO,20240109,96,96,95.41,95.5,38000
CHR.DB.C.TO,20240109,87,87,87,87,36000
CHW.TO,20240109,8.05,8.05,8.05,8.05,100
CIA.TO,20240109,7.63,7.7,7.49,7.49,467627
CIBR.TO,20240109,41.5,41.64,41.5,41.56,1125
CIC.TO,20240109,10.78,10.78,10.72,10.72,11095
CIEM.TO,20240109,17.58,17.58,17.48,17.48,918
CIF.TO,20240109,38.04,38.04,37.74,37.86,7179
CIGI.TO,20240109,152.03,154.59,152.03,152.9,25341
CINF.TO,20240109,24.05,24.12,24.05,24.11,1000
CIQ.UN.TO,20240109,6.48,6.64,6.48,6.64,1300
CIU.PR.A.TO,20240109,17.63,17.63,17.63,17.63,662
CIX.TO,20240109,15.22,15.33,15.14,15.23,282065
CJ.TO,20240109,6.35,6.36,6.26,6.33,403111
CJR.B.TO,20240109,0.75,0.76,0.73,0.75,185597
CJT.TO,20240109,116.8,118.66,116.8,117.34,38757
CJT.DB.E.TO,20240109,100,100.01,99.51,99.51,48000
CJT.DB.F.TO,20240109,99.65,99.75,99,99,222000
CKI.TO,20240109,14,14.25,13.5,14.25,3384
CLF.TO,20240109,16.9,16.9,16.88,16.88,6312
CLG.TO,20240109,16.86,16.9,16.86,16.87,33357
CLMT.TO,20240109,16.79,16.79,16.79,16.79,100
CLP.UN.TO,20240109,6.43,6.58,6.43,6.55,15225
CLS.TO,20240109,38.15,38.8,37.5,38.54,502302
CM.TO,20240109,63.75,63.93,63.39,63.74,3949692
CM.PR.O.TO,20240109,18.86,18.86,18.86,18.86,110
CM.PR.P.TO,20240109,18.05,18.1,18.05,18.06,2062
CM.PR.Q.TO,20240109,18.76,18.81,18.63,18.63,4070
CM.PR.S.TO,20240109,21.47,21.47,21.44,21.44,2163
CM.PR.T.TO,20240109,24.25,24.35,24.25,24.35,17211
CM.PR.Y.TO,20240109,24.51,24.52,24.51,24.51,2000
CMAG.TO,20240109,27.31,27.34,27.29,27.29,5425
CMAG.U.TO,20240109,20.29,20.49,20.29,20.49,28000
CMAR.TO,20240109,18.14,18.14,18.14,18.14,800
CMCX.B.TO,20240109,10.8,10.8,10.67,10.67,200
CMDO.TO,20240109,19.37,19.38,19.3,19.32,10400
CMDO.U.TO,20240109,19.44,19.44,19.43,19.43,200
CMG.TO,20240109,9.5,9.63,9.46,9.49,50166
CMGG.TO,20240109,21.95,21.95,21.95,21.95,500
CMNY.TO,20240109,50.14,50.14,50.14,50.14,876
CMR.TO,20240109,50.09,50.09,50.08,50.09,27897
CNAO.U.TO,20240109,24.01,24.01,24.01,24.01,4100
CNCC.TO,20240109,12.02,12.02,11.94,11.95,8019
CNCL.TO,20240109,19.41,19.41,19.36,19.41,2089
CNE.TO,20240109,6.53,6.65,6.45,6.6,30719
CNL.TO,20240109,4.08,4.16,4.08,4.1,8300
CNQ.TO,20240109,88,88.09,86.58,87.26,3075458
CNR.TO,20240109,166.71,167.25,165.55,165.71,1094750
COG.TO,20240109,0.39,0.39,0.37,0.37,12465
COMM.TO,20240109,29.92,30.07,29.92,30.07,600
COW.TO,20240109,61.28,61.28,60.75,60.78,5249
CP.TO,20240109,105.11,106.2,104.51,105.15,1266991
CPD.TO,20240109,10.93,11,10.93,10.98,57192
CPG.TO,20240109,9.02,9.05,8.85,8.94,2456458
CPH.TO,20240109,5.97,6,5.79,5.98,20532
CPLF.TO,20240109,6.02,6.1,5.95,6.1,14971
CPLS.TO,20240109,17.74,17.74,17.73,17.73,600
CPX.TO,20240109,38.23,38.23,37.53,37.55,445206
CPX.PR.A.TO,20240109,13.2,13.45,13.2,13.45,1800
CPX.PR.C.TO,20240109,22.36,22.73,22.32,22.73,900
CPX.PR.E.TO,20240109,22.02,22.02,22.02,22.02,100
CPX.PR.K.TO,20240109,24.6,24.6,24.55,24.55,1023
CR.TO,20240109,4.52,4.62,4.47,4.56,231568
CRDL.TO,20240109,1.4,1.4,1.37,1.38,148506
CRON.TO,20240109,2.96,3,2.76,2.77,254101
CROP.TO,20240109,17.56,17.56,17.56,17.56,2172
CROP.U.TO,20240109,19.68,19.68,19.68,19.68,7500
CRP.TO,20240109,2.19,2.19,2.19,2.19,15300
CRR.UN.TO,20240109,13.9,13.9,13.74,13.79,128556
CRRX.TO,20240109,1.85,1.85,1.77,1.78,3939
CRT.UN.TO,20240109,14.85,14.85,14.56,14.59,155245
CRWN.NT.TO,20240109,93,93,93,93,40000
CS.TO,20240109,6.44,6.44,6.29,6.3,1466779
CSAV.TO,20240109,50.14,50.14,50.13,50.13,13466
CSE.PR.A.TO,20240109,13.17,13.17,13.17,13.17,200
CSH.UN.TO,20240109,11.89,11.89,11.71,11.86,227739
CSU.TO,20240109,3410.02,3473.91,3389.06,3452.35,35299
CSU.DB.TO,20240109,128.5,128.6,128.5,128.6,55000
CSW.A.TO,20240109,13.36,13.54,13.32,13.51,9930
CSW.B.TO,20240109,12,12.09,11.95,11.95,1917
CTC.A.TO,20240109,142.22,142.57,141.26,142.09,233890
CTF.UN.TO,20240109,2.6,2.63,2.56,2.63,13413
CTS.TO,20240109,4.07,4.08,3.98,4.04,406146
CTX.TO,20240109,0.54,0.57,0.54,0.57,34700
CU.TO,20240109,32.56,32.56,32.27,32.31,503501
CU.PR.C.TO,20240109,19.05,19.18,19,19.02,2673
CU.PR.D.TO,20240109,19.55,19.55,19.35,19.45,2400
CU.PR.E.TO,20240109,19.5,19.51,19.5,19.51,753
CU.PR.F.TO,20240109,17.66,17.66,17.65,17.65,800
CU.PR.G.TO,20240109,18.08,18.08,18.08,18.08,1300
CU.PR.H.TO,20240109,20.8,20.8,20.8,20.8,137
CU.PR.I.TO,20240109,23.25,23.25,22.75,22.75,702
CU.PR.J.TO,20240109,18.6,18.6,18.55,18.55,2100
CUD.TO,20240109,50.03,50.05,50,50.05,1276
CUDV.TO,20240109,20.43,20.43,20.43,20.43,100
CUEH.TO,20240109,19.64,19.64,19.64,19.64,200
CURA.TO,20240109,5.97,5.99,5.77,5.85,189381
CVD.TO,20240109,16.21,16.23,15.9,15.9,12077
CVE.TO,20240109,21.95,21.95,21.49,21.65,4582882
CVE.PR.A.TO,20240109,14.06,14.14,14.06,14.14,300
CVE.PR.B.TO,20240109,15,15.25,14.98,14.98,23599
CVE.PR.C.TO,20240109,22.05,22.1,21.99,22.1,2128
CVE.PR.E.TO,20240109,23.25,23.48,23.25,23.4,14721
CVE.PR.G.TO,20240109,22.4,22.51,22.4,22.46,6000
CVE.WT.TO,20240109,15.25,15.25,15.11,15.11,611
CVG.TO,20240109,76.03,76.73,76.03,76.73,200
CVO.TO,20240109,9.24,9.24,8.85,8.9,45679
CWB.TO,20240109,30.5,30.52,30.25,30.26,179433
CWB.PR.B.TO,20240109,18.57,18.94,18.57,18.75,6886
CWEB.TO,20240109,0.275,0.275,0.27,0.27,7700
CWL.TO,20240109,0.78,0.8,0.78,0.78,9000
CWW.TO,20240109,50.39,50.92,50.25,50.74,1482
CXB.TO,20240109,1.27,1.28,1.23,1.24,2324775
CXF.TO,20240109,9.3,9.3,9.28,9.3,1713
CXI.TO,20240109,23.13,24.3,23.13,24.3,3097
CYB.TO,20240109,60.12,60.5,60.11,60.45,10887
CYBR.TO,20240109,43.74,44.29,43.74,44.21,1647
CYBR.B.TO,20240109,50.43,50.43,50.43,50.43,100
CYH.TO,20240109,20.07,20.07,19.94,19.96,901
D.UN.TO,20240109,10.93,10.93,10.73,10.88,112345
DANC.TO,20240109,21.67,21.7,21.67,21.7,2843
DANC.U.TO,20240109,20.7,20.7,20.7,20.7,100
DATA.TO,20240109,21.11,21.11,21.1,21.1,300
DBM.TO,20240109,8.34,8.35,8.25,8.29,89013
DBO.TO,20240109,0.09,0.09,0.09,0.09,93269
DC.A.TO,20240109,0.9,0.9,0.88,0.89,119872
DC.PR.D.TO,20240109,20.16,20.16,20.16,20.16,100
DCBO.TO,20240109,60.36,62.23,59.96,61.62,63529
DCG.TO,20240109,17.78,17.78,17.78,17.78,3200
DCM.TO,20240109,2.68,2.72,2.68,2.72,5005
DCS.TO,20240109,18.37,18.37,18.37,18.37,600
DCU.TO,20240109,17.59,17.66,17.59,17.65,8335
DF.TO,20240109,4.33,4.33,4.21,4.23,29138
DF.PR.A.TO,20240109,9.85,9.85,9.83,9.83,1500
DFN.TO,20240109,5.47,5.48,5.38,5.41,227354
DFN.PR.A.TO,20240109,9.74,9.78,9.74,9.77,85601
DFY.TO,20240109,37.5,37.73,37.08,37.49,94434
DGR.TO,20240109,40.58,40.68,40.57,40.57,390
DGR.B.TO,20240109,44.48,44.48,44.32,44.46,2800
DGRC.TO,20240109,35.31,35.31,35.1,35.2,2989
DGS.TO,20240109,5.16,5.19,5.13,5.17,40770
DGS.PR.A.TO,20240109,9.88,9.88,9.86,9.86,6829
DHT.U.TO,20240109,9.6,9.6,9.6,9.6,400
DHT.UN.TO,20240109,12.85,12.93,12.7,12.83,12538
DIAM.TO,20240109,0.075,0.08,0.075,0.075,267500
DII.B.TO,20240109,6.57,6.95,6.57,6.8,19220
DIR.UN.TO,20240109,13.85,13.87,13.65,13.66,715758
DISC.TO,20240109,34.88,34.92,34.88,34.92,1100
DIV.TO,20240109,2.75,2.77,2.74,2.76,278625
DIV.DB.A.TO,20240109,95.55,95.55,95.55,95.55,31000
DIVS.TO,20240109,14.54,14.54,14.54,14.54,1000
DLCG.TO,20240109,2.75,2.75,2.75,2.75,2100
DLR.TO,20240109,13.49,13.54,13.49,13.52,403018
DLR.U.TO,20240109,10.09,10.09,10.08,10.09,232552
DML.TO,20240109,2.22,2.39,2.2,2.36,3149422
DN.TO,20240109,0.025,0.03,0.025,0.03,281169
DND.TO,20240109,13.25,13.59,13.16,13.39,54800
DNG.TO,20240109,4,4.12,4,4.08,13805
DNTL.TO,20240109,7.1,7.14,7.05,7.11,63442
DOL.TO,20240109,95.75,96.58,94.96,96.43,623109
DOO.TO,20240109,94.35,95.6,94.01,94.44,233794
DPM.TO,20240109,8.35,8.41,8.24,8.37,711364
DQD.TO,20240109,41.25,41.25,41.25,41.25,100
DR.TO,20240109,8.85,8.9,8.84,8.9,125705
DRCU.TO,20240109,18.44,18.44,18.44,18.44,674
DRFC.TO,20240109,26.53,26.61,26.53,26.6,805
DRFD.TO,20240109,21.28,21.28,21.23,21.23,247
DRFE.TO,20240109,19.71,19.71,19.62,19.63,557
DRFG.TO,20240109,25.36,25.36,25.36,25.36,193
DRFU.TO,20240109,28.84,28.84,28.84,28.84,216
DRM.TO,20240109,23.42,23.53,23.1,23.33,38657
DRMC.TO,20240109,26.44,26.44,26.35,26.44,1333
DRME.TO,20240109,15.75,15.75,15.67,15.67,1879
DRMU.TO,20240109,33.92,34.08,33.92,34.02,2504
DRR.U.TO,20240109,6.64,6.64,6.64,6.64,175
DRT.TO,20240109,0.445,0.46,0.445,0.46,86654
DRX.TO,20240109,7.19,7.59,7.13,7.55,173073
DS.TO,20240109,6.21,6.24,6.17,6.22,14575
DSG.TO,20240109,107.75,109.07,107.63,108.02,87096
DSV.TO,20240109,0.73,0.74,0.7,0.7,156735
DTOL.TO,20240109,10.3,10.3,10.06,10.25,31129
DXB.TO,20240109,18.39,18.41,18.37,18.4,17913
DXBC.TO,20240109,21.4,21.4,21.4,21.4,2800
DXBU.TO,20240109,21.59,21.59,21.59,21.59,3700
DXC.TO,20240109,34.12,34.12,34.02,34.11,11884
DXDB.TO,20240109,20.65,20.66,20.63,20.64,6050
DXEM.TO,20240109,12.24,12.24,12.24,12.24,1300
DXET.TO,20240109,16.55,16.55,16.55,16.55,650
DXG.TO,20240109,49.04,49.69,49.04,49.54,4902
DXGE.TO,20240109,21.49,21.56,21.49,21.52,10499
DXO.TO,20240109,19.25,19.27,19.25,19.27,4900
DXP.TO,20240109,19.76,19.9,19.76,19.89,8047
DXQ.TO,20240109,23.16,23.25,23.16,23.25,1400
DXT.TO,20240109,5.84,5.85,5.78,5.78,13752
DXU.TO,20240109,46.14,46.79,46.14,46.72,7436
DXUS.TO,20240109,21.74,21.74,21.74,21.74,1400
DXV.TO,20240109,19.6,19.6,19.55,19.56,7037
DXW.TO,20240109,21.98,21.98,21.98,21.98,1800
DXZ.TO,20240109,11.46,11.46,11.46,11.46,100
DYA.TO,20240109,0.165,0.17,0.16,0.16,53404
E.TO,20240109,0.77,0.78,0.77,0.77,12816
EAGR.TO,20240109,0.475,0.61,0.46,0.465,26875
EARN.TO,20240109,47.41,47.62,47.41,47.62,300
EBIT.TO,20240109,22.74,22.88,22.6,22.71,91343
EBIT.U.TO,20240109,17.07,17.07,16.92,17.05,3433
ECN.TO,20240109,2.87,2.9,2.8,2.86,145354
ECN.DB.TO,20240109,84,84,84,84,8000
ECN.DB.A.TO,20240109,81.5,81.5,81.5,81.5,3000
ECN.DB.B.TO,20240109,75,75,75,75,2000
ECN.PR.C.TO,20240109,16.1,16.1,15.99,15.99,684
ECO.TO,20240109,3.66,3.7,3.63,3.7,10543
ECOR.TO,20240109,1.65,1.68,1.65,1.68,600
EDGE.TO,20240109,33,33.16,33,33.16,662
EDGF.TO,20240109,9.58,9.58,9.58,9.58,111
EDR.TO,20240109,2.5,2.58,2.44,2.57,585120
EDT.TO,20240109,0.485,0.49,0.485,0.49,14608
EDV.TO,20240109,26.21,26.21,25.18,25.3,549457
EFN.TO,20240109,21.98,22.22,21.81,21.82,753433
EFN.DB.B.TO,20240109,190,190,190,190,20000
EFN.PR.C.TO,20240109,24.85,24.9,24.81,24.81,4918
EFN.PR.E.TO,20240109,24.7,24.8,24.7,24.8,17177
EFR.TO,20240109,9.03,9.63,8.91,9.35,470569
EFX.TO,20240109,5.9,5.93,5.8,5.91,233612
EGIF.TO,20240109,20.62,20.62,20.62,20.62,500
EGLX.TO,20240109,0.25,0.26,0.235,0.24,255286
EIF.TO,20240109,46.75,46.96,46.4,46.52,62417
EIF.DB.J.TO,20240109,101,101.49,101,101.49,33000
EIF.DB.L.TO,20240109,97.9,98,97.9,98,115000
EIF.DB.M.TO,20240109,95.4,95.4,95.4,95.4,3000
EIT.PR.A.TO,20240109,24.95,25,24.92,25,111351
EIT.PR.B.TO,20240109,24.67,24.68,24.55,24.55,1800
EIT.UN.TO,20240109,13.05,13.06,13.01,13.03,90983
ELD.TO,20240109,16.15,16.21,15.91,16.17,166760
ELEF.TO,20240109,0.315,0.315,0.295,0.295,30100
ELF.PR.G.TO,20240109,18,18.29,18,18.29,3700
ELF.PR.H.TO,20240109,21.03,21.32,21.03,21.32,6400
ELO.TO,20240109,2.05,2.05,1.87,1.98,40963
ELR.TO,20240109,0.205,0.205,0.2,0.2,52250
ELVA.TO,20240109,5.8,5.84,5.27,5.27,41613
EMA.TO,20240109,51.48,51.69,51.14,51.33,796825
EMA.PR.A.TO,20240109,13.61,13.61,13.6,13.6,4100
EMA.PR.B.TO,20240109,16.2,16.2,16.1,16.1,800
EMA.PR.C.TO,20240109,21.31,21.31,21.15,21.24,9340
EMA.PR.E.TO,20240109,17.84,17.89,17.84,17.89,2200
EMA.PR.F.TO,20240109,18.25,18.25,17.94,17.94,763
EMA.PR.H.TO,20240109,21.65,21.9,21.65,21.65,2130
EMA.PR.J.TO,20240109,18.91,18.91,18.9,18.9,6400
EMA.PR.L.TO,20240109,17.55,17.55,17.55,17.55,1676
EMP.A.TO,20240109,35,35.25,34.9,35.13,235647
EMV.B.TO,20240109,26.14,26.14,25.72,25.93,6300
ENB.TO,20240109,49.68,49.7,49.15,49.18,3278858
ENB.PF.A.TO,20240109,16.75,17.05,16.75,17.05,13505
ENB.PF.C.TO,20240109,16,16,15.76,15.77,1713
ENB.PF.E.TO,20240109,15.35,15.44,15.35,15.44,14083
ENB.PF.G.TO,20240109,15.29,15.36,15.29,15.36,13068
ENB.PF.K.TO,20240109,20.75,20.75,20.47,20.7,2669
ENB.PF.U.TO,20240109,19.21,19.4,19.21,19.3,5350
ENB.PF.V.TO,20240109,21.6,21.84,21.6,21.74,1601
ENB.PR.A.TO,20240109,21.22,21.22,20.92,20.92,842
ENB.PR.B.TO,20240109,16.38,16.41,16.35,16.38,4979
ENB.PR.D.TO,20240109,16.79,16.84,16.74,16.74,6054
ENB.PR.F.TO,20240109,17.31,17.4,17.26,17.3,9358
ENB.PR.H.TO,20240109,18.83,18.91,18.77,18.85,5463
ENB.PR.J.TO,20240109,17.61,17.7,17.6,17.7,1250
ENB.PR.N.TO,20240109,20.78,20.86,20.74,20.77,3395
ENB.PR.P.TO,20240109,17.63,17.63,17.5,17.5,10700
ENB.PR.T.TO,20240109,16.81,16.85,16.77,16.77,2600
ENB.PR.V.TO,20240109,21.09,21.12,21.04,21.12,5500
ENB.PR.Y.TO,20240109,15.65,15.73,15.6,15.63,10369
ENCC.TO,20240109,10.64,10.67,10.57,10.65,94270
ENCL.TO,20240109,18.97,18.97,18.75,18.92,53158
ENGH.TO,20240109,35.63,36.37,35.45,36.13,94259
ENI.UN.TO,20240109,1.41,1.41,1.41,1.41,2003
ENS.TO,20240109,12.12,12.12,12.06,12.1,39200
ENS.PR.A.TO,20240109,9.85,9.85,9.83,9.83,23155
EPRX.TO,20240109,5.74,5.82,5.3,5.55,36000
EPRX.WT.TO,20240109,0.6,0.6,0.6,0.6,14000
EQB.TO,20240109,89.8,90.34,89.1,89.25,44436
EQB.PR.C.TO,20240109,23.98,24.1,23.98,24.1,600
EQCL.TO,20240109,20.43,20.52,20.43,20.52,2822
EQL.TO,20240109,31.94,31.95,31.79,31.92,37183
EQL.F.TO,20240109,27.81,27.97,27.81,27.94,20987
EQL.U.TO,20240109,23.86,23.86,23.8,23.8,5299
EQX.TO,20240109,6.1,6.13,6.02,6.05,388264
ERD.TO,20240109,0.33,0.33,0.32,0.32,46500
ERE.UN.TO,20240109,2.53,2.57,2.53,2.55,17402
ERF.TO,20240109,19.73,19.73,19.31,19.62,460537
ERO.TO,20240109,21.93,21.93,21.31,21.39,189908
ESG.TO,20240109,33.61,33.71,33.58,33.69,1030
ESG.F.TO,20240109,32.17,32.27,32.17,32.27,400
ESGA.TO,20240109,34.22,34.22,33.95,34.03,8340
ESGB.TO,20240109,26.8,26.8,26.8,26.8,100
ESGC.TO,20240109,24.11,24.11,24.11,24.11,100
ESGY.TO,20240109,45.16,45.46,45.16,45.46,1395
ESGY.F.TO,20240109,36.5,36.5,36.5,36.5,100
ESI.TO,20240109,2.18,2.18,2.08,2.08,375139
ESM.TO,20240109,0.035,0.035,0.035,0.035,26201
ESP.TO,20240109,2.87,3.05,2.87,3.05,484
ESP.PR.A.TO,20240109,9.92,10.09,9.91,10.09,500
ESPX.TO,20240109,21.99,22,21.97,21.97,1764
ET.TO,20240109,13.86,14.39,13.8,14.07,24944
ETC.TO,20240109,9.98,9.98,9.91,9.93,1826
ETC.U.TO,20240109,9.41,9.41,9.37,9.37,200
ETG.TO,20240109,1.2,1.23,1.2,1.23,169650
ETHH.TO,20240109,9.19,9.26,9.13,9.2,179958
ETHH.B.TO,20240109,10.56,10.61,10.45,10.47,153464
ETHH.U.TO,20240109,9.86,9.89,9.78,9.81,6668
ETHI.TO,20240109,46.53,46.7,46.53,46.61,6165
ETHQ.TO,20240109,12,12.03,11.92,11.92,6668
ETHQ.U.TO,20240109,8.92,8.92,8.92,8.92,700
ETHR.TO,20240109,10.5,10.55,10.42,10.42,11252
ETHR.U.TO,20240109,9.81,9.81,9.81,9.81,1238
ETHX.B.TO,20240109,10.93,11,10.83,10.88,336622
ETHX.U.TO,20240109,10.2,10.24,10.14,10.14,110678
ETHY.TO,20240109,3.38,3.4,3.31,3.31,23136
ETHY.B.TO,20240109,4.14,4.14,4.07,4.07,12028
ETHY.U.TO,20240109,3.24,3.24,3.24,3.24,209
ETSX.TO,20240109,19.56,19.56,19.4,19.4,1255
EXE.TO,20240109,7.21,7.25,7.18,7.18,128072
EXE.DB.C.TO,20240109,98.28,98.31,98.28,98.28,39000
EXN.TO,20240109,0.095,0.1,0.095,0.1,37019
EXRO.TO,20240109,1.33,1.33,1.23,1.26,225350
FANS.TO,20240109,0.05,0.05,0.045,0.05,329397
FAP.TO,20240109,2.58,2.6,2.58,2.6,29583
FAR.TO,20240109,2.13,2.14,2.12,2.13,33966
FBTC.TO,20240109,20.84,20.98,20.73,20.88,70246
FBTC.U.TO,20240109,15.58,15.58,15.58,15.58,329
FC.TO,20240109,10.9,10.9,10.76,10.85,15055
FC.DB.I.TO,20240109,95,97.75,94.91,97.75,32000
FC.DB.J.TO,20240109,94.5,94.5,94.5,94.5,8000
FC.DB.L.TO,20240109,89.5,90,89.5,90,6000
FCCB.TO,20240109,22.29,22.29,22.24,22.28,3359
FCCD.TO,20240109,26.82,26.83,26.78,26.78,3661
FCCL.TO,20240109,31.14,31.14,31.11,31.11,300
FCCQ.TO,20240109,31.51,31.59,31.51,31.59,400
FCCV.TO,20240109,13.33,13.35,13.32,13.33,3000
FCD.UN.TO,20240109,4.79,4.89,4.79,4.82,3077
FCGB.TO,20240109,21.91,21.92,21.9,21.91,11543
FCID.TO,20240109,25.48,25.48,25.48,25.48,600
FCIG.TO,20240109,21.57,21.65,21.57,21.65,4561
FCIG.U.TO,20240109,16.15,16.15,16.15,16.15,600
FCII.TO,20240109,20.88,20.88,20.88,20.88,130
FCIM.TO,20240109,10.48,10.48,10.41,10.45,1100
FCIQ.TO,20240109,34.76,34.96,34.76,34.81,4809
FCIV.TO,20240109,32.43,32.43,32.31,32.32,3215
FCMO.TO,20240109,11.01,11.01,11.01,11.01,200
FCR.UN.TO,20240109,15.5,15.57,15.36,15.37,306025
FCRR.TO,20240109,35.21,35.3,35.21,35.3,300
FCSB.TO,20240109,24.72,24.72,24.68,24.68,2112
FCU.TO,20240109,1.03,1.12,1.02,1.1,2164090
FCUD.TO,20240109,31.33,31.36,31.33,31.36,8302
FCUH.TO,20240109,28.4,28.48,28.4,28.44,600
FCUL.TO,20240109,42.3,42.36,42.3,42.34,601
FCUQ.TO,20240109,49.03,49.03,48.95,49.01,4000
FCUV.TO,20240109,15.07,15.07,15.02,15.03,775
FCVH.TO,20240109,14.68,14.68,14.68,14.68,400
FDGE.TO,20240109,0.34,0.34,0.335,0.335,70008
FDN.TO,20240109,20.24,20.24,20.24,20.24,100
FDY.TO,20240109,0.61,0.61,0.58,0.61,118528
FEC.TO,20240109,7.81,7.94,7.74,7.81,62204
FETH.TO,20240109,41.06,41.06,40.67,40.67,609
FF.TO,20240109,0.125,0.13,0.12,0.125,280750
FFH.TO,20240109,1289.09,1289.13,1271.01,1281.82,97647
FFH.PR.C.TO,20240109,20.2,20.28,20.2,20.25,5800
FFH.PR.D.TO,20240109,20.49,20.51,20.31,20.5,6600
FFH.PR.E.TO,20240109,15.97,16,15.97,16,4000
FFH.PR.F.TO,20240109,17.35,17.5,17.2,17.2,2064
FFH.PR.G.TO,20240109,16.4,16.58,16.4,16.58,3558
FFH.PR.H.TO,20240109,18.34,18.37,18.1,18.1,500
FFH.PR.I.TO,20240109,16.94,17.01,16.94,17.01,1100
FFH.PR.J.TO,20240109,18.8,18.8,18.8,18.8,100
FFH.PR.K.TO,20240109,19.6,19.6,19.59,19.59,1100
FFH.PR.M.TO,20240109,21.9,21.95,21.9,21.95,370
FFN.TO,20240109,4.44,4.45,4.35,4.38,132772
FFN.PR.A.TO,20240109,10.1,10.11,10.09,10.1,26579
FGO.TO,20240109,10.02,10.02,10,10,24026
FHG.TO,20240109,44.8,44.8,44.8,44.8,102
FHH.TO,20240109,38.05,38.05,38.03,38.03,233
FHI.TO,20240109,11.75,11.75,11.65,11.66,4800
FHIS.TO,20240109,20.52,20.52,20.5,20.5,1893
FHQ.TO,20240109,80.26,80.43,80.26,80.38,400
FIE.TO,20240109,6.92,6.92,6.88,6.9,140352
FIG.TO,20240109,9.28,9.28,9.26,9.27,4800
FIH.U.TO,20240109,14.54,14.6,14.39,14.6,6247
FIL.TO,20240109,20.9,20.9,20.32,20.6,127463
FLCI.TO,20240109,17.36,17.39,17.36,17.39,675
FLGA.TO,20240109,18.81,18.81,18.77,18.77,400
FLI.TO,20240109,9.9,9.9,9.85,9.85,2919
FLNT.TO,20240109,0.03,0.03,0.03,0.03,4754
FLOW.TO,20240109,0.29,0.29,0.29,0.29,2648
FLUS.TO,20240109,36.82,36.99,36.82,36.99,800
FLX.TO,20240109,6.95,6.95,6.95,6.95,2601
FLX.U.TO,20240109,5.75,5.75,5.75,5.75,5800
FM.TO,20240109,13.13,13.33,12.56,12.56,2186979
FN.TO,20240109,38.64,38.82,38.37,38.37,21847
FN.PR.A.TO,20240109,11.36,11.36,11.36,11.36,100
FN.PR.B.TO,20240109,13.25,13.25,13.25,13.25,300
FNV.TO,20240109,146.08,146.17,143.04,143.22,594221
FOM.TO,20240109,3.8,3.93,3.8,3.93,216581
FOOD.TO,20240109,0.29,0.29,0.265,0.29,41036
FOOD.DB.A.TO,20240109,38.5,38.5,38.5,38.5,4000
FORA.TO,20240109,4.54,4.7,4.48,4.48,14900
FR.TO,20240109,7.43,7.43,7.29,7.31,408498
FRU.TO,20240109,13.79,13.97,13.71,13.88,343028
FRX.TO,20240109,14.22,14.22,14.22,14.22,200
FSB.TO,20240109,9.57,9.58,9.57,9.58,432
FSB.U.TO,20240109,9.77,9.77,9.77,9.77,3600
FSL.TO,20240109,17.03,17.03,17.03,17.03,1800
FST.TO,20240109,44.47,44.54,44.47,44.54,262
FSV.TO,20240109,214.09,217.12,213.11,215.57,65335
FSY.TO,20240109,0.8,0.88,0.8,0.86,379729
FSZ.TO,20240109,6.6,6.72,6.5,6.61,549039
FT.TO,20240109,0.045,0.045,0.045,0.045,9500
FTG.TO,20240109,4.02,4.09,4.02,4.09,20390
FTN.TO,20240109,7.76,7.77,7.67,7.71,210918
FTN.PR.A.TO,20240109,10.17,10.17,10.14,10.16,113858
FTS.TO,20240109,56.04,56.21,55.89,55.9,1168988
FTS.PR.F.TO,20240109,19.95,19.95,19.75,19.75,880
FTS.PR.G.TO,20240109,21.36,21.36,20.72,20.72,17438
FTS.PR.I.TO,20240109,15.72,15.75,15.72,15.75,1316
FTS.PR.J.TO,20240109,19.32,19.44,19.3,19.4,3431
FTS.PR.K.TO,20240109,18.07,18.09,18,18,7480
FTS.PR.M.TO,20240109,17.81,18,17.81,17.86,17869
FTT.TO,20240109,38.05,38.05,37.1,37.82,260943
FTU.PR.B.TO,20240109,6,6,6,6,100
FURY.TO,20240109,0.55,0.56,0.54,0.54,5299
FVI.TO,20240109,4.87,4.89,4.77,4.78,417613
FVL.TO,20240109,0.485,0.49,0.485,0.49,197998
FXM.TO,20240109,20.69,20.69,20.6,20.63,3885
G.TO,20240109,0.81,0.83,0.8,0.82,10499
GATO.TO,20240109,7.6,7.64,7.6,7.64,293
GAU.TO,20240109,1.45,1.46,1.36,1.36,174022
GBAL.TO,20240109,44.17,44.23,44.17,44.23,917
GBT.TO,20240109,12.5,13.11,12.5,13.11,8625
GCBD.TO,20240109,17.99,17.99,17.95,17.95,4427
GCG.TO,20240109,42.75,42.75,42.75,42.75,300
GCG.A.TO,20240109,42.87,43.75,42.5,43.75,4700
GCL.TO,20240109,1.21,1.23,1.2,1.2,13205
GCNS.TO,20240109,40.22,40.22,40.22,40.22,100
GCSC.TO,20240109,22.47,22.48,22.47,22.48,254
GCTB.TO,20240109,50.12,50.12,50.12,50.12,6600
GDC.TO,20240109,2.3,2.36,2.3,2.35,1800
GDI.TO,20240109,36.75,36.97,36.67,36.67,15894
GDL.TO,20240109,14.06,14.07,14.06,14.07,2100
GDPY.TO,20240109,20.57,20.58,20.56,20.56,1500
GDPY.B.TO,20240109,19.7,19.7,19.7,19.7,100
GDV.TO,20240109,9.17,9.27,9.16,9.18,19449
GDV.PR.A.TO,20240109,9.64,9.64,9.63,9.63,2000
GEI.TO,20240109,20.74,20.74,20.4,20.49,400619
GENM.TO,20240109,0.21,0.21,0.21,0.21,10000
GEO.TO,20240109,1.74,1.8,1.74,1.8,10700
GEQT.TO,20240109,50.99,51.35,50.99,51.34,1231
GFL.TO,20240109,44.04,44.56,43.56,43.62,180240
GFP.TO,20240109,0.87,0.88,0.87,0.87,44699
GGD.TO,20240109,1.26,1.28,1.24,1.26,261289
GGEM.TO,20240109,14.25,14.25,14.25,14.25,223
GGRO.TO,20240109,47.72,47.81,47.72,47.78,2178
GH.TO,20240109,9.26,9.26,9.22,9.22,3350
GIB.A.TO,20240109,138.73,140.31,138.73,140.07,225090
GIL.TO,20240109,41.83,42.22,41.46,42.12,546260
GIVX.TO,20240109,0.63,0.67,0.63,0.66,45749
GLCC.TO,20240109,22.55,22.55,22.13,22.17,63670
GLG.TO,20240109,0.035,0.035,0.035,0.035,1000
GLO.TO,20240109,2.85,3.18,2.81,3.08,894952
GLXY.TO,20240109,10.36,10.69,10.12,10.26,812082
GMTN.TO,20240109,0.055,0.055,0.05,0.055,158241
GMX.TO,20240109,0.93,0.93,0.85,0.85,69078
GOLD.TO,20240109,1.2,1.2,1.17,1.18,34719
GOOS.TO,20240109,15.74,16.3,15.74,15.8,416095
GRA.TO,20240109,2.34,2.38,2.29,2.35,74067
GRC.TO,20240109,0.095,0.095,0.095,0.095,9000
GRCC.TO,20240109,20.56,20.56,20.56,20.56,100
GRID.TO,20240109,0.8,0.8,0.8,0.8,1250
GRN.TO,20240109,0.15,0.15,0.145,0.15,27701
GRT.UN.TO,20240109,77.32,78.31,77.06,77.16,38282
GSY.TO,20240109,157.23,160,157.23,159.45,19969
GTE.TO,20240109,7.45,7.45,7.09,7.09,97503
GUD.TO,20240109,5.53,5.72,5.53,5.63,163267
GURU.TO,20240109,2.14,2.2,2.14,2.2,3158
GUTB.U.TO,20240109,50.13,50.14,50.13,50.14,50000
GWO.TO,20240109,43.38,43.64,43.05,43.52,734604
GWO.PR.G.TO,20240109,20.17,20.32,20.17,20.22,7800
GWO.PR.H.TO,20240109,18.91,18.99,18.89,18.89,6750
GWO.PR.I.TO,20240109,18.08,18.11,18.08,18.1,2192
GWO.PR.L.TO,20240109,21.89,21.98,21.88,21.88,6100
GWO.PR.M.TO,20240109,22.9,22.9,22.9,22.9,500
GWO.PR.N.TO,20240109,13.8,14.59,13.8,14.24,35439
GWO.PR.P.TO,20240109,20.62,20.99,20.62,20.99,3100
GWO.PR.R.TO,20240109,18.75,18.82,18.72,18.81,3000
GWO.PR.S.TO,20240109,20.36,20.4,20.36,20.4,1739
GWO.PR.T.TO,20240109,20.06,20.11,20.06,20.11,658
GWO.PR.Y.TO,20240109,17.8,17.9,17.8,17.9,2200
GXE.TO,20240109,0.65,0.65,0.64,0.65,147665
H.TO,20240109,39.58,39.58,38.83,39.04,1065907
HAB.TO,20240109,9.86,9.88,9.85,9.88,1500
HAC.TO,20240109,28.01,28.06,28.01,28.06,666
HAD.TO,20240109,8.97,8.97,8.97,8.97,300
HAF.TO,20240109,7.22,7.23,7.22,7.23,3800
HAI.TO,20240109,3.53,3.85,3.51,3.73,241618
HAL.TO,20240109,18.88,18.93,18.79,18.86,7275
HARB.TO,20240109,10.27,10.27,10.27,10.27,100
HAZ.TO,20240109,31.05,31.05,30.89,31.01,16888
HBA.TO,20240109,22.4,22.4,22.4,22.4,1323
HBAL.TO,20240109,13.87,13.87,13.85,13.85,3689
HBB.TO,20240109,46.84,46.96,46.84,46.91,11500
HBD.TO,20240109,10.39,10.5,10.39,10.49,1700
HBF.TO,20240109,9.51,9.57,9.51,9.57,9426
HBF.B.TO,20240109,10.41,10.42,10.41,10.42,600
HBGD.TO,20240109,25.77,25.8,25.65,25.65,1284
HBKU.TO,20240109,19.96,20.07,19.94,20.07,2900
HBLK.TO,20240109,15.16,15.16,14.89,14.89,2009
HBM.TO,20240109,7.07,7.07,6.96,7.05,707937
HBND.TO,20240109,16.02,16.07,16.01,16.03,15701
HBNK.TO,20240109,21.17,21.17,20.94,20.96,14294
HBU.TO,20240109,11.46,11.46,11.36,11.36,1260
HCA.TO,20240109,21.36,21.36,21.25,21.27,9315
HCAL.TO,20240109,20.71,20.78,20.57,20.61,92388
HCLN.TO,20240109,9.29,9.33,9.29,9.33,640
HCON.TO,20240109,12.65,12.65,12.65,12.65,1330
HCRE.TO,20240109,24.97,24.97,24.96,24.96,600
HDIF.TO,20240109,8.08,8.08,8.04,8.08,75960
HDIV.TO,20240109,15.76,15.76,15.68,15.72,28276
HEB.TO,20240109,16.52,16.53,16.49,16.52,3806
HED.TO,20240109,5.64,5.66,5.54,5.56,16169
HEQL.TO,20240109,21.6,21.65,21.6,21.65,598
HEQT.TO,20240109,14.84,14.84,14.78,14.8,9719
HERO.TO,20240109,28.41,28.76,28.41,28.68,1000
HEU.TO,20240109,23.61,23.61,23.1,23.45,27939
HEWB.TO,20240109,31.1,31.1,31.03,31.05,14925
HFD.TO,20240109,9.87,9.94,9.87,9.87,19246
HFG.TO,20240109,21.89,21.89,21.89,21.89,413
HFIN.TO,20240109,14.75,14.75,14.69,14.74,4215
HFPC.U.TO,20240109,2.6,2.6,2.55,2.55,1967
HFR.TO,20240109,9.85,9.85,9.84,9.85,26208
HFU.TO,20240109,19.99,20.07,19.99,20.06,10350
HGD.TO,20240109,5.6,5.7,5.58,5.68,507831
HGGG.TO,20240109,25.14,25.14,25.14,25.14,200
HGR.TO,20240109,6.23,6.26,6.2,6.2,4729
HGU.TO,20240109,13.28,13.28,12.8,12.85,231322
HGY.TO,20240109,9.72,9.72,9.72,9.72,245
HHL.TO,20240109,8.18,8.27,8.18,8.2,221154
HHL.B.TO,20240109,8.9,8.9,8.86,8.86,400
HHL.U.TO,20240109,8.68,8.68,8.66,8.66,800
HHLE.TO,20240109,10.36,10.46,10.36,10.38,22588
HISU.U.TO,20240109,100.15,100.16,100.15,100.16,6975
HIU.TO,20240109,13.06,13.06,12.98,12.99,23401
HIX.TO,20240109,28.52,28.64,28.52,28.55,105884
HLF.TO,20240109,11.77,11.89,11.6,11.74,9083
HLIF.TO,20240109,8.84,8.85,8.84,8.85,700
HLIT.TO,20240109,25.3,25.3,24.98,25.01,2268
HLPR.TO,20240109,22.96,22.96,22.96,22.96,120
HMAX.TO,20240109,13.98,13.98,13.88,13.92,187696
HMM.A.TO,20240109,8.53,8.7,8.37,8.68,4129
HMMJ.TO,20240109,9.43,9.43,9.11,9.12,32054
HMP.TO,20240109,9.35,9.35,9.31,9.31,3500
HND.TO,20240109,54.34,58.5,46.51,52.68,1161270
HNU.TO,20240109,9.85,11.04,9.21,10.14,6883003
HOD.TO,20240109,9.05,9.21,8.87,9.02,949237
HOG.TO,20240109,10.29,10.38,10.29,10.38,5189
HOM.U.TO,20240109,11.63,11.8,11.58,11.77,28764
HOM.UN.TO,20240109,15.95,15.96,15.53,15.65,12617
HOT.DB.V.TO,20240109,75,80,75,80,65000
HOT.UN.TO,20240109,0.84,0.84,0.82,0.82,59475
HOU.TO,20240109,11.54,11.76,11.35,11.58,1154620
HPF.TO,20240109,3.39,3.39,3.38,3.39,5102
HPF.U.TO,20240109,4.11,4.11,4.11,4.11,500
HPR.TO,20240109,7.75,7.81,7.75,7.8,27435
HPS.A.TO,20240109,84.44,84.44,78.8,83.98,64779
HPYT.TO,20240109,11.94,12,11.94,11.96,132806
HQD.TO,20240109,16.61,16.61,16.23,16.29,292684
HQU.TO,20240109,16.29,16.66,16.27,16.59,1198520
HR.UN.TO,20240109,9.98,9.98,9.87,9.94,449345
HRAA.TO,20240109,10.98,10.98,10.98,10.98,100
HRX.TO,20240109,15.51,16.01,15.51,15.98,14063
HSAV.TO,20240109,109.89,109.89,109.73,109.76,18808
HSD.TO,20240109,22.88,22.94,22.62,22.71,391129
HSH.TO,20240109,58.6,58.6,58.32,58.4,710
HSU.TO,20240109,17.89,18.1,17.85,18.04,205788
HSUV.U.TO,20240109,108,108.07,107.96,108.02,10462
HTA.TO,20240109,16.2,16.32,16.2,16.27,32479
HTAE.TO,20240109,14.35,14.5,14.33,14.49,21991
HTB.TO,20240109,54.69,54.86,54.69,54.86,500
HTL.TO,20240109,1.33,1.41,1.33,1.38,42701
HUBL.TO,20240109,11.32,11.32,11.28,11.29,1251
HUG.TO,20240109,16.11,16.11,16.1,16.1,631
HULC.TO,20240109,75.48,75.66,75.48,75.66,901
HULC.U.TO,20240109,56.14,56.5,56.14,56.48,4200
HUM.TO,20240109,27.29,27.29,27.21,27.21,688
HUN.TO,20240109,8.95,9.18,8.95,9.1,24316
HURA.TO,20240109,34.83,36.1,34.83,36.1,4656
HUT.TO,20240109,16,16.44,15.42,15.75,797638
HUTE.TO,20240109,9.9,9.9,9.9,9.9,150
HUTL.TO,20240109,16.68,16.74,16.68,16.73,8173
HUTS.TO,20240109,12.45,12.45,12.35,12.4,12480
HUV.TO,20240109,10.88,10.88,10.52,10.53,192066
HUZ.TO,20240109,10.49,10.49,10.49,10.49,653
HWO.TO,20240109,1.18,1.2,1.18,1.2,24300
HWX.TO,20240109,6.13,6.13,5.99,6,1141112
HXCN.TO,20240109,33.34,33.51,33.34,33.51,1471
HXD.TO,20240109,6.37,6.43,6.36,6.38,438625
HXDM.TO,20240109,42.39,42.39,42.3,42.34,8205
HXDM.U.TO,20240109,31.63,31.63,31.63,31.63,100
HXE.TO,20240109,31.78,31.78,31.4,31.65,2454
HXEM.TO,20240109,32.19,32.19,32.03,32.09,2360
HXH.TO,20240109,46.94,46.94,46.59,46.65,2160
HXQ.TO,20240109,63.09,63.83,63.09,63.77,18237
HXQ.U.TO,20240109,47.66,47.66,47.66,47.66,200
HXS.TO,20240109,64.39,64.78,64.38,64.72,70718
HXS.U.TO,20240109,48.1,48.1,48.1,48.1,100
HXT.TO,20240109,53.64,53.64,53.32,53.56,172703
HXU.TO,20240109,20.32,20.32,20.13,20.26,32883
HXX.TO,20240109,44.9,44.9,44.9,44.9,432
HYBR.TO,20240109,8.05,8.05,8.05,8.05,113
HYDR.TO,20240109,9.32,9.32,9.32,9.32,401
HYI.TO,20240109,7.53,7.53,7.51,7.53,5108
HYLD.TO,20240109,12.35,12.37,12.3,12.34,86723
HYLD.U.TO,20240109,12.57,12.61,12.56,12.6,1786
HZD.TO,20240109,15.02,15.28,15.02,15.23,16100
HZM.TO,20240109,0.235,0.235,0.22,0.22,285650
HZU.TO,20240109,18.73,18.73,18.37,18.47,60489
IAF.PR.B.TO,20240109,20.4,20.4,20.4,20.4,4400
IAG.TO,20240109,88.3,88.51,87.19,88.14,218629
IAU.TO,20240109,2.07,2.08,1.99,1.99,317647
IBG.DB.E.TO,20240109,99.01,100,99.01,100,12000
ICE.TO,20240109,4,4,4,4,5000
ICPB.TO,20240109,9.36,9.36,9.33,9.33,23800
IDG.TO,20240109,1.67,1.68,1.65,1.65,5601
IE.TO,20240109,12.91,13.17,12.73,12.73,1976
IFA.TO,20240109,1.22,1.24,1.22,1.24,4700
IFC.TO,20240109,204.23,204.23,201.14,202.3,257735
IFC.PR.A.TO,20240109,17.95,17.98,17.95,17.98,3370
IFC.PR.C.TO,20240109,18.65,18.7,18.6,18.6,1555
IFC.PR.F.TO,20240109,20.45,20.66,20.45,20.66,300
IFC.PR.I.TO,20240109,21.51,21.55,21.51,21.52,5400
IFP.TO,20240109,23.89,24.59,23.88,24.51,112966
IFRF.TO,20240109,8.73,8.73,8.68,8.68,12100
IGB.TO,20240109,17.82,17.82,17.82,17.82,100
IGBT.UN.TO,20240109,10.01,10.01,10.01,10.01,3000
IGM.TO,20240109,35.23,35.38,34.98,35.15,155317
IGX.TO,20240109,0.2,0.21,0.185,0.185,43248
III.TO,20240109,2.39,2.43,2.35,2.43,9854
IIMF.TO,20240109,20.52,20.52,20.52,20.52,700
IIP.UN.TO,20240109,13.07,13.17,13,13.08,198994
ILLM.TO,20240109,1.55,1.71,1.55,1.66,73765
IMG.TO,20240109,3.19,3.25,3.15,3.16,577550
IMO.TO,20240109,77.47,78,75.81,77.92,1217199
INC.UN.TO,20240109,7.2,7.85,7.1,7.21,3499
INE.TO,20240109,9.15,9.27,9.08,9.22,851578
INE.DB.B.TO,20240109,97,97,96,97,95000
INE.DB.C.TO,20240109,91.75,92.5,91.73,92.5,634000
INE.PR.A.TO,20240109,12.03,12.22,12.02,12.22,2100
INO.UN.TO,20240109,1.7,1.77,1.63,1.72,214115
IPCO.TO,20240109,15.1,15.33,15.05,15.06,32288
IPO.TO,20240109,2.25,2.3,2.24,2.29,127672
IQD.B.TO,20240109,28.31,28.31,28.31,28.31,147
ISV.TO,20240109,23.22,23.41,22.9,23.21,1701
ITE.TO,20240109,0.17,0.17,0.17,0.17,9683
ITH.TO,20240109,0.89,0.89,0.87,0.87,5000
IUAE.TO,20240109,20.49,20.49,20.32,20.32,1700
IUMF.TO,20240109,20.44,20.44,20.39,20.39,300
IUMF.F.TO,20240109,20,20,20,20,500
IVN.TO,20240109,13.25,13.38,13.05,13.35,1432176
IVQ.TO,20240109,0.34,0.35,0.34,0.35,1500
IVQ.DB.U.TO,20240109,40.01,40.01,40,40,14000
IVQ.DB.V.TO,20240109,40,40,40,40,69000
IVQ.U.TO,20240109,0.27,0.27,0.265,0.265,3050
IXTE.TO,20240109,19.22,19.22,19.16,19.21,500
JAG.TO,20240109,1.7,1.7,1.63,1.64,6618
JAPN.TO,20240109,40.64,40.64,40.64,40.64,107
JFS.UN.TO,20240109,24.52,24.55,24.44,24.55,3800
JOY.TO,20240109,3.73,3.77,3.65,3.72,61569
JWEL.TO,20240109,30.3,30.7,30.27,30.54,24168
K.TO,20240109,7.59,7.62,7.44,7.51,3470105
KBL.TO,20240109,33.43,33.79,33.32,33.46,3031
KEC.TO,20240109,11.29,11.4,11.2,11.2,842
KEG.UN.TO,20240109,14.14,14.16,13.99,14.16,4343
KEI.TO,20240109,4.87,4.9,4.71,4.9,3904
KEL.TO,20240109,5.7,5.84,5.66,5.78,347261
KEY.TO,20240109,31.72,32.03,31.42,32,488293
KILO.TO,20240109,30.29,30.31,30.21,30.21,1084
KILO.B.TO,20240109,32.5,32.5,32.4,32.42,600
KITS.TO,20240109,6.3,6.34,6.3,6.34,270
KLS.TO,20240109,0.22,0.22,0.22,0.22,1000
KMP.UN.TO,20240109,18.15,18.39,18.04,18.34,198141
KNT.TO,20240109,6.35,6.86,6.35,6.81,1143629
KPT.TO,20240109,9.02,9.02,8.96,8.96,4747
KRN.TO,20240109,0.19,0.19,0.16,0.16,16800
KRR.TO,20240109,4.4,4.44,4.35,4.41,144855
KSI.TO,20240109,3.01,3.01,2.95,2.95,44225
KXS.TO,20240109,139.93,144.77,139.75,143,60958
L.TO,20240109,127.15,127.35,126.38,126.58,505896
L.PR.B.TO,20240109,21.49,21.5,20.96,21.2,19930
LAAC.TO,20240109,8.02,8.12,7.97,7.98,112952
LABS.TO,20240109,0.07,0.075,0.07,0.075,103090
LAC.TO,20240109,8.1,8.17,7.98,8,235350
LAM.TO,20240109,0.65,0.74,0.65,0.71,792241
LAS.A.TO,20240109,140,140,139.9,140,526
LB.TO,20240109,27.39,27.43,27.15,27.33,149216
LB.PR.H.TO,20240109,15.61,15.75,15.51,15.7,13188
LBS.TO,20240109,7.95,7.95,7.79,7.88,80229
LBS.PR.A.TO,20240109,9.88,9.91,9.86,9.91,162650
LCFS.TO,20240109,8.59,8.9,8.21,8.9,9890
LCS.TO,20240109,6.4,6.4,6.29,6.32,16938
LCS.PR.A.TO,20240109,10.12,10.12,10.12,10.12,500
LEAD.B.TO,20240109,17.85,17.86,17.85,17.86,448
LEV.TO,20240109,2.39,2.45,2.33,2.41,231906
LEV.WT.TO,20240109,0.08,0.08,0.08,0.08,5000
LEV.WT.A.TO,20240109,0.59,0.59,0.55,0.55,2000
LFE.TO,20240109,4.22,4.26,4.18,4.25,7000
LFE.PR.B.TO,20240109,10.14,10.14,10.13,10.14,4000
LGD.TO,20240109,0.3,0.3,0.2825,0.2875,144931
LGO.TO,20240109,3.18,3.3,3.1,3.29,68739
LIF.TO,20240109,31.94,31.98,31.67,31.77,155900
LIFE.TO,20240109,21.44,21.58,21.37,21.46,15705
LIRC.TO,20240109,8,8.09,7.97,7.97,16899
LN.TO,20240109,0.365,0.365,0.355,0.355,8508
LNF.TO,20240109,19.47,19.54,19.25,19.5,11495
LNR.TO,20240109,63,63.37,62.55,62.75,76765
LPAY.TO,20240109,28.67,28.67,28.66,28.66,413
LPEN.TO,20240109,0.195,0.195,0.185,0.185,59566
LSPD.TO,20240109,24.96,25.93,24.96,25.5,667829
LSPK.TO,20240109,0.74,0.75,0.72,0.72,13500
LUC.TO,20240109,0.39,0.39,0.38,0.39,21638
LUG.TO,20240109,15.74,15.74,15.41,15.5,122751
LUN.TO,20240109,10.82,10.83,10.44,10.53,1570218
MAG.TO,20240109,13.47,13.47,12.99,13.17,249751
MAL.TO,20240109,7.74,7.74,7.64,7.7,3459
MARI.TO,20240109,3.16,3.25,3.16,3.19,7100
MATR.TO,20240109,14.55,14.63,14.25,14.61,65177
MBAL.TO,20240109,22.15,22.15,22.15,22.15,100
MBX.TO,20240109,0.39,0.39,0.385,0.385,328791
MCAD.TO,20240109,100.18,100.18,100.18,100.18,137
MCB.TO,20240109,1.98,1.98,1.98,1.98,1001
MCLC.TO,20240109,35,35,35,35,100
MCSB.TO,20240109,19.17,19.17,19.17,19.17,900
MCSM.TO,20240109,35.78,35.78,35.76,35.76,337
MDA.TO,20240109,11.4,11.41,11.01,11.02,101478
MDF.TO,20240109,4.16,4.2,4.12,4.12,6208
MDI.TO,20240109,8.96,9.04,8.93,8.95,33577
MDIV.TO,20240109,13.93,13.93,13.93,13.93,1400
MDNA.TO,20240109,0.44,0.465,0.43,0.435,43520
MDP.TO,20240109,3.15,3.15,2.78,2.85,106308
MDVD.TO,20240109,22.43,22.44,22.4,22.41,1400
MEE.TO,20240109,24.5,24.5,24.5,24.5,819
MEG.TO,20240109,24.36,24.36,23.36,23.41,2106696
MESH.TO,20240109,7.32,7.37,7.31,7.37,14363
MFC.TO,20240109,29.17,29.17,28.81,28.86,2677330
MFC.PR.B.TO,20240109,19.13,19.15,19.13,19.15,1955
MFC.PR.C.TO,20240109,18.65,18.68,18.49,18.63,9162
MFC.PR.F.TO,20240109,14.55,14.55,14.55,14.55,20000
MFC.PR.I.TO,20240109,22.93,22.93,22.8,22.8,520
MFC.PR.K.TO,20240109,22.99,23,22.9,22.9,3300
MFC.PR.L.TO,20240109,19.62,19.63,19.62,19.63,1300
MFC.PR.M.TO,20240109,18.9,19,18.77,18.9,26400
MFC.PR.Q.TO,20240109,22.56,22.56,22.56,22.56,100
MFI.TO,20240109,24.95,25.28,24.85,25.13,82938
MFT.TO,20240109,17.3,17.37,17.25,17.37,25652
MG.TO,20240109,75.91,76.61,75.32,75.34,349872
MGA.TO,20240109,0.39,0.43,0.385,0.415,1141649
MGB.TO,20240109,16.39,16.39,16.37,16.39,1721
MHC.U.TO,20240109,16.02,16.06,16.02,16.06,1809
MHCD.TO,20240109,11.08,11.23,11.08,11.16,6912
MI.UN.TO,20240109,16,16.17,15.87,16.04,53201
MIC.PR.A.TO,20240109,18.47,18.47,18.46,18.46,600
MID.UN.TO,20240109,6.46,6.46,6.45,6.45,2800
MIN.TO,20240109,0.16,0.16,0.15,0.15,18000
MINF.TO,20240109,8.94,8.99,8.94,8.99,1200
MINN.TO,20240109,15.34,15.74,15.34,15.74,2685
MINT.TO,20240109,34.69,34.69,34.69,34.69,100
MINT.B.TO,20240109,30.92,30.92,30.92,30.92,1600
MKB.TO,20240109,18.92,18.94,18.89,18.93,4381
MKC.TO,20240109,31.39,31.58,31.39,31.58,1615
MKP.TO,20240109,16.1,16.23,15.88,16.16,26505
MKZ.UN.TO,20240109,0.36,0.365,0.35,0.35,17500
MMP.UN.TO,20240109,1.64,1.64,1.61,1.62,706
MND.TO,20240109,1.87,1.92,1.86,1.9,4700
MNO.TO,20240109,0.37,0.37,0.35,0.35,53800
MNS.TO,20240109,16.73,16.86,16.7,16.7,1500
MNT.TO,20240109,26.89,27.13,26.78,27,20341
MNU.U.TO,20240109,100.14,100.14,100.14,100.14,100
MNY.TO,20240109,100.13,100.13,100.13,100.13,992
MOGO.TO,20240109,2.62,2.62,2.5,2.55,12941
MPAY.TO,20240109,27.76,27.76,27.73,27.73,401
MPC.C.TO,20240109,5.42,5.42,5.42,5.42,200
MPCT.UN.TO,20240109,7.48,7.48,7.1,7.17,25208
MPVD.TO,20240109,0.28,0.28,0.27,0.275,32200
MPY.TO,20240109,9.08,9.08,9.08,9.08,300
MR.DB.B.TO,20240109,96,97.7,96,97.7,48000
MR.UN.TO,20240109,4.5,4.62,4.5,4.59,6255
MRC.TO,20240109,113.25,113.28,112.28,112.28,626
MRD.TO,20240109,11.35,11.35,11.3,11.32,5845
MRE.TO,20240109,14.05,14.18,13.81,13.85,227777
MREL.TO,20240109,12.09,12.09,12.05,12.05,5119
MRG.DB.B.TO,20240109,98.51,99.74,98.5,99.74,12000
MRG.UN.TO,20240109,15.04,15.14,15.03,15.08,6075
MRT.DB.A.TO,20240109,92.4,92.5,92.4,92.5,90000
MRT.UN.TO,20240109,5.48,5.56,5.48,5.51,9013
MRU.TO,20240109,67.64,68.01,67.31,67.77,271007
MSA.TO,20240109,0.66,0.67,0.65,0.67,7012
MSRE.UN.TO,20240109,7.26,7.94,7.26,7.28,5000
MSV.TO,20240109,0.18,0.18,0.18,0.18,20000
MTL.TO,20240109,14.3,14.3,14.06,14.1,171217
MTY.TO,20240109,56,56,55.47,55.62,13393
MUB.TO,20240109,18.14,18.18,18.14,18.17,47817
MULC.TO,20240109,44.1,44.1,44.1,44.1,100
MULC.B.TO,20240109,47.76,47.76,47.72,47.72,200
MUMC.B.TO,20240109,42.41,42.41,42.37,42.37,366
MUS.TO,20240109,33.54,33.63,33.54,33.6,5400
MUX.TO,20240109,9.25,9.25,8.88,8.94,18766
MVP.TO,20240109,1.43,1.43,1.4,1.4,10400
MWD.TO,20240109,27.36,27.37,27.35,27.37,2200
MX.TO,20240109,61.2,61.55,60.26,60.78,49320
MXG.TO,20240109,4.54,4.69,4.54,4.67,4250
MXU.TO,20240109,21.28,21.29,21.28,21.29,1100
NA.TO,20240109,101.18,101.18,100.28,100.77,1689074
NA.PR.C.TO,20240109,25.33,25.44,25.31,25.32,1500
NA.PR.E.TO,20240109,21.5,21.5,21.46,21.46,200
NA.PR.G.TO,20240109,24.56,24.6,24.4,24.44,10425
NA.PR.S.TO,20240109,19.8,19.81,19.75,19.77,12351
NA.PR.W.TO,20240109,18.15,18.25,18.15,18.25,215
NALT.TO,20240109,23.07,23.07,23,23,2822
NANO.TO,20240109,2.29,2.3,2.24,2.3,61051
NB.TO,20240109,4.08,4.08,4.01,4.05,6647
NBLY.TO,20240109,16.33,16.33,15.85,15.89,75363
NCP.TO,20240109,0.015,0.015,0.015,0.015,1083500
NCU.TO,20240109,0.135,0.135,0.135,0.135,90642
NDM.TO,20240109,0.345,0.385,0.3425,0.37,467717
NEO.TO,20240109,8.2,8.21,7.83,7.84,80851
NEXT.TO,20240109,1.15,1.15,1.07,1.12,33785
NFI.TO,20240109,13.3,14.03,13.3,13.71,153653
NFI.DB.TO,20240109,86.01,86.01,85,86,35000
NG.TO,20240109,4.92,4.92,4.77,4.77,154027
NGD.TO,20240109,1.86,1.87,1.79,1.8,978696
NGPE.TO,20240109,40.06,40.06,40.06,40.06,280
NGT.TO,20240109,53.25,53.25,51.69,51.77,232427
NHYB.TO,20240109,21.36,21.37,21.36,21.37,1001
NINT.TO,20240109,24.04,24.04,24.04,24.04,600
NOA.TO,20240109,27.28,28.12,27,27.71,77140
NOA.DB.A.TO,20240109,120.07,123,120.07,123,9000
NOA.DB.B.TO,20240109,120.5,120.5,120.5,120.5,13000
NOVB.F.TO,20240109,38.56,38.56,38.56,38.56,750
NOVC.TO,20240109,0.96,0.96,0.94,0.94,2172
NPI.TO,20240109,24.67,25.03,24.44,24.89,1264829
NPI.PR.A.TO,20240109,16.3,16.44,16.3,16.35,631
NPI.PR.B.TO,20240109,17.5,17.89,17.5,17.89,2300
NPK.TO,20240109,1.37,1.38,1.33,1.33,20238
NRR.UN.TO,20240109,14.12,14.2,14.01,14.01,6402
NSCB.TO,20240109,22.21,22.21,22.21,22.21,101
NSCC.TO,20240109,21.78,21.82,21.78,21.82,1000
NTR.TO,20240109,73.83,73.84,71.34,71.36,1578601
NUAG.TO,20240109,2.26,2.31,2.19,2.31,23169
NUBF.TO,20240109,21.26,21.3,21.23,21.23,12890
NUMI.TO,20240109,0.195,0.195,0.175,0.18,725193
NUSA.TO,20240109,37.05,37.17,37.05,37.08,2000
NVA.TO,20240109,10.85,10.99,10.69,10.93,242061
NVEI.TO,20240109,33.75,33.92,32.87,33.01,307791
NVO.TO,20240109,0.175,0.175,0.17,0.175,4227
NWC.TO,20240109,39.27,39.74,39.12,39.46,30573
NWH.DB.G.TO,20240109,98.25,98.99,98.25,98.9,631000
NWH.DB.H.TO,20240109,82,82,80.02,82,90000
NWH.DB.I.TO,20240109,84,84,84,84,2000
NWH.UN.TO,20240109,5.27,5.28,5.15,5.15,618412
NXE.TO,20240109,8.8,9.61,8.75,9.44,2362925
NXF.TO,20240109,6.03,6.04,5.97,5.97,47428
NXF.B.TO,20240109,7.71,7.71,7.65,7.65,8822
NXR.UN.TO,20240109,8.6,8.6,8.34,8.35,116260
OBE.TO,20240109,9.04,9.15,8.9,8.93,207644
OGC.TO,20240109,2.47,2.51,2.45,2.46,529770
OGD.TO,20240109,0.56,0.57,0.56,0.56,22475
OGI.TO,20240109,1.88,1.9,1.81,1.82,101594
OLA.TO,20240109,4.19,4.22,4.16,4.22,437112
OLY.TO,20240109,94.7,95,94.7,94.85,1001
ONC.TO,20240109,1.84,1.84,1.6,1.66,222861
ONEB.TO,20240109,48.21,48.21,48.21,48.21,150
ONEC.TO,20240109,20.52,20.52,20.52,20.52,800
ONEX.TO,20240109,87.01,89.45,86.69,89.21,83072
OPT.TO,20240109,2.94,2.94,2.94,2.94,100
OR.TO,20240109,18.47,18.56,18.21,18.48,143858
ORA.TO,20240109,9.08,9.2,8.92,9.03,11569
ORE.TO,20240109,0.86,0.88,0.86,0.88,10499
OSK.TO,20240109,2.61,2.64,2.55,2.57,1309886
OTEX.TO,20240109,54.78,55.12,54.44,54.75,487506
OVV.TO,20240109,56.9,56.9,55.81,56.19,78965
PAAS.TO,20240109,20.7,20.7,20.21,20.33,365829
PABF.TO,20240109,21.49,21.52,21.48,21.52,37572
PACF.TO,20240109,21.3,21.31,21.3,21.31,3800
PAGF.TO,20240109,21.7,21.74,21.7,21.74,19900
PAY.TO,20240109,6.65,6.65,6.42,6.48,72353
PAYF.TO,20240109,18.29,18.29,18.29,18.29,100
PBH.TO,20240109,94.75,95.05,93.77,93.98,29458
PBH.DB.G.TO,20240109,97.75,97.76,97.51,97.51,93000
PBH.DB.H.TO,20240109,93.9,94,92.5,92.55,259000
PBH.DB.I.TO,20240109,94,94.15,93.52,94,354000
PBI.B.TO,20240109,45.02,45.14,45.02,45.14,200
PBL.TO,20240109,33.2,33.78,32.92,32.92,22483
PBY.UN.TO,20240109,14.35,14.36,14.34,14.36,7400
PCOR.TO,20240109,18.05,18.05,18.05,18.05,100
PD.TO,20240109,71.48,71.49,70.05,70.5,54503
PDC.TO,20240109,30.66,30.66,30.4,30.45,11813
PDF.TO,20240109,30.45,30.45,30.31,30.33,10919
PDIV.TO,20240109,9.5,9.5,9.43,9.44,3950
PDV.TO,20240109,6.95,7.1,6.76,6.76,761
PEA.TO,20240109,0.37,0.435,0.37,0.425,170559
PET.TO,20240109,28.68,28.77,27.87,28.66,29297
PEY.TO,20240109,13.04,13.27,12.92,13.12,973150
PFAA.TO,20240109,10.5,10.51,10.5,10.51,878
PFAE.TO,20240109,16.17,16.27,16.17,16.27,792
PFH.F.TO,20240109,17.83,17.83,17.82,17.83,600
PFIA.TO,20240109,9.66,9.69,9.66,9.66,11799
PFL.TO,20240109,19.62,19.63,19.62,19.62,42926
PFLS.TO,20240109,15.56,15.68,15.56,15.67,1200
PFMN.TO,20240109,13.48,13.48,13.45,13.46,6700
PFMS.TO,20240109,11.54,11.54,11.53,11.53,300
PGI.UN.TO,20240109,7.42,7.46,7.28,7.41,28313
PHR.TO,20240109,19.2,19.2,19.2,19.2,203
PHX.TO,20240109,8.21,8.37,8.15,8.31,68232
PHYS.TO,20240109,21.13,21.13,21,21.07,26607
PHYS.U.TO,20240109,15.71,15.71,15.68,15.71,1400
PIC.A.TO,20240109,5.08,5.08,4.96,5,70804
PIC.PR.A.TO,20240109,14.14,14.25,14.14,14.22,10900
PID.TO,20240109,21.52,21.52,21.52,21.52,1150
PIF.TO,20240109,13.33,13.33,13,13.19,25200
PIN.TO,20240109,17.12,17.12,17.12,17.12,400
PINC.TO,20240109,17.58,17.58,17.58,17.58,100
PIX.UN.TO,20240109,7.67,7.69,7.58,7.58,17230
PKI.TO,20240109,43.49,44.07,43.14,44.07,512962
PLC.TO,20240109,19.18,19.23,18.92,18.99,66000
PLC.DB.TO,20240109,99.75,99.75,99.5,99.5,14897
PLDI.TO,20240109,18.8,18.8,18.79,18.79,1200
PLV.TO,20240109,22.56,22.56,22.56,22.56,1200
PLZ.UN.TO,20240109,3.85,3.88,3.81,3.85,29135
PMB.UN.TO,20240109,6.85,6.85,6.84,6.84,3500
PME.TO,20240109,2.25,2.26,2.24,2.24,603
PMIF.TO,20240109,18.03,18.08,18.01,18.07,72010
PMM.TO,20240109,20.62,20.62,20.62,20.62,100
PMT.TO,20240109,0.45,0.45,0.45,0.45,1500
PMZ.UN.TO,20240109,13.97,14.07,13.86,13.88,77470
PNC.A.TO,20240109,1.25,1.35,1.25,1.35,500
PNE.TO,20240109,1.47,1.48,1.44,1.48,194722
PNP.TO,20240109,4.05,4.08,4.05,4.08,2350
POU.TO,20240109,25.67,26.15,25.65,26,164943
POW.TO,20240109,38.27,38.47,37.96,38.25,1803338
POW.PR.A.TO,20240109,21.66,21.66,21.34,21.47,768
POW.PR.B.TO,20240109,20.4,20.47,20.4,20.4,2923
POW.PR.C.TO,20240109,23.24,23.25,23.01,23.01,1000
POW.PR.G.TO,20240109,21.2,21.21,21.2,21.2,2400
PPL.TO,20240109,45.88,45.93,45.2,45.37,2881062
PPL.PF.A.TO,20240109,20.86,20.86,20.84,20.84,1185
PPL.PF.E.TO,20240109,21.55,21.7,21.55,21.7,5418
PPL.PR.A.TO,20240109,19.9,19.99,19.85,19.89,14536
PPL.PR.C.TO,20240109,18.7,18.7,18.4,18.4,7308
PPL.PR.E.TO,20240109,19.15,19.15,19,19,13500
PPL.PR.G.TO,20240109,17.55,17.55,17.55,17.55,461
PPL.PR.I.TO,20240109,20.16,20.24,20.15,20.24,10100
PPL.PR.O.TO,20240109,20.03,20.06,19.81,20.03,7700
PPL.PR.Q.TO,20240109,19.66,19.66,19.52,19.52,7050
PPL.PR.S.TO,20240109,22.36,22.39,22.36,22.39,55300
PPL.R.TO,20240109,44.27,45.29,44.27,44.83,626747
PPR.TO,20240109,0.065,0.065,0.06,0.06,37000
PPTA.TO,20240109,4.41,4.55,4.33,4.55,15963
PRA.TO,20240109,26.43,26.43,26.43,26.43,597
PRB.TO,20240109,1.46,1.51,1.46,1.48,98966
PRL.TO,20240109,12.89,13,12.66,12.69,11340
PRM.TO,20240109,14.7,14.75,14.7,14.7,2401
PRMW.TO,20240109,19.89,20.08,19.81,19.96,81871
PRN.TO,20240109,10.31,10.37,9.71,9.79,18097
PRQ.TO,20240109,1.29,1.32,1.29,1.32,23000
PRU.TO,20240109,1.57,1.57,1.55,1.55,3300
PRV.UN.TO,20240109,5.21,5.29,5.17,5.24,116652
PRYM.TO,20240109,1.46,1.57,1.46,1.55,47666
PSA.TO,20240109,50.06,50.07,50.06,50.06,89265
PSB.TO,20240109,17.14,17.18,17.14,17.18,8274
PSD.TO,20240109,1.93,1.95,1.9,1.9,6808
PSI.TO,20240109,15.16,15.34,15.03,15.14,131635
PSK.TO,20240109,23.37,23.82,23.24,23.77,437910
PSLV.TO,20240109,10.53,10.56,10.43,10.45,37807
PSU.U.TO,20240109,100.14,100.14,100.13,100.13,4081
PTI.UN.TO,20240109,6.34,6.47,6.34,6.45,25427
PTM.TO,20240109,1.6,1.61,1.57,1.58,7325
PTO.UN.TO,20240109,6.81,6.85,6.81,6.82,12793
PVS.PR.F.TO,20240109,24.6,24.6,24.6,24.6,2000
PVS.PR.G.TO,20240109,24,24,23.95,23.95,2300
PVS.PR.H.TO,20240109,23.75,23.75,23.5,23.5,980
PVS.PR.I.TO,20240109,24.1,24.2,24.1,24.1,1900
PVS.PR.J.TO,20240109,22.31,22.31,22.31,22.31,400
PVS.PR.K.TO,20240109,22.59,22.59,22.59,22.59,500
PWF.PF.A.TO,20240109,17.32,17.64,17.32,17.64,3200
PWF.PR.A.TO,20240109,12.84,12.85,12.8,12.8,800
PWF.PR.E.TO,20240109,20.9,20.9,20.72,20.78,1200
PWF.PR.F.TO,20240109,19.95,20.01,19.95,20.01,8700
PWF.PR.G.TO,20240109,23,23.39,22.88,22.9,11801
PWF.PR.H.TO,20240109,21.75,21.75,21.5,21.55,5504
PWF.PR.K.TO,20240109,18.96,18.96,18.94,18.95,3600
PWF.PR.O.TO,20240109,22,22.05,21.99,21.99,605
PWF.PR.P.TO,20240109,14.5,14.5,14.21,14.34,165741
PWF.PR.Q.TO,20240109,15.05,15.3,15.05,15.3,7415
PWF.PR.R.TO,20240109,20.76,20.87,20.76,20.87,600
PWF.PR.S.TO,20240109,18.3,18.41,18.3,18.4,3300
PWF.PR.T.TO,20240109,20.15,20.15,19.85,19.85,23100
PWI.TO,20240109,6.2,6.25,6.14,6.25,6039
PWI.PR.A.TO,20240109,9.95,10.03,9.95,10.03,500
PXC.TO,20240109,35.47,35.56,35.47,35.56,4300
PXS.TO,20240109,40.85,40.85,40.85,40.85,666
PXT.TO,20240109,24.7,24.7,24.32,24.5,164389
PYF.TO,20240109,17.27,17.27,17.25,17.25,2561
PYF.U.TO,20240109,19.29,19.29,19.29,19.29,400
PYR.TO,20240109,0.58,0.6,0.56,0.56,45229
PZA.TO,20240109,14.89,14.91,14.78,14.9,18902
PZW.TO,20240109,30.98,30.98,30.98,30.98,100
QAH.TO,20240109,156.73,157.24,156.73,157.24,203
QASH.TO,20240109,50.15,50.15,50.15,50.15,4454
QBB.TO,20240109,92.23,92.23,92.16,92.16,1300
QBR.A.TO,20240109,34.48,36.3,34.48,35.8,3106
QBR.B.TO,20240109,31.65,31.92,31.39,31.83,290982
QBTC.TO,20240109,63.3,64,63.1,63.5,22738
QBTC.U.TO,20240109,47.78,47.78,47.19,47.37,4280
QBTL.TO,20240109,17.89,17.92,17.84,17.92,2400
QCD.TO,20240109,32.3,32.36,32.3,32.36,700
QCE.TO,20240109,127.84,127.99,127.79,127.79,400
QCLN.TO,20240109,17.18,17.18,16.97,17.05,6300
QCN.TO,20240109,127.14,127.72,127.14,127.67,1802
QDX.TO,20240109,107.87,107.94,107.87,107.94,1700
QDXH.TO,20240109,121.19,121.2,121.19,121.19,600
QEC.TO,20240109,0.18,0.18,0.18,0.18,4500
QETH.U.TO,20240109,35.89,36.65,35.89,36.27,2163
QETH.UN.TO,20240109,49.65,49.65,48.1,48.21,6887
QHY.TO,20240109,84.94,84.94,84.94,84.94,300
QIE.TO,20240109,29.71,29.71,29.71,29.71,800
QIPT.TO,20240109,6.57,6.66,6.55,6.64,20404
QMAX.TO,20240109,17.8,18.03,17.8,17.99,29690
QQC.TO,20240109,26.34,26.62,26.34,26.6,33345
QQC.F.TO,20240109,131.93,133.28,131.79,133.1,5637
QQCC.TO,20240109,10.94,11.05,10.94,11.03,23152
QQCE.TO,20240109,22.29,22.49,22.29,22.4,1802
QQCL.TO,20240109,20.36,20.57,20.36,20.57,1926
QQEQ.TO,20240109,24.22,24.36,24.22,24.36,900
QQEQ.F.TO,20240109,21.42,21.52,21.42,21.52,500
QQJE.TO,20240109,17,17.01,16.93,16.93,600
QQQT.TO,20240109,23.03,23.07,23.03,23.07,909
QQQT.B.TO,20240109,23.44,23.44,23.44,23.44,193
QQQY.TO,20240109,22.67,22.96,22.67,22.89,24068
QRC.TO,20240109,0.77,0.8,0.75,0.8,105577
QSR.TO,20240109,103.81,104.62,103.38,104.35,343350
QTLT.TO,20240109,104.41,104.41,104.17,104.17,1400
QTRH.TO,20240109,1.95,1.95,1.92,1.92,30120
QUB.TO,20240109,82.47,82.47,82.47,82.47,200
QUIG.TO,20240109,86.66,86.7,86.66,86.7,3145
QUS.TO,20240109,46.34,46.34,46.34,46.34,500
QUU.TO,20240109,181.63,182.12,181.63,182.12,432
QXM.TO,20240109,26.55,26.55,26.55,26.55,125
RA.UN.TO,20240109,7.35,7.35,7.35,7.35,600
RATE.TO,20240109,20.57,20.57,20.56,20.56,2067
RAY.A.TO,20240109,6.1,6.25,6.1,6.2,37548
RAY.B.TO,20240109,6.14,6.2,6.13,6.2,965
RBA.TO,20240109,87.62,87.87,86.91,86.97,77276
RBN.UN.TO,20240109,7.55,7.6,7.55,7.55,17500
RBNK.TO,20240109,24.12,24.12,23.89,23.92,11418
RBO.TO,20240109,18.17,18.17,18.15,18.17,4661
RBOT.TO,20240109,26.87,26.91,26.87,26.91,944
RBY.TO,20240109,1.98,2.05,1.98,2.04,6550
RCD.TO,20240109,25.29,25.29,25.09,25.17,2495
RCDC.TO,20240109,19.54,19.54,19.54,19.54,100
RCG.TO,20240109,8.15,8.69,8.15,8.59,12243
RCG.PR.B.TO,20240109,10.6,10.6,10.6,10.6,148
RCH.TO,20240109,45.79,46.06,45.59,45.72,28124
RCI.A.TO,20240109,63.24,63.24,63.06,63.2,2002
RCI.B.TO,20240109,62.82,63.25,62.55,63.22,1156708
REAL.TO,20240109,6.47,6.47,6.2,6.29,35239
REI.UN.TO,20240109,19.05,19.14,18.93,18.93,646945
RGQL.TO,20240109,20.19,20.19,20.19,20.19,100
RIB.UN.TO,20240109,13.39,13.39,13.09,13.15,2087
RID.TO,20240109,24.28,24.28,24.28,24.28,203
RIFI.TO,20240109,17.88,17.88,17.85,17.85,400
RIIN.TO,20240109,18.49,18.49,18.49,18.49,100
RIT.TO,20240109,16.17,16.17,16.07,16.1,13635
RLB.TO,20240109,18.2,18.22,18.2,18.22,2600
ROOT.TO,20240109,2.35,2.41,2.35,2.41,5100
RPF.TO,20240109,18.29,18.36,18.25,18.31,11651
RPI.UN.TO,20240109,34.9,35.51,34.9,34.99,5050
RQL.TO,20240109,20.17,20.18,20.17,20.17,10542
RQN.TO,20240109,20.01,20.02,20,20.02,23619
RQO.TO,20240109,18.13,18.15,18.13,18.15,6776
RQP.TO,20240109,17.67,17.69,17.67,17.69,3861
RQQ.TO,20240109,21.24,21.26,21.23,21.25,6800
RQR.TO,20240109,21.18,21.18,21.17,21.17,3700
RS.TO,20240109,12.95,13,12.89,12.89,11368
RS.PR.A.TO,20240109,9.6,9.6,9.6,9.6,425
RSI.TO,20240109,5.4,5.47,5.39,5.45,90431
RSI.DB.E.TO,20240109,99.1,99.25,99.1,99.25,82000
RSI.DB.F.TO,20240109,97.81,98.5,97.8,98.5,20999
RTG.TO,20240109,0.025,0.025,0.025,0.025,14000
RUD.TO,20240109,55.9,55.9,55.65,55.83,1446
RUD.U.TO,20240109,41.57,41.73,41.57,41.6,800
RUDB.TO,20240109,20.09,20.1,20.09,20.1,526
RUP.TO,20240109,3.95,3.95,3.78,3.84,15915
RUS.TO,20240109,43.98,44.38,43.87,44.17,124882
RUSB.TO,20240109,20.23,20.23,20.23,20.23,100
RUSB.U.TO,20240109,15.16,15.16,15.16,15.16,1000
RY.TO,20240109,135.03,135.63,134.24,135.33,6545225
RY.PR.H.TO,20240109,19.1,19.2,19.1,19.2,18383
RY.PR.J.TO,20240109,19.74,19.75,19.65,19.73,5296
RY.PR.M.TO,20240109,18.9,19,18.9,18.99,8494
RY.PR.N.TO,20240109,22.34,22.4,22.34,22.4,800
RY.PR.O.TO,20240109,21.85,22.25,21.85,22.25,3260
RY.PR.S.TO,20240109,22.57,22.71,22.57,22.6,8252
RY.PR.Z.TO,20240109,20,20.06,19.99,20.03,23399
S.TO,20240109,0.325,0.325,0.315,0.325,52301
SAM.TO,20240109,0.095,0.095,0.095,0.095,1000
SAP.TO,20240109,26.77,26.9,26.64,26.68,382872
SAU.TO,20240109,0.085,0.085,0.085,0.085,310000
SBC.TO,20240109,9.44,9.44,9.23,9.33,25225
SBC.PR.A.TO,20240109,9.83,9.83,9.81,9.81,3100
SBT.B.TO,20240109,16.4,16.4,16.4,16.4,153
SCR.TO,20240109,22.38,22.48,22.03,22.36,11160
SCY.TO,20240109,0.025,0.03,0.025,0.03,1794053
SDE.TO,20240109,2.94,3.04,2.85,3.03,299964
SEA.TO,20240109,15.16,15.21,14.97,15.02,42751
SES.TO,20240109,9.64,9.83,9.47,9.77,707329
SFC.TO,20240109,6.47,6.55,6.47,6.55,3270
SFD.TO,20240109,0.17,0.17,0.155,0.155,13750
SFI.TO,20240109,0.3,0.3,0.3,0.3,10000
SFTC.TO,20240109,15.71,16.08,15.71,16.08,10811
SGLD.TO,20240109,0.13,0.13,0.125,0.125,46450
SGNL.TO,20240109,0.125,0.125,0.115,0.12,524639
SGR.U.TO,20240109,9.18,9.18,9.18,9.18,1474
SGR.UN.TO,20240109,12.39,12.39,12.23,12.3,98317
SGY.TO,20240109,6.49,6.49,6.31,6.38,327215
SGY.DB.B.TO,20240109,102,102,102,102,20000
SHLE.TO,20240109,5.94,5.96,5.94,5.94,6700
SHOP.TO,20240109,103.24,107.51,102.93,107.29,2829577
SIA.TO,20240109,11.86,11.93,11.83,11.89,164647
SID.TO,20240109,31.27,31.42,31.27,31.3,600
SIH.UN.TO,20240109,10.45,10.45,10.43,10.43,1500
SII.TO,20240109,43.27,43.65,42.96,43.13,12297
SIL.TO,20240109,8.56,8.64,8.42,8.57,165596
SIS.TO,20240109,14.95,15.08,14.85,15.02,61794
SJ.TO,20240109,77.7,80.32,77.7,79.91,143751
SKE.TO,20240109,5.86,5.86,5.68,5.69,95741
SKYY.TO,20240109,20.34,20.36,20.28,20.28,600
SLF.TO,20240109,68.4,68.49,67.92,68.24,873229
SLF.PR.C.TO,20240109,18.8,18.98,18.8,18.85,3510
SLF.PR.D.TO,20240109,18.91,18.94,18.74,18.89,6858
SLF.PR.E.TO,20240109,18.75,18.9,18.75,18.76,649
SLF.PR.G.TO,20240109,14.3,14.3,14.3,14.3,611
SLF.PR.H.TO,20240109,18.7,18.7,18.7,18.7,100
SLF.PR.J.TO,20240109,15.66,15.79,15.66,15.78,2932
SLF.PR.K.TO,20240109,20.76,21.24,20.75,21.24,825
SLS.TO,20240109,4.05,4.25,3.99,4.21,269592
SMAX.TO,20240109,16.89,16.94,16.82,16.92,12461
SMC.TO,20240109,0.035,0.035,0.035,0.035,9000
SMT.TO,20240109,0.66,0.7,0.66,0.68,31050
SOIL.TO,20240109,2.37,2.46,2.36,2.43,43586
SOLG.TO,20240109,0.16,0.16,0.15,0.155,388587
SOT.DB.TO,20240109,68,68.01,68,68.01,6000
SOT.DB.A.TO,20240109,57,57,57,57,68000
SOT.UN.TO,20240109,0.77,0.78,0.77,0.78,47519
SOY.TO,20240109,7.32,7.4,7.18,7.25,27479
SPAY.TO,20240109,26.91,26.93,26.9,26.92,1921
SPB.TO,20240109,9.6,9.63,9.41,9.52,804632
SPLT.TO,20240109,10.26,10.3,10.26,10.29,13235
SRU.UN.TO,20240109,25.55,25.56,25.22,25.26,268661
SRV.UN.TO,20240109,16.19,16.3,15.94,16.3,1700
SSF.UN.TO,20240109,6.78,6.78,6.78,6.78,1700
SSL.TO,20240109,6.51,6.59,6.47,6.5,170338
SSRM.TO,20240109,14.03,14.03,13.77,13.9,259013
STC.TO,20240109,4.12,4.12,3.98,4.07,2800
STCK.TO,20240109,8.49,8.95,8.49,8.86,8241
STCK.WT.TO,20240109,0.01,0.01,0.01,0.01,5000
STEP.TO,20240109,4.14,4.22,4.08,4.2,1067762
STGO.TO,20240109,0.77,0.77,0.71,0.71,78584
STLC.TO,20240109,47.53,47.95,47,47.08,87464
STN.TO,20240109,104.93,107.4,104.93,106.94,258071
STPL.TO,20240109,23.05,23.12,23.05,23.12,3871
SU.TO,20240109,44.41,44.41,43.65,43.81,7185238
SVA.TO,20240109,0.64,0.67,0.63,0.64,479025
SVB.TO,20240109,0.155,0.155,0.15,0.15,21500
SVI.TO,20240109,5.46,5.5,5.42,5.47,401688
SVI.DB.TO,20240109,97,97,97,97,31000
SVI.DB.B.TO,20240109,95.2,95.2,95.2,95.2,5000
SVI.DB.C.TO,20240109,91.9,91.9,91.9,91.9,8000
SVM.TO,20240109,3.33,3.33,3.21,3.21,148460
SVR.TO,20240109,11.2,11.2,11.2,11.2,2709
SXP.TO,20240109,4.5,4.5,4.33,4.36,32808
SYLD.TO,20240109,17.98,18.04,17.98,18.03,7780
SYZ.TO,20240109,7.52,7.56,7.31,7.34,36166
SZLS.TO,20240109,0.045,0.045,0.045,0.045,4350
T.TO,20240109,24.18,24.26,23.94,24.26,2652575
TA.TO,20240109,10.77,10.81,10.57,10.63,583520
TA.PR.D.TO,20240109,12.58,12.75,12.58,12.75,3438
TA.PR.E.TO,20240109,15.1,15.2,15.1,15.2,3406
TA.PR.F.TO,20240109,17.92,18,17.88,18,3880
TA.PR.G.TO,20240109,18.8,18.8,18.8,18.8,400
TA.PR.H.TO,20240109,21.17,21.3,21.17,21.25,41975
TA.PR.J.TO,20240109,20.42,20.6,20.42,20.56,9861
TAIG.TO,20240109,0.95,0.96,0.94,0.94,12205
TAL.TO,20240109,0.8,0.8,0.79,0.8,138395
TBAL.TO,20240109,16.75,16.75,16.72,16.72,2004
TBL.TO,20240109,2.9,2.95,2.85,2.95,5299
TBNK.TO,20240109,25.65,25.73,25.65,25.73,3211
TC.TO,20240109,31.5,31.58,29.76,29.76,5594
TCL.A.TO,20240109,13.62,13.62,13.45,13.46,113746
TCLB.TO,20240109,122.26,122.28,121.95,122.06,4368
TCN.TO,20240109,11.88,12.09,11.79,12.06,507337
TCON.TO,20240109,14.6,14.6,14.57,14.57,4000
TCS.TO,20240109,30.99,31,30.8,30.96,22119
TCSB.TO,20240109,14.45,14.45,14.43,14.45,16073
TCW.TO,20240109,4.14,4.14,3.96,3.97,856688
TD.TO,20240109,85.4,85.55,83,83.07,19850660
TD.PF.A.TO,20240109,19.4,19.61,19.4,19.56,14801
TD.PF.B.TO,20240109,20.21,20.21,20.07,20.13,9319
TD.PF.C.TO,20240109,18.75,18.9,18.74,18.9,7173
TD.PF.D.TO,20240109,19.7,19.7,19.7,19.7,150
TD.PF.E.TO,20240109,20.1,20.1,19.95,19.95,1035
TD.PF.I.TO,20240109,24.5,24.5,24.25,24.3,12437
TD.PF.J.TO,20240109,22.59,22.59,22.11,22.11,1400
TD.PF.L.TO,20240109,24.53,24.53,24.48,24.5,3720
TD.PF.M.TO,20240109,24.69,24.69,24.51,24.51,1800
TDB.TO,20240109,13.01,13.05,13,13.01,66408
TDOC.TO,20240109,17.81,17.98,17.81,17.87,11065
TEC.TO,20240109,31.14,31.63,31.14,31.56,32298
TEC.U.TO,20240109,23.25,23.55,23.25,23.55,364
TECH.TO,20240109,12.05,12.15,12.04,12.13,5821
TECH.U.TO,20240109,12.48,12.48,12.48,12.48,100
TECI.TO,20240109,7.17,7.17,7.17,7.17,120
TECK.A.TO,20240109,53.51,53.51,52.4,52.4,1411
TECK.B.TO,20240109,53.28,53.33,52.28,52.3,1058186
TERM.TO,20240109,9.29,9.31,9.29,9.31,11500
TF.TO,20240109,6.85,6.86,6.78,6.81,115422
TF.DB.C.TO,20240109,98.9,99,98.4,99,26000
TF.DB.D.TO,20240109,92,92,92,92,3000
TF.DB.E.TO,20240109,90.6,90.6,90.6,90.6,7000
TFII.TO,20240109,177.36,179.46,177.36,179.09,115609
TFPM.TO,20240109,16.95,17.07,16.95,16.95,94757
TGED.TO,20240109,20.3,20.38,20.3,20.38,16375
TGED.U.TO,20240109,15.13,15.13,15.13,15.13,100
TGFI.TO,20240109,20.39,20.41,20.39,20.4,11800
TGGR.TO,20240109,22.92,23.04,22.91,23.04,969
TGO.TO,20240109,1.59,1.67,1.57,1.63,1395
TGRE.TO,20240109,13.73,13.73,13.67,13.67,1702
TGRO.TO,20240109,19.1,19.1,19.04,19.1,6465
TH.TO,20240109,3.11,3.11,2.7,2.88,77114
The.TO,20240109,23.09,23.11,23.07,23.11,3900
THNC.TO,20240109,3.12,3.17,2.94,3.1,112596
THU.TO,20240109,31.73,31.82,31.72,31.74,4031
TI.TO,20240109,0.35,0.35,0.35,0.35,500
TIH.TO,20240109,114.27,116.15,114.27,115.39,116575
TINF.TO,20240109,17.9,17.91,17.8,17.82,9800
TIPS.F.TO,20240109,28.58,28.58,28.58,28.58,800
TIXT.TO,20240109,11.39,11.7,11.32,11.65,129551
TKN.TO,20240109,14.61,14.8,14.61,14.8,825
TKO.TO,20240109,1.86,1.86,1.82,1.83,72975
TLF.TO,20240109,21.2,21.42,21.2,21.4,5529
TLG.TO,20240109,0.425,0.43,0.415,0.42,64650
TLO.TO,20240109,0.17,0.18,0.165,0.18,174185
TLRY.TO,20240109,3.29,3.4,2.81,2.83,4419039
TLV.TO,20240109,28.49,28.54,28.49,28.52,3200
TMCC.TO,20240109,9.16,9.16,9.16,9.16,500
TMD.TO,20240109,0.09,0.09,0.09,0.09,34379
TMEC.TO,20240109,18.53,18.53,18.53,18.53,189
TMEI.TO,20240109,15.7,15.7,15.7,15.7,939
TMEU.TO,20240109,19.56,19.56,19.56,19.56,100
TML.TO,20240109,0.165,0.165,0.165,0.165,584
TMQ.TO,20240109,0.6,0.6,0.6,0.6,24716
TNT.UN.TO,20240109,10.24,10.25,9.9,10,48076
TNZ.TO,20240109,3.77,3.77,3.56,3.6,27897
TOT.TO,20240109,7.76,7.84,7.69,7.82,16983
TOU.TO,20240109,61.78,62.74,61.26,61.8,1913401
TOY.TO,20240109,33.76,33.93,33.56,33.6,25130
TPAY.TO,20240109,21.34,21.35,21.33,21.33,2610
TPE.TO,20240109,20.33,20.33,20.28,20.29,47027
TPRF.TO,20240109,9.35,9.35,9.28,9.3,35070
TPU.TO,20240109,35.81,35.96,35.75,35.91,28000
TPX.B.TO,20240109,83.75,84.05,83.69,84.05,934
TPZ.TO,20240109,19.36,19.51,19.21,19.44,102639
TQCD.TO,20240109,16.11,16.11,16.02,16.06,88198
TQGD.TO,20240109,17.22,17.24,17.16,17.21,28622
TQGM.TO,20240109,15.91,15.95,15.91,15.95,5299
TQSM.TO,20240109,20.71,20.77,20.67,20.7,8901
TRI.TO,20240109,194.8,195.18,193.43,193.55,214433
TRI.PR.B.TO,20240109,13.5,13.5,13.16,13.27,3600
TRP.TO,20240109,53.8,53.8,52.99,53.01,6720338
TRP.PR.A.TO,20240109,14.5,14.5,14.4,14.45,5917
TRP.PR.B.TO,20240109,11.35,11.38,11.32,11.32,2200
TRP.PR.C.TO,20240109,11.69,11.74,11.64,11.64,2213
TRP.PR.D.TO,20240109,17.09,17.12,16.99,17.01,5158
TRP.PR.E.TO,20240109,15.69,15.75,15.69,15.71,10448
TRP.PR.F.TO,20240109,15,15.01,14.99,14.99,2800
TRP.PR.G.TO,20240109,16.76,16.76,16.67,16.67,1350
TRVI.TO,20240109,19.83,19.91,19.83,19.9,1950
TRVL.TO,20240109,23.26,23.46,23.26,23.42,9426
TRZ.TO,20240109,3.98,4.18,3.97,4.16,108972
TSK.TO,20240109,0.345,0.345,0.32,0.32,28401
TSL.TO,20240109,3.35,3.39,3.31,3.39,14416
TSND.TO,20240109,2.47,2.47,2.3,2.39,214960
TSU.TO,20240109,35.03,35.04,34.12,34.83,70265
TTNM.TO,20240109,2.3,2.31,2.3,2.3,11600
TTP.TO,20240109,23.96,23.96,23.83,23.9,29734
TUED.TO,20240109,21.75,21.83,21.71,21.79,28420
TUED.U.TO,20240109,16.17,16.17,16.17,16.17,100
TUEX.TO,20240109,20.51,20.51,20.51,20.51,200
TUHY.TO,20240109,20.84,20.9,20.84,20.9,13060
TULB.TO,20240109,115.36,115.63,115.36,115.36,3800
TUSB.TO,20240109,13.55,13.63,13.55,13.63,1000
TUSB.U.TO,20240109,9.91,9.91,9.91,9.91,3500
TVA.B.TO,20240109,1.39,1.39,1.38,1.39,807
TVE.TO,20240109,3.07,3.08,3.03,3.04,1523349
TVK.TO,20240109,44,44.22,42.91,43.86,8888
TWC.TO,20240109,16.93,16.93,16.93,16.93,100
TWM.TO,20240109,1.04,1.08,1.03,1.07,2268714
TWM.WT.TO,20240109,0.035,0.035,0.035,0.035,2000
TXF.TO,20240109,18.88,19.08,18.86,19,12961
TXF.B.TO,20240109,23.07,23.11,23.06,23.06,3400
TXF.U.TO,20240109,9.91,9.91,9.91,9.91,200
TXG.TO,20240109,13.95,14.22,13.83,14.06,197161
TXP.TO,20240109,0.73,0.73,0.72,0.73,35600
U.U.TO,20240109,20.71,21.84,20.71,21.77,45598
U.UN.TO,20240109,27.87,29.29,27.76,29.14,1356870
UBIL.U.TO,20240109,50.03,50.03,50.03,50.03,17091
UDIV.TO,20240109,12.18,12.18,12.18,12.18,100
UDIV.B.TO,20240109,12.61,12.63,12.61,12.63,3070
ULV.C.TO,20240109,30.75,30.83,30.75,30.83,300
ULV.F.TO,20240109,45.61,45.73,45.61,45.72,1809
ULV.U.TO,20240109,23.01,23.01,23.01,23.01,100
UMAX.TO,20240109,15.22,15.24,15.19,15.22,45207
UMI.TO,20240109,30.3,30.3,30.3,30.3,159
UNC.TO,20240109,111,111,111,111,100
UNI.TO,20240109,1.32,1.32,1.29,1.29,300
URB.TO,20240109,4.99,4.99,4.95,4.95,1852
URB.A.TO,20240109,4.48,4.49,4.44,4.44,3504
URC.TO,20240109,3.41,3.55,3.33,3.51,171154
URC.WT.TO,20240109,1.41,1.53,1.4,1.53,9405
URE.TO,20240109,2.02,2.14,1.97,2.11,145467
USA.TO,20240109,0.315,0.315,0.3,0.31,170368
USCC.TO,20240109,17.11,17.15,17.1,17.15,5889
USCL.TO,20240109,19.62,19.84,19.62,19.84,18836
UTIL.TO,20240109,20.87,20.87,20.79,20.87,701
VA.TO,20240109,35.85,35.91,35.85,35.91,705
VAB.TO,20240109,22.81,22.87,22.81,22.84,90052
VALT.TO,20240109,25.47,25.47,25.47,25.47,500
VBAL.TO,20240109,29.37,29.39,29.31,29.38,62264
VBNK.TO,20240109,14.77,14.92,14.75,14.77,27992
VBNK.PR.A.TO,20240109,9.85,9.85,9.85,9.85,1400
VCB.TO,20240109,23.36,23.43,23.36,23.39,3459
VCE.TO,20240109,46.32,46.32,46,46.14,40583
VCIP.TO,20240109,25.06,25.06,25.03,25.05,2870
VCM.TO,20240109,17.6,18.35,17.6,18.15,4770
VCN.TO,20240109,42.78,42.78,42.46,42.65,94445
VCNS.TO,20240109,26.94,27.02,26.94,27,6330
VDU.TO,20240109,39.68,39.82,39.68,39.76,32797
VDY.TO,20240109,43.21,43.21,42.8,42.88,132622
VE.TO,20240109,32.84,32.91,32.8,32.8,567
VEE.TO,20240109,32.25,32.32,32.22,32.28,69284
VEF.TO,20240109,51.03,51.18,51.03,51.13,3375
VEQT.TO,20240109,36.82,36.87,36.7,36.85,166382
VET.TO,20240109,16.04,16.04,15.71,15.87,546787
VFV.TO,20240109,112.5,113.12,112.38,113,191905
VGCX.TO,20240109,6.48,6.5,6.29,6.37,359077
VGG.TO,20240109,77.33,77.4,77.06,77.39,7268
VGH.TO,20240109,55.68,55.68,55.42,55.64,2395
VGRO.TO,20240109,31.86,31.86,31.73,31.8,160728
VGV.TO,20240109,22.39,22.39,22.37,22.37,5518
VGZ.TO,20240109,0.53,0.53,0.51,0.51,9027
VHI.TO,20240109,4.04,4.07,3.97,4.07,16655
VI.TO,20240109,35.82,36,35.82,35.92,12402
VIDY.TO,20240109,28.41,28.43,28.33,28.36,14075
VIU.TO,20240109,31.69,31.79,31.65,31.7,91502
VLB.TO,20240109,21.55,21.66,21.55,21.63,45384
VLE.TO,20240109,2.77,2.84,2.7,2.79,174831
VLN.TO,20240109,5.32,5.33,5.32,5.33,800
VMO.TO,20240109,48.78,49.02,48.74,49.02,977
VNP.TO,20240109,3.58,3.68,3.58,3.61,68790
VOXR.TO,20240109,2.71,2.71,2.66,2.66,3000
VPH.TO,20240109,0.245,0.245,0.23,0.23,21654
VQS.TO,20240109,0.22,0.23,0.205,0.215,34960
VRE.TO,20240109,30.29,30.32,30.17,30.17,15063
VRIF.TO,20240109,23.69,23.71,23.68,23.7,2070
VRTS.TO,20240109,0.03,0.03,0.025,0.03,53000
VSB.TO,20240109,22.68,22.7,22.68,22.7,30685
VSC.TO,20240109,23.24,23.29,23.24,23.29,18088
VSP.TO,20240109,77.29,77.63,77.14,77.48,39823
VUN.TO,20240109,85.62,86.07,85.49,86.06,43095
VUS.TO,20240109,83.9,84.32,83.87,84.24,9750
VVL.TO,20240109,45.2,45.24,45,45,7763
VVO.TO,20240109,33.01,33.01,33.01,33.01,205
VXC.TO,20240109,51.89,52,51.75,51.98,28570
WCM.B.TO,20240109,9.15,9.15,9.15,9.15,100
WCN.TO,20240109,196.64,197.83,195.98,197.35,284789
WCP.TO,20240109,8.99,8.99,8.76,8.81,2258638
WDO.TO,20240109,7.32,7.34,7.11,7.12,158605
WEED.TO,20240109,6.15,6.31,6.02,6.15,1556083
WEED.DB.TO,20240109,30,30,30,30,1000
WEF.TO,20240109,0.71,0.72,0.71,0.71,83557
WELL.TO,20240109,3.87,3.88,3.81,3.86,348414
WFC.TO,20240109,19.39,19.39,19.36,19.36,2102
WFG.TO,20240109,114.79,117.35,114.74,115.63,159389
WILD.TO,20240109,1.22,1.25,1.22,1.25,1100
WILD.DB.TO,20240109,94,94,94,94,7000
WJX.TO,20240109,29.79,30.53,29.79,30.35,16427
WLLW.TO,20240109,0.095,0.1,0.09,0.095,103816
WM.TO,20240109,0.085,0.085,0.085,0.085,702631
WN.TO,20240109,163.91,166.6,163.7,165.39,113604
WN.PR.A.TO,20240109,22.8,22.8,22.67,22.7,619
WN.PR.C.TO,20240109,20.35,20.36,20.26,20.35,4400
WN.PR.D.TO,20240109,20.2,20.2,20.2,20.2,280
WN.PR.E.TO,20240109,18.48,18.55,18.42,18.42,1500
WNDR.TO,20240109,0.28,0.28,0.2,0.24,2195925
WPK.TO,20240109,41.04,41.19,40.91,41,46950
WPM.TO,20240109,64,64,62.67,63.86,971283
WPRT.TO,20240109,8.47,8.66,8.43,8.55,3325
WRG.TO,20240109,2.75,2.75,2.75,2.75,100
WRN.TO,20240109,1.81,1.84,1.76,1.78,32458
WRX.TO,20240109,0.155,0.155,0.155,0.155,2610
WSP.TO,20240109,182.51,185.78,182.45,184.31,225606
WSRD.TO,20240109,27.32,27.4,27.32,27.4,5253
WSRI.TO,20240109,37.37,37.37,37.37,37.37,2535
WTE.TO,20240109,28.76,28.76,28.35,28.54,59335
WXM.TO,20240109,24.52,24.56,24.52,24.56,800
X.TO,20240109,31.63,32.11,31.55,31.84,237621
XAGH.TO,20240109,33.65,33.65,33.65,33.65,1190
XAM.TO,20240109,0.045,0.045,0.045,0.045,1000
XAU.TO,20240109,7.51,7.69,7.5,7.52,12980
XAW.TO,20240109,36.1,36.15,35.99,36.14,41400
XAW.U.TO,20240109,27.31,27.31,27.31,27.31,400
XBAL.TO,20240109,26.6,26.66,26.59,26.64,31466
XBB.TO,20240109,27.91,27.98,27.89,27.92,229179
XBM.TO,20240109,18.5,18.58,18.4,18.46,17788
XCB.TO,20240109,19.52,19.55,19.51,19.51,44748
XCBG.TO,20240109,36.42,36.5,36.42,36.5,600
XCBU.TO,20240109,34.76,34.76,34.76,34.76,300
XCD.TO,20240109,48.73,48.81,48.73,48.78,1464
XCG.TO,20240109,46.72,47.02,46.72,47.02,2242
XCH.TO,20240109,14.43,14.43,14.33,14.35,39714
XCLN.TO,20240109,33.27,33.27,33.27,33.27,131
XCNS.TO,20240109,21.49,21.5,21.47,21.5,46600
XCS.TO,20240109,17.85,17.9,17.85,17.87,19116
XCSR.TO,20240109,61.56,61.61,61.35,61.58,7095
XCV.TO,20240109,33.8,33.8,33.49,33.53,1325
XDG.TO,20240109,24.03,24.08,24.02,24.07,4013
XDGH.TO,20240109,24.63,24.65,24.63,24.65,300
XDIV.TO,20240109,25.93,25.93,25.68,25.73,94279
XDSR.TO,20240109,52.75,52.75,52.69,52.69,3102
XDU.TO,20240109,27.05,27.11,27.03,27.11,2502
XDU.U.TO,20240109,20.26,20.26,20.26,20.26,200
XDUH.TO,20240109,25.07,25.07,25.07,25.07,834
XDV.TO,20240109,27.88,27.88,27.69,27.75,29177
XEB.TO,20240109,15.38,15.38,15.37,15.37,8309
XEC.TO,20240109,25.26,25.33,25.22,25.32,58084
XEF.TO,20240109,34.56,34.63,34.54,34.58,55803
XEG.TO,20240109,15.79,15.79,15.55,15.69,856725
XEH.TO,20240109,30.22,30.25,30.22,30.24,725
XEI.TO,20240109,25.17,25.17,24.96,25.01,82411
XEM.TO,20240109,28.87,28.87,28.87,28.87,859
XEMC.TO,20240109,43.18,43.18,43.18,43.18,153
XEN.TO,20240109,32.3,32.3,32.1,32.19,2845
XEQT.TO,20240109,27.67,27.73,27.6,27.71,185842
XESG.TO,20240109,25.3,25.31,25.21,25.26,11012
XEU.TO,20240109,27.71,27.84,27.71,27.79,1867
XEXP.TO,20240109,46.61,46.61,46.6,46.6,300
XFH.TO,20240109,29.05,29.07,29,29.02,11215
XFLB.TO,20240109,50.02,50.02,50.02,50.02,100
XFN.TO,20240109,48.15,48.15,47.7,47.84,329133
XFR.TO,20240109,20.13,20.13,20.11,20.13,28182
XGB.TO,20240109,19.22,19.29,19.22,19.26,21277
XGD.TO,20240109,17.24,17.24,16.92,16.96,326594
XGI.TO,20240109,46.39,46.39,46.39,46.39,118
XGRO.TO,20240109,25.78,25.83,25.74,25.82,57701
XHAK.TO,20240109,44.35,44.35,44.35,44.35,253
XHB.TO,20240109,19.05,19.1,19.05,19.08,9786
XHC.TO,20240109,68.69,69.19,68.69,68.8,6007
XHD.TO,20240109,30.85,30.86,30.77,30.83,7543
XHU.TO,20240109,28.37,28.41,28.36,28.36,662
XHY.TO,20240109,16.26,16.4,16.26,16.39,44324
XIC.TO,20240109,33.5,33.5,33.26,33.43,152635
XID.TO,20240109,50.11,50.11,49.96,50,3904
XIG.TO,20240109,20.31,20.32,20.3,20.31,1818
XIGS.TO,20240109,37.05,37.05,37.05,37.05,300
XIN.TO,20240109,32.76,32.87,32.76,32.86,11891
XINC.TO,20240109,19.37,19.38,19.35,19.37,1231
XIT.TO,20240109,51.45,52.26,51.35,52.22,10975
XIU.TO,20240109,32.16,32.17,31.97,32.1,1357357
XLB.TO,20240109,19.7,19.79,19.7,19.74,168712
XLY.TO,20240109,0.015,0.015,0.015,0.015,609262
XMA.TO,20240109,17.29,17.29,17.05,17.09,11530
XMC.TO,20240109,27.96,28.01,27.8,27.94,12036
XMD.TO,20240109,31.24,31.32,31.1,31.28,2117
XMF.PR.B.TO,20240109,5,5,5,5,200
XMF.PR.C.TO,20240109,1.6,1.6,1.3,1.5,14900
XMH.TO,20240109,24.57,24.63,24.52,24.55,6003
XMI.TO,20240109,35.45,35.45,35.37,35.39,5828
XMM.TO,20240109,26.28,26.28,26.28,26.28,400
XMS.TO,20240109,32.62,32.62,32.62,32.62,200
XMTM.TO,20240109,25.74,25.74,25.74,25.74,174
XMU.TO,20240109,70.47,70.47,70.23,70.43,1914
XMV.TO,20240109,39.28,39.3,39.16,39.29,2400
XMW.TO,20240109,47.54,47.56,47.5,47.56,400
XMY.TO,20240109,27.98,27.98,27.98,27.98,200
XPF.TO,20240109,14.17,14.25,14.17,14.25,1720
XQB.TO,20240109,18.73,18.75,18.72,18.75,12966
XQLT.TO,20240109,32.05,32.19,32.05,32.17,2914
XQQ.TO,20240109,125.46,126.88,125.45,126.61,48832
XQQU.TO,20240109,52.8,53.24,52.7,53.05,10293
XQQU.U.TO,20240109,39.47,39.75,39.44,39.63,648
XRB.TO,20240109,22.3,22.32,22.19,22.19,17516
XRE.TO,20240109,16.23,16.24,16.1,16.1,158201
XSAB.TO,20240109,17.95,17.96,17.94,17.96,3501
XSB.TO,20240109,26.1,26.13,26.1,26.12,43477
XSE.TO,20240109,17.89,17.91,17.89,17.91,1302
XSEA.TO,20240109,23.75,23.76,23.65,23.65,8384
XSEM.TO,20240109,18.24,18.24,18.24,18.24,2169
XSH.TO,20240109,18.35,18.36,18.34,18.35,17941
XSHG.TO,20240109,37.86,37.92,37.86,37.92,396
XSI.TO,20240109,16.86,16.89,16.86,16.88,7300
XSMC.TO,20240109,28.15,28.24,28.15,28.16,2481
XSMH.TO,20240109,26.11,26.19,26.05,26.12,2381
XSP.TO,20240109,49.58,49.87,49.54,49.79,132834
XST.TO,20240109,88.37,88.74,88.2,88.54,7805
XSTB.TO,20240109,19.17,19.17,19.16,19.17,3856
XSTH.TO,20240109,36.75,36.75,36.73,36.73,2010
XSTP.TO,20240109,39.75,39.75,39.75,39.75,163
XSU.TO,20240109,37.89,38.13,37.7,37.96,60553
XSUS.TO,20240109,33.77,33.88,33.77,33.81,12215
XTC.TO,20240109,7.71,7.89,7.7,7.85,10172
XTD.TO,20240109,3.06,3.11,3,3.1,23457
XTLH.TO,20240109,36.53,36.66,36.5,36.56,9376
XTLT.TO,20240109,36.74,36.93,36.74,36.78,9427
XTR.TO,20240109,10.48,10.48,10.46,10.48,18655
XTRA.TO,20240109,0.73,0.77,0.73,0.77,62389
XUH.TO,20240109,39.55,39.7,39.55,39.68,3124
XUS.TO,20240109,78.49,78.97,78.46,78.88,41964
XUS.U.TO,20240109,59.5,59.81,59.44,59.74,2413
XUSR.TO,20240109,68.01,68.37,68.01,68.21,4813
XUT.TO,20240109,26.16,26.16,26.01,26.04,87426
XUU.TO,20240109,47.14,47.34,47.05,47.25,30072
XUU.U.TO,20240109,35.37,35.49,35.37,35.49,644
XWD.TO,20240109,75.93,76.36,75.93,76.32,7593
XXM.TO,20240109,13.33,13.33,13.33,13.33,700
Y.TO,20240109,11.72,11.72,11.61,11.61,605
YCM.TO,20240109,1.7,1.7,1.7,1.7,100
YGR.TO,20240109,1.27,1.27,1.24,1.27,97805
YRB.TO,20240109,0.035,0.035,0.035,0.035,7000
ZAG.TO,20240109,13.71,13.74,13.69,13.71,208546
ZBAL.TO,20240109,35.45,35.47,35.37,35.45,4840
ZBAL.T.TO,20240109,27.8,27.8,27.8,27.8,1025
ZBK.TO,20240109,26.65,26.69,26.46,26.51,8036
ZCB.TO,20240109,45.76,45.87,45.71,45.74,8604
ZCDB.TO,20240109,28.95,28.95,28.9,28.9,450
ZCH.TO,20240109,12.16,12.16,12.05,12.08,14188
ZCLN.TO,20240109,15.5,15.57,15.39,15.5,3228
ZCM.TO,20240109,14.93,14.94,14.91,14.91,5179
ZCN.TO,20240109,28.09,28.13,27.95,28.06,78147
ZCON.TO,20240109,32.3,32.31,32.3,32.31,300
ZCPB.TO,20240109,27.36,27.42,27.36,27.42,2511
ZCS.TO,20240109,13.39,13.39,13.37,13.38,32672
ZCS.L.TO,20240109,22.82,22.82,22.82,22.82,100
ZDB.TO,20240109,14.74,14.76,14.73,14.75,60784
ZDH.TO,20240109,25.29,25.29,25.29,25.29,162
ZDI.TO,20240109,22.36,22.36,22.3,22.34,1938
ZDJ.TO,20240109,58.49,58.49,58.25,58.39,8513
ZDM.TO,20240109,26.89,26.95,26.89,26.89,7656
ZDV.TO,20240109,19.79,19.79,19.61,19.64,79334
ZDY.TO,20240109,38.21,38.23,38.14,38.16,4688
ZEA.TO,20240109,21.1,21.1,21.01,21.03,26879
ZEB.TO,20240109,35.6,35.6,35.23,35.28,2149721
ZEF.TO,20240109,12.04,12.04,12,12,5299
ZEM.TO,20240109,18.78,18.8,18.73,18.77,16023
ZEO.TO,20240109,63.6,63.6,63,63.47,2775
ZEQ.TO,20240109,28.92,28.96,28.9,28.95,6744
ZEQT.TO,20240109,42.32,42.32,42.26,42.28,11401
ZESG.TO,20240109,33.35,33.35,33.35,33.35,197
ZFH.TO,20240109,14.57,14.58,14.53,14.57,9036
ZFL.TO,20240109,13.44,13.51,13.42,13.46,20072
ZFM.TO,20240109,14.47,14.47,14.44,14.44,851
ZFN.TO,20240109,41.78,41.8,41.78,41.8,600
ZFS.TO,20240109,13.45,13.45,13.45,13.45,800
ZGB.TO,20240109,45.41,45.41,45.31,45.35,631
ZGD.TO,20240109,69.92,69.95,69.47,69.48,2256
ZGI.TO,20240109,42.57,42.57,42.54,42.57,1491
ZGQ.TO,20240109,55.24,55.57,55.24,55.57,4052
ZGRO.TO,20240109,38.75,38.8,38.69,38.75,6441
ZGRO.T.TO,20240109,30.81,30.99,30.81,30.99,615
ZGSB.TO,20240109,26.38,26.38,26.35,26.35,500
ZHP.TO,20240109,17.92,18.14,17.92,18.14,4575
ZHU.TO,20240109,41.95,41.95,41.95,41.95,1200
ZHY.TO,20240109,11.03,11.08,11.03,11.07,4609
ZIC.TO,20240109,17.24,17.24,17.24,17.24,100
ZID.TO,20240109,42.6,42.69,42.6,42.67,2596
ZIN.TO,20240109,37.23,37.43,37.23,37.29,807
ZIU.TO,20240109,48.73,48.73,48.73,48.73,100
ZJK.TO,20240109,17.61,17.66,17.61,17.66,1500
ZJPN.TO,20240109,31.67,31.67,31.59,31.59,4688
ZLB.TO,20240109,41.98,42.03,41.82,41.97,45436
ZLC.TO,20240109,15.28,15.34,15.26,15.26,16241
ZLD.TO,20240109,25.82,25.82,25.82,25.82,1200
ZLH.TO,20240109,31.64,31.64,31.64,31.64,188
ZLI.TO,20240109,23.74,23.87,23.74,23.83,2626
ZLU.TO,20240109,47.24,47.28,47.07,47.28,4187
ZMI.TO,20240109,16.18,16.18,16.12,16.14,1988
ZMID.TO,20240109,39.15,39.22,39.15,39.2,3125
ZMMK.TO,20240109,49.99,49.99,49.98,49.98,51516
ZMP.TO,20240109,13.63,13.64,13.63,13.64,776
ZMSB.TO,20240109,28.36,28.36,28.35,28.35,1837
ZMT.TO,20240109,54.45,54.45,54.45,54.45,200
ZMU.TO,20240109,12.68,12.7,12.66,12.69,17776
ZNQ.TO,20240109,71.47,72.16,71.47,72.15,3485
ZNQ.U.TO,20240109,36.09,36.37,36.09,36.25,1518
ZPAY.TO,20240109,30.3,30.41,30.3,30.41,7175
ZPAY.F.TO,20240109,28.61,28.61,28.61,28.61,600
ZPH.TO,20240109,15.28,15.28,15.28,15.28,141
ZPL.TO,20240109,12.72,12.79,12.72,12.79,16145
ZPR.TO,20240109,9.26,9.32,9.26,9.3,138584
ZPW.TO,20240109,15.8,15.84,15.8,15.84,263
ZQB.TO,20240109,27.93,27.93,27.93,27.93,1200
ZQQ.TO,20240109,116.07,117.45,116.07,117.18,27339
ZRE.TO,20240109,21.13,21.16,21.04,21.07,38394
ZRR.TO,20240109,14.39,14.55,14.39,14.47,11340
ZSB.TO,20240109,47.11,47.11,47.11,47.11,220
ZSDB.TO,20240109,29.37,29.37,29.36,29.37,5400
ZSML.TO,20240109,37.27,37.27,37.25,37.25,353
ZSML.F.TO,20240109,34.69,34.69,34.6,34.62,1005
ZSP.TO,20240109,69.23,69.69,69.22,69.61,180002
ZSP.U.TO,20240109,51.78,52.08,51.76,51.92,2721
ZST.TO,20240109,48.76,48.78,48.76,48.78,10678
ZST.L.TO,20240109,57.5,57.51,57.5,57.51,3595
ZUAG.TO,20240109,30.03,30.03,30.03,30.03,100
ZUAG.F.TO,20240109,29.68,29.69,29.68,29.69,200
ZUB.TO,20240109,25.02,25.02,24.79,24.85,9012
ZUCM.U.TO,20240109,30.08,30.08,30.08,30.08,4063
ZUD.TO,20240109,27.06,27.06,27.06,27.06,200
ZUE.TO,20240109,65.93,66.21,65.83,66.09,14413
ZUH.TO,20240109,69.74,70.36,69.74,69.75,2221
ZUP.TO,20240109,19.8,20.11,19.8,20.11,1400
ZUQ.TO,20240109,67.12,67.51,67.08,67.44,4569
ZUQ.F.TO,20240109,42.94,43.09,42.94,43.03,1000
ZUQ.U.TO,20240109,44.47,44.56,44.47,44.56,220
ZUS.U.TO,20240109,46.82,46.82,46.82,46.82,100
ZUS.V.TO,20240109,54.76,54.76,54.76,54.76,5000
ZUT.TO,20240109,20.47,20.51,20.39,20.46,19799
ZVC.TO,20240109,26.39,26.39,26.26,26.31,407
ZWA.TO,20240109,25.1,25.1,25.01,25.07,10518
ZWB.TO,20240109,17.94,17.94,17.78,17.82,170820
ZWB.U.TO,20240109,22.94,22.94,22.93,22.93,2401
ZWC.TO,20240109,17.18,17.18,17.07,17.09,82817
ZWE.TO,20240109,19.94,19.95,19.85,19.87,16630
ZWEN.TO,20240109,28.69,28.69,28.28,28.33,8279
ZWG.TO,20240109,29.09,29.09,28.91,29.05,2685
ZWH.TO,20240109,22,22.02,21.95,22.02,38604
ZWH.U.TO,20240109,22.58,22.58,22.54,22.58,300
ZWHC.TO,20240109,28.98,28.98,28.98,28.98,480
ZWK.TO,20240109,19.36,19.37,19.28,19.32,34848
ZWP.TO,20240109,17.59,17.59,17.4,17.4,13491
ZWQT.TO,20240109,15.64,15.64,15.61,15.61,476
ZWS.TO,20240109,19.49,19.56,19.49,19.54,809
ZWT.TO,20240109,36.45,36.94,36.43,36.84,4004
ZWU.TO,20240109,10.53,10.53,10.46,10.48,264501
ZXM.B.TO,20240109,33.78,33.78,33.78,33.78,100
ZZZ.TO,20240109,25.07,25.51,24.84,24.84,44273
