<ticker>,<date>,<open>,<high>,<low>,<close>,<vol>
AAB.TO,20230330,0.04,0.04,0.04,0.04,40313
AAV.TO,20230330,7.88,7.94,7.67,7.77,776723
ABX.TO,20230330,25.21,25.33,24.91,25.19,2845003
AC.TO,20230330,18.7,18.82,18.57,18.77,2320958
ACAA.TO,20230330,19.96,19.99,19.96,19.99,811
ACB.TO,20230330,0.94,0.95,0.88,0.89,936183
ACB.WS.U.TO,20230330,0.115,0.115,0.1,0.1,6500
ACD.TO,20230330,7.08,7.08,7.08,7.08,100
ACD.DB.TO,20230330,99,99,99,99,8000
ACO.X.TO,20230330,43.44,43.44,42.85,43.29,135057
ACO.Y.TO,20230330,45.93,45.93,45.93,45.93,0
ACQ.TO,20230330,18.6,19.12,18.6,18.96,47963
AD.DB.TO,20230330,98.09,98.09,98.09,98.09,0
AD.DB.A.TO,20230330,95.25,95.25,95.25,95.25,0
AD.UN.TO,20230330,17.03,17.03,16.38,16.46,78701
ADCO.TO,20230330,0.255,0.255,0.23,0.245,29200
ADEN.TO,20230330,25.88,25.88,25.1,25.42,23725
ADN.TO,20230330,15.7,15.94,15.7,15.94,1947
ADW.A.TO,20230330,4.55,4.55,4.36,4.4,24128
ADW.B.TO,20230330,6.1,6.1,6.1,6.1,0
AEG.TO,20230330,0.44,0.44,0.39,0.39,3012
AEM.TO,20230330,70.34,70.62,69.21,69.51,1855332
AEZS.TO,20230330,3.64,3.65,3.54,3.54,1659
AFN.TO,20230330,59.42,59.42,58.08,58.52,31194
AFN.DB.F.TO,20230330,98.87,98.87,98.86,98.86,15000
AFN.DB.G.TO,20230330,97.8,97.8,97.41,97.41,82000
AFN.DB.H.TO,20230330,96.26,96.26,96.25,96.26,29000
AFN.DB.I.TO,20230330,140,140,139.25,139.25,103000
AFN.DB.J.TO,20230330,104.9,105,104.35,104.35,150000
AGF.B.TO,20230330,7.85,7.95,7.81,7.95,172139
AGI.TO,20230330,16.6,16.69,16.37,16.6,505541
AI.TO,20230330,11.95,12.09,11.94,11.99,15661
AI.DB.C.TO,20230330,98.4,98.4,98.4,98.4,3000
AI.DB.D.TO,20230330,96.76,96.76,96.76,96.76,0
AI.DB.E.TO,20230330,94.7,94.7,94.51,94.51,10000
AI.DB.F.TO,20230330,86,86,86,86,0
AI.DB.G.TO,20230330,91,91,91,91,0
AIF.TO,20230330,57.36,57.46,56.55,57.11,63891
AII.TO,20230330,0.61,0.63,0.58,0.63,104909
AIM.TO,20230330,3.45,3.55,3.36,3.52,129552
AIM.PR.A.TO,20230330,19.17,19.17,19.17,19.17,194
AIM.PR.C.TO,20230330,21.59,21.59,21.59,21.59,0
AKT.A.TO,20230330,1.45,1.47,1.45,1.47,603
ALA.TO,20230330,22.21,22.4,22.14,22.39,747739
ALA.PR.A.TO,20230330,15.15,15.25,15.15,15.25,4884
ALA.PR.B.TO,20230330,17.08,17.08,17.08,17.08,700
ALA.PR.G.TO,20230330,17.57,17.57,17.57,17.57,100
ALC.TO,20230330,15.64,15.65,15.54,15.63,12100
ALC.DB.A.TO,20230330,107,107,106.5,106.5,2000
ALS.TO,20230330,22.39,22.76,22.14,22.46,78748
ALYA.TO,20230330,2.75,2.77,2.74,2.74,8693
AMC.TO,20230330,4.4,4.53,4.29,4.5,132664
AMM.TO,20230330,0.255,0.255,0.255,0.255,0
AND.TO,20230330,49.95,49.95,49.12,49.57,18976
AOI.TO,20230330,3.09,3.09,3.01,3.02,434402
AOT.TO,20230330,0.68,0.71,0.68,0.7,192579
AP.UN.TO,20230330,24.48,24.65,24.11,24.15,488576
APLI.TO,20230330,0.045,0.045,0.04,0.04,228302
APR.UN.TO,20230330,11.88,11.88,11.67,11.76,9844
APS.TO,20230330,0.89,0.89,0.83,0.84,11793
AQN.TO,20230330,11.1,11.66,11.02,11.59,10550510
AQN.PR.A.TO,20230330,19.35,19.35,19.25,19.25,665
AQN.PR.D.TO,20230330,19.45,19.55,19.35,19.47,7219
AR.TO,20230330,0.61,0.69,0.6,0.65,5044875
ARA.TO,20230330,0.47,0.47,0.43,0.45,70075
ARB.TO,20230330,25.54,25.54,25.54,25.54,800
ARE.TO,20230330,13.41,13.48,13.29,13.3,209090
ARG.TO,20230330,1.67,1.67,1.63,1.64,83515
ARIS.TO,20230330,4.16,4.17,4.08,4.17,191807
ARIS.WT.A.TO,20230330,0.3,0.3,0.3,0.3,8500
ARKG.TO,20230330,12.53,12.53,12.53,12.53,322
ARKK.TO,20230330,15.4,15.4,15.2,15.2,11145
ARKW.TO,20230330,17,17.1,17,17.1,200
ARR.TO,20230330,8.29,8.36,8.25,8.25,5562
ARX.TO,20230330,15.02,15.23,14.83,15.09,2019050
ASCU.TO,20230330,1.85,1.9,1.85,1.85,28650
ASM.TO,20230330,1.12,1.21,1.12,1.18,230114
ASND.TO,20230330,0.21,0.22,0.17,0.2,130750
ASTL.TO,20230330,10.5,10.52,10.35,10.43,118878
ASTL.WT.TO,20230330,2.23,2.23,2.23,2.23,0
ATD.TO,20230330,67.1,67.71,66.46,67.58,1379153
ATH.TO,20230330,3.3,3.31,3.23,3.26,3947792
ATS.TO,20230330,54.84,56.61,54.82,55.68,115960
ATSX.TO,20230330,21.62,21.74,21.49,21.74,3400
ATZ.TO,20230330,42.45,42.98,41.88,42.54,296426
AUGB.F.TO,20230330,36.55,36.55,36.55,36.55,500
AUMN.TO,20230330,0.285,0.29,0.28,0.28,32219
AVCN.TO,20230330,0.44,0.44,0.42,0.42,88813
AVL.TO,20230330,0.115,0.13,0.115,0.13,285100
AVNT.TO,20230330,0.17,0.175,0.16,0.16,419268
AW.UN.TO,20230330,36.36,36.54,36.16,36.48,3476
AX.PR.E.TO,20230330,22.35,22.35,21.9,21.9,3400
AX.PR.I.TO,20230330,23.3,23.3,22.75,23.3,12450
AX.UN.TO,20230330,7.56,7.62,7.52,7.54,201872
AXIS.TO,20230330,0.4,0.4,0.4,0.4,0
AYA.TO,20230330,10.1,11.28,10.05,11.28,724629
BABY.TO,20230330,0.85,0.86,0.82,0.86,45268
BABY.WT.A.TO,20230330,0.115,0.115,0.115,0.115,0
BAM.TO,20230330,42.82,43.35,42.8,43.35,1387258
BANK.TO,20230330,7.4,7.41,7.38,7.4,12048
BASE.TO,20230330,27.03,27.04,27,27.02,1531
BASE.B.TO,20230330,27.56,27.57,27.5,27.5,1588
BB.TO,20230330,5.43,5.49,5.35,5.42,2104405
BBD.A.TO,20230330,69.61,71.31,69.61,71.27,6851
BBD.B.TO,20230330,70.1,71.25,68.85,71.25,641313
BBD.PR.B.TO,20230330,17.65,17.75,17.55,17.55,1600
BBD.PR.C.TO,20230330,18.9,18.93,18.88,18.88,2522
BBD.PR.D.TO,20230330,18.89,18.94,18.73,18.77,4300
BBU.UN.TO,20230330,23.7,24.53,23.69,24.21,52045
BBUC.TO,20230330,24.88,25.8,24.8,25.77,25608
BCE.TO,20230330,60.46,60.98,60.46,60.98,2312825
BCE.PR.A.TO,20230330,17.5,17.59,17.35,17.44,10800
BCE.PR.B.TO,20230330,18,18.15,18,18.15,1900
BCE.PR.C.TO,20230330,18.16,18.19,18.16,18.19,469
BCE.PR.D.TO,20230330,18.11,18.19,18.1,18.12,81800
BCE.PR.E.TO,20230330,18.11,18.11,18.05,18.1,49200
BCE.PR.F.TO,20230330,16.01,16.01,15.91,15.91,1400
BCE.PR.G.TO,20230330,15.05,15.05,14.86,14.86,1100
BCE.PR.H.TO,20230330,18.09,18.19,18.08,18.1,11600
BCE.PR.J.TO,20230330,18.11,18.16,18.11,18.16,15300
BCE.PR.K.TO,20230330,14,14.15,14,14.04,1613
BCE.PR.L.TO,20230330,16.1,16.1,16.1,16.1,400
BCE.PR.M.TO,20230330,14.5,14.5,14.44,14.5,11425
BCE.PR.Q.TO,20230330,19.42,19.98,19.4,19.5,9808
BCE.PR.R.TO,20230330,15,15,15,15,0
BCE.PR.S.TO,20230330,18.04,18.05,18.02,18.02,22100
BCE.PR.T.TO,20230330,17.84,17.95,17.82,17.95,1400
BCE.PR.Y.TO,20230330,18.08,18.15,18.04,18.15,5036
BCE.PR.Z.TO,20230330,18.5,18.5,18.5,18.5,0
BCT.TO,20230330,10,10,9.32,9.58,7600
BDGI.TO,20230330,31.99,32.24,31.84,31.92,33401
BDI.TO,20230330,6.04,6.15,5.99,6.04,22850
BDIV.TO,20230330,17.47,17.47,17.47,17.47,0
BDT.TO,20230330,9.19,9.19,9.08,9.15,28408
BEI.UN.TO,20230330,54.11,55.03,54.11,54.6,84338
BEK.B.TO,20230330,13,13,13,13,109
BEP.PR.G.TO,20230330,21.92,22.06,21.6,22.02,2300
BEP.PR.M.TO,20230330,21.46,21.51,21.06,21.3,7200
BEP.PR.R.TO,20230330,19.2,19.34,18.82,18.82,15761
BEP.UN.TO,20230330,42,42.71,41.99,42.16,121450
BEPC.TO,20230330,45.61,46.62,45.61,46.02,227064
BEPR.TO,20230330,8.32,8.33,8.32,8.33,2500
BEPR.U.TO,20230330,8.46,8.46,8.46,8.46,0
BESG.TO,20230330,15.62,15.62,15.62,15.62,901
BFIN.TO,20230330,17.93,17.93,17.8,17.87,500
BGC.TO,20230330,27.25,27.25,27.25,27.25,0
BGI.UN.TO,20230330,4.35,4.36,4.26,4.3,40370
BGU.TO,20230330,34.1,34.1,34.1,34.1,0
BGU.U.TO,20230330,24.97,24.97,24.97,24.97,0
BHC.TO,20230330,10.45,10.59,10.22,10.4,267479
BIK.PR.A.TO,20230330,23.04,23.1,22.77,22.77,1800
BIP.PR.A.TO,20230330,16.7,16.7,16.6,16.6,400
BIP.PR.B.TO,20230330,21.52,21.6,21.5,21.5,1200
BIP.PR.E.TO,20230330,21.34,21.53,21.34,21.53,10100
BIP.PR.F.TO,20230330,19.28,19.33,19.1,19.33,7300
BIP.UN.TO,20230330,44.68,45.4,44.68,44.84,201168
BIPC.TO,20230330,61.68,61.89,61.26,61.48,63555
BIR.TO,20230330,7.7,7.74,7.49,7.55,1510658
BITF.TO,20230330,1.31,1.32,1.25,1.26,764841
BITI.TO,20230330,12.84,13.23,12.81,13.08,115768
BITI.U.TO,20230330,9.9,9.9,9.9,9.9,0
BK.TO,20230330,13.39,13.39,13.1,13.19,109372
BK.PR.A.TO,20230330,10.04,10.04,10.02,10.03,83800
BKCC.TO,20230330,14.72,14.72,14.72,14.72,112
BKI.TO,20230330,0.07,0.07,0.07,0.07,10068
BLB.UN.TO,20230330,8,8,8,8,0
BLCK.TO,20230330,25.13,25.13,25.13,25.13,370
BLCO.TO,20230330,22.8,23.13,22.74,23.13,1318
BLDP.TO,20230330,7.47,7.58,7.2,7.29,753075
BLN.TO,20230330,2.25,2.27,2.25,2.25,7397
BLOV.TO,20230330,22.21,22.21,22.17,22.17,700
BLX.TO,20230330,39.49,40.88,39.47,40.76,298003
BMAX.TO,20230330,12.1,12.11,12.03,12.07,22397
BMO.TO,20230330,119.77,120.62,119.07,119.44,1581678
BMO.PR.E.TO,20230330,20.45,20.5,20.45,20.5,1200
BMO.PR.T.TO,20230330,16.82,16.82,16.82,16.82,0
BMO.PR.W.TO,20230330,16.77,16.77,16.77,16.77,800
BMO.PR.Y.TO,20230330,18.3,18.3,18.3,18.3,1400
BN.TO,20230330,42.53,42.97,42.43,42.78,2668467
BN.PF.A.TO,20230330,18.94,19,18.94,19,8100
BN.PF.B.TO,20230330,16.28,16.28,16.28,16.28,500
BN.PF.C.TO,20230330,19.05,19.05,19.05,19.05,0
BN.PF.D.TO,20230330,19.14,19.15,19.11,19.11,400
BN.PF.E.TO,20230330,14.61,14.63,14.61,14.63,819
BN.PF.F.TO,20230330,16.2,16.25,16.2,16.25,500
BN.PF.G.TO,20230330,14.89,14.89,14.72,14.89,2400
BN.PF.H.TO,20230330,21.94,22,21.94,22,200
BN.PF.I.TO,20230330,20.25,20.35,20.19,20.21,30610
BN.PF.J.TO,20230330,21.95,22.25,21.81,22.24,18200
BN.PF.K.TO,20230330,15.51,15.51,15.2,15.21,3018
BN.PR.B.TO,20230330,12.51,12.51,12.12,12.12,8900
BN.PR.C.TO,20230330,12.38,12.38,12.35,12.35,6900
BN.PR.K.TO,20230330,12.5,12.5,12.5,12.5,3000
BN.PR.M.TO,20230330,18.56,18.63,18.56,18.63,1100
BN.PR.N.TO,20230330,18.58,18.58,18.55,18.55,1100
BN.PR.R.TO,20230330,13.64,13.73,13.61,13.71,1400
BN.PR.T.TO,20230330,13.74,13.99,13.74,13.9,3400
BN.PR.X.TO,20230330,14.6,14.6,14.6,14.6,149
BN.PR.Z.TO,20230330,19.5,19.82,19.46,19.7,24058
BNC.TO,20230330,23.99,24.07,23.98,24,706
BND.TO,20230330,17.03,17.03,17.02,17.02,346
BNE.TO,20230330,6.57,6.57,6.38,6.53,74313
BNG.TO,20230330,0.065,0.065,0.06,0.06,35027
BNK.TO,20230330,10.7,10.87,10.7,10.85,3900
BNK.PR.A.TO,20230330,9.35,9.35,9.35,9.35,0
BNRE.TO,20230330,43.18,43.29,42.95,43.22,8437
BNS.TO,20230330,68.03,68.48,67.59,67.79,6567141
BOS.TO,20230330,7.62,7.62,7.36,7.47,56258
BPF.UN.TO,20230330,15.13,15.15,15.06,15.06,18385
BPO.PR.A.TO,20230330,12.15,12.25,12.15,12.22,2692
BPO.PR.C.TO,20230330,17.8,17.8,17.22,17.4,15005
BPO.PR.E.TO,20230330,15.1,15.1,14.85,14.93,3550
BPO.PR.G.TO,20230330,16.1,16.25,15.74,15.86,18307
BPO.PR.I.TO,20230330,15.15,15.35,14.98,15.15,18788
BPO.PR.N.TO,20230330,10.96,10.97,10.89,10.95,4603
BPO.PR.P.TO,20230330,11.18,11.3,11.12,11.18,5605
BPO.PR.R.TO,20230330,11.79,11.79,11.46,11.48,5195
BPO.PR.T.TO,20230330,14.1,14.24,14.1,14.15,7525
BPO.PR.W.TO,20230330,9.68,9.72,9.5,9.5,18800
BPO.PR.X.TO,20230330,9.38,9.38,9.3,9.3,2700
BPRF.TO,20230330,20.69,20.69,20.6,20.67,8205
BPRF.U.TO,20230330,20.49,20.49,20.49,20.49,0
BPS.PR.A.TO,20230330,24.95,24.95,24.95,24.95,0
BPS.PR.B.TO,20230330,24.61,24.61,24.61,24.61,0
BPS.PR.C.TO,20230330,24.7,24.7,24.7,24.7,2500
BPS.PR.U.TO,20230330,24.81,24.81,24.8,24.8,800
BPYP.PR.A.TO,20230330,22.6,22.6,22.15,22.15,886
BR.TO,20230330,1.65,1.7,1.55,1.55,10601
BRAG.TO,20230330,4.62,4.88,4.62,4.76,8333
BRE.TO,20230330,14.86,14.86,14.34,14.68,18697
BREA.TO,20230330,21.98,21.98,21.89,21.9,2081
BRF.PR.A.TO,20230330,14.25,14.3,14.25,14.3,300
BRF.PR.B.TO,20230330,16.85,16.85,16.85,16.85,400
BRF.PR.C.TO,20230330,16.19,16.22,16,16.2,10650
BRF.PR.E.TO,20230330,18.36,18.36,18.36,18.36,113
BRF.PR.F.TO,20230330,18.4,18.4,18.4,18.4,0
BRMI.TO,20230330,2,2,2,2,1300
BRY.TO,20230330,0.57,0.58,0.52,0.52,60686
BSKT.TO,20230330,8.42,8.42,8.42,8.42,4700
BSX.TO,20230330,0.06,0.07,0.06,0.07,323511
BTB.DB.H.TO,20230330,98.99,98.99,98.99,98.99,5000
BTB.UN.TO,20230330,3.56,3.56,3.52,3.52,60478
BTCC.TO,20230330,5.54,5.56,5.38,5.44,260226
BTCC.B.TO,20230330,5.61,5.63,5.46,5.5,435633
BTCC.J.TO,20230330,4.96,4.96,4.96,4.96,0
BTCC.U.TO,20230330,5.26,5.27,5.11,5.16,138696
BTCQ.TO,20230330,6.37,6.37,6.19,6.22,24705
BTCX.B.TO,20230330,5.77,5.77,5.58,5.64,86625
BTCX.U.TO,20230330,5.4,5.4,5.24,5.27,15350
BTCY.TO,20230330,3.8,3.8,3.72,3.73,10454
BTCY.B.TO,20230330,4.28,4.29,4.28,4.29,1238
BTCY.U.TO,20230330,3.7,3.7,3.7,3.7,0
BTE.TO,20230330,5.15,5.15,5.04,5.12,2913391
BTO.TO,20230330,5.41,5.44,5.37,5.4,2256308
BU.TO,20230330,0.27,0.28,0.265,0.275,18586
BUI.TO,20230330,2.2,2.2,2.2,2.2,0
BXF.TO,20230330,9.87,9.87,9.87,9.87,5650
BYD.TO,20230330,217.94,217.99,209.64,213.85,17329
BYL.TO,20230330,0.48,0.48,0.465,0.47,34041
CACB.TO,20230330,19.12,19.12,19.12,19.12,41200
CAE.TO,20230330,29.37,30.2,29.29,30.19,532831
CAFR.TO,20230330,19.62,19.63,19.62,19.63,4800
CAGS.TO,20230330,45.73,45.73,45.73,45.73,100
CALL.TO,20230330,11.25,11.25,11.02,11.03,2669
CALL.B.TO,20230330,13.28,13.28,13.28,13.28,2000
CALL.U.TO,20230330,12.1,12.1,12.1,12.1,1000
CAR.UN.TO,20230330,47.25,47.89,47.11,47.5,413475
CARB.TO,20230330,9.64,9.64,9.64,9.64,0
CARS.TO,20230330,27.53,27.53,27.53,27.53,166
CAS.TO,20230330,10.92,10.97,10.77,10.8,90703
CASH.TO,20230330,50.2,50.2,50.19,50.2,77428
CBH.TO,20230330,17.06,17.12,17.06,17.12,4365
CBND.TO,20230330,8.67,8.67,8.67,8.67,100
CBNK.TO,20230330,7.39,7.39,7.26,7.26,4913
CBO.TO,20230330,17.29,17.32,17.29,17.31,10993
CCA.TO,20230330,63.35,64.49,63.35,63.76,79121
CCBI.TO,20230330,17.83,17.83,17.83,17.83,0
CCEI.TO,20230330,21.37,21.37,21.37,21.37,200
CCL.A.TO,20230330,66,66,66,66,100
CCL.B.TO,20230330,66,66.55,65.61,66.2,200715
CCM.TO,20230330,0.26,0.26,0.25,0.25,21967
CCO.TO,20230330,35.22,35.72,35.03,35.5,1224487
CCOM.TO,20230330,20.39,20.45,20.39,20.45,1000
CCRE.TO,20230330,17.61,17.62,17.61,17.62,1193
CCS.PR.C.TO,20230330,19.76,19.76,19.7,19.7,8100
CDIV.TO,20230330,12.74,12.75,12.72,12.74,12205
CDNA.TO,20230330,17.54,17.54,17.54,17.54,0
CDR.TO,20230330,0.3,0.3,0.3,0.3,17000
CDZ.TO,20230330,30.09,30.17,30.05,30.15,9650
CEE.TO,20230330,1.7,1.73,1.7,1.72,103050
CEF.TO,20230330,25.23,25.64,25.23,25.64,25525
CET.TO,20230330,1,1.01,0.98,0.98,205830
CEU.TO,20230330,2.67,2.71,2.66,2.71,303382
CEW.TO,20230330,15.31,15.33,15.26,15.29,1411
CF.TO,20230330,10.8,10.9,10.7,10.81,361565
CF.PR.A.TO,20230330,13.92,13.92,13.92,13.92,300
CF.PR.C.TO,20230330,19.5,19.5,19.37,19.37,700
CFF.TO,20230330,1.5,1.55,1.5,1.55,7500
CFLX.TO,20230330,16.86,16.86,16.86,16.86,2200
CFP.TO,20230330,21.77,21.78,21.18,21.21,135518
CFW.TO,20230330,4.09,4.09,3.99,4.05,104834
CFX.TO,20230330,2.99,3.06,2.97,3.04,10400
CG.TO,20230330,8.89,8.98,8.78,8.91,412385
CGAA.TO,20230330,23.24,23.24,23.24,23.24,220
CGBI.TO,20230330,17.44,17.44,17.44,17.44,4000
CGDV.TO,20230330,20.53,20.54,20.53,20.54,12200
CGG.TO,20230330,4.73,4.85,4.73,4.81,1200
CGI.TO,20230330,32.94,32.94,32.82,32.82,1515
CGIN.TO,20230330,20.49,20.49,20.49,20.49,1313
CGL.TO,20230330,15.85,16.1,15.85,16.1,57775
CGL.C.TO,20230330,22.62,22.78,22.62,22.78,24319
CGLO.TO,20230330,23.34,23.34,23.34,23.34,0
CGO.TO,20230330,57.18,58.05,56.77,57.68,18158
CGR.TO,20230330,26.46,26.49,26.46,26.49,518
CGRA.TO,20230330,20.31,20.31,20.31,20.31,0
CGRE.TO,20230330,20.24,20.24,20.24,20.24,0
CGRN.TO,20230330,20.2,20.2,20.2,20.2,0
CGX.TO,20230330,8.7,8.7,8.35,8.53,324663
CGX.DB.B.TO,20230330,100.24,100.31,100.2,100.31,755000
CGXF.TO,20230330,11.3,11.32,11.24,11.28,10053
CGXF.U.TO,20230330,8.17,8.17,8.17,8.17,0
CGY.TO,20230330,64.85,65.35,64.48,65,2002
CHE.DB.E.TO,20230330,96.75,97.21,96.3,97.21,82000
CHE.DB.G.TO,20230330,99,99,99,99,27000
CHE.DB.H.TO,20230330,99,99,99,99,36000
CHE.UN.TO,20230330,7.91,7.91,7.82,7.83,149760
CHNA.B.TO,20230330,24.31,24.32,24.31,24.32,815
CHP.UN.TO,20230330,14.29,14.43,14.2,14.32,239494
CHPS.TO,20230330,24.03,24.31,24.03,24.27,12040
CHR.TO,20230330,3.08,3.13,3.07,3.13,213384
CHR.DB.A.TO,20230330,95.1,95.1,95.1,95.1,0
CHR.DB.B.TO,20230330,95.99,95.99,95.99,95.99,0
CHR.DB.C.TO,20230330,85,85,85,85,15000
CHW.TO,20230330,9.17,9.19,8.99,9.12,76497
CIA.TO,20230330,6.33,6.38,6.3,6.38,149972
CIBR.TO,20230330,32.78,32.78,32.78,32.78,600
CIC.TO,20230330,10.71,10.73,10.68,10.68,8906
CIEI.TO,20230330,20.38,20.51,20.38,20.51,2300
CIEM.TO,20230330,17.04,17.04,17.04,17.04,6233
CIEM.U.TO,20230330,17.01,17.01,17.01,17.01,0
CIF.TO,20230330,34.39,34.45,34.39,34.45,2404
CIGI.TO,20230330,141.89,142.67,141.25,141.88,25566
CINF.TO,20230330,23.6,23.66,23.6,23.66,440
CINT.TO,20230330,21.24,21.25,21.22,21.24,1600
CIQ.UN.TO,20230330,7.22,7.22,7.22,7.22,0
CIU.PR.A.TO,20230330,18.65,18.65,18.65,18.65,400
CIX.TO,20230330,12.5,12.62,12.39,12.47,369836
CJ.TO,20230330,7.33,7.33,7.15,7.21,668163
CJR.B.TO,20230330,1.65,1.7,1.64,1.67,573741
CJT.TO,20230330,106.78,108.39,106.3,108,53920
CJT.DB.E.TO,20230330,99.98,99.98,99.98,99.98,10000
CJT.DB.F.TO,20230330,95.01,96.88,95,96.88,53000
CKI.TO,20230330,12.4,12.74,12.4,12.5,6830
CLF.TO,20230330,16.79,16.8,16.79,16.8,8300
CLG.TO,20230330,16.89,16.91,16.89,16.9,7211
CLML.TO,20230330,18.11,18.11,18.11,18.11,0
CLS.TO,20230330,17.33,17.4,17.1,17.1,201602
CM.TO,20230330,56.97,57.28,56.72,56.84,1938393
CM.PR.O.TO,20230330,17.07,17.15,17.07,17.15,2500
CM.PR.P.TO,20230330,16.71,16.72,16.7,16.71,1800
CM.PR.Q.TO,20230330,18.17,18.3,18.15,18.3,11500
CM.PR.S.TO,20230330,21.55,21.55,21.38,21.46,19827
CM.PR.Y.TO,20230330,23.61,23.61,23.5,23.5,2200
CMAG.TO,20230330,23.56,23.65,23.54,23.6,9240
CMAG.U.TO,20230330,17.61,17.61,17.58,17.58,40200
CMAR.TO,20230330,18.47,18.47,18.47,18.47,203
CMCX.B.TO,20230330,7.77,7.77,7.77,7.77,0
CMDO.TO,20230330,19.57,19.58,19.57,19.57,11600
CMDO.U.TO,20230330,19.61,19.61,19.61,19.61,3300
CMG.TO,20230330,7.4,7.42,7.24,7.29,54352
CMGG.TO,20230330,18.13,18.13,18.13,18.13,148
CMR.TO,20230330,50.05,50.05,50.04,50.04,44720
CNCC.TO,20230330,12.21,12.22,12.21,12.22,3800
CNE.TO,20230330,11.37,11.38,11.11,11.33,7325
CNQ.TO,20230330,74.65,74.85,73.67,74.3,4753060
CNR.TO,20230330,157.69,157.69,155.71,157.3,1012670
CNT.TO,20230330,0.115,0.115,0.115,0.115,1100
COG.TO,20230330,0.42,0.42,0.42,0.42,16005
COMM.TO,20230330,26.2,26.2,26.2,26.2,500
COPP.TO,20230330,26.6,26.6,26.6,26.6,113
COW.TO,20230330,66.97,67,66.05,66.17,4838
CP.TO,20230330,103.17,103.56,101.9,102.72,1889053
CPD.TO,20230330,10.84,10.89,10.79,10.87,14979
CPH.TO,20230330,3.32,3.41,3.25,3.34,35920
CPLF.TO,20230330,4.98,5.3,4.92,5,65919
CPLS.TO,20230330,17.63,17.63,17.63,17.63,0
CPX.TO,20230330,41.4,41.74,41.28,41.56,344351
CPX.PR.A.TO,20230330,13.15,13.15,13.02,13.02,1700
CPX.PR.C.TO,20230330,21.35,21.35,21.35,21.35,300
CPX.PR.E.TO,20230330,20.61,20.68,20.61,20.68,1100
CPX.PR.K.TO,20230330,24.85,24.85,24.85,24.85,0
CR.TO,20230330,4.88,4.88,4.63,4.69,487160
CRDL.TO,20230330,0.67,0.69,0.65,0.65,41900
CRED.TO,20230330,18.66,18.66,18.66,18.66,0
CRED.U.TO,20230330,18.81,18.81,18.81,18.81,0
CRON.TO,20230330,2.62,2.63,2.54,2.55,93999
CROP.TO,20230330,17.44,17.45,17.39,17.39,4911
CROP.U.TO,20230330,19.43,19.43,19.43,19.43,0
CRP.TO,20230330,2.51,2.51,2.5,2.51,300
CRR.UN.TO,20230330,14.72,14.95,14.67,14.92,165053
CRRX.TO,20230330,2.21,2.22,2.2,2.2,10361
CRT.UN.TO,20230330,15.63,15.97,15.63,15.95,106666
CRWN.TO,20230330,7.95,8,7.95,7.95,2200
CS.TO,20230330,5.82,6.11,5.78,6.06,3592737
CSAV.TO,20230330,50.03,50.03,50.02,50.03,14680
CSE.PR.A.TO,20230330,13.75,13.75,13.75,13.75,0
CSH.UN.TO,20230330,8.47,8.55,8.42,8.55,411584
CSU.TO,20230330,2433.72,2518.99,2433.72,2490,55407
CSU.DB.TO,20230330,137,138,137,138,30000
CSW.A.TO,20230330,15.22,15.6,15.1,15.12,13150
CSW.B.TO,20230330,13.99,14.05,13.99,14.02,3965
CTC.TO,20230330,327,327,327,327,101
CTC.A.TO,20230330,172.88,174.39,171.66,173.67,187056
CTF.UN.TO,20230330,3.03,3.03,3.02,3.02,46700
CTS.TO,20230330,4.04,4.05,3.93,4,735661
CTX.TO,20230330,0.66,0.66,0.66,0.66,49572
CU.TO,20230330,37.23,37.72,37.03,37.6,414950
CU.PR.C.TO,20230330,19.33,19.33,19.33,19.33,1314
CU.PR.D.TO,20230330,20.33,20.34,20.33,20.34,200
CU.PR.E.TO,20230330,20.3,20.3,20.3,20.3,700
CU.PR.F.TO,20230330,18.95,18.95,18.95,18.95,300
CU.PR.G.TO,20230330,18.9,18.92,18.9,18.92,1001
CU.PR.H.TO,20230330,22,22,22,22,900
CU.PR.I.TO,20230330,23.23,23.4,23.23,23.4,4300
CU.PR.J.TO,20230330,19.52,19.52,19.5,19.5,2600
CUD.TO,20230330,49.95,49.95,49.71,49.76,1615
CUEI.TO,20230330,21.56,21.56,21.56,21.56,300
CUP.U.TO,20230330,14.06,14.08,13.9,13.9,8505
CUTL.TO,20230330,19.2,19.2,19.2,19.2,0
CVD.TO,20230330,16.93,16.93,16.92,16.92,2000
CVE.TO,20230330,23.55,23.72,23.21,23.45,4394646
CVE.PR.A.TO,20230330,13.78,13.82,13.77,13.77,500
CVE.PR.C.TO,20230330,19.44,19.44,19.41,19.41,2100
CVE.PR.E.TO,20230330,20.23,20.23,20.23,20.23,100
CVE.PR.G.TO,20230330,19.61,19.61,19.61,19.61,100
CVE.WT.TO,20230330,16.68,16.99,16.68,16.99,5303
CVO.TO,20230330,8.08,8.08,7.95,7.95,46234
CWB.TO,20230330,24.32,24.62,24.32,24.53,363535
CWB.PR.B.TO,20230330,17.4,17.4,17.4,17.4,0
CWB.PR.D.TO,20230330,24.52,24.52,24.52,24.52,719
CWEB.TO,20230330,0.395,0.43,0.395,0.43,13444
CWL.TO,20230330,1.33,1.33,1.33,1.33,1300
CWW.TO,20230330,48.97,49.01,48.93,49,939
CXB.TO,20230330,1.3,1.36,1.27,1.36,1266852
CXF.TO,20230330,9.52,9.52,9.48,9.48,1439
CXI.TO,20230330,25.25,25.25,24.57,24.57,2038
CYB.TO,20230330,57.25,57.6,57.16,57.16,2554
CYBR.TO,20230330,34.35,34.42,34.3,34.3,3253
CYBR.B.TO,20230330,39.34,39.34,39.34,39.34,100
CYBR.U.TO,20230330,39.4,39.4,39.4,39.4,100
CYH.TO,20230330,19.43,19.55,19.43,19.55,214
D.UN.TO,20230330,14.19,14.45,14.19,14.26,119165
DAMG.TO,20230330,19.58,19.58,19.58,19.58,0
DANC.TO,20230330,21.49,21.5,21.49,21.5,4400
DATA.TO,20230330,16.12,16.21,16.12,16.2,1055
DATA.B.TO,20230330,17.36,17.36,17.36,17.36,176
DBM.TO,20230330,6.5,6.52,6.34,6.37,138803
DBO.TO,20230330,0.09,0.095,0.09,0.095,29920
DC.A.TO,20230330,1.2,1.2,1.18,1.18,16500
DC.PR.B.TO,20230330,17.2,17.25,17.2,17.25,1200
DC.PR.D.TO,20230330,19.25,19.25,19.25,19.25,700
DCBO.TO,20230330,53.64,53.64,52.22,52.49,33289
DCC.TO,20230330,17.85,17.85,17.85,17.85,0
DCM.TO,20230330,2.44,2.44,2.34,2.35,75798
DCS.TO,20230330,18.27,18.27,18.27,18.27,0
DCU.TO,20230330,17.61,17.61,17.61,17.61,0
DF.TO,20230330,3.82,3.95,3.82,3.89,29632
DF.PR.A.TO,20230330,9.42,9.43,9.41,9.43,6934
DFN.TO,20230330,7.36,7.36,7.26,7.26,276368
DFN.PR.A.TO,20230330,9.27,9.29,9.25,9.25,58653
DFY.TO,20230330,34.68,34.92,34.54,34.89,108968
DGR.TO,20230330,36.19,36.19,35.86,35.92,1387
DGR.B.TO,20230330,39.43,39.43,39.29,39.33,5100
DGRC.TO,20230330,34.03,34.05,34.01,34.01,386
DGS.TO,20230330,5.18,5.19,5.14,5.15,50032
DGS.PR.A.TO,20230330,9.47,9.47,9.42,9.43,4200
DHT.UN.TO,20230330,7.65,7.65,7.3,7.4,19425
DIAM.TO,20230330,0.085,0.085,0.085,0.085,2000
DII.B.TO,20230330,3.73,3.97,3.73,3.86,331306
DIR.UN.TO,20230330,14.26,14.46,14.26,14.38,313331
DISC.TO,20230330,30.72,30.72,30.61,30.61,200
DIV.TO,20230330,2.95,3,2.93,2.99,199538
DIV.DB.A.TO,20230330,91.25,91.25,91.25,91.25,0
DIVS.TO,20230330,14.44,14.44,14.44,14.44,200
DLCG.TO,20230330,3.03,3.03,2.9,2.92,4447
DLR.TO,20230330,13.91,13.91,13.88,13.89,229045
DLR.U.TO,20230330,10.27,10.27,10.26,10.27,310438
DML.TO,20230330,1.45,1.52,1.45,1.51,2563319
DN.TO,20230330,0.07,0.075,0.07,0.07,418527
DND.TO,20230330,18.13,18.67,18.09,18.41,165995
DNG.TO,20230330,3.04,3.04,2.95,2.96,16944
DNTL.TO,20230330,9.2,9.37,8.89,8.89,171543
DOL.TO,20230330,80,80.97,79.26,80.85,890308
DOO.TO,20230330,104,105.86,103.66,104.56,252059
DPM.TO,20230330,10.05,10.13,9.89,10.11,559075
DR.TO,20230330,7.91,8,7.8,7.99,10384
DRCU.TO,20230330,18.4,18.4,18.35,18.35,644
DRFD.TO,20230330,19.73,19.73,19.73,19.73,0
DRM.TO,20230330,23.71,23.93,23.53,23.53,21693
DRMC.TO,20230330,24.44,24.44,24.35,24.35,562
DRMD.TO,20230330,23.5,23.5,23.5,23.5,170
DRME.TO,20230330,16.12,16.12,16.12,16.12,4443
DRMU.TO,20230330,29.39,29.39,29.39,29.39,187
DRR.U.TO,20230330,8.5,9.28,8.5,9.24,7201
DRT.TO,20230330,0.63,0.63,0.62,0.63,21201
DRX.TO,20230330,2.14,2.14,2.14,2.14,505
DS.TO,20230330,7.44,7.44,7.43,7.43,413
DSAE.TO,20230330,19.54,19.54,19.54,19.54,160
DSG.TO,20230330,107.33,107.49,106.12,107.15,156779
DSV.TO,20230330,1.33,1.38,1.23,1.37,1116709
DTOL.TO,20230330,7.8,7.85,7.76,7.76,1125
DXB.TO,20230330,18.5,18.51,18.49,18.5,25516
DXC.TO,20230330,32.36,32.36,32.21,32.28,7631
DXDB.TO,20230330,20.5,20.53,20.5,20.52,4000
DXEM.TO,20230330,14.19,14.19,14.19,14.19,0
DXET.TO,20230330,17.37,17.37,17.37,17.37,0
DXF.TO,20230330,29.25,29.25,29.24,29.24,341
DXG.TO,20230330,44.75,44.87,44.73,44.8,7155
DXIF.TO,20230330,19.33,19.33,19.33,19.33,100
DXN.TO,20230330,19.56,19.56,19.56,19.56,0
DXP.TO,20230330,19.2,19.23,19.1,19.1,19747
DXQ.TO,20230330,21.27,21.27,21.27,21.27,0
DXR.TO,20230330,20.69,20.85,20.69,20.81,71700
DXT.TO,20230330,4.94,4.94,4.8,4.9,24397
DXU.TO,20230330,41.67,41.74,41.67,41.74,4526
DXV.TO,20230330,19.72,19.72,19.59,19.63,1278
DXZ.TO,20230330,10.59,10.59,10.59,10.59,0
DYA.TO,20230330,0.18,0.185,0.18,0.185,62620
E.TO,20230330,0.39,0.39,0.38,0.38,35079
EAGR.TO,20230330,0.84,0.84,0.8,0.81,43169
EARN.TO,20230330,45.65,45.65,45.65,45.65,1000
EBIT.TO,20230330,14.23,14.25,13.83,13.97,20697
EBIT.U.TO,20230330,10.55,10.55,10.29,10.29,300
EBNK.TO,20230330,8.93,8.93,8.78,8.86,46510
EBNK.B.TO,20230330,8.62,8.62,8.59,8.59,7775
ECN.TO,20230330,2.56,2.7,2.51,2.69,1746864
ECN.DB.TO,20230330,86,86,86,86,0
ECN.DB.A.TO,20230330,75,75,75,75,29000
ECN.DB.B.TO,20230330,73.9,74,73.9,74,24000
ECN.PR.C.TO,20230330,21.29,21.6,21.29,21.29,2619
ECO.TO,20230330,3.44,3.59,3.44,3.59,11400
ECOR.TO,20230330,2.47,2.47,2.3,2.47,2310
EDGE.TO,20230330,29.84,29.84,29.84,29.84,335
EDR.TO,20230330,5.02,5.18,4.95,5.18,427551
EDT.TO,20230330,0.305,0.335,0.3,0.325,303490
EDV.TO,20230330,32.5,33.36,32.35,32.84,689225
EFN.TO,20230330,17.37,17.63,17.31,17.49,721591
EFN.PR.C.TO,20230330,23.87,24,23.87,24,648
EFR.TO,20230330,7.45,7.5,7.35,7.5,238362
EFX.TO,20230330,7.98,7.98,7.76,7.85,246945
EGLX.TO,20230330,0.81,0.81,0.78,0.8,232710
EIF.TO,20230330,52.99,53.21,52.95,53.12,42273
EIF.DB.J.TO,20230330,110.3,110.5,110.3,110.5,2000
EIF.DB.K.TO,20230330,111.85,111.85,111.76,111.76,70000
EIF.DB.L.TO,20230330,106,106,106,106,1000
EIF.DB.M.TO,20230330,98.1,98.1,98.1,98.1,0
EIT.PR.A.TO,20230330,24.57,24.57,24.57,24.57,718
EIT.PR.B.TO,20230330,24.1,24.1,24.1,24.1,1476
EIT.UN.TO,20230330,12.65,12.66,12.55,12.59,132291
ELD.TO,20230330,14,14.19,13.93,14.18,443433
ELEF.TO,20230330,0.49,0.49,0.46,0.475,14594
ELF.TO,20230330,904.99,908,904.99,908,450
ELF.PR.F.TO,20230330,20.6,20.6,20.6,20.6,4100
ELF.PR.G.TO,20230330,18.85,18.85,18.85,18.85,100
ELF.PR.H.TO,20230330,21.48,21.49,21.36,21.39,4500
ELO.TO,20230330,3.71,3.76,3.64,3.74,75670
ELR.TO,20230330,0.12,0.12,0.105,0.105,239000
EMA.TO,20230330,55.83,56.13,55.69,55.85,907054
EMA.PR.A.TO,20230330,13.5,13.5,13.5,13.5,1000
EMA.PR.C.TO,20230330,19.08,19.5,18.99,19.06,5059
EMA.PR.E.TO,20230330,18.4,18.4,18.4,18.4,500
EMA.PR.F.TO,20230330,17.5,17.5,17.5,17.5,375
EMA.PR.H.TO,20230330,20.15,20.15,20.15,20.15,400
EMA.PR.J.TO,20230330,22.4,22.49,22,22.24,14675
EMA.PR.L.TO,20230330,18.82,18.82,18.54,18.54,800
EMP.A.TO,20230330,36,36.27,35.63,35.92,479858
EMV.B.TO,20230330,25.16,25.21,25.16,25.21,900
ENB.TO,20230330,51.64,51.77,51.26,51.52,3136693
ENB.PF.A.TO,20230330,15.4,15.56,15.39,15.51,3500
ENB.PF.C.TO,20230330,15.15,15.15,15.14,15.14,300
ENB.PF.E.TO,20230330,14.08,14.3,14.08,14.2,5500
ENB.PF.G.TO,20230330,14.15,14.15,14.15,14.15,9100
ENB.PF.K.TO,20230330,22.41,22.41,22.4,22.4,1400
ENB.PF.U.TO,20230330,19.73,19.89,19.63,19.89,5725
ENB.PF.V.TO,20230330,19.8,20.25,19.75,20.22,2000
ENB.PR.A.TO,20230330,22.16,22.16,22.11,22.11,450
ENB.PR.B.TO,20230330,17.6,17.72,17.6,17.72,2427
ENB.PR.D.TO,20230330,18,18,17.83,17.85,2200
ENB.PR.F.TO,20230330,17.55,17.74,17.55,17.74,1500
ENB.PR.H.TO,20230330,15.69,15.69,15.42,15.42,4997
ENB.PR.J.TO,20230330,16,16,16,16,0
ENB.PR.N.TO,20230330,17.29,17.4,17.25,17.4,600
ENB.PR.P.TO,20230330,15.75,15.75,15.74,15.74,350
ENB.PR.T.TO,20230330,15.5,15.5,15.45,15.45,697
ENB.PR.V.TO,20230330,22.31,22.76,22.29,22.75,4313
ENB.PR.Y.TO,20230330,14.65,14.65,14.44,14.44,1987
ENCC.TO,20230330,10.64,10.64,10.52,10.61,35004
ENGH.TO,20230330,38.2,38.39,37.3,37.75,58025
ENI.UN.TO,20230330,1.64,1.75,1.64,1.75,3100
ENS.TO,20230330,15.12,15.12,15,15,12047
ENS.PR.A.TO,20230330,10.02,10.02,9.95,9.98,41438
EPRX.TO,20230330,4.1,4.15,4.1,4.15,971
EQB.TO,20230330,55.96,56.84,55.94,56.36,24110
EQB.PR.C.TO,20230330,22.9,22.9,22.9,22.9,300
EQL.TO,20230330,29.32,29.48,29.28,29.35,10930
EQL.F.TO,20230330,25.87,25.87,25.7,25.78,15752
EQL.U.TO,20230330,21.67,21.68,21.67,21.68,1400
EQX.TO,20230330,7.13,7.26,7.03,7.26,863529
ERD.TO,20230330,0.36,0.365,0.36,0.365,158500
ERE.UN.TO,20230330,3.26,3.29,3.24,3.27,75097
ERO.TO,20230330,24.57,24.8,23.97,24.25,258565
ESG.TO,20230330,28.75,28.75,28.7,28.7,700
ESG.F.TO,20230330,27.49,27.49,27.49,27.49,700
ESGA.TO,20230330,31.55,31.55,31.55,31.55,300
ESGB.TO,20230330,26.29,26.29,26.29,26.29,255
ESGC.TO,20230330,23.8,23.8,23.74,23.79,300
ESGE.TO,20230330,30.4,30.4,30.4,30.4,1100
ESGF.TO,20230330,24.37,24.37,24.37,24.37,0
ESGG.TO,20230330,34.93,34.93,34.93,34.93,0
ESGY.TO,20230330,38.16,38.16,38.16,38.16,160
ESI.TO,20230330,3.11,3.11,3.01,3.03,174764
ESM.TO,20230330,0.04,0.05,0.035,0.045,7074400
ESPX.TO,20230330,20.39,20.41,20.39,20.41,300
ESPX.B.TO,20230330,20.56,20.56,20.56,20.56,0
ET.TO,20230330,10.52,11.04,10.52,10.8,10195
ETC.TO,20230330,6.65,6.65,6.48,6.51,2840
ETC.U.TO,20230330,6.17,6.17,6.17,6.17,0
ETG.TO,20230330,1.32,1.33,1.29,1.33,15500
ETHH.TO,20230330,7.48,7.49,7.35,7.43,23180
ETHH.B.TO,20230330,8.55,8.55,8.39,8.49,17230
ETHH.U.TO,20230330,7.93,7.93,7.79,7.82,5970
ETHI.TO,20230330,40.77,40.77,40.66,40.73,582
ETHQ.TO,20230330,9.67,9.7,9.57,9.63,5221
ETHR.TO,20230330,8.58,8.58,8.38,8.47,27582
ETHR.U.TO,20230330,7.88,7.88,7.88,7.88,710
ETHX.B.TO,20230330,8.85,8.86,8.64,8.74,51858
ETHX.U.TO,20230330,8.21,8.22,8.02,8.08,30761
ETHY.TO,20230330,2.99,2.99,2.95,2.95,3306
ETHY.B.TO,20230330,3.67,3.67,3.67,3.67,111
ETHY.U.TO,20230330,2.93,2.93,2.93,2.93,0
ETSX.TO,20230330,19.68,19.68,19.68,19.68,149
EVT.TO,20230330,132.25,132.25,132.25,132.25,281
EXE.TO,20230330,6.35,6.36,6.28,6.31,74539
EXE.DB.C.TO,20230330,93.2,93.2,93,93,54000
EXN.TO,20230330,0.38,0.38,0.375,0.38,29250
EXRO.TO,20230330,2.7,2.72,2.65,2.69,276104
EXRO.WT.TO,20230330,1.31,1.35,1.31,1.35,25100
FANS.TO,20230330,0.07,0.075,0.07,0.075,371721
FAP.TO,20230330,2.57,2.58,2.57,2.57,10658
FAR.TO,20230330,2,2,1.95,1.95,14040
FBT.TO,20230330,25.88,25.88,25.88,25.88,0
FBTC.TO,20230330,13,13,12.75,12.92,1184
FBTC.U.TO,20230330,9.47,9.47,9.47,9.47,0
FC.TO,20230330,11,11.11,10.97,11.02,13315
FC.DB.H.TO,20230330,97,97,97,97,0
FC.DB.K.TO,20230330,88.5,88.5,88.5,88.5,4000
FC.DB.L.TO,20230330,90,90,90,90,7000
FCCD.TO,20230330,26.93,26.93,26.89,26.93,1500
FCCQ.TO,20230330,29.74,29.74,29.74,29.74,100
FCCV.TO,20230330,12.78,12.78,12.77,12.77,2010
FCD.UN.TO,20230330,5.57,5.58,5.51,5.54,15030
FCID.TO,20230330,23.64,23.64,23.54,23.54,1100
FCII.TO,20230330,21.32,21.32,21.32,21.32,0
FCIQ.TO,20230330,33.64,33.66,33.55,33.66,11131
FCIQ.U.TO,20230330,24.85,24.85,24.85,24.85,1600
FCIV.TO,20230330,29.81,29.81,29.76,29.76,2300
FCMI.TO,20230330,11.85,11.85,11.85,11.85,100
FCQH.TO,20230330,40.46,40.53,40.35,40.53,809
FCR.UN.TO,20230330,15.25,15.57,15.24,15.55,515460
FCRH.TO,20230330,28.38,28.38,28.38,28.38,0
FCRR.TO,20230330,31.64,31.8,31.64,31.71,636
FCSI.TO,20230330,18.82,18.82,18.82,18.82,0
FCU.TO,20230330,0.67,0.7,0.66,0.67,1230954
FCUD.TO,20230330,29.33,29.33,29.23,29.26,77300
FCUD.U.TO,20230330,21.45,21.45,21.45,21.45,0
FCUH.TO,20230330,26.6,26.62,26.51,26.51,800
FCUQ.TO,20230330,42.7,42.87,42.7,42.79,2372
FCUV.TO,20230330,13.06,13.06,12.99,13,1484
FCUV.U.TO,20230330,9.62,9.62,9.62,9.62,200
FCVH.TO,20230330,12.52,12.52,12.52,12.52,0
FDL.TO,20230330,29.67,29.67,29.67,29.67,170
FDN.F.TO,20230330,10.91,10.91,10.91,10.91,0
FDY.TO,20230330,0.83,0.84,0.82,0.83,157500
FEC.TO,20230330,11.81,11.94,11.78,11.94,25448
FETH.TO,20230330,32.86,32.86,32.86,32.86,100
FF.TO,20230330,0.18,0.185,0.165,0.175,1455709
FFH.TO,20230330,904,911.97,901.07,911.36,23048
FFH.PR.C.TO,20230330,18.19,18.41,18.19,18.36,5263
FFH.PR.D.TO,20230330,19.7,19.7,19.7,19.7,0
FFH.PR.E.TO,20230330,14.65,15.2,14.65,14.89,12625
FFH.PR.F.TO,20230330,17.05,17.05,17.05,17.05,100
FFH.PR.G.TO,20230330,15.1,15.3,14.9,15.16,900
FFH.PR.H.TO,20230330,18,18,18,18,0
FFH.PR.I.TO,20230330,16.2,16.31,16.2,16.3,35600
FFH.PR.J.TO,20230330,18.75,18.75,18.75,18.75,0
FFH.PR.K.TO,20230330,18.94,18.94,18.93,18.93,842
FFH.PR.M.TO,20230330,20.69,20.9,20.65,20.9,2000
FFH.U.TO,20230330,663.9,663.9,663.9,663.9,0
FFN.TO,20230330,4.35,4.35,4.28,4.3,96440
FFN.PR.A.TO,20230330,9.42,9.42,9.39,9.41,23061
FGAA.U.TO,20230330,10,10,10,10,0
FGAA.WT.U.TO,20230330,1.15,1.15,1.15,1.15,0
FGB.TO,20230330,17.89,17.89,17.89,17.89,400
FGGE.TO,20230330,20.47,20.47,20.47,20.47,100
FGO.TO,20230330,10.11,10.13,10.11,10.13,4550
FGO.U.TO,20230330,10.21,10.21,10.21,10.21,3500
FHG.TO,20230330,39.1,39.1,39.1,39.1,280
FHG.F.TO,20230330,25.11,25.11,25.11,25.11,131
FHH.F.TO,20230330,28.75,28.75,28.75,28.75,0
FHI.TO,20230330,11.27,11.31,11.27,11.31,1260
FHIS.TO,20230330,20.23,20.23,20.21,20.21,4100
FHQ.TO,20230330,64.66,64.66,64.66,64.66,0
FIE.TO,20230330,6.64,6.65,6.62,6.64,65433
FIG.TO,20230330,9.25,9.25,9.23,9.24,4000
FIG.U.TO,20230330,8.77,8.78,8.77,8.78,3243
FIH.U.TO,20230330,12.69,12.87,12.69,12.85,35885
FIL.TO,20230330,21.63,23.3,21.63,23.05,406641
FINT.TO,20230330,24.44,24.44,24.44,24.44,295
FLCI.TO,20230330,17.05,17.05,17.05,17.05,0
FLCP.TO,20230330,17.5,17.5,17.5,17.5,5100
FLGA.TO,20230330,18.66,18.66,18.62,18.62,800
FLI.TO,20230330,8.96,8.96,8.95,8.95,4334
FLNT.TO,20230330,0.035,0.04,0.035,0.04,7000
FLOW.TO,20230330,0.495,0.495,0.495,0.495,1009
FLSD.TO,20230330,18.56,18.56,18.56,18.56,0
FLUS.TO,20230330,31.98,31.99,31.91,31.97,600
FLX.TO,20230330,6.66,6.66,6.66,6.66,600
FLX.U.TO,20230330,5.57,5.57,5.57,5.57,0
FM.TO,20230330,30.1,31.12,30.07,30.75,1533327
FN.TO,20230330,37.6,37.72,37.19,37.34,10012
FN.PR.A.TO,20230330,10.75,10.75,10.75,10.75,100
FN.PR.B.TO,20230330,14.77,14.77,14.77,14.77,0
FNV.TO,20230330,197.04,197.49,194.83,197.26,347994
FOOD.TO,20230330,0.57,0.57,0.55,0.55,7763
FOOD.DB.A.TO,20230330,31,31,31,31,20000
FORA.TO,20230330,5.39,5.4,5.29,5.4,4229
FPR.TO,20230330,19.99,19.99,19.99,19.99,0
FRU.TO,20230330,14.72,14.72,14.38,14.46,442120
FRX.TO,20230330,11.15,11.2,11.15,11.2,200
FSB.TO,20230330,9.59,9.6,9.59,9.59,1040
FSB.U.TO,20230330,9.74,9.74,9.71,9.74,6400
FSF.TO,20230330,19.59,19.59,19.59,19.59,0
FSL.TO,20230330,16.85,16.85,16.85,16.85,100
FST.TO,20230330,42.36,42.36,42.36,42.36,0
FSV.TO,20230330,186.2,187.65,185.77,187.63,58588
FSY.TO,20230330,0.485,0.49,0.465,0.485,78197
FSZ.TO,20230330,7.55,7.69,7.5,7.55,440435
FT.TO,20230330,0.065,0.065,0.065,0.065,413800
FTG.TO,20230330,2.85,2.88,2.8,2.87,10599
FTN.TO,20230330,9.17,9.19,9.08,9.11,80357
FTN.PR.A.TO,20230330,9.72,9.77,9.71,9.76,78700
FTS.TO,20230330,57.2,57.88,57.2,57.72,880736
FTS.PR.F.TO,20230330,20.85,20.92,20.85,20.92,900
FTS.PR.G.TO,20230330,17.67,17.67,17.54,17.62,842
FTS.PR.H.TO,20230330,12.36,12.5,12.36,12.5,1700
FTS.PR.I.TO,20230330,15.7,15.7,15.7,15.7,0
FTS.PR.J.TO,20230330,20.08,20.33,20.08,20.33,2610
FTS.PR.K.TO,20230330,15.9,15.9,15.88,15.88,400
FTS.PR.M.TO,20230330,16.63,16.65,16.63,16.65,18600
FTT.TO,20230330,32.77,33.03,32.67,32.94,235039
FTU.TO,20230330,0.32,0.32,0.32,0.32,5000
FTU.PR.B.TO,20230330,6.35,6.35,6.35,6.35,300
FURY.TO,20230330,0.73,0.74,0.7,0.7,29398
FVI.TO,20230330,5.08,5.17,5.02,5.17,789104
FVI.DB.U.TO,20230330,99.55,99.55,99.55,99.55,0
FVL.TO,20230330,0.425,0.44,0.425,0.435,31307
FWCP.TO,20230330,17.18,17.18,17.18,17.18,0
FXM.TO,20230330,20.3,20.36,20.3,20.36,964
G.TO,20230330,1.44,1.5,1.41,1.41,46996
GATO.TO,20230330,7.6,9.16,7.59,9.07,10980
GAU.TO,20230330,0.75,0.77,0.75,0.77,87594
GBT.TO,20230330,14,14,14,14,0
GCBD.TO,20230330,17.83,17.84,17.83,17.83,950
GCG.A.TO,20230330,42.55,42.56,42.23,42.36,3225
GCL.TO,20230330,0.76,0.76,0.76,0.76,10326
GCSC.TO,20230330,20.39,20.39,20.39,20.39,300
GDC.TO,20230330,2.08,2.15,2.03,2.15,2500
GDI.TO,20230330,43.72,44.39,43.5,43.5,4370
GDL.TO,20230330,13.78,13.96,13.78,13.96,1795
GDPY.TO,20230330,20.32,20.32,20.3,20.3,700
GDPY.B.TO,20230330,19.63,19.63,19.63,19.63,1700
GDV.TO,20230330,10.19,10.24,10.08,10.08,10391
GDV.PR.A.TO,20230330,9.4,9.41,9.4,9.41,796
GEI.TO,20230330,21.81,21.81,21.45,21.55,385438
GENM.TO,20230330,0.6,0.6,0.58,0.6,52000
GEO.TO,20230330,3.38,3.51,3.37,3.46,29226
GEQT.TO,20230330,45.14,45.14,45.14,45.14,917
GFL.TO,20230330,45.61,46.76,45.55,46.39,236019
GFP.TO,20230330,1.3,1.32,1.26,1.28,11799
GGD.TO,20230330,2.08,2.12,2.03,2.11,1134850
GGRO.TO,20230330,42.97,42.97,42.97,42.97,0
GH.TO,20230330,8.48,8.57,8.44,8.44,6388
GIB.A.TO,20230330,127.64,128.54,126.76,128.51,358100
GIL.TO,20230330,44.14,44.74,44.09,44.21,225534
GIVX.TO,20230330,0.49,0.49,0.49,0.49,500
GLCC.TO,20230330,26.43,26.47,26.27,26.4,7280
GLO.TO,20230330,2.78,2.86,2.75,2.83,418904
GLXY.TO,20230330,4.82,5.16,4.76,5.11,1358358
GMTN.TO,20230330,0.195,0.195,0.185,0.185,139114
GMX.TO,20230330,0.74,0.74,0.73,0.74,18601
GOLD.TO,20230330,1.6,1.68,1.6,1.68,399224
GOOS.TO,20230330,24.75,25.38,24.63,24.73,356963
GRA.TO,20230330,2.94,3.15,2.94,3.04,212782
GRC.TO,20230330,0.135,0.135,0.135,0.135,1332
GRID.TO,20230330,0.82,0.82,0.74,0.74,3251068
GRN.TO,20230330,0.29,0.305,0.28,0.285,233272
GRNI.TO,20230330,29.26,29.33,29.2,29.2,8100
GRT.UN.TO,20230330,79.42,81.62,79.42,81.06,57926
GSY.TO,20230330,94,94,89.31,92.72,157281
GTE.TO,20230330,1.1,1.2,1.09,1.19,1064523
GUD.TO,20230330,4.42,4.44,4.38,4.44,95029
GURU.TO,20230330,2.67,2.89,2.67,2.79,4409
GVC.TO,20230330,0.29,0.29,0.23,0.24,109155
GWO.TO,20230330,35.07,35.52,35.04,35.43,1447505
GWO.PR.G.TO,20230330,21.6,21.85,21.5,21.85,7000
GWO.PR.H.TO,20230330,19.94,19.95,19.8,19.93,2800
GWO.PR.I.TO,20230330,18.98,18.98,18.98,18.98,1200
GWO.PR.L.TO,20230330,22.94,22.98,22.84,22.98,1000
GWO.PR.M.TO,20230330,23.58,23.9,23.58,23.9,7286
GWO.PR.N.TO,20230330,11.94,12,11.94,12,200
GWO.PR.P.TO,20230330,22.2,22.34,22.1,22.34,3500
GWO.PR.Q.TO,20230330,21.05,21.23,21.05,21.19,2879
GWO.PR.R.TO,20230330,19.95,19.95,19.95,19.95,248
GWO.PR.S.TO,20230330,21.6,21.6,21.6,21.6,250
GWO.PR.T.TO,20230330,21.21,21.21,21.21,21.21,600
GWO.PR.Y.TO,20230330,18.9,18.9,18.9,18.9,0
GXE.TO,20230330,1.01,1.03,1.01,1.03,1070591
H.TO,20230330,38.62,39.05,38.62,39.02,948899
HAB.TO,20230330,9.65,9.71,9.65,9.71,3438
HAC.TO,20230330,24.75,24.88,24.75,24.83,35404
HAI.TO,20230330,3.8,4,3.78,3.92,56872
HAL.TO,20230330,19.2,19.2,19.15,19.17,10729
HAZ.TO,20230330,27.63,27.65,27.63,27.65,2011
HBA.TO,20230330,20.73,20.73,20.41,20.41,1286
HBAL.TO,20230330,12.9,12.9,12.86,12.86,7165
HBB.TO,20230330,45.84,45.94,45.84,45.87,1687
HBD.TO,20230330,10.4,10.4,10.24,10.24,1425
HBF.TO,20230330,9.45,9.45,9.37,9.41,25518
HBF.B.TO,20230330,10.21,10.22,10.21,10.22,1098
HBF.U.TO,20230330,10.43,10.43,10.38,10.42,3675
HBFE.TO,20230330,10.23,10.23,10.2,10.2,200
HBGD.TO,20230330,15.59,15.59,15.59,15.59,0
HBKD.TO,20230330,21.85,21.85,21.85,21.85,0
HBKU.TO,20230330,18.16,18.31,18.16,18.16,2201
HBLK.TO,20230330,9.95,9.95,9.91,9.91,901
HBM.TO,20230330,6.85,7.1,6.83,7.07,1481488
HBP.TO,20230330,0.22,0.22,0.22,0.22,0
HBU.TO,20230330,11.74,11.97,11.74,11.94,4295
HBUG.TO,20230330,18.2,18.2,18.2,18.2,0
HCA.TO,20230330,20.97,20.97,20.8,20.84,19422
HCAL.TO,20230330,20.04,20.08,19.89,19.93,43674
HCLN.TO,20230330,12.12,12.38,12.12,12.36,1930
HCON.TO,20230330,12.1,12.1,12.1,12.1,294
HCRE.TO,20230330,24.61,24.82,24.61,24.82,200
HDGE.TO,20230330,22.11,22.11,22.11,22.11,0
HDIF.TO,20230330,7.88,7.89,7.8,7.83,138458
HDIV.TO,20230330,15.58,15.58,15.49,15.55,41378
HED.TO,20230330,7.01,7.16,6.95,7.06,60458
HERO.TO,20230330,26.7,26.7,26.7,26.7,130
HEU.TO,20230330,21.47,21.54,20.9,21.2,36735
HEWB.TO,20230330,28.6,28.62,28.42,28.42,5673
HFD.TO,20230330,11.88,11.88,11.75,11.85,40735
HFG.TO,20230330,18.7,18.7,18.7,18.7,0
HFIN.TO,20230330,13.01,13.05,12.99,13.03,11734
HFPC.U.TO,20230330,2.61,2.75,2.61,2.75,1330
HFR.TO,20230330,9.7,9.71,9.7,9.71,42185
HFU.TO,20230330,17,17.13,16.93,16.95,3122
HGD.TO,20230330,5.32,5.46,5.32,5.36,270820
HGGG.TO,20230330,28.42,28.5,28.42,28.5,600
HGR.TO,20230330,6.35,6.35,6.35,6.35,104
HGU.TO,20230330,15.99,16.1,15.72,15.99,232203
HGY.TO,20230330,9.9,9.91,9.9,9.9,5747
HHL.TO,20230330,7.91,7.91,7.87,7.9,68991
HHL.B.TO,20230330,8.52,8.52,8.52,8.52,100
HHL.U.TO,20230330,8.27,8.27,8.27,8.27,0
HHLE.TO,20230330,9.96,10.01,9.96,10.01,341
HIG.TO,20230330,8.35,8.35,8.35,8.35,0
HISU.U.TO,20230330,100.02,100.02,100,100.01,8658
HIU.TO,20230330,14.6,14.68,14.6,14.62,27455
HIX.TO,20230330,29.51,29.64,29.51,29.62,3226
HLF.TO,20230330,15.52,15.87,15.5,15.85,18265
HLFE.TO,20230330,10.17,10.17,10.17,10.17,2450
HLIF.TO,20230330,8.97,8.98,8.97,8.97,8800
HLIT.TO,20230330,37.13,37.13,36.65,36.69,1667
HLPR.TO,20230330,21.55,21.55,21.52,21.52,800
HLS.TO,20230330,6.09,6.34,6.09,6.25,2900
HMAX.TO,20230330,14.81,14.81,14.7,14.73,119359
HMM.A.TO,20230330,6.19,6.2,6.19,6.2,3761
HMMJ.TO,20230330,10.55,10.56,10.35,10.35,4913
HMP.TO,20230330,9.32,9.33,9.32,9.33,21600
HND.TO,20230330,77.21,80.5,75,78.39,242108
HNU.TO,20230330,15.92,16.4,15.16,15.57,2796694
HOD.TO,20230330,11.55,11.8,11.3,11.38,1044887
HOM.DB.U.TO,20230330,100,100,100,100,0
HOM.U.TO,20230330,13.33,13.37,13.21,13.31,9502
HOM.UN.TO,20230330,17.72,18.01,17.72,18,32973
HOT.DB.V.TO,20230330,85,85,85,85,0
HOT.U.TO,20230330,1.79,1.79,1.79,1.79,0
HOT.UN.TO,20230330,2.44,2.44,2.33,2.36,96871
HOU.TO,20230330,12.51,12.77,12.25,12.67,825737
HPF.TO,20230330,3.35,3.35,3.35,3.35,1001
HPR.TO,20230330,7.45,7.49,7.45,7.49,17676
HPS.A.TO,20230330,37,39.71,37,38.52,37219
HQD.TO,20230330,26.19,26.4,26,26.12,648945
HQD.U.TO,20230330,19.3,19.38,19.3,19.32,500
HQU.TO,20230330,10.79,10.87,10.71,10.83,701464
HR.UN.TO,20230330,12.29,12.46,12.28,12.39,214205
HRAA.TO,20230330,10.69,10.7,10.69,10.7,700
HRED.TO,20230330,15.35,15.35,15.35,15.35,0
HRX.TO,20230330,12.78,12.99,12.78,12.85,15775
HSAV.TO,20230330,105.65,105.76,105.34,105.43,60689
HSD.TO,20230330,29.7,30.02,29.68,29.76,557762
HSH.TO,20230330,52,52,49.47,49.47,1347
HSU.TO,20230330,13.83,13.86,13.71,13.83,524968
HSUV.U.TO,20230330,103.49,103.52,103.48,103.52,11095
HTA.TO,20230330,13.67,13.67,13.61,13.66,13805
HTA.B.TO,20230330,13.89,13.89,13.89,13.89,1000
HTA.U.TO,20230330,14.44,14.44,14.44,14.44,400
HTAE.TO,20230330,11.88,11.88,11.73,11.79,13337
HTB.TO,20230330,55.66,55.73,55.66,55.73,2935
HTB.U.TO,20230330,41.19,41.21,41.19,41.21,200
HUBL.TO,20230330,10.94,10.95,10.66,10.69,33854
HUC.TO,20230330,19.44,19.51,19.38,19.49,1238
HUG.TO,20230330,15.85,15.97,15.85,15.97,2856
HULC.TO,20230330,63.97,63.97,63.97,63.97,100
HUM.TO,20230330,22.25,22.25,21.93,21.93,1400
HUN.TO,20230330,11.79,11.79,11.53,11.6,4772
HURA.TO,20230330,21.84,22.04,21.84,22.04,2600
HUT.TO,20230330,2.43,2.45,2.33,2.34,4116655
HUTE.TO,20230330,10.76,10.76,10.76,10.76,0
HUTL.TO,20230330,17.62,17.74,17.59,17.72,29001
HUTS.TO,20230330,14.01,14.01,14.01,14.01,0
HUV.TO,20230330,31.94,33.1,31.85,32.07,81694
HUZ.TO,20230330,11,11.14,11,11.13,7584
HWO.TO,20230330,1.39,1.39,1.26,1.29,39079
HWX.TO,20230330,6.4,6.42,6.29,6.33,734056
HXCN.TO,20230330,30.82,30.82,30.82,30.82,0
HXD.TO,20230330,7.05,7.11,7.04,7.07,90097
HXDM.TO,20230330,39.93,39.93,39.87,39.91,7322
HXE.TO,20230330,28.73,28.73,28.53,28.63,2556
HXEM.TO,20230330,31.93,31.98,31.93,31.97,1473
HXH.TO,20230330,43.58,43.58,43.58,43.58,0
HXQ.TO,20230330,49.83,49.94,49.7,49.83,11949
HXQ.U.TO,20230330,36.69,36.69,36.69,36.69,1701
HXS.TO,20230330,55.22,55.23,54.95,55.12,10355
HXS.U.TO,20230330,40.29,40.74,40.29,40.74,1472
HXT.TO,20230330,49.36,49.36,49.11,49.27,250902
HXU.TO,20230330,18.4,18.4,18.23,18.32,54791
HXX.TO,20230330,42.43,42.43,42.42,42.42,1156
HYBR.TO,20230330,7.65,7.65,7.65,7.65,0
HYLD.TO,20230330,11.99,11.99,11.92,11.95,95979
HYLD.U.TO,20230330,12.11,12.12,12.09,12.12,7033
HZD.TO,20230330,15.06,15.21,14.66,14.66,21563
HZU.TO,20230330,22.25,22.84,22.09,22.79,73544
IAF.PR.B.TO,20230330,20.2,20.2,20.2,20.2,0
IAG.TO,20230330,85.31,85.76,84.22,84.7,271225
IAU.TO,20230330,3.25,3.35,3.23,3.35,782387
IBG.DB.E.TO,20230330,100.1,100.1,100.1,100.1,10000
ICAE.TO,20230330,19.28,19.28,19.28,19.28,100
ICPB.TO,20230330,9.36,9.36,9.36,9.36,1800
IDIV.B.TO,20230330,11.7,11.7,11.7,11.7,200
IE.TO,20230330,16.03,16.22,15.97,16.22,2612
IFC.TO,20230330,190.65,192.31,189.9,192.26,274081
IFC.PR.A.TO,20230330,17.15,17.18,17.14,17.18,1600
IFC.PR.C.TO,20230330,17.4,17.4,17.4,17.4,0
IFC.PR.E.TO,20230330,21.38,21.38,21.36,21.36,631
IFC.PR.F.TO,20230330,22.2,22.2,22.2,22.2,0
IFC.PR.G.TO,20230330,20.47,20.47,19.99,20,4100
IFC.PR.I.TO,20230330,22.13,22.13,22.13,22.13,175
IFC.PR.K.TO,20230330,22.13,22.13,22.13,22.13,500
IFP.TO,20230330,21.72,21.92,21.32,21.38,188267
IFRF.TO,20230330,8.73,8.77,8.73,8.73,4600
IGAF.TO,20230330,11.47,11.47,11.47,11.47,0
IGB.TO,20230330,17.41,17.41,17.41,17.41,200
IGM.TO,20230330,39.98,40.06,39.58,39.99,172336
IIAE.TO,20230330,20.3,20.3,20.3,20.3,0
III.TO,20230330,1.94,2.03,1.9,1.9,10400
IIP.UN.TO,20230330,13.23,13.43,13.23,13.38,326230
ILGB.TO,20230330,8.55,8.55,8.55,8.55,200
IMG.TO,20230330,3.67,3.77,3.66,3.74,687768
IMO.TO,20230330,68.9,69,66.88,67.99,519691
IMP.TO,20230330,0.65,0.65,0.62,0.63,25500
INC.UN.TO,20230330,11.03,11.2,11.03,11.2,9477
INE.TO,20230330,14.51,14.87,14.41,14.75,341133
INE.DB.B.TO,20230330,98.5,98.5,98.5,98.5,0
INE.DB.C.TO,20230330,95.5,95.5,95.5,95.5,0
INE.PR.A.TO,20230330,14.05,14.36,14,14.36,1200
INE.PR.C.TO,20230330,22,22,22,22,300
INO.UN.TO,20230330,3.85,3.92,3.79,3.79,53814
IPCO.TO,20230330,13.36,13.36,13.16,13.31,120910
IPO.TO,20230330,2.67,2.67,2.62,2.65,147117
IQD.B.TO,20230330,27.2,27.2,27.2,27.2,200
ISTE.F.TO,20230330,17.06,17.06,17.06,17.06,0
ISV.TO,20230330,21.63,21.8,21.55,21.8,24100
ITE.TO,20230330,0.305,0.31,0.305,0.31,702749
ITH.TO,20230330,0.72,0.74,0.72,0.73,27511
IUTE.TO,20230330,18.86,18.86,18.74,18.74,401
IVN.TO,20230330,11.8,12.07,11.7,12.07,1538471
IVQ.TO,20230330,1.14,1.15,1.14,1.14,10300
IVQ.DB.U.TO,20230330,70.27,70.27,70,70,12000
IVQ.DB.V.TO,20230330,81.99,83,81.99,83,30000
IVQ.U.TO,20230330,0.82,0.82,0.82,0.82,5000
IWBE.TO,20230330,17.45,17.48,17.45,17.48,1600
IXTE.TO,20230330,18.44,18.44,18.38,18.4,400
JAG.TO,20230330,2.72,2.72,2.59,2.61,35901
JFS.UN.TO,20230330,23.86,23.86,23.86,23.86,500
JOY.TO,20230330,6.09,6.09,5.88,5.94,204309
JWEL.TO,20230330,32.78,33,32.55,32.79,40530
K.TO,20230330,6.43,6.45,6.32,6.42,2793031
KBL.TO,20230330,27.02,27.5,27.01,27.5,6000
KEC.TO,20230330,12.49,12.49,11.79,11.79,10871
KEG.UN.TO,20230330,15.69,15.75,15.55,15.6,20455
KEI.TO,20230330,5.64,5.73,5.47,5.64,33361
KEL.TO,20230330,4.66,4.66,4.52,4.61,290220
KEY.TO,20230330,29.3,29.51,28.95,29.48,572620
KILO.TO,20230330,29.51,29.81,29.51,29.77,700
KILO.B.TO,20230330,32.09,32.09,32.09,32.09,500
KITS.TO,20230330,4.47,4.48,4.33,4.4,15722
KLS.TO,20230330,0.37,0.37,0.37,0.37,30000
KMP.UN.TO,20230330,16.86,17.17,16.86,17.12,123443
KNT.TO,20230330,8.15,8.15,7.67,7.8,1262165
KPT.TO,20230330,10.34,10.34,10.15,10.17,2879
KRN.TO,20230330,0.25,0.25,0.25,0.25,0
KRR.TO,20230330,4.65,4.74,4.56,4.73,417963
KSI.TO,20230330,2.69,2.69,2.57,2.6,22737
KXS.TO,20230330,180.87,182.71,178.21,182.32,25466
L.TO,20230330,121.61,123,121.3,122.69,326692
L.PR.B.TO,20230330,22.69,22.8,22.52,22.7,1404
LABS.TO,20230330,0.07,0.075,0.07,0.075,293577
LAC.TO,20230330,29.14,29.39,28.44,29.02,596852
LAM.TO,20230330,0.405,0.435,0.405,0.43,160319
LAS.A.TO,20230330,105.88,105.88,104.51,105.4,14819
LB.TO,20230330,32.24,32.4,31.95,32.25,250150
LB.PR.H.TO,20230330,16.15,16.15,16.15,16.15,0
LBS.TO,20230330,8.6,8.67,8.54,8.67,58284
LBS.PR.A.TO,20230330,9.84,9.84,9.81,9.82,27420
LCFS.TO,20230330,8.17,8.25,8.17,8.25,950
LCS.TO,20230330,5.06,5.1,5.02,5.09,38538
LCS.PR.A.TO,20230330,10.06,10.06,10.05,10.05,8400
LEAD.TO,20230330,14.55,14.55,14.55,14.55,0
LEAD.B.TO,20230330,15.28,15.28,15.28,15.28,300
LEV.TO,20230330,2.37,2.43,2.37,2.37,309827
LEV.WT.TO,20230330,0.3,0.3,0.3,0.3,0
LEV.WT.A.TO,20230330,0.75,0.82,0.75,0.82,1500
LFE.TO,20230330,2.83,2.85,2.77,2.82,6819
LFE.PR.B.TO,20230330,10.01,10.01,9.94,9.95,4645
LGD.TO,20230330,0.6,0.62,0.59,0.6,358676
LGO.TO,20230330,7.1,7.28,7.1,7.2,48829
LIF.TO,20230330,31.56,31.95,31.19,31.74,150681
LIFE.TO,20230330,21.27,21.27,21.18,21.18,1122
LIFE.B.TO,20230330,24.22,24.22,24.22,24.22,1300
LIRC.TO,20230330,16.15,16.15,16,16.14,115588
LN.TO,20230330,0.4,0.41,0.4,0.4,23000
LNF.TO,20230330,17.23,17.25,17.1,17.16,39130
LNR.TO,20230330,63.63,63.84,62.67,63.14,66683
LPEN.TO,20230330,1.07,1.09,1,1,50170
LSPD.TO,20230330,20.15,20.19,19.33,19.35,988005
LSPK.TO,20230330,0.57,0.6,0.56,0.57,9500
LUC.TO,20230330,0.52,0.53,0.52,0.53,21502
LUG.TO,20230330,15.73,15.96,15.34,15.87,419364
LUN.TO,20230330,8.8,9.01,8.74,8.94,2666495
MAG.TO,20230330,16.64,17.1,16.48,17.09,473510
MAL.TO,20230330,7.29,7.57,7.29,7.57,15701
MARI.TO,20230330,3.64,3.92,3.64,3.9,11074
MBX.TO,20230330,0.355,0.37,0.355,0.37,43500
MCB.TO,20230330,1.3,1.33,1.3,1.32,13300
MCON.TO,20230330,19.45,19.45,19.45,19.45,500
MCSB.TO,20230330,18.96,18.96,18.96,18.96,400
MCSM.TO,20230330,35.88,35.88,35.81,35.81,1800
MDA.TO,20230330,7.06,7.14,6.97,7.03,551006
MDI.TO,20230330,10.03,10.44,10.03,10.43,74942
MDIV.TO,20230330,13.05,13.05,13.05,13.05,7500
MDNA.TO,20230330,0.75,0.82,0.74,0.78,19333
MDP.TO,20230330,1.35,1.58,1.35,1.55,54022
MDS.UN.TO,20230330,11.01,11.01,11.01,11.01,0
MDVD.TO,20230330,22.05,22.05,22.05,22.05,0
MEE.TO,20230330,23.23,23.29,23.23,23.29,3709
MEG.TO,20230330,21.5,21.54,21.02,21.32,1292866
MEQ.TO,20230330,126.01,126.49,126,126,10678
MEU.TO,20230330,21.55,21.55,21.54,21.54,500
MFC.TO,20230330,24.61,24.68,24.52,24.57,4059807
MFC.PR.B.TO,20230330,19.58,19.58,19.48,19.5,2500
MFC.PR.C.TO,20230330,19,19,18.97,18.99,600
MFC.PR.F.TO,20230330,12.58,12.58,12.56,12.56,409
MFC.PR.I.TO,20230330,22.8,22.93,22.8,22.85,27300
MFC.PR.J.TO,20230330,22.2,22.2,21.86,22.18,2600
MFC.PR.K.TO,20230330,18.5,18.66,18.21,18.66,1700
MFC.PR.L.TO,20230330,16.61,16.61,16.61,16.61,0
MFC.PR.M.TO,20230330,16.98,16.98,16.98,16.98,200
MFC.PR.N.TO,20230330,16.65,16.65,16.65,16.65,0
MFC.PR.P.TO,20230330,15,15,15,15,0
MFC.PR.Q.TO,20230330,19,19.1,18.93,19.09,10000
MFI.TO,20230330,25.5,25.98,25.26,25.91,175853
MFT.TO,20230330,17.35,17.39,17.34,17.38,15091
MG.TO,20230330,70.9,71.06,70.12,70.34,607645
MGA.TO,20230330,0.185,0.2,0.185,0.2,364910
MGAB.TO,20230330,17.21,17.21,17.21,17.21,0
MGB.TO,20230330,16.58,16.62,16.58,16.61,386
MGRW.TO,20230330,22.29,22.29,22.29,22.29,0
MHC.U.TO,20230330,17.01,17.24,16.73,16.9,1700
MHC.UN.TO,20230330,23.25,23.25,22.6,22.6,3700
MHCD.TO,20230330,10.79,10.79,10.79,10.79,346
MI.UN.TO,20230330,14.66,14.84,14.63,14.82,116478
MIC.PR.A.TO,20230330,21,21,21,21,0
MID.UN.TO,20230330,6.35,6.43,6.35,6.43,8694
MIN.TO,20230330,0.23,0.235,0.23,0.235,5000
MINF.TO,20230330,9.74,9.77,9.74,9.75,2600
MINN.TO,20230330,12.74,12.74,12.74,12.74,300
MINT.TO,20230330,32.21,32.24,32.21,32.24,2000
MIVG.TO,20230330,27.33,27.33,27.33,27.33,0
MKB.TO,20230330,18.92,18.98,18.92,18.97,14380
MKC.TO,20230330,29.39,29.47,29.39,29.47,1496
MKP.TO,20230330,15.18,15.18,14.98,15.12,6672
MKZ.UN.TO,20230330,0.58,0.58,0.58,0.58,0
MMP.UN.TO,20230330,2.07,2.07,2.07,2.07,10437
MND.TO,20230330,2.48,2.49,2.43,2.49,6700
MNO.TO,20230330,0.54,0.55,0.53,0.54,136750
MNS.TO,20230330,18.6,18.75,18.6,18.75,1600
MNT.TO,20230330,27.01,27.43,27.01,27.34,6302
MNY.TO,20230330,100.02,100.02,100.01,100.01,6294
MOGO.TO,20230330,0.83,0.92,0.83,0.9,217454
MPC.TO,20230330,6.6,6.6,6.6,6.6,0
MPC.C.TO,20230330,6.89,6.89,6.89,6.89,0
MPCT.UN.TO,20230330,2.99,3.08,2.97,3.04,54720
MPVD.TO,20230330,0.5,0.5,0.48,0.485,24700
MR.DB.B.TO,20230330,93.27,93.27,93.27,93.27,0
MR.UN.TO,20230330,5.55,5.55,5.19,5.26,6543
MRC.TO,20230330,105.37,105.78,104.75,105.77,1355
MRD.TO,20230330,11.98,11.98,11.83,11.83,1218
MRE.TO,20230330,13.79,14.24,13.61,14.21,225755
MRG.DB.B.TO,20230330,99.99,100,99.85,100,837000
MRG.UN.TO,20230330,17.06,17.46,17.06,17.3,15240
MRT.DB.A.TO,20230330,97.75,97.75,97.75,97.75,0
MRT.UN.TO,20230330,5.54,5.55,5.5,5.51,11601
MRU.TO,20230330,72.46,73.34,72.37,73.22,446966
MSA.TO,20230330,0.65,0.65,0.65,0.65,0
MSV.TO,20230330,0.185,0.19,0.185,0.19,7554
MTL.TO,20230330,14.7,14.89,14.51,14.7,255954
MTL.DB.TO,20230330,116,116,116,116,10000
MTY.TO,20230330,61.05,61.25,60.4,60.78,41570
MUB.TO,20230330,18.24,18.34,18.24,18.29,56801
MULC.B.TO,20230330,41.98,41.98,41.98,41.98,131
MUMC.TO,20230330,35.69,35.69,35.69,35.69,100
MUMC.B.TO,20230330,38.98,38.98,38.95,38.95,303
MUS.TO,20230330,32.08,32.08,31.97,31.97,1635
MUX.TO,20230330,11.48,11.74,11.3,11.68,19427
MWD.TO,20230330,26.6,26.6,26.43,26.43,525
MX.TO,20230330,62.4,62.85,61.49,61.95,96639
MXG.TO,20230330,3.98,4.1,3.94,4.1,4693
MXU.TO,20230330,21.5,21.5,21.5,21.5,700
NA.TO,20230330,96.07,96.16,95.39,96.08,4236089
NA.PR.C.TO,20230330,25.5,25.7,25.5,25.68,1650
NA.PR.E.TO,20230330,20.31,20.31,20.3,20.3,827
NA.PR.G.TO,20230330,20.41,20.41,20.41,20.41,600
NA.PR.S.TO,20230330,17.5,17.63,17.5,17.5,6200
NA.PR.W.TO,20230330,16.35,16.35,16.35,16.35,100
NALT.TO,20230330,23.82,23.96,23.82,23.95,4950
NANO.TO,20230330,3.13,3.34,3.13,3.29,96470
NCF.TO,20230330,0.03,0.03,0.03,0.03,63500
NCP.TO,20230330,0.04,0.045,0.04,0.045,154917
NCU.TO,20230330,0.355,0.365,0.355,0.36,45528
NDM.TO,20230330,0.33,0.33,0.32,0.32,47900
NEO.TO,20230330,8.96,9.02,8.58,8.66,199712
NEXT.TO,20230330,2.25,2.32,2.24,2.31,36000
NFI.TO,20230330,8.15,8.35,8.11,8.17,160305
NFI.DB.TO,20230330,82,82,81.26,81.26,13000
NG.TO,20230330,8.32,8.46,8.31,8.44,86127
NGD.TO,20230330,1.53,1.54,1.48,1.52,1391329
NGPE.TO,20230330,32,32,32,32,0
NGT.TO,20230330,65.93,66.14,65.31,66,99352
NHYB.TO,20230330,20.63,20.74,20.63,20.74,3404
NINT.TO,20230330,23.08,23.08,23.08,23.08,0
NOA.TO,20230330,22.47,22.57,22.06,22.19,32132
NOA.DB.B.TO,20230330,112.5,112.5,112.5,112.5,0
NOVB.F.TO,20230330,34.16,34.16,34.16,34.16,286
NOVC.TO,20230330,0.7,0.72,0.7,0.72,23000
NPI.TO,20230330,33.38,33.76,33.17,33.7,568372
NPI.PR.A.TO,20230330,16.06,16.15,16.06,16.15,2000
NPI.PR.B.TO,20230330,18.4,18.4,18.4,18.4,0
NPK.TO,20230330,4.15,4.19,2.92,3.07,2384491
NPRF.TO,20230330,19.66,19.72,19.56,19.57,2494
NREA.TO,20230330,19.66,19.66,19.66,19.66,200
NSCB.TO,20230330,22.09,22.15,22.09,22.15,10100
NSCC.TO,20230330,21.33,21.34,21.33,21.33,3600
NSCE.TO,20230330,33.73,33.73,33.72,33.72,5299
NSGE.TO,20230330,33.21,33.21,33.21,33.21,0
NSSB.TO,20230330,9.59,9.61,9.59,9.59,3700
NTR.TO,20230330,99.61,99.65,97.96,98.3,1254368
NUAG.TO,20230330,3.57,3.73,3.5,3.72,108570
NUBF.TO,20230330,21.15,21.17,21.14,21.17,2300
NUMI.TO,20230330,0.185,0.205,0.185,0.2,252364
NUSA.TO,20230330,31.41,31.41,31.41,31.41,361
NVA.TO,20230330,11.17,11.18,10.63,10.79,811013
NVEI.TO,20230330,58.23,58.23,57.1,57.85,159928
NVO.TO,20230330,0.325,0.34,0.325,0.335,19472
NWC.TO,20230330,37.76,38.14,37.76,37.98,104406
NWH.DB.G.TO,20230330,98.51,98.51,98.5,98.51,162000
NWH.DB.H.TO,20230330,97.25,97.25,96.5,96.89,184000
NWH.UN.TO,20230330,8.63,8.63,8.44,8.52,960663
NXE.TO,20230330,5.24,5.29,5.2,5.28,824479
NXF.TO,20230330,5.73,5.73,5.7,5.72,37030
NXF.B.TO,20230330,7.31,7.32,7.28,7.28,5000
NXF.U.TO,20230330,9.96,9.96,9.96,9.96,0
NXR.UN.TO,20230330,9.7,9.79,9.6,9.69,102145
OBE.TO,20230330,8.63,8.69,8.43,8.61,319681
OGC.TO,20230330,3.32,3.42,3.26,3.42,1434175
OGD.TO,20230330,0.85,0.85,0.85,0.85,0
OGI.TO,20230330,0.91,0.91,0.85,0.88,151693
OLA.TO,20230330,6.58,6.61,6.45,6.56,957095
OLY.TO,20230330,85.85,87.01,85.85,87.01,3064
ONC.TO,20230330,1.65,1.66,1.62,1.63,28682
ONEB.TO,20230330,47.43,47.43,47.43,47.43,0
ONEX.TO,20230330,64.49,64.5,62.55,62.76,205730
OR.TO,20230330,21.15,21.25,20.88,21.18,313763
ORA.TO,20230330,10.48,10.6,10.14,10.6,33761
ORE.TO,20230330,1.33,1.37,1.3,1.35,199860
ORV.TO,20230330,0.21,0.21,0.21,0.21,5008
OSK.TO,20230330,3.96,4.02,3.93,4.02,763695
OTEX.TO,20230330,51.33,51.53,50.9,51.34,466275
OVV.TO,20230330,48.22,48.5,47.28,47.58,176520
PAAS.TO,20230330,25.12,25.34,24.81,24.86,984787
PAY.TO,20230330,6.56,6.98,6.56,6.97,188110
PAYF.TO,20230330,18.01,18.01,18.01,18.01,300
PBD.TO,20230330,16.37,16.37,16.37,16.37,0
PBH.TO,20230330,97.46,99.21,97.46,99.21,38833
PBH.DB.G.TO,20230330,97.7,97.99,96.35,96.35,71000
PBH.DB.H.TO,20230330,95,95,95,95,135000
PBH.DB.I.TO,20230330,96.25,96.25,96.25,96.25,0
PBI.TO,20230330,28.79,28.79,28.79,28.79,0
PBL.TO,20230330,22.87,24.19,22.87,24.19,32070
PBY.UN.TO,20230330,14.15,14.16,14.11,14.14,11280
PCOR.TO,20230330,17.65,17.65,17.65,17.65,0
PD.TO,20230330,72.61,72.61,69.16,69.75,72004
PDC.TO,20230330,30,30.04,29.95,29.95,4779
PDF.TO,20230330,29.98,29.98,29.88,29.95,1652
PDIV.TO,20230330,10,10,10,10,266
PDV.TO,20230330,5.92,5.92,5.9,5.91,800
PDV.PR.A.TO,20230330,10.11,10.11,10.11,10.11,0
PEA.TO,20230330,0.56,0.57,0.52,0.55,281737
PET.TO,20230330,36.87,37.61,36.02,36.5,97470
PEY.TO,20230330,12.3,12.3,11.91,12.01,725110
PFAE.TO,20230330,15.13,15.13,15.01,15.03,822
PFH.F.TO,20230330,17.08,17.08,17.08,17.08,0
PFIA.TO,20230330,9.58,9.58,9.58,9.58,21050
PFL.TO,20230330,19.68,19.7,19.66,19.69,538361
PFLS.TO,20230330,14.94,14.94,14.94,14.94,666
PFMN.TO,20230330,13.37,13.38,13.36,13.38,13936
PFMS.TO,20230330,11.58,11.58,11.58,11.58,0
PFSS.TO,20230330,8.83,8.83,8.82,8.82,1000
PGI.UN.TO,20230330,7.52,7.58,7.51,7.52,11400
PHE.TO,20230330,29.18,29.18,29.18,29.18,0
PHE.B.TO,20230330,31.67,31.67,31.67,31.67,1000
PHR.TO,20230330,19.34,19.34,19.34,19.34,0
PHX.TO,20230330,6.99,6.99,6.68,6.82,41602
PHYS.TO,20230330,20.92,21.08,20.89,21.04,32511
PHYS.U.TO,20230330,15.54,15.54,15.54,15.54,162
PIC.A.TO,20230330,6.51,6.53,6.5,6.51,4647
PIC.PR.A.TO,20230330,13.22,13.22,13.22,13.22,1200
PID.TO,20230330,20.01,20.01,20.01,20.01,0
PIF.TO,20230330,13.2,13.67,13.19,13.54,28526
PIN.TO,20230330,17.12,17.12,17.12,17.12,0
PINC.TO,20230330,18.28,18.28,18.28,18.28,700
PIX.UN.TO,20230330,8.57,8.57,8.32,8.47,18525
PKI.TO,20230330,32.13,32.7,32.02,32.28,367345
PLC.TO,20230330,27.6,27.8,27.54,27.59,35107
PLC.DB.TO,20230330,99.75,99.75,99.75,99.75,80000
PLDI.TO,20230330,18.62,18.62,18.62,18.62,2100
PLV.TO,20230330,22.26,22.27,22.26,22.27,700
PLZ.UN.TO,20230330,4.21,4.21,4.1,4.15,90249
PMB.UN.TO,20230330,6.99,6.99,6.99,6.99,0
PME.TO,20230330,2.57,2.57,2.57,2.57,806
PMIF.TO,20230330,17.84,17.89,17.84,17.89,44513
PMIF.U.TO,20230330,18.78,18.78,18.78,18.78,0
PMM.TO,20230330,19.52,19.53,19.52,19.53,400
PMT.TO,20230330,0.62,0.63,0.6,0.6,12690
PMZ.UN.TO,20230330,13.23,13.5,13.23,13.34,88719
PNC.A.TO,20230330,1.52,1.52,1.52,1.52,100
PNC.B.TO,20230330,1.51,1.51,1.51,1.51,0
PNE.TO,20230330,1.28,1.28,1.26,1.27,244230
PNP.TO,20230330,3.38,3.48,3.37,3.48,1260
POU.TO,20230330,29.92,30,29.48,29.49,261434
POW.TO,20230330,34.2,34.35,34.06,34.3,4491303
POW.PR.A.TO,20230330,22.59,22.7,22.59,22.61,3086
POW.PR.B.TO,20230330,22.1,22.25,22.1,22.25,400
POW.PR.C.TO,20230330,23.4,23.7,23.4,23.7,1040
POW.PR.D.TO,20230330,20.36,20.65,20.36,20.65,900
POW.PR.G.TO,20230330,22.8,22.8,22.8,22.8,140
PPL.TO,20230330,43.4,43.52,43.14,43.48,1799537
PPL.PF.A.TO,20230330,22.36,22.43,22.17,22.17,6165
PPL.PF.E.TO,20230330,23.52,23.52,23.51,23.51,1300
PPL.PR.A.TO,20230330,17.54,17.54,17.54,17.54,0
PPL.PR.C.TO,20230330,17.3,17.3,17.3,17.3,300
PPL.PR.E.TO,20230330,18.4,18.5,18.23,18.33,4209
PPL.PR.G.TO,20230330,17.33,17.33,17.33,17.33,2000
PPL.PR.I.TO,20230330,20.38,20.38,20.38,20.38,200
PPL.PR.O.TO,20230330,20.5,20.5,20.5,20.5,700
PPL.PR.Q.TO,20230330,18.7,18.7,18.43,18.43,500
PPL.PR.S.TO,20230330,21.85,21.85,21.85,21.85,0
PPR.TO,20230330,0.08,0.08,0.07,0.07,1615596
PPTA.TO,20230330,5.9,6.08,5.9,5.98,19536
PR.TO,20230330,8.19,8.19,8.19,8.19,272
PRA.TO,20230330,26.95,26.95,26.87,26.89,1800
PRB.TO,20230330,1.51,1.51,1.46,1.5,55850
PRL.TO,20230330,6.64,7,6.5,7,10561
PRM.TO,20230330,14.24,14.24,14.24,14.24,0
PRM.PR.A.TO,20230330,9.85,9.85,9.85,9.85,200
PRMW.TO,20230330,20.25,20.29,20.07,20.14,52691
PRN.TO,20230330,12.98,13.27,12.85,13.24,3510
PRQ.TO,20230330,1.88,1.89,1.8,1.83,12966
PRU.TO,20230330,2.14,2.15,2.14,2.15,12468
PRV.UN.TO,20230330,5.84,5.89,5.8,5.86,48165
PSA.TO,20230330,50.01,50.01,50,50,93177
PSB.TO,20230330,16.84,16.86,16.82,16.82,4550
PSD.TO,20230330,1.72,1.73,1.69,1.7,41635
PSI.TO,20230330,11.96,12.11,11.9,12.04,90233
PSK.TO,20230330,21.36,21.49,20.99,21.13,121570
PSLV.TO,20230330,11.12,11.17,11.08,11.17,83603
PSLV.U.TO,20230330,8.19,8.24,8.19,8.24,1110
PSU.U.TO,20230330,100.01,100.01,100,100.01,12711
PTI.UN.TO,20230330,7.19,7.22,7.16,7.22,23441
PTM.TO,20230330,1.93,1.98,1.93,1.96,4729
PTO.UN.TO,20230330,7.35,7.38,7.32,7.38,25300
PVS.PR.F.TO,20230330,24.2,24.2,24.2,24.2,200
PVS.PR.G.TO,20230330,23.55,23.7,23.55,23.7,200
PVS.PR.H.TO,20230330,22.75,22.75,22.75,22.75,0
PVS.PR.I.TO,20230330,23.73,23.73,23.73,23.73,0
PVS.PR.J.TO,20230330,22.29,22.3,22.29,22.3,1700
PVS.PR.K.TO,20230330,21.86,21.86,21.86,21.86,600
PWF.PF.A.TO,20230330,18.92,18.92,18.92,18.92,301
PWF.PR.A.TO,20230330,13,13,12.81,12.81,1409
PWF.PR.E.TO,20230330,22.45,22.45,22.45,22.45,1588
PWF.PR.F.TO,20230330,22,22,21.98,22,3600
PWF.PR.G.TO,20230330,24.04,24.05,24.04,24.05,341
PWF.PR.H.TO,20230330,23.45,23.45,23.45,23.45,2134
PWF.PR.K.TO,20230330,20.6,20.6,20.6,20.6,1773
PWF.PR.L.TO,20230330,20.98,21.23,20.98,21.23,682
PWF.PR.O.TO,20230330,23.27,23.58,23.27,23.58,790
PWF.PR.P.TO,20230330,12.81,13.08,12.81,12.81,488
PWF.PR.Q.TO,20230330,15.01,15.01,15,15,413
PWF.PR.R.TO,20230330,22.35,22.64,22.3,22.64,4854
PWF.PR.S.TO,20230330,19.96,20.13,19.96,20.01,2209
PWF.PR.T.TO,20230330,17.53,17.6,17.5,17.52,1747
PWI.TO,20230330,7.13,7.13,7,7.01,2362
PWI.PR.A.TO,20230330,9.7,9.7,9.6,9.6,864
PXC.TO,20230330,33.89,33.93,33.85,33.93,1100
PXS.TO,20230330,36.24,36.24,36.24,36.24,0
PXT.TO,20230330,25.12,25.17,24.7,25.04,195963
PYF.TO,20230330,17.44,17.44,17.27,17.27,925
PYF.B.TO,20230330,19.68,19.68,19.68,19.68,0
PYR.TO,20230330,1.22,1.23,1.13,1.19,253204
PZA.TO,20230330,13.73,13.73,13.59,13.67,17640
PZW.TO,20230330,29.4,29.4,29.4,29.4,100
QAH.TO,20230330,133.69,133.69,133.48,133.48,313
QBB.TO,20230330,92.03,92.09,92.03,92.09,1000
QBR.A.TO,20230330,32.2,32.5,32.2,32.5,2110
QBR.B.TO,20230330,32.13,32.5,31.87,32.48,259593
QBTC.TO,20230330,41.58,41.58,39.6,40.4,17872
QBTC.U.TO,20230330,30.12,30.26,29.37,29.78,5899
QBTL.TO,20230330,19.63,19.8,19.63,19.76,3918
QCE.TO,20230330,119.88,119.88,119.76,119.76,300
QCLN.TO,20230330,22.8,22.8,22.65,22.65,615
QCN.TO,20230330,121.33,121.49,121.13,121.49,1117
QDX.TO,20230330,103.51,103.51,103.51,103.51,125
QDXB.TO,20230330,86.76,86.76,86.76,86.76,0
QDXH.TO,20230330,112.08,112.08,112.08,112.08,511
QEBL.TO,20230330,81.45,81.45,81.45,81.45,100
QEC.TO,20230330,0.25,0.25,0.23,0.245,33401
QEE.TO,20230330,85.54,85.54,85.54,85.54,523
QETH.U.TO,20230330,29.47,29.47,29.47,29.47,122
QETH.UN.TO,20230330,40.04,40.3,40,40.3,2761
QIE.TO,20230330,28.35,28.43,28.35,28.43,1100
QINF.TO,20230330,114.15,114.18,113.86,114.18,600
QQC.TO,20230330,20.93,20.95,20.84,20.91,5641
QQC.F.TO,20230330,104.5,104.7,104.5,104.67,2843
QQCC.TO,20230330,10.12,10.19,10.12,10.19,3443
QQCE.TO,20230330,17.22,17.22,17.22,17.22,0
QQCE.F.TO,20230330,15.92,15.92,15.92,15.92,200
QQEQ.TO,20230330,20.88,20.95,20.88,20.95,329
QQEQ.F.TO,20230330,18.53,18.53,18.53,18.53,357
QQJR.F.TO,20230330,15.01,15.01,15.01,15.01,0
QRC.TO,20230330,0.68,0.7,0.68,0.68,7500
QRET.TO,20230330,99.83,99.83,99.82,99.82,400
QSB.TO,20230330,95.88,95.88,95.88,95.88,0
QSR.TO,20230330,87.93,88.24,87.15,88.19,486547
QTRH.TO,20230330,1.52,1.52,1.45,1.45,41051
QTRH.DB.TO,20230330,89.9,89.9,89.9,89.9,0
QUB.TO,20230330,82.75,82.75,82.75,82.75,0
QUIG.TO,20230330,86.59,86.59,86.59,86.59,0
QUS.TO,20230330,40.29,40.29,40.29,40.29,0
QUU.TO,20230330,156.57,156.57,155.55,155.55,469
QUU.U.TO,20230330,115.46,115.46,115.19,115.19,200
QXM.TO,20230330,25.62,25.62,25.62,25.62,0
RA.UN.TO,20230330,7.91,7.95,7.82,7.95,9200
RATE.TO,20230330,19.7,19.7,19.7,19.7,197
RAY.A.TO,20230330,5.9,5.91,5.85,5.89,15183
RBA.TO,20230330,76.71,76.9,74.81,74.92,517025
RBN.UN.TO,20230330,7.98,7.98,7.98,7.98,0
RBNK.TO,20230330,22.87,22.93,22.74,22.74,15374
RBO.TO,20230330,17.79,17.8,17.79,17.8,901
RBOT.TO,20230330,24.53,24.56,24.5,24.5,693
RBY.TO,20230330,2.28,2.3,2.16,2.25,140227
RCD.TO,20230330,23.88,23.88,23.88,23.88,0
RCDC.TO,20230330,19.34,19.34,19.34,19.34,2178
RCG.TO,20230330,12.24,12.24,12.24,12.24,0
RCH.TO,20230330,37.24,37.24,36.46,36.56,68528
RCI.A.TO,20230330,64.02,64.02,64.02,64.02,249
RCI.B.TO,20230330,63.86,64.51,63.66,64.5,902362
REAL.TO,20230330,4.86,4.86,4.73,4.78,46913
REI.UN.TO,20230330,20.02,20.31,20.02,20.08,569341
RID.TO,20230330,22.44,22.44,22.44,22.44,0
RIDH.TO,20230330,24.36,24.36,24.36,24.36,110
RIFI.TO,20230330,18,18.02,18,18.02,1200
RIIN.TO,20230330,19.02,19.02,19.02,19.02,0
RIRA.TO,20230330,17.33,17.33,17.33,17.33,0
RIT.TO,20230330,16.21,16.36,16.21,16.35,22365
RLB.TO,20230330,18,18,18,18,1159
ROOT.TO,20230330,2.94,3.01,2.94,3.01,803
RPF.TO,20230330,18.1,18.1,18.05,18.07,6334
RPI.UN.TO,20230330,39.51,39.54,39.06,39.06,18035
RPSB.TO,20230330,19.5,19.5,19.5,19.5,463
RQL.TO,20230330,19.84,19.84,19.83,19.83,16800
RQN.TO,20230330,19.72,19.74,19.72,19.73,8954
RQO.TO,20230330,17.73,17.73,17.73,17.73,346
RQP.TO,20230330,17.41,17.41,17.41,17.41,200
RQQ.TO,20230330,20.86,20.86,20.85,20.85,4700
RQR.TO,20230330,20.97,20.97,20.97,20.97,1400
RS.TO,20230330,14.58,14.59,14.11,14.32,43485
RS.PR.A.TO,20230330,9.42,9.42,9.37,9.37,800
RSI.TO,20230330,6.08,6.09,6.03,6.06,85839
RSI.DB.E.TO,20230330,99.75,99.75,99.75,99.75,0
RSI.DB.F.TO,20230330,97,97,96,96,54000
RTG.TO,20230330,0.05,0.05,0.05,0.05,0
RUBH.TO,20230330,14.4,14.4,14.4,14.4,0
RUBY.TO,20230330,16.83,16.83,16.83,16.83,100
RUBY.U.TO,20230330,11.82,11.82,11.82,11.82,0
RUD.TO,20230330,48.69,48.69,48.19,48.28,550
RUD.U.TO,20230330,35.5,35.5,35.5,35.5,0
RUDC.TO,20230330,19.67,19.67,19.67,19.67,384
RUDH.TO,20230330,34.36,34.45,34.36,34.43,3913
RUP.TO,20230330,4.6,4.6,4.54,4.6,20392
RUS.TO,20230330,34.33,34.64,33.74,33.84,113957
RUSB.U.TO,20230330,14.85,14.85,14.85,14.85,0
RVX.TO,20230330,0.145,0.15,0.145,0.145,3810
RXD.TO,20230330,18.59,18.59,18.59,18.59,0
RY.TO,20230330,129.11,129.47,128.17,128.46,1924500
RY.PR.H.TO,20230330,17.2,17.3,17.19,17.25,61167
RY.PR.J.TO,20230330,18.19,18.25,18.1,18.25,41600
RY.PR.M.TO,20230330,17.55,17.55,17.55,17.55,14900
RY.PR.N.TO,20230330,22.35,22.35,22.35,22.35,400
RY.PR.O.TO,20230330,22.8,22.8,22.41,22.41,1600
RY.PR.S.TO,20230330,20,20.12,20,20.12,8500
S.TO,20230330,0.55,0.56,0.53,0.54,539743
SAM.TO,20230330,0.19,0.19,0.175,0.185,13000
SAP.TO,20230330,35.18,35.56,34.88,35.2,443193
SAU.TO,20230330,0.065,0.065,0.065,0.065,0
SBC.TO,20230330,10.86,11,10.86,10.96,13199
SBC.PR.A.TO,20230330,9.83,9.83,9.77,9.77,11300
SBI.TO,20230330,0.47,0.47,0.45,0.45,5906
SBN.PR.A.TO,20230330,8.8,8.8,8.8,8.8,478
SBT.TO,20230330,12.7,12.7,12.7,12.7,300
SBT.B.TO,20230330,17.04,17.04,17.04,17.04,151
SCY.TO,20230330,0.045,0.045,0.04,0.045,19000
SDE.TO,20230330,14.2,14.28,14.06,14.17,884325
SEA.TO,20230330,17.76,18.07,17.59,18.04,58066
SES.TO,20230330,6.21,6.27,6.15,6.19,635876
SFC.TO,20230330,4.8,4.9,4.8,4.86,12230
SFD.TO,20230330,0.18,0.18,0.18,0.18,0
SFI.TO,20230330,0.34,0.34,0.34,0.34,10000
SFTC.TO,20230330,16.98,17.29,16.94,17.29,10247
SGLD.TO,20230330,0.175,0.195,0.175,0.175,71009
SGNL.TO,20230330,0.33,0.34,0.325,0.34,68166
SGR.U.TO,20230330,10,10,10,10,200
SGR.UN.TO,20230330,13.57,13.62,13.43,13.55,120044
SGY.TO,20230330,8.76,8.84,8.64,8.84,222057
SHLE.TO,20230330,2.99,3.09,2.96,3.09,10707
SHOP.TO,20230330,63.98,64.02,62.3,62.91,3102950
SIA.TO,20230330,10.63,10.76,10.56,10.71,232943
SIH.UN.TO,20230330,9.66,9.66,9.59,9.59,7500
SII.TO,20230330,48.59,48.91,48.19,48.71,17963
SIL.TO,20230330,9.54,9.84,9.35,9.84,509781
SIS.TO,20230330,15.74,15.85,15.68,15.77,22555
SJ.TO,20230330,49.9,51.53,49.19,51.06,179741
SKE.TO,20230330,8.23,8.45,8.22,8.3,173411
SKYY.TO,20230330,15.35,15.35,15.35,15.35,0
SLF.TO,20230330,62.53,62.9,62.15,62.51,1727904
SLF.PR.C.TO,20230330,19.22,19.32,19.13,19.3,1700
SLF.PR.D.TO,20230330,19,19.05,18.97,19.05,500
SLF.PR.E.TO,20230330,19.05,19.05,19.05,19.05,700
SLF.PR.G.TO,20230330,12.54,12.54,12.54,12.54,300
SLF.PR.H.TO,20230330,14.75,14.75,14.75,14.75,300
SLF.PR.K.TO,20230330,19.75,19.75,19.75,19.75,0
SLR.TO,20230330,0.92,0.92,0.87,0.87,8600
SLS.TO,20230330,6.19,6.54,6.18,6.33,588147
SMC.TO,20230330,0.045,0.05,0.04,0.045,1345000
SMT.TO,20230330,0.425,0.425,0.38,0.4,572064
SOLG.TO,20230330,0.3,0.315,0.3,0.31,399981
SOT.DB.TO,20230330,96.8,96.8,93.5,96.65,34000
SOT.DB.A.TO,20230330,81,81,81,81,0
SOT.DB.B.TO,20230330,83,83,83,83,0
SOT.UN.TO,20230330,3.42,3.5,3.42,3.47,81281
SOY.TO,20230330,10.42,10.52,10.36,10.52,38039
SPB.TO,20230330,10.98,11.09,10.93,11.07,532397
SPPP.TO,20230330,16.4,16.4,16.3,16.3,300
SRU.UN.TO,20230330,26.36,26.51,26.2,26.4,191166
SRV.UN.TO,20230330,17.24,17.24,17.1,17.1,1300
SSF.UN.TO,20230330,6.7,6.83,6.7,6.82,2714
SSL.TO,20230330,7.83,7.91,7.73,7.89,452086
SSRM.TO,20230330,20.6,20.7,20.47,20.59,297882
STC.TO,20230330,4.76,5.15,4.71,5.06,42568
STCK.TO,20230330,6.26,6.26,6.26,6.26,1800
STCK.WT.TO,20230330,0.035,0.035,0.035,0.035,0
STEP.TO,20230330,3.34,3.38,3.25,3.29,183605
STGO.TO,20230330,1.06,1.07,1.06,1.07,14608
STLC.TO,20230330,50.34,52.22,50.34,51.48,104764
STN.TO,20230330,78,79,77.41,78.98,307996
STPL.TO,20230330,23.91,23.91,23.91,23.91,160
SU.TO,20230330,42,42.17,41.7,41.94,4503421
SVA.TO,20230330,0.86,0.9,0.86,0.88,139455
SVB.TO,20230330,0.195,0.21,0.195,0.21,13451
SVI.TO,20230330,5.93,6.05,5.93,6.04,560658
SVI.DB.TO,20230330,97.25,97.25,96,96.75,19000
SVI.DB.C.TO,20230330,100,100,100,100,0
SVM.TO,20230330,5.18,5.31,5.13,5.31,471279
SVR.TO,20230330,11.66,11.82,11.64,11.82,12100
SVR.C.TO,20230330,12.08,12.08,12.08,12.08,0
SWP.TO,20230330,2.98,2.98,2.9,2.95,1400
SXI.TO,20230330,1.92,1.92,1.89,1.89,200
SXP.TO,20230330,5.96,6.05,5.86,5.86,21238
SYLD.TO,20230330,17.89,17.91,17.89,17.91,1601
SYZ.TO,20230330,5.23,5.32,5.2,5.29,74800
T.TO,20230330,27.09,27.22,27.01,27.2,1309015
TA.TO,20230330,11.27,11.54,11.25,11.47,759235
TA.PR.D.TO,20230330,12.95,12.95,12.85,12.85,13617
TA.PR.E.TO,20230330,16,16,16,16,0
TA.PR.F.TO,20230330,18.81,18.81,18.67,18.75,5100
TA.PR.H.TO,20230330,21.88,21.88,21.75,21.75,850
TA.PR.J.TO,20230330,20.3,20.33,20.3,20.33,3300
TAIG.TO,20230330,1.7,1.72,1.64,1.71,23410
TAIG.WT.TO,20230330,0.2,0.2,0.2,0.2,0
TAL.TO,20230330,0.72,0.75,0.71,0.73,2559304
TBL.TO,20230330,2.61,2.69,2.61,2.69,8281
TC.TO,20230330,26.68,26.68,24.5,25.33,31161
TCBN.TO,20230330,50.25,50.25,50.25,50.25,131
TCL.A.TO,20230330,13.48,13.68,13.38,13.5,105946
TCL.B.TO,20230330,13.5,13.5,13.5,13.5,0
TCLB.TO,20230330,123.24,123.73,123.11,123.26,13293
TCLV.TO,20230330,19.51,19.58,19.51,19.57,13172
TCS.TO,20230330,27.71,27.71,27.21,27.24,3438
TCSB.TO,20230330,14.34,14.34,14.32,14.32,400
TCW.TO,20230330,3.03,3.09,2.96,3.07,667837
TD.TO,20230330,80.9,81.22,80.27,80.37,6445656
TD.PF.A.TO,20230330,17.05,17.15,17.02,17.15,1753
TD.PF.B.TO,20230330,17.01,17.1,17.01,17.09,3736
TD.PF.C.TO,20230330,16.93,17,16.93,17,2700
TD.PF.D.TO,20230330,18.36,18.36,18.36,18.36,0
TD.PF.E.TO,20230330,18.75,18.84,18.75,18.84,1100
TD.PF.I.TO,20230330,24.8,24.8,24.7,24.8,11726
TD.PF.J.TO,20230330,21.44,21.6,21.44,21.6,15027
TD.PF.M.TO,20230330,23.95,23.95,23.95,23.95,1400
TDB.TO,20230330,13.07,13.13,13.07,13.1,68700
TDOC.TO,20230330,17.05,17.07,17.04,17.06,1301
TEC.TO,20230330,24.81,24.87,24.72,24.82,7336
TECH.TO,20230330,8.65,8.71,8.64,8.71,18041
TECI.TO,20230330,6.4,6.4,6.36,6.36,1100
TECK.A.TO,20230330,79.97,81,78.5,79.1,2809
TECK.B.TO,20230330,49.27,49.43,48.62,48.96,1491398
TERM.TO,20230330,9.13,9.13,9.13,9.13,355
TF.TO,20230330,8,8.04,7.98,8.02,47392
TF.DB.C.TO,20230330,98.5,98.5,98.5,98.5,8000
TF.DB.D.TO,20230330,89.9,89.9,89.9,89.9,6000
TF.DB.E.TO,20230330,88.5,88.5,88.5,88.5,14000
TFII.TO,20230330,161.72,162.31,159.79,161.64,165154
TFPM.TO,20230330,20,20.4,19.83,20.29,510079
TGED.TO,20230330,18.09,18.14,18.08,18.14,375
TGED.U.TO,20230330,13.2,13.2,13.2,13.2,0
TGFI.TO,20230330,20.32,20.32,20.32,20.32,1300
TGGR.TO,20230330,20.37,20.37,20.29,20.29,1600
TGO.TO,20230330,2.96,3.08,2.9,3,3100
TGRE.TO,20230330,13.19,13.19,13.19,13.19,0
TH.TO,20230330,1.08,1.13,1.05,1.11,12502
The.TO,20230330,21.37,21.42,21.37,21.42,3036
THNC.TO,20230330,2.12,2.17,2.07,2.16,10599
THU.TO,20230330,27.05,27.05,27.05,27.05,0
TI.TO,20230330,0.56,0.56,0.54,0.54,38910
TIH.TO,20230330,108.22,108.87,107.7,108.72,60576
TILV.TO,20230330,14.84,14.85,14.84,14.85,1200
TINF.TO,20230330,18.08,18.11,18.04,18.07,3500
TIPS.F.TO,20230330,29.73,29.73,29.73,29.73,684
TIXT.TO,20230330,26.83,27.51,26.83,27.4,41178
TKO.TO,20230330,2.2,2.22,2.16,2.19,274397
TLF.TO,20230330,17.44,17.44,17.41,17.44,973
TLG.TO,20230330,0.68,0.69,0.67,0.67,113669
TLO.TO,20230330,0.365,0.38,0.36,0.365,200844
TLRY.TO,20230330,3.54,3.54,3.4,3.42,445770
TLV.TO,20230330,28.5,28.59,28.5,28.59,4239
TMCC.TO,20230330,9.07,9.07,9.07,9.07,0
TMD.TO,20230330,0.145,0.155,0.14,0.15,79359
TMEC.TO,20230330,17.31,17.33,17.31,17.33,678
TMEI.TO,20230330,15.23,15.23,15.23,15.23,300
TMEU.TO,20230330,17.05,17.05,17.05,17.05,0
TML.TO,20230330,0.35,0.35,0.35,0.35,30401
TMQ.TO,20230330,0.74,0.74,0.7,0.7,9000
TNT.UN.TO,20230330,3.5,3.52,3.45,3.46,173776
TNZ.TO,20230330,2.1,2.17,2.08,2.08,42245
TOT.TO,20230330,8.07,8.25,8.07,8.19,26085
TOU.TO,20230330,55.45,55.94,54.96,55.68,1855298
TOWR.TO,20230330,25.79,25.79,25.79,25.79,0
TOY.TO,20230330,37.07,37.07,36.63,36.74,82222
TPAY.TO,20230330,21.52,21.52,21.52,21.52,2000
TPE.TO,20230330,19.44,19.46,19.44,19.46,3506
TPRF.TO,20230330,9.15,9.17,9.15,9.17,1100
TPU.TO,20230330,30.8,30.8,30.57,30.68,2600
TPX.B.TO,20230330,69.93,69.93,69.93,69.93,0
TPZ.TO,20230330,18.98,18.98,18.6,18.78,424629
TQCD.TO,20230330,15.3,15.35,15.28,15.34,27600
TQGD.TO,20230330,15.89,15.89,15.77,15.84,25900
TQSM.TO,20230330,18.18,18.2,18.02,18.02,31900
TRI.TO,20230330,174.43,175.04,173.89,174.76,287618
TRI.PR.B.TO,20230330,13.6,13.6,13.4,13.46,724
TRP.TO,20230330,53.07,53.13,52.09,52.58,10855110
TRP.PR.A.TO,20230330,13.54,13.64,13.44,13.44,2400
TRP.PR.B.TO,20230330,10.71,10.71,10.71,10.71,100
TRP.PR.C.TO,20230330,11.03,11.22,11.03,11.22,490
TRP.PR.D.TO,20230330,15.18,15.25,15.18,15.25,800
TRP.PR.E.TO,20230330,14.7,14.86,14.69,14.81,9072
TRP.PR.F.TO,20230330,15.4,15.4,15.4,15.4,0
TRP.PR.G.TO,20230330,16.42,16.75,16.42,16.5,692
TRP.PR.H.TO,20230330,13.4,13.4,13.4,13.4,0
TRP.PR.I.TO,20230330,14.69,14.69,14.69,14.69,0
TRVL.TO,20230330,19.79,19.79,19.73,19.75,1767
TRVL.U.TO,20230330,18.66,18.66,18.66,18.66,100
TRZ.TO,20230330,3.16,3.2,3.15,3.15,15061
TSAT.TO,20230330,10.25,10.28,10.25,10.25,700
TSK.TO,20230330,0.11,0.12,0.105,0.12,285354
TSL.TO,20230330,3.11,3.26,3.1,3.26,4700
TSU.TO,20230330,31.58,31.97,31.49,31.62,63351
TTNM.TO,20230330,2.58,2.6,2.54,2.57,52115
TTP.TO,20230330,22.62,22.65,22.59,22.65,4340
TUED.TO,20230330,18.49,18.54,18.49,18.51,2910
TUHY.TO,20230330,20.61,20.61,20.61,20.61,600
TULB.TO,20230330,123.61,123.61,123.61,123.61,0
TULV.TO,20230330,18.47,18.47,18.47,18.47,700
TUSB.TO,20230330,13.73,13.73,13.73,13.73,0
TUSB.U.TO,20230330,9.9,9.9,9.9,9.9,0
TVA.B.TO,20230330,2.05,2.05,2.01,2.01,6283
TVE.TO,20230330,4.01,4.03,3.93,3.96,1396181
TVK.TO,20230330,27.05,27.15,26.97,26.97,9094
TWC.TO,20230330,17.32,17.32,17.32,17.32,0
TWM.TO,20230330,0.89,0.9,0.89,0.9,241476
TWM.DB.TO,20230330,96.25,96.25,96.25,96.25,4000
TXF.TO,20230330,15.28,15.34,15.27,15.31,38517
TXF.B.TO,20230330,18.62,18.64,18.62,18.64,1700
TXF.U.TO,20230330,7.94,7.94,7.94,7.94,300
TXG.TO,20230330,22.59,22.88,22,22.75,321622
TXP.TO,20230330,1.03,1.07,1.03,1.06,17158
TXT.PR.A.TO,20230330,11.49,11.49,11.49,11.49,0
TXT.UN.TO,20230330,2.63,2.63,2.63,2.63,0
U.U.TO,20230330,11.41,11.73,11.41,11.62,4363
U.UN.TO,20230330,15.47,15.89,15.35,15.71,314817
UDIV.TO,20230330,11.92,11.92,11.86,11.88,6000
UDIV.B.TO,20230330,12.36,12.36,12.3,12.3,1318
ULV.C.TO,20230330,30.49,30.49,30.49,30.49,100
ULV.F.TO,20230330,45.18,45.27,45.17,45.27,1811
UMI.TO,20230330,27.37,27.37,27.37,27.37,100
UNC.TO,20230330,101.01,101.7,101.01,101.7,488
UNI.TO,20230330,1.98,1.98,1.98,1.98,838
URB.TO,20230330,3.79,3.79,3.75,3.75,800
URB.A.TO,20230330,3.6,3.61,3.6,3.61,3200
URE.TO,20230330,1.3,1.35,1.3,1.34,38469
USA.TO,20230330,0.62,0.67,0.59,0.65,309742
USCC.TO,20230330,16.72,16.72,16.65,16.65,390
USCC.U.TO,20230330,12.4,12.4,12.4,12.4,0
UTIL.TO,20230330,22.45,22.45,22.45,22.45,901
VA.TO,20230330,34.34,34.34,34.33,34.33,322
VAB.TO,20230330,22.81,22.87,22.81,22.84,62296
VALT.TO,20230330,24.97,24.98,24.97,24.98,3700
VALT.U.TO,20230330,19.74,19.74,19.74,19.74,500
VBAL.TO,20230330,28,28,27.92,27.97,21958
VBNK.TO,20230330,10.2,10.21,10.19,10.21,800
VBNK.PR.A.TO,20230330,9.75,9.75,9.75,9.75,0
VCB.TO,20230330,23.04,23.06,23,23.03,16269
VCE.TO,20230330,43.62,43.64,43.43,43.5,8299
VCIP.TO,20230330,24.76,24.76,24.76,24.76,1000
VCM.TO,20230330,22.27,22.72,22.08,22.35,7253
VCN.TO,20230330,40.7,40.7,40.5,40.65,63515
VCNS.TO,20230330,26.21,26.21,26.18,26.2,486
VDU.TO,20230330,38.25,38.25,38.16,38.21,3625
VDY.TO,20230330,41.4,41.48,41.21,41.32,159060
VE.TO,20230330,31.89,31.9,31.89,31.89,3434
VEE.TO,20230330,32.93,33,32.86,32.92,29647
VEF.TO,20230330,47.53,47.62,47.53,47.6,2147
VEQT.TO,20230330,33.83,33.83,33.66,33.75,54496
VET.TO,20230330,17.04,17.37,16.83,17.17,1238725
VFV.TO,20230330,97.24,97.29,96.8,97.12,201651
VGCX.TO,20230330,9.45,9.45,9.19,9.24,929787
VGG.TO,20230330,70.43,70.43,69.86,70.05,6125
VGH.TO,20230330,50.99,50.99,50.23,50.42,9512
VGRO.TO,20230330,29.75,29.75,29.66,29.72,67210
VGV.TO,20230330,22.47,22.52,22.47,22.52,1000
VGZ.TO,20230330,0.74,0.77,0.74,0.76,13559
VHI.TO,20230330,2.68,2.68,2.63,2.63,77579
VI.TO,20230330,33.44,33.44,33.37,33.39,4561
VIDY.TO,20230330,26.58,26.73,26.57,26.71,3456
VIU.TO,20230330,30.53,30.56,30.5,30.52,22772
VLB.TO,20230330,21.67,21.74,21.67,21.72,2152
VLE.TO,20230330,3.33,3.33,3.02,3.09,1086653
VLN.TO,20230330,12.78,12.78,12.75,12.76,2150
VMO.TO,20230330,43.41,43.43,43.26,43.33,1622
VNP.TO,20230330,3.45,3.45,3.28,3.3,131401
VPH.TO,20230330,0.51,0.51,0.5,0.5,10499
VQS.TO,20230330,0.46,0.54,0.45,0.48,241713
VRE.TO,20230330,29.66,29.86,29.66,29.75,3977
VRIF.TO,20230330,23.48,23.51,23.47,23.51,35919
VSB.TO,20230330,22.51,22.55,22.51,22.53,42937
VSC.TO,20230330,22.9,22.91,22.9,22.91,7565
VSP.TO,20230330,66.82,66.82,66.43,66.7,58771
VUN.TO,20230330,74,74.06,73.68,73.91,19736
VUS.TO,20230330,72.69,72.71,72.41,72.55,6761
VVL.TO,20230330,40.12,40.12,40.02,40.02,432
VVO.TO,20230330,32,32,31.89,31.89,200
VXC.TO,20230330,46.92,47.05,46.87,46.93,5533
VXM.B.TO,20230330,25.52,25.52,25.52,25.52,0
WCM.A.TO,20230330,4.25,4.25,4.25,4.25,0
WCN.TO,20230330,185.88,187.53,184.71,186.63,249829
WCP.TO,20230330,10.6,10.64,10.39,10.43,1078095
WDO.TO,20230330,7.88,7.97,7.75,7.97,372851
WEED.TO,20230330,2.47,2.47,2.38,2.38,707749
WEF.TO,20230330,1.09,1.11,1.08,1.11,213171
WELL.TO,20230330,4.8,4.85,4.74,4.75,575031
WELL.DB.TO,20230330,92,92,92,92,0
WFC.TO,20230330,17.83,17.9,17.83,17.9,1159
WFG.TO,20230330,96.06,96.2,94.64,94.7,118192
WILD.TO,20230330,2.03,2.6,2.03,2.5,268010
WILD.DB.TO,20230330,95.75,95.75,95.75,95.75,0
WJX.TO,20230330,24.02,24.39,24.02,24.25,12481
WJX.DB.TO,20230330,100,100,100,100,0
WLLW.TO,20230330,0.09,0.1,0.09,0.095,220259
WM.TO,20230330,0.155,0.155,0.15,0.155,740495
WN.TO,20230330,174.99,177.43,174.16,176.45,148070
WN.PR.A.TO,20230330,23.65,23.65,23.55,23.55,521
WN.PR.C.TO,20230330,21.35,21.35,21.18,21.2,9700
WN.PR.D.TO,20230330,21.34,21.38,21.24,21.24,24136
WN.PR.E.TO,20230330,19.45,19.6,19.45,19.5,3200
WNDR.TO,20230330,0.145,0.155,0.135,0.145,205886
WNDR.WT.B.TO,20230330,0.08,0.08,0.08,0.08,0
WOMN.TO,20230330,27.32,27.37,27.32,27.37,200
WPK.TO,20230330,42.4,42.59,42,42.2,15190
WPM.TO,20230330,65.4,65.62,64.63,65.11,828419
WPRT.TO,20230330,1.14,1.2,1.14,1.19,60044
WRG.TO,20230330,2.88,2.88,2.88,2.88,200
WRN.TO,20230330,2.41,2.42,2.39,2.4,68734
WRX.TO,20230330,0.275,0.28,0.275,0.28,14360
WSP.TO,20230330,170.02,173.49,169.47,173.45,155670
WSRD.TO,20230330,26.71,26.79,26.71,26.79,403
WSRI.TO,20230330,34.31,34.43,34.31,34.43,241
WTE.TO,20230330,26.53,26.89,26.21,26.81,85658
WXM.TO,20230330,24.7,24.75,24.7,24.75,728
X.TO,20230330,134.16,135.59,133.65,135.31,89697
XAGG.TO,20230330,36.91,36.91,36.91,36.91,0
XAGH.TO,20230330,34.05,34.05,34.05,34.05,2200
XAM.TO,20230330,0.035,0.035,0.03,0.03,1278645
XAU.TO,20230330,1.93,1.93,1.88,1.93,8904
XAW.TO,20230330,32.77,32.82,32.72,32.76,15908
XAW.U.TO,20230330,24.5,24.51,24.5,24.51,1600
XBAL.TO,20230330,25.23,25.25,25.19,25.24,630782
XBB.TO,20230330,27.82,27.93,27.82,27.88,119404
XBM.TO,20230330,19.91,20.05,19.91,20.01,5402
XCB.TO,20230330,19.14,19.22,19.14,19.21,33073
XCBG.TO,20230330,35.79,35.79,35.78,35.78,500
XCD.TO,20230330,44.87,44.93,44.76,44.9,2980
XCG.TO,20230330,42.69,42.82,42.69,42.82,565
XCH.TO,20230330,19.22,19.34,19.2,19.29,10540
XCLN.TO,20230330,44.04,44.04,44.04,44.04,500
XCNS.TO,20230330,20.65,20.66,20.65,20.66,3231
XCS.TO,20230330,18.26,18.29,18.21,18.29,3810
XCSR.TO,20230330,57.71,57.71,57.54,57.65,851
XCV.TO,20230330,31.77,31.8,31.67,31.74,3425
XDG.TO,20230330,22.93,22.94,22.93,22.94,2917
XDGH.TO,20230330,23.22,23.26,23.21,23.26,6300
XDIV.TO,20230330,24.52,24.55,24.49,24.55,18088
XDNA.TO,20230330,32.2,32.2,32.2,32.2,300
XDRV.TO,20230330,39.24,39.24,39.24,39.24,247
XDSR.TO,20230330,50.07,50.07,50.07,50.07,120
XDU.TO,20230330,25.71,25.71,25.69,25.69,200
XDU.U.TO,20230330,18.73,18.73,18.73,18.73,0
XDUH.TO,20230330,23.88,23.91,23.88,23.91,1777
XDV.TO,20230330,27.69,27.71,27.61,27.67,24339
XEB.TO,20230330,15.16,15.16,15.16,15.16,0
XEC.TO,20230330,25.25,25.34,25.25,25.33,11671
XEF.TO,20230330,33.37,33.49,33.37,33.44,50159
XEF.U.TO,20230330,24.7,24.7,24.7,24.7,200
XEG.TO,20230330,14.79,14.82,14.6,14.71,1358383
XEH.TO,20230330,29.23,29.26,29.23,29.26,524
XEI.TO,20230330,24.81,24.86,24.77,24.82,41513
XEM.TO,20230330,29.63,29.63,29.57,29.57,2000
XEMC.TO,20230330,39.68,39.69,39.67,39.69,2600
XEN.TO,20230330,30,30,29.86,29.89,761
XEQT.TO,20230330,25.32,25.37,25.29,25.33,41525
XESG.TO,20230330,24.2,24.26,24.2,24.24,1100
XEU.TO,20230330,26.9,27,26.9,27,1357
XEXP.TO,20230330,42.35,42.35,42.35,42.35,0
XFH.TO,20230330,27.13,27.22,27.13,27.18,3486
XFLB.TO,20230330,50.95,50.95,50.95,50.95,0
XFN.TO,20230330,44.1,44.22,43.93,44.05,301393
XFR.TO,20230330,20.09,20.12,20.09,20.12,32783
XGB.TO,20230330,19.33,19.37,19.32,19.36,27844
XGD.TO,20230330,19.35,19.45,19.23,19.41,330409
XGI.TO,20230330,41.34,41.34,41.34,41.34,125
XGRO.TO,20230330,24,24.01,23.95,23.99,57859
XHAK.TO,20230330,35.62,35.62,35.62,35.62,0
XHB.TO,20230330,18.55,18.56,18.55,18.56,1000
XHC.TO,20230330,64.84,64.87,64.79,64.87,1480
XHD.TO,20230330,30.36,30.44,30.31,30.37,12579
XHU.TO,20230330,28.14,28.14,27.88,27.93,2664
XHY.TO,20230330,15.82,15.88,15.78,15.88,5727
XIC.TO,20230330,31.73,31.73,31.59,31.68,150832
XID.TO,20230330,41.95,41.95,41.95,41.95,260
XIG.TO,20230330,20.29,20.31,20.25,20.26,2000
XIGS.TO,20230330,36.56,36.56,36.56,36.56,0
XIN.TO,20230330,30.77,30.78,30.68,30.75,15456
XINC.TO,20230330,18.98,18.98,18.98,18.98,878
XIT.TO,20230330,39.88,40.1,39.74,40.03,6718
XIU.TO,20230330,30.38,30.38,30.21,30.31,1903698
XLB.TO,20230330,19.74,19.85,19.74,19.78,11544
XLVE.TO,20230330,9.47,9.49,9.47,9.48,30028
XLY.TO,20230330,0.02,0.02,0.015,0.02,571828
XMA.TO,20230330,19.48,19.53,19.44,19.53,8055
XMC.TO,20230330,25.6,25.71,25.53,25.53,6047
XMC.U.TO,20230330,18.29,18.29,18.29,18.29,0
XMD.TO,20230330,30.48,30.49,30.48,30.49,728
XMF.PR.B.TO,20230330,4.68,4.68,4.65,4.65,3776
XMF.PR.C.TO,20230330,1.15,1.15,1.15,1.15,100
XMH.TO,20230330,22.77,22.77,22.54,22.55,11482
XMI.TO,20230330,34.79,34.82,34.76,34.76,8522
XML.TO,20230330,23.73,23.73,23.73,23.73,0
XMM.TO,20230330,26.46,26.46,26.46,26.46,100
XMS.TO,20230330,30.39,30.44,30.39,30.44,590
XMTM.TO,20230330,22.81,22.81,22.81,22.81,208
XMU.TO,20230330,65.52,65.58,65.52,65.58,366
XMU.U.TO,20230330,48.35,48.35,48.35,48.35,303
XMV.TO,20230330,37.72,37.72,37.72,37.72,305
XMW.TO,20230330,45.92,45.96,45.92,45.96,1659
XMY.TO,20230330,26.24,26.24,26.24,26.24,0
XPF.TO,20230330,13.99,14,13.99,13.99,1200
XQB.TO,20230330,18.59,18.64,18.59,18.64,3947
XQLT.TO,20230330,27.02,27.02,27.02,27.02,725
XQQ.TO,20230330,99.49,99.88,99.25,99.67,72645
XRB.TO,20230330,22.83,22.94,22.83,22.83,10111
XRE.TO,20230330,16.76,16.94,16.76,16.86,146190
XSAB.TO,20230330,17.92,17.94,17.89,17.94,5600
XSB.TO,20230330,25.89,25.93,25.89,25.93,154809
XSC.TO,20230330,17.56,17.56,17.56,17.56,100
XSE.TO,20230330,17.79,17.8,17.79,17.8,425
XSEA.TO,20230330,22.69,22.69,22.69,22.69,0
XSEM.TO,20230330,18.48,18.49,18.43,18.45,2518
XSH.TO,20230330,18.01,18.05,18.01,18.04,16488
XSHG.TO,20230330,37.12,37.12,37.12,37.12,300
XSHU.TO,20230330,39.93,39.93,39.93,39.93,600
XSI.TO,20230330,16.6,16.63,16.6,16.63,454
XSMC.TO,20230330,25.8,25.8,25.8,25.8,423
XSMH.TO,20230330,24.12,24.12,23.94,24.01,700
XSP.TO,20230330,43,43.02,42.78,42.97,297397
XST.TO,20230330,87.41,88.23,87.41,88.2,3158
XSTB.TO,20230330,18.97,18.97,18.97,18.97,126
XSTH.TO,20230330,37.15,37.15,37.15,37.15,1536
XSTP.TO,20230330,40.5,40.5,40.5,40.5,155
XSTP.U.TO,20230330,29.8,29.8,29.8,29.8,200
XSU.TO,20230330,35.1,35.15,34.64,34.76,78045
XSUS.TO,20230330,29.23,29.23,29.2,29.2,19773
XTC.TO,20230330,7.22,7.45,7.21,7.45,21008
XTD.TO,20230330,4.09,4.15,4.08,4.13,34158
XTD.PR.A.TO,20230330,9.88,9.88,9.88,9.88,200
XTG.TO,20230330,0.95,0.95,0.95,0.95,2500
XTLH.TO,20230330,39.93,39.97,39.93,39.97,1546
XTLT.TO,20230330,40.13,40.15,40.13,40.15,4481
XTLT.U.TO,20230330,29.64,29.64,29.64,29.64,4533
XTR.TO,20230330,10.34,10.37,10.34,10.35,8790
XTRA.TO,20230330,0.78,0.79,0.76,0.78,106151
XUH.TO,20230330,34.18,34.21,34.09,34.13,2000
XUS.TO,20230330,68.13,68.16,67.83,68.02,62877
XUS.U.TO,20230330,50.99,51.07,50.8,50.92,4700
XUSR.TO,20230330,56.64,56.74,56.5,56.71,2127
XUT.TO,20230330,28.2,28.41,28.15,28.35,279025
XUU.TO,20230330,40.67,40.78,40.54,40.68,13104
XVLU.TO,20230330,23.23,23.28,23.23,23.28,300
XWD.TO,20230330,68.03,68.11,67.97,68.11,3904
Y.TO,20230330,13.15,13.15,13.15,13.15,200
YCM.TO,20230330,1.71,1.71,1.71,1.71,0
YCM.PR.A.TO,20230330,4.92,4.92,4.92,4.92,0
YCM.PR.B.TO,20230330,5.15,5.15,5.15,5.15,0
YGR.TO,20230330,1.87,1.87,1.8,1.82,161082
YRB.TO,20230330,0.055,0.055,0.055,0.055,0
ZAG.TO,20230330,13.71,13.75,13.71,13.73,142351
ZBAL.TO,20230330,33.47,33.47,33.47,33.47,0
ZBAL.T.TO,20230330,26.98,26.98,26.98,26.98,0
ZBBB.TO,20230330,26.97,26.97,26.97,26.97,150
ZBK.TO,20230330,22.76,22.76,22.08,22.15,40756
ZCB.TO,20230330,44.92,45.06,44.92,44.96,465
ZCDB.TO,20230330,28.16,28.16,28.16,28.16,200
ZCH.TO,20230330,16.32,16.46,16.24,16.31,7070
ZCLN.TO,20230330,20.65,20.65,20.43,20.43,315
ZCM.TO,20230330,14.76,14.76,14.73,14.76,1456
ZCN.TO,20230330,26.71,26.71,26.59,26.68,127759
ZCON.TO,20230330,31.11,31.14,31.11,31.14,260
ZCPB.TO,20230330,27.22,27.22,27.22,27.22,0
ZCS.TO,20230330,13.13,13.16,13.13,13.16,7415
ZCS.L.TO,20230330,21.83,21.85,21.83,21.85,3000
ZDB.TO,20230330,14.65,14.67,14.63,14.66,19727
ZDH.TO,20230330,23.49,23.56,23.49,23.56,3768
ZDI.TO,20230330,21.2,21.25,21.2,21.25,2154
ZDJ.TO,20230330,51.9,51.9,51.54,51.75,2139
ZDM.TO,20230330,24.98,25.09,24.98,25.09,25288
ZDV.TO,20230330,19.31,19.35,19.28,19.33,26405
ZDY.TO,20230330,36.01,36.01,35.83,35.92,3200
ZDY.U.TO,20230330,27.16,27.24,27.16,27.21,950
ZEA.TO,20230330,20.21,20.24,20.18,20.18,17980
ZEB.TO,20230330,33.7,33.78,33.52,33.56,1078462
ZEF.TO,20230330,11.78,11.79,11.77,11.79,2721
ZEM.TO,20230330,19.15,19.26,19.15,19.25,6793
ZEO.TO,20230330,57.94,58.02,57.67,57.89,26319
ZEQ.TO,20230330,28.25,28.36,28.25,28.35,2509
ZEQT.TO,20230330,38.92,38.92,38.92,38.92,216
ZESG.TO,20230330,30.82,30.82,30.82,30.82,0
ZFC.TO,20230330,39.35,39.35,39.35,39.35,171
ZFH.TO,20230330,13.81,13.81,13.81,13.81,500
ZFL.TO,20230330,13.78,13.88,13.77,13.82,89951
ZFM.TO,20230330,14.68,14.68,14.68,14.68,0
ZFN.TO,20230330,37.25,37.25,37.25,37.25,100
ZFS.TO,20230330,13.4,13.4,13.38,13.4,1652
ZFS.L.TO,20230330,20.62,20.62,20.62,20.62,226
ZGB.TO,20230330,45.45,45.45,45.45,45.45,200
ZGD.TO,20230330,80,80,79.67,79.67,715
ZGI.TO,20230330,43,43.08,42.86,43.01,2905
ZGQ.TO,20230330,47.1,47.1,47.07,47.07,392
ZGRO.TO,20230330,36.09,36.12,36.09,36.09,1645
ZGSB.TO,20230330,25.56,25.57,25.56,25.57,200
ZHP.TO,20230330,17.6,17.6,17.6,17.6,100
ZHU.TO,20230330,41.88,42.01,41.88,42.01,500
ZHY.TO,20230330,10.78,10.8,10.7,10.8,11907
ZIC.TO,20230330,17.16,17.17,17.15,17.15,12079
ZID.TO,20230330,36,36,36,36,100
ZIN.TO,20230330,34.97,34.97,34.97,34.97,814
ZJG.TO,20230330,73.21,73.62,73.21,73.62,248
ZJK.TO,20230330,17.07,17.07,17.05,17.05,1106
ZJPN.TO,20230330,28.51,28.51,28.51,28.51,0
ZLB.TO,20230330,41.56,41.66,41.47,41.66,49754
ZLC.TO,20230330,14.95,15.08,14.95,15.04,17774
ZLH.TO,20230330,31.62,31.63,31.61,31.62,7900
ZLU.TO,20230330,47.46,47.46,47.19,47.34,7844
ZLU.U.TO,20230330,35.64,35.64,35.64,35.64,0
ZMBS.TO,20230330,28.88,28.88,28.88,28.88,0
ZMI.TO,20230330,15.69,15.69,15.69,15.69,2022
ZMID.TO,20230330,35.87,35.87,35.87,35.87,104
ZMMK.TO,20230330,49.94,49.94,49.91,49.93,355065
ZMP.TO,20230330,13.7,13.73,13.7,13.71,880
ZMSB.TO,20230330,27.63,27.63,27.63,27.63,0
ZMT.TO,20230330,55,55.05,54.83,54.83,1119
ZMU.TO,20230330,12.6,12.63,12.6,12.61,50718
ZNQ.TO,20230330,56.62,56.72,56.5,56.57,4453
ZNQ.U.TO,20230330,27.76,27.76,27.76,27.76,0
ZPAY.TO,20230330,29.14,29.15,29.08,29.11,4864
ZPAY.F.TO,20230330,27.4,27.49,27.4,27.4,1213
ZPAY.U.TO,20230330,28.11,28.11,28.03,28.11,2700
ZPH.TO,20230330,14.3,14.3,14.3,14.3,0
ZPL.TO,20230330,12.88,12.97,12.88,12.94,37263
ZPR.TO,20230330,8.95,8.95,8.89,8.9,73789
ZPS.TO,20230330,12.08,12.08,12.08,12.08,0
ZPW.TO,20230330,14.89,14.89,14.79,14.81,3204
ZPW.U.TO,20230330,14.56,14.56,14.56,14.56,0
ZQB.TO,20230330,27.79,27.79,27.79,27.79,0
ZQQ.TO,20230330,92.09,92.39,91.76,92.2,41941
ZRE.TO,20230330,21.78,21.92,21.78,21.88,3756
ZRR.TO,20230330,15.19,15.21,15.17,15.18,3070
ZSB.TO,20230330,46.65,46.65,46.65,46.65,339
ZSDB.TO,20230330,28.95,28.95,28.95,28.95,0
ZSML.U.TO,20230330,33.26,33.26,33.26,33.26,0
ZSP.TO,20230330,60.05,60.07,59.74,59.92,249330
ZSP.U.TO,20230330,44.31,44.38,44.2,44.35,4061
ZST.TO,20230330,48.56,48.57,48.56,48.56,16019
ZST.L.TO,20230330,55.16,55.2,55.16,55.2,27900
ZSU.TO,20230330,13.01,13.01,13.01,13.01,0
ZTIP.TO,20230330,31.15,31.18,31.14,31.14,688
ZTIP.F.TO,20230330,28.85,28.87,28.85,28.87,930
ZTIP.U.TO,20230330,29.01,29.01,29.01,29.01,313
ZUAG.TO,20230330,30.26,30.26,30.26,30.26,100
ZUAG.U.TO,20230330,30.05,30.05,30.05,30.05,0
ZUB.TO,20230330,21.45,21.45,20.85,20.94,12087
ZUD.TO,20230330,25.39,25.47,25.39,25.47,1036
ZUE.TO,20230330,57.03,57.04,56.78,57.04,2044
ZUH.TO,20230330,69.98,69.98,69.58,69.8,3456
ZUP.TO,20230330,19.52,19.52,19.51,19.52,1100
ZUP.U.TO,20230330,18.85,18.85,18.85,18.85,2000
ZUQ.TO,20230330,55,55,54.76,54.87,1435
ZUQ.F.TO,20230330,34.96,35.04,34.96,35.04,627
ZUQ.U.TO,20230330,35.9,35.9,35.88,35.88,254
ZUS.V.TO,20230330,52.53,52.53,52.53,52.53,12000
ZUT.TO,20230330,22.7,23,22.7,22.95,79352
ZVC.TO,20230330,24.93,24.94,24.9,24.94,1604
ZVU.TO,20230330,25.09,25.09,25.09,25.09,200
ZWA.TO,20230330,23.33,23.33,23.33,23.33,0
ZWB.TO,20230330,17.88,17.92,17.79,17.82,136393
ZWB.U.TO,20230330,22.36,22.36,22.36,22.36,0
ZWC.TO,20230330,17.3,17.3,17.24,17.28,52550
ZWE.TO,20230330,19.5,19.59,19.5,19.59,9643
ZWEN.TO,20230330,28.3,28.3,28.3,28.3,151
ZWG.TO,20230330,28.2,28.2,28.09,28.11,1800
ZWH.TO,20230330,21.7,21.73,21.61,21.67,35669
ZWH.U.TO,20230330,21.95,22.01,21.95,22.01,413
ZWHC.TO,20230330,28.71,28.71,28.71,28.71,378
ZWK.TO,20230330,18.61,18.61,18.07,18.15,75426
ZWP.TO,20230330,17.18,17.19,17.16,17.19,4400
ZWS.TO,20230330,19.25,19.27,19.24,19.25,2000
ZWT.TO,20230330,27.93,27.97,27.93,27.97,6411
ZWU.TO,20230330,11.28,11.36,11.28,11.36,291534
ZXM.TO,20230330,34.61,34.61,34.61,34.61,100
ZZZ.TO,20230330,23.37,23.6,23,23.28,48790
ZZZD.TO,20230330,28,28.09,28,28.03,2000
