<ticker>,<date>,<open>,<high>,<low>,<close>,<vol>
AAB.TO,20240802,0.07,0.07,0.055,0.065,197509
AAUC.TO,20240802,3.16,3.25,3.15,3.16,249097
AAV.TO,20240802,9.44,9.54,9.06,9.13,565091
AAV.DB.TO,20240802,100.44,100.44,100,100.1,124000
ABX.TO,20240802,25.55,25.86,24.27,24.82,5200250
AC.TO,20240802,15.3,15.3,14.78,14.9,3584541
ACB.TO,20240802,8.11,8.27,8.01,8.22,464775
ACD.TO,20240802,4.2,4.2,4.2,4.2,200
ACD.DB.TO,20240802,98,98.5,98,98.5,6000
ACO.X.TO,20240802,43.44,43.88,43.13,43.49,187742
ACQ.TO,20240802,19.15,19.31,18.36,18.54,35352
ACX.TO,20240802,6.28,6.28,6.01,6.24,11608
AD.DB.A.TO,20240802,101,101,100.55,100.55,50000
AD.UN.TO,20240802,16.25,16.25,15.52,16.06,131703
ADCO.TO,20240802,0.21,0.21,0.205,0.205,5000
ADEN.TO,20240802,42.24,42.24,41,41.44,50812
ADN.TO,20240802,18.35,18.35,17.92,18.24,13457
ADW.A.TO,20240802,4.16,4.2,4.09,4.1,93837
AEG.TO,20240802,0.37,0.42,0.37,0.4,302000
AEM.TO,20240802,106.65,108.21,102.68,104.14,1131864
AFN.TO,20240802,54.93,55.01,53.2,53.78,69496
AFN.DB.G.TO,20240802,100,100,100,100,119000
AFN.DB.H.TO,20240802,100,100,100,100,6000
AG.TO,20240802,7.42,7.5,6.78,7.01,1345725
AGF.B.TO,20240802,7.88,8.07,7.83,7.92,112979
AGI.TO,20240802,24.11,24.9,23.84,24.15,1453604
AI.TO,20240802,11.23,11.23,10.95,10.99,34666
AI.DB.D.TO,20240802,99.01,99.01,99.01,99.01,20000
AIDX.TO,20240802,2.11,2.11,2.03,2.08,209188
AIF.TO,20240802,56.13,56.13,55,55.25,56595
AIGO.TO,20240802,19.9,19.9,19.8,19.8,217
AII.TO,20240802,0.67,0.67,0.65,0.67,98900
AIM.TO,20240802,2.69,2.69,2.6,2.63,97965
AKT.A.TO,20240802,1.38,1.38,1.35,1.35,38820
ALA.TO,20240802,33.52,33.84,32.84,32.96,727974
ALA.PR.A.TO,20240802,19.26,19.27,18.78,18.98,1400
ALA.PR.B.TO,20240802,21.01,21.21,20.54,20.54,3200
ALA.PR.G.TO,20240802,24.25,24.29,24.1,24.1,3300
ALC.TO,20240802,14.7,14.72,14.1,14.26,35375
ALS.TO,20240802,21.63,22.25,21.21,21.81,83086
ALYA.TO,20240802,1.82,1.84,1.78,1.84,24128
AMAX.TO,20240802,20.6,20.6,19.76,19.89,14651
AMC.TO,20240802,1.95,1.95,1.8,1.84,192826
AMM.TO,20240802,0.065,0.065,0.065,0.065,11000
AND.TO,20240802,41.75,42.75,41.32,41.55,25234
ANRG.TO,20240802,0.4,0.48,0.4,0.435,100695
AOI.TO,20240802,2.27,2.29,2.18,2.19,417858
AOT.TO,20240802,0.43,0.43,0.4,0.4,2039283
AP.UN.TO,20240802,16.06,16.64,16.06,16.45,530233
APLI.TO,20240802,0.03,0.03,0.03,0.03,2000
APR.UN.TO,20240802,10.59,10.69,10.47,10.61,34707
APS.TO,20240802,0.7,0.7,0.65,0.66,6495
AQN.TO,20240802,8.51,8.63,8.43,8.54,2380314
AQN.PR.A.TO,20240802,21.94,22.25,21.8,22.25,7400
AQN.PR.D.TO,20240802,22.9,23.26,22.9,22.96,12100
ARA.TO,20240802,0.52,0.52,0.5,0.5,45000
ARB.TO,20240802,26.14,26.17,26.14,26.16,4500
ARE.TO,20240802,16.42,16.55,16.09,16.55,240410
ARG.TO,20240802,1.56,1.58,1.54,1.56,540456
ARIS.TO,20240802,5.92,6.02,5.55,5.6,351483
ARIS.WT.A.TO,20240802,0.5,0.5,0.42,0.44,117000
ARR.TO,20240802,9.26,9.26,9.13,9.18,5147
ARTI.TO,20240802,9.79,9.79,9.73,9.73,1117
ARX.TO,20240802,23.05,23.36,22.65,23,1884329
ASCU.TO,20240802,1.4,1.4,1.34,1.36,43500
ASM.TO,20240802,1.4,1.4,1.28,1.3,134547
ASND.TO,20240802,0.045,0.045,0.045,0.045,3600
ASTL.TO,20240802,13.01,13.11,12.71,13.09,76609
ASTL.WT.TO,20240802,1.84,1.84,1.83,1.83,4200
ATCU.TO,20240802,0.57,0.57,0.54,0.56,21551
ATD.TO,20240802,81.43,82.22,80.04,81.76,1299483
ATH.TO,20240802,5.34,5.35,5.07,5.14,4956160
ATRL.TO,20240802,57.54,58.18,54.51,55.71,376656
ATS.TO,20240802,39.33,39.56,37.64,38.65,1187162
ATSX.TO,20240802,23.95,23.95,23.95,23.95,200
ATZ.TO,20240802,43.82,44,41.79,42.6,391795
AUGB.F.TO,20240802,44.13,44.13,44.13,44.13,500
AUMN.TO,20240802,0.55,0.56,0.53,0.55,20718
AVCN.TO,20240802,0.29,0.315,0.29,0.315,82513
AVL.TO,20240802,0.07,0.075,0.07,0.07,233288
AVNT.TO,20240802,0.05,0.05,0.05,0.05,284171
AW.UN.TO,20240802,33.96,34.21,33.46,34.2,29626
AX.PR.E.TO,20240802,18.8,18.8,18.4,18.49,2587
AX.PR.I.TO,20240802,20.02,21.03,20.02,20.5,15362
AX.UN.TO,20240802,6.76,6.79,6.61,6.61,89300
AYA.TO,20240802,15.23,15.43,14.2,14.27,349290
BABY.TO,20240802,0.125,0.125,0.115,0.12,104678
BAM.TO,20240802,56.96,56.96,55.52,56.51,1615980
BANK.TO,20240802,7.05,7.05,6.86,6.93,594135
BASE.TO,20240802,24.97,24.97,24.31,24.46,4093
BB.TO,20240802,3.11,3.12,3.02,3.05,1580563
BBD.A.TO,20240802,88.98,88.98,81.11,82.36,36322
BBD.B.TO,20240802,88.02,88.3,81,82.38,748760
BBD.PR.B.TO,20240802,17.4,17.4,17.23,17.23,500
BBD.PR.C.TO,20240802,20.95,21.15,20.94,21,4674
BBU.UN.TO,20240802,27.54,28.73,27.27,27.43,47715
BBUC.TO,20240802,29.82,30.47,29.24,29.64,25318
BCE.TO,20240802,46.86,47.72,46.41,47.6,5024753
BCE.PR.A.TO,20240802,16.9,17,16.8,17,4443
BCE.PR.B.TO,20240802,17.26,17.28,17.1,17.1,1600
BCE.PR.C.TO,20240802,17.29,17.35,17.21,17.32,1100
BCE.PR.D.TO,20240802,17.27,17.27,16.98,17.13,7800
BCE.PR.E.TO,20240802,17.11,17.11,16.98,17.02,6035
BCE.PR.F.TO,20240802,16.65,16.69,16.6,16.6,6021
BCE.PR.G.TO,20240802,15.6,15.6,15.56,15.58,500
BCE.PR.H.TO,20240802,17.27,17.27,17.01,17.01,9330
BCE.PR.I.TO,20240802,15.62,15.62,15.62,15.62,164
BCE.PR.J.TO,20240802,17.15,17.2,17.04,17.2,1100
BCE.PR.K.TO,20240802,15.02,15.02,15.01,15.01,8100
BCE.PR.L.TO,20240802,16.35,16.35,16.25,16.25,900
BCE.PR.M.TO,20240802,15.75,15.75,15.71,15.72,400
BCE.PR.N.TO,20240802,16.91,16.91,16.88,16.88,1106
BCE.PR.Q.TO,20240802,22.25,22.25,22.23,22.25,3304
BCE.PR.S.TO,20240802,17.02,17.05,16.99,16.99,7400
BCE.PR.T.TO,20240802,17.05,17.06,17.03,17.03,400
BCE.PR.Y.TO,20240802,17.22,17.22,16.95,17.01,1300
BCE.PR.Z.TO,20240802,18.05,18.05,17.7,17.7,2500
BCT.TO,20240802,0.89,0.94,0.89,0.94,2000
BDGI.TO,20240802,37.5,37.8,34.85,36.22,201860
BDI.TO,20240802,9.05,9.39,9,9.32,77714
BDIV.TO,20240802,20.47,20.47,20.28,20.28,401
BDT.TO,20240802,24.73,25.03,23.6,23.88,135508
BEI.UN.TO,20240802,79.52,79.65,77.83,78.57,102020
BEK.B.TO,20240802,12.58,12.58,12.58,12.58,500
BEP.PR.G.TO,20240802,24.14,24.14,24,24,1100
BEP.PR.M.TO,20240802,21.75,21.76,21.74,21.75,1421
BEP.PR.R.TO,20240802,19.28,19.3,19.18,19.3,6262
BEP.UN.TO,20240802,33.55,33.78,32.87,33.25,207191
BEPC.TO,20240802,37.64,38.67,37.58,38.62,250741
BEPR.TO,20240802,9.01,9.01,8.99,9.01,2305
BESG.TO,20240802,16.22,16.22,16.22,16.22,2800
BFIN.TO,20240802,21.2,21.2,20.85,20.85,2900
BGI.UN.TO,20240802,4.46,4.5,4.46,4.49,6730
BGU.TO,20240802,45.42,45.42,45.42,45.42,160
BHC.TO,20240802,7.55,8.04,7.17,7.79,746919
BIP.PR.A.TO,20240802,21.72,21.72,21.59,21.59,3700
BIP.PR.B.TO,20240802,24.28,24.5,24.28,24.5,500
BIP.PR.E.TO,20240802,23.55,23.55,23.16,23.16,6000
BIP.PR.F.TO,20240802,22.6,22.6,22.23,22.25,5335
BIP.UN.TO,20240802,42.55,43.29,41.51,42.08,623606
BIPC.TO,20240802,52,53.07,52,52.49,125230
BIR.TO,20240802,5.73,5.73,5.56,5.62,1181859
BITF.TO,20240802,3.3,3.38,2.98,3.03,4012467
BITI.TO,20240802,4.95,5.06,4.81,5.04,253708
BITI.U.TO,20240802,3.64,3.64,3.63,3.63,3010
BK.TO,20240802,10.97,10.97,10.8,10.82,100228
BK.PR.A.TO,20240802,10.29,10.29,10.2,10.24,49791
BKCC.TO,20240802,13.54,13.54,13.4,13.46,7623
BKCL.TO,20240802,18,18,17.61,17.74,58829
BKI.TO,20240802,0.05,0.055,0.05,0.055,17155
BLCO.TO,20240802,23.04,23.11,22.5,22.5,1610
BLDP.TO,20240802,2.88,2.88,2.77,2.8,893116
BLN.TO,20240802,4.79,4.79,4.5,4.5,20599
BLOV.TO,20240802,22.72,22.72,22.72,22.72,100
BLX.TO,20240802,33.78,34.49,33.6,33.94,210741
BMAX.TO,20240802,13.45,13.45,13.07,13.17,20202
BMO.TO,20240802,113.01,113.45,111.1,112.02,4803375
BMO.PR.E.TO,20240802,25.51,25.65,25.5,25.5,6984
BMO.PR.W.TO,20240802,24.65,24.74,24.56,24.65,7878
BMO.PR.Y.TO,20240802,24,24.1,24,24,90500
BN.TO,20240802,64.61,64.83,62.59,62.87,2833168
BN.PF.A.TO,20240802,22.25,22.74,22.25,22.74,5113
BN.PF.B.TO,20240802,20.7,20.71,20.7,20.71,2321
BN.PF.C.TO,20240802,19.5,19.5,19.4,19.4,794
BN.PF.E.TO,20240802,18.1,18.11,17.92,17.92,4568
BN.PF.F.TO,20240802,20.16,20.16,19.85,19.98,4147
BN.PF.G.TO,20240802,18.75,18.98,18.64,18.7,4884
BN.PF.H.TO,20240802,23.82,23.95,23.82,23.85,1200
BN.PF.I.TO,20240802,23.13,23.21,23.13,23.21,1100
BN.PF.K.TO,20240802,14.7,15,14.68,14.7,3300
BN.PF.L.TO,20240802,12.49,12.5,12.49,12.5,2729
BN.PR.B.TO,20240802,11.81,11.81,11.68,11.68,2389
BN.PR.K.TO,20240802,11.81,11.81,11.67,11.68,2200
BN.PR.M.TO,20240802,19.34,19.35,19.34,19.35,200
BN.PR.N.TO,20240802,18.8,18.86,18.8,18.86,9600
BN.PR.R.TO,20240802,16.42,16.43,16.36,16.37,3400
BN.PR.T.TO,20240802,16.5,16.5,16.33,16.4,5202
BN.PR.X.TO,20240802,16.18,16.18,16.18,16.18,100
BN.PR.Z.TO,20240802,21.01,21.24,21.01,21.12,1400
BNC.TO,20240802,24.75,24.75,24.66,24.68,450
BND.TO,20240802,17.55,17.64,17.55,17.61,7340
BNE.TO,20240802,4.65,4.65,4.35,4.48,104396
BNG.TO,20240802,0.02,0.02,0.02,0.02,1263
BNK.TO,20240802,11.12,11.12,10.65,10.74,2906
BNK.PR.A.TO,20240802,10.35,10.35,10.33,10.33,400
BNS.TO,20240802,63.2,63.44,62.55,63.33,4024919
BOND.TO,20240802,20.92,21.06,20.92,21.06,13185
BOND.B.TO,20240802,21.7,21.7,21.7,21.7,1000
BOND.U.TO,20240802,21.05,21.36,21.05,21.36,12600
BOS.TO,20240802,4.99,4.99,4.6,4.68,15747
BPF.UN.TO,20240802,16.44,16.44,16.04,16.3,90909
BPO.PR.A.TO,20240802,13.76,13.78,13.46,13.53,8488
BPO.PR.C.TO,20240802,16.16,16.16,16.15,16.15,8300
BPO.PR.E.TO,20240802,13.5,13.5,13.3,13.42,1601
BPO.PR.G.TO,20240802,15,15.01,14.94,15,2800
BPO.PR.I.TO,20240802,14.34,14.35,14.05,14.18,8701
BPO.PR.N.TO,20240802,11.97,11.98,11.6,11.67,5612
BPO.PR.P.TO,20240802,11.66,11.66,11.66,11.66,200
BPO.PR.R.TO,20240802,12.23,12.35,12.21,12.35,5016
BPO.PR.T.TO,20240802,14.75,14.8,14.75,14.75,1186
BPO.PR.W.TO,20240802,9.2,9.2,9.2,9.2,750
BPO.PR.X.TO,20240802,9.15,9.15,9.1,9.1,2800
BPO.PR.Y.TO,20240802,9.35,9.35,9.3,9.3,3500
BPYP.PR.A.TO,20240802,21.74,21.99,21.65,21.74,1131
BR.TO,20240802,1.13,1.13,1.13,1.13,250
BRAG.TO,20240802,7.53,7.53,7.03,7.32,18027
BRE.TO,20240802,12.59,12.59,12.4,12.56,6711
BREA.TO,20240802,25.04,25.04,24.54,24.55,1243
BRF.PR.A.TO,20240802,17.94,18.19,17.81,17.81,1000
BRF.PR.B.TO,20240802,17.85,17.94,17.85,17.94,600
BRF.PR.C.TO,20240802,21.4,21.4,21.3,21.3,1200
BRF.PR.E.TO,20240802,18.7,18.74,18.68,18.68,903
BRF.PR.F.TO,20240802,18.78,18.78,18.62,18.63,2300
BRY.TO,20240802,0.28,0.29,0.28,0.29,48500
BSKT.TO,20240802,8.74,8.76,8.73,8.76,7801
BSX.TO,20240802,0.05,0.055,0.05,0.055,44000
BTB.DB.G.TO,20240802,99.75,99.75,99.51,99.55,68000
BTB.DB.H.TO,20240802,99.75,99.75,99.75,99.75,10000
BTB.UN.TO,20240802,3.17,3.19,3.13,3.16,106616
BTCC.TO,20240802,12.12,12.26,11.67,11.71,689793
BTCC.B.TO,20240802,12.77,12.91,12.32,12.37,511862
BTCC.J.TO,20240802,11.27,11.27,11.27,11.27,100
BTCC.U.TO,20240802,11.7,11.8,11.3,11.33,109795
BTCQ.TO,20240802,14.33,14.33,13.88,13.9,3225
BTCQ.U.TO,20240802,10.12,10.12,10.12,10.12,100
BTCX.B.TO,20240802,13.23,13.37,12.77,12.8,341692
BTCX.U.TO,20240802,12.1,12.15,11.69,11.69,101684
BTCY.TO,20240802,6.4,6.44,6.18,6.21,29047
BTCY.B.TO,20240802,7.59,7.59,7.28,7.3,1617
BTE.TO,20240802,4.8,4.81,4.41,4.48,10148590
BTO.TO,20240802,4.1,4.15,3.93,3.98,2794100
BU.TO,20240802,0.185,0.185,0.185,0.185,4600
BUI.TO,20240802,2.03,2.03,2.03,2.03,1300
BXF.TO,20240802,10.12,10.12,10.12,10.12,100
BYD.TO,20240802,228,232.1,226.24,227.02,55554
BYL.TO,20240802,0.23,0.25,0.22,0.245,405092
CACB.TO,20240802,20.09,20.09,20.09,20.09,500
CAE.TO,20240802,23.29,23.32,22.68,23.07,469020
CAFR.TO,20240802,19.83,19.83,19.83,19.83,2000
CALL.TO,20240802,12.44,12.46,12.06,12.16,42308
CALL.B.TO,20240802,15.73,15.73,15.69,15.72,4000
CALL.U.TO,20240802,13.62,13.62,13.59,13.59,5700
CAR.UN.TO,20240802,48.24,48.77,47.82,48.61,376231
CARS.TO,20240802,18.62,18.62,18.27,18.27,488
CAS.TO,20240802,9.63,9.67,9.43,9.52,188061
CASH.TO,20240802,50.02,50.03,50.02,50.03,359388
CBAL.TO,20240802,21.98,21.98,21.98,21.98,9630
CBH.TO,20240802,17.7,17.74,17.7,17.74,9090
CBIL.TO,20240802,49.98,49.99,49.97,49.98,55900
CBNK.TO,20240802,7.15,7.15,7.03,7.07,19222
CBO.TO,20240802,18.11,18.15,18.11,18.15,1600
CBUG.TO,20240802,23.65,23.65,23.65,23.65,125
CCA.TO,20240802,63.72,64.22,63.5,63.81,65577
CCEI.TO,20240802,24.23,24.23,23.84,23.85,1230
CCL.B.TO,20240802,73.03,73.27,71.61,72.33,287590
CCM.TO,20240802,0.275,0.28,0.275,0.28,15925
CCO.TO,20240802,55.01,55.35,52.34,52.73,2814000
CCOM.TO,20240802,18.63,18.63,18.63,18.63,1036
CCRE.TO,20240802,17.88,18.06,17.88,17.88,2200
CCS.PR.C.TO,20240802,20.96,21,20.69,20.69,419
CDIV.TO,20240802,13.94,13.94,13.69,13.82,19302
CDR.TO,20240802,1.6,1.65,1.51,1.57,6300
CDZ.TO,20240802,32.79,32.79,32.43,32.7,13900
CEE.TO,20240802,2.18,2.18,2.14,2.16,5800
CEF.TO,20240802,31.73,31.73,30.97,31.31,7059
CEF.U.TO,20240802,22.48,22.57,22.48,22.57,700
CEMI.TO,20240802,18.64,18.64,18.64,18.64,100
CEMX.TO,20240802,0.425,0.43,0.42,0.425,48807
CEQT.TO,20240802,24.16,24.16,24.16,24.16,110
CEU.TO,20240802,8.1,8.16,7.64,7.77,1761681
CEW.TO,20240802,17.05,17.05,16.86,16.98,13775
CF.TO,20240802,9.08,9.28,8.78,8.82,155926
CF.PR.A.TO,20240802,15.65,15.65,15.5,15.5,10548
CF.PR.C.TO,20240802,20.6,20.6,20.5,20.5,8100
CFF.TO,20240802,0.41,0.41,0.41,0.41,600
CFLX.TO,20240802,17.11,17.13,17.11,17.13,1500
CFP.TO,20240802,14.62,14.71,14.29,14.48,219796
CFW.TO,20240802,4.28,4.3,4.06,4.09,61451
CFX.TO,20240802,0.94,0.95,0.91,0.91,16772
CG.TO,20240802,9.27,9.86,9.15,9.27,1186588
CGAA.TO,20240802,26.81,26.81,26.58,26.58,3309
CGBI.TO,20240802,17.84,17.84,17.83,17.83,500
CGDV.TO,20240802,22.26,22.26,22.21,22.21,200
CGG.TO,20240802,7.59,7.7,7.49,7.54,12100
CGI.TO,20240802,39.14,39.14,38.7,38.8,1877
CGIN.TO,20240802,21.27,21.28,21.23,21.27,6400
CGL.TO,20240802,19.54,19.7,19.23,19.41,219013
CGL.C.TO,20240802,28.89,28.89,28.34,28.57,4794
CGO.TO,20240802,54.37,54.62,53.87,54.33,10720
CGR.TO,20240802,30.3,30.3,30.27,30.27,388
CGRE.TO,20240802,22.03,22.03,21.87,21.91,4213
CGX.TO,20240802,8.88,9.03,8.79,8.91,388414
CGXF.TO,20240802,11.2,11.25,10.8,10.86,57217
CGXF.U.TO,20240802,8.27,8.27,8.27,8.27,100
CGY.TO,20240802,56.03,56.16,55.08,55.51,6284
CHE.DB.E.TO,20240802,100.05,100.05,100.05,100.05,2000
CHE.DB.G.TO,20240802,105,105,105,105,250000
CHE.DB.H.TO,20240802,102.09,102.09,102.09,102.09,8000
CHE.UN.TO,20240802,9.44,9.47,9.2,9.44,415368
CHNA.B.TO,20240802,20.05,20.05,20.05,20.05,1400
CHP.UN.TO,20240802,13.76,13.97,13.64,13.92,423769
CHPS.TO,20240802,35.78,35.87,35.18,35.6,243068
CHPS.U.TO,20240802,25.64,25.81,25.63,25.72,19000
CHR.TO,20240802,2.67,2.67,2.59,2.62,398664
CHR.DB.B.TO,20240802,99.5,99.5,99.5,99.5,34000
CHR.DB.C.TO,20240802,100,100,100,100,146000
CIA.TO,20240802,5.46,5.46,5.3,5.33,487220
CIAI.TO,20240802,20.86,21,20.51,20.82,2682
CIBR.TO,20240802,42.78,42.87,42.41,42.87,5490
CIC.TO,20240802,10.76,10.76,10.68,10.72,6998
CIEI.TO,20240802,23,23.02,23,23.02,8900
CIEM.TO,20240802,18.83,18.89,18.83,18.89,3300
CIF.TO,20240802,44.03,44.03,43.25,43.36,6084
CIGI.TO,20240802,190,190,184.65,188.71,133701
CINF.TO,20240802,25.42,25.44,25.41,25.43,500
CINT.TO,20240802,23.43,23.43,23.26,23.39,7200
CINV.TO,20240802,21.58,21.58,21.57,21.57,300
CIU.PR.A.TO,20240802,18.93,18.98,18.89,18.98,1500
CIU.PR.C.TO,20240802,14.09,14.19,14.09,14.15,8300
CIX.TO,20240802,16.07,16.45,15.79,16.05,630289
CJ.TO,20240802,6.69,6.69,6.43,6.6,1380957
CJR.B.TO,20240802,0.105,0.105,0.1,0.1,396735
CJT.TO,20240802,125,125,119.17,120.03,52800
CJT.DB.E.TO,20240802,100.29,100.29,100.29,100.29,3000
CJT.DB.F.TO,20240802,100.02,100.02,100,100,95000
CKI.TO,20240802,25,25,24.69,25,5400
CLF.TO,20240802,17.31,17.32,17.29,17.31,5342
CLG.TO,20240802,17.25,17.3,17.25,17.29,9300
CLS.TO,20240802,65.62,65.74,63.05,64.25,1509241
CM.TO,20240802,68.96,69.15,68.16,69.03,3180386
CM.PR.P.TO,20240802,24.02,24.02,23.95,24.01,8773
CM.PR.Q.TO,20240802,24,24,23.96,23.96,8400
CM.PR.S.TO,20240802,24.72,24.91,24.69,24.69,16858
CMAG.TO,20240802,32.29,32.29,31.91,31.93,753
CMAR.TO,20240802,18.3,18.3,18.3,18.3,400
CMDO.TO,20240802,19.54,19.54,19.54,19.54,700
CMG.TO,20240802,14.6,14.65,13.53,13.77,142792
CMGG.TO,20240802,27.3,27.3,26.89,26.89,11900
CMNY.TO,20240802,50.08,50.08,50.08,50.08,2500
CMR.TO,20240802,50.06,50.06,50.04,50.06,86814
CNAO.TO,20240802,25.51,25.52,25.4,25.52,8287
CNCC.TO,20240802,11.78,11.78,11.64,11.72,3240
CNCL.TO,20240802,18.98,18.98,18.59,18.79,5181
CNDX.TO,20240802,24.94,24.94,24.71,24.94,6700
CNE.TO,20240802,4.3,4.35,4.17,4.28,23020
CNL.TO,20240802,3.81,3.85,3.63,3.74,80125
CNQ.TO,20240802,47.59,47.63,45.69,46.25,4936267
CNR.TO,20240802,155.61,155.9,153.1,155.73,912323
COMM.TO,20240802,34.59,34.6,34.23,34.28,3000
COP.U.TO,20240802,8.33,8.4,8.26,8.4,3406
COP.UN.TO,20240802,11.61,11.65,11.6,11.65,1518
COPP.TO,20240802,32.74,32.8,32.45,32.45,2469
COW.TO,20240802,60.22,60.58,60.22,60.58,3035
CP.TO,20240802,109.96,110.02,107.02,109.26,1679466
CPD.TO,20240802,12.01,12.17,12.01,12.08,47069
CPH.TO,20240802,12.3,12.37,12,12.13,28585
CPX.TO,20240802,43.22,43.58,42.69,42.86,406902
CPX.PR.A.TO,20240802,15.05,15.05,15.05,15.05,100
CPX.PR.C.TO,20240802,23.3,23.5,23.3,23.5,6200
CPX.PR.E.TO,20240802,22.5,22.5,22.39,22.42,3759
CRDL.TO,20240802,2.83,2.85,2.7,2.73,128429
CRON.TO,20240802,3.21,3.24,3.13,3.16,102750
CROP.TO,20240802,18.11,18.14,18.11,18.14,1400
CRP.TO,20240802,2.7,2.88,2.7,2.88,3474
CRR.UN.TO,20240802,13.58,13.84,13.45,13.84,123730
CRRX.TO,20240802,2.31,2.31,2.25,2.25,8773
CRT.UN.TO,20240802,14.17,14.73,14.12,14.56,222800
CS.TO,20240802,8.69,8.8,8.2,8.7,2956405
CSAV.TO,20240802,50.06,50.08,50.06,50.08,38610
CSE.PR.A.TO,20240802,14.6,14.6,14.4,14.4,2200
CSH.UN.TO,20240802,13.58,13.75,13.49,13.69,414747
CSU.TO,20240802,4149.93,4153.99,4005.18,4049.73,45605
CSU.DB.TO,20240802,116,116.5,116,116.5,19000
CSW.A.TO,20240802,13.54,13.62,13.4,13.56,13111
CSW.B.TO,20240802,12.4,12.5,12.31,12.31,2005
CTC.A.TO,20240802,138.49,140.63,136.56,140.45,320075
CTF.UN.TO,20240802,2.38,2.38,2.38,2.38,3200
CTS.TO,20240802,4.08,4.17,3.95,4,756314
CTX.TO,20240802,0.66,0.66,0.66,0.66,3729
CU.TO,20240802,33.07,33.13,32.67,32.95,1518002
CU.PR.C.TO,20240802,20.25,20.25,19.4,19.4,17050
CU.PR.D.TO,20240802,20.32,20.32,20.32,20.32,200
CU.PR.E.TO,20240802,20.53,20.79,20.53,20.79,900
CU.PR.F.TO,20240802,18.76,18.76,18.76,18.76,100
CU.PR.G.TO,20240802,18.65,18.99,18.65,18.92,1300
CU.PR.H.TO,20240802,21.72,21.72,21.59,21.59,200
CU.PR.I.TO,20240802,24,24,23.95,23.95,800
CU.PR.J.TO,20240802,19.65,19.9,19.65,19.75,1300
CUD.TO,20240802,53.65,53.65,53.18,53.57,2051
CUEH.TO,20240802,22.25,22.25,21.99,21.99,839
CUEI.TO,20240802,28.96,29.1,28.96,29.1,2293
CUP.U.TO,20240802,13.91,13.91,13.9,13.91,31400
CURA.TO,20240802,5.22,5.22,4.87,5.01,196901
CVD.TO,20240802,17.24,17.24,17.1,17.16,5100
CVE.TO,20240802,25.8,25.8,24.63,24.8,6524475
CVE.PR.A.TO,20240802,17.96,17.96,17.35,17.35,350
CVE.PR.C.TO,20240802,23.8,23.81,23.8,23.8,22492
CVE.PR.E.TO,20240802,23.9,24.02,23.81,24.02,44800
CVE.PR.G.TO,20240802,23.87,23.88,23.85,23.85,8700
CVE.WT.TO,20240802,19.2,19.2,18.2,18.2,2518
CVO.TO,20240802,6.06,6.23,5.89,6.09,142982
CWB.TO,20240802,47,47.19,46.45,46.45,275414
CWB.PR.B.TO,20240802,24.25,24.25,24.15,24.16,2726
CWB.PR.D.TO,20240802,26.37,26.37,26.2,26.2,6000
CWEB.TO,20240802,0.22,0.225,0.21,0.21,206231
CWL.TO,20240802,1.15,1.16,1.13,1.14,9534
CWW.TO,20240802,59,59.28,59,59.24,754
CXB.TO,20240802,2.06,2.11,2.03,2.05,1603439
CXF.TO,20240802,10.01,10.01,9.9,9.9,6300
CXI.TO,20240802,26.41,26.41,26.29,26.3,2763
CYB.TO,20240802,72.5,72.5,72.22,72.45,5500
CYBR.TO,20240802,44.9,44.9,43.43,44.15,2042
CYBR.B.TO,20240802,51.61,51.61,51.61,51.61,275
CYH.TO,20240802,21.33,21.33,21.02,21.04,5654
D.UN.TO,20240802,17.97,18.19,17.27,17.69,78026
DANC.TO,20240802,22.25,22.25,22.25,22.25,200
DATA.TO,20240802,22.15,22.15,21.53,21.86,2306
DATA.B.TO,20240802,24.27,24.27,24.25,24.25,4500
DAY.TO,20240802,75.53,75.57,73.26,73.72,32186
DBM.TO,20240802,6.9,6.93,6.77,6.86,262255
DBO.TO,20240802,0.07,0.075,0.07,0.075,77782
DC.A.TO,20240802,1.36,1.39,1.36,1.39,51851
DCBO.TO,20240802,50.47,51.22,49.81,50.82,93000
DCM.TO,20240802,2.99,3,2.87,2.93,15400
DF.TO,20240802,4.83,4.83,4.66,4.73,76827
DF.PR.A.TO,20240802,10.1,10.11,10.1,10.1,11150
DFN.TO,20240802,4.91,4.94,4.82,4.88,308656
DFN.PR.A.TO,20240802,10.02,10.02,9.99,10,50963
DFY.TO,20240802,48.5,50.23,47.7,49.8,323252
DGR.TO,20240802,45,45,45,45,377
DGR.B.TO,20240802,51.68,51.68,50.92,51.11,1564
DGRC.TO,20240802,38,38,37.77,37.96,1271
DGS.TO,20240802,6.13,6.17,6.06,6.17,150938
DGS.PR.A.TO,20240802,10.19,10.19,10.18,10.18,5097
DHT.UN.TO,20240802,11.52,11.7,11.25,11.59,13511
DIAM.TO,20240802,0.065,0.065,0.055,0.055,177998
DII.B.TO,20240802,7.09,7.09,6.88,7,1700
DIR.UN.TO,20240802,13.26,13.51,13.08,13.38,592141
DISC.TO,20240802,36.21,36.21,35.52,35.52,24700
DIV.TO,20240802,2.78,2.78,2.71,2.74,408162
DIV.DB.A.TO,20240802,99.5,99.5,99.5,99.5,15000
DLCG.TO,20240802,3.64,3.66,3.64,3.66,53100
DLR.TO,20240802,14.1,14.13,14.09,14.12,340364
DLR.U.TO,20240802,10.18,10.19,10.18,10.18,712472
DMEC.TO,20240802,20.75,20.75,20.49,20.49,1652
DMEI.TO,20240802,20.37,20.37,20.14,20.3,23301
DMEU.TO,20240802,21.36,21.36,21.18,21.26,22511
DML.TO,20240802,2.39,2.39,2.17,2.22,8491053
DND.TO,20240802,12.99,13.03,12.65,12.97,97547
DNG.TO,20240802,5.2,5.2,4.95,5.12,69790
DNTL.TO,20240802,7.66,7.7,7.57,7.62,261826
DOL.TO,20240802,128.54,130.25,127.86,129.57,503775
DOO.TO,20240802,94.76,96.31,93.88,96.28,129457
DPM.TO,20240802,11.95,12,11.49,11.68,413056
DR.TO,20240802,13.7,14.05,13.7,13.9,48846
DRCU.TO,20240802,18.91,18.91,18.89,18.89,200
DRFC.TO,20240802,28.5,28.5,28.19,28.23,1124
DRFD.TO,20240802,22.73,22.73,22.73,22.73,185
DRFE.TO,20240802,22.4,22.4,22.32,22.32,302
DRFG.TO,20240802,28.15,28.15,28.15,28.15,217
DRFU.TO,20240802,32.79,32.9,32.79,32.9,301
DRM.TO,20240802,21.65,21.65,20.75,21.08,32060
DRMC.TO,20240802,28.08,28.08,27.98,28.07,859
DRMD.TO,20240802,24.66,24.66,24.49,24.62,500
DRME.TO,20240802,17.37,17.49,17.37,17.47,13080
DRMU.TO,20240802,39.54,39.54,39.01,39.18,926
DRR.U.TO,20240802,6.71,6.71,6.71,6.71,1900
DRR.UN.TO,20240802,9,9.28,9,9.28,3000
DRT.TO,20240802,0.67,0.71,0.67,0.7,102965
DRX.TO,20240802,13.3,13.35,12.3,12.83,193574
DS.TO,20240802,6.03,6.04,5.91,6,12891
DSG.TO,20240802,136.01,136.49,132.13,132.81,163917
DSV.TO,20240802,0.97,0.97,0.84,0.87,718412
DTOL.TO,20240802,12.52,12.52,11.95,12.19,19158
DXB.TO,20240802,18.32,18.32,18.29,18.29,8800
DXBC.TO,20240802,21.92,21.92,21.92,21.92,300
DXC.TO,20240802,35.3,35.41,35.13,35.41,19184
DXDB.TO,20240802,21.15,21.19,21.15,21.19,1800
DXF.TO,20240802,39.84,39.84,39.84,39.84,200
DXG.TO,20240802,59.5,59.5,56.57,57,10413
DXGE.TO,20240802,23.32,23.44,23.32,23.44,2200
DXIF.TO,20240802,23.24,23.24,23.24,23.24,800
DXMO.TO,20240802,18.61,18.61,18.46,18.49,10000
DXN.TO,20240802,19.9,19.9,19.9,19.9,100
DXO.TO,20240802,19.51,19.51,19.51,19.51,300
DXP.TO,20240802,22.16,22.16,21.95,21.96,3862
DXQ.TO,20240802,24.15,24.2,24.08,24.18,10743
DXT.TO,20240802,5.9,5.99,5.74,5.98,62110
DXU.TO,20240802,54.36,54.49,53.72,54.15,2247
DXUS.TO,20240802,26.43,26.5,26.43,26.5,4517
DXV.TO,20240802,19.58,19.72,19.58,19.72,11423
DXW.TO,20240802,22.45,22.69,22.45,22.69,10757
DXZ.TO,20240802,13,13,13,13,325
DYA.TO,20240802,0.19,0.195,0.18,0.18,114171
E.TO,20240802,1.43,1.44,1.33,1.34,207596
EAGR.TO,20240802,0.79,0.84,0.75,0.8,32897
EARN.TO,20240802,48.52,48.52,48.52,48.52,100
EBIT.TO,20240802,32.26,32.56,31.18,31.19,51020
EBIT.U.TO,20240802,23.32,23.32,22.68,22.97,2815
EBNK.TO,20240802,10.62,10.65,10.6,10.65,526
EBNK.B.TO,20240802,10.39,10.39,10.39,10.39,702
ECN.TO,20240802,2.03,2.08,2.02,2.05,142191
ECN.DB.A.TO,20240802,76.04,76.04,76.04,76.04,13000
ECN.DB.B.TO,20240802,69.25,69.25,69,69,25000
ECO.TO,20240802,4.23,4.25,4.16,4.16,3102
ECOR.TO,20240802,1.22,1.22,1.2,1.22,700
EDGE.TO,20240802,33.7,33.7,33.7,33.7,811
EDGE.U.TO,20240802,17.8,17.8,17.8,17.8,500
EDGF.TO,20240802,10.19,10.28,10.19,10.28,600
EDR.TO,20240802,5.17,5.23,4.55,4.63,1552590
EDT.TO,20240802,0.6,0.63,0.58,0.59,161536
EDV.TO,20240802,29.91,30.79,28.99,29.49,934208
EFN.TO,20240802,25.75,25.75,25.22,25.5,413982
EFR.TO,20240802,7.1,7.11,6.73,6.83,578012
EFX.TO,20240802,7.53,7.53,7.2,7.24,186285
EGLX.TO,20240802,0.14,0.14,0.14,0.14,91218
EIF.TO,20240802,47.38,47.5,46.52,47.37,76167
EIF.DB.J.TO,20240802,100.1,100.1,100.06,100.06,10000
EIF.DB.K.TO,20240802,101.88,101.88,101.88,101.88,3000
EIF.DB.L.TO,20240802,101.25,101.25,100.11,100.11,41999
EIF.DB.M.TO,20240802,101,101,101,101,1000
EIT.PR.A.TO,20240802,25.09,25.11,25.09,25.11,400
EIT.UN.TO,20240802,14,14.03,13.7,13.89,357183
ELD.TO,20240802,23.42,23.95,22.72,23.35,497093
ELEF.TO,20240802,0.46,0.46,0.425,0.4375,13544
ELF.PR.F.TO,20240802,22.1,22.1,22.1,22.1,1200
ELF.PR.G.TO,20240802,19.5,19.77,19.5,19.75,7800
ELO.TO,20240802,0.92,0.94,0.9,0.92,70296
ELR.TO,20240802,0.175,0.175,0.17,0.17,16015
ELVA.TO,20240802,3.27,3.27,3.06,3.08,19697
EMA.TO,20240802,48.9,49.77,48.6,49.71,3984773
EMA.PR.A.TO,20240802,15,15,14.71,14.71,8400
EMA.PR.B.TO,20240802,16.49,16.49,16.49,16.49,100
EMA.PR.C.TO,20240802,22,22,21.89,22,4400
EMA.PR.E.TO,20240802,18.6,18.91,18.6,18.89,4700
EMA.PR.F.TO,20240802,18.76,18.8,18.09,18.09,6161
EMA.PR.H.TO,20240802,23.65,23.9,23.65,23.8,2389
EMA.PR.J.TO,20240802,20.7,20.7,20.6,20.6,635
EMA.PR.L.TO,20240802,18.95,18.95,18.95,18.95,200
EMAX.TO,20240802,16.5,16.56,16.04,16.19,21341
EMP.A.TO,20240802,36.55,36.74,36.21,36.66,279354
EMV.B.TO,20240802,29.6,29.6,29.34,29.34,638
ENB.TO,20240802,51.75,52.67,51.42,52.61,10084730
ENB.PF.A.TO,20240802,19.02,19.05,18.58,18.58,17910
ENB.PF.C.TO,20240802,17.9,17.9,17.61,17.61,9361
ENB.PF.E.TO,20240802,17.81,17.81,17.5,17.5,6300
ENB.PF.G.TO,20240802,17.63,17.63,17.44,17.45,6197
ENB.PF.K.TO,20240802,22.8,22.8,22.5,22.79,19332
ENB.PF.U.TO,20240802,21.35,21.35,21.25,21.25,2617
ENB.PF.V.TO,20240802,22.26,22.4,22.15,22.2,11102
ENB.PR.A.TO,20240802,22.21,22.5,22.19,22.5,5299
ENB.PR.B.TO,20240802,18,18,17.69,17.77,8295
ENB.PR.D.TO,20240802,18.3,18.3,18.15,18.15,3000
ENB.PR.F.TO,20240802,18.61,18.72,18.5,18.55,4259
ENB.PR.G.TO,20240802,20.75,20.75,20.75,20.75,300
ENB.PR.H.TO,20240802,19.85,19.89,19.7,19.71,5906
ENB.PR.J.TO,20240802,19.53,19.76,19.5,19.51,5978
ENB.PR.N.TO,20240802,21.76,21.85,21.55,21.55,32550
ENB.PR.P.TO,20240802,19.32,19.38,19.16,19.2,31320
ENB.PR.T.TO,20240802,20.41,20.41,20.25,20.25,60190
ENB.PR.V.TO,20240802,22.17,22.25,22.08,22.2,6844
ENB.PR.Y.TO,20240802,17.96,17.96,17.8,17.89,28564
ENCC.TO,20240802,11,11,10.72,10.8,197970
ENCL.TO,20240802,19.59,19.59,18.93,19.12,248068
ENGH.TO,20240802,30.08,30.55,29.97,30.12,101659
ENI.UN.TO,20240802,1.65,1.65,1.64,1.64,1000
ENS.TO,20240802,11.7,11.76,11.52,11.76,53994
ENS.PR.A.TO,20240802,10.43,10.43,10.37,10.39,2900
EPRX.TO,20240802,3.9,3.9,3.53,3.58,15619
EPRX.WT.TO,20240802,0.275,0.275,0.275,0.275,5500
EQB.TO,20240802,94.46,94.8,93.14,93.81,189403
EQCL.TO,20240802,21.3,21.3,20.86,21.08,10687
EQL.TO,20240802,35.29,35.29,34.77,35.13,67160
EQL.F.TO,20240802,29.75,29.75,29.36,29.62,9347
EQL.U.TO,20240802,25.2,25.29,25.2,25.26,1253
EQX.TO,20240802,7.59,7.71,7.13,7.19,821100
ERD.TO,20240802,0.425,0.425,0.405,0.405,142282
ERE.UN.TO,20240802,2.73,2.74,2.7,2.71,39767
ERO.TO,20240802,25,26.65,25,26.38,489272
ESG.TO,20240802,39.1,39.32,39.1,39.29,4550
ESGA.TO,20240802,34.4,34.58,34.4,34.58,200
ESGB.TO,20240802,27.61,27.61,27.61,27.61,100
ESGC.TO,20240802,25.17,25.29,25.17,25.29,401
ESGE.TO,20240802,34.51,34.51,33.98,33.98,6480
ESGG.TO,20240802,45.5,45.55,45.4,45.55,1310
ESGH.TO,20240802,28,28,28,28,100
ESGY.TO,20240802,52.25,52.25,52.19,52.21,1544
ESI.TO,20240802,2.44,2.44,2.23,2.36,874125
ESM.TO,20240802,0.04,0.045,0.04,0.045,383571
ESP.TO,20240802,4.14,4.14,3.73,3.73,7111
ESP.PR.A.TO,20240802,10.5,10.5,10.5,10.5,12000
ESPX.TO,20240802,23.47,23.47,23.32,23.35,8062
ESPX.B.TO,20240802,24.56,24.56,24.56,24.56,100
ESPX.U.TO,20240802,23.42,23.42,23.42,23.42,200
ET.TO,20240802,12.65,12.65,12.25,12.44,85832
ETC.TO,20240802,13.67,13.71,13.63,13.63,1046
ETG.TO,20240802,1.47,1.5,1.46,1.5,32832
ETHH.TO,20240802,12.58,12.73,11.96,12.06,49187
ETHH.B.TO,20240802,15.03,15.14,14.26,14.41,178113
ETHH.U.TO,20240802,13.65,13.66,12.89,12.99,13680
ETHI.TO,20240802,50.38,50.56,50.38,50.45,665
ETHQ.TO,20240802,17.26,17.3,16.35,16.45,12418
ETHR.TO,20240802,14.87,15.01,14.16,14.3,10448
ETHX.B.TO,20240802,15.6,15.78,14.84,14.96,596092
ETHX.U.TO,20240802,14.09,14.24,13.42,13.46,146707
ETHY.TO,20240802,3.97,4,3.78,3.81,40110
ETHY.B.TO,20240802,5.04,5.04,4.81,4.82,21935
ETHY.U.TO,20240802,3.74,3.74,3.74,3.74,441
ETSX.TO,20240802,19.34,19.41,19.34,19.41,4519
EVO.TO,20240802,20.6,20.6,20.05,20.06,5849
EVT.TO,20240802,151.8,151.8,150.19,150.19,571
EXE.TO,20240802,7.65,7.68,7.55,7.64,118855
EXE.DB.C.TO,20240802,99.25,99.9,99.25,99.25,19000
EXN.TO,20240802,0.125,0.125,0.115,0.115,77396
EXRO.TO,20240802,0.55,0.55,0.5,0.5,106201
FAP.TO,20240802,2.71,2.74,2.71,2.73,40497
FAR.TO,20240802,2.65,2.65,2.45,2.52,255933
FBGO.TO,20240802,17.72,17.72,17.72,17.72,1076
FBTC.TO,20240802,29.8,30.05,28.71,28.8,60322
FC.TO,20240802,11.28,11.28,11.12,11.19,51528
FC.DB.I.TO,20240802,99.5,99.5,99.25,99.25,50000
FC.DB.J.TO,20240802,100.5,100.5,100,100,70000
FC.DB.K.TO,20240802,94.5,94.5,94.5,94.5,13000
FC.DB.L.TO,20240802,99.8,99.8,99.8,99.8,5000
FCCD.TO,20240802,28.29,28.29,27.91,28.15,11282
FCCQ.TO,20240802,34.19,34.31,34.19,34.31,400
FCCV.TO,20240802,13.78,13.78,13.63,13.67,2605
FCD.UN.TO,20240802,5.47,5.49,5.38,5.41,16138
FCGI.TO,20240802,13.65,13.65,13.65,13.65,140
FCID.TO,20240802,26.58,26.6,26.4,26.55,15052
FCII.TO,20240802,21.78,21.98,21.78,21.88,20020
FCIQ.TO,20240802,37.1,37.23,36.88,37.23,6036
FCIV.TO,20240802,33.37,33.44,33.04,33.44,7301
FCQH.TO,20240802,52.53,52.64,52.53,52.64,600
FCR.UN.TO,20240802,16.41,16.42,16.16,16.39,254076
FCRR.TO,20240802,39.93,40.05,39.93,40.05,1200
FCU.TO,20240802,1.05,1.06,0.96,0.99,3344451
FCUD.TO,20240802,36.49,36.49,35.95,36.28,4500
FCUH.TO,20240802,31.87,31.87,31.86,31.86,800
FCUQ.TO,20240802,57.8,57.87,57.31,57.87,3111
FCUV.TO,20240802,17.73,17.73,17.3,17.35,15779
FCUV.U.TO,20240802,12.5,12.5,12.5,12.5,560
FDL.TO,20240802,33.5,33.5,33.5,33.5,100
FDY.TO,20240802,0.83,0.87,0.82,0.87,190391
FEBB.F.TO,20240802,43.7,43.7,43.5,43.51,3200
FEC.TO,20240802,7.5,7.62,7.16,7.26,143551
FEME.TO,20240802,19.76,19.76,19.76,19.76,200
FETH.TO,20240802,58.5,58.5,55.96,55.96,1464
FF.TO,20240802,0.135,0.14,0.135,0.135,849420
FFH.TO,20240802,1579.97,1579.97,1473.17,1491.98,75061
FFH.PR.C.TO,20240802,21.99,21.99,21.61,21.65,7013
FFH.PR.D.TO,20240802,22.06,22.06,22,22,1000
FFH.PR.E.TO,20240802,17.6,17.6,17.6,17.6,300
FFH.PR.F.TO,20240802,17.84,17.84,17.84,17.84,430
FFH.PR.G.TO,20240802,18.01,18.08,17.75,17.75,4300
FFH.PR.H.TO,20240802,19.11,19.11,18.85,18.85,900
FFH.PR.I.TO,20240802,18.89,18.89,18.75,18.75,500
FFH.PR.K.TO,20240802,21.77,21.8,21.76,21.77,1100
FFH.PR.M.TO,20240802,24.65,24.65,24.42,24.56,5500
FFN.TO,20240802,5.6,5.65,5.41,5.49,561194
FFN.PR.A.TO,20240802,10.2,10.2,10.13,10.19,138422
FGEP.TO,20240802,10.15,10.15,10,10.14,54077
FGO.TO,20240802,10.25,10.26,10.23,10.26,6900
FGO.U.TO,20240802,10.43,10.43,10.43,10.43,1200
FGOV.TO,20240802,20.94,21.17,20.94,21.12,41100
FHI.TO,20240802,11.86,11.86,11.8,11.81,1200
FHIS.TO,20240802,20.62,20.74,20.62,20.74,38601
FHQ.TO,20240802,82.76,83.18,82.65,82.7,500
FIE.TO,20240802,7.27,7.27,7.16,7.2,133754
FIG.TO,20240802,9.45,9.48,9.45,9.48,2678
FIH.U.TO,20240802,14.36,14.5,14.25,14.45,58588
FIL.TO,20240802,31.1,31.5,31.1,31.39,1328733
FINO.TO,20240802,22.28,22.28,22.28,22.28,100
FLCP.TO,20240802,18.17,18.17,18.12,18.13,2177
FLGA.TO,20240802,19.17,19.2,19.17,19.2,7800
FLGD.TO,20240802,27.79,27.79,27.53,27.53,7800
FLI.TO,20240802,10.19,10.19,9.93,9.96,30010
FLNT.TO,20240802,0.03,0.03,0.03,0.03,22105
FLOW.TO,20240802,0.2,0.2,0.17,0.17,75100
FLSD.TO,20240802,19.14,19.15,19.14,19.15,1851
FLUS.TO,20240802,42.95,43.15,42.94,43.07,807
FLX.TO,20240802,7,7.15,7,7.12,1500
FLX.U.TO,20240802,6,6,6,6,291
FM.TO,20240802,15.6,15.96,15.21,15.48,2607146
FMAX.TO,20240802,17.27,17.27,16.93,16.97,4688
FN.TO,20240802,36.38,36.43,35.86,36.13,56479
FN.PR.A.TO,20240802,13.32,13.32,13.32,13.32,1000
FN.PR.B.TO,20240802,14.95,15,14.8,14.82,4175
FNV.TO,20240802,177.22,178.74,171.95,173.31,375764
FOM.TO,20240802,3.83,3.84,3.64,3.69,599819
FOOD.TO,20240802,0.29,0.29,0.285,0.285,13918
FORA.TO,20240802,8.18,8.37,8.16,8.27,5000
FOUR.TO,20240802,45,45,44.26,44.26,706
FRU.TO,20240802,13.6,13.62,13.17,13.3,1078191
FRX.TO,20240802,8.62,8.62,7.98,7.98,401
FSB.TO,20240802,9.67,9.67,9.67,9.67,2093
FSF.TO,20240802,26.34,26.34,26.34,26.34,200
FSL.TO,20240802,16.92,16.92,16.92,16.92,377
FST.TO,20240802,50.68,50.68,49.91,49.91,1268
FSV.TO,20240802,239.05,239.05,234.65,235.83,234934
FSY.TO,20240802,0.49,0.49,0.445,0.475,297364
FSZ.TO,20240802,7.78,7.9,7.62,7.88,265866
FT.TO,20240802,0.055,0.06,0.055,0.055,156100
FTG.TO,20240802,6.34,6.34,6.1,6.2,35722
FTN.TO,20240802,8.09,8.09,7.88,7.9,725372
FTN.PR.A.TO,20240802,10.28,10.29,10.2,10.23,215822
FTS.TO,20240802,57.88,59.15,57.79,59.01,1735458
FTS.PR.F.TO,20240802,21.2,21.25,21.2,21.25,1185
FTS.PR.G.TO,20240802,21.87,21.87,21.43,21.56,3379
FTS.PR.H.TO,20240802,15,15,14.88,14.89,14400
FTS.PR.I.TO,20240802,17.26,17.31,17.15,17.26,3634
FTS.PR.J.TO,20240802,20.29,20.34,20.29,20.32,1600
FTS.PR.K.TO,20240802,19.81,19.83,19.81,19.83,300
FTS.PR.M.TO,20240802,20.2,20.2,19.71,19.75,6039
FTT.TO,20240802,37.25,37.25,36.34,36.58,596551
FTU.TO,20240802,0.38,0.38,0.38,0.38,500
FTU.PR.B.TO,20240802,6.6,6.61,6.51,6.51,5299
FURY.TO,20240802,0.53,0.53,0.5,0.53,38200
FVI.TO,20240802,6.48,6.52,6.03,6.1,771027
FVL.TO,20240802,0.64,0.64,0.57,0.58,168936
FWCP.TO,20240802,17.09,17.09,17.09,17.09,23599
FXM.TO,20240802,22.41,22.42,22.41,22.42,864
G.TO,20240802,0.77,0.78,0.73,0.73,35600
GATO.TO,20240802,17.05,17.05,15.57,15.93,18325
GAU.TO,20240802,2.44,2.45,2.28,2.32,189792
GBAL.TO,20240802,47.8,47.8,47.75,47.77,1726
GBT.TO,20240802,13,13.36,13,13,3500
GCG.A.TO,20240802,44.99,44.99,43.66,43.76,3077
GCL.TO,20240802,1.29,1.29,1.26,1.27,11350
GCNS.TO,20240802,42.97,42.97,42.97,42.97,2513
GCSC.TO,20240802,24.44,24.46,24.44,24.46,1500
GCTB.TO,20240802,50.07,50.08,50.07,50.08,3000
GDC.TO,20240802,3.59,3.6,3.5,3.6,31501
GDI.TO,20240802,35.71,35.71,34.01,34.96,2154
GDL.TO,20240802,14.12,14.14,14,14,952
GDV.TO,20240802,10.26,10.26,9.97,10.03,70429
GDV.PR.A.TO,20240802,10.08,10.08,10.03,10.08,1700
GEC.TO,20240802,0.315,0.315,0.31,0.31,2000
GEI.TO,20240802,21.63,21.63,21.1,21.31,676006
GENM.TO,20240802,0.285,0.285,0.255,0.26,129593
GEO.TO,20240802,2.36,2.39,2.27,2.37,11590
GEQT.TO,20240802,58.64,58.64,57,57.21,2137
GFL.TO,20240802,55.01,55.83,53.93,55.49,330485
GFP.TO,20240802,0.39,0.395,0.39,0.39,2500
GFR.TO,20240802,9.3,9.3,8.79,8.96,14100
GGD.TO,20240802,1.48,1.49,1.35,1.38,465820
GGRO.TO,20240802,52.5,52.5,52.4,52.42,1697
GH.TO,20240802,10.55,10.55,10.55,10.55,200
GIB.A.TO,20240802,152.99,153.22,150.08,151.05,366421
GIL.TO,20240802,57.09,57.85,55.99,57.3,528333
GIVX.TO,20240802,0.9,0.9,0.89,0.9,96499
GLCC.TO,20240802,28.26,28.53,27.2,27.35,58294
GLO.TO,20240802,1.26,1.27,1.18,1.22,749860
GLXY.TO,20240802,13.96,14.41,13.06,13.22,712172
GMIN.TO,20240802,9.56,9.76,9.49,9.61,131444
GMTN.TO,20240802,0.03,0.03,0.03,0.03,11734
GMX.TO,20240802,0.89,0.9,0.89,0.9,11500
GOLD.TO,20240802,1.19,1.21,1.14,1.14,140755
GOOS.TO,20240802,14.78,14.9,14.28,14.9,297168
GPMD.TO,20240802,10,10,10,10,100
GRA.TO,20240802,2.4,2.4,2.26,2.3,49724
GRCC.TO,20240802,21.11,21.11,21.02,21.02,3113
GRID.TO,20240802,1.5,1.5,1.45,1.5,9400
GRN.TO,20240802,0.1,0.1,0.09,0.095,108109
GRNI.TO,20240802,28.77,28.83,28.72,28.8,7706
GRT.UN.TO,20240802,73.44,73.44,72.02,73.34,43797
GSY.TO,20240802,196.8,197,189.76,193.59,52807
GTE.TO,20240802,11.75,11.75,10.67,10.67,57796
GTWO.TO,20240802,1.53,1.54,1.47,1.48,110919
GUD.TO,20240802,5.8,5.8,5.5,5.55,64994
GURU.TO,20240802,2,2,1.93,1.93,1000
GUTB.U.TO,20240802,50.11,50.11,50.11,50.11,3700
GWO.TO,20240802,40.85,41.2,40.31,41.09,2632842
GWO.PR.G.TO,20240802,21.41,21.49,21.03,21.38,5630
GWO.PR.H.TO,20240802,19.99,20.15,19.99,20.11,2535
GWO.PR.I.TO,20240802,19.02,19.19,18.89,19.05,3684
GWO.PR.L.TO,20240802,23.4,23.4,23.3,23.3,2054
GWO.PR.M.TO,20240802,23.64,23.76,23.61,23.71,5000
GWO.PR.N.TO,20240802,14.76,14.76,14.69,14.69,2169
GWO.PR.P.TO,20240802,21.81,22.25,21.81,22.15,23800
GWO.PR.Q.TO,20240802,21.17,21.24,21.15,21.24,3179
GWO.PR.R.TO,20240802,19.88,20.4,19.88,20.05,4481
GWO.PR.S.TO,20240802,21.36,21.42,21.36,21.4,1500
GWO.PR.T.TO,20240802,21.18,21.19,21.15,21.17,2500
GWO.PR.Y.TO,20240802,18.92,18.95,18.75,18.8,14100
GXE.TO,20240802,0.69,0.69,0.66,0.68,565945
H.TO,20240802,43.08,43.8,42.92,43.66,927045
HAB.TO,20240802,10.17,10.17,10.17,10.17,6400
HAF.TO,20240802,7.24,7.28,7.24,7.28,4552
HAI.TO,20240802,4.16,4.22,4.1,4.16,129229
HAL.TO,20240802,20.22,20.22,19.96,19.96,1115
HAZ.TO,20240802,35.96,35.96,35.6,35.86,7036
HBA.TO,20240802,26,26.08,26,26.01,2612
HBAL.TO,20240802,14.96,14.96,14.84,14.9,21247
HBB.TO,20240802,48.49,48.69,48.49,48.69,86492
HBD.TO,20240802,7.44,7.65,7.44,7.56,8395
HBF.TO,20240802,9.64,9.64,9.54,9.58,6025
HBF.B.TO,20240802,10.92,10.92,10.9,10.9,1755
HBF.U.TO,20240802,10.84,10.85,10.84,10.85,1900
HBGD.TO,20240802,26.5,26.5,26.19,26.24,1203
HBIE.TO,20240802,24.6,24.6,24.46,24.51,1001
HBLK.TO,20240802,15.66,15.66,15.57,15.57,631
HBM.TO,20240802,10.77,10.88,10.17,10.25,4090581
HBND.TO,20240802,15.52,15.61,15.47,15.61,322239
HBNK.TO,20240802,21.4,21.4,21.19,21.31,25021
HBP.TO,20240802,0.225,0.235,0.22,0.23,17466
HBU.TO,20240802,15.58,15.66,14.95,15.23,13466
HCA.TO,20240802,20.95,20.95,20.71,20.71,5004
HCAL.TO,20240802,20.86,20.86,20.43,20.62,87468
HCLN.TO,20240802,8.66,8.66,8.66,8.66,621
HCON.TO,20240802,13.42,13.42,13.42,13.42,200
HDIF.TO,20240802,8.21,8.23,8.07,8.16,226451
HDIV.TO,20240802,16.52,16.6,16.25,16.42,183973
HEB.TO,20240802,16.81,16.83,16.7,16.7,3840
HED.TO,20240802,4.1,4.46,4.1,4.39,65738
HEQL.TO,20240802,24.64,24.64,24.15,24.36,7840
HEQT.TO,20240802,16.43,16.43,16.25,16.35,22126
HERO.TO,20240802,30.87,30.87,30.72,30.74,10005
HEU.TO,20240802,29.36,29.36,27.1,27.66,93425
HEWB.TO,20240802,32.58,32.58,32.33,32.45,3350
HFD.TO,20240802,8.74,8.96,8.74,8.86,62427
HFG.TO,20240802,24.05,24.05,23.9,23.9,2603
HFIN.TO,20240802,15.84,15.84,15.56,15.65,2603
HFPC.U.TO,20240802,2.5,2.61,2.5,2.6,15300
HFR.TO,20240802,9.97,9.97,9.96,9.97,24502
HFU.TO,20240802,22.75,22.75,22.1,22.29,10451
HGD.TO,20240802,2.78,3.03,2.72,2.97,769543
HGGB.TO,20240802,21.9,21.9,21.9,21.9,1000
HGGG.TO,20240802,31.42,31.43,31.42,31.43,1600
HGR.TO,20240802,6.3,6.38,6.29,6.38,9659
HGU.TO,20240802,21.71,22.5,20.15,20.64,701724
HGY.TO,20240802,10.91,10.91,10.75,10.81,4200
HHL.TO,20240802,8.57,8.63,8.48,8.59,157510
HHL.U.TO,20240802,9.08,9.12,9.06,9.12,1000
HHLE.TO,20240802,10.89,10.94,10.75,10.86,9495
HIG.TO,20240802,8.66,8.66,8.63,8.63,1100
HIND.TO,20240802,11.28,11.37,11.27,11.37,4494
HISU.U.TO,20240802,100.08,100.11,100.08,100.11,40921
HIU.TO,20240802,11.91,12.04,11.9,11.99,60338
HIX.TO,20240802,27.64,27.95,27.63,27.74,66570
HLF.TO,20240802,13.2,13.43,13.12,13.2,5935
HLIF.TO,20240802,8.82,8.87,8.82,8.87,11000
HLIT.TO,20240802,15.86,15.86,15.01,15.16,24230
HLPR.TO,20240802,26.6,26.6,26.36,26.36,7600
HLS.TO,20240802,3.02,3.15,3.02,3.15,344
HMAX.TO,20240802,13.54,13.54,13.33,13.41,454830
HMM.A.TO,20240802,9.78,9.89,9.46,9.6,12108
HMMJ.TO,20240802,10.8,10.8,10.51,10.55,29198
HMP.TO,20240802,9.58,9.6,9.57,9.58,2450
HND.TO,20240802,105.78,115.6,104.4,109.7,164910
HNU.TO,20240802,2.42,2.45,2.21,2.32,5888194
HOD.TO,20240802,7.19,7.45,7.19,7.29,1291000
HOM.U.TO,20240802,12.5,12.5,12.35,12.35,11630
HOM.UN.TO,20240802,17.34,17.34,17.04,17.09,11323
HOT.DB.V.TO,20240802,66.27,68.7,66.15,68.7,20999
HOT.UN.TO,20240802,0.48,0.51,0.47,0.5,103697
HOU.TO,20240802,13,13,12.46,12.78,1973266
HPF.TO,20240802,3.4,3.4,3.32,3.34,50630
HPR.TO,20240802,8.9,8.97,8.73,8.8,349626
HPS.A.TO,20240802,109.18,109.27,106.93,108.29,132352
HPYM.TO,20240802,11.8,11.8,11.69,11.77,76964
HPYM.U.TO,20240802,11.74,11.74,11.74,11.74,2800
HPYT.TO,20240802,11.19,11.35,11.19,11.34,294363
HPYT.B.TO,20240802,11.5,11.5,11.5,11.5,400
HPYT.U.TO,20240802,11.46,11.55,11.46,11.55,10400
HQD.TO,20240802,13.48,13.83,13.34,13.61,795393
HQU.TO,20240802,19.26,19.52,18.74,19.09,1643940
HR.UN.TO,20240802,9.65,9.71,9.46,9.55,536547
HRAA.TO,20240802,11.93,11.93,11.93,11.93,300
HREU.TO,20240802,15.37,15.37,15.37,15.37,100
HRIF.TO,20240802,16.48,16.48,15.62,15.63,607
HRX.TO,20240802,31.2,31.32,30.74,31.2,375751
HSAV.TO,20240802,112.61,112.78,112.51,112.52,39667
HSD.TO,20240802,18.53,19.02,18.46,18.74,901412
HSH.TO,20240802,65.36,65.49,65.36,65.49,258
HSU.TO,20240802,22.05,22.13,21.45,21.78,665072
HSUV.U.TO,20240802,111.06,111.07,110.72,110.99,50219
HTA.TO,20240802,17.48,17.48,17.08,17.26,83802
HTA.B.TO,20240802,18.55,18.55,18.22,18.23,526
HTAE.TO,20240802,15.37,15.65,15.29,15.46,66908
HTB.TO,20240802,59.04,59.14,58.98,59.14,1135
HTL.TO,20240802,2.12,2.12,2.1,2.11,243395
HUBL.TO,20240802,12.5,12.5,12.06,12.16,11799
HUC.TO,20240802,21.52,21.52,21.35,21.48,815
HUG.TO,20240802,19.32,19.32,18.99,19.06,1931
HULC.TO,20240802,89.04,89.04,87.7,88.42,13721
HUN.TO,20240802,7.85,7.85,7.63,7.71,14168
HURA.TO,20240802,33.7,33.7,30.93,31.65,8816
HUT.TO,20240802,18.49,18.94,16.91,17.2,1269433
HUTE.TO,20240802,10,10.1,9.9,10.05,48620
HUTL.TO,20240802,17.03,17.18,16.93,17.18,14372
HUTS.TO,20240802,12.3,12.44,12.26,12.43,13100
HUV.TO,20240802,9.67,11.42,9.51,11.04,694214
HUZ.TO,20240802,12.88,12.88,12.56,12.77,26100
HWO.TO,20240802,0.72,0.82,0.61,0.71,200841
HWX.TO,20240802,7.02,7.08,6.68,6.75,1450012
HXCN.TO,20240802,36.26,36.26,35.85,36.2,6431
HXD.TO,20240802,5.8,6,5.8,5.9,139745
HXDM.TO,20240802,46,46,45.52,45.92,10791
HXDM.U.TO,20240802,32.83,32.96,32.83,32.96,800
HXE.TO,20240802,36.09,36.09,35.45,35.48,1293
HXEM.TO,20240802,35.88,35.88,35.55,35.67,1646
HXF.TO,20240802,70.7,70.7,69.64,69.65,525
HXH.TO,20240802,50.04,50.04,49,49.02,658
HXQ.TO,20240802,73.28,73.71,72.39,73.02,63794
HXQ.U.TO,20240802,52.96,52.96,52.3,52.46,3023
HXS.TO,20240802,76.03,76.07,75,75.67,75257
HXS.U.TO,20240802,54.87,54.87,54.22,54.45,3915
HXT.TO,20240802,57.67,57.67,56.65,57.19,364448
HXT.U.TO,20240802,41.08,41.25,41.08,41.25,1301
HXU.TO,20240802,22.45,22.45,21.58,22,83695
HXX.TO,20240802,49.3,49.33,49.2,49.27,1747
HYLD.TO,20240802,13.15,13.17,12.9,13.02,284577
HYLD.U.TO,20240802,13.57,13.57,13.3,13.41,14242
HZD.TO,20240802,8.81,9.37,8.81,9.06,35060
HZU.TO,20240802,26.03,26.1,24.29,25.29,64959
IAG.TO,20240802,89.6,89.86,88.33,89.8,333521
IAU.TO,20240802,1.44,1.46,1.35,1.38,631002
IAU.WT.TO,20240802,0.4,0.4,0.4,0.4,20000
ICAE.TO,20240802,20.73,20.73,20.63,20.66,2201
IDIV.B.TO,20240802,13.17,13.26,13.17,13.26,4000
IE.TO,20240802,12.93,12.93,11.71,11.78,10143
IFA.TO,20240802,1.12,1.12,1.05,1.06,10950
IFC.TO,20240802,240.37,247.82,240.37,246.76,309965
IFC.PR.A.TO,20240802,18.95,19,18.8,18.8,10800
IFC.PR.C.TO,20240802,20.56,20.6,20.56,20.56,1100
IFC.PR.F.TO,20240802,22.29,22.29,21.95,21.95,2657
IFC.PR.G.TO,20240802,23,23,23,23,2600
IFC.PR.I.TO,20240802,22.38,22.79,22.25,22.79,3700
IFC.PR.K.TO,20240802,22.15,22.15,22.15,22.15,1700
IFP.TO,20240802,17,17.18,16.66,16.88,116828
IFRF.TO,20240802,8.34,8.34,8.34,8.34,400
IGB.TO,20240802,18.14,18.14,18.14,18.14,200
IGEO.TO,20240802,13.25,13.25,13.25,13.25,100
IGM.TO,20240802,38.01,38.37,37.54,37.89,190147
III.TO,20240802,2.12,2.17,2.12,2.15,3000
IIMF.TO,20240802,20.9,20.9,20.9,20.9,100
IIP.UN.TO,20240802,12.58,12.77,12.4,12.51,316018
IITE.TO,20240802,20.55,20.55,20.37,20.37,300
ILLM.TO,20240802,1.57,1.59,1.52,1.53,48526
IMG.TO,20240802,5.73,5.78,5.32,5.36,1423630
IMO.TO,20240802,93.82,95.49,91.7,94.5,1234456
IMP.TO,20240802,0.59,0.69,0.59,0.6,98013
INAI.TO,20240802,22.88,22.88,22.62,22.77,876
INAI.F.TO,20240802,22.16,22.16,22.16,22.16,200
INC.UN.TO,20240802,7.63,7.63,7.63,7.63,640
INE.TO,20240802,9.35,9.49,9.25,9.4,551689
INE.DB.C.TO,20240802,96.85,96.85,96.85,96.85,10000
INE.PR.A.TO,20240802,14.27,14.27,14.21,14.21,2500
INE.PR.C.TO,20240802,19.5,19.5,19.21,19.21,625
INO.UN.TO,20240802,1.25,1.34,1.25,1.31,79000
INOC.TO,20240802,15.44,15.44,15.44,15.44,7961
IPCO.TO,20240802,19.21,19.25,18.73,18.85,93157
IPO.TO,20240802,2.23,2.23,2.14,2.16,76202
IQD.TO,20240802,34.51,34.51,33.49,33.64,3800
IQD.B.TO,20240802,30.01,30.01,30.01,30.01,800
IS.TO,20240802,13.7,13.7,13.47,13.7,10380
IS.PR.A.TO,20240802,10.33,10.33,10.33,10.33,100
ISO.TO,20240802,3.22,3.23,2.88,3.16,349935
ISV.TO,20240802,25.6,25.65,25.6,25.6,4000
ITE.TO,20240802,0.165,0.165,0.16,0.16,101128
ITH.TO,20240802,0.62,0.64,0.62,0.62,12200
IUAE.TO,20240802,23.07,23.07,22.81,22.81,300
IUMF.F.TO,20240802,19.2,19.2,19.2,19.2,300
IVN.TO,20240802,16.18,16.53,15.86,16.17,3072355
IVQ.TO,20240802,0.27,0.27,0.26,0.26,14500
JAG.TO,20240802,3.62,3.69,3.45,3.49,54341
JAPN.TO,20240802,45.79,45.79,43.03,43.51,26182
JAPN.B.TO,20240802,32.27,32.29,31.62,31.99,11202
JFS.UN.TO,20240802,25.4,25.75,25.36,25.73,2815
JOY.TO,20240802,2.84,2.84,2.62,2.66,250053
JWEL.TO,20240802,32.13,32.29,31.49,31.6,45725
K.TO,20240802,12.8,13.08,11.92,12.14,5144716
KBL.TO,20240802,36.17,36.17,35.18,35.59,6323
KEC.TO,20240802,13.5,13.5,12.85,12.92,9262
KEG.UN.TO,20240802,14.8,14.9,14.32,14.89,12018
KEI.TO,20240802,4.31,4.41,4.11,4.41,30908
KEL.TO,20240802,5.72,5.75,5.45,5.73,486497
KEY.TO,20240802,38.26,38.56,37.79,38.02,1345862
KILO.TO,20240802,36.51,36.64,35.93,36.18,1332
KILO.U.TO,20240802,37.62,37.62,37.62,37.62,200
KITS.TO,20240802,9.82,10.04,9.73,9.73,6743
KLS.TO,20240802,0.21,0.21,0.2,0.2,10629
KMP.UN.TO,20240802,18.55,18.66,18.31,18.59,109667
KNGX.TO,20240802,9.84,9.84,9.7,9.72,11698
KNT.TO,20240802,7.93,8.08,7.51,7.56,542288
KPT.TO,20240802,8.4,8.4,8.2,8.3,20276
KRN.TO,20240802,0.125,0.125,0.125,0.125,1000
KSI.TO,20240802,4.45,4.46,4.4,4.42,40602
KXS.TO,20240802,150.02,152.45,145.3,146.26,136580
L.TO,20240802,166.66,169.42,165.69,167.36,348552
L.PR.B.TO,20240802,22.4,22.5,22.4,22.5,2790
LAAC.TO,20240802,3.75,3.75,3.58,3.61,224279
LABS.TO,20240802,0.07,0.07,0.065,0.065,186313
LAC.TO,20240802,3.5,3.51,3.31,3.35,553558
LAM.TO,20240802,0.56,0.59,0.54,0.58,277076
LAS.A.TO,20240802,150.06,153,150,150.06,2469
LB.TO,20240802,25.75,25.77,25.42,25.54,318360
LB.PR.H.TO,20240802,20.6,21.11,20.6,20.95,42935
LBS.TO,20240802,7.52,7.52,7.35,7.41,171270
LBS.PR.A.TO,20240802,10.52,10.52,10.48,10.48,4490
LCFS.TO,20240802,8.6,9,8.35,8.84,8980
LCS.TO,20240802,6.53,6.53,6.34,6.47,71066
LCS.PR.A.TO,20240802,10.26,10.26,10.17,10.17,4500
LEV.TO,20240802,0.86,0.87,0.8,0.86,796858
LEV.WT.TO,20240802,0.025,0.025,0.025,0.025,4600
LEV.WT.A.TO,20240802,0.09,0.15,0.09,0.15,39000
LFE.TO,20240802,4.47,4.47,4.1,4.17,53279
LFE.PR.B.TO,20240802,10.23,10.23,10.14,10.14,29514
LGD.TO,20240802,0.405,0.41,0.37,0.375,131815
LGO.TO,20240802,2.68,2.7,2.5,2.63,87382
LIF.TO,20240802,30.5,30.65,30.16,30.64,85395
LIFE.TO,20240802,22.15,22.15,21.89,22.03,7354
LIFE.B.TO,20240802,26.65,26.65,26.65,26.65,142
LIFE.U.TO,20240802,21.77,21.77,21.77,21.77,700
LIRC.TO,20240802,6.7,6.85,6.65,6.69,6872
LMAX.TO,20240802,16.38,16.38,16.1,16.28,29454
LN.TO,20240802,0.43,0.43,0.4,0.4,10499
LNF.TO,20240802,26.96,26.96,26,26.88,27479
LNR.TO,20240802,65.31,65.37,62.57,63.51,266236
LPAY.TO,20240802,28.75,28.81,28.75,28.81,959
LPAY.U.TO,20240802,20.78,20.78,20.78,20.78,100
LSPD.TO,20240802,17.82,17.82,16.36,16.56,1755191
LUC.TO,20240802,0.3,0.32,0.3,0.31,15033
LUG.TO,20240802,24.15,24.66,23.57,23.97,503757
LUN.TO,20240802,13.11,13.26,12.88,13.09,2775194
LYFR.TO,20240802,10.15,10.15,10.15,10.15,1200
MAG.TO,20240802,18.42,19.65,17.3,17.57,258981
MAL.TO,20240802,9.26,9.26,8.6,8.78,8334
MARI.TO,20240802,3.88,3.91,3.84,3.87,1914
MATR.TO,20240802,17.07,17.23,16.81,17,83714
MAYB.F.TO,20240802,41.85,41.85,41.85,41.85,100
MBAL.TO,20240802,23.91,23.91,23.91,23.91,200
MBX.TO,20240802,0.34,0.34,0.33,0.33,60286
MCB.TO,20240802,1.95,1.95,1.89,1.94,26801
MCSB.TO,20240802,19.61,19.61,19.61,19.61,7300
MCSM.TO,20240802,38.5,38.52,38.5,38.52,639
MDA.TO,20240802,12.58,12.59,12.13,12.18,169101
MDI.TO,20240802,9.24,9.24,8.78,8.93,124102
MDNA.TO,20240802,2.21,2.37,2.14,2.26,81146
MDP.TO,20240802,2.35,2.35,2.15,2.28,45640
MEG.TO,20240802,27.34,27.53,25.9,26.33,2184862
MEQ.TO,20240802,195.44,195.44,191.35,192.41,2019
MFC.TO,20240802,35.01,35.01,33.87,34.29,9551201
MFC.PR.B.TO,20240802,20.33,20.51,20.26,20.5,2700
MFC.PR.C.TO,20240802,19.7,19.99,19.7,19.99,13175
MFC.PR.F.TO,20240802,16.75,17.06,16.74,16.8,7000
MFC.PR.I.TO,20240802,24.4,24.54,24.2,24.54,4465
MFC.PR.J.TO,20240802,24.6,24.6,24.5,24.5,900
MFC.PR.K.TO,20240802,24.1,24.18,24.03,24.18,2612
MFC.PR.L.TO,20240802,22.77,22.77,22.5,22.5,900
MFC.PR.M.TO,20240802,21.99,21.99,21.7,21.7,4000
MFC.PR.N.TO,20240802,22,22.06,21.79,21.8,36222
MFC.PR.P.TO,20240802,17.8,17.8,17.8,17.8,700
MFC.PR.Q.TO,20240802,24.05,24.26,24,24.12,4865
MFI.TO,20240802,25.38,25.68,25.19,25.62,301641
MFT.TO,20240802,17.3,17.3,17.13,17.17,55760
MG.TO,20240802,58.58,58.58,55.58,56.07,2061341
MGA.TO,20240802,0.27,0.27,0.26,0.27,1009312
MGB.TO,20240802,16.63,16.63,16.6,16.6,300
MGDV.TO,20240802,20.4,20.4,20.3,20.33,2200
MGRW.TO,20240802,26.51,26.51,26.51,26.51,4100
MHC.U.TO,20240802,14.2,14.2,14.16,14.18,5700
MHC.UN.TO,20240802,19.5,19.6,19.5,19.51,300
MHCD.TO,20240802,12.16,12.16,12.05,12.13,3300
MI.UN.TO,20240802,15.62,15.65,15.38,15.56,83290
MID.UN.TO,20240802,7.19,7.19,7.1,7.1,23399
MIN.TO,20240802,0.155,0.155,0.135,0.135,40920
MINT.B.TO,20240802,32.66,32.66,32.66,32.66,1300
MIVG.TO,20240802,33.3,33.3,33.3,33.3,156
MKB.TO,20240802,19.29,19.37,19.29,19.37,5849
MKP.TO,20240802,16.95,17.11,16.7,17.11,50963
MKZ.UN.TO,20240802,0.345,0.345,0.345,0.345,500
MMP.UN.TO,20240802,1.84,1.84,1.77,1.77,7200
MND.TO,20240802,2.46,2.48,2.34,2.38,20810
MNO.TO,20240802,0.4,0.4,0.38,0.39,197332
MNS.TO,20240802,23.1,23.1,22.97,22.97,1776
MNT.TO,20240802,35.15,35.7,34.72,35.1,3863
MNT.U.TO,20240802,25.44,25.44,25.44,25.44,400
MNU.U.TO,20240802,100.03,100.05,100.03,100.05,2250
MNY.TO,20240802,100.08,100.1,100.08,100.1,4402
MOGO.TO,20240802,1.82,1.82,1.7,1.72,20358
MPAY.TO,20240802,27.95,27.99,27.95,27.99,955
MPCT.UN.TO,20240802,3.75,3.75,3.55,3.55,9111
MPVD.TO,20240802,0.14,0.145,0.105,0.12,188523
MPY.TO,20240802,9.25,9.25,9.25,9.25,5019
MR.DB.B.TO,20240802,95,95,95,95,5000
MR.UN.TO,20240802,2.96,2.96,2.9,2.94,28340
MRC.TO,20240802,111.01,112.33,110.3,111.02,1210
MRD.TO,20240802,12.09,12.13,12,12,5530
MRE.TO,20240802,11.01,11.03,10.6,10.86,204827
MREL.TO,20240802,12.31,12.31,12.17,12.2,3574
MRG.DB.B.TO,20240802,100,100,99.75,100,256000
MRG.UN.TO,20240802,16.42,16.65,16.3,16.59,20738
MRT.DB.A.TO,20240802,97.83,98,97.83,98,20000
MRT.UN.TO,20240802,5.33,5.35,5.33,5.35,800
MRU.TO,20240802,81.26,81.9,80.26,81.19,445624
MSA.TO,20240802,1.21,1.22,1.09,1.13,116584
MSCL.TO,20240802,0.47,0.47,0.46,0.465,27000
MTL.TO,20240802,14.75,14.75,14.42,14.65,190962
MTL.DB.TO,20240802,117,117,117,117,2000
MTY.TO,20240802,44.22,44.24,42.66,43.44,51520
MUB.TO,20240802,18.57,18.57,18.42,18.55,40900
MULV.TO,20240802,21.1,21.1,21.1,21.1,300
MUMC.TO,20240802,41.55,41.55,41.55,41.55,100
MUX.TO,20240802,12.59,12.6,11.72,11.91,35738
MWLV.TO,20240802,22,22.01,21.75,21.96,10900
MX.TO,20240802,62.09,62.12,58.02,59.69,209211
MXG.TO,20240802,3.93,3.93,3.91,3.92,2904
NA.TO,20240802,113.51,114.36,112.3,112.88,1442794
NA.PR.C.TO,20240802,26,26,25.9,25.9,2100
NA.PR.E.TO,20240802,24.55,24.68,24.29,24.29,3270
NA.PR.G.TO,20240802,25.6,25.7,25.6,25.6,4665
NA.PR.S.TO,20240802,24.4,24.56,24.4,24.5,4775
NA.PR.W.TO,20240802,22.6,22.6,22.38,22.38,300
NA.R.TO,20240802,112.13,112.13,110.25,110.43,6658
NALT.TO,20240802,23.21,23.29,23.12,23.29,6400
NANO.TO,20240802,0.89,0.94,0.77,0.85,673505
NCF.TO,20240802,0.02,0.02,0.02,0.02,20000
NDM.TO,20240802,0.5,0.5,0.48,0.5,55942
NEO.TO,20240802,7.69,7.69,7.2,7.24,88546
NEXT.TO,20240802,0.79,0.8,0.78,0.78,16652
NFI.TO,20240802,18.7,19.21,18.3,18.85,448364
NFI.DB.TO,20240802,95.99,96.4,95.32,95.32,39000
NG.TO,20240802,6.61,6.64,6.21,6.24,310165
NGD.TO,20240802,3.23,3.26,3,3.02,1203951
NGEX.TO,20240802,9.14,9.14,8.81,8.98,207957
NGPE.TO,20240802,45.83,45.97,45.83,45.97,1100
NGT.TO,20240802,69.38,70.17,65.85,67.23,293246
NHYB.TO,20240802,21.4,21.42,21.4,21.42,2000
NINT.TO,20240802,25.42,25.42,25.42,25.42,472
NOA.TO,20240802,25.39,25.72,24.58,25.02,134181
NOA.DB.A.TO,20240802,116,116,116,116,10000
NOA.DB.B.TO,20240802,116,116,116,116,10000
NOVC.TO,20240802,1.24,1.3,1.24,1.28,35313
NPI.TO,20240802,22.81,23.15,22.8,22.98,981407
NPI.PR.A.TO,20240802,17.1,17.1,17.05,17.05,8300
NPI.PR.B.TO,20240802,18.7,18.7,18.65,18.7,1975
NPK.TO,20240802,0.78,0.78,0.73,0.76,28901
NPRF.TO,20240802,22.7,22.72,22.63,22.65,6850
NPS.TO,20240802,12.5,12.5,12.5,12.5,1000
NPS.PR.A.TO,20240802,10.43,10.43,10.22,10.22,500
NREA.TO,20240802,20.85,20.85,20.8,20.8,2150
NRR.UN.TO,20240802,17.22,17.35,17.1,17.35,2728
NSCB.TO,20240802,22.73,22.73,22.73,22.73,100
NSCC.TO,20240802,22.42,22.43,22.41,22.43,1600
NSCE.TO,20240802,40.88,40.88,40.48,40.48,496
NTR.TO,20240802,67.69,67.9,65.9,66.42,2566340
NUAG.TO,20240802,2,2,1.75,1.79,65935
NUBF.TO,20240802,21.33,21.33,21.2,21.2,9708
NUMI.TO,20240802,0.045,0.045,0.04,0.045,469920
NUSA.TO,20240802,41.62,41.64,41.62,41.64,1035
NVA.TO,20240802,12.93,12.93,12.29,12.46,1232828
NVEI.TO,20240802,45.69,45.86,45.54,45.71,233602
NVO.TO,20240802,0.1,0.1,0.1,0.1,58420
NWC.TO,20240802,44.15,44.75,44.13,44.75,51352
NWH.DB.G.TO,20240802,100.75,100.75,100.35,100.35,58000
NWH.DB.I.TO,20240802,89.81,89.81,89.75,89.8,123000
NWH.UN.TO,20240802,4.93,5,4.85,4.95,704044
NXE.TO,20240802,7.87,8.04,7.6,7.71,3159078
NXF.TO,20240802,6.01,6.01,5.85,5.89,49622
NXF.B.TO,20240802,7.9,7.9,7.72,7.77,8708
NXR.UN.TO,20240802,7.73,7.76,7.44,7.48,188300
OBE.TO,20240802,9.45,9.52,8.78,8.81,429920
OGC.TO,20240802,3.41,3.53,3.34,3.4,3336430
OGD.TO,20240802,0.64,0.64,0.64,0.64,1502
OGI.TO,20240802,2.15,2.15,2.03,2.05,187171
OLA.TO,20240802,5.06,5.12,4.87,4.91,525203
OLY.TO,20240802,97.05,99.9,97.05,99,971
ONC.TO,20240802,1.44,1.44,1.4,1.4,46929
ONEX.TO,20240802,92.18,94.93,88.29,89.81,174221
OPT.TO,20240802,6.32,6.32,6.32,6.32,100
OR.TO,20240802,24.09,24.52,23.5,23.71,295841
ORA.TO,20240802,14.25,14.28,13.54,13.54,6405
ORE.TO,20240802,0.75,0.78,0.72,0.72,425192
ORV.TO,20240802,0.225,0.225,0.225,0.225,3037
OSK.TO,20240802,3.26,3.33,3.12,3.18,612662
OTEX.TO,20240802,40.18,40.99,38.56,39.51,1107808
OVV.TO,20240802,60.67,60.67,56.98,57.67,300593
PAAS.TO,20240802,30.71,31.09,28.48,29.11,1017966
PABF.TO,20240802,22.73,22.73,22.7,22.7,6000
PACF.TO,20240802,22.43,22.43,22.43,22.43,11698
PAGF.TO,20240802,23.34,23.34,23.16,23.2,13900
PAY.TO,20240802,7.5,7.68,7.4,7.6,321334
PAYF.TO,20240802,18.46,18.46,18.4,18.4,4500
PBH.TO,20240802,91,91,89,89.3,44326
PBH.DB.H.TO,20240802,95.85,95.85,95.85,95.85,20999
PBH.DB.I.TO,20240802,96.51,96.97,96.4,96.97,155000
PBI.TO,20240802,40.97,40.97,40.97,40.97,137
PBI.B.TO,20240802,52.54,52.76,52.54,52.76,300
PBL.TO,20240802,28.99,28.99,28,28.32,4176
PBY.UN.TO,20240802,15.15,15.15,15.06,15.06,1300
PCOR.TO,20240802,18.78,18.79,18.68,18.79,3700
PD.TO,20240802,102.66,102.66,95.5,96.43,150902
PDC.TO,20240802,31.13,31.13,30.78,31.1,6751
PDF.TO,20240802,31.27,31.28,31.11,31.28,2222
PDIV.TO,20240802,9.27,9.27,9.13,9.2,120872
PDV.TO,20240802,6.5,6.5,6.37,6.38,4300
PEA.TO,20240802,0.35,0.35,0.35,0.35,133344
PET.TO,20240802,26.72,26.81,26.34,26.7,62234
PEY.TO,20240802,14.14,14.35,13.46,13.63,1806607
PFAA.TO,20240802,11.23,11.31,11.23,11.28,7900
PFAE.TO,20240802,18.4,18.4,17.5,17.5,1400
PFIA.TO,20240802,9.95,9.95,9.94,9.95,8450
PFL.TO,20240802,19.58,19.58,19.57,19.58,12558
PFLS.TO,20240802,17.08,17.08,16.88,16.88,1500
PFMN.TO,20240802,14.75,15.44,14.44,14.48,40900
PGI.UN.TO,20240802,7.41,7.41,7.37,7.4,4529
PGIC.TO,20240802,6.7,6.85,6.7,6.85,1400
PGIC.PR.A.TO,20240802,9.9,9.9,9.9,9.9,2001
PHE.B.TO,20240802,38.15,38.2,38.15,38.2,2400
PHX.TO,20240802,10.25,10.29,9.63,9.91,125025
PHYS.TO,20240802,26.54,26.61,26,26.31,74120
PHYS.U.TO,20240802,19.16,19.24,19.16,19.24,1210
PIC.A.TO,20240802,3.54,3.67,3.49,3.67,50576
PIC.PR.A.TO,20240802,14.85,14.85,14.8,14.81,36900
PID.TO,20240802,22.98,23.07,22.9,23.04,7929
PIF.TO,20240802,12.75,12.75,12.3,12.38,38029
PIN.TO,20240802,17.41,17.41,17.41,17.41,600
PIX.UN.TO,20240802,8.12,8.12,8.05,8.05,9669
PKI.TO,20240802,36.27,36.57,35.73,36,489133
PLDI.TO,20240802,19.01,19.05,19.01,19.05,4602
PLZ.UN.TO,20240802,3.7,3.78,3.67,3.76,63760
PMET.TO,20240802,4.25,4.26,4.07,4.12,151231
PMIF.TO,20240802,18.31,18.4,18.3,18.4,63266
PMIF.U.TO,20240802,19.6,19.6,19.6,19.6,100
PMM.TO,20240802,22.89,22.89,22.89,22.89,200
PMNT.TO,20240802,19.21,19.21,19.21,19.21,285
PMT.TO,20240802,0.425,0.425,0.42,0.42,15000
PMZ.UN.TO,20240802,13.76,14.19,13.76,14.16,206975
PNE.TO,20240802,0.89,0.9,0.85,0.9,195403
PNP.TO,20240802,6.21,6.5,6.21,6.5,6512
POU.TO,20240802,28.05,28.47,26.36,27.2,608587
POW.TO,20240802,38.97,38.98,37.48,37.86,1898641
POW.PR.A.TO,20240802,22.55,22.86,22.55,22.86,7200
POW.PR.B.TO,20240802,21.7,21.85,21.7,21.85,57176
POW.PR.C.TO,20240802,23.66,23.82,23.66,23.82,3600
POW.PR.D.TO,20240802,20.49,20.8,20.49,20.74,23575
POW.PR.G.TO,20240802,22.5,22.71,22.5,22.71,7200
PPL.TO,20240802,52.92,53.05,52.5,52.94,1658695
PPL.PF.A.TO,20240802,23.25,23.25,22.66,22.66,4729
PPL.PF.E.TO,20240802,24.67,24.67,24.34,24.34,4900
PPL.PR.A.TO,20240802,21.67,21.67,21.36,21.39,13050
PPL.PR.C.TO,20240802,20.56,20.57,20.25,20.25,1000
PPL.PR.E.TO,20240802,22.65,22.65,22.36,22.36,5200
PPL.PR.G.TO,20240802,20.05,20.05,19.6,19.6,10004
PPL.PR.I.TO,20240802,23.19,23.19,23.19,23.19,4300
PPL.PR.O.TO,20240802,22,22.01,21.7,21.98,5299
PPL.PR.Q.TO,20240802,22.5,22.93,22.5,22.66,2600
PPL.PR.S.TO,20240802,24.14,24.19,24.13,24.19,1253
PPR.TO,20240802,0.04,0.045,0.04,0.04,35483
PPTA.TO,20240802,8.33,8.76,8.11,8.12,28051
PR.TO,20240802,9.58,9.58,9.54,9.54,5325
PRA.TO,20240802,27.74,27.83,27.74,27.75,1384
PRB.TO,20240802,1.2,1.2,1.17,1.18,85235
PREF.TO,20240802,10.19,10.19,10.17,10.17,405
PRL.TO,20240802,26,26.04,24.55,25.32,123056
PRM.TO,20240802,14.56,14.57,14.56,14.57,926
PRM.PR.A.TO,20240802,10.05,10.05,10.05,10.05,18000
PRMW.TO,20240802,30.37,30.79,29.92,30.71,148007
PRN.TO,20240802,14.52,14.56,13.55,13.63,20222
PRQ.TO,20240802,1.36,1.36,1.33,1.34,17604
PRU.TO,20240802,2.27,2.28,2.2,2.23,12668
PRV.DB.TO,20240802,101,101.1,101,101.1,76000
PRV.UN.TO,20240802,5.01,5.06,4.93,5.03,60982
PRYM.TO,20240802,1.83,1.91,1.75,1.78,89154
PSA.TO,20240802,50.03,50.05,50.03,50.04,126559
PSB.TO,20240802,17.7,17.7,17.67,17.68,1010
PSD.TO,20240802,2.46,2.48,2.4,2.48,35710
PSI.TO,20240802,16.11,16.12,15.51,15.54,123519
PSK.TO,20240802,26.88,27.06,26.29,26.45,321991
PSLV.TO,20240802,13.72,13.77,13.27,13.53,158051
PSLV.U.TO,20240802,9.73,9.73,9.73,9.73,500
PSU.U.TO,20240802,100.09,100.1,100.09,100.1,50407
PTI.UN.TO,20240802,6.7,6.71,6.68,6.7,14800
PTM.TO,20240802,2.15,2.17,1.81,1.81,36541
PTO.UN.TO,20240802,7.34,7.34,7.25,7.3,32799
PVS.PR.G.TO,20240802,24.6,24.6,24.6,24.6,1900
PVS.PR.H.TO,20240802,24.41,24.42,24.4,24.4,1400
PVS.PR.I.TO,20240802,24.7,24.7,24.67,24.67,800
PVS.PR.J.TO,20240802,24.15,24.2,24,24,1500
PVS.PR.K.TO,20240802,24,24.2,24,24.2,1635
PWF.PF.A.TO,20240802,18.51,18.51,18.5,18.5,1400
PWF.PR.A.TO,20240802,13.05,13.1,13.05,13.05,4302
PWF.PR.E.TO,20240802,22.2,22.28,22.18,22.28,2250
PWF.PR.F.TO,20240802,21.25,21.39,21.25,21.39,1100
PWF.PR.G.TO,20240802,23.58,23.88,23.58,23.88,7634
PWF.PR.H.TO,20240802,22.99,23.4,22.99,23.39,14330
PWF.PR.K.TO,20240802,20.25,20.35,20.25,20.35,980
PWF.PR.L.TO,20240802,20.57,20.79,20.57,20.68,2100
PWF.PR.O.TO,20240802,23.31,23.63,23.27,23.63,6100
PWF.PR.P.TO,20240802,15.05,15.05,14.8,14.8,53900
PWF.PR.Q.TO,20240802,16.4,16.6,16.4,16.6,700
PWF.PR.R.TO,20240802,22.25,22.35,22.25,22.35,300
PWF.PR.S.TO,20240802,19.71,19.8,19.5,19.8,5100
PWF.PR.T.TO,20240802,22.22,22.29,22.05,22.29,7200
PWF.PR.Z.TO,20240802,21.26,21.32,21.23,21.24,4900
PWI.TO,20240802,8,8,7.87,7.92,2481
PWI.PR.A.TO,20240802,10.12,10.16,10.11,10.12,4600
PXC.TO,20240802,38.2,38.2,37.64,37.67,2759
PXT.TO,20240802,17.69,17.82,16.93,17.23,1936255
PYF.TO,20240802,17.24,17.36,17.24,17.34,6988
PYR.TO,20240802,0.83,0.84,0.78,0.8,280675
PZA.TO,20240802,13.21,13.29,13.04,13.26,43541
QAH.TO,20240802,174.6,175.34,174.6,175.34,700
QASH.TO,20240802,50.22,50.75,50.21,50.21,73453
QBB.TO,20240802,94.21,94.21,94.21,94.21,200
QBR.B.TO,20240802,30.63,31.09,30.46,31,875570
QBTC.TO,20240802,85.02,86.7,82.76,82.76,15300
QBTC.U.TO,20240802,61.86,62.6,59.78,59.78,1900
QBTL.TO,20240802,21,21.02,20.79,20.88,3500
QCE.TO,20240802,135.36,135.36,133.84,133.88,321
QCLN.TO,20240802,15.06,15.06,15.06,15.06,3188
QCN.TO,20240802,134.35,135.35,134.35,135.35,2104
QDX.TO,20240802,116.26,116.26,115.53,115.78,1400
QDXB.TO,20240802,89.36,89.36,89.36,89.36,100
QDXH.TO,20240802,127.62,127.62,127.62,127.62,100
QEBH.TO,20240802,78.54,78.54,78.54,78.54,100
QEC.TO,20240802,0.25,0.25,0.23,0.23,5000
QEE.TO,20240802,91.25,91.7,91.25,91.7,6500
QETH.U.TO,20240802,46.53,46.53,44.64,44.64,370
QETH.UN.TO,20240802,63.9,65.64,61.98,62.06,6948
QHY.TO,20240802,84.1,84.1,84.1,84.1,200
QIE.TO,20240802,31.93,31.93,31.93,31.93,300
QINF.TO,20240802,128.31,128.31,128.31,128.31,100
QIPT.TO,20240802,5.32,5.32,5.03,5.21,11792
QLB.TO,20240802,107.28,107.28,107.28,107.28,131
QMAX.TO,20240802,18.85,19.16,18.78,19,131688
QQC.TO,20240802,30.6,30.6,30.08,30.4,105375
QQC.F.TO,20240802,147.46,147.85,145.43,146.13,17963
QQCC.TO,20240802,11.64,11.64,11.38,11.49,75640
QQCE.TO,20240802,25.83,25.91,25.64,25.76,1102
QQCL.TO,20240802,21.72,21.72,21.22,21.46,33429
QQEQ.TO,20240802,25.26,25.31,25.23,25.31,307
QQJR.TO,20240802,19.53,19.54,19.53,19.54,1406
QQQL.TO,20240802,19.76,19.97,19.76,19.89,957
QQQT.TO,20240802,27.25,27.42,27,27.29,5971
QQQT.B.TO,20240802,28.89,28.89,28.87,28.87,401
QQQT.U.TO,20240802,27.45,27.45,27.45,27.45,100
QQQX.TO,20240802,27.99,27.99,27.82,27.84,3750
QQQX.U.TO,20240802,20.28,20.28,19.96,20.14,37600
QQQY.TO,20240802,24.58,24.58,23.8,24.11,33176
QRC.TO,20240802,0.75,0.75,0.71,0.71,57007
QSB.TO,20240802,98.74,98.74,98.74,98.74,262
QSP.UN.TO,20240802,97.35,97.35,97.35,97.35,100
QSR.TO,20240802,95.97,99.01,95.7,97.26,865720
QTRH.TO,20240802,1.68,1.68,1.61,1.64,97713
QUB.TO,20240802,83.17,83.17,83.17,83.17,100
QUU.TO,20240802,213,213.11,210.6,212.01,2248
QXM.TO,20240802,28.78,28.78,28.78,28.78,228
RA.UN.TO,20240802,7.39,7.39,7.39,7.39,532
RATE.TO,20240802,21.06,21.06,21.06,21.06,400
RAY.A.TO,20240802,8.38,8.38,8.12,8.2,28710
RBA.TO,20240802,104.11,105.28,101.4,103.76,270939
RBN.UN.TO,20240802,8.12,8.12,8,8,18100
RBNK.TO,20240802,24.08,24.09,23.82,24.02,52052
RBO.TO,20240802,18.61,18.63,18.61,18.63,351
RBOT.TO,20240802,27.4,27.55,27.4,27.53,3000
RBY.TO,20240802,2.2,2.31,2,2.07,52829
RCD.TO,20240802,27.16,27.16,26.86,26.91,759
RCDC.TO,20240802,20.16,20.16,19.99,19.99,1458
RCG.TO,20240802,7.33,7.47,7.29,7.38,7250
RCG.PR.B.TO,20240802,12.65,12.75,12.65,12.7,2000
RCH.TO,20240802,40.19,40.19,39.19,39.33,32475
RCI.A.TO,20240802,55.51,55.51,55.03,55.5,500
RCI.B.TO,20240802,52.53,53.66,52.3,53.59,1994763
RDBH.TO,20240802,20.49,20.49,20.49,20.49,100
REAL.TO,20240802,7.21,7.21,6.67,7.03,90094
REI.UN.TO,20240802,17.66,17.82,17.46,17.65,772993
RGQN.TO,20240802,20.36,20.36,20.36,20.36,100
RGQO.TO,20240802,20.43,20.47,20.43,20.47,2345
RGQP.TO,20240802,20.31,20.33,20.31,20.33,5100
RGQR.TO,20240802,20.22,20.22,20.22,20.22,100
RID.TO,20240802,26.02,26.09,25.97,25.97,359
RIDH.TO,20240802,27.9,27.9,27.6,27.6,500
RIFI.TO,20240802,18.09,18.19,18.08,18.19,6900
RIIN.TO,20240802,20.19,20.2,19.92,19.95,5000
RIT.TO,20240802,16.18,16.28,16.07,16.26,3855
RMAX.TO,20240802,17.43,17.46,17.3,17.46,10513
ROOT.TO,20240802,2.08,2.08,2.08,2.08,329
RPF.TO,20240802,20.43,20.54,20.43,20.5,17058
RPI.UN.TO,20240802,32.25,32.49,31.14,31.54,5065
RPSB.TO,20240802,19.94,19.95,19.94,19.95,1000
RQN.TO,20240802,20.34,20.36,20.34,20.35,12300
RQO.TO,20240802,18.52,18.55,18.52,18.55,24547
RQP.TO,20240802,18.12,18.14,18.11,18.14,5899
RQQ.TO,20240802,21.84,21.86,21.84,21.85,9800
RQR.TO,20240802,21.75,21.75,21.74,21.75,12800
RQS.TO,20240802,21,21,21,21,200
RS.TO,20240802,12,12,11.8,11.96,20571
RS.PR.A.TO,20240802,9.97,10,9.95,9.97,8300
RSI.TO,20240802,5.7,5.74,5.63,5.73,173460
RSI.DB.E.TO,20240802,99.17,99.17,99.16,99.16,60000
RSI.DB.F.TO,20240802,99.3,99.3,99.3,99.3,20000
RUBH.TO,20240802,17.62,17.62,17.62,17.62,141
RUBY.U.TO,20240802,15.69,15.69,15.69,15.69,178
RUD.TO,20240802,68.15,68.18,67.54,67.98,17863
RUD.U.TO,20240802,48.89,48.97,48.89,48.97,300
RUDB.U.TO,20240802,15.23,15.23,15.23,15.23,100
RUDC.TO,20240802,21.71,21.71,21.71,21.71,200
RUDH.TO,20240802,46.4,46.4,46.4,46.4,600
RUP.TO,20240802,3.6,3.6,3.53,3.59,37070
RUQN.TO,20240802,20.43,20.43,20.43,20.43,2000
RUQO.TO,20240802,20.67,20.67,20.67,20.67,100
RUQO.U.TO,20240802,14.92,14.92,14.92,14.92,500
RUQR.TO,20240802,21.13,21.18,21.13,21.18,6000
RUS.TO,20240802,39,39.16,38.1,38.6,250022
RVX.TO,20240802,0.055,0.055,0.055,0.055,13000
RY.TO,20240802,150.26,150.78,148.47,148.96,3543587
RY.PR.J.TO,20240802,23.9,23.98,23.9,23.98,5600
RY.PR.M.TO,20240802,23.56,23.71,23.56,23.66,6945
RY.PR.N.TO,20240802,24.13,24.22,24.13,24.2,6600
RY.PR.O.TO,20240802,24,24.05,24,24.05,1100
RY.PR.S.TO,20240802,25.05,25.11,24.96,25.05,17580
S.TO,20240802,0.215,0.22,0.215,0.215,289935
SAM.TO,20240802,0.1,0.1,0.09,0.095,528580
SAP.TO,20240802,31.39,31.49,30.96,31.23,636411
SAU.TO,20240802,0.065,0.065,0.065,0.065,20000
SBC.TO,20240802,8.77,8.81,8.61,8.75,38241
SBC.PR.A.TO,20240802,10.24,10.25,10.22,10.24,15100
SBI.TO,20240802,1.26,1.26,1.26,1.26,1100
SBT.TO,20240802,14.96,14.96,14.96,14.96,100
SBT.B.TO,20240802,21.11,21.11,21.11,21.11,100
SCR.TO,20240802,30.61,30.61,28.56,28.88,60022
SDE.TO,20240802,3.85,3.86,3.65,3.7,295835
SEA.TO,20240802,22.71,22.94,21.6,21.96,57115
SEC.TO,20240802,330.25,330.25,330.25,330.25,200
SES.TO,20240802,12.03,12.08,11.72,11.83,596418
SFC.TO,20240802,6.09,6.1,6,6.1,3600
SFD.TO,20240802,0.205,0.205,0.2,0.2,27007
SFI.TO,20240802,0.285,0.285,0.285,0.285,6000
SFTC.TO,20240802,17.83,18.2,17.5,18.2,54409
SGNL.TO,20240802,0.09,0.09,0.09,0.09,98999
SGR.U.TO,20240802,8.37,8.37,8.36,8.36,800
SGR.UN.TO,20240802,11.73,11.82,11.59,11.76,129595
SGY.TO,20240802,6.7,6.7,6.33,6.38,1186277
SHLE.TO,20240802,13.67,13.7,12.5,12.94,63735
SHOP.TO,20240802,76,76.4,72.81,75.41,6073875
SIA.TO,20240802,15.39,15.68,15.29,15.67,208854
SIH.UN.TO,20240802,12.6,12.6,12.6,12.6,5600
SII.TO,20240802,59,59.48,57.01,57.68,24723
SIL.TO,20240802,12.86,13.14,11.99,12.2,344408
SIS.TO,20240802,19.26,19.32,19,19.26,31958
SJ.TO,20240802,90.87,92.55,89.61,91.88,170097
SKE.TO,20240802,8.87,8.93,8.45,8.64,192595
SKYY.TO,20240802,21.62,21.73,21.45,21.72,800
SLF.TO,20240802,66.49,66.71,65.84,66.59,2611691
SLF.PR.C.TO,20240802,19.89,20.18,19.89,20.18,3056
SLF.PR.D.TO,20240802,19.75,19.96,19.75,19.96,5080
SLF.PR.E.TO,20240802,20,20.23,20,20.23,5400
SLF.PR.G.TO,20240802,16.74,16.75,16.5,16.5,8100
SLF.PR.H.TO,20240802,19.88,19.89,19.74,19.74,18697
SLF.PR.J.TO,20240802,17.35,17.35,17.3,17.3,600
SLR.TO,20240802,1.13,1.13,1.08,1.08,12100
SLS.TO,20240802,3.26,3.27,3.1,3.19,379100
SMAX.TO,20240802,18.43,18.45,18.25,18.39,20671
SMC.TO,20240802,0.015,0.015,0.015,0.015,204104
SMT.TO,20240802,0.72,0.72,0.69,0.7,110407
SOIL.TO,20240802,2.6,2.6,2.46,2.48,242515
SOIL.WT.A.TO,20240802,0.195,0.195,0.185,0.185,2000
SOLG.TO,20240802,0.2,0.2,0.19,0.19,435929
SOT.DB.TO,20240802,22,22,20.06,22,96000
SOT.DB.A.TO,20240802,21,21,21,21,46000
SOT.DB.B.TO,20240802,21,21,21,21,5000
SOT.UN.TO,20240802,0.335,0.37,0.335,0.365,35288
SOY.TO,20240802,7.3,7.3,7.05,7.23,25905
SPAY.TO,20240802,27.35,27.41,27.35,27.4,26152
SPAY.U.TO,20240802,19.73,19.76,19.73,19.76,5050
SPB.TO,20240802,7.75,7.78,7.64,7.7,1132758
SPLT.TO,20240802,10.62,10.62,10.54,10.56,58825
SPPP.TO,20240802,12.94,12.94,12.67,12.68,7622
SPPP.U.TO,20240802,9.27,9.27,9.15,9.15,300
SRU.UN.TO,20240802,23.79,23.87,23.4,23.77,238226
SRV.UN.TO,20240802,12.35,12.59,12.35,12.59,4467
SSF.UN.TO,20240802,6.9,6.98,6.9,6.95,14300
SSL.TO,20240802,7.76,8.12,7.56,7.61,225025
SSRM.TO,20240802,6.78,7.01,6.56,6.65,606629
STC.TO,20240802,6.9,6.98,6.57,6.57,20137
STCK.TO,20240802,10,10.18,10,10,3600
STEP.TO,20240802,4.48,4.48,4.25,4.3,93085
STGO.TO,20240802,0.67,0.67,0.62,0.62,117221
STLC.TO,20240802,65.06,66.64,65.06,66.59,385171
STLR.TO,20240802,1.19,1.19,1.11,1.11,104400
STN.TO,20240802,120,120.33,115.76,116.87,362033
STPL.TO,20240802,24.25,24.32,24.23,24.28,6323
SU.TO,20240802,52.59,52.62,50.13,50.93,7554967
SVA.TO,20240802,0.275,0.28,0.25,0.265,566025
SVB.TO,20240802,0.145,0.145,0.145,0.145,500
SVI.TO,20240802,4.6,4.7,4.5,4.56,233978
SVI.DB.B.TO,20240802,99,99,99,99,100000
SVI.DB.C.TO,20240802,93.5,93.5,93.5,93.5,56000
SVM.TO,20240802,4.89,4.96,4.52,4.57,386450
SVR.TO,20240802,14.08,14.08,13.63,13.86,11016
SWP.TO,20240802,3.5,3.51,3.32,3.44,11600
SXP.TO,20240802,4.1,4.1,3.4,3.72,92879
SYLD.TO,20240802,18.36,18.54,18.36,18.53,5611
SYZ.TO,20240802,10.43,10.43,10.22,10.27,27875
T.TO,20240802,22.6,23.09,22.25,23.04,6464035
TA.TO,20240802,11.14,11.34,11.04,11.13,1309602
TA.PR.D.TO,20240802,14.6,14.6,14.41,14.49,5450
TA.PR.E.TO,20240802,16.25,16.26,16.17,16.17,2300
TA.PR.F.TO,20240802,19.01,19.18,19,19.18,3867
TA.PR.G.TO,20240802,20.9,20.9,20.9,20.9,500
TA.PR.H.TO,20240802,22.59,22.76,22.41,22.68,29779
TA.PR.J.TO,20240802,23.54,23.54,23.25,23.3,28850
TAL.TO,20240802,0.72,0.72,0.67,0.7,1377494
TBAL.TO,20240802,18.02,18.02,17.84,17.88,11880
TBCE.TO,20240802,25.32,25.32,25.31,25.31,5899
TBCF.TO,20240802,25.5,25.5,25.49,25.49,2500
TBCG.TO,20240802,25.67,25.67,25.66,25.67,72000
TBIL.TO,20240802,50.02,50.05,50.02,50.02,4600
TBL.TO,20240802,3.99,3.99,3.8,3.8,3611
TBNK.TO,20240802,26.13,26.16,26.01,26.16,3300
TBUE.U.TO,20240802,25.11,25.15,25.11,25.15,3200
TBUF.U.TO,20240802,25.29,25.29,25.29,25.29,2000
TBUG.U.TO,20240802,25.5,25.5,25.5,25.5,2000
TC.TO,20240802,34.43,34.43,31.25,32.43,4077
TCBN.TO,20240802,38.62,38.62,38.62,38.62,100
TCL.A.TO,20240802,16.11,16.17,15.73,15.95,138002
TCLB.TO,20240802,123.79,124.19,123.79,124.19,1307
TCLV.TO,20240802,20.82,20.82,20.68,20.8,1700
TCON.TO,20240802,15.22,15.22,15.14,15.14,2263
TCS.TO,20240802,39.87,40,39.22,40,7073
TCSB.TO,20240802,14.6,14.66,14.6,14.64,12200
TCSH.TO,20240802,50.14,50.14,50.05,50.06,28652
TCW.TO,20240802,5.11,5.11,4.95,5.01,1441891
TD.TO,20240802,79.73,79.78,78.18,78.65,7482385
TD.PF.A.TO,20240802,24.52,24.55,24.37,24.38,28024
TD.PF.C.TO,20240802,23.99,24.23,23.95,23.95,2500
TD.PF.D.TO,20240802,24.21,24.21,23.9,23.95,6400
TD.PF.E.TO,20240802,23.77,23.8,23.77,23.78,1000
TD.PF.I.TO,20240802,25.87,25.87,25.66,25.66,5000
TD.PF.J.TO,20240802,24.94,24.96,24.87,24.96,21500
TDB.TO,20240802,13.23,13.23,13.17,13.19,62601
TDOC.TO,20240802,19.12,19.27,19.12,19.2,7233
TDOC.U.TO,20240802,14.18,14.18,14.18,14.18,900
TEC.TO,20240802,37.73,37.87,36.97,37.49,154928
TEC.U.TO,20240802,27.27,27.27,27,27,615
TECH.TO,20240802,14.72,14.73,14.4,14.56,10244
TECH.B.TO,20240802,17.12,17.12,16.8,17,5447
TECH.U.TO,20240802,15.2,15.2,15.04,15.04,2800
TECI.TO,20240802,7.45,7.45,7.38,7.38,346
TECK.A.TO,20240802,64.27,64.27,61.68,62.22,1551
TECK.B.TO,20240802,64.18,64.32,61.5,62.54,1229975
TECX.TO,20240802,25.12,25.15,25.12,25.15,417
TERM.TO,20240802,9.64,9.64,9.57,9.57,900
TF.TO,20240802,7.61,7.61,7.5,7.56,216235
TF.DB.F.TO,20240802,102.01,103.05,102,102,51000
TFII.TO,20240802,208,208.87,200.93,203.77,167901
TFPM.TO,20240802,21.16,21.34,20.72,20.81,128270
TGAF.TO,20240802,20.93,21.05,20.93,21.05,3100
TGED.TO,20240802,24.01,24.01,23.55,23.81,69720
TGED.U.TO,20240802,17.03,17.13,17.03,17.13,500
TGFI.TO,20240802,20.55,20.55,20.55,20.55,200
TGGR.TO,20240802,26,26.18,25.87,25.98,2494
TGO.TO,20240802,2.03,2.03,1.99,1.99,291
TGRE.TO,20240802,14.9,14.98,14.9,14.91,20601
TGRO.TO,20240802,21.21,21.21,20.81,20.98,26410
TH.TO,20240802,1.96,1.96,1.85,1.89,20560
The.TO,20240802,24.44,24.44,24.19,24.31,7791
THNC.TO,20240802,3.47,3.52,3.2,3.31,36751
THU.TO,20240802,35.64,35.64,35.38,35.55,1489
TI.TO,20240802,0.215,0.215,0.215,0.215,522
TIH.TO,20240802,125,125,122.28,124.46,134359
TINF.TO,20240802,19.55,19.63,19.55,19.62,7879
TIXT.TO,20240802,6.63,6.64,5.73,5.75,2167233
TKN.TO,20240802,18.35,18.35,17.76,17.76,3628
TKO.TO,20240802,2.9,2.94,2.78,2.83,414189
TLF.TO,20240802,22.4,22.4,22,22.28,6977
TLG.TO,20240802,0.38,0.38,0.365,0.38,110340
TLO.TO,20240802,0.12,0.12,0.115,0.12,695478
TLRY.TO,20240802,2.63,2.67,2.56,2.58,1375023
TMD.TO,20240802,0.055,0.055,0.05,0.05,6500
TMQ.TO,20240802,0.9,0.9,0.85,0.86,6300
TNT.UN.TO,20240802,8.96,9.1,8.61,8.89,62064
TNZ.TO,20240802,7.45,7.45,6.89,7.06,85658
TOT.TO,20240802,9.84,9.84,9.12,9.25,52844
TOU.TO,20240802,57.69,58.15,56.05,56.9,7238578
TOWR.TO,20240802,29.83,29.83,29.55,29.55,20000
TOY.TO,20240802,31.39,32.08,31.36,31.7,49050
TPE.TO,20240802,21.85,21.89,21.65,21.78,3612
TPRF.TO,20240802,10.7,10.7,10.56,10.56,10901
TPU.TO,20240802,42,42.01,41.42,41.78,69063
TPU.U.TO,20240802,30.44,30.66,30.29,30.52,4186
TPX.B.TO,20240802,71.51,71.51,71.51,71.51,666
TPZ.TO,20240802,25.15,25.19,24.43,24.85,337942
TQCD.TO,20240802,17.36,17.36,17.06,17.21,55001
TQGD.TO,20240802,19,19.03,18.91,19.03,13850
TQGM.TO,20240802,17.39,17.41,17.22,17.37,14230
TQSM.TO,20240802,23.5,23.56,23.2,23.43,41989
TRI.TO,20240802,220.68,220.68,214.97,218.24,367304
TRI.PR.B.TO,20240802,13.75,13.75,13.6,13.6,400
TRP.TO,20240802,59.3,59.69,58.56,59.29,3487916
TRP.PR.A.TO,20240802,16.28,16.28,15.6,15.77,26666
TRP.PR.B.TO,20240802,13.16,13.38,12.92,12.92,4500
TRP.PR.C.TO,20240802,13.3,13.7,13.3,13.4,32400
TRP.PR.D.TO,20240802,19.9,19.94,19.5,19.5,8805
TRP.PR.E.TO,20240802,18.02,18.02,17.5,17.5,9011
TRP.PR.F.TO,20240802,16.72,16.8,16.54,16.8,7650
TRP.PR.G.TO,20240802,19.4,19.5,19.09,19.09,1305
TRP.PR.H.TO,20240802,14.16,14.25,14.15,14.15,7500
TRP.PR.I.TO,20240802,15.29,15.29,15.05,15.05,3239
TRVI.TO,20240802,18.18,18.18,17.78,17.8,2213
TRVL.TO,20240802,23,23,22.61,22.68,4525
TRX.TO,20240802,0.56,0.58,0.56,0.56,1500
TRZ.TO,20240802,2.12,2.12,2.07,2.09,131714
TSAT.TO,20240802,11,11,11,11,702
TSK.TO,20240802,0.42,0.42,0.37,0.37,172900
TSL.TO,20240802,2.9,2.9,2.78,2.9,25664
TSND.TO,20240802,1.91,1.91,1.78,1.79,156334
TSU.TO,20240802,41.58,43.47,39.01,43.21,183460
TTNM.TO,20240802,2.17,2.17,2.13,2.13,2867
TTP.TO,20240802,25.69,25.75,25.18,25.4,25541
TTTX.TO,20240802,20.51,20.51,20.25,20.48,10707
TUED.TO,20240802,26.67,26.67,26.15,26.36,46213
TUED.U.TO,20240802,18.96,18.96,18.96,18.96,100
TUEX.TO,20240802,24.2,24.2,23.79,23.92,4350
TUHY.TO,20240802,20.74,20.75,20.73,20.75,8900
TULB.TO,20240802,120.78,122.84,120.78,122.84,5601
TULV.TO,20240802,20.92,20.92,20.92,20.92,100
TUSB.TO,20240802,14.21,14.3,14.21,14.3,2000
TVA.B.TO,20240802,1.19,1.2,1.19,1.2,4600
TVE.TO,20240802,3.84,3.84,3.58,3.65,5057016
TVK.TO,20240802,78.93,79.69,76.1,77.3,101941
TWM.TO,20240802,0.56,0.56,0.54,0.54,304182
TWM.DB.A.TO,20240802,103.1,103.1,103.1,103.1,15000
TXF.TO,20240802,20.39,20.39,19.72,19.93,67385
TXF.B.TO,20240802,24.98,24.98,24.88,24.98,505
TXF.U.TO,20240802,10.43,10.43,10.43,10.43,3850
TXG.TO,20240802,21.4,21.96,20.49,20.71,441395
TXP.TO,20240802,0.6,0.6,0.56,0.57,92000
U.U.TO,20240802,17.82,17.97,16.88,17.26,79088
U.UN.TO,20240802,24.5,24.9,23.39,23.99,1132608
UBIL.U.TO,20240802,49.98,50.01,49.98,49.99,5378
UCSH.U.TO,20240802,50.03,50.04,50.03,50.04,2110
UDIV.TO,20240802,12.99,13,12.98,12.99,7433
UMAX.TO,20240802,14.55,14.61,14.43,14.6,109541
UNC.TO,20240802,121.5,121.5,121.45,121.45,900
UNI.TO,20240802,1.8,1.8,1.78,1.78,600
URB.TO,20240802,5.31,5.31,5.31,5.31,137
URB.A.TO,20240802,4.79,4.79,4.6,4.65,29927
URC.TO,20240802,3.02,3.02,2.88,3,300219
URC.WT.TO,20240802,1,1.02,0.9,0.95,44100
URE.TO,20240802,1.55,1.55,1.41,1.43,391483
USA.TO,20240802,0.335,0.335,0.3075,0.315,271859
USCC.TO,20240802,18.4,18.4,18.06,18.18,35676
USCC.U.TO,20240802,13.08,13.09,13.05,13.09,5845
USCL.TO,20240802,21.48,21.48,21.01,21.22,27467
USSX.TO,20240802,28.26,28.26,28.04,28.22,3000
USSX.U.TO,20240802,20.54,20.54,20.23,20.34,14700
UTIL.TO,20240802,21.08,21.25,21.08,21.25,1615
VA.TO,20240802,37.68,37.68,37.12,37.33,13825
VAB.TO,20240802,23.22,23.29,23.21,23.28,100252
VALT.TO,20240802,30.28,30.28,30.2,30.28,36935
VALT.B.TO,20240802,34,34,33.92,33.92,671
VBAL.TO,20240802,31.52,31.52,31.24,31.41,53938
VBNK.TO,20240802,16.04,16.04,15.2,15.63,9740
VCB.TO,20240802,24,24,23.94,23.98,5231
VCE.TO,20240802,48.95,48.99,48.13,48.58,39979
VCIP.TO,20240802,25.9,25.96,25.88,25.96,3750
VCM.TO,20240802,22.09,22.09,21.2,21.38,1000
VCN.TO,20240802,45.75,45.75,44.86,45.25,208442
VCNS.TO,20240802,28.39,28.42,28.36,28.38,3331
VDU.TO,20240802,42.42,42.62,42.16,42.48,18530
VDY.TO,20240802,44.75,44.75,44.11,44.51,295832
VE.TO,20240802,35.75,35.75,35.5,35.69,2980
VEE.TO,20240802,35.9,35.92,35.66,35.92,42013
VEF.TO,20240802,54.31,54.31,53.7,53.82,5580
VEQT.TO,20240802,41.56,41.56,40.8,41.13,404109
VET.TO,20240802,13.56,13.74,12.98,13.06,1418139
VFV.TO,20240802,132,132.26,130.33,131.47,905408
VGG.TO,20240802,88.3,88.33,87.22,88.01,6168
VGH.TO,20240802,61,61,60.5,60.8,4131
VGRO.TO,20240802,34.7,34.72,34.28,34.52,432420
VGV.TO,20240802,22.8,22.8,22.74,22.8,18072
VGZ.TO,20240802,0.72,0.72,0.72,0.72,500
VHI.TO,20240802,8.03,8.06,7.48,8.02,137993
VI.TO,20240802,38.5,38.5,37.49,37.79,48993
VIDY.TO,20240802,30.68,30.69,30.31,30.62,12028
VIU.TO,20240802,34,34.28,33.57,33.84,129392
VLB.TO,20240802,21.6,21.82,21.6,21.8,18694
VLE.TO,20240802,4.65,4.65,4.3,4.52,593975
VLN.TO,20240802,6.15,6.15,6.05,6.05,9701
VMO.TO,20240802,57.29,57.29,55.87,56.26,5371
VNP.TO,20240802,5.95,5.95,5.59,5.83,177772
VOXR.TO,20240802,4.03,4.04,3.92,4.03,15100
VQS.TO,20240802,0.23,0.245,0.23,0.23,8511
VRE.TO,20240802,31.68,31.68,31.24,31.57,10714
VRIF.TO,20240802,24.48,24.49,24.48,24.48,1350
VRN.TO,20240802,10,10.02,9.51,9.59,3925050
VRTS.TO,20240802,0.02,0.02,0.02,0.02,148000
VSB.TO,20240802,23.14,23.17,23.14,23.15,87054
VSC.TO,20240802,23.84,23.85,23.84,23.85,7883
VSP.TO,20240802,87.34,87.5,86.16,86.87,100170
VUN.TO,20240802,99.94,99.94,98.18,99.11,212759
VUS.TO,20240802,94.06,94.09,92.81,93.66,10377
VVL.TO,20240802,50.28,50.28,48.91,49.28,11957
VVO.TO,20240802,36.53,36.53,36.53,36.53,150
VXC.TO,20240802,58.81,58.81,58.02,58.51,46752
VXM.B.TO,20240802,29.31,29.31,29.27,29.27,700
WCN.TO,20240802,247.14,249.36,245.24,248.81,760016
WCP.TO,20240802,10.16,10.18,9.82,9.88,3488966
WDO.TO,20240802,13.22,13.43,12.81,13.04,272416
WEED.TO,20240802,9.2,9.46,8.79,9.14,865390
WEF.TO,20240802,0.42,0.425,0.41,0.41,354033
WELL.TO,20240802,4.63,4.63,4.45,4.59,1005532
WELL.DB.TO,20240802,97.99,97.99,95.01,95.01,150000
WFC.TO,20240802,19.48,19.48,19.48,19.48,100
WFG.TO,20240802,117.48,121.11,117.48,119.89,266925
WILD.TO,20240802,1.41,1.43,1.34,1.41,76796
WJX.TO,20240802,26.13,26.13,25.59,25.81,29822
WLLW.TO,20240802,0.09,0.09,0.09,0.09,121025
WM.TO,20240802,0.08,0.08,0.075,0.075,242110
WN.TO,20240802,210.03,212.85,208.21,210.23,108360
WN.PR.A.TO,20240802,23.65,24.29,23.65,24.29,15800
WN.PR.C.TO,20240802,21.36,21.55,21.36,21.5,2560
WN.PR.D.TO,20240802,21.35,21.52,21.29,21.38,3734
WN.PR.E.TO,20240802,19.8,19.94,19.75,19.75,1450
WNDR.TO,20240802,0.16,0.16,0.15,0.155,534325
WNDR.WT.B.TO,20240802,0.045,0.045,0.025,0.025,5000
WOMN.TO,20240802,34.14,34.14,34.14,34.14,100
WPK.TO,20240802,46.04,47.66,46.04,47.31,82084
WPM.TO,20240802,81.47,83.37,79.44,79.97,742852
WPRT.TO,20240802,8.19,8.19,7.7,7.86,11290
WRN.TO,20240802,1.52,1.52,1.44,1.46,144133
WRX.TO,20240802,0.07,0.07,0.07,0.07,49000
WSP.TO,20240802,221.5,223.46,216.08,219.62,351622
WSRD.TO,20240802,28.67,28.75,28.54,28.71,19005
WSRI.TO,20240802,41.73,41.73,41.31,41.56,1316
WTE.TO,20240802,22.99,22.99,22.61,22.64,56497
WXM.TO,20240802,27.37,27.45,27.37,27.45,500
X.TO,20240802,41.12,41.57,40.33,40.8,312810
XAD.TO,20240802,63.07,63.07,61.3,61.61,842
XAGG.TO,20240802,38.3,38.37,38.27,38.37,301
XAGG.U.TO,20240802,27.55,27.55,27.55,27.55,100
XAGH.TO,20240802,34.16,34.16,34.16,34.16,329
XAM.TO,20240802,0.05,0.05,0.05,0.05,20000
XAU.TO,20240802,8.48,8.65,8.44,8.6,33905
XAW.TO,20240802,41.14,41.14,40.5,40.85,64352
XBAL.TO,20240802,28.63,28.67,28.48,28.64,72441
XBB.TO,20240802,28.44,28.52,28.39,28.49,204834
XBM.TO,20240802,19.72,19.72,19.27,19.41,14346
XCB.TO,20240802,19.99,20.07,19.98,20.05,156591
XCBG.TO,20240802,37.4,37.4,37.39,37.39,600
XCBU.TO,20240802,36.32,36.32,36.32,36.32,100
XCD.TO,20240802,49.02,49.03,49.02,49.03,200
XCG.TO,20240802,49.6,49.6,49.01,49.29,1159
XCH.TO,20240802,16.6,16.61,16.5,16.59,52864
XCHP.TO,20240802,51.5,51.5,49.52,49.71,4695
XCNS.TO,20240802,22.75,22.75,22.66,22.69,5303
XCS.TO,20240802,19.8,19.89,19.41,19.41,4488
XCSR.TO,20240802,64.13,64.58,64.13,64.58,1703
XCV.TO,20240802,35.05,35.07,35.05,35.07,310
XDG.TO,20240802,26.42,26.42,26.02,26.2,46020
XDG.U.TO,20240802,19.12,19.12,18.96,18.96,3400
XDGH.TO,20240802,26.38,26.38,26.08,26.08,515
XDIV.TO,20240802,27.34,27.34,26.91,27.19,106953
XDNA.TO,20240802,33.7,33.7,33.57,33.57,203
XDSR.TO,20240802,56.87,57.15,56.81,57.15,5371
XDU.TO,20240802,29.96,30.08,29.77,29.97,957
XDU.U.TO,20240802,21.78,21.78,21.78,21.78,1000
XDUH.TO,20240802,26.7,26.7,26.7,26.7,300
XDV.TO,20240802,28.25,28.25,27.92,28.18,40405
XEB.TO,20240802,15.99,15.99,15.99,15.99,500
XEC.TO,20240802,27.99,28.07,27.86,28.07,61227
XEF.TO,20240802,37.08,37.1,36.67,36.99,227083
XEF.U.TO,20240802,26.66,26.68,26.66,26.68,800
XEG.TO,20240802,17.75,17.75,17.13,17.28,3268358
XEH.TO,20240802,31.8,31.83,31.75,31.83,886
XEI.TO,20240802,25.7,25.7,25.3,25.53,113507
XEM.TO,20240802,31.78,31.78,31.66,31.73,300
XEMC.TO,20240802,47.8,47.8,47.62,47.67,1702
XEN.TO,20240802,33.08,33.08,32.7,32.76,1106
XEQT.TO,20240802,30.9,31.27,30.42,30.66,570710
XESG.TO,20240802,26.95,26.95,26.59,26.69,831
XETM.TO,20240802,36.75,36.75,36.75,36.75,150
XEU.TO,20240802,30.01,30.08,29.95,30.04,5091
XEXP.TO,20240802,47.15,47.15,46.35,46.58,5101
XFH.TO,20240802,30.83,30.83,30.31,30.54,70265
XFLB.TO,20240802,50.57,50.57,50.57,50.57,124
XFN.TO,20240802,50.91,50.91,50.02,50.32,1029562
XFR.TO,20240802,20.08,20.09,20.06,20.06,53113
XGB.TO,20240802,19.59,19.64,19.57,19.64,30604
XGD.TO,20240802,22.58,22.9,21.8,22,656662
XGI.TO,20240802,50.6,50.6,49.87,49.87,575
XGRO.TO,20240802,28.29,28.29,27.98,28.18,172563
XHAK.TO,20240802,44.8,44.8,44.8,44.8,750
XHB.TO,20240802,19.55,19.57,19.52,19.54,2284
XHC.TO,20240802,74.67,74.79,73.78,74.28,4289
XHD.TO,20240802,33.96,34.09,33.48,33.69,5360
XHU.TO,20240802,32.44,32.49,31.96,32.27,29323
XHY.TO,20240802,16.56,16.56,16.43,16.53,9380
XIC.TO,20240802,35.79,35.8,35.15,35.47,468193
XID.TO,20240802,56.89,56.95,56.76,56.95,4590
XIG.TO,20240802,20.34,20.43,20.34,20.42,1400
XIN.TO,20240802,34.88,34.88,34.37,34.6,13147
XIT.TO,20240802,51.37,51.37,49.88,50.31,26601
XIU.TO,20240802,34.02,34.02,33.41,33.75,4370230
XLB.TO,20240802,19.7,19.93,19.7,19.93,186565
XLY.TO,20240802,0.035,0.035,0.03,0.035,496385
XMA.TO,20240802,21.17,21.23,20.55,20.59,12044
XMC.TO,20240802,31.69,31.69,30.95,31.31,66567
XMC.U.TO,20240802,22.68,22.68,22.68,22.68,100
XMD.TO,20240802,35.14,35.14,34.42,34.5,3388
XMF.PR.C.TO,20240802,2.87,2.87,2.85,2.85,4000
XMH.TO,20240802,26.95,26.95,26.29,26.47,14594
XMI.TO,20240802,37.85,37.92,37.85,37.92,407
XMM.TO,20240802,28.72,28.72,28.72,28.72,100
XMS.TO,20240802,36.27,36.27,36.27,36.27,100
XMTM.TO,20240802,30.24,30.33,30.24,30.33,1225
XMU.TO,20240802,80.9,80.92,80.2,80.68,2204
XMV.TO,20240802,42.93,42.93,42.64,42.85,3452
XMW.TO,20240802,52.55,52.88,52.55,52.86,700
XPF.TO,20240802,15.14,15.14,15.04,15.04,834
XQB.TO,20240802,19.11,19.14,19.09,19.14,8130
XQLT.TO,20240802,37.72,37.94,37.65,37.94,2169
XQQ.TO,20240802,140.17,141.02,138.22,139.46,205562
XQQU.TO,20240802,61.23,61.23,60.32,60.89,7636
XQQU.U.TO,20240802,43.86,43.86,43.55,43.72,700
XRB.TO,20240802,23.32,23.32,23.23,23.23,500
XRE.TO,20240802,15.69,15.81,15.56,15.78,513263
XSAB.TO,20240802,18.28,18.31,18.28,18.31,2575
XSB.TO,20240802,26.64,26.69,26.64,26.68,51047
XSE.TO,20240802,18.15,18.15,18.14,18.14,223
XSEA.TO,20240802,25.38,25.38,25.14,25.27,7676
XSEM.TO,20240802,19.88,19.98,19.88,19.98,41957
XSH.TO,20240802,18.83,18.85,18.81,18.85,10851
XSHU.TO,20240802,42.64,42.64,42.64,42.64,300
XSMC.TO,20240802,32.2,32.2,30.69,30.9,14338
XSMH.TO,20240802,27.58,27.7,27.44,27.56,3975
XSP.TO,20240802,56.14,56.26,55.39,55.86,404202
XSPC.TO,20240802,38.72,38.95,38.69,38.95,4400
XST.TO,20240802,103.51,104.27,102.63,103.53,3872
XSTB.TO,20240802,19.6,19.61,19.59,19.61,6287
XSTH.TO,20240802,37.27,37.27,37.27,37.27,1929
XSTP.TO,20240802,42.06,42.06,42.06,42.06,100
XSU.TO,20240802,40.54,40.94,40.24,40.55,262091
XSUS.TO,20240802,39,39.25,39,39.25,1844
XTC.TO,20240802,7.71,7.71,7.55,7.57,13652
XTD.TO,20240802,2.18,2.18,2,2.01,16413
XTD.PR.A.TO,20240802,10.02,10.06,10.01,10.03,4700
XTG.TO,20240802,1.34,1.34,1.34,1.34,2000
XTLH.TO,20240802,36.6,37.07,36.54,37.06,35885
XTLT.TO,20240802,38.31,38.83,38.21,38.81,46037
XTR.TO,20240802,10.93,11,10.93,10.99,67147
XTRA.TO,20240802,0.73,0.73,0.71,0.72,34530
XTRA.WT.TO,20240802,0.25,0.25,0.25,0.25,5000
XUH.TO,20240802,44.6,44.6,43.81,44.01,7568
XUS.TO,20240802,92.25,92.4,91.07,91.81,208932
XUS.U.TO,20240802,67.75,67.75,66.78,67.04,6052
XUSC.TO,20240802,39.91,39.91,39.26,39.51,2955
XUSC.U.TO,20240802,28.76,28.76,28.33,28.51,7913
XUSF.TO,20240802,62.98,62.98,62.98,62.98,100
XUSR.TO,20240802,79.78,79.93,79.23,79.93,2389
XUT.TO,20240802,26.7,26.95,26.59,26.87,606264
XUU.TO,20240802,55.11,55.11,54.12,54.57,95158
XUU.U.TO,20240802,39.9,39.9,39.53,39.53,1500
XVLU.TO,20240802,26.78,26.78,26.48,26.48,1903
XWD.TO,20240802,87.19,87.19,86.15,86.45,16302
Y.TO,20240802,9.46,9.52,9.46,9.5,3177
YCM.TO,20240802,2.21,2.21,2.21,2.21,300
YGR.TO,20240802,1.05,1.05,1.01,1.02,87686
ZACE.TO,20240802,41.62,41.62,41.59,41.59,5500
ZAG.TO,20240802,13.94,13.99,13.93,13.96,186676
ZBAL.TO,20240802,38.12,38.19,38.04,38.18,4871
ZBAL.T.TO,20240802,29.25,29.28,29.25,29.28,710
ZBI.TO,20240802,29.82,29.82,29.82,29.82,350
ZBK.TO,20240802,31.46,31.46,30.67,30.92,60291
ZCB.TO,20240802,47.01,47.06,47.01,47.04,615
ZCDB.TO,20240802,30.01,30.01,30.01,30.01,400
ZCH.TO,20240802,13.26,13.26,13.13,13.2,7915
ZCLN.TO,20240802,15.05,15.25,15.04,15.1,13933
ZCM.TO,20240802,15.4,15.42,15.4,15.42,1852
ZCN.TO,20240802,30.04,30.09,29.5,29.75,212401
ZCON.TO,20240802,34.46,34.46,34.21,34.21,900
ZCPB.TO,20240802,28.14,28.27,28.14,28.27,8000
ZCS.TO,20240802,13.73,13.76,13.73,13.76,8227
ZCS.L.TO,20240802,23.92,23.95,23.92,23.95,1100
ZDB.TO,20240802,15.1,15.13,15.1,15.13,12331
ZDH.TO,20240802,26.49,26.59,26.39,26.42,3463
ZDI.TO,20240802,23.83,23.85,23.65,23.73,12057
ZDJ.TO,20240802,61.78,61.91,61.17,61.34,12316
ZDM.TO,20240802,28.74,28.74,28.36,28.51,4467
ZDV.TO,20240802,20.59,20.59,20.27,20.44,53394
ZDY.TO,20240802,43.12,43.12,42.35,42.63,3797
ZDY.U.TO,20240802,31.44,31.51,31.44,31.51,430
ZEA.TO,20240802,22.7,22.7,22.46,22.58,37564
ZEB.TO,20240802,36.11,36.13,35.64,35.88,4300212
ZEF.TO,20240802,12.37,12.53,12.37,12.53,2000
ZEM.TO,20240802,20.9,20.97,20.85,20.94,10677
ZEO.TO,20240802,70.35,70.35,69,69.55,27346
ZEQ.TO,20240802,30.79,30.79,30.5,30.73,7837
ZEQT.TO,20240802,47.51,47.51,46.8,47.1,7947
ZESG.TO,20240802,36.1,36.1,35.82,35.82,903
ZFC.TO,20240802,41.22,41.22,41.18,41.18,1100
ZFH.TO,20240802,14.7,14.7,14.51,14.6,37211
ZFL.TO,20240802,13.53,13.67,13.53,13.65,142077
ZFM.TO,20240802,14.8,14.85,14.8,14.84,13650
ZFN.TO,20240802,48.57,48.6,48.41,48.41,2900
ZFS.TO,20240802,13.75,13.75,13.75,13.75,3700
ZGB.TO,20240802,46.28,46.38,46.28,46.35,1234
ZGD.TO,20240802,99.5,99.5,96.88,96.88,873
ZGI.TO,20240802,47.64,48,47.49,47.76,2243
ZGLD.TO,20240802,36.74,36.74,36.27,36.27,501
ZGQ.TO,20240802,65.74,65.8,64.98,65.31,18946
ZGRN.TO,20240802,36.37,36.37,36,36,473
ZGRO.TO,20240802,42.84,42.84,42.24,42.51,47026
ZGRO.T.TO,20240802,33.36,33.36,33.14,33.21,3145
ZGSB.TO,20240802,27.48,27.57,27.48,27.57,8200
ZHP.TO,20240802,18.17,18.17,18.09,18.13,700
ZHU.TO,20240802,44.85,44.85,44.85,44.85,263
ZHY.TO,20240802,11.18,11.18,11.12,11.13,3201
ZIC.TO,20240802,18.21,18.21,18.15,18.2,8240
ZID.TO,20240802,52.15,52.15,51.87,52.05,7595
ZIN.TO,20240802,38.44,38.44,38.44,38.44,162
ZIU.TO,20240802,51.39,51.39,50.92,50.99,401
ZJK.TO,20240802,18.6,18.6,18.43,18.43,3826
ZJK.U.TO,20240802,17.36,17.36,17.36,17.36,140
ZJPN.TO,20240802,33.5,33.5,32.88,33.07,2294
ZJPN.F.TO,20240802,44.28,44.28,42.35,42.35,851
ZLB.TO,20240802,45.69,45.78,45.21,45.61,77846
ZLC.TO,20240802,15.42,15.48,15.42,15.48,32111
ZLD.TO,20240802,26.97,26.98,26.81,26.87,10508
ZLH.TO,20240802,34.4,34.4,34.16,34.16,1700
ZLI.TO,20240802,25.31,25.34,25.25,25.34,25000
ZLU.TO,20240802,53.11,53.67,52.61,53.31,15255
ZLU.U.TO,20240802,38.97,38.97,38.97,38.97,800
ZMBS.TO,20240802,29.86,29.86,29.84,29.85,7876
ZMI.TO,20240802,16.95,16.95,16.81,16.9,22534
ZMID.TO,20240802,43.77,43.78,43.77,43.78,1811
ZMMK.TO,20240802,49.93,49.94,49.91,49.93,965057
ZMP.TO,20240802,13.99,14.01,13.98,13.99,13205
ZMSB.TO,20240802,29.15,29.15,29.15,29.15,200
ZMT.TO,20240802,63.3,63.3,62.48,62.6,4543
ZMU.TO,20240802,12.86,12.88,12.85,12.88,7066
ZNQ.TO,20240802,83.02,83.2,82,82.46,15238
ZNQ.U.TO,20240802,40,40.15,39.91,40.06,839
ZPAY.TO,20240802,31.48,31.48,31.28,31.45,22660
ZPAY.F.TO,20240802,28.59,28.61,28.48,28.48,11050
ZPAY.U.TO,20240802,29.49,29.49,29.37,29.37,9200
ZPH.TO,20240802,14.4,14.4,14.22,14.22,17546
ZPL.TO,20240802,12.8,12.83,12.79,12.81,10122
ZPR.TO,20240802,10.27,10.41,10.26,10.27,220841
ZPS.TO,20240802,12.32,12.32,12.3,12.3,5899
ZPW.TO,20240802,15.47,15.47,15.33,15.33,2302
ZQQ.TO,20240802,129.79,130.7,128.16,129.28,139139
ZRE.TO,20240802,20.97,21.05,20.76,21.01,140363
ZRR.TO,20240802,14.69,14.87,14.69,14.83,3030
ZSDB.TO,20240802,30.33,30.38,30.33,30.38,4200
ZSML.TO,20240802,40.98,40.98,40.47,40.79,1904
ZSP.TO,20240802,81.28,81.46,80.29,80.98,613185
ZSP.U.TO,20240802,58.75,58.8,58,58.38,44298
ZST.TO,20240802,48.87,48.88,48.87,48.88,26642
ZST.L.TO,20240802,59.4,59.4,59.37,59.38,9480
ZSU.TO,20240802,13.45,13.47,13.45,13.47,1200
ZTIP.U.TO,20240802,29.18,29.18,29.18,29.18,137
ZUAG.TO,20240802,31.73,31.73,31.73,31.73,100
ZUAG.F.TO,20240802,30.19,30.29,30.16,30.29,700
ZUB.TO,20240802,28.27,28.35,27.67,27.89,418510
ZUCM.TO,20240802,30.77,30.77,30.77,30.77,540
ZUCM.U.TO,20240802,30.01,30.01,30.01,30.01,114
ZUD.TO,20240802,28.98,29.17,28.98,29.17,2300
ZUE.TO,20240802,74.55,74.55,73.57,74.03,13538
ZUH.TO,20240802,71.15,71.95,70.96,71.86,3309
ZUP.TO,20240802,20.86,20.9,20.84,20.9,1286
ZUQ.TO,20240802,80.9,80.9,79.8,80.39,17956
ZUQ.F.TO,20240802,49.17,49.44,49.13,49.44,1870
ZUQ.U.TO,20240802,51.19,51.38,51.19,51.38,595
ZUS.U.TO,20240802,46.77,46.77,46.77,46.77,300
ZUS.V.TO,20240802,56.45,56.45,56.45,56.45,400
ZUT.TO,20240802,20.97,21.08,20.85,20.99,28714
ZVC.TO,20240802,27.17,27.17,27.17,27.17,151
ZVU.TO,20240802,28.23,28.23,28.21,28.21,220
ZWA.TO,20240802,25.5,25.5,25.2,25.3,3054
ZWB.TO,20240802,17.8,17.8,17.58,17.71,240344
ZWB.U.TO,20240802,22,22,21.8,21.8,3900
ZWC.TO,20240802,17.29,17.29,17,17.17,114817
ZWE.TO,20240802,20.3,20.3,19.97,20.07,19408
ZWEN.TO,20240802,29.64,29.64,28.96,29.14,7426
ZWG.TO,20240802,30.5,30.73,30.34,30.64,5179
ZWH.TO,20240802,23.73,23.9,23.58,23.68,13954
ZWH.U.TO,20240802,23.55,23.55,23.37,23.37,892
ZWHC.TO,20240802,30.78,30.78,30.78,30.78,100
ZWK.TO,20240802,21.31,21.65,21.14,21.31,136618
ZWP.TO,20240802,18.03,18.13,17.97,18.07,7048
ZWQT.TO,20240802,16.5,16.5,16.43,16.45,3005
ZWS.TO,20240802,20.47,20.47,20.16,20.24,2114
ZWT.TO,20240802,43.45,43.75,42.85,43.35,7893
ZWU.TO,20240802,10.68,10.78,10.64,10.75,570970
ZXM.TO,20240802,38.7,39.2,38.7,39.2,320
ZXM.B.TO,20240802,36.74,36.74,36.48,36.56,374
ZZZD.TO,20240802,28.1,28.2,28.1,28.2,1500
