<ticker>,<date>,<open>,<high>,<low>,<close>,<vol>
AAB.TO,20230525,0.035,0.035,0.035,0.035,1000
AAV.TO,20230525,7.7,7.7,7.44,7.46,497502
ABX.TO,20230525,23.57,23.6,23.25,23.31,3423060
AC.TO,20230525,21.28,21.83,21.28,21.73,1679442
ACAA.TO,20230525,19.98,19.98,19.98,19.98,0
ACB.TO,20230525,0.8,0.8,0.75,0.75,699122
ACD.TO,20230525,6.45,6.45,6.45,6.45,103
ACD.DB.TO,20230525,98.51,98.51,98.51,98.51,0
ACO.X.TO,20230525,42.5,42.58,42.17,42.39,175004
ACO.Y.TO,20230525,42.99,42.99,42.99,42.99,0
ACQ.TO,20230525,17.23,17.23,16.18,16.54,59264
AD.DB.TO,20230525,98.9,99,98.9,99,20000
AD.DB.A.TO,20230525,92.1,92.5,91.5,91.7,73000
AD.UN.TO,20230525,15.5,15.54,15.41,15.46,41494
ADCO.TO,20230525,0.23,0.23,0.23,0.23,3000
ADEN.TO,20230525,28.85,29.23,28.11,28.4,15780
ADN.TO,20230525,16.17,16.21,16.09,16.14,6697
ADW.A.TO,20230525,4.16,4.16,4.12,4.14,5075
ADW.B.TO,20230525,5.99,5.99,5.99,5.99,0
AEG.TO,20230525,0.42,0.42,0.41,0.41,1000
AEM.TO,20230525,70.4,70.6,69.41,69.67,1107422
AEZS.TO,20230525,3.86,3.86,3.86,3.86,248
AFN.TO,20230525,53.06,53.34,52.25,52.34,32919
AFN.DB.F.TO,20230525,98.6,98.6,98.3,98.35,45000
AFN.DB.G.TO,20230525,98.45,98.45,98,98,4000
AFN.DB.H.TO,20230525,97,97,95.81,96.5,139000
AFN.DB.I.TO,20230525,131.2,131.2,131.2,131.2,0
AFN.DB.J.TO,20230525,99.7,99.7,99.7,99.7,0
AGF.B.TO,20230525,6.88,6.95,6.79,6.83,308145
AGI.TO,20230525,16.9,17.02,16.72,16.81,470708
AI.TO,20230525,11.23,11.45,11.09,11.22,68227
AI.DB.C.TO,20230525,97.82,97.82,97.82,97.82,0
AI.DB.D.TO,20230525,97,97,97,97,0
AI.DB.E.TO,20230525,98,98,98,98,10000
AI.DB.F.TO,20230525,84.1,84.1,84.1,84.1,0
AI.DB.G.TO,20230525,85.5,85.5,85.5,85.5,0
AIF.TO,20230525,41.41,41.7,41.07,41.64,51284
AII.TO,20230525,0.64,0.66,0.63,0.64,15900
AIM.TO,20230525,3.69,3.7,3.54,3.67,133277
AIM.PR.A.TO,20230525,18.5,18.5,18.5,18.5,100
AIM.PR.C.TO,20230525,20.4,20.4,20.4,20.4,100
AKT.A.TO,20230525,1.27,1.27,1.26,1.26,20050
ALA.TO,20230525,23.01,23.02,22.57,22.85,597650
ALA.PR.A.TO,20230525,14.6,14.6,14.51,14.51,2000
ALA.PR.B.TO,20230525,16.55,16.55,16.55,16.55,100
ALA.PR.G.TO,20230525,16.92,17.58,16.68,16.68,3500
ALA.PR.H.TO,20230525,19.02,19.02,19.02,19.02,0
ALC.TO,20230525,15.13,15.25,15.1,15.1,6530
ALC.DB.A.TO,20230525,102.03,102.03,102.03,102.03,0
ALS.TO,20230525,21.21,21.66,21.15,21.23,51540
ALYA.TO,20230525,2.49,2.49,2.44,2.45,21650
AMC.TO,20230525,3.81,3.81,3.6,3.6,230387
AMM.TO,20230525,0.165,0.165,0.165,0.165,20390
AND.TO,20230525,45.21,46.66,45.21,45.75,34426
AOI.TO,20230525,2.82,2.9,2.73,2.78,884467
AOT.TO,20230525,0.59,0.6,0.57,0.57,115304
AP.UN.TO,20230525,22.75,22.82,22.52,22.55,250184
APLI.TO,20230525,0.04,0.04,0.04,0.04,13000
APR.UN.TO,20230525,11.04,11.2,11.04,11.13,11519
APS.TO,20230525,0.6,0.61,0.51,0.57,71419
AQN.TO,20230525,11.54,11.6,11.27,11.33,1931439
AQN.PR.A.TO,20230525,19.1,19.11,19,19,2434
AQN.PR.D.TO,20230525,19.21,19.21,19,19,2100
AR.TO,20230525,0.58,0.6,0.56,0.58,1263659
ARA.TO,20230525,0.455,0.455,0.45,0.45,5600
ARB.TO,20230525,25.42,25.42,25.42,25.42,1900
ARE.TO,20230525,12.95,13.18,12.92,13.06,92594
ARG.TO,20230525,1.44,1.46,1.44,1.45,105347
ARIS.TO,20230525,3.23,3.23,3.13,3.15,124054
ARIS.WT.A.TO,20230525,0.295,0.295,0.295,0.295,1500
ARKG.TO,20230525,13.96,13.96,13.96,13.96,0
ARKK.TO,20230525,15.6,15.6,15.22,15.28,3131
ARKW.TO,20230525,16.44,16.44,16.44,16.44,0
ARR.TO,20230525,8.59,8.72,8.58,8.71,5438
ARX.TO,20230525,17.27,17.5,17.09,17.13,1498412
ASCU.TO,20230525,1.73,1.74,1.7,1.71,138600
ASM.TO,20230525,0.92,0.94,0.92,0.94,13511
ASND.TO,20230525,0.21,0.21,0.21,0.21,43000
ASTL.TO,20230525,9.86,9.86,9.55,9.59,72466
ASTL.WT.TO,20230525,2,2,2,2,100
ATCU.TO,20230525,0.53,0.54,0.53,0.53,8050
ATD.TO,20230525,65.89,67,65.54,66.61,662339
ATH.TO,20230525,2.95,2.97,2.89,2.93,2837637
ATS.TO,20230525,59.07,60.8,55.64,59.48,1055519
ATSX.TO,20230525,22.7,22.7,22.7,22.7,0
ATZ.TO,20230525,36.78,36.99,36.01,36.14,347345
AUGB.F.TO,20230525,37.02,37.1,37.02,37.1,32100
AUMN.TO,20230525,0.23,0.24,0.225,0.24,15060
AVCN.TO,20230525,0.385,0.385,0.385,0.385,0
AVL.TO,20230525,0.11,0.11,0.105,0.11,450749
AVNT.TO,20230525,0.15,0.16,0.15,0.155,57916
AW.UN.TO,20230525,36.52,36.52,35.77,35.84,13581
AX.PR.E.TO,20230525,16.48,16.48,15.96,15.96,5720
AX.PR.I.TO,20230525,18.99,18.99,18.5,18.56,4520
AX.UN.TO,20230525,6.94,6.95,6.87,6.88,254050
AXIS.TO,20230525,0.225,0.225,0.22,0.22,1500
AYA.TO,20230525,8.75,8.81,8.65,8.73,159303
BABY.TO,20230525,0.73,0.76,0.73,0.76,8100
BABY.WT.A.TO,20230525,0.185,0.185,0.185,0.185,0
BAM.TO,20230525,41.7,42.11,41.62,41.92,564947
BANK.TO,20230525,7.45,7.46,7.43,7.46,48277
BASE.TO,20230525,24.82,24.82,24.7,24.78,930
BASE.B.TO,20230525,25,25,25,25,600
BB.TO,20230525,7.15,7.24,7.04,7.05,451426
BBD.A.TO,20230525,56.39,56.95,55.5,56.51,2197
BBD.B.TO,20230525,55.66,57.08,55.21,56.23,285353
BBD.PR.B.TO,20230525,16.07,16.07,16.07,16.07,0
BBD.PR.C.TO,20230525,18.02,18.09,17.85,17.85,8644
BBD.PR.D.TO,20230525,18.44,18.44,18.26,18.4,3200
BBU.UN.TO,20230525,25.43,25.89,25.24,25.38,13563
BBUC.TO,20230525,29.02,29.54,28.7,28.99,18230
BCE.TO,20230525,62.25,62.34,61.42,61.46,1839941
BCE.PR.A.TO,20230525,17.26,17.44,17.1,17.19,9650
BCE.PR.B.TO,20230525,17.64,17.64,17.6,17.61,4700
BCE.PR.C.TO,20230525,17.75,17.75,17.57,17.57,1809
BCE.PR.D.TO,20230525,17.7,17.7,17.62,17.62,18113
BCE.PR.E.TO,20230525,17.6,17.61,17.56,17.56,10000
BCE.PR.F.TO,20230525,15.68,15.75,15.51,15.51,5000
BCE.PR.G.TO,20230525,14.8,14.8,14.51,14.51,3400
BCE.PR.H.TO,20230525,17.59,17.66,17.55,17.56,10200
BCE.PR.I.TO,20230525,14.8,14.92,14.56,14.81,8897
BCE.PR.J.TO,20230525,17.8,17.89,17.7,17.7,6100
BCE.PR.K.TO,20230525,13.51,13.81,13.4,13.4,12265
BCE.PR.L.TO,20230525,15.73,15.73,15.73,15.73,100
BCE.PR.M.TO,20230525,13.85,14,13.85,13.91,1800
BCE.PR.N.TO,20230525,16.8,16.8,16.8,16.8,0
BCE.PR.Q.TO,20230525,19.8,19.8,19.65,19.65,2303
BCE.PR.R.TO,20230525,14.61,14.61,14.45,14.45,6500
BCE.PR.S.TO,20230525,17.7,17.7,17.7,17.7,3200
BCE.PR.T.TO,20230525,17.75,17.75,17.4,17.47,13609
BCE.PR.Y.TO,20230525,17.52,17.55,17.52,17.52,4000
BCE.PR.Z.TO,20230525,17.63,17.81,17.6,17.6,513
BCT.TO,20230525,8.48,8.48,8.1,8.22,1500
BDGI.TO,20230525,27.2,27.28,26.44,26.48,25919
BDI.TO,20230525,6.37,6.42,6.18,6.24,32219
BDIV.TO,20230525,17.73,17.73,17.73,17.73,0
BDT.TO,20230525,8.58,8.58,8.45,8.47,30229
BEI.UN.TO,20230525,59.9,59.93,59.38,59.38,65397
BEK.B.TO,20230525,13,13,13,13,0
BEP.PR.G.TO,20230525,21.59,22.01,21.24,21.24,5600
BEP.PR.M.TO,20230525,20.59,20.59,20.45,20.45,2900
BEP.PR.R.TO,20230525,18.69,18.7,18.1,18.7,10808
BEP.UN.TO,20230525,41.85,41.85,41.04,41.5,99864
BEPC.TO,20230525,46.02,46.02,44.59,45.1,207562
BEPR.TO,20230525,8.37,8.37,8.37,8.37,819
BEPR.U.TO,20230525,8.66,8.66,8.66,8.66,0
BESG.TO,20230525,15.42,15.42,15.42,15.42,6100
BFIN.TO,20230525,17.45,17.45,17.43,17.43,200
BGC.TO,20230525,27.72,27.72,27.72,27.72,0
BGI.UN.TO,20230525,4.39,4.39,4.29,4.33,77273
BGU.TO,20230525,34.13,34.13,34.13,34.13,0
BGU.U.TO,20230525,25.49,25.49,25.49,25.49,0
BHC.TO,20230525,11.42,11.42,10.87,11.16,459416
BIK.PR.A.TO,20230525,22.85,22.85,22.85,22.85,200
BIP.PR.A.TO,20230525,16.88,16.88,16.16,16.16,3965
BIP.PR.B.TO,20230525,21.7,21.7,21.7,21.7,0
BIP.PR.E.TO,20230525,21.05,21.05,20.69,20.69,4500
BIP.PR.F.TO,20230525,18.85,18.85,18.64,18.77,1100
BIP.UN.TO,20230525,49.01,49.01,48.26,48.43,186338
BIPC.TO,20230525,62.68,62.78,61.21,62.71,64051
BIR.TO,20230525,8.05,8.05,7.76,7.84,720337
BITF.TO,20230525,1.52,1.52,1.45,1.47,707160
BITI.TO,20230525,13.78,13.92,13.73,13.77,44507
BITI.U.TO,20230525,10.15,10.21,10.15,10.18,19300
BK.TO,20230525,13.18,13.18,13,13.07,110220
BK.PR.A.TO,20230525,10.1,10.1,10.08,10.08,21888
BKCC.TO,20230525,14.4,14.47,14.4,14.47,3420
BKI.TO,20230525,0.075,0.075,0.075,0.075,63990
BLB.UN.TO,20230525,7.87,7.87,7.87,7.87,0
BLCO.TO,20230525,25.22,25.22,24.9,25.12,1100
BLDP.TO,20230525,5.98,6.01,5.83,5.89,393480
BLN.TO,20230525,2.75,2.75,2.7,2.7,24350
BLOV.TO,20230525,21.84,21.85,21.76,21.85,400
BLX.TO,20230525,37.24,37.33,36.77,36.86,149392
BMAX.TO,20230525,12.24,12.24,12.14,12.21,2164
BMO.TO,20230525,113,113.91,111.88,113,2328108
BMO.PR.E.TO,20230525,20.28,20.39,20.16,20.2,9416
BMO.PR.T.TO,20230525,16.11,16.17,16.01,16.02,9480
BMO.PR.W.TO,20230525,16.21,16.21,15.95,16.01,13609
BMO.PR.Y.TO,20230525,17,17,17,17,1300
BN.TO,20230525,41.33,42.45,41.26,42.16,1120116
BN.PF.A.TO,20230525,17.9,17.9,17.64,17.65,9900
BN.PF.B.TO,20230525,15.96,15.96,15.51,15.51,27850
BN.PF.C.TO,20230525,18.28,18.28,17.95,17.95,700
BN.PF.D.TO,20230525,18.98,18.98,18,18.01,2410
BN.PF.E.TO,20230525,14.28,14.28,13.57,13.57,12200
BN.PF.F.TO,20230525,15.78,15.78,15.53,15.53,13680
BN.PF.G.TO,20230525,14.28,14.28,14.01,14.01,6675
BN.PF.H.TO,20230525,20.76,20.76,20.31,20.31,5982
BN.PF.I.TO,20230525,20.01,20.07,19.75,19.75,12275
BN.PF.J.TO,20230525,21.11,21.11,20.93,20.93,2948
BN.PF.K.TO,20230525,14.8,14.8,14.71,14.8,2200
BN.PF.L.TO,20230525,11,11,11,11,0
BN.PR.B.TO,20230525,11.32,11.32,11.23,11.28,10200
BN.PR.C.TO,20230525,11.3,11.3,11.25,11.25,200
BN.PR.K.TO,20230525,11.26,11.26,11.26,11.26,400
BN.PR.M.TO,20230525,18,18,17.56,17.56,3525
BN.PR.N.TO,20230525,17.95,17.95,17.52,17.53,800
BN.PR.R.TO,20230525,13.01,13.01,12.97,12.97,8800
BN.PR.T.TO,20230525,13.4,13.4,13.19,13.19,4800
BN.PR.X.TO,20230525,14.1,14.1,13.92,13.93,4900
BN.PR.Z.TO,20230525,18.95,19,18.91,18.91,25200
BNC.TO,20230525,24.06,24.06,24.03,24.05,500
BND.TO,20230525,16.97,16.98,16.93,16.93,3093
BNE.TO,20230525,5.91,5.94,5.68,5.7,59559
BNG.TO,20230525,0.055,0.055,0.055,0.055,5000
BNK.TO,20230525,10.88,10.88,10.55,10.57,1515
BNK.PR.A.TO,20230525,10,10,10,10,0
BNRE.TO,20230525,42.5,42.59,41.65,42.56,13725
BNS.TO,20230525,65.62,66.91,65.55,66.72,3351083
BOS.TO,20230525,6.94,7,6.68,6.68,51810
BPF.UN.TO,20230525,15.97,15.97,15.89,15.97,21486
BPO.PR.A.TO,20230525,10.5,10.5,10.3,10.3,5788
BPO.PR.C.TO,20230525,16,16,16,16,200
BPO.PR.E.TO,20230525,13.01,13.02,12.85,12.96,10375
BPO.PR.G.TO,20230525,14.43,14.46,14.43,14.45,2900
BPO.PR.I.TO,20230525,14.2,14.2,14,14,8900
BPO.PR.N.TO,20230525,9.6,9.6,9.43,9.43,6911
BPO.PR.P.TO,20230525,10.15,10.15,9.95,9.96,9850
BPO.PR.R.TO,20230525,10.3,10.33,10.2,10.2,6250
BPO.PR.T.TO,20230525,12.27,12.27,12.11,12.11,8233
BPO.PR.W.TO,20230525,9.3,9.35,9.1,9.1,5000
BPO.PR.X.TO,20230525,9.29,9.29,9.29,9.29,100
BPO.PR.Y.TO,20230525,9.56,9.6,9.56,9.6,400
BPRF.TO,20230525,20.95,20.95,20.95,20.95,0
BPRF.U.TO,20230525,20.63,20.63,20.63,20.63,0
BPS.PR.A.TO,20230525,24.84,24.84,24.84,24.84,0
BPS.PR.B.TO,20230525,24.8,24.8,24.8,24.8,500
BPS.PR.C.TO,20230525,24.9,24.9,24.9,24.9,0
BPS.PR.U.TO,20230525,25,25,25,25,0
BPYP.PR.A.TO,20230525,21.2,21.35,20.95,21,10065
BR.TO,20230525,1.89,1.89,1.89,1.89,100
BRAG.TO,20230525,4.41,4.53,4.41,4.48,14072
BRE.TO,20230525,14.83,14.83,14.55,14.69,6388
BREA.TO,20230525,22.06,22.06,22.06,22.06,0
BRF.PR.A.TO,20230525,14.2,14.2,14.1,14.11,1300
BRF.PR.B.TO,20230525,16.3,16.3,16.3,16.3,100
BRF.PR.C.TO,20230525,15.96,15.96,15.72,15.76,1200
BRF.PR.E.TO,20230525,17.84,17.84,17.68,17.68,3261
BRF.PR.F.TO,20230525,17.71,17.71,17.48,17.48,4200
BRMI.TO,20230525,2.02,2.02,1.95,1.95,4200
BRY.TO,20230525,0.425,0.425,0.425,0.425,0
BSKT.TO,20230525,8.31,8.31,8.28,8.31,3100
BSX.TO,20230525,0.065,0.065,0.065,0.065,3010
BTB.DB.G.TO,20230525,99.5,99.5,99.5,99.5,2000
BTB.DB.H.TO,20230525,99.5,99.5,99.5,99.5,0
BTB.UN.TO,20230525,3.28,3.3,3.22,3.22,100066
BTCC.TO,20230525,5.1,5.14,5.07,5.11,60226
BTCC.B.TO,20230525,5.2,5.24,5.17,5.23,254116
BTCC.J.TO,20230525,4.79,4.79,4.79,4.79,0
BTCC.U.TO,20230525,4.83,4.89,4.82,4.86,10218
BTCQ.TO,20230525,5.86,5.91,5.85,5.91,6908
BTCQ.U.TO,20230525,4.32,4.32,4.32,4.32,0
BTCX.B.TO,20230525,5.32,5.38,5.31,5.36,36630
BTCX.U.TO,20230525,4.95,4.97,4.91,4.97,26057
BTCY.TO,20230525,3.56,3.56,3.52,3.55,11031
BTCY.B.TO,20230525,4.03,4.05,4.02,4.05,1551
BTCY.U.TO,20230525,3.47,3.47,3.47,3.47,100
BTE.TO,20230525,4.62,4.63,4.45,4.5,3343128
BTO.TO,20230525,5.17,5.19,5,5.06,2124874
BU.TO,20230525,0.245,0.26,0.235,0.25,202850
BUI.TO,20230525,2.22,2.22,2.22,2.22,0
BXF.TO,20230525,9.83,9.84,9.83,9.84,500
BYD.TO,20230525,239.45,243.68,239.45,240.4,31178
BYL.TO,20230525,0.375,0.38,0.36,0.37,13500
CACB.TO,20230525,18.96,18.96,18.96,18.96,3000
CAE.TO,20230525,29.19,29.62,29.06,29.46,218616
CAFR.TO,20230525,19.71,19.71,19.64,19.71,4200
CAGG.TO,20230525,43.41,43.41,43.41,43.41,0
CALL.TO,20230525,10.59,10.6,10.45,10.54,28441
CALL.B.TO,20230525,12.81,12.81,12.81,12.81,2400
CALL.U.TO,20230525,11.56,11.56,11.56,11.56,0
CAR.UN.TO,20230525,48.79,48.82,48.21,48.29,194241
CARB.TO,20230525,8.98,8.98,8.98,8.98,143
CARS.TO,20230525,25.56,25.56,25.47,25.56,1067
CARS.B.TO,20230525,29.77,29.77,29.77,29.77,0
CAS.TO,20230525,11.84,11.86,11.5,11.54,143104
CASH.TO,20230525,50.19,50.19,50.19,50.19,36489
CBAL.TO,20230525,19.87,19.87,19.87,19.87,0
CBGR.TO,20230525,19.88,19.88,19.88,19.88,0
CBH.TO,20230525,16.95,16.95,16.95,16.95,137
CBIL.TO,20230525,50.23,50.23,50.22,50.22,5957
CBND.TO,20230525,8.58,8.58,8.58,8.58,100
CBNK.TO,20230525,7.08,7.08,7.05,7.07,3456
CBO.TO,20230525,17.2,17.22,17.2,17.22,4101
CBUG.TO,20230525,18.51,18.51,18.51,18.51,0
CCA.TO,20230525,65.12,65.57,64.63,64.92,75507
CCBI.TO,20230525,17.58,17.58,17.54,17.54,3602
CCEI.TO,20230525,21.32,21.35,21.3,21.3,9000
CCL.A.TO,20230525,66,66,66,66,100
CCL.B.TO,20230525,67.43,67.64,65.33,65.53,310496
CCM.TO,20230525,0.245,0.245,0.245,0.245,103000
CCNS.TO,20230525,17.89,17.89,17.89,17.89,0
CCO.TO,20230525,37.83,38.6,37.51,37.84,1000720
CCOM.TO,20230525,20.46,20.46,20.42,20.42,573
CCRE.TO,20230525,17.58,17.58,17.58,17.58,0
CCS.PR.C.TO,20230525,20.34,20.34,20.01,20.07,2025
CDIV.TO,20230525,12.7,12.7,12.65,12.65,29725
CDLB.TO,20230525,17.21,17.21,17.21,17.21,0
CDNA.TO,20230525,18.36,18.36,18.36,18.36,100
CDR.TO,20230525,0.48,0.48,0.46,0.48,56272
CDZ.TO,20230525,29.98,30.1,29.95,29.96,12280
CEE.TO,20230525,1.71,1.71,1.65,1.66,71900
CEF.TO,20230525,25,25.06,24.86,24.86,7258
CEF.U.TO,20230525,18.52,18.52,18.52,18.52,148
CEMI.TO,20230525,16.54,16.59,16.54,16.59,200
CET.TO,20230525,0.75,0.76,0.71,0.73,235102
CEU.TO,20230525,2.41,2.41,2.36,2.36,183633
CEW.TO,20230525,15.41,15.42,15.34,15.4,2756
CF.TO,20230525,9.52,9.77,9.52,9.63,185720
CF.PR.A.TO,20230525,12.86,12.86,12.86,12.86,1200
CF.PR.C.TO,20230525,17.51,17.51,17.5,17.5,1400
CFF.TO,20230525,1.29,1.29,1.15,1.2,43133
CFLX.TO,20230525,16.84,16.84,16.84,16.84,0
CFP.TO,20230525,19.72,20.01,19.55,19.64,96265
CFRT.TO,20230525,19.97,19.97,19.97,19.97,0
CFW.TO,20230525,4.16,4.22,4.1,4.17,15527
CFX.TO,20230525,1.89,1.89,1.78,1.81,24400
CG.TO,20230525,6.92,7.01,6.83,6.93,1350155
CGAA.TO,20230525,23.49,23.49,23.49,23.49,0
CGBI.TO,20230525,17.28,17.28,17.28,17.28,200
CGDV.TO,20230525,20.3,20.39,20.3,20.3,2461
CGDV.B.TO,20230525,20.57,20.57,20.57,20.57,0
CGG.TO,20230525,5.59,5.59,5.44,5.44,17858
CGHY.TO,20230525,9.44,9.44,9.44,9.44,0
CGI.TO,20230525,33.03,33.65,33.03,33.59,3300
CGIN.TO,20230525,20.28,20.28,20.24,20.26,1900
CGIN.U.TO,20230525,20.26,20.26,20.26,20.26,0
CGL.TO,20230525,15.71,15.73,15.64,15.67,30810
CGL.C.TO,20230525,22.53,22.56,22.48,22.48,2240
CGLO.TO,20230525,23.99,24.03,23.99,24.03,1400
CGO.TO,20230525,53.48,53.48,52.93,53.12,24918
CGR.TO,20230525,25.71,25.71,25.71,25.71,118
CGRA.TO,20230525,20.91,20.91,20.91,20.91,0
CGRE.TO,20230525,20.14,20.14,20.14,20.14,0
CGRN.TO,20230525,20.71,20.71,20.71,20.71,0
CGX.TO,20230525,9.74,9.93,9.67,9.88,268938
CGX.DB.B.TO,20230525,102,102,102,102,0
CGXF.TO,20230525,10.96,10.96,10.81,10.84,9983
CGXF.U.TO,20230525,8.77,8.77,8.77,8.77,0
CGY.TO,20230525,60.8,61.07,58.96,58.96,7311
CHE.DB.E.TO,20230525,99,99,98.5,98.5,20999
CHE.DB.F.TO,20230525,123.04,123.04,123.04,123.04,0
CHE.DB.G.TO,20230525,101,101,100.5,101,59000
CHE.DB.H.TO,20230525,99.5,99.5,99.05,99.5,308000
CHE.UN.TO,20230525,8.4,8.41,8.2,8.29,388287
CHNA.B.TO,20230525,22.12,22.12,22.12,22.12,0
CHP.UN.TO,20230525,13.69,13.9,13.67,13.76,246326
CHPS.TO,20230525,24.82,25.5,24.82,25.48,52341
CHPS.U.TO,20230525,17.99,17.99,17.99,17.99,0
CHR.TO,20230525,3.03,3.04,2.98,3,239497
CHR.DB.A.TO,20230525,95.34,95.34,95.34,95.34,3000
CHR.DB.B.TO,20230525,95,95,95,95,0
CHR.DB.C.TO,20230525,86.5,86.5,85.21,86,59000
CHW.TO,20230525,8.06,8.1,8.06,8.06,3981
CIA.TO,20230525,5.38,5.38,5.25,5.31,171455
CIBR.TO,20230525,33.46,33.8,33.46,33.8,1650
CIC.TO,20230525,10.56,10.56,10.49,10.53,13516
CIEH.TO,20230525,20.56,20.56,20.56,20.56,200
CIEI.TO,20230525,20.83,20.83,20.83,20.83,1701
CIEM.TO,20230525,16.48,16.52,16.48,16.51,2495
CIEM.U.TO,20230525,16.59,16.61,16.59,16.61,2400
CIF.TO,20230525,34.67,34.81,34.63,34.79,2847
CIGI.TO,20230525,126.23,129.77,125.42,127.65,32564
CINF.TO,20230525,23.34,23.34,23.34,23.34,0
CINT.TO,20230525,21.71,21.71,21.7,21.7,2400
CINV.TO,20230525,14.22,14.22,14.22,14.22,0
CIQ.UN.TO,20230525,6.97,6.97,6.97,6.97,0
CIU.PR.A.TO,20230525,18.18,18.22,18.06,18.06,9300
CIU.PR.C.TO,20230525,12.26,12.84,12.26,12.84,1197
CIX.TO,20230525,12.85,12.89,12.7,12.84,714895
CJ.TO,20230525,7.12,7.16,6.99,7.03,681827
CJR.B.TO,20230525,1.37,1.37,1.31,1.31,289636
CJT.TO,20230525,105.54,105.54,103.09,104.09,44876
CJT.DB.E.TO,20230525,98.1,98.1,98.1,98.1,10000
CJT.DB.F.TO,20230525,95.1,95.1,94.55,94.55,59000
CKI.TO,20230525,13.29,13.3,13.02,13.3,2000
CLF.TO,20230525,16.65,16.66,16.63,16.63,2811
CLG.TO,20230525,16.65,16.67,16.64,16.64,20400
CLML.TO,20230525,18.63,18.63,18.63,18.63,0
CLML.U.TO,20230525,18.54,18.54,18.54,18.54,0
CLS.TO,20230525,15.35,15.89,15.33,15.87,321385
CM.TO,20230525,56.24,57.11,56.1,56.78,4355171
CM.PR.O.TO,20230525,16.59,16.6,16.28,16.3,10300
CM.PR.P.TO,20230525,16.16,16.17,16.02,16.09,5440
CM.PR.Q.TO,20230525,17.1,17.1,16.91,16.91,6980
CM.PR.S.TO,20230525,20.85,20.98,20.85,20.95,6039
CM.PR.Y.TO,20230525,23.1,23.15,22.5,22.6,4600
CMAG.TO,20230525,24.56,24.71,24.56,24.71,1738
CMAG.U.TO,20230525,18.36,18.36,18.36,18.36,1200
CMAR.TO,20230525,18.17,18.17,18.17,18.17,200
CMAR.U.TO,20230525,18.43,18.43,18.43,18.43,0
CMCX.B.TO,20230525,7.45,7.45,7.45,7.45,0
CMDO.TO,20230525,19.32,19.32,19.28,19.29,14160
CMDO.U.TO,20230525,19.35,19.35,19.35,19.35,200
CMG.TO,20230525,6.52,6.85,6.52,6.72,139067
CMGG.TO,20230525,19.04,19.04,19.04,19.04,0
CMR.TO,20230525,50.01,50.01,50,50.01,70802
CNAO.TO,20230525,20.41,20.41,20.41,20.41,0
CNAO.U.TO,20230525,20.35,20.35,20.35,20.35,0
CNCC.TO,20230525,12.12,12.12,12.06,12.09,3163
CNE.TO,20230525,11,11.14,10.87,11.14,8978
CNQ.TO,20230525,76.46,76.57,74.7,75.17,4195723
CNR.TO,20230525,153.81,155.76,152.67,155.04,1831166
CNT.TO,20230525,0.095,0.095,0.09,0.09,4500
COG.TO,20230525,0.47,0.47,0.47,0.47,6000
COMM.TO,20230525,26.92,26.92,26.92,26.92,0
COPP.TO,20230525,25,25,25,25,214
COW.TO,20230525,60.64,60.67,60.23,60.67,5522
CP.TO,20230525,103.98,105.47,103.15,104.92,1139041
CPD.TO,20230525,10.45,10.5,10.34,10.34,38642
CPH.TO,20230525,3.68,3.7,3.54,3.65,8444
CPLF.TO,20230525,5.99,5.99,5.75,5.75,33854
CPLS.TO,20230525,17.47,17.47,17.47,17.47,0
CPX.TO,20230525,45.3,45.3,44.61,44.7,143284
CPX.PR.A.TO,20230525,12.75,12.75,12.75,12.75,100
CPX.PR.C.TO,20230525,20.76,20.76,20.76,20.76,500
CPX.PR.E.TO,20230525,21.37,21.37,21.05,21.16,7450
CPX.PR.K.TO,20230525,24.55,24.6,24.55,24.6,800
CR.TO,20230525,5.33,5.33,5.04,5.07,542074
CRDL.TO,20230525,0.91,0.94,0.9,0.9,14741
CRED.TO,20230525,18.7,18.7,18.7,18.7,2100
CRED.U.TO,20230525,18.81,18.81,18.81,18.81,2600
CRON.TO,20230525,2.54,2.54,2.42,2.45,142320
CROP.TO,20230525,17.39,17.39,17.38,17.39,3200
CROP.U.TO,20230525,19.39,19.39,19.39,19.39,0
CRP.TO,20230525,2.38,2.59,2.13,2.59,7878
CRR.UN.TO,20230525,14.8,14.96,14.75,14.81,65264
CRRX.TO,20230525,2.28,2.29,2.25,2.29,52200
CRT.UN.TO,20230525,15.31,15.42,15.3,15.32,102784
CRWN.TO,20230525,7.65,7.75,7.65,7.75,1200
CS.TO,20230525,5.31,5.42,5.16,5.17,1237415
CSAV.TO,20230525,50.02,50.02,50,50.01,83472
CSBI.TO,20230525,19.91,19.91,19.91,19.91,0
CSE.PR.A.TO,20230525,13.45,13.45,13.27,13.27,389410
CSH.UN.TO,20230525,9,9.25,8.97,9.1,360752
CSU.TO,20230525,2626.46,2666.06,2585,2637.98,25817
CSU.DB.TO,20230525,140,140,140,140,0
CSW.A.TO,20230525,15.1,15.1,14.8,14.84,12374
CSW.B.TO,20230525,13.8,13.8,13.75,13.75,1100
CTC.TO,20230525,305,305,305,305,100
CTC.A.TO,20230525,166.98,167.72,166.42,166.89,145154
CTF.UN.TO,20230525,3.02,3.07,3.01,3.04,24186
CTS.TO,20230525,3.25,3.26,3.21,3.25,1008854
CTX.TO,20230525,0.66,0.66,0.65,0.65,27000
CU.TO,20230525,36.27,36.51,36.13,36.23,360843
CU.PR.C.TO,20230525,18.47,18.47,18.1,18.11,3059
CU.PR.D.TO,20230525,19.64,19.65,19.57,19.57,2700
CU.PR.E.TO,20230525,19.5,19.5,19.49,19.49,1200
CU.PR.F.TO,20230525,18.53,18.53,18.36,18.36,3800
CU.PR.G.TO,20230525,18.55,18.55,18.45,18.5,41500
CU.PR.H.TO,20230525,21.25,21.25,21.05,21.05,400
CU.PR.I.TO,20230525,23.01,23.01,22.12,22.12,8880
CU.PR.J.TO,20230525,18.75,18.75,18.67,18.67,1100
CUD.TO,20230525,48.25,48.25,47.97,47.97,1230
CUDV.TO,20230525,19.47,19.55,19.47,19.53,1400
CUEH.TO,20230525,20.87,20.87,20.87,20.87,0
CUEI.TO,20230525,22.33,22.33,22.33,22.33,200
CUP.U.TO,20230525,13.51,13.51,13.51,13.51,189
CUTL.TO,20230525,20.18,20.18,20.18,20.18,0
CVD.TO,20230525,16.93,16.93,16.93,16.93,2000
CVE.TO,20230525,22.57,22.75,22.31,22.36,3743583
CVE.PR.A.TO,20230525,13.1,13.1,12.43,12.43,600
CVE.PR.B.TO,20230525,15.75,15.75,15.52,15.52,1600
CVE.PR.C.TO,20230525,18.31,18.31,17.9,17.93,6600
CVE.PR.E.TO,20230525,19.12,19.14,19,19.09,2700
CVE.PR.G.TO,20230525,19.2,19.24,18.39,18.39,10499
CVE.WT.TO,20230525,16,16,15.83,15.83,550
CVG.TO,20230525,83,83,83,83,0
CVO.TO,20230525,6.54,6.54,6.27,6.4,92865
CWB.TO,20230525,24.34,24.67,24.32,24.42,221018
CWB.PR.B.TO,20230525,16.5,17.13,16.5,17.13,1517
CWB.PR.D.TO,20230525,23.76,23.84,23.76,23.76,850
CWEB.TO,20230525,0.305,0.31,0.3,0.3,75966
CWL.TO,20230525,1.11,1.11,1.11,1.11,0
CWW.TO,20230525,48.31,48.33,48.05,48.05,822
CXB.TO,20230525,1.54,1.54,1.51,1.51,560558
CXF.TO,20230525,9.65,9.65,9.65,9.65,155
CXI.TO,20230525,22.14,22.75,22.14,22.54,6000
CYB.TO,20230525,59.01,59.36,58.85,59.1,6826
CYBR.TO,20230525,35.15,35.15,35.13,35.13,1021
CYBR.B.TO,20230525,38.55,38.55,38.55,38.55,0
CYBR.U.TO,20230525,39.9,39.9,39.9,39.9,0
CYH.TO,20230525,18.7,18.7,18.65,18.65,1164
D.UN.TO,20230525,14.34,14.45,14.17,14.39,113353
DANC.TO,20230525,21.42,21.48,21.42,21.47,8876
DATA.TO,20230525,17.61,17.61,17.61,17.61,100
DATA.B.TO,20230525,18.81,18.81,18.81,18.81,0
DBM.TO,20230525,6.51,6.55,6.47,6.54,117922
DBO.TO,20230525,0.095,0.095,0.095,0.095,20850
DC.A.TO,20230525,1.43,1.43,1.41,1.42,9100
DC.PR.B.TO,20230525,17.5,17.5,17.5,17.5,100
DC.PR.D.TO,20230525,19.8,19.8,19.8,19.8,0
DCBO.TO,20230525,44.31,44.56,43.3,43.34,23699
DCC.TO,20230525,17.7,17.7,17.7,17.7,299
DCG.TO,20230525,17.48,17.48,17.48,17.48,0
DCM.TO,20230525,2.66,2.88,2.66,2.82,175657
DCP.TO,20230525,15.81,15.81,15.81,15.81,0
DCS.TO,20230525,18.17,18.17,18.17,18.17,0
DCU.TO,20230525,17.28,17.28,17.27,17.27,3800
DF.TO,20230525,3.94,3.96,3.9,3.91,22583
DF.PR.A.TO,20230525,9.52,9.52,9.51,9.51,6950
DFN.TO,20230525,7.33,7.34,7.3,7.34,145676
DFN.PR.A.TO,20230525,9.39,9.41,9.36,9.4,89379
DFY.TO,20230525,36.22,36.38,36.03,36.2,45819
DGR.TO,20230525,36.31,36.45,36.31,36.45,1000
DGR.B.TO,20230525,40.09,40.35,40.09,40.35,767
DGRC.TO,20230525,33.85,33.85,33.73,33.78,1264
DGS.TO,20230525,5.24,5.3,5.16,5.21,119493
DGS.PR.A.TO,20230525,9.54,9.55,9.53,9.55,31451
DHT.U.TO,20230525,7.15,7.15,7.15,7.15,300
DHT.UN.TO,20230525,9.57,9.77,9.55,9.76,11400
DIAM.TO,20230525,0.085,0.085,0.08,0.08,25000
DII.B.TO,20230525,4.5,4.5,4.17,4.2,10190
DIR.UN.TO,20230525,13.8,13.82,13.69,13.69,518978
DISC.TO,20230525,31.18,31.18,31.18,31.18,400
DIV.TO,20230525,2.9,2.9,2.78,2.81,562535
DIV.DB.A.TO,20230525,93.5,93.5,92.01,92.12,81000
DIVS.TO,20230525,14.25,14.25,14.25,14.25,0
DLCG.TO,20230525,2.42,2.43,2.39,2.39,3200
DLR.TO,20230525,13.93,13.97,13.93,13.96,321323
DLR.U.TO,20230525,10.24,10.24,10.23,10.23,137494
DML.TO,20230525,1.45,1.48,1.43,1.43,600706
DN.TO,20230525,0.06,0.06,0.055,0.06,168784
DND.TO,20230525,15.16,16.37,15.16,16.07,329047
DNG.TO,20230525,2.97,2.99,2.95,2.98,14500
DNTL.TO,20230525,7.18,7.3,7.05,7.11,143877
DOL.TO,20230525,82.1,82.79,81.51,82.19,469170
DOO.TO,20230525,99.47,100.77,99,99.38,133475
DPM.TO,20230525,9.34,9.4,9.23,9.25,445730
DR.TO,20230525,8.25,8.43,8.25,8.4,14658
DRCU.TO,20230525,18.06,18.06,18.06,18.06,0
DRFC.TO,20230525,24.43,24.43,24.37,24.38,600
DRFE.TO,20230525,19.28,19.28,19.28,19.28,0
DRFG.TO,20230525,23.87,23.87,23.87,23.87,0
DRFU.TO,20230525,25.98,25.98,25.98,25.98,100
DRM.TO,20230525,21.72,21.78,21,21.07,13679
DRMC.TO,20230525,24.71,24.71,24.58,24.58,1272
DRMD.TO,20230525,24.76,24.76,24.76,24.76,0
DRME.TO,20230525,15.86,15.86,15.86,15.86,0
DRMU.TO,20230525,30.33,30.45,30.33,30.45,400
DRR.U.TO,20230525,8,8,7.85,7.85,4856
DRT.TO,20230525,0.475,0.48,0.46,0.46,23086
DRX.TO,20230525,2.45,2.5,2.45,2.49,11400
DS.TO,20230525,6.9,6.9,6.77,6.8,869
DSG.TO,20230525,102.53,103.82,102.21,103.49,64141
DSV.TO,20230525,0.93,0.95,0.92,0.92,137271
DTOL.TO,20230525,7.63,7.63,7.11,7.11,5917
DXB.TO,20230525,18.1,18.1,18.08,18.08,900
DXC.TO,20230525,32.16,32.2,32.12,32.12,6819
DXDB.TO,20230525,20.16,20.2,20.16,20.18,1509
DXEM.TO,20230525,13.62,13.62,13.62,13.62,0
DXET.TO,20230525,17.64,17.64,17.64,17.64,0
DXF.TO,20230525,29.21,29.21,29.21,29.21,0
DXG.TO,20230525,44.46,44.6,44.36,44.55,4264
DXIF.TO,20230525,19.18,19.18,18.89,19.15,79109
DXN.TO,20230525,19.72,19.72,19.72,19.72,0
DXO.TO,20230525,18.52,18.52,18.52,18.52,0
DXP.TO,20230525,18.69,18.69,18.25,18.29,13113
DXQ.TO,20230525,21.79,21.79,21.7,21.71,4693
DXR.TO,20230525,20.55,20.55,20.55,20.55,2601
DXT.TO,20230525,5.4,5.47,5.39,5.47,10988
DXU.TO,20230525,41.42,41.67,41.42,41.66,4568
DXV.TO,20230525,19.65,19.65,19.65,19.65,310
DXW.TO,20230525,20.95,20.95,20.95,20.95,1500
DXZ.TO,20230525,10.53,10.53,10.53,10.53,0
DYA.TO,20230525,0.19,0.2,0.185,0.2,243631
E.TO,20230525,0.46,0.46,0.46,0.46,0
EAGR.TO,20230525,0.68,0.68,0.68,0.68,1005
EARN.TO,20230525,45.92,45.92,45.92,45.92,0
EBIT.TO,20230525,13.18,13.3,13.11,13.23,20046
EBIT.U.TO,20230525,9.75,9.75,9.75,9.75,141
EBNK.TO,20230525,9.17,9.17,9.13,9.13,1600
EBNK.B.TO,20230525,8.76,8.76,8.76,8.76,300
EBNK.U.TO,20230525,8.28,8.28,8.28,8.28,0
ECN.TO,20230525,2.88,3,2.88,2.93,687693
ECN.DB.TO,20230525,85.94,85.94,85.94,85.94,5000
ECN.DB.A.TO,20230525,78.51,78.51,78.51,78.51,46000
ECN.DB.B.TO,20230525,72.57,72.57,72.57,72.57,0
ECN.PR.C.TO,20230525,20.07,20.07,20.05,20.05,5200
ECO.TO,20230525,3.09,3.1,2.97,3.01,49350
ECOR.TO,20230525,2.25,2.25,2.14,2.21,10504
EDGE.TO,20230525,30.68,30.68,30.13,30.13,478
EDGF.TO,20230525,9.52,9.52,9.52,9.52,300
EDR.TO,20230525,4.28,4.31,4.2,4.21,166114
EDT.TO,20230525,0.315,0.32,0.305,0.32,13100
EDV.TO,20230525,32.98,33.15,32.46,32.74,573639
EFN.TO,20230525,20.06,20.2,19.91,19.96,491875
EFN.DB.B.TO,20230525,168.88,168.88,168.79,168.79,2000
EFN.PR.C.TO,20230525,24.25,24.25,24.08,24.1,4045
EFN.PR.E.TO,20230525,24,24,23.91,23.97,6583
EFR.TO,20230525,8.33,8.41,8.09,8.1,191175
EFX.TO,20230525,8.15,8.15,7.84,7.91,162777
EGIF.TO,20230525,21,21,21,21,250
EGLX.TO,20230525,0.62,0.63,0.61,0.61,29847
EHE.TO,20230525,30,30,30,30,200
EHE.B.TO,20230525,27.9,27.9,27.9,27.9,0
EIF.TO,20230525,54.65,55.1,54.48,54.73,86144
EIF.DB.J.TO,20230525,113,113.1,112.83,112.83,395000
EIF.DB.K.TO,20230525,114.2,114.5,114.2,114.5,56000
EIF.DB.L.TO,20230525,109.33,110,109.16,110,148000
EIF.DB.M.TO,20230525,101,101.8,101,101.8,1155000
EIT.PR.A.TO,20230525,24.4,24.53,24.4,24.53,1500
EIT.PR.B.TO,20230525,24.03,24.19,24.03,24.19,1400
EIT.UN.TO,20230525,12.65,12.66,12.58,12.58,145347
ELD.TO,20230525,13.7,13.75,13.51,13.55,411529
ELEF.TO,20230525,0.385,0.39,0.385,0.39,1300
ELF.TO,20230525,895,895,895,895,131
ELF.PR.F.TO,20230525,20.74,20.74,20.51,20.55,550
ELF.PR.G.TO,20230525,18.51,18.51,18.51,18.51,409
ELF.PR.H.TO,20230525,21.4,21.48,21.25,21.25,1400
ELO.TO,20230525,2.91,2.92,2.78,2.78,35220
ELR.TO,20230525,0.095,0.105,0.095,0.105,119000
EMA.TO,20230525,56.25,56.28,55.77,55.94,473029
EMA.PR.A.TO,20230525,12.54,12.56,12.54,12.56,1300
EMA.PR.B.TO,20230525,14.65,14.65,14.65,14.65,0
EMA.PR.C.TO,20230525,18.91,18.91,18.7,18.72,3400
EMA.PR.E.TO,20230525,17.9,17.9,17.75,17.85,1900
EMA.PR.F.TO,20230525,17.08,17.08,16.99,16.99,600
EMA.PR.H.TO,20230525,20.46,20.5,20.2,20.31,6400
EMA.PR.J.TO,20230525,22.5,22.5,22.35,22.35,1800
EMA.PR.L.TO,20230525,18.04,18.04,17.88,17.91,8200
EMP.A.TO,20230525,35.4,35.63,35.07,35.35,418941
EMV.B.TO,20230525,25.34,25.34,25.21,25.21,500
ENB.TO,20230525,49.54,49.6,48.83,48.92,6514282
ENB.PF.A.TO,20230525,14.8,14.8,14.52,14.52,4825
ENB.PF.C.TO,20230525,14.26,14.26,14,14.03,14184
ENB.PF.E.TO,20230525,13.6,13.6,13.32,13.32,2912
ENB.PF.G.TO,20230525,13.65,13.67,13.39,13.43,4663
ENB.PF.K.TO,20230525,22.19,22.19,22,22,12510
ENB.PF.U.TO,20230525,19.51,19.51,19.05,19.06,4086
ENB.PF.V.TO,20230525,19.5,19.65,19.5,19.59,9600
ENB.PR.A.TO,20230525,21.86,21.99,21.7,21.7,5016
ENB.PR.B.TO,20230525,16.73,16.73,16.25,16.3,9815
ENB.PR.D.TO,20230525,17.14,17.14,16.93,16.93,17710
ENB.PR.F.TO,20230525,17.5,17.5,17.34,17.37,10933
ENB.PR.H.TO,20230525,15.9,16,15.75,15.75,1920
ENB.PR.J.TO,20230525,15.55,15.56,15.35,15.35,10933
ENB.PR.N.TO,20230525,16.86,16.9,16.71,16.72,1900
ENB.PR.P.TO,20230525,15.3,15.3,14.95,15.05,7900
ENB.PR.T.TO,20230525,14.76,15.01,14.55,14.56,15566
ENB.PR.V.TO,20230525,21.5,21.5,21.2,21.21,7600
ENB.PR.Y.TO,20230525,14.13,14.13,13.77,13.86,47859
ENCC.TO,20230525,10.55,10.59,10.46,10.52,84912
ENGH.TO,20230525,37.79,38.06,37.67,37.76,22618
ENI.UN.TO,20230525,1.64,1.64,1.6,1.6,15410
ENS.TO,20230525,15.03,15.06,14.94,15.03,28029
ENS.PR.A.TO,20230525,10.05,10.05,10.01,10.02,19600
EPRX.TO,20230525,7.25,7.25,7.1,7.1,2469
EPRX.WT.TO,20230525,1.05,1.05,1.05,1.05,1000
EPRX.WT.A.TO,20230525,5.3,5.3,5.3,5.3,5000
EQB.TO,20230525,64.85,65.46,64.83,65.3,40205
EQB.PR.C.TO,20230525,22.51,22.51,22.5,22.5,2300
EQL.TO,20230525,29.04,29.1,28.91,29.04,13533
EQL.F.TO,20230525,25.21,25.31,25.11,25.27,4896
EQL.U.TO,20230525,21.25,21.34,21.2,21.31,7900
EQX.TO,20230525,6.32,6.32,5.97,5.98,705863
ERD.TO,20230525,0.375,0.375,0.355,0.36,84720
ERE.UN.TO,20230525,2.97,2.97,2.94,2.94,34902
ERO.TO,20230525,23.05,23.82,22.92,23.6,171096
ESG.TO,20230525,29.96,29.98,29.91,29.95,500
ESG.F.TO,20230525,28.5,28.5,28.5,28.5,100
ESGA.TO,20230525,31.36,31.36,31.36,31.36,100
ESGB.TO,20230525,26.17,26.17,26.17,26.17,8900
ESGC.TO,20230525,23.38,23.47,23.38,23.44,600
ESGE.TO,20230525,31.02,31.02,31.02,31.02,0
ESGF.TO,20230525,24.05,24.05,24.05,24.05,100
ESGG.TO,20230525,35.95,35.95,35.95,35.95,0
ESGH.TO,20230525,25.7,25.7,25.7,25.7,0
ESGH.F.TO,20230525,23.97,23.97,23.97,23.97,230
ESGY.TO,20230525,39.72,39.85,39.66,39.84,1300
ESGY.F.TO,20230525,31.26,31.26,31.26,31.26,0
ESI.TO,20230525,2.17,2.17,2.11,2.15,136660
ESM.TO,20230525,0.04,0.04,0.04,0.04,904000
ESPX.TO,20230525,20.73,20.76,20.73,20.73,7200
ESPX.B.TO,20230525,20.9,20.9,20.9,20.9,0
ET.TO,20230525,12.41,12.54,12.35,12.5,5813
ETC.TO,20230525,6.26,6.32,6.26,6.32,2413
ETC.U.TO,20230525,5.85,5.85,5.85,5.85,100
ETG.TO,20230525,1.2,1.2,1.19,1.19,34130
ETHH.TO,20230525,7.46,7.48,7.4,7.47,3458
ETHH.B.TO,20230525,8.57,8.67,8.54,8.63,25276
ETHH.U.TO,20230525,8.13,8.13,8.13,8.13,0
ETHI.TO,20230525,41.21,41.21,41.21,41.21,294
ETHQ.TO,20230525,9.77,9.82,9.77,9.82,2100
ETHQ.U.TO,20230525,7.16,7.16,7.13,7.13,2900
ETHR.TO,20230525,8.56,8.61,8.54,8.61,2630
ETHR.U.TO,20230525,7.8,7.8,7.8,7.8,0
ETHX.B.TO,20230525,8.87,8.94,8.82,8.92,70264
ETHX.U.TO,20230525,8.13,8.16,8.1,8.16,38235
ETHY.TO,20230525,2.95,2.98,2.94,2.97,1764
ETHY.B.TO,20230525,3.65,3.65,3.65,3.65,315
ETHY.U.TO,20230525,2.88,2.89,2.88,2.89,1100
ETP.TO,20230525,16.13,16.13,16.13,16.13,1200
ETSX.TO,20230525,19.51,19.51,19.51,19.51,1292
EVT.TO,20230525,137,137,137,137,0
EXE.TO,20230525,7.2,7.22,7.16,7.2,132832
EXE.DB.C.TO,20230525,96,96.49,95.1,95.1,29000
EXN.TO,20230525,0.35,0.355,0.345,0.35,21188
EXRO.TO,20230525,2.15,2.16,2.05,2.11,473352
EXRO.WT.TO,20230525,1.11,1.15,1.11,1.15,7200
FANS.TO,20230525,0.065,0.065,0.06,0.065,20000
FAP.TO,20230525,2.5,2.52,2.5,2.52,10104
FAR.TO,20230525,1.63,1.63,1.61,1.61,1700
FBGO.TO,20230525,17.25,17.25,17.25,17.25,0
FBTC.TO,20230525,12.07,12.12,12.04,12.12,3600
FBTC.U.TO,20230525,9.1,9.1,9.1,9.1,0
FC.TO,20230525,10.98,10.99,10.89,10.98,22377
FC.DB.H.TO,20230525,97,97,97,97,0
FC.DB.I.TO,20230525,95.5,95.5,95.5,95.5,0
FC.DB.J.TO,20230525,92.16,92.16,92.16,92.16,0
FC.DB.K.TO,20230525,87,87,85.01,85.01,50000
FC.DB.L.TO,20230525,85.1,85.1,85.1,85.1,15000
FCCD.TO,20230525,26.7,26.74,26.58,26.62,4427
FCCQ.TO,20230525,29.44,29.55,29.44,29.51,600
FCCV.TO,20230525,12.65,12.66,12.64,12.66,7875
FCD.UN.TO,20230525,5.85,5.86,5.71,5.79,1600
FCGI.TO,20230525,12.1,12.1,12.1,12.1,2400
FCID.TO,20230525,23.6,23.64,23.6,23.64,1518
FCII.TO,20230525,21.25,21.25,21.25,21.25,0
FCIQ.TO,20230525,33.49,33.62,33.46,33.62,2177
FCIV.TO,20230525,29.8,29.86,29.75,29.86,1902
FCMI.TO,20230525,12.02,12.02,12.02,12.02,0
FCQH.TO,20230525,40.65,40.65,40.65,40.65,240
FCR.UN.TO,20230525,14.85,14.93,14.78,14.83,301110
FCRH.TO,20230525,29.24,29.24,29.24,29.24,0
FCRR.TO,20230525,31.82,31.82,31.82,31.82,159
FCSI.TO,20230525,19.33,19.33,19.33,19.33,124
FCU.TO,20230525,0.61,0.62,0.58,0.59,282430
FCUD.TO,20230525,29.02,29.03,28.89,28.97,5995
FCUH.TO,20230525,26.09,26.09,25.96,26.03,1322
FCUQ.TO,20230525,43.5,43.61,43.5,43.54,4438
FCUV.TO,20230525,13.12,13.18,13.12,13.18,7600
FCUV.U.TO,20230525,9.62,9.62,9.62,9.62,0
FCVH.TO,20230525,12.67,12.67,12.67,12.67,104
FDL.TO,20230525,28.5,28.5,28.11,28.11,5200
FDN.TO,20230525,16.9,16.9,16.58,16.67,5884
FDN.F.TO,20230525,11.1,11.1,11.1,11.1,0
FDY.TO,20230525,0.84,0.84,0.77,0.77,129680
FEBB.F.TO,20230525,35.89,35.89,35.89,35.89,0
FEC.TO,20230525,10.87,10.87,10.27,10.35,48201
FETH.TO,20230525,32.95,32.95,32.95,32.95,0
FF.TO,20230525,0.175,0.18,0.175,0.18,496704
FFH.TO,20230525,958.16,966.62,953.89,962.5,22053
FFH.PR.C.TO,20230525,17.01,17.27,17.01,17.23,4829
FFH.PR.D.TO,20230525,19.09,19.2,19,19.2,11400
FFH.PR.E.TO,20230525,13.79,13.79,13.56,13.56,800
FFH.PR.F.TO,20230525,15.64,15.65,15.64,15.65,200
FFH.PR.G.TO,20230525,13.76,13.76,13.75,13.76,4100
FFH.PR.H.TO,20230525,16.79,16.79,16.79,16.79,700
FFH.PR.I.TO,20230525,14.75,14.84,14.75,14.76,10300
FFH.PR.J.TO,20230525,17.2,17.2,17.2,17.2,0
FFH.PR.K.TO,20230525,17.61,17.69,17.57,17.57,7529
FFH.PR.M.TO,20230525,19.62,19.62,19.32,19.32,3450
FFN.TO,20230525,3.84,3.84,3.77,3.77,45493
FFN.PR.A.TO,20230525,9.52,9.52,9.42,9.46,58042
FGAA.WT.U.TO,20230525,1.2,1.2,1.2,1.2,0
FGB.TO,20230525,17.74,17.74,17.74,17.74,0
FGGE.TO,20230525,20.68,20.68,20.68,20.68,1270
FGO.TO,20230525,9.97,9.98,9.96,9.97,11046
FGO.U.TO,20230525,10.1,10.1,10.1,10.1,0
FHG.TO,20230525,38.91,38.91,38.91,38.91,200
FHH.TO,20230525,38.66,38.66,38.66,38.66,0
FHI.TO,20230525,11.1,11.1,11.1,11.1,370
FHI.B.TO,20230525,12.43,12.43,12.43,12.43,0
FHI.U.TO,20230525,9.44,9.44,9.44,9.44,3506
FHIS.TO,20230525,20.24,20.24,20.23,20.24,4900
FHQ.TO,20230525,66.09,66.09,66.09,66.09,0
FHQ.F.TO,20230525,35.71,35.71,35.71,35.71,0
FIE.TO,20230525,6.51,6.51,6.47,6.48,269241
FIG.TO,20230525,9.1,9.1,9.09,9.09,10650
FIG.U.TO,20230525,8.73,8.73,8.73,8.73,0
FIH.U.TO,20230525,13.01,13.26,12.97,13.18,336244
FIL.TO,20230525,21.05,21.35,20.74,20.82,230387
FINO.TO,20230525,16.44,16.44,16.44,16.44,170
FINT.TO,20230525,24.53,24.53,24.53,24.53,0
FLCI.TO,20230525,16.88,16.88,16.88,16.88,100
FLCP.TO,20230525,17.25,17.28,17.25,17.28,3230
FLDM.TO,20230525,20.81,20.81,20.81,20.81,0
FLGA.TO,20230525,18.46,18.49,18.46,18.49,300
FLGD.TO,20230525,22.78,22.78,22.78,22.78,102
FLI.TO,20230525,9.04,9.04,9.02,9.02,680
FLNT.TO,20230525,0.035,0.035,0.035,0.035,1000
FLOW.TO,20230525,0.42,0.45,0.42,0.45,3550
FLSD.TO,20230525,18.45,18.45,18.45,18.45,578
FLUS.TO,20230525,32.9,33.05,32.9,33,1115
FLX.TO,20230525,6.71,6.71,6.71,6.71,2900
FM.TO,20230525,29.79,29.88,29.4,29.5,1152300
FN.TO,20230525,40.04,40.17,39.8,40.02,32191
FN.PR.A.TO,20230525,10.66,10.68,10.66,10.67,600
FN.PR.B.TO,20230525,13.3,13.3,13.3,13.3,0
FNV.TO,20230525,199.5,200.14,198.28,198.45,219002
FOOD.TO,20230525,0.5,0.51,0.49,0.5,52252
FOOD.DB.A.TO,20230525,32.5,32.5,32.5,32.5,0
FORA.TO,20230525,3.62,3.62,3.22,3.22,3200
FOUR.TO,20230525,40.25,40.25,40.25,40.25,0
FPR.TO,20230525,19.5,19.5,19.5,19.5,0
FRU.TO,20230525,14.67,14.74,14.46,14.58,272877
FRX.TO,20230525,9.97,9.97,9.97,9.97,0
FSB.TO,20230525,9.57,9.57,9.51,9.52,7733
FSB.U.TO,20230525,9.68,9.68,9.68,9.68,0
FSF.TO,20230525,21.03,21.03,21.03,21.03,0
FSL.TO,20230525,16.73,16.78,16.73,16.78,450
FST.TO,20230525,41.95,41.95,41.74,41.74,467
FSV.TO,20230525,194.83,195.13,193.4,195.02,49840
FSY.TO,20230525,0.43,0.45,0.42,0.45,24144
FSZ.TO,20230525,6.55,6.66,6.54,6.56,391876
FT.TO,20230525,0.055,0.06,0.05,0.055,272590
FTG.TO,20230525,3.26,3.29,3.21,3.29,1500
FTN.TO,20230525,8.76,8.78,8.73,8.74,100333
FTN.PR.A.TO,20230525,9.53,9.54,9.5,9.5,30548
FTS.TO,20230525,57.88,57.93,57.11,57.49,2247791
FTS.PR.F.TO,20230525,20,20,20,20,0
FTS.PR.G.TO,20230525,17,17.23,16.7,16.7,2874
FTS.PR.H.TO,20230525,12,12,11.66,11.7,2500
FTS.PR.I.TO,20230525,14.5,14.5,14.5,14.5,0
FTS.PR.J.TO,20230525,19.25,19.25,19.02,19.02,3003
FTS.PR.K.TO,20230525,15.63,15.65,15.35,15.37,4200
FTS.PR.M.TO,20230525,16.4,16.4,16.04,16.04,5404
FTT.TO,20230525,36.46,37.12,36.03,36.41,252019
FTU.TO,20230525,0.17,0.17,0.17,0.17,0
FTU.PR.B.TO,20230525,5.67,5.67,5.67,5.67,1400
FUD.TO,20230525,31.93,31.93,31.93,31.93,309
FURY.TO,20230525,0.63,0.63,0.59,0.6,38079
FVI.TO,20230525,4.42,4.47,4.38,4.41,394981
FVI.DB.U.TO,20230525,98.55,98.55,98.55,98.55,0
FVL.TO,20230525,0.6,0.6,0.56,0.56,154689
FWCP.TO,20230525,17,17.07,17,17.07,1293
FXM.TO,20230525,20.21,20.27,20.21,20.24,1412
G.TO,20230525,1.03,1.03,0.97,0.98,192925
GATO.TO,20230525,6.77,6.81,6.56,6.63,1300
GAU.TO,20230525,0.77,0.79,0.77,0.79,4100
GBAL.TO,20230525,42.69,42.69,41.42,41.42,300
GBT.TO,20230525,15.5,15.5,15.5,15.5,1500
GCBD.TO,20230525,17.52,17.52,17.52,17.52,768
GCG.TO,20230525,43.75,43.75,43.75,43.75,0
GCG.A.TO,20230525,44.04,44.73,43.69,44.2,6700
GCL.TO,20230525,0.78,0.78,0.75,0.75,11500
GCNS.TO,20230525,38.37,38.37,38.37,38.37,0
GCSC.TO,20230525,20.89,20.89,20.89,20.89,0
GDC.TO,20230525,2.15,2.15,2.15,2.15,100
GDEP.TO,20230525,19.89,19.89,19.89,19.89,0
GDEP.B.TO,20230525,18.69,18.69,18.69,18.69,0
GDI.TO,20230525,44.61,44.63,43.83,43.96,16059
GDL.TO,20230525,12.45,12.47,12.45,12.47,3450
GDPY.TO,20230525,20.38,20.39,20.38,20.38,2675
GDPY.B.TO,20230525,19.61,19.61,19.61,19.61,0
GDV.TO,20230525,9.92,10,9.85,9.97,22860
GDV.PR.A.TO,20230525,9.41,9.41,9.41,9.41,2100
GEC.TO,20230525,0.41,0.435,0.41,0.435,7500
GEI.TO,20230525,21.3,21.37,21.14,21.3,485952
GENM.TO,20230525,0.495,0.495,0.48,0.495,47533
GEO.TO,20230525,3.04,3.04,3,3.01,5338
GEQT.TO,20230525,46.32,46.32,46.32,46.32,203
GFL.TO,20230525,49.44,49.82,49.36,49.58,184902
GFP.TO,20230525,1.31,1.31,1.24,1.26,20824
GGD.TO,20230525,1.61,1.68,1.6,1.67,295792
GGRO.TO,20230525,43.89,43.89,43.89,43.89,165
GH.TO,20230525,9.2,9.29,9.18,9.18,12875
GIB.A.TO,20230525,137.99,139.7,137.52,139.12,322863
GIL.TO,20230525,38.37,38.67,37.85,37.89,262763
GIQG.TO,20230525,20.19,20.19,20.19,20.19,0
GIQG.B.TO,20230525,20.56,20.56,20.56,20.56,0
GIQU.TO,20230525,19.4,19.4,19.4,19.4,0
GIQU.B.TO,20230525,20.33,20.33,20.33,20.33,0
GIVX.TO,20230525,0.47,0.47,0.47,0.47,1500
GLCC.TO,20230525,25.7,25.71,25.41,25.45,9926
GLO.TO,20230525,2.77,2.77,2.64,2.64,219943
GLXY.TO,20230525,5.32,5.38,5.1,5.1,213230
GMTN.TO,20230525,0.165,0.17,0.165,0.165,103100
GMX.TO,20230525,0.75,0.75,0.72,0.72,32150
GOLD.TO,20230525,1.31,1.33,1.27,1.28,84135
GOOS.TO,20230525,22.15,22.46,21.87,22.01,347667
GRA.TO,20230525,2.73,2.73,2.68,2.68,21257
GRC.TO,20230525,0.11,0.11,0.11,0.11,560
GRID.TO,20230525,0.84,0.84,0.84,0.84,500
GRN.TO,20230525,0.3,0.3,0.285,0.285,226745
GRNI.TO,20230525,28.31,28.31,28.31,28.31,110
GRT.UN.TO,20230525,79.65,80.06,79.3,79.3,22620
GSY.TO,20230525,105,105.8,103.95,104.81,36185
GTE.TO,20230525,7.67,7.67,7.09,7.21,42164
GUD.TO,20230525,4.81,4.87,4.77,4.86,141742
GURU.TO,20230525,2.7,2.84,2.65,2.65,5012
GVC.TO,20230525,0.22,0.22,0.19,0.21,20999
GWO.TO,20230525,38.86,39.11,38.86,38.92,1794167
GWO.PR.G.TO,20230525,20.85,20.89,20.28,20.29,6447
GWO.PR.H.TO,20230525,19.22,19.22,18.95,18.95,6150
GWO.PR.I.TO,20230525,18.01,18.01,17.87,17.87,8506
GWO.PR.L.TO,20230525,22,22.11,21.82,21.83,2400
GWO.PR.M.TO,20230525,22.43,22.43,22.4,22.4,200
GWO.PR.N.TO,20230525,11.7,11.7,11.7,11.7,100
GWO.PR.P.TO,20230525,21.25,21.25,20.6,20.6,2400
GWO.PR.Q.TO,20230525,20.24,20.25,20.15,20.15,4363
GWO.PR.R.TO,20230525,18.94,18.94,18.75,18.75,300
GWO.PR.S.TO,20230525,20.62,20.63,20.42,20.42,5400
GWO.PR.T.TO,20230525,20.46,20.55,20.45,20.45,2500
GWO.PR.Y.TO,20230525,18.34,18.34,18.05,18.05,2973
GXE.TO,20230525,0.96,0.97,0.95,0.95,458004
H.TO,20230525,38.58,38.68,38.22,38.61,453135
HAB.TO,20230525,9.62,9.63,9.59,9.59,4945
HAC.TO,20230525,25.17,25.23,25.16,25.22,6401
HAD.TO,20230525,8.89,8.89,8.89,8.89,0
HAF.TO,20230525,6.9,6.9,6.9,6.9,0
HAI.TO,20230525,4.07,4.07,4.05,4.05,1164
HAL.TO,20230525,19.12,19.12,19,19.04,2847
HAZ.TO,20230525,28.11,28.29,28.11,28.27,3531
HBA.TO,20230525,20.5,20.5,20.47,20.49,1027
HBAL.TO,20230525,13.05,13.05,12.97,12.97,9894
HBB.TO,20230525,45.13,45.14,45.09,45.09,13283
HBD.TO,20230525,10.69,10.78,10.69,10.77,5202
HBF.TO,20230525,9.31,9.34,9.3,9.34,3727
HBF.B.TO,20230525,10.26,10.26,10.26,10.26,100
HBF.U.TO,20230525,10.35,10.35,10.35,10.35,3584
HBFE.TO,20230525,10.05,10.05,10.04,10.04,400
HBGD.TO,20230525,17.95,17.95,17.44,17.44,2029
HBGD.U.TO,20230525,13.8,13.8,13.07,13.07,800
HBKU.TO,20230525,17.23,17.23,17.14,17.14,324
HBLK.TO,20230525,9.88,9.88,9.72,9.8,3779
HBM.TO,20230525,5.95,6.04,5.88,5.9,797400
HBP.TO,20230525,0.205,0.205,0.205,0.205,0
HBU.TO,20230525,11.3,11.31,11.21,11.21,4600
HBUG.TO,20230525,18.17,18.17,18.17,18.17,0
HCA.TO,20230525,20.4,20.4,20.25,20.35,10269
HCAL.TO,20230525,19.57,19.57,19.3,19.43,79278
HCLN.TO,20230525,11.63,11.65,11.63,11.65,5037
HCON.TO,20230525,12.11,12.11,12.11,12.11,1300
HCRE.TO,20230525,24.27,24.27,24.27,24.27,110
HDGE.TO,20230525,21.29,21.29,21.29,21.29,0
HDIF.TO,20230525,7.81,7.81,7.72,7.76,85186
HDIV.TO,20230525,15.66,15.66,15.38,15.45,86358
HEB.TO,20230525,15.52,15.52,15.41,15.46,5335
HED.TO,20230525,7.02,7.23,7.02,7.17,30204
HERO.TO,20230525,26.99,26.99,26.91,26.91,350
HEU.TO,20230525,20.55,20.56,19.91,20.1,85688
HEWB.TO,20230525,28.17,28.17,27.99,28.05,8558
HFD.TO,20230525,12,12.23,11.94,12.08,67082
HFG.TO,20230525,18.78,18.78,18.78,18.78,315
HFIN.TO,20230525,13.24,13.28,13.18,13.26,14500
HFPC.U.TO,20230525,2.89,2.95,2.89,2.95,14700
HFR.TO,20230525,9.78,9.79,9.77,9.78,27294
HFU.TO,20230525,16.62,16.63,16.48,16.63,8608
HGD.TO,20230525,5.64,5.84,5.64,5.82,280822
HGGG.TO,20230525,27.82,27.82,27.82,27.82,0
HGR.TO,20230525,6.1,6.11,6.07,6.11,935
HGU.TO,20230525,14.8,14.81,14.28,14.34,220986
HGY.TO,20230525,9.78,9.78,9.73,9.73,11116
HHL.TO,20230525,7.98,7.98,7.85,7.89,222961
HHL.B.TO,20230525,8.65,8.65,8.65,8.65,100
HHL.U.TO,20230525,8.26,8.26,8.25,8.25,200
HHLE.TO,20230525,10.06,10.06,9.92,9.98,24700
HIG.TO,20230525,8.3,8.3,8.26,8.29,2301
HISU.U.TO,20230525,100.41,100.42,100.41,100.42,706
HIU.TO,20230525,14.41,14.41,14.34,14.37,18169
HIX.TO,20230525,29.77,29.94,29.77,29.94,2879
HLF.TO,20230525,14.68,14.68,14.34,14.51,6901
HLFE.TO,20230525,10.14,10.14,10.11,10.11,550
HLIF.TO,20230525,8.94,8.95,8.94,8.95,781
HLIT.TO,20230525,36.39,36.41,36.33,36.33,673
HLPR.TO,20230525,20.85,20.85,20.8,20.8,1200
HLS.TO,20230525,4.32,4.32,4.19,4.24,8430
HMAX.TO,20230525,14.5,14.5,14.35,14.43,546006
HMM.A.TO,20230525,5.89,5.89,5.86,5.86,600
HMMJ.TO,20230525,9.67,9.67,9.4,9.43,5086
HMMJ.U.TO,20230525,7.15,7.15,7.15,7.15,0
HMP.TO,20230525,9.22,9.23,9.21,9.23,900
HND.TO,20230525,62.56,68,61.5,66.5,302063
HNU.TO,20230525,15.35,15.65,13.98,14.43,2932330
HOD.TO,20230525,11.3,11.72,11.23,11.43,792148
HOM.DB.U.TO,20230525,99,99,99,99,0
HOM.U.TO,20230525,12.74,12.75,12.5,12.64,11608
HOM.UN.TO,20230525,17.1,17.29,17.07,17.18,11510
HOT.DB.V.TO,20230525,85,85,85,85,0
HOT.U.TO,20230525,1.84,1.84,1.84,1.84,0
HOT.UN.TO,20230525,2.49,2.49,2.4,2.42,41982
HOU.TO,20230525,11.79,11.87,11.31,11.62,1683683
HPF.TO,20230525,3.25,3.25,3.25,3.25,302
HPF.U.TO,20230525,3.87,3.87,3.87,3.87,3000
HPR.TO,20230525,7.22,7.26,7.13,7.14,136168
HPS.A.TO,20230525,41,41.78,41,41.45,25641
HQD.TO,20230525,22.77,23.11,22.51,22.7,621912
HQD.U.TO,20230525,17.17,17.17,17.17,17.17,0
HQU.TO,20230525,12.23,12.41,12.12,12.33,698891
HR.UN.TO,20230525,10.2,10.29,10.15,10.24,347025
HRAA.TO,20230525,11,11,10.97,10.97,7735
HRED.TO,20230525,15.65,15.65,15.65,15.65,0
HREU.TO,20230525,16,16,16,16,0
HRIF.TO,20230525,14.72,14.76,14.69,14.69,9055
HRX.TO,20230525,13.91,14.24,13.87,13.99,12155
HSAV.TO,20230525,105.85,105.85,105.8,105.8,23777
HSD.TO,20230525,28.58,28.86,28.35,28.57,580979
HSH.TO,20230525,50.88,50.9,50.88,50.9,351
HSU.TO,20230525,14.37,14.46,14.22,14.37,576656
HSUV.U.TO,20230525,104.3,104.33,104.29,104.29,23919
HTA.TO,20230525,14.37,14.54,14.29,14.5,124870
HTA.B.TO,20230525,14.32,14.32,14.32,14.32,0
HTA.U.TO,20230525,15.23,15.23,15.22,15.22,7000
HTAE.TO,20230525,12.4,12.71,12.4,12.67,32523
HTB.TO,20230525,55.5,55.5,55.28,55.28,200
HTB.U.TO,20230525,40.68,40.68,40.68,40.68,100
HUBL.TO,20230525,10.21,10.23,10.12,10.23,9179
HUBL.U.TO,20230525,11.23,11.23,11.23,11.23,0
HUC.TO,20230525,19.12,19.12,18.94,19.03,6020
HUG.TO,20230525,15.68,15.68,15.63,15.63,2128
HULC.TO,20230525,66,66.39,66,66.39,600
HULC.U.TO,20230525,48.45,48.7,48.45,48.7,564
HUM.TO,20230525,21.39,21.39,21.39,21.39,0
HUN.TO,20230525,11.71,11.71,11.54,11.58,1556
HURA.TO,20230525,22.05,22.05,21.87,21.87,442
HUT.TO,20230525,2.57,2.59,2.47,2.52,1288237
HUTE.TO,20230525,10.52,10.52,10.3,10.3,4777
HUTL.TO,20230525,17.45,17.45,17.06,17.07,18455
HUTS.TO,20230525,13.77,13.78,13.71,13.71,3625
HUV.TO,20230525,26.19,26.77,26.1,26.29,60135
HUZ.TO,20230525,10.65,10.65,10.6,10.6,968
HWO.TO,20230525,1.3,1.3,1.22,1.26,27050
HWX.TO,20230525,6.29,6.36,6.23,6.33,701970
HXCN.TO,20230525,30.97,31,30.91,30.92,5863
HXD.TO,20230525,7.12,7.24,7.12,7.19,173057
HXDM.TO,20230525,40.22,40.35,40.22,40.35,4561
HXDM.U.TO,20230525,30.39,30.39,30.39,30.39,0
HXE.TO,20230525,28.21,28.27,28.21,28.27,1451
HXEM.TO,20230525,31.27,31.27,31.2,31.22,565
HXF.TO,20230525,57.5,57.5,57.1,57.36,355
HXH.TO,20230525,44.12,44.12,43.68,43.83,3371
HXQ.TO,20230525,53.9,54.19,53.65,54.06,7347
HXQ.U.TO,20230525,39.59,39.59,39.59,39.59,100
HXS.TO,20230525,56.88,57.18,56.75,57.08,16180
HXS.U.TO,20230525,41.45,41.45,41.45,41.45,0
HXT.TO,20230525,49.4,49.42,49.01,49.18,271695
HXT.U.TO,20230525,36.19,36.19,36.19,36.19,4800
HXU.TO,20230525,18.22,18.22,17.95,18.06,97394
HXX.TO,20230525,42.7,42.71,42.7,42.71,229
HYBR.TO,20230525,7.35,7.35,7.35,7.35,100
HYLD.TO,20230525,12.23,12.24,12.17,12.23,68794
HYLD.U.TO,20230525,12.39,12.43,12.39,12.43,2222
HZD.TO,20230525,15.7,16.15,15.7,16.15,14299
HZU.TO,20230525,20.68,20.72,20.03,20.06,38660
IAF.PR.B.TO,20230525,20.2,20.2,20,20,1150
IAG.TO,20230525,85.25,86.76,85.18,86.5,151275
IAU.TO,20230525,3.04,3.04,2.88,2.88,931445
IBG.DB.E.TO,20230525,100,100,100,100,8000
ICAE.TO,20230525,19.56,19.56,19.56,19.56,0
ICE.TO,20230525,3.57,3.57,3.57,3.57,0
ICPB.TO,20230525,9.25,9.25,9.25,9.25,1000
IDEF.B.TO,20230525,11.68,11.68,11.68,11.68,141
IDIV.B.TO,20230525,11.93,11.93,11.93,11.93,0
IE.TO,20230525,15.65,15.65,14.88,15.03,5332
IFA.TO,20230525,1.55,1.55,1.31,1.38,5404
IFC.TO,20230525,199.49,202.14,199.24,200.62,148379
IFC.PR.A.TO,20230525,17.25,17.25,17.05,17.1,4419
IFC.PR.C.TO,20230525,16.01,16.01,15.71,15.85,1900
IFC.PR.E.TO,20230525,21.07,21.07,21.05,21.06,1400
IFC.PR.F.TO,20230525,21.64,21.64,21.57,21.57,300
IFC.PR.G.TO,20230525,20.2,20.25,19.84,19.85,9850
IFC.PR.I.TO,20230525,22.36,22.36,22.12,22.12,300
IFC.PR.K.TO,20230525,21.39,21.4,21.27,21.27,2520
IFP.TO,20230525,20.72,20.97,20.47,20.91,366002
IFRF.TO,20230525,8.68,8.68,8.68,8.68,0
IGAF.TO,20230525,11.58,11.69,11.58,11.69,902
IGB.TO,20230525,17.44,17.44,17.4,17.4,3100
IGCF.TO,20230525,16.03,16.03,16.03,16.03,100
IGM.TO,20230525,38.52,38.86,38.46,38.64,106727
IICE.TO,20230525,19.85,19.85,19.85,19.85,0
III.TO,20230525,1.72,1.77,1.72,1.77,2900
IIP.UN.TO,20230525,13.17,13.25,13,13.1,135650
ILGB.TO,20230525,8.5,8.5,8.5,8.5,1014
ILLM.TO,20230525,2.3,2.3,2.23,2.25,18651
IMG.TO,20230525,3.76,3.8,3.6,3.6,410839
IMO.TO,20230525,62.91,64.39,62.62,63.95,1381174
IMP.TO,20230525,0.55,0.55,0.55,0.55,0
INC.UN.TO,20230525,10.11,10.21,10.1,10.2,1536
INE.TO,20230525,13.65,13.65,13.29,13.37,252595
INE.DB.B.TO,20230525,97,97,97,97,0
INE.DB.C.TO,20230525,94,94.01,93.66,93.9,75000
INE.PR.A.TO,20230525,13.45,13.45,13.35,13.35,400
INE.PR.C.TO,20230525,20.1,20.1,20.1,20.1,200
INO.UN.TO,20230525,3.45,3.45,3.35,3.4,68645
INOC.TO,20230525,13.02,13.02,13.02,13.02,0
IPCO.TO,20230525,11.5,11.66,11.33,11.43,100472
IPO.TO,20230525,2.54,2.55,2.49,2.49,65545
IQD.TO,20230525,31.01,31.11,31.01,31.11,1300
IQD.B.TO,20230525,27.24,27.24,27.24,27.24,200
ISIF.TO,20230525,10.78,10.78,10.78,10.78,0
ISV.TO,20230525,20.69,20.84,20.16,20.5,3230
ITE.TO,20230525,0.315,0.315,0.305,0.305,152721
ITH.TO,20230525,0.67,0.68,0.66,0.68,2500
IUAE.TO,20230525,19.88,19.88,19.88,19.88,0
IVN.TO,20230525,10.46,10.52,10.35,10.4,983088
IVQ.TO,20230525,1.08,1.08,1.08,1.08,7735
IVQ.DB.U.TO,20230525,80,80.09,80,80,17000
IVQ.DB.V.TO,20230525,87,87,85,85,37000
IVQ.U.TO,20230525,0.8,0.8,0.8,0.8,0
IWBE.TO,20230525,17.28,17.28,17.28,17.28,0
IXTE.TO,20230525,18.33,18.36,18.33,18.33,600
JAG.TO,20230525,2.13,2.13,2.11,2.11,33598
JAPN.TO,20230525,33.85,33.85,33.85,33.85,0
JAPN.B.TO,20230525,27.01,27.01,27.01,27.01,0
JFS.UN.TO,20230525,24.01,24.01,23.93,24.01,1500
JOY.TO,20230525,5.91,5.91,5.57,5.65,447470
JWEL.TO,20230525,30.95,31.26,30.9,31.01,36401
K.TO,20230525,6.59,6.59,6.31,6.37,3969637
KBL.TO,20230525,31.14,31.19,30.62,30.75,8198
KEC.TO,20230525,13.19,13.37,13.18,13.37,1904
KEG.UN.TO,20230525,15.4,15.51,15.4,15.51,1651
KEI.TO,20230525,4.71,4.83,4.7,4.79,7720
KEL.TO,20230525,5.69,5.75,5.5,5.5,218990
KEY.TO,20230525,30.47,30.65,30.1,30.4,780271
KILO.TO,20230525,29.14,29.2,29.13,29.14,14635
KILO.B.TO,20230525,31.55,31.6,31.55,31.57,413
KILO.U.TO,20230525,31.66,31.66,31.66,31.66,0
KITS.TO,20230525,4.46,4.48,4.35,4.44,7601
KLS.TO,20230525,0.345,0.345,0.345,0.345,0
KMP.UN.TO,20230525,17.33,17.38,17.21,17.24,186420
KNT.TO,20230525,6,6.11,5.95,5.97,483132
KPT.TO,20230525,10.22,10.47,10.22,10.45,19134
KRN.TO,20230525,0.215,0.215,0.215,0.215,1050
KRR.TO,20230525,4.61,4.66,4.52,4.52,248066
KSI.TO,20230525,2.61,2.73,2.61,2.73,6869
KXS.TO,20230525,179.69,184.92,179.69,184,32041
L.TO,20230525,120.14,120.64,119.03,119.72,348889
L.PR.B.TO,20230525,22.19,22.2,22.09,22.1,4925
LABS.TO,20230525,0.07,0.075,0.07,0.075,11132
LAC.TO,20230525,29.82,30.02,28.89,29.07,316515
LAM.TO,20230525,0.38,0.38,0.36,0.375,149291
LAS.A.TO,20230525,114.48,115.16,114.01,115.16,15416
LB.TO,20230525,30.31,30.54,30.22,30.33,62803
LB.PR.H.TO,20230525,15.6,15.61,15.41,15.41,1300
LBS.TO,20230525,8.62,8.65,8.54,8.61,64126
LBS.PR.A.TO,20230525,9.87,9.9,9.87,9.89,6530
LCFS.TO,20230525,7.73,7.87,7.5,7.5,7901
LCS.TO,20230525,5.8,5.81,5.73,5.8,18350
LCS.PR.A.TO,20230525,9.92,9.92,9.92,9.92,800
LEAD.TO,20230525,15.13,15.13,15.13,15.13,0
LEAD.B.TO,20230525,15.66,15.66,15.66,15.66,0
LEV.TO,20230525,2.71,2.71,2.62,2.65,111155
LEV.WT.TO,20230525,0.31,0.31,0.31,0.31,0
LEV.WT.A.TO,20230525,0.67,0.67,0.67,0.67,1500
LFE.TO,20230525,3.24,3.24,3.1,3.23,19911
LFE.PR.B.TO,20230525,10.18,10.18,10.08,10.11,24730
LGD.TO,20230525,0.495,0.495,0.46,0.46,1683338
LGO.TO,20230525,5.71,5.73,5.27,5.36,58838
LIF.TO,20230525,29.85,30.33,29.82,30.09,126464
LIFE.TO,20230525,21.4,21.4,21.07,21.2,8220
LIFE.B.TO,20230525,24.29,24.29,24.29,24.29,600
LIFE.U.TO,20230525,21.1,21.1,21.1,21.1,0
LIRC.TO,20230525,15.12,15.19,14.94,15.15,11821
LN.TO,20230525,0.42,0.48,0.42,0.48,16900
LNF.TO,20230525,20.5,20.67,20.29,20.29,4661
LNR.TO,20230525,63.91,64.64,63.13,63.38,86254
LPEN.TO,20230525,0.55,0.55,0.435,0.465,83083
LSPD.TO,20230525,18.19,18.2,17.24,17.25,905934
LSPK.TO,20230525,0.445,0.445,0.43,0.43,256000
LUC.TO,20230525,0.465,0.47,0.46,0.47,19125
LUG.TO,20230525,16.9,17.23,16.74,16.99,290566
LUN.TO,20230525,10.12,10.23,10.04,10.07,3175730
LYCT.TO,20230525,10.18,10.18,10.18,10.18,0
MAG.TO,20230525,15.73,15.81,15.53,15.65,286816
MAL.TO,20230525,7.7,7.71,7.35,7.43,8461
MARI.TO,20230525,3.51,3.53,3.45,3.49,14491
MAYB.F.TO,20230525,35.48,35.62,35.48,35.53,41100
MBAL.TO,20230525,21.04,21.05,21.04,21.05,13380
MBX.TO,20230525,0.4,0.4,0.4,0.4,3000
MCB.TO,20230525,1.46,1.46,1.42,1.42,8507
MCLC.TO,20230525,33.16,33.16,33.1,33.1,700
MCON.TO,20230525,19.52,19.52,19.52,19.52,0
MCSB.TO,20230525,18.92,18.92,18.92,18.92,0
MCSM.TO,20230525,35.85,35.85,35.85,35.85,120
MDA.TO,20230525,8.17,8.37,8.14,8.31,124659
MDI.TO,20230525,9.31,9.35,9.15,9.15,89617
MDIV.TO,20230525,13.19,13.19,13.19,13.19,0
MDNA.TO,20230525,0.75,0.75,0.7,0.72,23431
MDP.TO,20230525,1.24,1.3,1.22,1.24,7500
MDS.UN.TO,20230525,11.45,11.45,11.45,11.45,2500
MDVD.TO,20230525,22.31,22.39,22.31,22.39,2013
MDVD.U.TO,20230525,16.4,16.4,16.4,16.4,0
MEE.TO,20230525,23.61,23.61,23.54,23.54,4100
MEG.TO,20230525,21.07,21.43,20.76,20.97,1761425
MEME.B.TO,20230525,26.09,26.09,26.09,26.09,0
MEQ.TO,20230525,138.03,138.03,134.93,134.93,1722
MEU.TO,20230525,21.63,21.63,21.62,21.62,300
MFC.TO,20230525,24.98,25.3,24.86,25.19,5205465
MFC.PR.B.TO,20230525,18.52,18.55,18.3,18.3,4638
MFC.PR.C.TO,20230525,18.1,18.18,17.82,17.82,5299
MFC.PR.F.TO,20230525,11.85,11.85,11.85,11.85,100
MFC.PR.I.TO,20230525,22.1,22.1,21.8,21.8,625
MFC.PR.J.TO,20230525,21.7,21.7,21.39,21.39,9450
MFC.PR.K.TO,20230525,17.66,17.66,17.5,17.52,3600
MFC.PR.L.TO,20230525,15.92,16.16,15.8,15.8,1300
MFC.PR.M.TO,20230525,15.85,15.85,15.66,15.66,46200
MFC.PR.N.TO,20230525,15.59,15.59,15.4,15.4,3600
MFC.PR.P.TO,20230525,14.52,14.52,14.52,14.52,100
MFC.PR.Q.TO,20230525,20.63,20.63,20.45,20.52,9700
MFI.TO,20230525,25.53,25.58,25.24,25.41,81003
MFT.TO,20230525,17.26,17.3,17.26,17.29,23815
MG.TO,20230525,69.33,69.78,68.7,69.1,1033491
MGA.TO,20230525,0.185,0.185,0.16,0.175,432039
MGAB.TO,20230525,17.11,17.11,17.11,17.11,0
MGB.TO,20230525,16.37,16.46,16.37,16.46,5702
MGRW.TO,20230525,22.72,22.72,22.72,22.72,4300
MHC.U.TO,20230525,16.49,16.65,16.37,16.49,1120
MHC.UN.TO,20230525,22.47,22.47,22.47,22.47,0
MHCD.TO,20230525,10.92,10.92,10.85,10.86,813
MI.UN.TO,20230525,15.33,15.33,15.01,15.01,79522
MIC.PR.A.TO,20230525,20.96,20.96,20.96,20.96,0
MID.UN.TO,20230525,6.54,6.54,6.47,6.47,1800
MIN.TO,20230525,0.225,0.235,0.215,0.215,81146
MINF.TO,20230525,9.48,9.48,9.48,9.48,3511
MINN.TO,20230525,13.33,13.57,13.33,13.57,42494
MINT.TO,20230525,33.51,33.51,33.51,33.51,0
MINT.B.TO,20230525,29.81,29.81,29.81,29.81,0
MIVG.TO,20230525,28.59,28.59,28.59,28.59,0
MKB.TO,20230525,18.66,18.66,18.56,18.56,6664
MKC.TO,20230525,29.63,29.7,29.63,29.7,200
MKP.TO,20230525,16.05,16.28,16.05,16.2,8850
MKZ.UN.TO,20230525,0.52,0.52,0.52,0.52,0
MMP.UN.TO,20230525,1.95,1.98,1.91,1.94,6000
MND.TO,20230525,2.23,2.24,2.23,2.24,4400
MNO.TO,20230525,0.455,0.455,0.41,0.42,339943
MNS.TO,20230525,17.6,17.6,17.4,17.4,2046
MNT.TO,20230525,27,27,26.71,26.74,4561
MNT.U.TO,20230525,20,20,20,20,0
MNU.U.TO,20230525,100.37,100.37,100.37,100.37,0
MNY.TO,20230525,100.39,100.39,100.37,100.37,11951
MOGO.TO,20230525,1.06,1.09,1,1,207432
MPC.TO,20230525,5.93,5.93,5.93,5.93,0
MPC.C.TO,20230525,5.51,5.51,5.51,5.51,0
MPCT.DB.A.TO,20230525,85.1,85.1,85.1,85.1,90000
MPCT.UN.TO,20230525,2.4,2.44,2.38,2.44,85977
MPVD.TO,20230525,0.48,0.48,0.47,0.47,9500
MPY.TO,20230525,9.55,9.55,9.55,9.55,0
MR.DB.B.TO,20230525,89,89,89,89,31000
MR.UN.TO,20230525,4.71,4.74,4.61,4.67,7737
MRC.TO,20230525,102.3,102.73,102.25,102.26,5465
MRD.TO,20230525,11.33,11.33,11.16,11.18,850
MRE.TO,20230525,11.89,12.01,11.78,11.78,140501
MREL.TO,20230525,11.95,11.95,11.91,11.91,1292
MRG.DB.B.TO,20230525,98.01,98.01,98.01,98.01,0
MRG.UN.TO,20230525,17.13,17.19,16.8,16.83,23389
MRT.DB.A.TO,20230525,92.05,92.75,92.05,92.05,12000
MRT.UN.TO,20230525,5.4,5.4,5.4,5.4,38200
MRU.TO,20230525,73.6,74.02,73.34,73.42,799125
MSA.TO,20230525,0.63,0.63,0.63,0.63,8000
MSV.TO,20230525,0.205,0.205,0.2,0.2,5587
MTAV.TO,20230525,19.3,19.3,19.3,19.3,500
MTL.TO,20230525,15.52,15.6,15.39,15.52,175629
MTL.DB.TO,20230525,119.95,119.95,119.95,119.95,0
MTY.TO,20230525,57.63,58.67,57.19,58,34413
MUB.TO,20230525,18.05,18.05,18.02,18.05,13379
MULC.TO,20230525,39.6,39.6,39.6,39.6,0
MULC.B.TO,20230525,42.13,42.13,42.13,42.13,0
MUMC.TO,20230525,35.4,35.4,35.4,35.4,0
MUMC.B.TO,20230525,38.38,38.38,38.38,38.38,0
MUS.TO,20230525,31.68,31.85,31.68,31.85,1800
MUSA.TO,20230525,14.47,14.47,14.4,14.4,3300
MUSC.TO,20230525,27.54,27.54,27.54,27.54,0
MUX.TO,20230525,9.8,9.82,9.59,9.76,36575
MWD.TO,20230525,26.37,26.42,26.35,26.42,9366
MX.TO,20230525,56.79,57.69,55.59,55.99,123670
MXG.TO,20230525,3.65,3.7,3.34,3.5,38900
MXU.TO,20230525,21.46,21.46,21.38,21.38,600
NA.TO,20230525,99.01,99.7,98.57,99.24,1258479
NA.PR.C.TO,20230525,25.24,25.27,25.15,25.22,4679
NA.PR.E.TO,20230525,20.6,20.6,20.5,20.5,10499
NA.PR.G.TO,20230525,21.28,21.28,21.28,21.28,0
NA.PR.S.TO,20230525,16.82,16.83,16.7,16.74,2850
NA.PR.W.TO,20230525,16.35,16.35,16.01,16.05,3129
NALT.TO,20230525,23.35,23.47,23.17,23.23,2425
NANO.TO,20230525,2.82,2.82,2.7,2.71,44376
NCF.TO,20230525,0.035,0.035,0.035,0.035,0
NCP.TO,20230525,0.03,0.03,0.03,0.03,341300
NCU.TO,20230525,0.27,0.27,0.255,0.26,363251
NDIV.TO,20230525,29.2,29.2,29.2,29.2,0
NDM.TO,20230525,0.29,0.3,0.29,0.3,125846
NEO.TO,20230525,8.53,8.54,8.06,8.06,91290
NEXT.TO,20230525,1.98,1.99,1.92,1.96,8894
NFAM.TO,20230525,26,26,26,26,0
NFI.TO,20230525,9.19,9.19,8.84,8.9,111143
NFI.DB.TO,20230525,79.55,79.8,79.5,79.75,1219000
NG.TO,20230525,7.21,7.35,7.1,7.16,199423
NGD.TO,20230525,1.63,1.65,1.54,1.56,890245
NGPE.TO,20230525,32.77,32.77,32.77,32.77,0
NGT.TO,20230525,56.39,56.39,55.37,55.37,160016
NHYB.TO,20230525,20.5,20.5,20.5,20.5,0
NINT.TO,20230525,23.42,23.42,23.42,23.42,0
NOA.TO,20230525,25.41,25.41,24.8,24.91,32532
NOA.DB.A.TO,20230525,119.5,119.5,119.5,119.5,0
NOA.DB.B.TO,20230525,118.68,118.68,118.68,118.68,0
NOVB.F.TO,20230525,34.62,34.62,34.62,34.62,0
NOVC.TO,20230525,0.7,0.7,0.7,0.7,6000
NPI.TO,20230525,29.55,29.7,29.15,29.64,591258
NPI.PR.A.TO,20230525,15.61,15.62,15.61,15.62,619
NPI.PR.B.TO,20230525,17.27,17.27,17.27,17.27,300
NPK.TO,20230525,2.57,2.57,2.28,2.29,31010
NPRF.TO,20230525,18.95,19.01,18.88,18.89,8672
NREA.TO,20230525,19.38,19.38,19.38,19.38,153
NSCB.TO,20230525,21.81,21.81,21.81,21.81,0
NSCC.TO,20230525,21.12,21.12,21.1,21.1,401
NSCE.TO,20230525,34.55,34.55,34.55,34.55,588
NSGE.TO,20230525,33.78,33.78,33.78,33.78,149
NSSB.TO,20230525,9.54,9.54,9.54,9.54,193
NTR.TO,20230525,78,78.3,76.51,76.85,934037
NUAG.TO,20230525,3.09,3.17,3.06,3.15,129155
NUBF.TO,20230525,20.92,20.93,20.88,20.93,2178
NUMI.TO,20230525,0.155,0.16,0.15,0.155,234406
NUSA.TO,20230525,32.26,32.26,32.26,32.26,0
NVA.TO,20230525,11.41,11.42,11.12,11.2,452104
NVEI.TO,20230525,43.04,43.55,42.55,42.63,239705
NVO.TO,20230525,0.235,0.245,0.235,0.24,12636
NWC.TO,20230525,37.76,37.87,37.57,37.85,62991
NWH.DB.G.TO,20230525,98.74,98.74,98.49,98.49,37000
NWH.DB.H.TO,20230525,93.5,93.5,93,93,127000
NWH.DB.I.TO,20230525,99.75,99.9,99.7,99.75,282000
NWH.UN.TO,20230525,7.72,7.74,7.61,7.65,685364
NXE.TO,20230525,5.28,5.28,5.16,5.17,485196
NXF.TO,20230525,5.74,5.74,5.66,5.68,29470
NXF.B.TO,20230525,7.39,7.39,7.31,7.32,5500
NXF.U.TO,20230525,10.35,10.35,10.35,10.35,0
NXR.UN.TO,20230525,8.8,8.81,8.56,8.56,76147
NXTG.TO,20230525,8.61,8.61,8.61,8.61,0
OBE.TO,20230525,8.36,8.36,8.01,8.06,178705
OGC.TO,20230525,2.77,2.82,2.73,2.77,716462
OGD.TO,20230525,0.79,0.86,0.75,0.8,18000
OGI.TO,20230525,0.6,0.65,0.59,0.62,482472
OLA.TO,20230525,5.97,5.97,5.77,5.8,269416
OLY.TO,20230525,80.05,80.05,77.19,78.04,947
ONC.TO,20230525,2.91,3,2.74,2.93,110831
ONEB.TO,20230525,47.48,47.48,47.48,47.48,0
ONEC.TO,20230525,20.02,20.02,20.02,20.02,0
ONEQ.TO,20230525,32.7,32.7,32.7,32.7,100
ONEX.TO,20230525,60.98,61.91,60.65,61.59,231438
OPT.TO,20230525,10.31,10.8,10.31,10.8,1600
OR.TO,20230525,21.2,21.23,20.94,21.05,246497
ORA.TO,20230525,10.2,10.21,9.78,9.78,14677
ORE.TO,20230525,1.33,1.33,1.3,1.31,32279
ORV.TO,20230525,0.185,0.185,0.17,0.175,56500
OSK.TO,20230525,3.09,3.12,3.05,3.08,690543
OTEX.TO,20230525,54.87,56.25,54.87,55.55,709834
OVV.TO,20230525,48.3,48.51,46.74,46.93,186476
PAAS.TO,20230525,20.74,20.75,20.24,20.36,654433
PAY.TO,20230525,5.7,5.81,5.49,5.54,145817
PAYF.TO,20230525,17.82,17.82,17.8,17.8,357
PBD.TO,20230525,16.17,16.17,16.16,16.16,2800
PBH.TO,20230525,100.31,101.36,99.63,100.85,37701
PBH.DB.G.TO,20230525,97,97.5,96.52,96.52,76000
PBH.DB.H.TO,20230525,94.73,94.75,94.73,94.75,10000
PBH.DB.I.TO,20230525,96.5,96.5,95.55,96.17,83999
PBI.TO,20230525,30.88,30.88,30.88,30.88,0
PBI.B.TO,20230525,37.83,37.83,37.83,37.83,0
PBL.TO,20230525,23.45,23.72,23.44,23.5,2930
PBY.UN.TO,20230525,14.26,14.26,14.19,14.25,4300
PCON.TO,20230525,18.11,18.11,18.11,18.11,0
PCOR.TO,20230525,17.56,17.56,17.56,17.56,1850
PD.TO,20230525,62.87,62.87,61.08,62.05,54222
PDC.TO,20230525,30.07,30.07,29.88,29.89,1912
PDF.TO,20230525,29.45,29.48,29.45,29.48,500
PDIV.TO,20230525,9.95,9.95,9.89,9.9,3718
PDV.TO,20230525,5.39,5.39,5.39,5.39,0
PDV.PR.A.TO,20230525,10.05,10.05,10.05,10.05,500
PEA.TO,20230525,0.54,0.54,0.52,0.53,21582
PET.TO,20230525,33.54,33.6,33.14,33.29,62069
PEY.TO,20230525,11.68,11.68,11.34,11.35,573212
PFAA.TO,20230525,10.26,10.26,10.2,10.2,20400
PFAE.TO,20230525,15.31,15.31,15.31,15.31,0
PFH.F.TO,20230525,17.12,17.12,17.12,17.12,5200
PFIA.TO,20230525,9.62,9.63,9.6,9.6,11799
PFL.TO,20230525,19.74,19.75,19.73,19.73,41016
PFLS.TO,20230525,15.15,15.34,15.15,15.34,1547
PFMN.TO,20230525,13.69,13.69,13.53,13.56,161005
PFMS.TO,20230525,11.32,11.32,11.32,11.32,0
PFSS.TO,20230525,9.08,9.08,9.08,9.08,1000
PGI.UN.TO,20230525,7.33,7.33,7.27,7.29,3300
PHE.B.TO,20230525,32.08,32.08,32.08,32.08,300
PHR.TO,20230525,19.17,19.17,19.17,19.17,0
PHX.TO,20230525,6.32,6.32,6.1,6.15,34610
PHYS.TO,20230525,20.9,20.9,20.67,20.73,19680
PHYS.U.TO,20230525,15.23,15.23,15.23,15.23,100
PIC.A.TO,20230525,5.95,5.96,5.87,5.88,19447
PIC.PR.A.TO,20230525,13.41,13.41,13.21,13.21,5550
PID.TO,20230525,20.5,20.5,20.4,20.42,4040
PIF.TO,20230525,14.4,14.4,14.06,14.06,23208
PIN.TO,20230525,17.04,17.04,17.04,17.04,0
PINC.TO,20230525,18.26,18.26,18.26,18.26,0
PIX.UN.TO,20230525,8.53,8.56,8.53,8.55,7850
PKI.TO,20230525,33.96,34.25,33.29,33.62,279729
PLC.TO,20230525,24.96,25.48,24.96,25.07,55613
PLC.DB.TO,20230525,99,99,99,99,50000
PLDI.TO,20230525,18.53,18.53,18.53,18.53,0
PLV.TO,20230525,22.24,22.24,22.24,22.24,0
PLZ.UN.TO,20230525,4,4.02,3.98,3.99,25511
PMB.UN.TO,20230525,7,7,7,7,1000
PME.TO,20230525,2.43,2.43,2.38,2.4,6900
PMIF.TO,20230525,17.75,17.78,17.72,17.73,47010
PMIF.U.TO,20230525,18.7,18.7,18.69,18.69,15808
PMM.TO,20230525,19.89,19.89,19.89,19.89,200
PMNT.TO,20230525,19.07,19.07,19.07,19.07,0
PMT.TO,20230525,0.51,0.51,0.5,0.5,15550
PMZ.UN.TO,20230525,12.78,12.81,12.7,12.73,91267
PNC.A.TO,20230525,1.45,1.45,1.45,1.45,0
PNE.TO,20230525,1.45,1.45,1.34,1.35,729037
PNP.TO,20230525,3.92,3.92,3.56,3.56,2728
POU.TO,20230525,29.52,29.99,29.36,29.41,291214
POW.TO,20230525,35.18,35.4,35.09,35.2,1961195
POW.PR.A.TO,20230525,22.06,22.1,21.51,21.51,5849
POW.PR.B.TO,20230525,21.03,21.28,20.81,20.82,2700
POW.PR.C.TO,20230525,23.3,23.3,22.95,22.95,3900
POW.PR.D.TO,20230525,19.79,19.79,19.7,19.7,900
POW.PR.G.TO,20230525,21.89,21.89,21.53,21.53,4150
PPL.TO,20230525,41.9,41.9,41.31,41.65,2070425
PPL.PF.A.TO,20230525,22.18,22.18,21.75,21.83,6300
PPL.PF.B.TO,20230525,22,22,22,22,0
PPL.PF.E.TO,20230525,23.5,23.5,22.88,22.88,4800
PPL.PR.A.TO,20230525,16.57,16.74,16.51,16.51,1814
PPL.PR.C.TO,20230525,16.2,16.25,16.05,16.05,3800
PPL.PR.E.TO,20230525,17.02,17.02,16.69,16.69,4281
PPL.PR.G.TO,20230525,16.51,16.55,15.99,15.99,7638
PPL.PR.I.TO,20230525,18.56,18.56,18.15,18.15,13388
PPL.PR.O.TO,20230525,20.8,20.8,20.01,20.01,13050
PPL.PR.Q.TO,20230525,17.24,17.24,17.03,17.05,4700
PPL.PR.S.TO,20230525,20,20,19.5,19.75,2102
PPR.TO,20230525,0.09,0.09,0.075,0.08,316516
PPTA.TO,20230525,6.52,6.52,6.05,6.07,15801
PR.TO,20230525,7.93,7.93,7.93,7.93,100
PRA.TO,20230525,25.62,25.62,25.62,25.62,1201
PRB.TO,20230525,1.64,1.64,1.62,1.63,32600
PRL.TO,20230525,7.13,7.13,6.9,7.1,6943
PRM.TO,20230525,14.46,14.46,14.38,14.38,300
PRM.PR.A.TO,20230525,9.9,9.9,9.9,9.9,0
PRMW.TO,20230525,18.46,18.46,17.9,17.9,57202
PRN.TO,20230525,16.95,16.95,15.59,15.78,18882
PRQ.TO,20230525,1.59,1.61,1.58,1.61,14800
PRU.TO,20230525,1.66,1.66,1.64,1.64,7169
PRV.UN.TO,20230525,5.3,5.31,5.23,5.23,30348
PSA.TO,20230525,50.18,50.19,50.18,50.19,37941
PSB.TO,20230525,16.77,16.77,16.76,16.76,1819
PSD.TO,20230525,1.76,1.77,1.75,1.77,1975
PSI.TO,20230525,11.93,12.07,11.74,11.83,133613
PSK.TO,20230525,23,23.14,22.69,22.98,348660
PSLV.TO,20230525,10.87,10.88,10.72,10.72,61072
PSLV.U.TO,20230525,7.95,7.95,7.95,7.95,100
PSU.U.TO,20230525,100.39,100.4,100.39,100.4,4620
PTI.UN.TO,20230525,7.13,7.17,7.13,7.14,41350
PTM.TO,20230525,1.99,1.99,1.93,1.93,13294
PTO.UN.TO,20230525,7.52,7.57,7.5,7.52,13900
PVS.PR.F.TO,20230525,24.31,24.31,24.18,24.25,11200
PVS.PR.G.TO,20230525,23.75,23.75,23.7,23.75,1400
PVS.PR.H.TO,20230525,23.35,23.48,23.35,23.48,1000
PVS.PR.I.TO,20230525,23.9,23.96,23.9,23.95,1900
PVS.PR.J.TO,20230525,22,22,22,22,0
PVS.PR.K.TO,20230525,22.1,22.1,22.1,22.1,100
PWF.PF.A.TO,20230525,18.02,18.02,17.94,17.94,1059
PWF.PR.A.TO,20230525,12.92,12.92,12.92,12.92,1559
PWF.PR.E.TO,20230525,21.5,21.5,21.09,21.09,4609
PWF.PR.F.TO,20230525,20.78,20.78,20.38,20.38,1000
PWF.PR.G.TO,20230525,23.49,23.49,23,23,1800
PWF.PR.H.TO,20230525,22.47,22.47,22.24,22.24,800
PWF.PR.K.TO,20230525,19.29,19.29,19.29,19.29,100
PWF.PR.L.TO,20230525,20.25,20.25,19.9,19.9,400
PWF.PR.O.TO,20230525,22.75,23.17,22.35,22.35,6970
PWF.PR.P.TO,20230525,12.18,12.18,11.9,11.9,1075
PWF.PR.Q.TO,20230525,14.2,14.2,14.1,14.1,5500
PWF.PR.R.TO,20230525,21.51,21.53,21.09,21.09,3900
PWF.PR.S.TO,20230525,19.17,19.17,19,19,6100
PWF.PR.T.TO,20230525,17.14,17.2,17.11,17.12,810
PWF.PR.Z.TO,20230525,20.06,20.06,20.01,20.01,1300
PWI.TO,20230525,6.96,7,6.94,7,2800
PWI.PR.A.TO,20230525,9.35,9.35,9.35,9.35,0
PXC.TO,20230525,33.6,33.6,33.52,33.54,2411
PXS.TO,20230525,36.56,36.56,36.41,36.41,366
PXT.TO,20230525,27.58,27.83,27.22,27.35,474020
PXU.F.TO,20230525,49.77,49.77,49.77,49.77,0
PYF.TO,20230525,17.22,17.22,17.21,17.22,559
PYR.TO,20230525,0.94,0.94,0.91,0.92,57617
PZA.TO,20230525,14.36,14.58,14.31,14.53,26085
PZW.TO,20230525,29.23,29.23,29.23,29.23,300
PZW.F.TO,20230525,21.43,21.43,21.43,21.43,0
QAH.TO,20230525,137.21,137.47,137.21,137.47,300
QBB.TO,20230525,90.33,90.35,90.24,90.29,813
QBR.A.TO,20230525,33.05,33.05,32.55,32.55,315
QBR.B.TO,20230525,32.42,32.72,31.82,32.49,657853
QBTC.TO,20230525,37.62,38.18,37.53,38.18,3449
QBTC.U.TO,20230525,27.7,27.87,27.6,27.87,1230
QBTL.TO,20230525,19.27,19.3,19.26,19.3,6233
QCE.TO,20230525,119.43,119.86,119.43,119.86,800
QCLN.TO,20230525,21,21.11,21,21.11,546
QCN.TO,20230525,120.91,121.06,120.77,120.92,4188
QDX.TO,20230525,104.92,105.1,104.92,105.1,200
QDXB.TO,20230525,86.01,86.01,86.01,86.01,0
QEBH.TO,20230525,74.97,74.97,74.97,74.97,0
QEBL.TO,20230525,80.5,80.5,80.5,80.5,0
QEC.TO,20230525,0.22,0.22,0.22,0.22,1490
QEE.TO,20230525,83.78,83.78,83.78,83.78,0
QETH.U.TO,20230525,29.38,30.02,28.56,29.94,7141
QETH.UN.TO,20230525,40.43,40.94,38.91,40.85,4408
QHY.TO,20230525,81.33,81.33,81.33,81.33,0
QIE.TO,20230525,28.71,28.71,28.71,28.71,0
QINF.TO,20230525,112.34,112.34,111.38,111.92,1000
QQC.TO,20230525,22.56,22.72,22.54,22.67,5605
QQC.F.TO,20230525,112.01,112.8,111.82,112.6,4122
QQCC.TO,20230525,10.58,10.79,10.58,10.79,17852
QQCE.TO,20230525,18.96,19.08,18.96,19.08,200
QQCE.F.TO,20230525,16.88,16.88,16.88,16.88,0
QQEQ.TO,20230525,21.05,21.23,21.05,21.23,1600
QQJR.F.TO,20230525,15.28,15.28,15.28,15.28,0
QRC.TO,20230525,0.69,0.69,0.69,0.69,6000
QRET.TO,20230525,97.46,97.46,97.46,97.46,100
QSB.TO,20230525,95.09,95.09,95.09,95.09,0
QSP.UN.TO,20230525,98.79,98.79,98.79,98.79,100
QSR.TO,20230525,97.53,99.02,97.33,98.69,716451
QTRH.TO,20230525,1.22,1.23,1.18,1.2,126832
QTRH.DB.TO,20230525,85.02,85.02,85,85,230000
QUB.TO,20230525,81.65,81.65,81.53,81.53,600
QUIG.TO,20230525,85.47,85.47,85.47,85.47,0
QUS.TO,20230525,41.59,41.59,41.59,41.59,1000
QUU.TO,20230525,161.12,161.6,160.88,161.55,5817
QUU.U.TO,20230525,118.05,118.05,118.05,118.05,0
QXM.TO,20230525,25.78,25.93,25.78,25.93,452
RA.UN.TO,20230525,7.7,7.7,7.65,7.65,4350
RATE.TO,20230525,19.99,19.99,19.99,19.99,0
RAV.UN.TO,20230525,14.2,14.2,14.2,14.2,0
RAY.A.TO,20230525,5.59,5.75,5.59,5.67,10871
RAY.B.TO,20230525,5.63,5.63,5.63,5.63,0
RBA.TO,20230525,76.01,76.6,74.16,74.25,297886
RBN.UN.TO,20230525,7.43,7.43,7.43,7.43,7900
RBNK.TO,20230525,22.29,22.35,22.18,22.31,18005
RBO.TO,20230525,17.64,17.66,17.64,17.66,890
RBOT.TO,20230525,26.59,26.59,26.2,26.24,2364
RBOT.U.TO,20230525,19,19,19,19,0
RBY.TO,20230525,1.76,1.76,1.66,1.7,130133
RCD.TO,20230525,23.77,23.78,23.77,23.78,425
RCDC.TO,20230525,18.96,18.96,18.96,18.96,0
RCG.TO,20230525,12.16,12.16,12.01,12.01,9600
RCG.PR.B.TO,20230525,12.02,12.02,12,12,1000
RCH.TO,20230525,44.37,44.37,43.87,43.96,55854
RCI.A.TO,20230525,63.51,63.51,63.25,63.25,1844
RCI.B.TO,20230525,63.92,63.92,62.14,62.19,1056476
REAL.TO,20230525,5.27,5.27,5.13,5.21,125950
REI.UN.TO,20230525,20,20.1,19.88,19.91,298845
RGQQ.TO,20230525,19.46,19.46,19.46,19.46,500
RGQR.TO,20230525,19.39,19.39,19.39,19.39,502
RID.TO,20230525,22.8,22.8,22.8,22.8,1000
RIDH.TO,20230525,24.64,24.64,24.64,24.64,135
RIFI.TO,20230525,17.64,17.64,17.59,17.59,200
RIIN.TO,20230525,18.69,18.69,18.69,18.69,300
RIRA.TO,20230525,16.97,16.97,16.97,16.97,100
RIT.TO,20230525,15.91,15.99,15.9,15.92,13169
RLB.TO,20230525,17.8,17.83,17.8,17.8,1276
ROOT.TO,20230525,3,3.16,3,3.13,1525
RPD.TO,20230525,22.51,22.51,22.51,22.51,0
RPDH.TO,20230525,23.13,23.13,23.13,23.13,0
RPF.TO,20230525,17.32,17.32,17.18,17.18,5465
RPI.UN.TO,20230525,36.4,36.4,36,36,4688
RPSB.TO,20230525,19.33,19.33,19.33,19.33,113
RQL.TO,20230525,19.82,19.82,19.8,19.8,1800
RQN.TO,20230525,19.62,19.64,19.61,19.61,2363
RQO.TO,20230525,17.62,17.62,17.6,17.6,12380
RQP.TO,20230525,17.21,17.21,17.19,17.21,4354
RQQ.TO,20230525,20.64,20.64,20.61,20.61,6893
RQR.TO,20230525,20.71,20.71,20.71,20.71,0
RS.TO,20230525,14.39,14.39,14.21,14.28,4311
RS.PR.A.TO,20230525,9.44,9.44,9.4,9.4,16972
RSI.TO,20230525,5.93,5.94,5.86,5.88,95146
RSI.DB.E.TO,20230525,100,100,100,100,14000
RSI.DB.F.TO,20230525,96.67,96.67,96.65,96.65,20000
RTG.TO,20230525,0.055,0.055,0.05,0.05,50054
RUBH.TO,20230525,13.25,13.25,13.25,13.25,0
RUBY.TO,20230525,15.41,15.41,15.41,15.41,713
RUBY.U.TO,20230525,10.79,10.79,10.79,10.79,0
RUD.TO,20230525,49.05,49.37,49.05,49.37,1781
RUD.U.TO,20230525,36.77,36.77,36.77,36.77,0
RUDB.TO,20230525,19.92,19.92,19.92,19.92,0
RUDB.U.TO,20230525,14.84,14.84,14.84,14.84,0
RUDC.TO,20230525,19.83,19.83,19.83,19.83,0
RUDH.TO,20230525,34.8,34.8,34.8,34.8,0
RUP.TO,20230525,3.9,4,3.9,3.97,21452
RUS.TO,20230525,34.63,35.2,34.5,34.78,312607
RUSB.U.TO,20230525,14.85,14.85,14.85,14.85,0
RVX.TO,20230525,0.115,0.12,0.115,0.12,47217
RXD.TO,20230525,18.38,18.38,18.38,18.38,0
RY.TO,20230525,122.47,123.71,120.1,121.48,4354698
RY.PR.H.TO,20230525,16.52,16.6,16.52,16.55,17125
RY.PR.J.TO,20230525,17.45,17.45,17.18,17.18,9200
RY.PR.M.TO,20230525,16.66,16.75,16.56,16.56,3900
RY.PR.N.TO,20230525,21.46,21.46,21.44,21.45,4313
RY.PR.O.TO,20230525,21.45,21.45,21.4,21.45,4264
RY.PR.S.TO,20230525,19.26,19.29,19.25,19.25,5382
S.TO,20230525,0.51,0.51,0.49,0.5,384817
SAM.TO,20230525,0.155,0.155,0.155,0.155,0
SAP.TO,20230525,35.4,35.61,35.15,35.31,235911
SAU.TO,20230525,0.055,0.06,0.055,0.06,217055
SBC.TO,20230525,9.64,9.64,9.5,9.59,34623
SBC.PR.A.TO,20230525,9.67,9.72,9.65,9.72,11887
SBN.PR.A.TO,20230525,8.55,8.55,8.55,8.55,0
SBT.TO,20230525,12.6,12.6,12.6,12.6,0
SBT.B.TO,20230525,16.73,16.73,16.73,16.73,0
SCY.TO,20230525,0.05,0.06,0.05,0.055,46100
SDE.TO,20230525,15.25,15.27,15.06,15.12,403783
SEA.TO,20230525,18.12,18.39,18.05,18.16,41244
SEC.TO,20230525,319.49,319.49,319.49,319.49,0
SES.TO,20230525,6.03,6.06,5.95,5.99,570241
SFC.TO,20230525,4.93,4.93,4.93,4.93,1040
SFD.TO,20230525,0.175,0.195,0.175,0.195,9500
SFI.TO,20230525,0.315,0.315,0.3,0.305,33500
SFTC.TO,20230525,17.04,17.91,17.04,17.78,9393
SGLD.TO,20230525,0.165,0.165,0.165,0.165,5186
SGNL.TO,20230525,0.275,0.275,0.25,0.26,124500
SGR.U.TO,20230525,9.25,9.25,9.22,9.22,1600
SGR.UN.TO,20230525,12.88,12.88,12.55,12.61,122934
SGY.TO,20230525,7.93,7.98,7.76,7.79,258090
SHLE.TO,20230525,6,6,5.86,5.97,9076
SHOP.TO,20230525,81.08,81.16,78.35,78.67,2441795
SIA.TO,20230525,11.21,11.36,11.17,11.28,163369
SIH.UN.TO,20230525,9.86,9.93,9.85,9.93,2200
SII.TO,20230525,45.07,45.22,44.8,45.08,48782
SIL.TO,20230525,8.8,8.83,8.64,8.67,124592
SIS.TO,20230525,16.5,16.67,16.49,16.55,37997
SJ.TO,20230525,59.33,60.85,59.17,59.79,151767
SKE.TO,20230525,7.03,7.09,6.84,6.87,144052
SKYY.TO,20230525,15.39,15.39,15.39,15.39,0
SLF.TO,20230525,65.86,66.72,65.6,66.32,2659266
SLF.PR.C.TO,20230525,18.89,18.9,18.61,18.61,3713
SLF.PR.D.TO,20230525,18.73,18.73,18.39,18.47,4470
SLF.PR.E.TO,20230525,19.18,19.25,18.93,18.93,37082
SLF.PR.G.TO,20230525,12.34,12.4,12.31,12.31,1000
SLF.PR.H.TO,20230525,15.07,15.2,15.06,15.06,2700
SLF.PR.J.TO,20230525,14.39,14.49,14.31,14.31,3150
SLF.PR.K.TO,20230525,18.9,18.9,18.9,18.9,0
SLR.TO,20230525,0.8,0.8,0.8,0.8,24000
SLS.TO,20230525,5.61,5.64,5.5,5.57,131272
SMC.TO,20230525,0.045,0.045,0.045,0.045,0
SMT.TO,20230525,0.375,0.39,0.37,0.37,66982
SOLG.TO,20230525,0.275,0.28,0.275,0.28,79551
SOT.DB.TO,20230525,90.25,90.25,90.25,90.25,0
SOT.DB.A.TO,20230525,73.51,73.51,73.51,73.51,0
SOT.DB.B.TO,20230525,74.1,74.1,74.1,74.1,95000
SOT.UN.TO,20230525,2.07,2.07,2.04,2.05,131466
SOY.TO,20230525,9.69,9.84,9.5,9.77,48249
SPB.TO,20230525,10.16,10.27,10.06,10.1,264284
SPPP.TO,20230525,16.65,16.95,16.65,16.95,220
SPPP.U.TO,20230525,12.39,12.39,12.38,12.38,300
SRU.UN.TO,20230525,25.57,25.69,25.44,25.48,173933
SRV.UN.TO,20230525,16.99,16.99,16.41,16.99,4124
SSF.UN.TO,20230525,6.48,6.48,6.45,6.45,1200
SSL.TO,20230525,6.95,6.95,6.85,6.91,302266
SSRM.TO,20230525,20.56,20.56,20.06,20.08,198701
STC.TO,20230525,4.83,4.83,4.61,4.64,33505
STCK.TO,20230525,6.56,6.6,6.56,6.6,3637
STCK.WT.TO,20230525,0.025,0.025,0.025,0.025,1000
STEP.TO,20230525,3.16,3.16,3.07,3.12,68523
STGO.TO,20230525,0.98,0.98,0.91,0.92,97144
STLC.TO,20230525,42.22,43.5,42.22,42.89,110195
STN.TO,20230525,77.14,77.66,77.08,77.4,240971
STPL.TO,20230525,24,24,24,24,280
SU.TO,20230525,38.8,38.99,38.35,38.79,6727551
SVA.TO,20230525,0.86,0.88,0.86,0.87,56241
SVB.TO,20230525,0.2,0.2,0.195,0.195,6566
SVI.TO,20230525,6.02,6.09,6,6.06,224345
SVI.DB.TO,20230525,98.1,98.1,97.5,97.5,32000
SVI.DB.B.TO,20230525,97.75,97.75,97.75,97.75,0
SVI.DB.C.TO,20230525,97.08,97.08,97.08,97.08,5000
SVM.TO,20230525,4.56,4.56,4.4,4.43,177740
SVR.TO,20230525,11.28,11.28,11.2,11.2,384
SVR.C.TO,20230525,12.13,12.13,11.88,11.88,2551
SWP.TO,20230525,2.73,2.73,2.73,2.73,400
SXI.TO,20230525,1.84,1.84,1.7,1.7,1600
SXP.TO,20230525,5.57,5.6,5.53,5.55,18785
SYLD.TO,20230525,17.91,17.91,17.91,17.91,0
SYZ.TO,20230525,5.95,6.04,5.91,6.04,13119
T.TO,20230525,26.68,26.75,26.29,26.29,1581237
TA.TO,20230525,12.96,12.96,12.78,12.86,261977
TA.PR.D.TO,20230525,12.5,12.55,12.49,12.5,7300
TA.PR.E.TO,20230525,15.32,15.32,15.3,15.3,1800
TA.PR.F.TO,20230525,18.04,18.08,17.97,17.97,8008
TA.PR.G.TO,20230525,19.98,19.98,19.98,19.98,0
TA.PR.H.TO,20230525,21.1,21.3,20.8,21.03,12988
TA.PR.J.TO,20230525,19.25,19.25,19.01,19.01,2600
TAIG.TO,20230525,1.2,1.2,1.14,1.17,29426
TAIG.WT.TO,20230525,0.14,0.14,0.14,0.14,0
TAL.TO,20230525,0.78,0.78,0.77,0.78,284855
TBL.TO,20230525,2.68,2.71,2.62,2.71,26400
TBNK.TO,20230525,23.8,23.8,23.8,23.8,200
TC.TO,20230525,40.92,42.47,40.92,42.38,18437
TCBN.TO,20230525,47.55,47.55,47.55,47.55,0
TCL.A.TO,20230525,14.74,14.74,14.46,14.49,93893
TCL.B.TO,20230525,15,15,15,15,0
TCLB.TO,20230525,119.2,119.2,118.92,119.08,5751
TCLV.TO,20230525,19.4,19.4,19.36,19.37,7401
TCS.TO,20230525,25.6,25.99,25.5,25.99,3003
TCSB.TO,20230525,14.24,14.24,14.24,14.24,3456
TCW.TO,20230525,3.19,3.22,3.14,3.16,504135
TD.TO,20230525,80.29,80.46,77.77,77.78,10341010
TD.PF.A.TO,20230525,16.46,16.46,16.22,16.22,11500
TD.PF.B.TO,20230525,16.41,16.45,16.4,16.45,34500
TD.PF.C.TO,20230525,16.18,16.25,16.09,16.14,13700
TD.PF.D.TO,20230525,17.15,17.16,17.05,17.05,17800
TD.PF.E.TO,20230525,17.32,17.4,17.25,17.37,8001
TD.PF.I.TO,20230525,24.5,24.56,24.3,24.42,2050
TD.PF.J.TO,20230525,21.35,21.35,20.85,20.85,2800
TD.PF.M.TO,20230525,23.11,23.11,22.83,23.01,12258
TDB.TO,20230525,12.89,12.89,12.84,12.84,10601
TDOC.TO,20230525,17.2,17.29,17.15,17.28,4275
TEC.TO,20230525,26.86,27.04,26.72,26.97,42252
TEC.U.TO,20230525,20.04,20.04,20.04,20.04,0
TECH.TO,20230525,9.82,9.95,9.82,9.94,16480
TECH.B.TO,20230525,11.2,11.23,11.2,11.23,1884
TECH.U.TO,20230525,10.16,10.16,10.11,10.11,13400
TECI.TO,20230525,6.28,6.28,6.28,6.28,0
TECK.A.TO,20230525,52.56,52.74,51.25,51.25,3586
TECK.B.TO,20230525,52.73,53.01,51.01,51.13,1356461
TECX.TO,20230525,21.43,21.43,21.43,21.43,0
TERM.TO,20230525,9.1,9.1,9.09,9.09,14900
TF.TO,20230525,7.43,7.45,7.39,7.42,92496
TF.DB.C.TO,20230525,97.03,97.03,97.03,97.03,10000
TF.DB.D.TO,20230525,85.76,85.76,85.75,85.75,40000
TF.DB.E.TO,20230525,85,85,85,85,0
TFII.TO,20230525,144.06,146.93,143.73,146.53,142018
TFPM.TO,20230525,18.82,18.82,18.53,18.6,64189
TGED.TO,20230525,18.61,18.84,18.61,18.81,17800
TGED.U.TO,20230525,13.96,13.96,13.96,13.96,0
TGFI.TO,20230525,20.16,20.16,20.02,20.02,3072
TGGR.TO,20230525,20.74,20.98,20.74,20.98,1500
TGO.TO,20230525,2.23,2.63,2.23,2.5,26414
TGRE.TO,20230525,13.04,13.04,13.02,13.04,939
TH.TO,20230525,1.22,1.26,1.2,1.26,33601
The.TO,20230525,21.89,21.95,21.89,21.94,400
THNC.TO,20230525,2.2,2.24,2.2,2.24,6200
THU.TO,20230525,27.82,27.99,27.82,27.92,1200
TI.TO,20230525,0.46,0.46,0.46,0.46,6122
TIH.TO,20230525,107.68,108.54,106.46,106.6,104371
TILV.TO,20230525,14.98,14.98,14.98,14.98,0
TINF.TO,20230525,17.73,17.76,17.63,17.7,7627
TIPS.TO,20230525,30.09,30.09,30.09,30.09,0
TIPS.F.TO,20230525,29.3,29.3,29.3,29.3,1010
TIXT.TO,20230525,21.76,21.9,21.09,21.23,150864
TKO.TO,20230525,1.68,1.71,1.67,1.69,161439
TLF.TO,20230525,18.4,18.74,18.4,18.73,7140
TLF.U.TO,20230525,19.77,19.93,19.77,19.93,6700
TLG.TO,20230525,0.5,0.52,0.5,0.51,235916
TLO.TO,20230525,0.32,0.32,0.295,0.295,235135
TLRY.TO,20230525,3.27,3.3,3.17,3.18,475512
TLV.TO,20230525,28.55,28.58,28.55,28.58,1937
TMCC.TO,20230525,9.03,9.03,9.03,9.03,0
TMD.TO,20230525,0.205,0.21,0.205,0.21,58750
TMEC.TO,20230525,17.27,17.3,17.26,17.26,2269
TMEI.TO,20230525,15.38,15.4,15.38,15.4,2305
TMEU.TO,20230525,17.59,17.59,17.59,17.59,3900
TML.TO,20230525,0.28,0.28,0.27,0.27,38550
TMQ.TO,20230525,0.67,0.67,0.64,0.64,102985
TMUC.TO,20230525,8.54,8.54,8.54,8.54,0
TNT.UN.TO,20230525,2.61,2.62,2.58,2.6,286131
TNZ.TO,20230525,2.37,2.37,2.21,2.28,45900
TOT.TO,20230525,8.88,8.88,8.75,8.84,8622
TOU.TO,20230525,60.3,61.06,59.65,59.98,2152610
TOWR.TO,20230525,25.36,25.36,25.36,25.36,0
TOY.TO,20230525,35.19,35.68,34.79,34.93,23171
TPAY.TO,20230525,21.23,21.23,21.23,21.23,0
TPE.TO,20230525,19.68,19.68,19.6,19.66,1997
TPRF.TO,20230525,8.75,8.75,8.64,8.64,4322
TPU.TO,20230525,31.61,31.83,31.59,31.77,18545
TPU.U.TO,20230525,23.45,23.45,23.44,23.44,569
TPX.A.TO,20230525,86.5,86.5,86.5,86.5,0
TPX.B.TO,20230525,82.74,82.82,82.57,82.82,800
TPZ.TO,20230525,20.64,20.73,20.49,20.6,100474
TQCD.TO,20230525,15.21,15.21,15.1,15.11,18586
TQGD.TO,20230525,15.76,15.83,15.75,15.83,3595
TQGM.TO,20230525,15.55,15.56,15.53,15.53,11300
TQSM.TO,20230525,18.31,18.31,17.88,17.98,3860
TRI.TO,20230525,167.94,168.51,167.13,168,208372
TRI.PR.B.TO,20230525,13.23,13.23,13.23,13.23,0
TRP.TO,20230525,53.96,54.13,53.49,53.69,3739617
TRP.PR.A.TO,20230525,12.95,12.95,12.83,12.83,9601
TRP.PR.B.TO,20230525,10,10.1,9.86,9.87,5200
TRP.PR.C.TO,20230525,10.5,10.5,10.21,10.21,3700
TRP.PR.D.TO,20230525,14.86,14.86,14.51,14.55,28629
TRP.PR.E.TO,20230525,14.28,14.28,14,14,22127
TRP.PR.F.TO,20230525,14.73,14.74,14.53,14.65,2800
TRP.PR.G.TO,20230525,15.75,15.75,15.19,15.3,8100
TRP.PR.H.TO,20230525,13.01,13.01,12.94,12.94,7300
TRP.PR.I.TO,20230525,14.39,14.39,14.39,14.39,0
TRVI.TO,20230525,18.67,18.72,18.53,18.7,4100
TRVL.TO,20230525,19.79,19.89,19.79,19.89,1989
TRVL.U.TO,20230525,18.46,18.46,18.46,18.46,2000
TRZ.TO,20230525,3.71,3.82,3.69,3.82,111510
TSAT.TO,20230525,10,10,9.5,9.63,1120
TSK.TO,20230525,0.125,0.13,0.125,0.125,171000
TSL.TO,20230525,3.31,3.4,3.31,3.4,5364
TSU.TO,20230525,33.94,34.62,33.94,34.24,70726
TTNM.TO,20230525,2.57,2.65,2.54,2.57,58650
TTP.TO,20230525,22.59,22.6,22.49,22.54,9488
TUED.TO,20230525,19.39,19.48,19.39,19.48,200
TUED.U.TO,20230525,14.25,14.25,14.25,14.25,0
TUEX.TO,20230525,19.95,19.95,19.95,19.95,0
TUHY.TO,20230525,20.09,20.09,20.09,20.09,0
TULB.TO,20230525,121.45,121.45,121.45,121.45,200
TULV.TO,20230525,18.82,18.82,18.82,18.82,0
TUSB.TO,20230525,13.75,13.75,13.75,13.75,100
TUSB.U.TO,20230525,9.87,9.87,9.87,9.87,0
TVA.B.TO,20230525,1.64,1.64,1.54,1.54,300
TVE.TO,20230525,3.61,3.61,3.5,3.51,1288713
TVK.TO,20230525,27.8,27.8,27.3,27.73,11426
TWC.TO,20230525,17.9,17.9,17.9,17.9,0
TWM.TO,20230525,0.91,0.91,0.86,0.87,184344
TWM.DB.TO,20230525,96.1,96.1,96.1,96.1,0
TXF.TO,20230525,16.06,16.38,16.05,16.36,122196
TXF.B.TO,20230525,19.77,20.1,19.77,20.03,4826
TXF.U.TO,20230525,8.39,8.48,8.38,8.48,5700
TXG.TO,20230525,19.71,19.73,19.43,19.51,157009
TXP.TO,20230525,0.98,0.98,0.96,0.96,29382
TXT.PR.A.TO,20230525,11.21,11.21,11.21,11.21,0
TXT.UN.TO,20230525,2.15,2.15,2.15,2.15,0
U.U.TO,20230525,11.72,11.85,11.7,11.72,21500
U.UN.TO,20230525,15.94,16.14,15.94,16.03,369700
UBIL.U.TO,20230525,50.3,50.3,50.25,50.27,25000
UDA.TO,20230525,13.59,13.59,13.59,13.59,0
UDEF.TO,20230525,8.41,8.41,8.41,8.41,0
UDIV.TO,20230525,11.6,11.6,11.36,11.4,10729
UDIV.B.TO,20230525,11.92,11.92,11.91,11.91,700
ULV.C.TO,20230525,30.18,30.18,30.18,30.18,100
ULV.F.TO,20230525,44.41,44.41,44.31,44.31,203
ULV.U.TO,20230525,22.72,22.72,22.72,22.72,0
UMI.TO,20230525,26.66,26.66,26.66,26.66,100
UMI.B.TO,20230525,31.77,31.77,31.77,31.77,0
UNC.TO,20230525,102.5,102.5,101.82,102.05,1414
UNI.TO,20230525,1.75,1.75,1.75,1.75,0
URB.TO,20230525,4,4,4,4,0
URB.A.TO,20230525,3.86,3.86,3.67,3.67,500
URE.TO,20230525,1.26,1.26,1.25,1.26,6500
USA.TO,20230525,0.58,0.58,0.56,0.57,17230
USCC.TO,20230525,17.07,17.13,17.07,17.13,2370
USCC.U.TO,20230525,12.47,12.47,12.47,12.47,0
UTIL.TO,20230525,22.3,22.3,22.12,22.12,908
VA.TO,20230525,34.91,34.91,34.91,34.91,110
VAB.TO,20230525,22.45,22.45,22.34,22.34,48088
VALT.TO,20230525,24.6,24.6,24.43,24.44,25600
VALT.B.TO,20230525,26.38,26.38,26.38,26.38,700
VALT.U.TO,20230525,19.6,19.6,19.6,19.6,0
VBAL.TO,20230525,27.91,27.91,27.84,27.85,25985
VBNK.TO,20230525,9.03,9.04,8.96,8.96,3756
VBNK.PR.A.TO,20230525,9.65,9.65,9.65,9.65,0
VCB.TO,20230525,22.81,22.81,22.79,22.81,1901
VCE.TO,20230525,43.3,43.3,42.92,43.11,17463
VCIP.TO,20230525,24.4,24.4,24.37,24.37,2106
VCM.TO,20230525,17.31,18.7,17.31,18.52,30738
VCN.TO,20230525,40.36,40.36,40.03,40.15,65021
VCNS.TO,20230525,26.08,26.08,25.94,25.96,5317
VDU.TO,20230525,38.63,38.63,38.5,38.6,6973
VDY.TO,20230525,40.99,40.99,40.53,40.67,172080
VE.TO,20230525,32.1,32.1,31.99,32.07,1837
VEE.TO,20230525,32.17,32.22,32.07,32.13,16382
VEF.TO,20230525,49,49,48.83,48.95,1802
VEQT.TO,20230525,34.22,34.23,34.03,34.15,62445
VET.TO,20230525,16.09,16.11,15.52,15.61,901866
VFV.TO,20230525,100.4,100.79,100,100.58,285638
VGCX.TO,20230525,8.24,8.29,8.02,8.04,377588
VGG.TO,20230525,71.01,71.04,70.53,70.97,13301
VGH.TO,20230525,50.65,50.7,50.3,50.62,14311
VGRO.TO,20230525,29.85,29.85,29.72,29.79,81279
VGV.TO,20230525,22.03,22.03,21.98,21.98,19549
VGZ.TO,20230525,0.79,0.82,0.79,0.81,4077
VHI.TO,20230525,2.64,2.74,2.64,2.7,137659
VI.TO,20230525,34.31,34.36,34.23,34.36,7026
VIDY.TO,20230525,27.23,27.23,26.73,26.75,17572
VIU.TO,20230525,30.74,30.85,30.7,30.84,19829
VLB.TO,20230525,21.08,21.08,20.96,21.02,9965
VLE.TO,20230525,1.96,1.96,1.82,1.91,719372
VLN.TO,20230525,12.76,12.76,12.76,12.76,500
VMO.TO,20230525,43.66,43.96,43.64,43.92,2759
VNP.TO,20230525,3.15,3.18,3.05,3.1,135029
VPH.TO,20230525,0.435,0.435,0.415,0.425,26000
VQS.TO,20230525,0.33,0.33,0.3,0.32,57332
VRE.TO,20230525,29.11,29.11,28.97,28.97,6973
VRIF.TO,20230525,23.27,23.27,23.22,23.23,9172
VSB.TO,20230525,22.36,22.36,22.32,22.32,20987
VSC.TO,20230525,22.74,22.74,22.72,22.72,6980
VSP.TO,20230525,68.24,68.64,68.14,68.5,37932
VUN.TO,20230525,76,76.33,75.83,76.19,79373
VUS.TO,20230525,73.99,74.24,73.86,74.05,3488
VVL.TO,20230525,39.81,39.85,39.59,39.85,1001
VVO.TO,20230525,31.77,31.83,31.76,31.82,3700
VXC.TO,20230525,47.8,47.83,47.6,47.78,8026
VXM.TO,20230525,27.05,27.05,27.05,27.05,100
VXM.B.TO,20230525,25.7,25.73,25.7,25.73,702
WCN.TO,20230525,186.51,188.03,185.45,187.55,179810
WCP.TO,20230525,9.89,9.91,9.64,9.64,1759635
WDO.TO,20230525,7.87,7.91,7.69,7.74,365098
WEED.TO,20230525,1.42,1.42,1.19,1.21,2867789
WEF.TO,20230525,1.06,1.06,1.03,1.04,358154
WELL.TO,20230525,4.48,4.57,4.48,4.48,728719
WELL.DB.TO,20230525,89.75,89.75,89.75,89.75,0
WFC.TO,20230525,20,20,20,20,800
WFG.TO,20230525,98.22,99.07,96.91,97.26,126716
WFS.TO,20230525,1.04,1.04,1.04,1.04,100
WFS.PR.A.TO,20230525,9.05,9.05,9.05,9.05,1000
WILD.TO,20230525,1.9,2.02,1.9,1.98,111419
WILD.DB.TO,20230525,92.02,92.02,92.02,92.02,0
WJX.TO,20230525,22.6,23.3,22.6,23.25,30876
WJX.DB.TO,20230525,100.01,100.01,100.01,100.01,3000
WLLW.TO,20230525,0.14,0.145,0.135,0.135,166818
WM.TO,20230525,0.14,0.145,0.14,0.14,472995
WN.TO,20230525,165.73,165.73,163.37,164.49,126518
WN.PR.A.TO,20230525,23.5,23.5,23.28,23.31,1315
WN.PR.C.TO,20230525,20.52,20.6,20.4,20.41,4083
WN.PR.D.TO,20230525,20.55,20.56,20.35,20.35,2343
WN.PR.E.TO,20230525,19,19,19,19,1879
WNDR.TO,20230525,0.17,0.17,0.16,0.165,100022
WOMN.TO,20230525,28.2,28.25,28.2,28.25,200
WPK.TO,20230525,44.71,45.17,44.35,44.51,19980
WPM.TO,20230525,60.86,61.06,60.22,60.36,826970
WPRT.TO,20230525,0.95,0.96,0.9,0.95,22901
WRG.TO,20230525,2.57,2.61,2.57,2.61,400
WRN.TO,20230525,2.15,2.15,2.05,2.08,57900
WRX.TO,20230525,0.285,0.295,0.285,0.29,13500
WSP.TO,20230525,170.98,172.79,170.88,172.16,162184
WSRD.TO,20230525,26.84,26.85,26.75,26.83,7500
WSRI.TO,20230525,34.6,34.71,34.6,34.71,2903
WTE.TO,20230525,30.84,31.18,30.78,31.13,89181
WXM.TO,20230525,24.35,24.4,24.3,24.4,1321
X.TO,20230525,142.96,146.44,142.89,144.97,84167
XAGG.TO,20230525,36.38,36.38,36.38,36.38,0
XAGG.U.TO,20230525,26.88,26.88,26.88,26.88,0
XAGH.TO,20230525,33.4,33.4,33.4,33.4,200
XAM.TO,20230525,0.04,0.04,0.04,0.04,3222
XAU.TO,20230525,1.97,1.99,1.95,1.96,3500
XAW.TO,20230525,33.31,33.43,33.3,33.42,14555
XAW.U.TO,20230525,24.8,24.83,24.78,24.83,400
XBAL.TO,20230525,25.38,25.38,25.27,25.3,6337
XBB.TO,20230525,27.37,27.37,27.28,27.3,138634
XBM.TO,20230525,18.58,18.58,18.45,18.46,39070
XCB.TO,20230525,19,19,18.92,18.93,32900
XCBG.TO,20230525,35.53,35.53,35.53,35.53,0
XCD.TO,20230525,45.15,45.15,45.15,45.15,469
XCG.TO,20230525,43.22,43.33,43.22,43.26,1045
XCH.TO,20230525,17.32,17.32,17.13,17.15,11807
XCLN.TO,20230525,41.52,41.52,41.52,41.52,0
XCNS.TO,20230525,20.64,20.64,20.64,20.64,125
XCS.TO,20230525,17.57,17.57,17.43,17.43,643
XCSR.TO,20230525,57.44,57.52,57.44,57.51,2256
XCV.TO,20230525,31.57,31.57,31.34,31.34,2400
XDG.TO,20230525,22.64,22.73,22.61,22.73,57607
XDG.U.TO,20230525,16.82,16.82,16.82,16.82,0
XDGH.TO,20230525,23.21,23.21,23.21,23.21,0
XDIV.TO,20230525,24.85,24.85,24.72,24.77,32704
XDNA.TO,20230525,33.2,33.2,33.2,33.2,0
XDRV.TO,20230525,36.55,36.55,36.55,36.55,0
XDSR.TO,20230525,50.76,50.76,50.76,50.76,100
XDU.TO,20230525,24.96,25.11,24.96,25.05,4800
XDU.U.TO,20230525,18.82,18.82,18.82,18.82,0
XDUH.TO,20230525,23.05,23.08,23.05,23.08,2318
XDV.TO,20230525,27.38,27.4,27.27,27.32,17711
XEB.TO,20230525,14.92,14.92,14.92,14.92,300
XEC.TO,20230525,24.95,24.95,24.85,24.89,8197
XEC.U.TO,20230525,19.13,19.13,19.13,19.13,0
XEF.TO,20230525,33.66,33.69,33.6,33.67,150006
XEF.U.TO,20230525,24.69,24.69,24.69,24.69,200
XEG.TO,20230525,14.58,14.61,14.39,14.47,1548397
XEH.TO,20230525,29.76,29.76,29.76,29.76,0
XEI.TO,20230525,24.65,24.65,24.39,24.43,72866
XEM.TO,20230525,28.98,28.98,28.91,28.95,21017
XEMC.TO,20230525,40.47,40.47,40.47,40.47,0
XEN.TO,20230525,29.99,30.04,29.99,30.02,486
XEQT.TO,20230525,25.74,25.74,25.61,25.68,75496
XESG.TO,20230525,24.13,24.16,24.13,24.15,2011
XEU.TO,20230525,27.18,27.21,27.18,27.21,472
XEXP.TO,20230525,42.78,42.78,42.78,42.78,0
XFH.TO,20230525,27.86,27.96,27.86,27.95,12281
XFLB.TO,20230525,48.5,48.56,48.5,48.56,4000
XFN.TO,20230525,43.51,43.65,43.22,43.47,377200
XFR.TO,20230525,20.1,20.1,20.08,20.08,7777
XGB.TO,20230525,18.91,18.92,18.87,18.88,53207
XGD.TO,20230525,18.47,18.5,18.28,18.3,193603
XGI.TO,20230525,41.72,41.72,41.72,41.72,0
XGRO.TO,20230525,24.26,24.26,24.15,24.19,22872
XHAK.TO,20230525,34.91,34.91,34.91,34.91,0
XHB.TO,20230525,18.38,18.38,18.35,18.35,8400
XHC.TO,20230525,65.5,65.6,65.45,65.55,2046
XHD.TO,20230525,29.25,29.25,29.25,29.25,153
XHU.TO,20230525,27.16,27.16,27.07,27.16,922
XHY.TO,20230525,15.66,15.69,15.65,15.66,3652
XIC.TO,20230525,31.73,31.73,31.46,31.55,241490
XID.TO,20230525,44.26,44.26,44.26,44.26,162
XIG.TO,20230525,19.87,19.87,19.78,19.78,1429
XIGS.TO,20230525,36.53,36.53,36.53,36.53,0
XIN.TO,20230525,31.59,31.71,31.55,31.7,4183
XINC.TO,20230525,18.88,18.88,18.88,18.88,509
XIT.TO,20230525,44.52,44.56,44.19,44.38,7929
XIU.TO,20230525,30.12,30.15,29.88,29.99,3776591
XLB.TO,20230525,19.24,19.24,19.11,19.11,93570
XLVE.TO,20230525,9.58,9.58,9.58,9.58,0
XLY.TO,20230525,0.015,0.02,0.015,0.02,260380
XMA.TO,20230525,18.4,18.4,18.25,18.25,3026
XMC.TO,20230525,25.27,25.33,25.17,25.31,9673
XMD.TO,20230525,30.08,30.15,30.08,30.12,2462
XMF.PR.B.TO,20230525,4.81,4.81,4.81,4.81,0
XMF.PR.C.TO,20230525,1.42,1.42,1.42,1.42,0
XMH.TO,20230525,22.25,22.25,22,22.12,16202
XMI.TO,20230525,35.41,35.42,35.33,35.39,5700
XML.TO,20230525,24.63,24.63,24.62,24.62,900
XMM.TO,20230525,26.69,26.69,26.65,26.65,500
XMS.TO,20230525,30.11,30.27,30.11,30.27,700
XMTM.TO,20230525,23.25,23.25,23.25,23.25,0
XMU.TO,20230525,65.75,65.82,65.7,65.82,1993
XMU.U.TO,20230525,49.5,49.5,49.5,49.5,0
XMV.TO,20230525,37.82,37.89,37.76,37.83,800
XMW.TO,20230525,46.67,46.67,46.57,46.64,3003
XMY.TO,20230525,27.6,27.6,27.6,27.6,0
XPF.TO,20230525,13.54,13.54,13.52,13.52,1000
XQB.TO,20230525,18.35,18.35,18.3,18.3,3734
XQLT.TO,20230525,28.24,28.24,28.2,28.2,294
XQQ.TO,20230525,106.94,107.5,106.21,107.12,52478
XRB.TO,20230525,22.38,22.5,22.34,22.5,7850
XRE.TO,20230525,16.39,16.43,16.29,16.29,352065
XSAB.TO,20230525,17.55,17.55,17.55,17.55,4104
XSB.TO,20230525,25.68,25.68,25.64,25.66,22680
XSC.TO,20230525,17.39,17.39,17.39,17.39,100
XSE.TO,20230525,17.48,17.48,17.48,17.48,1102
XSEA.TO,20230525,23.19,23.26,23.19,23.26,3670
XSEM.TO,20230525,18.1,18.13,18.05,18.05,13400
XSH.TO,20230525,17.91,17.91,17.89,17.9,11558
XSHG.TO,20230525,36.93,36.93,36.93,36.93,0
XSHU.TO,20230525,39.63,39.63,39.63,39.63,0
XSHU.U.TO,20230525,29.46,29.46,29.46,29.46,0
XSI.TO,20230525,16.59,16.59,16.59,16.59,0
XSMC.TO,20230525,25.45,25.48,25.34,25.46,3072
XSMH.TO,20230525,23.59,23.59,23.4,23.5,8001
XSP.TO,20230525,44.09,44.25,43.86,44.09,429550
XST.TO,20230525,86.38,86.91,86.17,86.45,4893
XSTB.TO,20230525,18.78,18.8,18.77,18.77,35215
XSTH.TO,20230525,36.67,36.67,36.64,36.64,3059
XSTP.TO,20230525,40.34,40.34,40.31,40.31,421
XSTP.U.TO,20230525,29.43,29.43,29.43,29.43,100
XSU.TO,20230525,34.73,34.73,34.24,34.52,41803
XSUS.TO,20230525,30.05,30.18,30.05,30.15,5435
XTC.TO,20230525,7.86,7.9,7.83,7.83,6612
XTD.TO,20230525,4.38,4.38,4.22,4.25,18673
XTD.PR.A.TO,20230525,9.49,9.49,9.49,9.49,100
XTG.TO,20230525,0.8,0.8,0.8,0.8,0
XTLH.TO,20230525,38.21,38.21,38.1,38.1,303
XTLT.TO,20230525,38.78,38.78,38.78,38.78,0
XTLT.U.TO,20230525,29.25,29.25,29.25,29.25,0
XTR.TO,20230525,10.2,10.2,10.15,10.17,8859
XTRA.TO,20230525,1.1,1.17,1.09,1.16,530316
XUH.TO,20230525,34.83,35,34.83,34.92,3156
XUS.TO,20230525,70.33,70.6,70.07,70.46,318272
XUS.U.TO,20230525,52.23,52.51,52.12,52.38,22900
XUSR.TO,20230525,58.77,58.85,58.66,58.8,1026
XUT.TO,20230525,28.49,28.49,28.17,28.26,171872
XUU.TO,20230525,41.88,42.01,41.73,41.95,14254
XUU.U.TO,20230525,30.92,30.98,30.92,30.98,2300
XVLU.TO,20230525,22.61,22.61,22.61,22.61,0
XWD.TO,20230525,69.84,70.04,69.72,69.91,16109
Y.TO,20230525,12.5,12.5,12.39,12.39,847
YCM.TO,20230525,1.8,1.8,1.8,1.8,0
YCM.PR.A.TO,20230525,4.75,4.75,4.75,4.75,0
YCM.PR.B.TO,20230525,5.13,5.13,5.13,5.13,0
YGR.TO,20230525,1.75,1.75,1.71,1.72,107245
YRB.TO,20230525,0.06,0.06,0.06,0.06,4000
ZACE.TO,20230525,30.61,30.61,30.61,30.61,0
ZAG.TO,20230525,13.52,13.52,13.46,13.47,215013
ZBAL.TO,20230525,33.69,33.7,33.65,33.7,1314
ZBAL.T.TO,20230525,26.99,26.99,26.99,26.99,0
ZBBB.TO,20230525,26.94,26.94,26.94,26.94,100
ZBI.TO,20230525,27.36,27.36,27.36,27.36,0
ZBK.TO,20230525,21.71,21.72,21.47,21.62,41701
ZCB.TO,20230525,44.82,44.82,44.78,44.78,500
ZCDB.TO,20230525,28.11,28.11,28.11,28.11,150
ZCH.TO,20230525,14.48,14.48,14.25,14.25,13138
ZCLN.TO,20230525,19.5,19.5,19.5,19.5,175
ZCM.TO,20230525,14.55,14.55,14.52,14.53,10534
ZCN.TO,20230525,26.72,26.72,26.5,26.55,118815
ZCON.TO,20230525,31.37,31.37,31.37,31.37,284
ZCPB.TO,20230525,26.9,26.9,26.9,26.9,0
ZCS.TO,20230525,13.07,13.09,13.07,13.07,16872
ZCS.L.TO,20230525,21.91,21.91,21.91,21.91,0
ZDB.TO,20230525,14.4,14.4,14.39,14.39,3038
ZDH.TO,20230525,24,24.09,24,24.09,800
ZDI.TO,20230525,21.47,21.47,21.41,21.41,1551
ZDJ.TO,20230525,51.65,51.67,51.45,51.67,1694
ZDM.TO,20230525,25.7,25.79,25.7,25.79,1594
ZDV.TO,20230525,19.16,19.16,18.97,19.04,31177
ZDY.TO,20230525,35.72,35.72,35.46,35.65,3427
ZDY.U.TO,20230525,26.82,26.82,26.82,26.82,500
ZEA.TO,20230525,20.5,20.5,20.42,20.44,36689
ZEAT.TO,20230525,27.38,27.38,27.38,27.38,0
ZEB.TO,20230525,33.07,33.15,32.81,32.99,2257899
ZEF.TO,20230525,11.65,11.66,11.65,11.65,1491
ZEM.TO,20230525,18.85,18.88,18.75,18.77,17913
ZEO.TO,20230525,58.42,58.83,58.13,58.39,25676
ZEQ.TO,20230525,28.52,28.52,28.52,28.52,101
ZEQT.TO,20230525,39.23,39.36,39.23,39.34,1404
ZESG.TO,20230525,31.21,31.23,31.21,31.23,331
ZFC.TO,20230525,38.56,38.56,38.56,38.56,100
ZFH.TO,20230525,13.86,13.87,13.85,13.87,3406
ZFL.TO,20230525,13.29,13.29,13.22,13.23,71741
ZFM.TO,20230525,14.33,14.33,14.29,14.29,21700
ZFN.TO,20230525,38.38,38.57,38.38,38.57,5400
ZFS.TO,20230525,13.28,13.28,13.26,13.26,17444
ZFS.L.TO,20230525,20.46,20.46,20.46,20.46,225
ZGB.TO,20230525,44.7,44.72,44.64,44.64,500
ZGD.TO,20230525,76.28,76.28,75.44,75.44,522
ZGI.TO,20230525,41.08,41.37,41.08,41.28,1721
ZGQ.TO,20230525,48.99,49.53,48.99,49.53,4040
ZGRN.TO,20230525,29.68,29.68,29.68,29.68,0
ZGRO.TO,20230525,36.38,36.47,36.31,36.43,4304
ZGRO.T.TO,20230525,29.81,29.81,29.81,29.81,0
ZGSB.TO,20230525,25.62,25.62,25.62,25.62,0
ZHP.TO,20230525,16.51,16.51,16.51,16.51,0
ZHU.TO,20230525,41.23,41.23,41.23,41.23,0
ZHY.TO,20230525,10.68,10.72,10.68,10.71,7801
ZIC.TO,20230525,17.1,17.1,17.06,17.06,1351
ZIC.U.TO,20230525,12.77,12.77,12.77,12.77,0
ZID.TO,20230525,37.92,37.93,37.91,37.93,2536
ZIN.TO,20230525,35.05,35.19,35.05,35.14,7001
ZJG.TO,20230525,69.16,69.24,68.5,68.5,3467
ZJK.TO,20230525,17.15,17.19,17.15,17.19,801
ZJK.U.TO,20230525,16.41,16.41,16.41,16.41,0
ZJPN.TO,20230525,29.98,29.98,29.98,29.98,315
ZJPN.F.TO,20230525,35.07,35.07,35.07,35.07,0
ZLB.TO,20230525,41.74,41.74,41.52,41.57,35248
ZLC.TO,20230525,14.9,14.9,14.79,14.79,11168
ZLD.TO,20230525,25.63,25.63,25.63,25.63,0
ZLE.TO,20230525,17.02,17.02,17.02,17.02,0
ZLH.TO,20230525,31.26,31.26,30.91,30.94,2948
ZLI.TO,20230525,23.55,23.56,23.55,23.56,5543
ZLU.TO,20230525,46.91,46.91,46.49,46.7,16711
ZLU.U.TO,20230525,34.97,35.16,34.97,35.16,200
ZMBS.TO,20230525,28.71,28.71,28.71,28.71,0
ZMI.TO,20230525,15.58,15.58,15.55,15.55,5154
ZMI.U.TO,20230525,25.75,25.75,25.75,25.75,120
ZMID.TO,20230525,35.49,35.59,35.49,35.58,355
ZMID.F.TO,20230525,32.84,32.84,32.84,32.84,0
ZMID.U.TO,20230525,34.57,34.57,34.57,34.57,0
ZMMK.TO,20230525,50.07,50.08,50.07,50.08,79489
ZMP.TO,20230525,13.46,13.46,13.45,13.45,19062
ZMSB.TO,20230525,27.54,27.54,27.54,27.54,0
ZMT.TO,20230525,51.6,51.6,51.47,51.47,241
ZMU.TO,20230525,12.5,12.51,12.45,12.47,13597
ZNQ.TO,20230525,61.09,61.59,61.01,61.45,11160
ZNQ.U.TO,20230525,29.61,29.61,29.61,29.61,0
ZPAY.TO,20230525,29.45,29.7,29.45,29.7,15288
ZPAY.F.TO,20230525,27.69,27.71,27.66,27.71,400
ZPAY.U.TO,20230525,28.45,28.46,28.45,28.46,4268
ZPH.TO,20230525,14.24,14.28,14.24,14.28,500
ZPL.TO,20230525,12.53,12.53,12.49,12.51,29379
ZPR.TO,20230525,8.63,8.65,8.55,8.55,98597
ZPR.U.TO,20230525,14.43,14.43,14.43,14.43,0
ZPS.TO,20230525,11.97,11.97,11.97,11.97,5100
ZPS.L.TO,20230525,20.88,20.88,20.88,20.88,100
ZPW.TO,20230525,14.85,14.86,14.85,14.86,1250
ZPW.U.TO,20230525,14.97,14.97,14.97,14.97,0
ZQB.TO,20230525,27.47,27.47,27.47,27.47,0
ZQQ.TO,20230525,98.95,99.45,98.3,99.16,55634
ZRE.TO,20230525,21.39,21.39,21.25,21.27,3413
ZRR.TO,20230525,14.84,14.84,14.75,14.75,12070
ZSB.TO,20230525,46.46,46.46,46.46,46.46,381
ZSDB.TO,20230525,28.76,28.76,28.76,28.76,0
ZSML.TO,20230525,33.79,33.79,33.79,33.79,0
ZSML.F.TO,20230525,31.49,31.49,31.49,31.49,0
ZSP.TO,20230525,61.95,62.17,61.71,62.05,637830
ZSP.U.TO,20230525,45.56,45.62,45.38,45.55,4800
ZST.TO,20230525,48.71,48.72,48.71,48.71,6100
ZST.L.TO,20230525,55.59,55.6,55.59,55.6,1875
ZSU.TO,20230525,13,13,13,13,100
ZTIP.TO,20230525,31.09,31.09,31.09,31.09,0
ZTIP.F.TO,20230525,28.73,28.73,28.73,28.73,1810
ZTIP.U.TO,20230525,28.98,28.98,28.98,28.98,0
ZUAG.TO,20230525,30.04,30.04,30.04,30.04,100
ZUAG.F.TO,20230525,29.36,29.38,29.36,29.37,1615
ZUAG.U.TO,20230525,29.85,29.85,29.85,29.85,0
ZUB.TO,20230525,20.13,20.34,20.1,20.21,12161
ZUD.TO,20230525,25.05,25.11,24.92,25.07,4900
ZUE.TO,20230525,58.37,58.68,58.34,58.58,1970
ZUH.TO,20230525,67.83,67.83,67.02,67.51,1900
ZUP.TO,20230525,18.1,18.1,18.1,18.1,0
ZUP.U.TO,20230525,17.46,17.46,17.46,17.46,0
ZUQ.TO,20230525,58.05,58.6,58.05,58.54,3028
ZUQ.F.TO,20230525,36.77,37.11,36.77,37.11,948
ZUQ.U.TO,20230525,37.06,37.06,37.06,37.06,0
ZUS.U.TO,20230525,46.77,46.77,46.77,46.77,0
ZUS.V.TO,20230525,52.89,52.89,52.89,52.89,0
ZUT.TO,20230525,22.99,22.99,22.72,22.81,30600
ZVC.TO,20230525,24.9,24.9,24.75,24.83,551
ZVU.TO,20230525,24.49,24.49,24.49,24.49,0
ZWA.TO,20230525,23.25,23.39,23.25,23.36,582
ZWB.TO,20230525,17.53,17.57,17.4,17.5,311658
ZWB.U.TO,20230525,22.07,22.07,21.95,21.95,592
ZWC.TO,20230525,17.01,17.01,16.89,16.94,220025
ZWE.TO,20230525,19.7,19.8,19.68,19.68,8472
ZWEN.TO,20230525,26.79,27.02,26.79,27.02,935
ZWG.TO,20230525,28,28,27.92,27.92,2003
ZWH.TO,20230525,21.34,21.42,21.3,21.41,26563
ZWH.U.TO,20230525,21.52,21.61,21.52,21.61,1400
ZWHC.TO,20230525,28.66,28.66,28.66,28.66,0
ZWK.TO,20230525,17.48,17.54,17.35,17.52,62604
ZWP.TO,20230525,17.24,17.31,17.12,17.12,5640
ZWS.TO,20230525,18.79,18.88,18.79,18.85,4327
ZWT.TO,20230525,31.02,31.18,30.8,31.14,16548
ZWU.TO,20230525,11.11,11.11,10.95,10.98,549108
ZXM.TO,20230525,34.51,34.54,34.51,34.54,900
ZXM.B.TO,20230525,32.61,32.61,32.61,32.61,200
ZZZ.TO,20230525,26.02,26.26,25.87,26.17,40844
ZZZD.TO,20230525,28.22,28.22,28.22,28.22,0
