<ticker>,<date>,<open>,<high>,<low>,<close>,<vol>
AAB.TO,20230901,0.03,0.03,0.03,0.03,18674
AAV.TO,20230901,9.73,9.91,9.73,9.86,424439
ABX.TO,20230901,22.21,22.31,21.88,21.95,4330362
AC.TO,20230901,22.92,23.05,22.73,22.77,1076741
ACB.TO,20230901,0.69,0.7,0.64,0.65,1345482
ACD.TO,20230901,5.92,5.99,5.92,5.99,3063
ACO.X.TO,20230901,37.33,37.83,37.33,37.75,192525
ACQ.TO,20230901,27.09,27.22,26.84,27.1,39788
AD.DB.A.TO,20230901,94.25,94.25,93.65,93.65,6000
AD.UN.TO,20230901,15.36,15.57,15.35,15.39,104388
ADCO.TO,20230901,0.215,0.215,0.215,0.215,4000
ADEN.TO,20230901,33.61,34,32.01,33.76,22588
ADN.TO,20230901,18.45,18.5,18.35,18.49,7005
ADW.A.TO,20230901,4.26,4.27,4.2,4.22,7197
ADW.B.TO,20230901,5.35,5.41,5.35,5.41,658
AEG.TO,20230901,0.36,0.36,0.36,0.36,500
AEM.TO,20230901,66.34,66.63,65.44,65.46,797918
AEZS.TO,20230901,3.6,3.6,3.55,3.55,646
AFN.TO,20230901,59.38,60,58.64,60,43941
AFN.DB.F.TO,20230901,98.9,98.9,98.14,98.14,13000
AFN.DB.G.TO,20230901,99.88,99.88,99.88,99.88,5000
AFN.DB.H.TO,20230901,96.93,97,96.93,97,15000
AFN.DB.I.TO,20230901,142,142,140.23,142,91000
AGF.B.TO,20230901,7.92,7.96,7.84,7.92,26391
AGI.TO,20230901,17.54,17.61,16.83,16.86,429710
AI.TO,20230901,11.06,11.13,11.02,11.04,18958
AI.DB.E.TO,20230901,95,95,95,95,4000
AIF.TO,20230901,52.32,52.54,51.56,52.39,43701
AII.TO,20230901,0.5,0.5,0.49,0.5,78853
AIM.TO,20230901,3.26,3.26,3.12,3.18,5050
AKT.A.TO,20230901,1.84,1.98,1.84,1.93,70058
ALA.TO,20230901,26.63,27.36,26.63,27.23,996462
ALA.PR.A.TO,20230901,14.99,15.1,14.99,15.1,25800
ALA.PR.B.TO,20230901,17.87,17.87,17.35,17.35,900
ALA.PR.G.TO,20230901,17,17,16.83,16.85,2100
ALA.PR.H.TO,20230901,18.9,18.95,18.9,18.95,200
ALC.TO,20230901,15.19,15.29,15.17,15.26,5005
ALC.DB.A.TO,20230901,104,104,103.99,104,32000
ALS.TO,20230901,22,22.19,21.61,21.94,54885
ALYA.TO,20230901,2.41,2.41,2.33,2.33,10819
AMC.TO,20230901,2.8,2.82,2.74,2.74,54325
AND.TO,20230901,44,44,41.5,41.84,20280
AOI.TO,20230901,3.25,3.27,3.2,3.26,575516
AOT.TO,20230901,0.49,0.52,0.49,0.51,33050
AP.UN.TO,20230901,20.7,21.07,20.7,20.89,122995
APLI.TO,20230901,0.05,0.055,0.05,0.055,153000
APR.UN.TO,20230901,10.4,10.55,10.36,10.5,32304
APS.TO,20230901,5.4,5.4,5.4,5.4,304
AQN.TO,20230901,10.24,10.42,10.24,10.38,2544864
AQN.PR.A.TO,20230901,18.86,18.9,18.8,18.89,80500
AQN.PR.D.TO,20230901,18.87,18.87,18.61,18.8,2900
AR.TO,20230901,0.73,0.77,0.72,0.72,2429595
ARA.TO,20230901,0.4,0.4,0.38,0.385,17094
ARB.TO,20230901,26.08,26.13,26.08,26.13,200
ARE.TO,20230901,11.48,11.67,11.4,11.48,286953
ARG.TO,20230901,1.46,1.46,1.43,1.46,203603
ARIS.TO,20230901,3.18,3.19,3.09,3.1,178526
ARKG.TO,20230901,14.34,14.34,14.34,14.34,269
ARKK.TO,20230901,17.5,17.54,17.37,17.37,3037
ARR.TO,20230901,8.98,9.05,8.84,8.87,5429
ARX.TO,20230901,20.8,21.27,20.78,21.22,1931112
ASCU.TO,20230901,1.58,1.61,1.57,1.59,41288
ASM.TO,20230901,0.87,0.87,0.86,0.86,13012
ASTL.TO,20230901,10.37,10.54,10.18,10.33,45100
ASTL.WT.TO,20230901,1.8,1.8,1.59,1.59,1800
ATD.TO,20230901,71.01,72.56,70.92,72.39,2019291
ATH.TO,20230901,3.79,3.94,3.79,3.9,3960288
ATS.TO,20230901,60.74,61.27,59.71,61.27,116764
ATSX.TO,20230901,22.87,22.87,22.87,22.87,1600
ATZ.TO,20230901,25,25.17,24.63,24.79,285316
AUMN.TO,20230901,1.12,1.13,1.1,1.12,5296
AVCN.TO,20230901,0.41,0.44,0.405,0.44,66989
AVL.TO,20230901,0.135,0.14,0.13,0.13,254437
AVNT.TO,20230901,0.215,0.22,0.205,0.205,81295
AW.UN.TO,20230901,33.67,33.67,33.15,33.35,9207
AX.PR.E.TO,20230901,17.28,17.28,17.09,17.1,2000
AX.PR.I.TO,20230901,17.44,17.65,17.44,17.5,2775
AX.UN.TO,20230901,6.99,7.12,6.99,7.09,229477
AXIS.TO,20230901,0.12,0.12,0.12,0.12,2770
AYA.TO,20230901,8.27,8.36,8.06,8.11,104610
BABY.TO,20230901,0.44,0.44,0.425,0.435,131230
BABY.WT.A.TO,20230901,0.1,0.1,0.1,0.1,500
BAM.TO,20230901,47.15,47.87,46.96,47.46,433372
BANK.TO,20230901,7.2,7.26,7.2,7.25,8877
BASE.TO,20230901,26.32,26.36,26.31,26.36,671
BB.TO,20230901,7.6,7.82,7.5,7.62,1646167
BBD.A.TO,20230901,54.5,54.53,53.86,54.41,5271
BBD.B.TO,20230901,55.42,55.6,53.45,54.41,441520
BBD.PR.B.TO,20230901,16.65,16.78,16.6,16.78,2200
BBD.PR.C.TO,20230901,17.6,17.61,17.55,17.61,3445
BBU.UN.TO,20230901,20.62,20.88,20.49,20.71,18096
BBUC.TO,20230901,23.98,24.62,23.98,24.38,15463
BCE.TO,20230901,56.81,56.9,56.02,56.4,2883918
BCE.PR.A.TO,20230901,15.66,15.71,15.6,15.69,11444
BCE.PR.B.TO,20230901,17.88,17.9,17.85,17.85,6250
BCE.PR.C.TO,20230901,16.45,16.45,16.28,16.34,4520
BCE.PR.D.TO,20230901,17.75,17.83,17.7,17.75,2400
BCE.PR.E.TO,20230901,17.75,17.75,17.75,17.75,188
BCE.PR.F.TO,20230901,15.83,15.83,15.78,15.78,200
BCE.PR.I.TO,20230901,14.41,14.42,14.4,14.4,2000
BCE.PR.J.TO,20230901,17.88,17.88,17.75,17.75,900
BCE.PR.K.TO,20230901,13.6,13.9,13.6,13.64,28513
BCE.PR.M.TO,20230901,14.2,14.21,14.2,14.21,627
BCE.PR.N.TO,20230901,16.76,16.76,16.76,16.76,200
BCE.PR.Q.TO,20230901,21.35,21.45,21.24,21.26,3313
BCE.PR.R.TO,20230901,14.5,14.5,14.45,14.45,650
BCE.PR.Z.TO,20230901,17.34,17.34,16.77,17.04,1767
BCT.TO,20230901,9.9,9.9,9.39,9.39,2850
BDGI.TO,20230901,35.25,35.96,34.85,35.92,556272
BDI.TO,20230901,6.29,6.39,6.29,6.34,36119
BDIV.TO,20230901,17.95,17.97,17.95,17.97,965
BDT.TO,20230901,11,11,10.8,10.94,40770
BEI.UN.TO,20230901,68.33,69.48,67.98,68.89,80489
BEP.PR.G.TO,20230901,20.1,20.14,20,20.13,3300
BEP.PR.M.TO,20230901,17.64,17.99,17.64,17.87,7400
BEP.PR.R.TO,20230901,17.1,17.15,17.1,17.15,425
BEP.UN.TO,20230901,34.38,34.85,34.1,34.28,187387
BEPC.TO,20230901,37.98,38.25,37.47,37.61,170331
BEPR.TO,20230901,8.4,8.4,8.38,8.38,5500
BEPR.U.TO,20230901,8.71,8.72,8.71,8.72,400
BESG.TO,20230901,15.24,15.24,15.24,15.24,200
BGC.TO,20230901,28.65,28.65,28.65,28.65,350
BGI.UN.TO,20230901,4.31,4.31,4.25,4.27,92306
BGU.TO,20230901,37.77,37.77,37.77,37.77,200
BHC.TO,20230901,11.38,11.62,11.38,11.49,344047
BIK.PR.A.TO,20230901,21.15,21.62,21.15,21.62,900
BIP.PR.A.TO,20230901,16.5,16.75,16.3,16.3,1870
BIP.PR.B.TO,20230901,21.02,21.02,21.02,21.02,1234
BIP.PR.E.TO,20230901,20.53,20.6,20.5,20.6,2600
BIP.PR.F.TO,20230901,19.52,19.65,19.49,19.65,3100
BIP.UN.TO,20230901,43.39,44.06,43.39,43.83,428497
BIPC.TO,20230901,52.89,53.32,51.93,52.16,105909
BIR.TO,20230901,8.4,8.53,8.39,8.45,1221669
BITF.TO,20230901,1.86,1.87,1.76,1.77,1010441
BITI.TO,20230901,13.56,13.99,13.56,13.85,112119
BITI.U.TO,20230901,10.18,10.18,10.18,10.18,200
BK.TO,20230901,12.71,12.74,12.66,12.72,90470
BK.PR.A.TO,20230901,10,10,9.99,10,10700
BKCC.TO,20230901,14.04,14.13,14.04,14.13,15362
BKCL.TO,20230901,19.24,19.3,19,19.13,32567
BKI.TO,20230901,0.08,0.08,0.08,0.08,10001
BLB.UN.TO,20230901,7.72,7.72,7.72,7.72,1100
BLCO.TO,20230901,24.18,24.45,24.18,24.41,1100
BLDP.TO,20230901,5.74,5.86,5.71,5.75,467043
BLN.TO,20230901,3.74,3.75,3.59,3.73,9590
BLX.TO,20230901,32.84,33.04,32.1,32.59,323258
BMAX.TO,20230901,12.44,12.44,12.23,12.24,2910
BMO.TO,20230901,117.14,117.84,116.79,117.1,1571717
BMO.PR.E.TO,20230901,21.71,21.98,21.57,21.98,4400
BMO.PR.T.TO,20230901,16.55,16.6,16.55,16.59,1417
BMO.PR.W.TO,20230901,16.56,16.6,16.27,16.31,11900
BMO.PR.Y.TO,20230901,17.23,17.27,17.23,17.27,2400
BN.TO,20230901,46.51,47.47,46.32,47.19,1773884
BN.PF.A.TO,20230901,19.41,19.59,19.4,19.59,10599
BN.PF.B.TO,20230901,16.26,16.26,16.25,16.25,5200
BN.PF.C.TO,20230901,16.55,16.83,16.55,16.76,11380
BN.PF.D.TO,20230901,16.92,17.15,16.9,17.15,6400
BN.PF.E.TO,20230901,14.01,14.41,14.01,14.22,886
BN.PF.F.TO,20230901,15.82,15.82,15.69,15.69,390
BN.PF.G.TO,20230901,14.39,14.49,14.35,14.48,1300
BN.PF.H.TO,20230901,19.25,19.5,19.25,19.5,3927
BN.PF.I.TO,20230901,18.74,18.75,18.74,18.74,1184
BN.PF.J.TO,20230901,18.63,19,18.5,19,9800
BN.PF.K.TO,20230901,15.16,15.16,14.86,15,3400
BN.PR.B.TO,20230901,11.45,11.48,11.39,11.48,2300
BN.PR.C.TO,20230901,11.45,11.48,11.44,11.44,3700
BN.PR.K.TO,20230901,11.66,11.68,11.37,11.49,17200
BN.PR.M.TO,20230901,16.59,16.78,16.59,16.78,3402
BN.PR.N.TO,20230901,16.51,16.7,16.51,16.7,22200
BN.PR.R.TO,20230901,12.98,13,12.89,13,3197
BN.PR.T.TO,20230901,13.15,13.33,13.15,13.26,1500
BN.PR.X.TO,20230901,13.39,13.71,13.39,13.54,3036
BN.PR.Z.TO,20230901,17.66,17.92,17.66,17.92,2900
BNC.TO,20230901,23.86,23.87,23.86,23.87,200
BND.TO,20230901,16.97,16.97,16.97,16.97,1000
BNE.TO,20230901,7.29,7.65,7.29,7.64,135159
BNG.TO,20230901,0.04,0.04,0.04,0.04,3500
BNK.TO,20230901,10.11,10.11,10.11,10.11,100
BNRE.TO,20230901,47,47.73,47,47.39,6880
BNS.TO,20230901,64.62,65.55,64.59,65.48,3862107
BOS.TO,20230901,5.33,5.45,5.2,5.25,102601
BPF.UN.TO,20230901,16.22,16.3,16.14,16.14,33269
BPO.PR.A.TO,20230901,10.47,10.5,10.43,10.49,2250
BPO.PR.C.TO,20230901,15.3,15.3,15.05,15.05,2300
BPO.PR.E.TO,20230901,11.32,11.4,11.3,11.4,4200
BPO.PR.G.TO,20230901,13.64,13.64,13.58,13.58,4000
BPO.PR.I.TO,20230901,13.26,13.28,13.25,13.25,6646
BPO.PR.N.TO,20230901,9.21,9.24,9.1,9.1,3200
BPO.PR.P.TO,20230901,9.49,9.55,9.46,9.46,7702
BPO.PR.R.TO,20230901,9.8,9.86,9.8,9.86,4215
BPO.PR.T.TO,20230901,13.32,13.4,13.32,13.4,3600
BPO.PR.W.TO,20230901,9.11,9.11,9.11,9.11,400
BPO.PR.Y.TO,20230901,9.15,9.15,9.15,9.15,220
BPRF.TO,20230901,21.11,21.12,21.11,21.12,501
BPYP.PR.A.TO,20230901,20.7,21,20.7,20.86,1777
BRAG.TO,20230901,7.15,7.42,7.15,7.3,24783
BRE.TO,20230901,14.52,14.54,14.41,14.41,4311
BRF.PR.A.TO,20230901,14.35,14.35,14.15,14.29,3800
BRF.PR.C.TO,20230901,16.3,16.3,16.3,16.3,400
BRF.PR.E.TO,20230901,16.5,16.55,16.38,16.43,600
BRF.PR.F.TO,20230901,16.32,16.59,16.32,16.59,3300
BRMI.TO,20230901,1.9,1.9,1.9,1.9,507
BRY.TO,20230901,0.47,0.47,0.455,0.455,23499
BSKT.TO,20230901,8.28,8.28,8.19,8.19,7600
BSX.TO,20230901,0.06,0.065,0.06,0.065,20027
BTB.DB.G.TO,20230901,99,99,98.11,98.11,24000
BTB.DB.H.TO,20230901,99.02,99.02,99,99,39000
BTB.UN.TO,20230901,3.28,3.3,3.27,3.28,33369
BTCC.TO,20230901,5.01,5.01,4.87,4.93,195785
BTCC.B.TO,20230901,5.08,5.09,4.97,5.04,215583
BTCC.U.TO,20230901,4.78,4.78,4.64,4.68,37694
BTCQ.TO,20230901,5.75,5.75,5.6,5.67,33189
BTCQ.U.TO,20230901,4.2,4.2,4.17,4.17,2793
BTCX.B.TO,20230901,5.23,5.23,5.12,5.17,218761
BTCX.U.TO,20230901,4.89,4.89,4.77,4.79,22125
BTCY.TO,20230901,3.35,3.36,3.28,3.31,18105
BTCY.B.TO,20230901,3.82,3.82,3.76,3.78,4388
BTCY.U.TO,20230901,3.2,3.2,3.2,3.2,5005
BTE.TO,20230901,5.58,5.71,5.57,5.69,4119378
BTO.TO,20230901,4.23,4.29,4.2,4.2,2111894
BU.TO,20230901,0.12,0.14,0.12,0.14,102180
BUI.TO,20230901,2.62,2.62,2.62,2.62,100
BYD.TO,20230901,244.29,246.78,244.22,245.27,8155
BYL.TO,20230901,0.275,0.28,0.27,0.27,17694
CACB.TO,20230901,18.81,18.85,18.81,18.85,151707
CAE.TO,20230901,32.67,32.96,32.46,32.94,493462
CAFR.TO,20230901,19.71,19.71,19.71,19.71,14300
CALL.TO,20230901,10.65,10.78,10.65,10.73,6293
CAR.UN.TO,20230901,48.48,49.28,48.48,49.15,202475
CARS.TO,20230901,27.37,27.69,27.37,27.69,401
CAS.TO,20230901,12.71,12.9,12.63,12.77,222394
CASH.TO,20230901,50.04,50.04,50.02,50.02,183302
CBH.TO,20230901,16.84,16.84,16.82,16.82,2105
CBIL.TO,20230901,50.01,50.02,50.01,50.02,21668
CBNK.TO,20230901,6.84,6.84,6.84,6.84,803
CBO.TO,20230901,17.19,17.2,17.18,17.2,5310
CCA.TO,20230901,66.4,66.83,65.18,65.63,37916
CCBI.TO,20230901,17.32,17.32,17.32,17.32,619
CCL.B.TO,20230901,60.5,60.98,60.38,60.84,282944
CCO.TO,20230901,50.6,51.49,50.46,50.8,1033954
CCOM.TO,20230901,20.12,20.12,20.12,20.12,500
CCRE.TO,20230901,17.46,17.47,17.46,17.47,2000
CDIV.TO,20230901,12.64,12.7,12.64,12.69,10771
CDR.TO,20230901,1.15,1.2,1.14,1.18,25176
CDZ.TO,20230901,29.75,29.94,29.75,29.9,19297
CEE.TO,20230901,1.5,1.5,1.48,1.48,4200
CEF.TO,20230901,25.23,25.23,25.02,25.1,7719
CEF.U.TO,20230901,18.51,18.51,18.41,18.41,200
CEMI.TO,20230901,17.15,17.16,17.15,17.16,3400
CET.TO,20230901,0.89,0.94,0.89,0.91,2627159
CEU.TO,20230901,3.7,3.71,3.68,3.7,320775
CEW.TO,20230901,15.4,15.5,15.4,15.49,2529
CF.TO,20230901,8.54,8.57,8.37,8.37,88389
CF.PR.A.TO,20230901,12.51,12.51,12.51,12.51,600
CF.PR.C.TO,20230901,17.31,17.31,17.3,17.3,700
CFF.TO,20230901,1.16,1.16,1.08,1.1,100312
CFP.TO,20230901,20.74,20.89,20.19,20.28,116155
CFW.TO,20230901,6.04,6.15,5.93,6.01,32485
CFX.TO,20230901,2.02,2.04,2,2,3210
CG.TO,20230901,8.24,8.24,8,8,238390
CGBI.TO,20230901,17.16,17.16,17.16,17.16,2600
CGG.TO,20230901,5.71,5.71,5.66,5.68,5684
CGHY.TO,20230901,9.58,9.58,9.58,9.58,1000
CGI.TO,20230901,37.1,37.1,36.8,36.8,7229
CGIN.TO,20230901,20.03,20.04,20.01,20.01,4900
CGL.TO,20230901,15.63,15.63,15.57,15.57,27485
CGL.C.TO,20230901,22.39,22.43,22.36,22.43,4704
CGLO.TO,20230901,25.14,25.14,24.87,24.9,11301
CGO.TO,20230901,50,50.1,49.47,49.47,17816
CGR.TO,20230901,26.66,26.66,26.58,26.62,2069
CGRA.TO,20230901,20.38,20.38,20.38,20.38,1200
CGRE.TO,20230901,20.19,20.31,20.19,20.31,700
CGX.TO,20230901,8.55,8.64,8.35,8.44,248375
CGXF.TO,20230901,10.15,10.15,9.97,10,1653
CGY.TO,20230901,52.58,53.28,52.58,53.2,4893
CHE.DB.E.TO,20230901,99.3,99.3,99,99,45000
CHE.DB.G.TO,20230901,101,101,101,101,20999
CHE.DB.H.TO,20230901,99,99.78,98.01,99,135000
CHE.UN.TO,20230901,8.48,8.93,8.48,8.83,470987
CHNA.B.TO,20230901,21.94,21.94,21.94,21.94,362
CHP.UN.TO,20230901,13.23,13.41,13.15,13.28,211221
CHPS.TO,20230901,27.83,27.83,27.66,27.75,2481
CHR.TO,20230901,2.69,2.73,2.61,2.65,1080279
CHR.DB.C.TO,20230901,81.02,82.5,81.02,82.5,33000
CHW.TO,20230901,6.77,6.85,6.65,6.66,7125
CIA.TO,20230901,5.38,5.47,5.38,5.43,204085
CIBR.TO,20230901,37.34,37.35,37.34,37.35,200
CIC.TO,20230901,10.35,10.41,10.35,10.4,9190
CIEI.TO,20230901,21.13,21.13,21.13,21.13,12300
CIEM.TO,20230901,17.7,17.7,17.65,17.66,14346
CIF.TO,20230901,37.19,37.2,37.19,37.2,684
CIGI.TO,20230901,155.53,158.88,155.53,157.27,53214
CINF.TO,20230901,23.5,23.5,23.5,23.5,500
CINT.TO,20230901,21.24,21.24,21.23,21.24,2700
CIU.PR.A.TO,20230901,16.6,16.6,16.6,16.6,200
CIX.TO,20230901,17.36,17.6,17.33,17.48,243915
CJ.TO,20230901,7.29,7.45,7.29,7.39,1134004
CJR.B.TO,20230901,1.4,1.41,1.36,1.37,1156781
CJT.TO,20230901,96.45,100,95.74,99.05,119591
CJT.DB.E.TO,20230901,98.05,98.05,98.05,98.05,10000
CJT.DB.F.TO,20230901,94.4,94.4,94.4,94.4,20000
CKI.TO,20230901,13.85,14,13.76,13.76,2400
CLF.TO,20230901,16.55,16.55,16.53,16.53,5325
CLG.TO,20230901,16.46,16.47,16.46,16.47,6200
CLS.TO,20230901,31.93,32.48,31.42,31.96,278629
CM.TO,20230901,53.77,54.27,53.66,54.16,3521365
CM.PR.P.TO,20230901,16.18,16.41,16.18,16.4,4800
CM.PR.Q.TO,20230901,17.1,17.18,17.1,17.16,2000
CM.PR.S.TO,20230901,20.15,20.25,20.15,20.25,2300
CM.PR.Y.TO,20230901,23.41,23.41,23.25,23.4,3300
CMAG.TO,20230901,25.99,25.99,25.85,25.9,2763
CMCX.B.TO,20230901,7.29,7.29,7.29,7.29,1700
CMDO.TO,20230901,18.95,18.95,18.95,18.95,4300
CMDO.U.TO,20230901,19.04,19.05,19.04,19.05,3000
CMG.TO,20230901,8.68,8.96,8.67,8.9,178167
CMR.TO,20230901,50.03,50.06,50.02,50.04,32547
CNCC.TO,20230901,12.09,12.12,12.09,12.12,8218
CNCL.TO,20230901,19.82,19.89,19.82,19.89,901
CNE.TO,20230901,11.89,11.89,11.39,11.5,25355
CNQ.TO,20230901,88.4,88.79,88.2,88.33,6992367
CNR.TO,20230901,152.85,154.06,152.09,153.91,1905908
COPP.TO,20230901,29.18,29.18,29.18,29.18,100
COW.TO,20230901,64.74,65.15,64.74,65.15,2154
CP.TO,20230901,107.51,109.47,107.19,109.32,1249367
CPD.TO,20230901,10.13,10.19,10.12,10.19,60451
CPH.TO,20230901,3.96,4,3.96,3.97,5154
CPLF.TO,20230901,5.76,5.8,5.76,5.8,851
CPX.TO,20230901,40.81,41.25,40.68,41.02,120138
CPX.PR.C.TO,20230901,20.47,20.51,20.47,20.51,9000
CPX.PR.E.TO,20230901,19.8,19.8,19.75,19.75,600
CPX.PR.K.TO,20230901,22.52,22.8,22.5,22.75,4429
CR.TO,20230901,6.39,6.5,6.3,6.45,621912
CRDL.TO,20230901,1.5,1.5,1.34,1.35,121058
CRED.TO,20230901,18.89,18.89,18.89,18.89,3000
CRON.TO,20230901,2.8,2.88,2.66,2.67,337081
CROP.TO,20230901,17.39,17.41,17.33,17.33,4034
CROP.U.TO,20230901,19.4,19.43,19.4,19.43,1300
CRP.TO,20230901,2.27,2.27,2.27,2.27,10358
CRR.UN.TO,20230901,13.39,13.54,13.3,13.52,138390
CRRX.TO,20230901,2.05,2.05,2.01,2.01,2164
CRT.UN.TO,20230901,14.56,14.73,14.56,14.7,64564
CRWN.TO,20230901,7.85,7.85,7.85,7.85,1000
CS.TO,20230901,6.44,6.68,6.36,6.46,1094419
CSAV.TO,20230901,50.07,50.09,50.07,50.09,41550
CSBI.TO,20230901,19.71,19.71,19.71,19.71,400
CSH.UN.TO,20230901,10.3,10.56,10.3,10.54,287182
CSU.TO,20230901,2745.5,2859.57,2745.5,2847.35,27088
CSU.DB.TO,20230901,137,137,137,137,6000
CSW.A.TO,20230901,15.21,15.21,14.8,14.91,9733
CSW.B.TO,20230901,13.9,13.9,13.85,13.85,500
CTC.TO,20230901,288,288,273.73,273.73,300
CTC.A.TO,20230901,160.96,161.42,159,159.48,212853
CTF.UN.TO,20230901,3.2,3.2,3.14,3.14,7169
CTS.TO,20230901,2.87,2.87,2.83,2.84,336357
CTX.TO,20230901,0.64,0.68,0.64,0.68,16000
CU.TO,20230901,32.17,32.4,32.17,32.28,518538
CU.PR.C.TO,20230901,17.05,17.05,16.91,17.05,813
CU.PR.D.TO,20230901,17.99,18.01,17.99,18,1142
CU.PR.E.TO,20230901,17.88,17.9,17.88,17.88,2437
CU.PR.F.TO,20230901,16.48,16.48,16.46,16.46,1000
CU.PR.G.TO,20230901,16.49,16.5,16.49,16.49,13213
CU.PR.H.TO,20230901,19.2,19.2,19.2,19.2,421
CU.PR.I.TO,20230901,20.29,20.78,20.29,20.78,821
CU.PR.J.TO,20230901,17.15,17.43,17.15,17.43,5856
CUD.TO,20230901,49.46,49.46,49.46,49.46,335
CUEI.TO,20230901,24.24,24.27,24.24,24.27,6200
CVD.TO,20230901,16.38,16.56,16.38,16.56,1324
CVE.TO,20230901,27.3,27.55,27.26,27.41,4718901
CVE.PR.A.TO,20230901,12.25,12.29,12.24,12.29,1662
CVE.PR.C.TO,20230901,17.9,18,17.9,18,7972
CVE.PR.E.TO,20230901,18.68,18.8,18.68,18.75,3512
CVE.PR.G.TO,20230901,18.76,18.8,18.55,18.55,4620
CVE.WT.TO,20230901,20.5,21,20.5,20.84,7397
CVO.TO,20230901,11.65,11.81,11.38,11.73,140228
CWB.TO,20230901,27.25,29.39,27.25,29.3,1534759
CWB.PR.B.TO,20230901,16.7,16.8,16.7,16.79,6100
CWB.PR.D.TO,20230901,23.95,24,23.95,24,500
CWEB.TO,20230901,0.375,0.375,0.365,0.375,33935
CWL.TO,20230901,0.93,0.93,0.93,0.93,1051
CWW.TO,20230901,49.67,49.92,49.67,49.67,2295
CXB.TO,20230901,1.58,1.6,1.56,1.57,1128675
CXF.TO,20230901,9.45,9.5,9.45,9.49,12354
CXI.TO,20230901,24.15,24.15,23.75,24.15,892
CYB.TO,20230901,62,62.2,61.74,61.74,3125
CYBR.TO,20230901,38.92,38.93,38.74,38.74,1333
CYH.TO,20230901,19.03,19.04,19,19,2607
D.UN.TO,20230901,12.98,13.14,12.95,13.05,84620
DANC.TO,20230901,21.5,21.52,21.49,21.49,40710
DATA.TO,20230901,19.62,19.62,19.62,19.62,160
DBM.TO,20230901,7.77,7.94,7.75,7.76,282191
DBO.TO,20230901,0.11,0.11,0.105,0.105,10499
DCBO.TO,20230901,59.18,59.91,58.5,58.69,41567
DCM.TO,20230901,3.03,3.05,2.9,2.95,36282
DCS.TO,20230901,18.02,18.02,18.02,18.02,1100
DF.TO,20230901,3.51,3.59,3.49,3.57,23132
DF.PR.A.TO,20230901,9.59,9.65,9.59,9.62,1900
DFN.TO,20230901,5.11,5.11,5.05,5.09,221684
DFN.PR.A.TO,20230901,9.45,9.49,9.45,9.49,152900
DFY.TO,20230901,37.27,37.81,37.27,37.79,121943
DGR.TO,20230901,39.01,39.08,39.01,39.08,2400
DGR.B.TO,20230901,43.28,43.28,43.08,43.15,2101
DGRC.TO,20230901,35.45,35.55,35.45,35.55,463
DGS.TO,20230901,4.49,4.82,4.48,4.8,84168
DGS.PR.A.TO,20230901,9.79,9.8,9.65,9.75,106643
DHT.UN.TO,20230901,12.38,12.5,12.19,12.33,19472
DIAM.TO,20230901,0.09,0.09,0.09,0.09,77000
DII.B.TO,20230901,5.87,5.9,5.82,5.87,2614
DIR.UN.TO,20230901,13.81,14.01,13.81,13.95,361295
DISC.TO,20230901,34,34,33.77,33.8,1375
DIV.TO,20230901,2.87,2.87,2.82,2.84,610541
DLCG.TO,20230901,2,2.02,1.99,1.99,70001
DLR.TO,20230901,13.89,13.97,13.88,13.96,513254
DLR.U.TO,20230901,10.27,10.27,10.26,10.27,306896
DML.TO,20230901,1.92,1.98,1.92,1.92,1791454
DN.TO,20230901,0.05,0.05,0.045,0.045,87028
DND.TO,20230901,18.05,18.32,17.83,17.91,49797
DNG.TO,20230901,3.19,3.19,3.17,3.17,4800
DNTL.TO,20230901,6.71,6.91,6.71,6.9,95627
DOL.TO,20230901,87.84,88.85,87.45,88.57,484311
DOO.TO,20230901,104.32,107.52,104.28,106.18,175030
DPM.TO,20230901,8.87,8.87,8.59,8.62,303197
DR.TO,20230901,9.32,9.39,9.27,9.38,28276
DRFC.TO,20230901,25.66,25.66,25.66,25.66,210
DRFU.TO,20230901,27.53,27.53,27.53,27.53,100
DRM.TO,20230901,21.42,21.83,21.33,21.72,28219
DRMC.TO,20230901,25.62,25.7,25.62,25.66,1167
DRME.TO,20230901,16.24,16.3,16.23,16.3,2700
DRR.U.TO,20230901,7.5,7.54,7.26,7.26,20999
DRT.TO,20230901,0.44,0.45,0.425,0.43,80446
DRX.TO,20230901,4.26,4.29,4.18,4.27,14788
DS.TO,20230901,6.25,6.33,6.25,6.33,4036
DSG.TO,20230901,101.75,103.23,101.7,102.66,62114
DSV.TO,20230901,0.87,0.87,0.82,0.83,98830
DTOL.TO,20230901,8.17,8.17,8.01,8.01,1000
DXB.TO,20230901,17.9,17.9,17.88,17.89,4700
DXC.TO,20230901,32.98,33.3,32.98,33.26,21214
DXDB.TO,20230901,20.04,20.04,19.98,19.98,19100
DXG.TO,20230901,47.33,47.33,47.17,47.25,6197
DXIF.TO,20230901,19.5,19.5,19.49,19.49,3318
DXP.TO,20230901,18.15,18.35,18.13,18.26,15000
DXQ.TO,20230901,22.47,22.59,22.47,22.55,65384
DXR.TO,20230901,20.96,20.96,20.96,20.96,100
DXT.TO,20230901,5.71,5.8,5.7,5.79,27788
DXU.TO,20230901,44.67,44.83,44.66,44.83,9225
DXV.TO,20230901,19.7,19.72,19.7,19.71,3790
DYA.TO,20230901,0.18,0.19,0.18,0.19,7500
E.TO,20230901,0.44,0.44,0.44,0.44,38500
EAGR.TO,20230901,0.48,0.5,0.48,0.5,14938
EBIT.TO,20230901,12.9,12.9,12.6,12.76,21954
EBIT.U.TO,20230901,9.32,9.32,9.32,9.32,500
EBNK.TO,20230901,9.6,9.6,9.6,9.6,401
ECN.TO,20230901,2.65,2.65,2.58,2.62,182068
ECN.DB.A.TO,20230901,80.01,80.01,80.01,80.01,1000
ECN.DB.B.TO,20230901,77,77,77,77,1000
ECN.PR.C.TO,20230901,18.2,18.2,18.2,18.2,200
ECO.TO,20230901,4.22,4.4,4.22,4.38,18000
ECOR.TO,20230901,1.97,2,1.79,1.79,13600
EDR.TO,20230901,3.92,3.95,3.76,3.77,180673
EDT.TO,20230901,0.395,0.4,0.385,0.395,35000
EDV.TO,20230901,28.26,28.33,27.8,27.82,204668
EFN.TO,20230901,20.78,21.15,20.65,20.92,328913
EFN.PR.C.TO,20230901,24.48,24.49,24.48,24.49,200
EFR.TO,20230901,9.81,10.01,9.73,9.85,391348
EFX.TO,20230901,8.46,8.58,8.36,8.49,477010
EGIF.TO,20230901,20.3,20.3,20.3,20.3,100
EGLX.TO,20230901,0.53,0.56,0.53,0.55,32251
EIF.TO,20230901,48.3,48.68,48.19,48.34,72470
EIF.DB.J.TO,20230901,104.5,104.5,104.5,104.5,10000
EIF.DB.M.TO,20230901,96.25,96.25,96.25,96.25,10000
EIT.PR.A.TO,20230901,24.54,24.54,24.54,24.54,1100
EIT.PR.B.TO,20230901,24.38,24.38,24.38,24.38,1600
EIT.UN.TO,20230901,13,13.05,12.99,13.05,82160
ELD.TO,20230901,13,13.17,12.95,12.98,211860
ELEF.TO,20230901,0.245,0.255,0.245,0.255,25304
ELF.PR.F.TO,20230901,19.28,19.28,19.22,19.24,2200
ELF.PR.G.TO,20230901,17.47,17.47,17.47,17.47,200
ELF.PR.H.TO,20230901,20.15,20.15,20.05,20.05,2000
ELO.TO,20230901,2.5,2.6,2.3,2.38,315531
ELR.TO,20230901,0.105,0.105,0.105,0.105,10000
ELVA.TO,20230901,4.37,4.45,4.35,4.45,4215
EMA.TO,20230901,50.99,51.35,50.86,51.27,715622
EMA.PR.B.TO,20230901,15.71,15.75,15.71,15.75,619
EMA.PR.C.TO,20230901,19.59,19.65,19.53,19.53,8058
EMA.PR.E.TO,20230901,16.6,16.6,16.6,16.6,500
EMA.PR.H.TO,20230901,19.9,20.15,19.9,20.15,8915
EMA.PR.J.TO,20230901,18.15,18.25,18.1,18.1,18058
EMA.PR.L.TO,20230901,16.67,16.78,16.67,16.78,700
EMP.A.TO,20230901,35.27,35.41,35.04,35.24,249943
EMV.B.TO,20230901,26.07,26.07,26.07,26.07,2000
ENB.TO,20230901,47.85,48.52,47.84,48.3,5267996
ENB.PF.A.TO,20230901,14.88,14.88,14.87,14.87,1205
ENB.PF.C.TO,20230901,14.57,14.6,14.42,14.42,1644
ENB.PF.E.TO,20230901,13.79,13.79,13.79,13.79,781
ENB.PF.G.TO,20230901,13.71,13.77,13.71,13.71,1600
ENB.PF.K.TO,20230901,18.5,18.7,18.45,18.7,2917
ENB.PF.U.TO,20230901,18.45,18.52,18.3,18.49,4604
ENB.PF.V.TO,20230901,19.46,19.46,19.46,19.46,100
ENB.PR.A.TO,20230901,20.65,20.65,20.65,20.65,892
ENB.PR.B.TO,20230901,15.17,15.23,15.1,15.23,12346
ENB.PR.D.TO,20230901,15.5,15.57,15.5,15.55,9904
ENB.PR.F.TO,20230901,15.92,15.92,15.87,15.92,9538
ENB.PR.H.TO,20230901,17.17,17.5,17.03,17.5,11411
ENB.PR.J.TO,20230901,16.15,16.16,16.1,16.16,15404
ENB.PR.N.TO,20230901,17.9,17.9,17.78,17.86,5386
ENB.PR.P.TO,20230901,16.01,16.09,16,16.09,7783
ENB.PR.T.TO,20230901,15.46,15.5,15.43,15.5,102935
ENB.PR.V.TO,20230901,20.6,20.6,20.6,20.6,307
ENB.PR.Y.TO,20230901,14.56,14.7,14.56,14.7,2900
ENCC.TO,20230901,11.24,11.32,11.24,11.31,141746
ENGH.TO,20230901,30.77,31.06,29.86,30.7,100850
ENS.TO,20230901,13.61,13.74,13.55,13.68,29270
ENS.PR.A.TO,20230901,9.92,9.92,9.92,9.92,110
EPRX.TO,20230901,7.96,8.09,7.96,7.96,8413
EQB.TO,20230901,77.9,79.53,77.9,79.17,74871
EQB.PR.C.TO,20230901,22.75,22.75,22.56,22.56,1100
EQL.TO,20230901,31.05,31.17,31.05,31.15,18211
EQL.F.TO,20230901,27.14,27.16,27,27.06,4025
EQL.U.TO,20230901,23,23,22.89,22.91,900
EQX.TO,20230901,6.91,6.96,6.67,6.7,238315
ERD.TO,20230901,0.31,0.315,0.305,0.315,33500
ERE.UN.TO,20230901,2.55,2.56,2.52,2.55,63472
ERO.TO,20230901,28.37,28.46,27.35,27.69,354809
ESG.TO,20230901,32.62,32.62,32.57,32.58,1159
ESGA.TO,20230901,32.45,32.57,32.45,32.57,533
ESGE.TO,20230901,31.11,31.11,31.1,31.11,6065
ESI.TO,20230901,3.17,3.25,3.16,3.19,516740
ESM.TO,20230901,0.045,0.045,0.035,0.035,1323999
ESPX.TO,20230901,21.68,21.68,21.68,21.68,146
ESPX.B.TO,20230901,22.09,22.1,22.08,22.1,8200
ET.TO,20230901,12.95,13.06,12.76,12.87,10576
ETC.TO,20230901,6,6,5.95,5.95,520
ETC.U.TO,20230901,5.55,5.55,5.55,5.55,1500
ETG.TO,20230901,1.35,1.38,1.35,1.38,20035
ETHH.TO,20230901,6.74,6.74,6.57,6.71,13515
ETHH.B.TO,20230901,7.79,7.8,7.62,7.7,37263
ETHH.U.TO,20230901,7.17,7.17,7,7.08,8320
ETHI.TO,20230901,44.14,44.14,44.12,44.12,1585
ETHQ.TO,20230901,8.82,8.82,8.64,8.69,1410
ETHQ.U.TO,20230901,6.45,6.45,6.39,6.39,700
ETHR.TO,20230901,7.75,7.75,7.6,7.63,5386
ETHX.B.TO,20230901,8.02,8.04,7.85,7.93,78071
ETHX.U.TO,20230901,7.4,7.4,7.22,7.26,28716
ETHY.TO,20230901,2.72,2.72,2.58,2.59,19996
ETHY.B.TO,20230901,3.22,3.23,3.18,3.19,9869
ETHY.U.TO,20230901,2.65,2.65,2.5,2.5,4336
ETSX.TO,20230901,19.51,19.62,19.5,19.6,30404
EXE.TO,20230901,6.48,6.49,6.42,6.45,89610
EXE.DB.C.TO,20230901,95.8,95.8,95.8,95.8,29000
EXN.TO,20230901,0.085,0.085,0.08,0.08,16050
EXRO.TO,20230901,2.12,2.24,2.1,2.22,207444
EXRO.WT.TO,20230901,1.08,1.08,1.08,1.08,700
FANS.TO,20230901,0.055,0.055,0.05,0.05,85000
FAP.TO,20230901,2.56,2.58,2.55,2.55,7487
FAR.TO,20230901,1.84,1.9,1.8,1.9,48360
FBGO.TO,20230901,17.37,17.38,17.37,17.38,1500
FBTC.TO,20230901,11.77,11.78,11.6,11.68,4726
FC.TO,20230901,10.7,10.76,10.57,10.6,20933
FC.DB.J.TO,20230901,94,94,94,94,1000
FC.DB.L.TO,20230901,84,84,84,84,18000
FCCD.TO,20230901,26.71,26.9,26.71,26.86,7077
FCCV.TO,20230901,13.55,13.62,13.55,13.59,5981
FCD.UN.TO,20230901,5.13,5.27,5.1,5.25,64301
FCID.TO,20230901,24.1,24.1,24.1,24.1,100
FCII.TO,20230901,20.09,20.09,20.09,20.09,754
FCIQ.TO,20230901,33.67,33.81,33.32,33.36,1025
FCIV.TO,20230901,31.5,31.5,31.29,31.44,5179
FCMI.TO,20230901,11.88,11.88,11.88,11.88,400
FCQH.TO,20230901,45.62,45.62,45.62,45.62,100
FCR.UN.TO,20230901,13.85,14.12,13.79,14.05,370675
FCRR.TO,20230901,34.34,34.34,34.34,34.34,600
FCU.TO,20230901,0.75,0.78,0.75,0.76,897016
FCUD.TO,20230901,31.16,31.16,31.07,31.11,6869
FCUH.TO,20230901,28.08,28.08,27.9,27.9,500
FCUQ.TO,20230901,48.65,48.76,48.65,48.76,569
FCUV.TO,20230901,14.58,14.58,14.53,14.54,14319
FCVH.TO,20230901,13.98,13.98,13.98,13.98,1588
FDL.TO,20230901,29.51,29.51,29.47,29.47,4900
FDY.TO,20230901,0.73,0.74,0.73,0.74,37291
FEC.TO,20230901,10.48,10.87,10.4,10.68,69889
FF.TO,20230901,0.14,0.145,0.14,0.14,332462
FFH.TO,20230901,1115.03,1134.82,1115.03,1125.02,22104
FFH.PR.C.TO,20230901,17.65,17.75,17.62,17.75,1900
FFH.PR.D.TO,20230901,19.4,19.4,19.4,19.4,400
FFH.PR.E.TO,20230901,14.01,14.01,14.01,14.01,400
FFH.PR.F.TO,20230901,16.8,16.8,16.8,16.8,2400
FFH.PR.H.TO,20230901,16.85,17,16.6,17,9700
FFH.PR.I.TO,20230901,15.15,15.2,15.15,15.2,1800
FFH.PR.J.TO,20230901,17.9,17.9,17.75,17.75,300
FFH.PR.K.TO,20230901,17.65,17.66,17.65,17.65,600
FFH.PR.M.TO,20230901,19.96,19.96,19.96,19.96,175
FFN.TO,20230901,3.35,3.45,3.35,3.43,79154
FFN.PR.A.TO,20230901,9.7,9.73,9.69,9.71,20817
FGO.TO,20230901,9.81,9.83,9.81,9.83,8579
FGO.U.TO,20230901,9.93,9.93,9.93,9.93,8100
FHI.TO,20230901,11.57,11.57,11.56,11.56,7200
FHIS.TO,20230901,20.27,20.29,20.27,20.29,7394
FHQ.TO,20230901,75.16,75.88,75.16,75.87,1263
FIE.TO,20230901,6.5,6.55,6.5,6.54,64183
FIG.TO,20230901,9.02,9.02,8.99,8.99,26907
FIH.U.TO,20230901,13.47,13.5,13.39,13.48,24525
FIL.TO,20230901,21.46,22.59,21.3,22.23,246464
FLGA.TO,20230901,18.46,18.46,18.43,18.43,600
FLGD.TO,20230901,23.64,23.65,23.64,23.65,4000
FLI.TO,20230901,9.75,9.78,9.73,9.77,9801
FLNT.TO,20230901,0.025,0.03,0.025,0.03,15000
FLOW.TO,20230901,0.33,0.34,0.325,0.34,7533
FLUS.TO,20230901,35.77,35.77,35.77,35.77,5600
FLX.TO,20230901,6.84,6.84,6.84,6.84,900
FM.TO,20230901,36.87,37.23,36.52,37.09,1757309
FN.TO,20230901,37.54,38.07,37.5,37.95,14197
FN.PR.A.TO,20230901,10.7,10.8,10.7,10.8,1600
FN.PR.B.TO,20230901,13.44,13.44,13.4,13.4,600
FNV.TO,20230901,196.85,198,194.96,195.21,261622
FOM.TO,20230901,3.83,3.87,3.8,3.83,112216
FOOD.TO,20230901,0.42,0.42,0.41,0.41,37514
FOOD.DB.TO,20230901,45,45,45,45,5000
FORA.TO,20230901,5.79,6.12,5.78,6.12,5946
FRU.TO,20230901,14.59,14.74,14.55,14.64,757239
FSB.TO,20230901,9.47,9.51,9.47,9.49,3493
FSL.TO,20230901,17,17,17,17,500
FST.TO,20230901,44.74,44.74,44.74,44.74,243
FSV.TO,20230901,205.63,208.75,203.81,207.86,74185
FSY.TO,20230901,0.45,0.47,0.445,0.46,114483
FSZ.TO,20230901,6.05,6.08,6.01,6.02,127393
FT.TO,20230901,0.035,0.035,0.035,0.035,94026
FTG.TO,20230901,3.4,3.4,3.4,3.4,2000
FTN.TO,20230901,8.19,8.23,7.88,8.03,520537
FTN.PR.A.TO,20230901,9.54,9.63,9.53,9.63,177047
FTS.TO,20230901,53.24,53.47,53.11,53.4,905720
FTS.PR.F.TO,20230901,19.46,19.82,19.46,19.82,3711
FTS.PR.G.TO,20230901,18.6,18.6,18.55,18.6,3213
FTS.PR.J.TO,20230901,18.56,18.56,18.47,18.5,18301
FTS.PR.K.TO,20230901,16.56,16.56,16.55,16.55,200
FTS.PR.M.TO,20230901,16.35,16.41,16.35,16.41,3300
FTT.TO,20230901,42.52,43.56,42.52,43.49,521837
FURY.TO,20230901,0.57,0.57,0.55,0.55,3622
FVI.TO,20230901,4.25,4.28,4.08,4.1,512679
FVL.TO,20230901,0.455,0.455,0.43,0.43,32479
FWCP.TO,20230901,16.97,16.97,16.97,16.97,1200
FXM.TO,20230901,21.05,21.14,21.05,21.08,14332
G.TO,20230901,0.82,0.84,0.82,0.83,20069
GATO.TO,20230901,6.36,6.48,6.31,6.37,3300
GAU.TO,20230901,0.87,0.9,0.86,0.9,64720
GBT.TO,20230901,15.19,15.19,15.19,15.19,500
GCBD.TO,20230901,17.34,17.34,17.34,17.34,1553
GCG.TO,20230901,40.6,41,40.6,41,300
GCG.A.TO,20230901,40.3,40.79,40.3,40.5,2225
GCL.TO,20230901,1.05,1.05,1.05,1.05,6400
GCSC.TO,20230901,21.82,21.82,21.81,21.81,546
GCTB.TO,20230901,50.1,50.1,50.07,50.1,10690
GDC.TO,20230901,2.3,2.31,2.27,2.31,900
GDI.TO,20230901,42.64,42.7,42.6,42.61,2588
GDL.TO,20230901,14.61,15,14.61,14.85,1048
GDPY.TO,20230901,20.74,20.8,20.74,20.8,1206
GDV.TO,20230901,9.1,9.13,9.02,9.05,35367
GDV.PR.A.TO,20230901,9.5,9.55,9.5,9.55,14344
GEC.TO,20230901,0.41,0.41,0.41,0.41,3500
GEI.TO,20230901,20.42,20.54,20.33,20.44,919033
GENM.TO,20230901,0.435,0.44,0.425,0.425,55550
GEO.TO,20230901,2.48,2.55,2.46,2.49,22211
GEQT.TO,20230901,48.55,48.55,48.55,48.55,164
GFL.TO,20230901,43.94,44.62,43.79,44.15,184627
GFP.TO,20230901,1.13,1.13,1.11,1.13,5172
GGD.TO,20230901,1.48,1.48,1.41,1.42,81791
GGRO.TO,20230901,45.51,45.78,45.51,45.78,340
GH.TO,20230901,8.84,9,8.84,9,8200
GIB.A.TO,20230901,141,142.23,140.39,141.4,260331
GIL.TO,20230901,40.57,41.18,40.36,41.02,357820
GIVX.TO,20230901,0.45,0.47,0.45,0.47,10000
GLCC.TO,20230901,23.31,23.33,22.97,22.99,6891
GLO.TO,20230901,1.56,1.69,1.56,1.67,446641
GLXY.TO,20230901,5.22,5.27,5.01,5.08,381845
GMTN.TO,20230901,0.105,0.105,0.1,0.105,33500
GMX.TO,20230901,0.84,0.85,0.83,0.83,2500
GOLD.TO,20230901,1.17,1.17,1.14,1.14,52391
GOOS.TO,20230901,21.49,22.5,21.49,22.15,481237
GRA.TO,20230901,3.06,3.16,2.99,3.03,73385
GRC.TO,20230901,0.085,0.095,0.085,0.095,21500
GRID.TO,20230901,0.82,0.84,0.82,0.84,2845
GRN.TO,20230901,0.235,0.235,0.22,0.235,83595
GRT.UN.TO,20230901,75.71,76.44,75.35,76.15,21654
GSY.TO,20230901,125.38,128.14,125.38,127,20052
GTE.TO,20230901,8.9,9.11,8.82,8.88,306814
GUD.TO,20230901,4.56,4.61,4.56,4.58,45145
GURU.TO,20230901,2.05,2.29,2.05,2.2,18619
GVC.TO,20230901,0.145,0.145,0.135,0.135,37832
GWO.TO,20230901,39.02,39.84,39.02,39.47,5784982
GWO.PR.G.TO,20230901,18.74,18.74,18.62,18.7,1500
GWO.PR.H.TO,20230901,17.6,17.6,17.56,17.56,2610
GWO.PR.I.TO,20230901,16.35,16.4,16.32,16.33,5700
GWO.PR.L.TO,20230901,20.25,20.28,20.18,20.19,5963
GWO.PR.M.TO,20230901,21.1,21.1,21.1,21.1,520
GWO.PR.N.TO,20230901,11.82,11.82,11.76,11.76,3400
GWO.PR.P.TO,20230901,19.27,19.35,19.25,19.35,12400
GWO.PR.Q.TO,20230901,18.44,18.44,18.44,18.44,700
GWO.PR.R.TO,20230901,17.31,17.35,17.3,17.35,3500
GWO.PR.S.TO,20230901,18.8,18.9,18.76,18.86,6445
GWO.PR.Y.TO,20230901,16.3,16.45,16.29,16.45,7900
GXE.TO,20230901,0.84,0.88,0.84,0.86,1198186
H.TO,20230901,35.98,36.34,35.92,36.09,2231908
HAB.TO,20230901,9.47,9.49,9.47,9.49,2867
HAC.TO,20230901,25.37,25.38,25.36,25.38,4700
HAI.TO,20230901,3.53,3.6,3.52,3.52,710
HAL.TO,20230901,18.92,19,18.92,19,3270
HAZ.TO,20230901,29.68,29.68,29.68,29.68,236
HBA.TO,20230901,21.39,21.46,21.39,21.46,500
HBAL.TO,20230901,13.51,13.51,13.49,13.5,24086
HBB.TO,20230901,44.86,44.93,44.79,44.86,25941
HBF.TO,20230901,9.45,9.46,9.41,9.43,60489
HBF.B.TO,20230901,10.35,10.36,10.35,10.36,200
HBF.U.TO,20230901,10.52,10.52,10.52,10.52,300
HBGD.TO,20230901,20.56,20.58,20.24,20.25,1122
HBLK.TO,20230901,11.05,11.05,10.96,10.96,721
HBM.TO,20230901,6.9,6.98,6.78,6.8,1278646
HBNK.TO,20230901,19.5,19.54,19.25,19.52,22492
HBP.TO,20230901,0.23,0.23,0.22,0.22,2500
HBU.TO,20230901,10.9,10.9,10.9,10.9,6115
HCA.TO,20230901,19.76,19.88,19.76,19.86,3801
HCAL.TO,20230901,18.94,19.13,18.94,19.11,91393
HCLN.TO,20230901,10.45,10.47,10.45,10.47,1138
HCON.TO,20230901,12.34,12.34,12.34,12.34,1580
HDIF.TO,20230901,7.83,7.86,7.81,7.82,64977
HDIV.TO,20230901,15.5,15.54,15.49,15.52,62977
HEB.TO,20230901,15.37,15.37,15.37,15.37,4300
HED.TO,20230901,5.04,5.04,4.86,4.87,110878
HEQT.TO,20230901,14.24,14.37,14.24,14.36,5271
HERO.TO,20230901,27.58,27.6,27.54,27.59,2623
HEU.TO,20230901,27.92,28.62,27.9,28.55,33236
HEWB.TO,20230901,28.42,28.45,28.42,28.45,4622
HFD.TO,20230901,11.41,11.41,11.35,11.35,2167
HFG.TO,20230901,20.2,20.2,20.13,20.14,900
HFIN.TO,20230901,13.39,13.52,13.39,13.5,8650
HFPC.U.TO,20230901,2.85,2.85,2.8,2.8,3246
HFR.TO,20230901,9.76,9.77,9.76,9.77,20225
HFU.TO,20230901,17.46,17.6,17.4,17.6,2545
HGD.TO,20230901,5.96,6.11,5.9,6.11,248431
HGGG.TO,20230901,26.06,26.06,26.04,26.04,5852
HGR.TO,20230901,6.22,6.22,6.2,6.2,4004
HGU.TO,20230901,13.4,13.56,13.08,13.11,282095
HGY.TO,20230901,9.58,9.58,9.56,9.57,4800
HHL.TO,20230901,8.08,8.08,8.03,8.05,74179
HHL.U.TO,20230901,8.44,8.44,8.44,8.44,12200
HHLE.TO,20230901,10.22,10.24,10.17,10.17,6301
HIG.TO,20230901,8.31,8.31,8.31,8.31,100
HISU.U.TO,20230901,100.02,100.04,100.02,100.04,11663
HIU.TO,20230901,13.35,13.45,13.35,13.41,27004
HIX.TO,20230901,29.28,29.28,29.19,29.19,1585
HLF.TO,20230901,12.33,12.33,11.75,12,33629
HLFE.TO,20230901,9.86,9.89,9.86,9.89,1200
HLIF.TO,20230901,8.8,8.84,8.8,8.83,26201
HLIT.TO,20230901,33.5,33.61,33.49,33.61,2231
HLPR.TO,20230901,20.83,20.83,20.79,20.82,1600
HLS.TO,20230901,4.67,4.67,4.67,4.67,125
HMAX.TO,20230901,14,14.1,14,14.08,114408
HMM.A.TO,20230901,7.9,7.9,7.9,7.9,10275
HMMJ.TO,20230901,10.26,10.27,10.05,10.09,14594
HMP.TO,20230901,9.13,9.13,9.13,9.13,600
HND.TO,20230901,46.78,49.35,45.4,49.27,686147
HNU.TO,20230901,15.4,15.83,14.62,14.67,2087318
HOD.TO,20230901,7.81,7.81,7.58,7.59,1722306
HOM.U.TO,20230901,12,12.28,12,12.1,75819
HOM.UN.TO,20230901,16.67,16.67,16.3,16.45,66458
HOT.U.TO,20230901,1.6,1.6,1.6,1.6,300
HOT.UN.TO,20230901,2.19,2.23,2.11,2.12,67572
HOU.TO,20230901,15.62,16.05,15.61,16.05,911572
HPF.TO,20230901,3.55,3.57,3.55,3.57,6475
HPR.TO,20230901,7.11,7.15,7.11,7.15,69717
HPS.A.TO,20230901,54.31,56.35,53.32,56.35,20306
HQD.TO,20230901,18.28,18.7,18.23,18.57,392364
HQU.TO,20230901,15.06,15.07,14.7,14.81,462680
HR.UN.TO,20230901,10.37,10.52,10.36,10.44,292947
HRAA.TO,20230901,11.23,11.33,11.23,11.25,16838
HRED.TO,20230901,16,16,16,16,100
HRX.TO,20230901,15.85,15.97,15.67,15.97,6525
HSAV.TO,20230901,108.14,108.4,108.11,108.38,24863
HSD.TO,20230901,24.38,24.73,24.32,24.6,530932
HSU.TO,20230901,16.85,16.87,16.58,16.69,240167
HSUV.U.TO,20230901,106.29,106.4,106.16,106.4,12037
HTA.TO,20230901,15.49,15.49,15.34,15.4,19327
HTA.U.TO,20230901,16.38,16.38,16.38,16.38,569
HTAE.TO,20230901,13.61,13.61,13.56,13.58,3510
HTB.TO,20230901,54.12,54.13,54.12,54.12,1077
HTB.U.TO,20230901,40,40,40,40,600
HUBL.TO,20230901,10.37,10.38,10.36,10.36,4600
HUC.TO,20230901,21.88,22.03,21.88,22.03,2345
HUG.TO,20230901,15.57,15.57,15.57,15.57,101
HULC.TO,20230901,72.58,72.58,72.25,72.37,817
HULC.U.TO,20230901,53.48,53.48,53.13,53.17,5299
HUM.TO,20230901,24.61,24.78,24.58,24.78,4000
HUN.TO,20230901,11.92,11.92,11.63,11.63,4440
HURA.TO,20230901,27.84,28.35,27.84,28.3,7608
HUT.TO,20230901,3.33,3.36,3.14,3.21,2092033
HUTE.TO,20230901,9.66,9.66,9.56,9.6,12000
HUTL.TO,20230901,16.28,16.35,16.18,16.32,24500
HUTS.TO,20230901,12.19,12.2,12.17,12.2,21377
HUV.TO,20230901,15.03,15.16,14.93,15.05,130093
HUZ.TO,20230901,11.2,11.2,11.19,11.19,546
HWO.TO,20230901,1.36,1.36,1.34,1.34,6963
HWX.TO,20230901,7.25,7.33,7.2,7.25,936597
HXCN.TO,20230901,32.39,32.43,32.39,32.43,3270
HXD.TO,20230901,6.82,6.82,6.73,6.75,287628
HXDM.TO,20230901,41.02,41.02,40.81,40.97,4325
HXE.TO,20230901,34,34.17,34,34.12,1753
HXEM.TO,20230901,32.39,32.51,32.38,32.51,4600
HXF.TO,20230901,59.69,59.71,59.69,59.71,500
HXH.TO,20230901,44.83,44.83,44.73,44.73,1115
HXQ.TO,20230901,60.22,60.24,59.89,60.04,11209
HXQ.U.TO,20230901,44.26,44.26,44.25,44.25,300
HXS.TO,20230901,62.13,62.2,61.96,62.07,8447
HXS.U.TO,20230901,45.84,45.84,45.84,45.84,100
HXT.TO,20230901,51.1,51.46,51.06,51.39,144492
HXU.TO,20230901,19.02,19.28,19.01,19.24,43579
HXX.TO,20230901,43.07,43.09,43.07,43.09,838
HYLD.TO,20230901,12.4,12.4,12.3,12.31,63867
HYLD.U.TO,20230901,12.59,12.59,12.57,12.57,1626
HZD.TO,20230901,13.42,14.01,13.42,13.97,31426
HZU.TO,20230901,22.78,22.91,21.84,21.86,99301
IAF.PR.B.TO,20230901,18.2,18.44,18.2,18.44,200
IAG.TO,20230901,85.11,86.08,85.11,85.3,231102
IAU.TO,20230901,2.7,2.73,2.66,2.66,101146
IBG.DB.E.TO,20230901,99,99,99,99,1000
IE.TO,20230901,21.55,21.78,21.32,21.78,9383
IFA.TO,20230901,1.25,1.25,1.23,1.23,8900
IFC.TO,20230901,190.49,194.26,188.63,193.99,361460
IFC.PR.A.TO,20230901,16.11,16.15,16.04,16.04,5100
IFC.PR.C.TO,20230901,17.6,17.7,17.6,17.7,7600
IFC.PR.E.TO,20230901,19.2,19.39,19.2,19.38,17197
IFC.PR.F.TO,20230901,19.5,19.5,19.5,19.5,600
IFC.PR.G.TO,20230901,19.4,19.4,19.31,19.31,39200
IFC.PR.I.TO,20230901,19.98,19.98,19.98,19.98,108
IFC.PR.K.TO,20230901,19.38,19.4,19.38,19.4,2700
IFP.TO,20230901,22.82,23.48,22.82,22.93,175848
IGB.TO,20230901,17.42,17.43,17.4,17.4,2752
IGCF.TO,20230901,16.09,16.09,16.09,16.09,200
IGM.TO,20230901,38.61,39.07,38.51,38.71,120352
III.TO,20230901,2.48,2.56,2.48,2.5,15400
IIP.UN.TO,20230901,12.29,12.59,12.29,12.53,166781
ILLM.TO,20230901,2.54,2.55,2.47,2.48,36138
IMG.TO,20230901,3.39,3.44,3.31,3.32,444627
IMO.TO,20230901,77.7,79.23,77.56,78.81,989194
INC.UN.TO,20230901,8.62,8.62,8.6,8.6,333
INE.TO,20230901,12.96,12.99,12.74,12.84,165647
INE.DB.B.TO,20230901,95.5,95.5,95.5,95.5,7000
INE.DB.C.TO,20230901,92.98,93,92.98,93,32000
INE.PR.C.TO,20230901,18.49,18.49,18.48,18.49,2100
INO.UN.TO,20230901,3.34,3.4,3.3,3.3,48854
INOC.TO,20230901,13.18,13.18,13.18,13.18,200
IPCO.TO,20230901,12.98,13.07,12.88,12.94,67370
IPO.TO,20230901,2.66,2.7,2.65,2.69,148970
IQD.B.TO,20230901,27.45,27.45,27.29,27.29,3100
ISV.TO,20230901,24.53,24.65,24.47,24.65,27955
ITE.TO,20230901,0.225,0.235,0.225,0.23,345839
ITH.TO,20230901,0.495,0.495,0.495,0.495,1000
IUAE.TO,20230901,20.52,20.52,20.52,20.52,100
IVN.TO,20230901,12.21,12.31,12.11,12.3,1709216
IVQ.TO,20230901,0.67,0.67,0.67,0.67,6021
IVQ.U.TO,20230901,0.5,0.5,0.5,0.5,2500
JAG.TO,20230901,1.5,1.52,1.48,1.52,21275
JAPN.TO,20230901,38.8,38.9,38.8,38.9,952
JFS.UN.TO,20230901,23.73,24.46,23.73,24.22,9218
JOY.TO,20230901,5.69,5.88,5.69,5.82,214685
JWEL.TO,20230901,25.87,26.11,25.74,25.85,32925
K.TO,20230901,6.95,7.02,6.83,6.84,2607460
KBL.TO,20230901,35,35.6,35,35.6,10354
KEC.TO,20230901,13,13.01,12.99,12.99,7002
KEG.UN.TO,20230901,14.99,15.22,14.99,15.06,4305
KEI.TO,20230901,5.74,6.01,5.74,5.96,43175
KEL.TO,20230901,7.05,7.34,6.98,7.22,735982
KEY.TO,20230901,33.61,33.88,33.6,33.78,815136
KILO.TO,20230901,29.08,29.08,28.98,28.98,1142
KILO.B.TO,20230901,31.49,31.49,31.49,31.49,432
KITS.TO,20230901,5.08,5.12,4.96,5.12,10458
KLS.TO,20230901,0.325,0.325,0.325,0.325,800
KMP.UN.TO,20230901,18.14,18.41,18.1,18.4,237740
KNT.TO,20230901,6.48,6.5,6.19,6.23,296263
KPT.TO,20230901,10.15,10.15,10.02,10.07,12230
KRN.TO,20230901,0.2,0.315,0.2,0.235,66683
KRR.TO,20230901,4.78,4.82,4.61,4.65,613975
KSI.TO,20230901,3.01,3.07,3.01,3.07,8500
KXS.TO,20230901,166.13,167.38,164,165.67,26635
L.TO,20230901,117.87,119.11,116.9,118.57,380838
L.PR.B.TO,20230901,20.68,20.89,20.68,20.89,6700
LABS.TO,20230901,0.085,0.085,0.075,0.075,282380
LAC.TO,20230901,25.01,25.39,24.97,25.28,192134
LAM.TO,20230901,0.59,0.59,0.57,0.59,94791
LAS.A.TO,20230901,132,132,131.01,131.01,413
LB.TO,20230901,35.63,36.75,35.5,36.29,226263
LBS.TO,20230901,8.01,8.06,7.87,8.01,169283
LBS.PR.A.TO,20230901,10.03,10.03,10.02,10.03,52400
LCFS.TO,20230901,8.2,8.5,8.16,8.5,1580
LCS.TO,20230901,5.63,5.75,5.63,5.75,22676
LEAD.TO,20230901,15.76,15.76,15.76,15.76,700
LEV.TO,20230901,2.93,3.03,2.93,3.01,323545
LEV.WT.TO,20230901,0.24,0.24,0.24,0.24,2689
LFE.TO,20230901,3.11,3.27,3.11,3.26,13013
LFE.PR.B.TO,20230901,10.12,10.18,10.12,10.18,8700
LGD.TO,20230901,0.325,0.335,0.325,0.325,168125
LGO.TO,20230901,4.52,4.74,4.47,4.66,55496
LIF.TO,20230901,31.75,31.95,31.49,31.89,74870
LIFE.TO,20230901,21.26,21.3,21.22,21.22,3120
LIFE.U.TO,20230901,20.75,20.75,20.75,20.75,200
LIRC.TO,20230901,12.58,12.61,12.26,12.41,37507
LN.TO,20230901,0.29,0.295,0.285,0.295,36025
LNF.TO,20230901,18.94,19.05,18.94,19,4697
LNR.TO,20230901,70.95,71.74,70.92,71.43,39085
LPEN.TO,20230901,0.55,0.55,0.55,0.55,1550
LSPD.TO,20230901,22.21,22.53,22.1,22.28,431356
LUC.TO,20230901,0.475,0.475,0.46,0.46,28700
LUG.TO,20230901,16.39,16.39,15.82,15.86,120466
LUN.TO,20230901,10.67,10.82,10.53,10.81,1578946
LYCT.TO,20230901,10.26,10.26,10.26,10.26,900
MAG.TO,20230901,15.7,15.85,14.95,14.98,183129
MAL.TO,20230901,7.24,7.39,7.24,7.39,12338
MARI.TO,20230901,3.96,4.15,3.96,4.05,6300
MATR.TO,20230901,18.6,19,18.02,18.85,238089
MAYB.F.TO,20230901,37.69,37.71,37.69,37.71,300
MBX.TO,20230901,0.325,0.325,0.32,0.32,7000
MCB.TO,20230901,1.4,1.41,1.4,1.4,14800
MCLC.TO,20230901,34.39,34.39,34.39,34.39,601
MCSB.TO,20230901,18.78,18.78,18.78,18.78,494
MCSM.TO,20230901,37.23,37.29,37.23,37.29,224
MDA.TO,20230901,10.34,11,10.31,10.98,303465
MDI.TO,20230901,8.73,8.88,8.69,8.76,81465
MDNA.TO,20230901,0.51,0.51,0.47,0.51,29401
MDP.TO,20230901,2.9,2.92,2.84,2.89,8900
MEE.TO,20230901,24.16,24.32,24.16,24.23,1817
MEG.TO,20230901,24.5,25.66,24.49,25.53,1940296
MFC.TO,20230901,25.19,25.45,25.15,25.34,5852800
MFC.PR.B.TO,20230901,17.03,17.15,16.98,17.15,13813
MFC.PR.C.TO,20230901,16.7,16.75,16.66,16.75,4000
MFC.PR.F.TO,20230901,12.42,12.46,12.34,12.46,600
MFC.PR.I.TO,20230901,20.3,20.35,20.25,20.25,13950
MFC.PR.J.TO,20230901,19.99,20,19.96,20,815
MFC.PR.K.TO,20230901,19.75,19.89,19.75,19.89,20899
MFC.PR.L.TO,20230901,16.79,16.85,16.79,16.85,520
MFC.PR.M.TO,20230901,16.65,16.65,16.52,16.52,800
MFC.PR.P.TO,20230901,15.2,15.2,15.2,15.2,220
MFC.PR.Q.TO,20230901,19.51,19.58,19.51,19.57,2500
MFI.TO,20230901,29.35,29.68,28.97,29,130466
MFT.TO,20230901,17.64,17.64,17.54,17.57,55109
MG.TO,20230901,79.79,80.76,79.7,80.17,432374
MGA.TO,20230901,0.28,0.29,0.28,0.285,423202
MGB.TO,20230901,16.12,16.12,16.1,16.12,5400
MHC.U.TO,20230901,15.94,15.98,15.87,15.98,17700
MHCD.TO,20230901,11.08,11.1,11.08,11.1,4125
MI.UN.TO,20230901,13.41,13.41,13.16,13.27,134108
MIC.PR.A.TO,20230901,18.2,18.2,18.2,18.2,500
MID.UN.TO,20230901,6.88,6.89,6.88,6.89,4000
MIN.TO,20230901,0.2,0.2,0.185,0.185,51223
MINN.TO,20230901,14.48,14.52,14.48,14.52,2600
MIVG.TO,20230901,29.01,29.01,29.01,29.01,300
MKB.TO,20230901,18.45,18.45,18.29,18.37,6590
MKC.TO,20230901,30.18,30.26,30.18,30.26,450
MKP.TO,20230901,16.25,16.35,16.25,16.28,15908
MKZ.UN.TO,20230901,0.4,0.4,0.4,0.4,2284
MMP.UN.TO,20230901,2.11,2.11,2.09,2.09,500
MND.TO,20230901,1.65,1.65,1.57,1.59,7200
MNO.TO,20230901,0.35,0.35,0.345,0.345,16500
MNS.TO,20230901,18.11,18.23,18.05,18.05,1305
MNT.TO,20230901,26.56,26.63,26.56,26.56,1492
MNU.U.TO,20230901,100.07,100.07,100.03,100.03,1301
MNY.TO,20230901,100.07,100.08,100.06,100.06,2219
MOGO.TO,20230901,2.03,2.42,2.01,2.42,100705
MPCT.UN.TO,20230901,9.5,9.56,9.31,9.38,9815
MPVD.TO,20230901,0.44,0.44,0.425,0.435,84968
MR.UN.TO,20230901,4.84,4.85,4.84,4.84,984
MRC.TO,20230901,102.65,103.9,102.65,103.62,1895
MRD.TO,20230901,12,12.07,12,12.03,600
MRE.TO,20230901,13.66,13.73,13.47,13.58,110319
MREL.TO,20230901,11.94,11.94,11.92,11.92,3531
MRG.UN.TO,20230901,15.77,15.82,15.7,15.74,72409
MRT.UN.TO,20230901,5.55,5.55,5.55,5.55,10102
MRU.TO,20230901,69.92,70.59,69.54,70.5,538697
MTAV.TO,20230901,21.74,21.74,21.74,21.74,100
MTL.TO,20230901,14.4,14.42,14.07,14.09,189300
MTL.DB.TO,20230901,112.45,112.45,112.35,112.35,36000
MTY.TO,20230901,66.75,66.8,66.3,66.72,11502
MUB.TO,20230901,18.01,18.01,17.82,17.86,9369
MULC.TO,20230901,42.08,42.19,42.08,42.19,3100
MUMC.TO,20230901,37.88,37.89,37.88,37.89,400
MUMC.B.TO,20230901,41.65,41.7,41.6,41.7,2547
MUS.TO,20230901,32.72,32.72,32.57,32.58,4638
MUX.TO,20230901,11.05,11.16,10.59,10.7,6680
MWD.TO,20230901,26.94,26.98,26.83,26.85,12552
MX.TO,20230901,57.74,59.32,57.74,58.96,65514
MXG.TO,20230901,5.14,5.14,5.05,5.06,4300
MXU.TO,20230901,21.45,21.45,21.4,21.4,917
NA.TO,20230901,94.65,95.87,94.46,94.88,1994691
NA.PR.C.TO,20230901,24.65,24.7,24.6,24.7,7713
NA.PR.E.TO,20230901,20.34,20.35,20.3,20.3,2014
NA.PR.G.TO,20230901,21.4,21.4,21.29,21.39,3179
NA.PR.S.TO,20230901,17.31,17.4,17.31,17.37,1600
NA.PR.W.TO,20230901,15.87,15.93,15.87,15.93,2070
NALT.TO,20230901,23.89,24.44,23.89,24.44,10700
NANO.TO,20230901,2.53,2.63,2.53,2.58,34275
NCF.TO,20230901,0.03,0.03,0.03,0.03,137000
NCP.TO,20230901,0.025,0.025,0.025,0.025,71000
NCU.TO,20230901,0.18,0.18,0.17,0.175,536170
NCU.WT.C.TO,20230901,0.01,0.01,0.01,0.01,13000
NDM.TO,20230901,0.36,0.365,0.36,0.36,20504
NEO.TO,20230901,9.26,9.5,9.2,9.45,61834
NEXT.TO,20230901,1.57,1.59,1.54,1.55,12988
NFI.TO,20230901,12.42,12.69,12.23,12.58,168626
NG.TO,20230901,5.66,5.81,5.66,5.69,120452
NGD.TO,20230901,1.45,1.47,1.41,1.42,800093
NGT.TO,20230901,53.91,54.25,53.41,53.53,110853
NOA.TO,20230901,33.65,33.74,33.21,33.38,37688
NOA.DB.A.TO,20230901,141,141,141,141,10000
NOA.DB.B.TO,20230901,141.64,141.64,141.64,141.64,6000
NOVC.TO,20230901,0.55,0.55,0.55,0.55,1500
NPI.TO,20230901,25.6,25.92,25.27,25.37,671789
NPI.PR.A.TO,20230901,14.63,14.63,14.55,14.55,1400
NPI.PR.B.TO,20230901,17.37,17.47,17.37,17.47,300
NPK.TO,20230901,3,3.13,3,3.1,26830
NPRF.TO,20230901,18.59,18.75,18.59,18.74,3100
NREA.TO,20230901,18.83,18.83,18.8,18.8,1276
NRR.UN.TO,20230901,12.15,12.15,11.78,11.78,1839
NSCB.TO,20230901,21.5,21.5,21.5,21.5,719
NSCC.TO,20230901,21,21.01,21,21.01,200
NSSB.TO,20230901,9.55,9.55,9.55,9.55,100
NTR.TO,20230901,86.65,88.37,86.27,87.84,656885
NUAG.TO,20230901,3.52,3.53,3.41,3.49,11361
NUMI.TO,20230901,0.195,0.2,0.195,0.2,46810
NVA.TO,20230901,12.5,12.94,12.48,12.9,526656
NVEI.TO,20230901,24.61,25.56,24.5,25.24,439600
NVO.TO,20230901,0.2,0.2025,0.2,0.2,8123
NWC.TO,20230901,30.64,30.88,30.41,30.5,147233
NWH.DB.H.TO,20230901,89.72,89.73,88,88,40000
NWH.UN.TO,20230901,6.81,6.87,6.78,6.85,508131
NXE.TO,20230901,7.21,7.26,7.13,7.18,2142208
NXF.TO,20230901,6.34,6.39,6.34,6.39,32248
NXF.B.TO,20230901,8.15,8.23,8.15,8.23,1316
NXR.UN.TO,20230901,8.07,8.17,8.04,8.12,79020
OBE.TO,20230901,9.73,10,9.73,9.95,339770
OGC.TO,20230901,2.94,2.95,2.87,2.91,620731
OGD.TO,20230901,0.74,0.74,0.74,0.74,12500
OGI.TO,20230901,2.29,2.29,2.06,2.06,280013
OLA.TO,20230901,6.47,6.52,6.36,6.43,427699
OLY.TO,20230901,88,92.5,88,91.7,1912
ONC.TO,20230901,3.1,3.25,3.1,3.23,200753
ONEB.TO,20230901,47.02,47.02,47.02,47.02,100
ONEX.TO,20230901,83.79,85.95,83.79,85.56,128543
OPT.TO,20230901,5.93,5.98,5.93,5.97,1200
OR.TO,20230901,18.22,18.32,17.89,17.92,282654
ORA.TO,20230901,9,9.07,8.89,9,69871
ORE.TO,20230901,0.94,0.98,0.94,0.95,449818
ORV.TO,20230901,0.2,0.2,0.18,0.18,7015
OSK.TO,20230901,2.87,2.88,2.75,2.78,809133
OTEX.TO,20230901,54.63,55.37,54.53,55.04,425997
OVV.TO,20230901,64.35,66.24,64.31,65.64,328520
PAAS.TO,20230901,22.68,22.89,22.13,22.14,363834
PAY.TO,20230901,7.06,7.14,7.06,7.12,139160
PAYF.TO,20230901,18.17,18.17,18.17,18.17,100
PBH.TO,20230901,103,105.33,103,104.5,19733
PBH.DB.H.TO,20230901,92,92.49,92,92.49,29000
PBI.TO,20230901,33.27,33.27,33.27,33.27,1600
PBL.TO,20230901,26.34,26.64,26.34,26.6,1221
PBY.UN.TO,20230901,14.31,14.35,14.31,14.35,5278
PCOR.TO,20230901,17.62,17.62,17.62,17.62,1000
PD.TO,20230901,89.96,93.58,89.96,92.58,123794
PDC.TO,20230901,29.41,29.62,29.41,29.58,3913
PDF.TO,20230901,29.68,29.7,29.68,29.7,900
PDIV.TO,20230901,9.7,9.72,9.7,9.72,13500
PDV.TO,20230901,4.63,4.63,4.63,4.63,1600
PEA.TO,20230901,0.58,0.65,0.57,0.64,110635
PET.TO,20230901,25.24,25.82,25.15,25.68,116463
PEY.TO,20230901,12.7,12.88,12.58,12.82,706539
PFAA.TO,20230901,10.31,10.31,10.31,10.31,322
PFAE.TO,20230901,16.08,16.08,16.08,16.08,306
PFIA.TO,20230901,9.61,9.61,9.6,9.6,1403
PFL.TO,20230901,19.66,19.68,19.64,19.65,12367
PFLS.TO,20230901,15.63,15.63,15.63,15.63,364
PFMN.TO,20230901,13.63,13.66,13.59,13.66,16019
PGI.UN.TO,20230901,7.04,7.2,7.04,7.18,2138
PHE.B.TO,20230901,33.57,33.57,33.57,33.57,100
PHX.TO,20230901,8,8.1,7.94,7.97,70008
PHYS.TO,20230901,20.61,20.62,20.52,20.6,31444
PHYS.U.TO,20230901,15.15,15.15,15.03,15.03,400
PIC.A.TO,20230901,3.96,4.08,3.84,4.08,23545
PIC.PR.A.TO,20230901,13.54,13.57,13.54,13.55,4131
PID.TO,20230901,20.82,20.85,20.8,20.82,22155
PIF.TO,20230901,14.69,14.96,14.61,14.96,19908
PIN.TO,20230901,16.88,16.88,16.88,16.88,206
PINC.TO,20230901,17.25,17.31,17.25,17.31,528
PIX.UN.TO,20230901,7.64,7.79,7.61,7.65,20700
PKI.TO,20230901,36.1,37.05,36.1,36.84,488620
PLC.TO,20230901,22.5,22.66,22.23,22.63,32160
PLC.DB.TO,20230901,97.99,97.99,97.99,97.99,1000
PLDI.TO,20230901,18.58,18.59,18.58,18.59,400
PLV.TO,20230901,22.04,22.04,22.03,22.03,2200
PLZ.UN.TO,20230901,3.97,3.97,3.85,3.86,73227
PMB.UN.TO,20230901,6.94,6.94,6.9,6.9,9400
PME.TO,20230901,2.6,2.61,2.6,2.61,935
PMIF.TO,20230901,17.96,17.96,17.88,17.9,39075
PMIF.U.TO,20230901,18.95,18.95,18.95,18.95,500
PMM.TO,20230901,20.58,20.58,20.58,20.58,400
PMNT.TO,20230901,19.15,19.15,19.15,19.15,453
PMZ.UN.TO,20230901,13.35,13.64,13.35,13.58,106439
PNE.TO,20230901,1.43,1.47,1.43,1.46,94849
PNP.TO,20230901,4.27,4.27,4.13,4.13,1500
POU.TO,20230901,31.68,32.41,31.68,32.21,157242
POW.TO,20230901,37.07,37.6,37.07,37.34,2777142
POW.PR.A.TO,20230901,20.38,20.56,20.38,20.56,17600
POW.PR.B.TO,20230901,19.01,19.39,19.01,19.39,9900
POW.PR.C.TO,20230901,21.36,21.82,21.36,21.82,5700
POW.PR.D.TO,20230901,18.11,18.15,18.09,18.15,5550
POW.PR.G.TO,20230901,19.9,20.1,19.9,20.04,9700
PPL.TO,20230901,42.44,42.68,42.27,42.51,1568916
PPL.PF.A.TO,20230901,19.4,19.5,19.4,19.5,2118
PPL.PF.E.TO,20230901,20.6,20.6,20.41,20.5,3030
PPL.PR.A.TO,20230901,17.4,17.47,17.35,17.4,4834
PPL.PR.C.TO,20230901,16.4,16.4,16.4,16.4,299
PPL.PR.E.TO,20230901,16.58,16.59,16.53,16.53,1513
PPL.PR.G.TO,20230901,16.01,16.01,16.01,16.01,214
PPL.PR.I.TO,20230901,17.9,17.9,17.9,17.9,3406
PPL.PR.Q.TO,20230901,17.45,17.45,17.41,17.41,2700
PPL.PR.S.TO,20230901,20,20.1,20,20.01,5800
PPR.TO,20230901,0.11,0.12,0.11,0.115,317183
PPTA.TO,20230901,4.51,4.57,4.42,4.44,5249
PR.TO,20230901,7.78,7.78,7.74,7.74,3600
PRA.TO,20230901,27,27.23,27,27.22,6344
PRB.TO,20230901,1.55,1.55,1.51,1.52,16500
PRL.TO,20230901,8.81,9.15,8.81,9.12,5284
PRM.PR.A.TO,20230901,9.43,9.72,9.42,9.7,16500
PRMW.TO,20230901,20.87,20.98,20.64,20.69,84375
PRN.TO,20230901,12.51,12.64,12.5,12.55,2100
PRP.TO,20230901,19.03,19.03,19.03,19.03,200
PRQ.TO,20230901,1.5,1.55,1.48,1.5,115006
PRU.TO,20230901,1.64,1.68,1.64,1.67,49183
PRV.DB.TO,20230901,97.79,97.79,97.79,97.79,4000
PRV.UN.TO,20230901,5.01,5.02,4.98,5,40833
PSA.TO,20230901,50.03,50.04,50.03,50.04,106947
PSB.TO,20230901,16.66,16.71,16.66,16.7,3288
PSD.TO,20230901,1.98,2,1.96,1.98,10377
PSI.TO,20230901,14.16,14.41,14.16,14.32,98459
PSK.TO,20230901,26.12,26.26,25.97,26.16,323809
PSLV.TO,20230901,11.4,11.45,11.25,11.29,44666
PSU.U.TO,20230901,100.07,100.08,100.07,100.08,7723
PTI.UN.TO,20230901,6.36,6.45,6.36,6.42,21900
PTM.TO,20230901,1.67,1.73,1.67,1.73,5600
PTO.UN.TO,20230901,6.86,6.95,6.86,6.92,15000
PVS.PR.F.TO,20230901,24.5,24.5,24.4,24.4,1100
PVS.PR.H.TO,20230901,23.25,23.25,23.25,23.25,800
PVS.PR.I.TO,20230901,23.97,23.97,23.97,23.97,100
PVS.PR.J.TO,20230901,22,22.2,22,22.2,300
PVS.PR.K.TO,20230901,21.35,21.35,21,21.29,2200
PWF.PF.A.TO,20230901,16.19,16.42,16.16,16.42,4350
PWF.PR.A.TO,20230901,12.85,12.85,12.84,12.85,600
PWF.PR.E.TO,20230901,19.51,19.55,19.51,19.55,3600
PWF.PR.F.TO,20230901,18.6,18.96,18.6,18.93,5370
PWF.PR.G.TO,20230901,21.19,21.35,21.14,21.35,4200
PWF.PR.H.TO,20230901,20.41,20.64,20.41,20.64,5500
PWF.PR.K.TO,20230901,17.59,17.96,17.59,17.86,12100
PWF.PR.L.TO,20230901,18.22,18.46,18.22,18.46,3500
PWF.PR.O.TO,20230901,20.79,20.79,20.79,20.79,600
PWF.PR.P.TO,20230901,11.75,11.75,11.75,11.75,1300
PWF.PR.Q.TO,20230901,14.9,14.9,14.9,14.9,1000
PWF.PR.R.TO,20230901,19.41,19.55,19.3,19.55,18255
PWF.PR.S.TO,20230901,17.32,17.32,17.32,17.32,800
PWF.PR.T.TO,20230901,18.32,18.32,18.3,18.3,1010
PWF.PR.Z.TO,20230901,18.48,18.75,18.48,18.75,43900
PWI.TO,20230901,6.07,6.09,6.01,6.09,9261
PWI.PR.A.TO,20230901,9.38,9.42,9.38,9.42,3946
PXC.TO,20230901,34.84,34.95,34.84,34.93,7100
PXS.TO,20230901,39.33,39.33,39.24,39.24,419
PXT.TO,20230901,25.86,26.48,25.85,26.25,307289
PXU.F.TO,20230901,52.66,52.66,52.66,52.66,1200
PYF.TO,20230901,17.24,17.24,17.24,17.24,4124
PYR.TO,20230901,0.87,0.88,0.8,0.83,527097
PZA.TO,20230901,14.74,14.74,14.56,14.61,23527
PZW.TO,20230901,31.2,31.2,31.15,31.15,4038
QBB.TO,20230901,89.16,89.2,89.08,89.08,2100
QBR.B.TO,20230901,31,31.04,30.42,30.49,414789
QBTC.TO,20230901,35.17,35.3,33.95,34.25,4656
QBTC.U.TO,20230901,25.97,25.97,24.95,25.33,2010
QBTL.TO,20230901,17.9,17.9,17.9,17.9,2000
QCE.TO,20230901,124.75,124.75,124.75,124.75,197
QCN.TO,20230901,125.8,125.86,125.8,125.86,465
QDX.TO,20230901,105.62,105.62,105.24,105.24,301
QDXB.TO,20230901,85.97,85.97,85.96,85.96,400
QEBL.TO,20230901,80.51,80.51,79.67,79.67,200
QEC.TO,20230901,0.21,0.215,0.21,0.215,4811
QETH.U.TO,20230901,24.87,24.87,24.84,24.84,271
QETH.UN.TO,20230901,33.42,34,33,33.6,2453
QIE.TO,20230901,29.1,29.1,29.1,29.1,200
QINF.TO,20230901,110.1,110.1,110.1,110.1,100
QIPT.TO,20230901,7.9,8.1,7.9,8.07,34500
QQC.TO,20230901,25.2,25.2,25.05,25.12,6053
QQC.F.TO,20230901,124.75,124.8,124.25,124.56,11836
QQCC.TO,20230901,11.05,11.06,11.01,11.05,4128
QQEQ.TO,20230901,23.09,23.18,23.09,23.18,200
QQQT.TO,20230901,20.94,20.94,20.94,20.94,240
QRC.TO,20230901,0.65,0.65,0.64,0.64,17000
QSB.TO,20230901,94.51,94.51,94.51,94.51,300
QSP.UN.TO,20230901,94.55,94.55,94.55,94.55,164
QSR.TO,20230901,95.85,95.85,94.59,95.09,532078
QTRH.TO,20230901,1.46,1.48,1.45,1.45,36126
QUB.TO,20230901,80.19,80.19,79.83,80.09,6200
QUU.TO,20230901,176.29,176.29,175.27,175.5,2662
QXM.TO,20230901,26.63,26.67,26.63,26.67,218
RATE.TO,20230901,20.04,20.11,20.04,20.08,1485
RAY.A.TO,20230901,5.06,5.15,5.05,5.05,28020
RBA.TO,20230901,83.64,85.05,83.14,84.76,170379
RBN.UN.TO,20230901,7.49,7.64,7.49,7.64,3133
RBNK.TO,20230901,22.12,22.27,22.12,22.24,9055
RBO.TO,20230901,17.66,17.7,17.66,17.7,2100
RBOT.TO,20230901,26.04,26.07,26.04,26.07,2112
RBY.TO,20230901,2.14,2.25,2.14,2.2,105807
RCD.TO,20230901,24.1,24.25,24.1,24.25,1102
RCG.TO,20230901,6.93,6.93,6.9,6.9,2600
RCG.PR.B.TO,20230901,10.5,10.5,10.5,10.5,1100
RCH.TO,20230901,43.5,43.81,43.04,43.7,19084
RCI.A.TO,20230901,56.74,56.75,56.74,56.75,300
RCI.B.TO,20230901,55.36,55.9,55.1,55.84,5059439
REAL.TO,20230901,6.79,6.79,6.67,6.74,25850
REI.UN.TO,20230901,19.37,19.52,19.35,19.39,421836
RGQP.TO,20230901,19.33,19.33,19.33,19.33,100
RID.TO,20230901,23.23,23.23,23.19,23.19,1448
RIDH.TO,20230901,25.24,25.24,25.24,25.24,100
RIFI.TO,20230901,17.41,17.41,17.36,17.36,200
RIIN.TO,20230901,18.16,18.16,18.16,18.16,200
RIRA.TO,20230901,17.11,17.11,17.06,17.06,1300
RIT.TO,20230901,15.67,15.77,15.67,15.75,2928
RLB.TO,20230901,17.76,17.76,17.76,17.76,247
ROOT.TO,20230901,2.95,2.95,2.95,2.95,6826
RPD.TO,20230901,22.59,22.59,22.59,22.59,396
RPF.TO,20230901,17,17.08,16.97,17.08,3731
RPI.UN.TO,20230901,30.8,31.13,30.59,30.98,4603
RQL.TO,20230901,19.95,19.97,19.94,19.97,32647
RQN.TO,20230901,19.68,19.69,19.68,19.68,3579
RQO.TO,20230901,17.62,17.65,17.62,17.65,6525
RQP.TO,20230901,17.14,17.14,17.14,17.14,1420
RQQ.TO,20230901,20.47,20.47,20.47,20.47,569
RQR.TO,20230901,20.42,20.42,20.41,20.41,600
RS.TO,20230901,13.94,13.94,13.82,13.91,5278
RS.PR.A.TO,20230901,9.54,9.6,9.54,9.6,26400
RSI.TO,20230901,5.78,5.78,5.75,5.78,42600
RSI.DB.E.TO,20230901,100,100.5,99.1,99.1,45000
RSI.DB.F.TO,20230901,96.3,96.3,96.3,96.3,5000
RUBH.TO,20230901,14.06,14.06,14.06,14.06,113
RUD.TO,20230901,53.5,53.9,53.5,53.83,2161
RUD.U.TO,20230901,39.74,39.74,39.59,39.59,400
RUDC.TO,20230901,20.06,20.1,20.06,20.1,5600
RUDH.TO,20230901,38,38.04,37.99,37.99,1946
RUP.TO,20230901,3.66,3.77,3.66,3.72,49218
RUS.TO,20230901,40.27,40.49,40.02,40.19,94154
RVX.TO,20230901,0.085,0.085,0.065,0.075,529306
RY.TO,20230901,122.26,123.13,122.26,122.85,2461029
RY.PR.H.TO,20230901,17.44,17.44,17.01,17.07,1351
RY.PR.J.TO,20230901,17.6,17.6,17.45,17.55,27600
RY.PR.M.TO,20230901,17,17,16.91,17,1563
RY.PR.N.TO,20230901,20.74,20.75,20.74,20.75,801
RY.PR.S.TO,20230901,19.8,19.8,19.8,19.8,4000
S.TO,20230901,0.465,0.475,0.465,0.475,207275
SAM.TO,20230901,0.12,0.125,0.12,0.125,13000
SAP.TO,20230901,29.21,29.59,29.15,29.45,502677
SBC.TO,20230901,9.2,9.2,8.91,8.92,49253
SBC.PR.A.TO,20230901,9.53,9.54,9.53,9.53,9600
SBT.B.TO,20230901,17.74,17.74,17.65,17.68,600
SCY.TO,20230901,0.03,0.03,0.03,0.03,7000
SDE.TO,20230901,4.28,4.45,4.28,4.4,531691
SEA.TO,20230901,16.04,16.25,15.65,15.69,22572
SES.TO,20230901,7.59,7.79,7.57,7.73,862424
SFC.TO,20230901,4.3,4.35,4.3,4.35,28935
SFD.TO,20230901,0.165,0.18,0.165,0.18,3350
SFTC.TO,20230901,16.58,17.2,16.46,16.93,6643
SGLD.TO,20230901,0.13,0.13,0.13,0.13,5200
SGNL.TO,20230901,0.205,0.21,0.2,0.21,7500
SGR.U.TO,20230901,9.36,9.36,9.35,9.35,10800
SGR.UN.TO,20230901,12.78,12.87,12.7,12.73,82981
SGY.TO,20230901,8.37,8.65,8.37,8.65,820333
SHLE.TO,20230901,4.2,4.72,4.2,4.5,87587
SHOP.TO,20230901,90.25,91.59,89.55,90.73,3123825
SIA.TO,20230901,11.77,11.92,11.77,11.87,146526
SIH.UN.TO,20230901,9.72,9.72,9.72,9.72,200
SII.TO,20230901,45,46.21,45,45.75,137875
SIL.TO,20230901,6.8,6.8,6.57,6.59,375037
SIS.TO,20230901,16.15,16.18,15.83,15.84,47991
SJ.TO,20230901,65.58,66.05,64.59,65.53,70352
SKE.TO,20230901,6.71,6.8,6.52,6.56,52091
SKYY.TO,20230901,19.56,19.58,19.56,19.58,200
SLF.TO,20230901,66.28,66.91,65.95,66.68,2400621
SLF.PR.C.TO,20230901,16.78,16.91,16.7,16.88,4700
SLF.PR.D.TO,20230901,16.7,16.85,16.63,16.76,6039
SLF.PR.E.TO,20230901,16.72,17,16.72,16.95,9897
SLF.PR.G.TO,20230901,12.3,12.3,12.3,12.3,1300
SLF.PR.J.TO,20230901,14.65,14.65,14.65,14.65,1000
SLR.TO,20230901,0.8,0.81,0.8,0.81,13533
SLS.TO,20230901,5.84,6,5.84,5.97,79701
SMC.TO,20230901,0.04,0.04,0.035,0.035,1645889
SMT.TO,20230901,0.36,0.39,0.36,0.385,32130
SOIL.TO,20230901,2.68,2.72,2.66,2.71,323255
SOLG.TO,20230901,0.245,0.25,0.245,0.25,14977
SOT.DB.TO,20230901,70,70,70,70,6000
SOT.UN.TO,20230901,1.6,1.64,1.58,1.58,119501
SOY.TO,20230901,5.99,5.99,5.75,5.78,71351
SPB.TO,20230901,10.22,10.32,10.22,10.31,560172
SPLT.TO,20230901,10.1,10.1,10.08,10.08,13138
SPPP.TO,20230901,15.25,15.27,15.16,15.2,3650
SRU.UN.TO,20230901,24.06,24.32,24.06,24.23,106993
SRV.UN.TO,20230901,16.36,16.37,16.33,16.33,403
SSF.UN.TO,20230901,6.66,6.66,6.62,6.63,13600
SSL.TO,20230901,7.55,7.55,7.33,7.35,127959
SSRM.TO,20230901,20.32,20.42,20.07,20.11,107703
STC.TO,20230901,5.14,5.41,5.14,5.39,7136
STCK.TO,20230901,6.98,6.99,6.98,6.99,250
STEP.TO,20230901,4.02,4.25,3.93,4.25,283659
STGO.TO,20230901,0.74,0.74,0.73,0.73,8719
STLC.TO,20230901,39,39.55,38.56,39.36,117664
STN.TO,20230901,91.41,91.41,88.79,90.85,362083
STPL.TO,20230901,23.68,23.68,23.42,23.43,1905
SU.TO,20230901,46.48,46.64,46.28,46.45,16601290
SVA.TO,20230901,0.86,0.88,0.85,0.85,60953
SVB.TO,20230901,0.095,0.095,0.095,0.095,18250
SVI.TO,20230901,4.61,4.65,4.58,4.59,176439
SVI.DB.TO,20230901,93.98,93.98,93.01,93.01,20999
SVI.DB.C.TO,20230901,87.97,87.99,87.97,87.99,53000
SVM.TO,20230901,3.59,3.61,3.49,3.51,93919
SVR.TO,20230901,11.88,11.88,11.85,11.85,3201
SVR.C.TO,20230901,12.56,12.58,12.55,12.55,1818
SXP.TO,20230901,4.64,4.7,4.49,4.5,34398
SYLD.TO,20230901,17.75,17.75,17.72,17.72,2800
SYZ.TO,20230901,7.84,7.85,7.74,7.81,80102
T.TO,20230901,23.84,24.04,23.78,23.81,2856264
TA.TO,20230901,12.99,13.1,12.83,13.01,313689
TA.PR.D.TO,20230901,11.77,11.77,11.69,11.7,3160
TA.PR.E.TO,20230901,14.69,14.69,14.69,14.69,250
TA.PR.F.TO,20230901,17.71,17.71,17.71,17.71,600
TA.PR.G.TO,20230901,18.2,18.2,18.2,18.2,200
TA.PR.H.TO,20230901,20.25,20.4,20.24,20.4,4381
TA.PR.J.TO,20230901,18.91,19.4,18.91,19.34,2020
TAIG.TO,20230901,1.54,1.54,1.46,1.47,11821
TAL.TO,20230901,0.76,0.78,0.74,0.78,802499
TBAL.TO,20230901,16.24,16.24,16.19,16.24,35500
TBL.TO,20230901,2.84,2.84,2.84,2.84,601
TBNK.TO,20230901,23.75,23.76,23.74,23.74,1200
TC.TO,20230901,32.02,33.47,31.83,33.32,21975
TCL.A.TO,20230901,13.24,13.56,13.2,13.47,64933
TCL.B.TO,20230901,13.35,13.35,13.35,13.35,100
TCLB.TO,20230901,116.71,116.71,116.15,116.5,3370
TCLV.TO,20230901,18.65,18.65,18.64,18.64,300
TCON.TO,20230901,14.2,14.2,14.15,14.15,1800
TCS.TO,20230901,29,29,29,29,938
TCSB.TO,20230901,14.14,14.14,14.14,14.14,500
TCW.TO,20230901,4.83,4.98,4.81,4.93,1368620
TD.TO,20230901,82.96,83.53,82.85,83.27,3571105
TD.PF.A.TO,20230901,16.88,16.88,16.88,16.88,244
TD.PF.B.TO,20230901,17,17.06,17,17.05,2000
TD.PF.C.TO,20230901,16.33,16.44,16.25,16.43,9825
TD.PF.D.TO,20230901,17.24,17.25,17.24,17.25,4600
TD.PF.E.TO,20230901,17.62,17.83,17.5,17.5,4668
TD.PF.I.TO,20230901,23.05,23.05,22.72,22.75,15013
TD.PF.J.TO,20230901,20.85,20.9,20.85,20.9,7187
TD.PF.M.TO,20230901,23.23,23.36,23.23,23.36,7300
TDB.TO,20230901,12.64,12.66,12.63,12.66,40300
TDOC.TO,20230901,17.58,17.58,17.58,17.58,411
TEC.TO,20230901,29.89,29.95,29.73,29.87,20158
TECH.TO,20230901,11.18,11.18,11.13,11.14,1262
TECH.B.TO,20230901,12.62,12.64,12.62,12.64,600
TECI.TO,20230901,6.89,6.89,6.87,6.87,8700
TECK.A.TO,20230901,57.16,57.88,57.16,57.81,3749
TECK.B.TO,20230901,57,57.98,56.92,57.8,932200
TERM.TO,20230901,9.01,9.05,9.01,9.05,6675
TF.TO,20230901,7.33,7.35,7.23,7.27,91554
TF.DB.C.TO,20230901,95.9,96.1,95.9,96.1,95000
TF.DB.D.TO,20230901,85.99,85.99,85.99,85.99,30000
TF.DB.E.TO,20230901,85,85,85,85,5000
TFII.TO,20230901,185.09,187.29,184.25,186.93,211812
TFPM.TO,20230901,18.86,18.97,18.56,18.62,75877
TGED.TO,20230901,19.75,19.77,19.68,19.76,20172
TGED.U.TO,20230901,14.49,14.52,14.49,14.52,5600
TGFI.TO,20230901,20.02,20.02,19.91,19.91,700
TGGR.TO,20230901,22.21,22.29,22.17,22.21,4745
TGO.TO,20230901,1.97,1.97,1.9,1.9,1100
TGRO.TO,20230901,18.45,18.58,18.44,18.54,6300
TH.TO,20230901,1.24,1.3,1.22,1.26,122264
The.TO,20230901,22.6,22.6,22.5,22.52,3390
THNC.TO,20230901,2,2,1.98,1.98,8700
THU.TO,20230901,30.36,30.49,30.36,30.4,1326
TI.TO,20230901,0.43,0.43,0.43,0.43,788
TIH.TO,20230901,110.43,113.28,110.42,112.63,114984
TINF.TO,20230901,17.39,17.53,17.39,17.4,2213
TIXT.TO,20230901,11.94,12.16,11.92,12.09,173595
TKO.TO,20230901,1.97,1.98,1.93,1.96,170753
TLF.TO,20230901,20.5,20.5,20.3,20.36,6150
TLG.TO,20230901,0.385,0.41,0.365,0.38,921220
TLO.TO,20230901,0.255,0.26,0.2475,0.25,302658
TLRY.TO,20230901,4.17,4.22,3.88,4.05,4442697
TLV.TO,20230901,27.42,27.69,27.42,27.68,400
TMD.TO,20230901,0.175,0.175,0.165,0.17,26702
TMEC.TO,20230901,17.8,17.86,17.8,17.86,1171
TMEI.TO,20230901,15.51,15.51,15.51,15.51,1045
TMEU.TO,20230901,18.95,18.95,18.89,18.89,317
TML.TO,20230901,0.25,0.25,0.24,0.25,44550
TMQ.TO,20230901,0.66,0.66,0.65,0.65,8859
TNT.UN.TO,20230901,2.45,2.48,2.44,2.44,95143
TNZ.TO,20230901,3.28,3.46,3.28,3.43,61202
TOT.TO,20230901,9.4,9.86,9.2,9.72,139431
TOU.TO,20230901,70,71.2,69.73,70.87,2735650
TOY.TO,20230901,35.65,36.86,35.65,36.86,25183
TPAY.TO,20230901,20.77,20.77,20.77,20.77,100
TPE.TO,20230901,20,20,19.83,19.83,1713
TPRF.TO,20230901,8.64,8.64,8.59,8.6,1500
TPU.TO,20230901,34.68,34.68,34.48,34.54,15663
TPU.U.TO,20230901,25.7,25.71,25.7,25.71,1900
TPX.B.TO,20230901,86.05,87.49,85.93,87.49,300
TPZ.TO,20230901,21.97,22.12,21.71,21.99,109006
TQCD.TO,20230901,15.61,15.71,15.61,15.69,19838
TQGD.TO,20230901,16.6,16.65,16.6,16.65,6200
TQGM.TO,20230901,15.56,15.57,15.54,15.56,2400
TQSM.TO,20230901,20.12,20.12,20.04,20.04,500
TRI.TO,20230901,175,175.61,172.72,175.29,262454
TRI.PR.B.TO,20230901,13.25,13.3,13.25,13.3,200
TRP.TO,20230901,49.19,49.74,48.91,49.51,5829755
TRP.PR.A.TO,20230901,12.84,12.84,12.77,12.82,1350
TRP.PR.B.TO,20230901,10,10,10,10,200
TRP.PR.C.TO,20230901,10.26,10.45,10.26,10.45,2000
TRP.PR.D.TO,20230901,14.58,14.81,14.58,14.8,17977
TRP.PR.E.TO,20230901,14.1,14.12,14.02,14.12,41300
TRP.PR.F.TO,20230901,14.05,14.05,13.96,13.96,4300
TRP.PR.G.TO,20230901,14.79,15.03,14.76,15.03,2800
TRP.PR.H.TO,20230901,12.58,12.58,12.16,12.58,2400
TRVI.TO,20230901,19.74,19.79,19.72,19.72,400
TRVL.TO,20230901,22.08,22.19,22.08,22.19,7550
TRZ.TO,20230901,4.4,4.64,4.36,4.59,131597
TSAT.TO,20230901,27.75,28.33,26.35,26.46,18449
TSL.TO,20230901,3.12,3.15,3.11,3.15,6029
TSND.TO,20230901,2.85,2.9,2.65,2.75,366622
TSU.TO,20230901,32.16,32.6,31.79,31.81,107601
TTNM.TO,20230901,2.72,2.82,2.72,2.78,22176
TTP.TO,20230901,23.39,23.52,23.39,23.49,15130
TUED.TO,20230901,20.98,21.02,20.94,20.99,11799
TUEX.TO,20230901,21.8,21.8,21.8,21.8,100
TUHY.TO,20230901,20.36,20.36,20.36,20.36,400
TULB.TO,20230901,115.08,115.08,115.08,115.08,162
TULV.TO,20230901,18.49,18.49,18.39,18.39,650
TUSB.U.TO,20230901,9.71,9.71,9.71,9.71,20400
TVA.B.TO,20230901,1.83,1.83,1.82,1.83,2200
TVE.TO,20230901,3.72,3.85,3.71,3.85,4878375
TVK.TO,20230901,35.4,36,35.4,35.83,5029
TWM.TO,20230901,1.06,1.09,1.06,1.09,1145716
TXF.TO,20230901,18.05,18.05,17.96,18.01,23766
TXG.TO,20230901,15.93,16.22,15.29,15.32,138385
TXP.TO,20230901,1.24,1.32,1.24,1.27,96415
U.U.TO,20230901,14.76,14.91,14.74,14.77,31257
U.UN.TO,20230901,19.99,20.26,19.98,20.06,834787
UBIL.U.TO,20230901,50.02,50.04,50.02,50.04,4286
UDA.TO,20230901,14.36,14.36,14.33,14.33,4513
UDIV.TO,20230901,12.02,12.02,11.95,11.96,2790
UDIV.B.TO,20230901,12.52,12.52,12.52,12.52,200
ULV.F.TO,20230901,44.71,44.71,44.42,44.46,1300
UMAX.TO,20230901,15.46,15.46,15.27,15.34,30341
UNC.TO,20230901,104.75,104.75,104.75,104.75,100
UNI.TO,20230901,1.55,1.57,1.51,1.57,40800
URB.TO,20230901,4.31,4.5,4.3,4.3,4434
URB.A.TO,20230901,4.1,4.22,4.09,4.22,10800
URC.TO,20230901,3.32,3.48,3.32,3.43,85930
URC.WT.TO,20230901,1.46,1.5,1.4,1.46,49950
URE.TO,20230901,1.8,1.86,1.79,1.82,230314
USA.TO,20230901,0.56,0.57,0.55,0.56,19138
USCC.TO,20230901,17.39,17.39,17.39,17.39,374
USCC.U.TO,20230901,12.86,12.86,12.86,12.86,740
USCL.TO,20230901,20.21,20.38,20.21,20.32,6394
UTIL.TO,20230901,20.35,20.36,20.32,20.36,300
VA.TO,20230901,35.53,35.53,35.53,35.53,209
VAB.TO,20230901,22.13,22.13,22,22.08,45247
VALT.U.TO,20230901,19.28,19.28,19.28,19.28,900
VBAL.TO,20230901,28.64,28.73,28.64,28.7,98078
VBNK.TO,20230901,11.55,11.55,11.49,11.54,375
VBNK.PR.A.TO,20230901,9.42,9.42,9.4,9.4,2428
VCB.TO,20230901,22.59,22.61,22.56,22.56,4993
VCE.TO,20230901,44.35,44.64,44.35,44.61,16145
VCIP.TO,20230901,24.5,24.5,24.5,24.5,1077
VCM.TO,20230901,17.29,17.3,17.1,17.2,900
VCN.TO,20230901,41.57,41.91,41.57,41.85,63182
VCNS.TO,20230901,26.41,26.44,26.36,26.41,27516
VDU.TO,20230901,39.17,39.23,39.06,39.12,2247
VDY.TO,20230901,41.07,41.33,41.07,41.25,94041
VE.TO,20230901,32.09,32.09,31.8,31.83,1005
VEE.TO,20230901,33.34,33.55,33.34,33.45,61338
VEF.TO,20230901,50.07,50.17,50.01,50.15,7041
VEQT.TO,20230901,36.15,36.29,36.12,36.28,88437
VET.TO,20230901,20,20.62,19.95,20.45,794206
VFV.TO,20230901,109.15,109.38,108.72,109.15,183066
VGCX.TO,20230901,6.92,6.96,6.75,6.79,80804
VGG.TO,20230901,75.78,75.79,75.47,75.73,14255
VGH.TO,20230901,53.92,53.93,53.83,53.93,2682
VGRO.TO,20230901,31,31.1,30.99,31.1,115559
VGV.TO,20230901,21.65,21.65,21.61,21.65,419
VGZ.TO,20230901,0.67,0.7,0.65,0.65,3604
VHI.TO,20230901,2.75,2.77,2.74,2.77,3783
VI.TO,20230901,34.93,34.97,34.93,34.97,411
VIDY.TO,20230901,27.61,27.61,27.34,27.46,2434
VIU.TO,20230901,31.05,31.11,30.86,31,27395
VLB.TO,20230901,20.6,20.63,20.48,20.58,1260
VLE.TO,20230901,2.25,2.3,2.22,2.28,661587
VLN.TO,20230901,10.28,10.39,10.28,10.35,800
VMO.TO,20230901,47,47.03,47,47.03,5055
VNP.TO,20230901,3.55,3.65,3.55,3.6,28577
VOXR.TO,20230901,2.95,2.98,2.89,2.9,15200
VPH.TO,20230901,0.33,0.33,0.315,0.315,24180
VQS.TO,20230901,0.38,0.38,0.355,0.37,3922
VRE.TO,20230901,29.52,29.85,29.52,29.82,2955
VRIF.TO,20230901,23.22,23.22,23.2,23.21,21222
VSB.TO,20230901,22.2,22.2,22.18,22.19,25083
VSC.TO,20230901,22.63,22.64,22.62,22.64,6042
VSP.TO,20230901,74.48,74.6,73.99,74.2,50201
VUN.TO,20230901,82.82,83.15,82.71,83.03,70865
VUS.TO,20230901,80.78,81,80.47,80.63,7401
VVL.TO,20230901,43.49,44.12,43.49,44.06,14305
VVO.TO,20230901,32.66,32.66,32.66,32.66,192
VXC.TO,20230901,50.74,50.75,50.51,50.66,5860
WCM.A.TO,20230901,4,4,4,4,300
WCN.TO,20230901,188.72,189.76,186.96,189.41,392411
WCP.TO,20230901,11.24,11.59,11.24,11.58,3923369
WDO.TO,20230901,8.55,8.68,8.44,8.49,444268
WEED.TO,20230901,0.85,0.86,0.71,0.74,12156600
WEF.TO,20230901,0.93,0.96,0.93,0.95,181404
WELL.TO,20230901,4.74,4.79,4.72,4.76,596010
WFC.TO,20230901,18.97,19.2,18.97,19.2,3700
WFG.TO,20230901,102.61,103.08,101.89,102.45,137113
WFS.PR.A.TO,20230901,9,9,9,9,400
WILD.TO,20230901,1.82,1.85,1.82,1.83,4490
WJX.TO,20230901,28.47,29.21,28.31,29.19,255643
WLLW.TO,20230901,0.08,0.085,0.07,0.075,313375
WM.TO,20230901,0.135,0.135,0.135,0.135,18813
WN.TO,20230901,150.54,153.09,150.11,152.7,137928
WN.PR.A.TO,20230901,21.5,21.5,21.48,21.5,1700
WN.PR.C.TO,20230901,19.05,19.05,18.94,18.94,13100
WN.PR.D.TO,20230901,18.98,19.02,18.97,19.01,1800
WN.PR.E.TO,20230901,17.45,17.6,17.45,17.6,2900
WNDR.TO,20230901,0.16,0.165,0.16,0.165,56576
WOMN.TO,20230901,29.69,29.69,29.69,29.69,100
WPK.TO,20230901,40.33,40.83,39.8,40.4,42315
WPM.TO,20230901,59.89,60.09,58.67,58.74,606852
WPRT.TO,20230901,9.65,9.98,9.63,9.68,13386
WRG.TO,20230901,3.41,3.41,3.39,3.39,1976
WRN.TO,20230901,2.02,2.02,1.99,1.99,48418
WRX.TO,20230901,0.24,0.24,0.21,0.225,85503
WSP.TO,20230901,190.19,191.53,187.57,191.28,179832
WSRD.TO,20230901,26.46,26.52,26.46,26.52,1703
WTE.TO,20230901,28.95,29.04,28.51,28.91,58814
WXM.TO,20230901,24.67,24.7,24.67,24.68,9800
X.TO,20230901,29.88,29.89,29.3,29.39,275325
XAGH.TO,20230901,32.98,32.98,32.95,32.95,600
XAM.TO,20230901,0.08,0.08,0.08,0.08,49001
XAU.TO,20230901,9.27,9.35,9,9.1,4356
XAW.TO,20230901,35.25,35.35,35.14,35.29,22746
XBAL.TO,20230901,26.01,26.05,26,26.02,16658
XBB.TO,20230901,27.05,27.07,26.96,27.05,62947
XBM.TO,20230901,19.88,20.28,19.88,20.28,11684
XCB.TO,20230901,18.92,18.92,18.84,18.91,22843
XCBG.TO,20230901,35.27,35.27,35.27,35.27,100
XCBU.TO,20230901,33.81,33.81,33.81,33.81,100
XCG.TO,20230901,44.55,45,44.55,44.93,1870
XCH.TO,20230901,17.93,18.4,17.93,18.16,118933
XCNS.TO,20230901,20.93,20.97,20.91,20.91,1200
XCS.TO,20230901,18.32,18.32,18.32,18.32,3247
XCSR.TO,20230901,59.12,59.35,59.12,59.31,1013
XCV.TO,20230901,32.67,32.76,32.66,32.7,1902
XDG.TO,20230901,23.7,23.7,23.61,23.67,111850
XDGH.TO,20230901,24.13,24.15,24.13,24.13,3045
XDIV.TO,20230901,25.04,25.19,25.04,25.15,14911
XDSR.TO,20230901,50.56,50.56,50.56,50.56,282
XDU.TO,20230901,26.75,26.75,26.67,26.72,1334
XDU.U.TO,20230901,19.64,19.64,19.64,19.64,800
XDUH.TO,20230901,24.56,24.56,24.56,24.56,639
XDV.TO,20230901,26.89,27.08,26.89,27.04,27419
XEB.TO,20230901,15.18,15.18,15.12,15.12,300
XEC.TO,20230901,25.74,25.95,25.74,25.87,17769
XEF.TO,20230901,33.8,33.85,33.57,33.69,36714
XEG.TO,20230901,17.15,17.35,17.11,17.3,1115250
XEH.TO,20230901,29.28,29.35,29.24,29.35,9693
XEI.TO,20230901,24.45,24.6,24.45,24.55,100489
XEM.TO,20230901,29.72,29.84,29.72,29.77,1326
XEMC.TO,20230901,41.4,41.8,41.4,41.77,1634
XEN.TO,20230901,31.48,31.48,31.45,31.45,313
XEQT.TO,20230901,26.98,27.06,26.94,27.04,49145
XESG.TO,20230901,25.08,25.13,25.08,25.1,1368
XEU.TO,20230901,26.92,26.94,26.92,26.94,1900
XFH.TO,20230901,28.23,28.28,28.23,28.27,1483
XFLB.TO,20230901,47.36,47.42,47.36,47.42,300
XFN.TO,20230901,44.42,44.9,44.42,44.8,279990
XFR.TO,20230901,20.12,20.14,20.12,20.14,11305
XGB.TO,20230901,18.66,18.66,18.61,18.64,5738
XGD.TO,20230901,17.36,17.5,17.17,17.18,348272
XGRO.TO,20230901,25.15,25.21,25.1,25.19,39226
XHAK.TO,20230901,40.1,40.1,40.1,40.1,112
XHB.TO,20230901,18.3,18.34,18.3,18.32,3720
XHC.TO,20230901,67.36,67.45,67.17,67.35,1253
XHD.TO,20230901,30.89,30.98,30.8,30.87,3868
XHU.TO,20230901,28.68,28.68,28.64,28.65,639
XHY.TO,20230901,15.95,16.03,15.94,16.03,9030
XIC.TO,20230901,32.63,32.85,32.61,32.8,217106
XID.TO,20230901,47.01,47.01,46.94,46.94,448
XIG.TO,20230901,19.73,19.73,19.61,19.62,10800
XIN.TO,20230901,31.99,32.02,31.92,32,5921
XINC.TO,20230901,18.85,18.85,18.85,18.85,425
XIT.TO,20230901,47.31,47.92,47.3,47.72,12155
XIU.TO,20230901,30.9,31.12,30.89,31.08,1879033
XLB.TO,20230901,18.89,18.89,18.72,18.81,11634
XLY.TO,20230901,0.02,0.02,0.02,0.02,408783
XMA.TO,20230901,18.76,18.76,18.68,18.69,5461
XMC.TO,20230901,27.76,27.81,27.76,27.8,4586
XMD.TO,20230901,31.72,31.75,31.72,31.75,1993
XMH.TO,20230901,24.2,24.28,24.2,24.28,567
XMI.TO,20230901,34.95,34.96,34.78,34.84,2300
XMM.TO,20230901,26.6,26.6,26.56,26.56,1536
XMTM.TO,20230901,24.42,24.42,24.42,24.42,200
XMU.TO,20230901,68.86,68.86,68.73,68.8,2460
XMV.TO,20230901,37.91,37.91,37.91,37.91,122
XMW.TO,20230901,46.96,46.96,46.94,46.94,400
XPF.TO,20230901,13.44,13.53,13.44,13.53,6387
XQB.TO,20230901,18.15,18.15,18.15,18.15,601
XQLT.TO,20230901,30.97,30.98,30.97,30.98,206
XQQ.TO,20230901,119.32,119.32,118.01,118.47,42628
XRB.TO,20230901,21.66,21.66,21.6,21.6,401
XRE.TO,20230901,16,16.2,16,16.15,158315
XSAB.TO,20230901,17.36,17.36,17.34,17.34,1856
XSB.TO,20230901,25.56,25.56,25.54,25.55,271293
XSEM.TO,20230901,18.75,18.82,18.73,18.76,6622
XSH.TO,20230901,17.87,17.89,17.85,17.86,17243
XSHG.TO,20230901,36.88,36.88,36.87,36.87,200
XSHU.TO,20230901,39.98,39.98,39.98,39.98,500
XSHU.U.TO,20230901,29.4,29.4,29.38,29.38,1500
XSMC.TO,20230901,27.79,27.79,27.73,27.75,2318
XSMH.TO,20230901,25.6,25.6,25.6,25.6,224
XSP.TO,20230901,47.93,47.96,47.55,47.68,425343
XST.TO,20230901,85.5,85.9,85.33,85.79,3770
XSTB.TO,20230901,18.74,18.74,18.73,18.73,2756
XSTP.TO,20230901,40,40,40,40,860
XSTP.U.TO,20230901,29.3,29.3,29.3,29.3,1600
XSU.TO,20230901,37.43,37.67,37.37,37.5,98347
XSUS.TO,20230901,32.71,32.74,32.63,32.74,2651
XTC.TO,20230901,7.92,8.02,7.84,8,16958
XTD.TO,20230901,3.97,3.97,3.93,3.95,7566
XTD.PR.A.TO,20230901,9.65,9.65,9.65,9.65,1000
XTG.TO,20230901,0.76,0.76,0.76,0.76,15500
XTLH.TO,20230901,36.27,36.27,36.07,36.16,1200
XTLT.TO,20230901,36.63,36.7,36.63,36.7,395
XTR.TO,20230901,10.21,10.25,10.21,10.25,37997
XTRA.TO,20230901,0.7,0.74,0.7,0.73,42772
XUH.TO,20230901,38.04,38.04,37.92,38.01,1419
XUS.TO,20230901,76.3,76.41,75.98,76.29,117101
XUS.U.TO,20230901,57.1,57.1,56.7,56.88,8500
XUSR.TO,20230901,64.14,64.28,64.14,64.28,384
XUT.TO,20230901,26.1,26.3,26.1,26.29,89259
XUU.TO,20230901,45.61,45.78,45.56,45.73,15146
XUU.U.TO,20230901,33.86,33.86,33.86,33.86,110
XWD.TO,20230901,74.04,74.11,73.74,74,30287
Y.TO,20230901,12.3,12.3,12.21,12.21,801
YGR.TO,20230901,1.84,1.96,1.84,1.96,146530
YRB.TO,20230901,0.045,0.045,0.045,0.045,1000
ZACE.TO,20230901,34.01,34.01,34.01,34.01,100
ZAG.TO,20230901,13.29,13.31,13.25,13.31,145333
ZBAL.TO,20230901,34.74,34.74,34.6,34.64,1135
ZBAL.T.TO,20230901,27.37,27.37,27.37,27.37,701
ZBK.TO,20230901,22.96,23.08,22.96,22.99,4564
ZCB.TO,20230901,44.52,44.52,44.52,44.52,400
ZCH.TO,20230901,14.96,15.33,14.96,15.24,15498
ZCLN.TO,20230901,16.97,17.15,16.97,17.07,621
ZCM.TO,20230901,14.36,14.36,14.33,14.33,4043
ZCN.TO,20230901,27.45,27.66,27.45,27.62,360575
ZCON.TO,20230901,31.47,31.47,31.47,31.47,442
ZCS.TO,20230901,13.02,13.05,13.02,13.04,36300
ZCS.L.TO,20230901,21.98,21.98,21.98,21.98,200
ZDB.TO,20230901,14.22,14.24,14.22,14.24,23401
ZDH.TO,20230901,24.66,24.67,24.66,24.67,2430
ZDI.TO,20230901,21.81,21.85,21.78,21.83,4979
ZDJ.TO,20230901,54.95,54.95,54.79,54.79,560
ZDM.TO,20230901,26.25,26.27,26.21,26.27,5957
ZDV.TO,20230901,18.91,19.05,18.91,19.02,98976
ZDY.TO,20230901,37.41,37.46,37.38,37.46,1500
ZEA.TO,20230901,20.63,20.7,20.53,20.58,33738
ZEB.TO,20230901,32.7,32.9,32.69,32.85,1729975
ZEF.TO,20230901,11.73,11.73,11.69,11.69,2143
ZEM.TO,20230901,19.51,19.58,19.47,19.56,7742
ZEO.TO,20230901,65.75,66.05,65.66,65.9,10756
ZEQ.TO,20230901,28.32,28.32,28.11,28.25,6675
ZEQT.TO,20230901,41.44,41.44,41.37,41.38,521
ZESG.TO,20230901,32.19,32.19,32.19,32.19,217
ZFC.TO,20230901,40.84,40.84,40.84,40.84,948
ZFH.TO,20230901,14.2,14.21,14.2,14.21,6600
ZFL.TO,20230901,12.89,12.89,12.78,12.87,86759
ZFM.TO,20230901,14.02,14.02,14,14.02,7618
ZFN.TO,20230901,41.55,41.55,41.55,41.55,100
ZFS.TO,20230901,13.2,13.2,13.18,13.18,2463
ZGB.TO,20230901,44.17,44.17,44.08,44.08,900
ZGD.TO,20230901,71.93,71.93,71.93,71.93,131
ZGI.TO,20230901,41.27,41.27,41.14,41.18,797
ZGQ.TO,20230901,53.19,53.37,53.19,53.35,8507
ZGRN.TO,20230901,31.11,31.14,31.11,31.11,2900
ZGRO.TO,20230901,37.73,37.9,37.73,37.89,1772
ZGSB.TO,20230901,25.49,25.49,25.49,25.49,240
ZHP.TO,20230901,17.34,17.34,17.34,17.34,120
ZHY.TO,20230901,10.8,10.83,10.78,10.83,9215
ZIC.TO,20230901,16.87,16.89,16.85,16.88,3147
ZIC.U.TO,20230901,12.54,12.55,12.54,12.55,2100
ZID.TO,20230901,39.71,40.12,39.71,39.99,3021
ZJG.TO,20230901,66.2,66.2,66.2,66.2,107
ZJK.TO,20230901,17.32,17.4,17.32,17.38,8945
ZJPN.TO,20230901,31,31.05,31,31.05,544
ZLB.TO,20230901,40.68,40.84,40.59,40.8,76272
ZLC.TO,20230901,14.6,14.65,14.55,14.65,12401
ZLE.TO,20230901,17.38,17.4,17.38,17.39,6193
ZLH.TO,20230901,30.73,30.73,30.73,30.73,455
ZLI.TO,20230901,23.34,23.34,23.31,23.32,2586
ZLU.TO,20230901,46.68,46.76,46.44,46.54,69208
ZMI.TO,20230901,15.75,15.78,15.75,15.78,6543
ZMID.TO,20230901,39.07,39.07,39.07,39.07,120
ZMID.F.TO,20230901,36.1,36.1,36.05,36.05,400
ZMMK.TO,20230901,49.91,49.91,49.9,49.91,90466
ZMP.TO,20230901,13.17,13.19,13.17,13.19,2500
ZMT.TO,20230901,57,57,57,57,230
ZMU.TO,20230901,12.33,12.33,12.28,12.31,11008
ZNQ.TO,20230901,68.5,68.5,68.01,68.19,6750
ZNQ.U.TO,20230901,33.79,33.83,33.79,33.83,436
ZPAY.TO,20230901,30.35,30.46,30.35,30.46,9397
ZPAY.F.TO,20230901,28.45,28.45,28.45,28.45,319
ZPAY.U.TO,20230901,29.19,29.19,29.19,29.19,500
ZPL.TO,20230901,12.29,12.29,12.18,12.25,11516
ZPR.TO,20230901,8.47,8.51,8.47,8.5,137693
ZPW.TO,20230901,15.44,15.46,15.44,15.46,1400
ZQB.TO,20230901,27.38,27.38,27.31,27.31,200
ZQQ.TO,20230901,110.64,110.64,109.43,109.81,28401
ZRE.TO,20230901,20.9,21.04,20.9,21.04,2619
ZRR.TO,20230901,14,14.01,13.95,13.95,3150
ZSB.TO,20230901,46.31,46.31,46.31,46.31,100
ZSDB.TO,20230901,28.63,28.63,28.63,28.63,199
ZSP.TO,20230901,67.3,67.4,67.04,67.28,284841
ZSP.U.TO,20230901,49.68,49.73,49.4,49.52,5814
ZST.TO,20230901,48.61,48.66,48.61,48.66,2563
ZST.L.TO,20230901,56.32,56.35,56.32,56.35,1261
ZSU.TO,20230901,12.96,12.98,12.96,12.98,3900
ZUAG.F.TO,20230901,28.93,28.98,28.93,28.93,914
ZUB.TO,20230901,21.47,21.57,21.45,21.47,20118
ZUD.TO,20230901,26.41,26.41,26.31,26.31,400
ZUE.TO,20230901,63.85,63.85,63.27,63.37,4824
ZUH.TO,20230901,68.76,69.1,68.76,68.87,3210
ZUP.TO,20230901,19.2,19.35,19.2,19.35,562
ZUQ.TO,20230901,64.64,64.64,64.31,64.56,4929
ZUQ.F.TO,20230901,40.73,40.86,40.73,40.84,300
ZUT.TO,20230901,21.22,21.34,21.22,21.34,11337
ZVC.TO,20230901,26.41,26.42,26.41,26.42,203
ZWA.TO,20230901,24.27,24.27,24.17,24.2,4002
ZWB.TO,20230901,17.15,17.27,17.15,17.25,341539
ZWB.U.TO,20230901,21.79,21.79,21.74,21.74,9705
ZWC.TO,20230901,16.69,16.8,16.69,16.78,45384
ZWE.TO,20230901,19.58,19.58,19.5,19.5,4160
ZWEN.TO,20230901,29.51,29.67,29.51,29.66,3204
ZWG.TO,20230901,28.94,29.1,28.94,29.04,4869
ZWH.TO,20230901,22.22,22.28,22.19,22.19,12083
ZWH.U.TO,20230901,22.5,22.5,22.5,22.5,300
ZWK.TO,20230901,17.66,17.92,17.66,17.84,31282
ZWP.TO,20230901,17.14,17.14,17.02,17.05,2289
ZWQT.TO,20230901,15.49,15.49,15.47,15.47,2736
ZWS.TO,20230901,19.66,19.66,19.61,19.61,200
ZWT.TO,20230901,34.71,34.73,34.61,34.7,3722
ZWU.TO,20230901,10.36,10.4,10.35,10.37,88997
ZZZ.TO,20230901,24.85,24.9,23.91,23.99,84989
ZZZD.TO,20230901,27.35,27.35,27.35,27.35,500
