<ticker>,<date>,<open>,<high>,<low>,<close>,<vol>
AAB.TO,20240425,0.02,0.02,0.02,0.02,1000
AAUC.TO,20240425,3.61,3.86,3.52,3.84,1161462
AAV.TO,20240425,10.25,10.75,10.25,10.73,267763
ABX.TO,20240425,22.77,23.55,22.55,23.33,3982278
AC.TO,20240425,19.69,20,19.43,19.98,1445425
ACB.TO,20240425,9.63,9.76,9.15,9.16,1804458
ACD.TO,20240425,4.57,4.57,4.5,4.5,200
ACO.X.TO,20240425,36.8,37.82,36.65,37.77,275244
ACQ.TO,20240425,23,23.74,22.87,23.51,27444
AD.DB.A.TO,20240425,97.05,97.05,97,97,92000
AD.UN.TO,20240425,15.57,15.57,15.43,15.49,36429
ADCO.TO,20240425,0.25,0.255,0.25,0.25,2500
ADEN.TO,20240425,42.38,43.37,42.11,43.19,117734
ADN.TO,20240425,17.03,17.32,17.03,17.16,3044
ADW.A.TO,20240425,3.94,4.02,3.94,4,8987
ADW.B.TO,20240425,4.76,4.76,4.76,4.76,403
AEG.TO,20240425,0.39,0.39,0.39,0.39,1075
AEM.TO,20240425,87.62,89.43,86.81,88.72,1169204
AFN.TO,20240425,60.76,61.35,60.61,60.84,10993
AFN.DB.G.TO,20240425,99.39,99.39,99.25,99.25,100000
AFN.DB.H.TO,20240425,98.25,98.25,98.25,98.25,1000
AFN.DB.J.TO,20240425,105.27,105.27,105.27,105.27,6000
AGF.B.TO,20240425,8.01,8.16,7.99,8.08,59000
AGI.TO,20240425,20.47,21.1,19.63,20.5,1435285
AI.TO,20240425,11.17,11.24,11.06,11.24,24733
AI.DB.G.TO,20240425,90,90,90,90,5000
AIDX.TO,20240425,1.52,1.58,1.44,1.55,431924
AIF.TO,20240425,50.55,50.76,49.99,50.54,28629
AII.TO,20240425,0.62,0.63,0.61,0.62,100197
AIM.TO,20240425,2.35,2.35,2.31,2.33,9161
AIM.PR.C.TO,20240425,18.01,18.01,17.8,18,578
AKT.A.TO,20240425,1.49,1.5,1.49,1.5,3700
ALA.TO,20240425,30.05,30.32,30,30.22,578885
ALA.PR.A.TO,20240425,18.4,18.4,18.4,18.4,1412
ALA.PR.B.TO,20240425,20.57,20.7,20.57,20.7,1200
ALA.PR.G.TO,20240425,23.35,23.4,23.2,23.4,3044
ALC.TO,20240425,14.7,14.79,14.6,14.65,5389
ALS.TO,20240425,21.08,21.66,21.08,21.63,41946
ALYA.TO,20240425,2.12,2.15,2.1,2.14,47631
AMAX.TO,20240425,18.4,18.8,18.26,18.73,7187
AMC.TO,20240425,2.26,2.28,2.19,2.2,186347
AMM.TO,20240425,0.17,0.17,0.17,0.17,50510
AND.TO,20240425,41.78,42.02,41.03,41.56,29432
AOI.TO,20240425,2.33,2.43,2.33,2.41,338470
AOT.TO,20240425,0.73,0.74,0.7,0.71,584499
AP.UN.TO,20240425,17.09,17.09,16.86,17.07,358716
APR.UN.TO,20240425,9.98,9.99,9.87,9.9,22764
APS.TO,20240425,1.66,1.66,1.59,1.62,13329
AQN.TO,20240425,8.37,8.45,8.29,8.42,1592973
AQN.PR.A.TO,20240425,22,22,21.86,21.87,1900
AQN.PR.D.TO,20240425,22,22,21.92,21.93,1200
ARA.TO,20240425,0.48,0.52,0.48,0.52,7622
ARB.TO,20240425,26.06,26.25,26.06,26.25,400
ARE.TO,20240425,16.55,17.38,16.38,17.11,657422
ARG.TO,20240425,1.66,1.76,1.66,1.72,353810
ARIS.TO,20240425,5.39,5.5,5.31,5.45,616091
ARIS.WT.A.TO,20240425,0.34,0.35,0.34,0.35,120500
ARR.TO,20240425,9.4,9.45,9.35,9.45,11400
ARTI.TO,20240425,9.17,9.17,9.17,9.17,109
ARX.TO,20240425,25.14,25.9,24.95,25.82,2083511
ASCU.TO,20240425,1.47,1.49,1.35,1.48,444379
ASM.TO,20240425,0.98,1.03,0.98,1.03,53170
ASND.TO,20240425,0.055,0.06,0.055,0.06,58500
ASTL.TO,20240425,10.39,10.85,10.34,10.63,28750
ASTL.WT.TO,20240425,1.6,1.6,1.6,1.6,800
ATCU.TO,20240425,0.47,0.51,0.47,0.5,5200
ATD.TO,20240425,77.01,77.5,75.89,77.38,1007350
ATH.TO,20240425,4.95,5.09,4.92,5.03,3344066
ATRL.TO,20240425,55.45,55.86,54.92,55.52,246500
ATS.TO,20240425,45.13,45.45,44.41,44.85,275335
ATZ.TO,20240425,33.45,33.58,32.95,33.3,176263
AUMN.TO,20240425,0.79,0.79,0.79,0.79,917
AVCN.TO,20240425,0.38,0.38,0.33,0.34,259527
AVL.TO,20240425,0.075,0.08,0.075,0.08,96727
AVNT.TO,20240425,0.08,0.085,0.075,0.08,51567
AW.UN.TO,20240425,29.1,29.6,28.99,29.24,18441
AX.PR.E.TO,20240425,17.11,17.11,16.85,16.9,5350
AX.PR.I.TO,20240425,18,18,17.48,17.6,9290
AX.UN.TO,20240425,6.44,6.5,6.44,6.49,111260
AYA.TO,20240425,13.88,14.07,13.52,13.98,244692
BABY.TO,20240425,0.26,0.265,0.25,0.265,54400
BAM.TO,20240425,52.84,53.51,52.2,53.24,845436
BANK.TO,20240425,7.22,7.22,7.12,7.18,484285
BASE.TO,20240425,26.26,26.26,26.26,26.26,175
BASE.B.TO,20240425,27.02,27.02,27.02,27.02,1000
BB.TO,20240425,3.86,3.92,3.79,3.8,1598186
BBD.A.TO,20240425,58.68,62.33,58.68,61.72,31742
BBD.B.TO,20240425,54.39,62.35,54.04,61.74,1521925
BBD.PR.B.TO,20240425,17.41,17.41,17.32,17.33,1619
BBD.PR.C.TO,20240425,18.2,18.34,18.16,18.34,939
BBD.PR.D.TO,20240425,19.41,19.47,19.4,19.47,1474
BBU.UN.TO,20240425,26.75,26.75,25.88,26.02,37344
BBUC.TO,20240425,28.13,28.55,28,28.04,12719
BCE.TO,20240425,45.01,45.09,44.76,44.92,2317925
BCE.PR.A.TO,20240425,17.44,17.45,17.15,17.15,2288
BCE.PR.B.TO,20240425,18.4,18.4,18.35,18.36,7408
BCE.PR.C.TO,20240425,17.62,17.62,17.45,17.46,2400
BCE.PR.D.TO,20240425,18.3,18.32,18.3,18.32,4100
BCE.PR.E.TO,20240425,18.2,18.25,18.13,18.2,1500
BCE.PR.F.TO,20240425,17.13,17.13,17.11,17.13,1100
BCE.PR.G.TO,20240425,15.81,15.95,15.81,15.9,6900
BCE.PR.H.TO,20240425,18.17,18.17,18.16,18.16,800
BCE.PR.I.TO,20240425,15.76,15.9,15.76,15.9,12200
BCE.PR.J.TO,20240425,18.34,18.34,18.34,18.34,400
BCE.PR.K.TO,20240425,14.9,14.97,14.9,14.97,2406
BCE.PR.L.TO,20240425,16.55,16.55,16.55,16.55,1000
BCE.PR.M.TO,20240425,15.67,15.67,15.6,15.6,700
BCE.PR.N.TO,20240425,16.98,16.98,16.98,16.98,300
BCE.PR.Q.TO,20240425,21.83,22.07,21.83,22.07,2877
BCE.PR.R.TO,20240425,16.01,16.2,16.01,16.19,2230
BCE.PR.S.TO,20240425,18.2,18.2,18.2,18.2,300
BCE.PR.T.TO,20240425,17.24,17.35,17.24,17.35,1429
BCE.PR.Y.TO,20240425,18.19,18.24,18.15,18.17,2436
BCE.PR.Z.TO,20240425,18.2,18.2,18.05,18.05,1700
BCT.TO,20240425,2.94,3.03,2.94,3.01,2178
BDGI.TO,20240425,45.82,47.53,45.82,46.91,45198
BDI.TO,20240425,8.85,8.85,8.6,8.69,74169
BDIV.TO,20240425,20.04,20.04,19.97,19.97,203
BDT.TO,20240425,19.25,19.3,18.92,18.93,131428
BEI.UN.TO,20240425,72.75,73.61,72.5,73.25,119858
BEP.PR.G.TO,20240425,23.85,23.97,23.8,23.82,8683
BEP.PR.M.TO,20240425,19.53,19.62,19.53,19.61,2400
BEP.PR.R.TO,20240425,17.8,17.8,17.55,17.65,5779
BEP.UN.TO,20240425,29.71,29.85,29.04,29.07,347085
BEPC.TO,20240425,32.05,32.41,31.36,31.8,404431
BEPR.TO,20240425,8.77,8.77,8.77,8.77,223
BFIN.TO,20240425,20.69,20.69,20.69,20.69,100
BGC.TO,20240425,30.68,30.84,30.68,30.8,5400
BGI.UN.TO,20240425,4.18,4.24,4.17,4.2,11200
BGU.TO,20240425,41.82,42.07,41.82,41.94,3490
BHC.TO,20240425,11.67,11.81,11.58,11.79,279990
BIK.PR.A.TO,20240425,24.71,24.71,24.71,24.71,400
BIP.PR.B.TO,20240425,23.56,23.8,23.56,23.8,2300
BIP.PR.E.TO,20240425,21.05,21.2,21.05,21.2,6693
BIP.PR.F.TO,20240425,20.22,20.32,20.2,20.24,6984
BIP.UN.TO,20240425,37.44,37.89,37.01,37.4,400630
BIPC.TO,20240425,43.12,43.32,42.55,43.18,190126
BIR.TO,20240425,5.62,5.69,5.53,5.67,609314
BITF.TO,20240425,2.71,2.78,2.63,2.74,1504992
BITI.TO,20240425,5.15,5.17,4.98,5,130319
BITI.U.TO,20240425,3.69,3.69,3.69,3.69,1000
BK.TO,20240425,10.85,10.88,10.78,10.87,37176
BK.PR.A.TO,20240425,10.12,10.16,10.08,10.16,22044
BKCC.TO,20240425,13.89,13.97,13.86,13.97,3055
BKCL.TO,20240425,18.53,18.65,18.45,18.64,19701
BKI.TO,20240425,0.05,0.05,0.05,0.05,33289
BLCO.TO,20240425,20.14,20.36,20.14,20.34,654
BLDP.TO,20240425,3.45,3.45,3.33,3.37,613764
BLN.TO,20240425,4.26,4.28,4.23,4.24,21330
BLX.TO,20240425,27.02,27.39,26.82,27.16,281961
BMAX.TO,20240425,13.18,13.18,13.06,13.18,6077
BMO.TO,20240425,126.19,126.99,125.33,126.69,2870308
BMO.PR.E.TO,20240425,25.06,25.14,25,25.14,13400
BMO.PR.W.TO,20240425,24.12,24.24,24.11,24.24,2200
BMO.PR.Y.TO,20240425,23.76,23.84,23.74,23.8,68100
BN.TO,20240425,54.61,55.12,53.92,54.96,1752551
BN.PF.A.TO,20240425,21.23,21.24,21,21,6708
BN.PF.B.TO,20240425,19.02,19.1,18.9,19.05,2687
BN.PF.C.TO,20240425,17.04,17.11,17.04,17.11,800
BN.PF.D.TO,20240425,17.1,17.1,17.1,17.1,5000
BN.PF.E.TO,20240425,17.29,17.29,17.29,17.29,575
BN.PF.G.TO,20240425,18.1,18.4,18.1,18.35,9300
BN.PF.I.TO,20240425,21.66,21.66,21.66,21.66,600
BN.PF.J.TO,20240425,20.85,21.15,20.8,21.15,1761
BN.PF.K.TO,20240425,14.85,14.9,14.85,14.9,700
BN.PR.C.TO,20240425,12.4,12.45,12.4,12.4,800
BN.PR.M.TO,20240425,17.4,17.4,17.05,17.05,19565
BN.PR.N.TO,20240425,16.9,16.9,16.9,16.9,300
BN.PR.R.TO,20240425,15.59,15.75,15.52,15.75,2012
BN.PR.Z.TO,20240425,19.57,19.7,19.57,19.65,1700
BNC.TO,20240425,24.61,24.73,24.54,24.73,700
BND.TO,20240425,17.17,17.17,17.12,17.12,6115
BNE.TO,20240425,6.22,6.38,6.19,6.36,11310
BNG.TO,20240425,0.03,0.03,0.03,0.03,4000
BNK.TO,20240425,10.87,10.87,10.61,10.71,3102
BNKL.TO,20240425,20.92,21,20.92,21,2100
BNS.TO,20240425,63.54,63.57,62.56,63.15,7667239
BOND.TO,20240425,19.79,19.84,19.79,19.83,1954
BOND.B.TO,20240425,20.29,20.29,20.29,20.29,1100
BOND.U.TO,20240425,20.02,20.02,20.02,20.02,100
BOS.TO,20240425,5.32,5.64,5.32,5.64,10700
BPF.UN.TO,20240425,15.81,15.83,15.72,15.72,12625
BPO.PR.A.TO,20240425,13.65,13.65,13.5,13.57,4500
BPO.PR.C.TO,20240425,16,16.05,15.72,15.72,3704
BPO.PR.E.TO,20240425,13.1,13.32,12.66,13.21,15086
BPO.PR.G.TO,20240425,14.75,14.75,14.5,14.63,73000
BPO.PR.I.TO,20240425,13.57,14,13.57,14,900
BPO.PR.N.TO,20240425,11.71,11.71,11.67,11.67,2300
BPO.PR.P.TO,20240425,11.9,11.9,11.81,11.85,2710
BPO.PR.R.TO,20240425,12.29,12.35,12.02,12.2,17818
BPO.PR.T.TO,20240425,14.78,14.81,14.73,14.75,2577
BPO.PR.X.TO,20240425,9.6,9.6,9.6,9.6,100
BPRF.TO,20240425,22.08,22.14,22.07,22.14,1694
BPYP.PR.A.TO,20240425,19.35,19.65,19.35,19.65,1476
BR.TO,20240425,1.25,1.25,1.25,1.25,150
BRAG.TO,20240425,8.41,8.46,8.05,8.21,23182
BRE.TO,20240425,13.63,13.65,13.63,13.65,1430
BREA.TO,20240425,24.2,24.2,24.19,24.19,500
BRF.PR.A.TO,20240425,16.86,17,16.86,17,1417
BRF.PR.C.TO,20240425,19.85,19.85,19.85,19.85,2200
BRF.PR.E.TO,20240425,16.98,17,16.95,16.99,1700
BRF.PR.F.TO,20240425,16.96,17.03,16.93,16.93,1720
BRMI.TO,20240425,0.83,0.85,0.83,0.85,4000
BSKT.TO,20240425,8.27,8.27,8.27,8.27,2301
BSX.TO,20240425,0.045,0.045,0.045,0.045,63000
BTB.DB.G.TO,20240425,98.65,98.65,98.63,98.63,41999
BTB.UN.TO,20240425,3.15,3.19,3.14,3.17,108795
BTCC.TO,20240425,11.89,12.23,11.85,12.21,300382
BTCC.B.TO,20240425,12.37,12.66,12.33,12.61,585676
BTCC.U.TO,20240425,11.47,11.71,11.47,11.71,18443
BTCQ.TO,20240425,13.93,14.2,13.87,14.2,22386
BTCX.B.TO,20240425,12.83,13.12,12.79,13.07,305263
BTCX.U.TO,20240425,11.88,12.14,11.83,12.1,38664
BTCY.TO,20240425,6.38,6.51,6.34,6.49,8036
BTCY.B.TO,20240425,7.49,7.58,7.41,7.54,22535
BTE.TO,20240425,5.23,5.33,5.16,5.33,3481707
BTO.TO,20240425,3.46,3.55,3.44,3.52,2756189
BU.TO,20240425,0.225,0.235,0.225,0.23,20999
BUI.TO,20240425,2.14,2.14,2.09,2.09,3802
BXF.TO,20240425,9.79,9.79,9.79,9.79,2511
BYD.TO,20240425,260.07,263.07,258.3,258.54,80115
BYL.TO,20240425,0.26,0.26,0.26,0.26,4500
CACB.TO,20240425,19.15,19.16,19.15,19.15,124303
CAE.TO,20240425,25.91,26.01,25.35,25.58,508899
CAFR.TO,20240425,19.8,19.81,19.8,19.8,15851
CALL.TO,20240425,12.24,12.26,12.1,12.21,18819
CANL.TO,20240425,21.67,21.67,21.67,21.67,325
CAR.UN.TO,20240425,42.46,42.94,42,42.83,344247
CARB.TO,20240425,6.99,6.99,6.99,6.99,300
CARS.B.TO,20240425,20.53,20.53,20.53,20.53,100
CAS.TO,20240425,9.24,9.25,9.1,9.19,142615
CASH.TO,20240425,50.16,50.16,50.15,50.16,143219
CBCX.TO,20240425,19.9,19.9,19.9,19.9,399
CBGR.TO,20240425,21.3,21.3,21.3,21.3,2300
CBH.TO,20240425,17.04,17.08,17.04,17.08,3597
CBIL.TO,20240425,50.11,50.12,50.11,50.12,44973
CBNK.TO,20240425,7.26,7.26,7.17,7.2,41020
CBO.TO,20240425,17.57,17.6,17.57,17.59,18991
CBUG.TO,20240425,23.54,23.69,23.54,23.69,501
CCA.TO,20240425,54.59,54.59,53.45,54.33,60707
CCEI.TO,20240425,23.56,23.59,23.56,23.59,2648
CCL.B.TO,20240425,70.34,70.9,69.27,70.75,196762
CCM.TO,20240425,0.235,0.245,0.235,0.235,14601
CCO.TO,20240425,66.28,68.01,65.75,67.16,821903
CCRE.TO,20240425,17.44,17.44,17.39,17.39,2000
CCS.PR.C.TO,20240425,18.44,18.6,18.44,18.46,2301
CDIV.TO,20240425,13.25,13.37,13.23,13.34,38216
CDNA.TO,20240425,15.15,15.16,15.12,15.12,6000
CDR.TO,20240425,1.73,1.8,1.6,1.6,176702
CDZ.TO,20240425,30.79,31.02,30.65,30.98,8838
CEE.TO,20240425,2.1,2.14,2.1,2.13,18800
CEF.TO,20240425,29.39,29.79,29.39,29.59,4119
CEF.U.TO,20240425,21.51,21.71,21.51,21.61,500
CEU.TO,20240425,5.39,5.47,5.38,5.4,369954
CEW.TO,20240425,16.67,16.7,16.6,16.69,7752
CF.TO,20240425,8.63,8.72,8.63,8.7,43354
CF.PR.A.TO,20240425,13.85,13.85,13.85,13.85,3300
CFP.TO,20240425,14.17,14.22,13.76,14.21,276954
CFW.TO,20240425,4.6,4.68,4.53,4.58,22125
CFX.TO,20240425,1.54,1.55,1.5,1.54,25200
CG.TO,20240425,8.52,8.64,8.42,8.58,601081
CGBI.TO,20240425,17.22,17.22,17.22,17.22,400
CGG.TO,20240425,7.91,8.13,7.91,8.06,7812
CGI.TO,20240425,37.8,38.02,37.78,38.02,11600
CGIN.TO,20240425,20.51,20.51,20.31,20.31,800
CGL.TO,20240425,18.44,18.71,18.44,18.62,52020
CGL.C.TO,20240425,26.96,27.2,26.95,26.98,3350
CGLO.TO,20240425,27.07,27.19,27.04,27.19,4113
CGO.TO,20240425,51.81,51.85,51,51.62,12205
CGR.TO,20240425,27.15,27.15,26.94,27.05,1510
CGRA.TO,20240425,20.23,20.23,20.23,20.23,1600
CGRE.TO,20240425,19.55,19.55,19.55,19.55,207
CGX.TO,20240425,8.3,8.36,8.16,8.36,260153
CGX.DB.B.TO,20240425,109,110,109,110,32000
CGXF.TO,20240425,9.74,10.05,9.71,10.04,12238
CGY.TO,20240425,55.11,55.24,54.99,55.22,2135
CHE.DB.E.TO,20240425,100,100,100,100,158000
CHE.DB.G.TO,20240425,100.78,100.78,100.78,100.78,36000
CHE.DB.H.TO,20240425,99.5,99.5,99.5,99.5,30000
CHE.UN.TO,20240425,8.44,8.6,8.41,8.56,144342
CHNA.B.TO,20240425,19.83,19.83,19.83,19.83,1000
CHP.UN.TO,20240425,12.9,13.08,12.66,13.06,379043
CHPS.TO,20240425,34.96,36.01,34.96,35.8,12877
CHR.TO,20240425,2.06,2.12,2.06,2.12,252838
CHR.DB.A.TO,20240425,96.15,96.15,96.11,96.11,43000
CHR.DB.B.TO,20240425,95.55,95.55,95.5,95.5,12000
CHR.DB.C.TO,20240425,82.5,82.99,81.15,81.15,55000
CIA.TO,20240425,6.21,6.21,6.09,6.17,324267
CIC.TO,20240425,10.73,10.76,10.71,10.75,2825
CIEH.TO,20240425,20.52,20.55,20.52,20.55,1005
CIEI.TO,20240425,22.63,22.63,22.56,22.56,725
CIEM.TO,20240425,18.7,18.7,18.7,18.7,458
CIF.TO,20240425,41.09,41.45,41.09,41.43,1925
CIGI.TO,20240425,149.36,149.53,146.42,146.91,52765
CINF.TO,20240425,23.88,23.99,23.88,23.99,200
CINT.TO,20240425,22.48,22.52,22.48,22.51,2800
CINV.TO,20240425,20.46,20.46,20.46,20.46,2100
CIU.PR.C.TO,20240425,13.7,13.75,13.7,13.75,1000
CIX.TO,20240425,16.44,16.45,16.23,16.27,310965
CJ.TO,20240425,7.18,7.29,7.14,7.25,656709
CJR.B.TO,20240425,0.52,0.52,0.51,0.51,127770
CJT.TO,20240425,113.63,117.79,112.1,117.4,51451
CJT.DB.F.TO,20240425,97.75,97.75,97.13,97.13,20999
CKI.TO,20240425,19.2,19.2,19.2,19.2,1000
CLF.TO,20240425,16.69,16.71,16.69,16.7,20464
CLG.TO,20240425,16.49,16.5,16.48,16.5,14155
CLS.TO,20240425,61.09,63.22,57.5,59.12,659895
CM.TO,20240425,64.73,64.99,64.3,64.76,14035170
CM.PR.P.TO,20240425,23.59,23.59,23.59,23.59,1000
CM.PR.S.TO,20240425,22.9,22.9,22.9,22.9,1005
CMAG.TO,20240425,31.06,31.27,30.66,31.23,1950
CMAR.TO,20240425,17.45,17.45,17.45,17.45,900
CMCX.B.TO,20240425,12.93,12.93,12.93,12.93,1080
CMDO.TO,20240425,18.72,18.74,18.68,18.68,6000
CMDO.U.TO,20240425,18.76,18.84,18.76,18.84,18700
CMG.TO,20240425,10.58,10.58,10.28,10.35,997633
CMNY.TO,20240425,50.02,50.02,50.01,50.01,2698
CMOM.TO,20240425,21.96,21.96,21.96,21.96,200
CMR.TO,20240425,50,50.01,50,50.01,130858
CNCC.TO,20240425,12.07,12.08,12.01,12.07,2343
CNCL.TO,20240425,19.5,19.6,19.39,19.57,1080
CNE.TO,20240425,4.84,4.89,4.77,4.89,19651
CNL.TO,20240425,4.49,4.49,4.37,4.45,32500
CNQ.TO,20240425,104.82,106.19,104.27,105.68,2275100
CNR.TO,20240425,167.69,172.05,167.08,170.4,1587162
COG.TO,20240425,0.45,0.49,0.43,0.49,33520
COMM.TO,20240425,31.06,31.24,31.06,31.24,4102
COPP.TO,20240425,35.3,35.87,34.98,35.86,2330
COW.TO,20240425,63.34,63.61,63.28,63.61,725
CP.TO,20240425,111,113.16,109.28,112.14,1623589
CPD.TO,20240425,11.43,11.53,11.43,11.52,67813
CPH.TO,20240425,8.7,8.7,8.45,8.5,19723
CPLS.TO,20240425,17.45,17.45,17.45,17.45,2577
CPX.TO,20240425,35.45,35.85,35.19,35.39,455843
CPX.PR.A.TO,20240425,14.9,14.9,14.9,14.9,100
CPX.PR.C.TO,20240425,22.1,22.1,21.87,21.87,3481
CPX.PR.E.TO,20240425,21.46,21.75,21.46,21.6,501
CRDL.TO,20240425,2.42,2.51,2.34,2.5,58920
CRON.TO,20240425,3.37,3.46,3.35,3.44,63046
CROP.TO,20240425,17.77,17.83,17.77,17.82,8500
CROP.U.TO,20240425,19.79,19.85,19.79,19.84,3800
CRP.TO,20240425,3.05,3.05,3.05,3.05,100
CRR.UN.TO,20240425,12.82,12.92,12.74,12.83,82990
CRRX.TO,20240425,2.3,2.38,2.27,2.38,11447
CRT.UN.TO,20240425,13.36,13.61,13.21,13.59,227794
CRWN.NT.TO,20240425,93.25,93.25,93.25,93.25,5000
CS.TO,20240425,9.09,9.69,9.09,9.62,2527012
CSAV.TO,20240425,50.01,50.02,50.01,50.02,22962
CSE.PR.A.TO,20240425,13.6,13.6,13.6,13.6,400
CSH.UN.TO,20240425,12.4,12.55,12.23,12.46,416877
CSU.TO,20240425,3695.47,3695.47,3612.16,3655.01,18550
CSU.DB.TO,20240425,128,128,127,127,17884
CSW.A.TO,20240425,13.25,13.39,13.25,13.34,3450
CSW.B.TO,20240425,11.96,12,11.96,12,2600
CTC.TO,20240425,253.33,253.33,253.33,253.33,100
CTC.A.TO,20240425,134.33,135.82,133.23,135.06,247462
CTF.UN.TO,20240425,2.41,2.41,2.36,2.36,11799
CTS.TO,20240425,5.56,5.68,5.52,5.54,329879
CTX.TO,20240425,0.44,0.44,0.43,0.43,4515
CU.TO,20240425,30.23,30.7,30.11,30.64,1019032
CU.PR.D.TO,20240425,18.4,18.41,18.32,18.39,6200
CU.PR.E.TO,20240425,18.74,18.74,18.52,18.73,900
CU.PR.F.TO,20240425,17,17.1,17,17.1,1180
CU.PR.G.TO,20240425,17.01,17.05,17.01,17.05,900
CU.PR.H.TO,20240425,19.86,19.87,19.8,19.85,1600
CU.PR.I.TO,20240425,23.61,23.61,23.51,23.51,600
CU.PR.J.TO,20240425,17.87,17.91,17.87,17.91,1615
CUD.TO,20240425,51.06,51.32,51.06,51.31,350
CUDV.TO,20240425,20.74,20.83,20.74,20.83,400
CUEH.TO,20240425,20.89,20.97,20.73,20.97,2804
CUEI.TO,20240425,27.23,27.24,27.04,27.17,2259
CUP.U.TO,20240425,13.75,14,13.74,13.76,5000
CURA.TO,20240425,6.8,6.88,6.49,6.49,197607
CVD.TO,20240425,16.5,16.5,16.5,16.5,100
CVE.TO,20240425,28.98,29.21,28.89,29.09,3411358
CVE.PR.A.TO,20240425,17.49,17.49,17.16,17.16,1483
CVE.PR.B.TO,20240425,18.99,18.99,18.74,18.74,4900
CVE.PR.C.TO,20240425,23.9,24,23.87,24,4331
CVE.PR.E.TO,20240425,23.6,23.8,23.6,23.8,800
CVE.PR.G.TO,20240425,23,23,23,23,100
CVE.WT.TO,20240425,22.56,22.6,22.49,22.51,3519
CVLU.B.TO,20240425,21.35,21.35,21.31,21.31,2669
CVO.TO,20240425,8.85,8.85,8.6,8.74,72432
CWB.TO,20240425,26.57,26.7,26.44,26.7,73415
CWB.PR.B.TO,20240425,21.33,21.4,21.25,21.4,5800
CWB.PR.D.TO,20240425,25.17,25.29,25.15,25.29,2200
CWEB.TO,20240425,0.295,0.295,0.27,0.27,6291
CWL.TO,20240425,0.8,0.8,0.8,0.8,500
CWW.TO,20240425,54.71,54.99,54.51,54.77,601
CXB.TO,20240425,1.84,1.9,1.81,1.87,2115224
CXF.TO,20240425,9.52,9.6,9.52,9.59,4110
CXI.TO,20240425,25.7,25.7,25.65,25.65,2825
CYB.TO,20240425,68.56,68.56,68.02,68.42,5522
CYBR.TO,20240425,44.67,45.3,44.67,45.3,657
CYBR.B.TO,20240425,52.47,52.47,52.47,52.47,100
CYH.TO,20240425,20.29,20.29,20.16,20.22,1134
D.UN.TO,20240425,19.23,19.38,19.06,19.19,28394
DANC.TO,20240425,22.21,22.21,22.21,22.21,4700
DATA.TO,20240425,22,22,22,22,100
DAY.TO,20240425,79.9,82.35,79.9,81.47,14587
DBM.TO,20240425,7.72,7.72,7.6,7.63,171615
DBO.TO,20240425,0.08,0.08,0.08,0.08,135083
DC.A.TO,20240425,1.27,1.35,1.27,1.35,37700
DCBC.TO,20240425,19.96,19.96,19.96,19.96,612
DCBO.TO,20240425,60.55,60.55,59.8,60.24,19683
DCM.TO,20240425,3.17,3.17,3.06,3.1,3100
DCP.TO,20240425,18.35,18.35,18.07,18.23,705490
DF.TO,20240425,4.39,4.5,4.3,4.5,50219
DF.PR.A.TO,20240425,9.92,9.92,9.92,9.92,100
DFN.TO,20240425,5.23,5.33,5.16,5.33,410597
DFN.PR.A.TO,20240425,9.8,9.81,9.78,9.8,195977
DFY.TO,20240425,44.94,45.38,44.52,45.38,37210
DGR.TO,20240425,42.21,42.53,42.21,42.46,2162
DGR.B.TO,20240425,47.42,47.54,47.42,47.48,1606
DGRC.TO,20240425,38.11,38.11,38.08,38.08,3070
DGS.TO,20240425,6.01,6.13,6.01,6.12,121444
DGS.PR.A.TO,20240425,9.95,9.96,9.94,9.96,5253
DHT.UN.TO,20240425,16.53,16.7,16.53,16.54,11044
DIAM.TO,20240425,0.08,0.08,0.08,0.08,5000
DII.B.TO,20240425,6.11,6.11,5.84,6.01,4338
DIR.UN.TO,20240425,12.45,12.48,12.33,12.35,367808
DISC.TO,20240425,36.68,36.68,36.68,36.68,600
DIV.TO,20240425,2.79,2.8,2.76,2.78,80913
DIV.DB.A.TO,20240425,96.05,96.3,96,96.3,51000
DIVS.TO,20240425,14.91,14.91,14.91,14.91,500
DLCG.TO,20240425,3,3.06,3,3.06,1300
DLR.TO,20240425,13.92,13.93,13.85,13.86,692064
DLR.U.TO,20240425,10.15,10.15,10.14,10.14,658104
DMEC.TO,20240425,20,20.17,20,20.17,807
DMEI.TO,20240425,19.76,19.85,19.75,19.85,3244
DMEU.TO,20240425,19.87,19.87,19.71,19.8,3418
DML.TO,20240425,2.67,2.73,2.66,2.71,964149
DND.TO,20240425,15.13,15.24,14.52,14.55,137805
DNG.TO,20240425,5.1,5.12,5.04,5.06,15929
DNTL.TO,20240425,6.32,6.41,6.27,6.37,98381
DOL.TO,20240425,114.99,117.08,114.53,117,424350
DOO.TO,20240425,94.49,95.15,92.63,94.38,158043
DPM.TO,20240425,10.45,10.75,10.32,10.69,288456
DR.TO,20240425,11.05,11.23,10.92,10.96,67210
DRCU.TO,20240425,17.8,17.8,17.77,17.77,1400
DRFC.TO,20240425,27.34,27.53,27.34,27.53,2811
DRFD.TO,20240425,22.33,22.33,22.33,22.33,663556
DRFE.TO,20240425,21.08,21.08,21.08,21.08,5447
DRFG.TO,20240425,27.16,27.16,27.16,27.16,100
DRFU.TO,20240425,30.82,30.82,30.82,30.82,495052
DRM.TO,20240425,18.25,18.25,17.81,18.04,43151
DRMC.TO,20240425,27.34,27.69,27.34,27.67,2601
DRMD.TO,20240425,26.74,26.81,26.73,26.73,1100
DRME.TO,20240425,16.63,16.64,16.62,16.64,9300
DRMU.TO,20240425,36.58,36.61,36.53,36.61,1944
DRR.U.TO,20240425,6.72,6.95,6.45,6.65,3463
DRR.UN.TO,20240425,9.17,9.25,8.85,8.85,1200
DRT.TO,20240425,0.66,0.67,0.65,0.67,248026
DRX.TO,20240425,14.4,14.53,14.05,14.13,64219
DS.TO,20240425,6.22,6.25,6.21,6.22,5152
DSG.TO,20240425,127.8,129.92,127.18,129.04,114702
DSV.TO,20240425,0.9,0.92,0.89,0.92,281242
DTOL.TO,20240425,8.87,9.08,8.25,8.25,20673
DXB.TO,20240425,17.52,17.54,17.52,17.53,11400
DXBU.TO,20240425,20.97,20.97,20.97,20.97,1000
DXC.TO,20240425,34.55,34.67,34.32,34.64,11672
DXDB.TO,20240425,20.32,20.32,20.3,20.32,4100
DXG.TO,20240425,56.88,57.52,56.63,57.26,7397
DXGE.TO,20240425,22.37,22.37,22.37,22.37,5000
DXN.TO,20240425,19.25,19.25,19.19,19.19,300
DXP.TO,20240425,21.05,21.09,21.01,21.03,3209
DXQ.TO,20240425,23.98,24.07,23.98,24.05,7926
DXT.TO,20240425,5.79,5.85,5.79,5.8,7255
DXU.TO,20240425,54,54.41,53.84,54.25,7326
DXV.TO,20240425,19.59,19.59,19.54,19.59,2982
DXZ.TO,20240425,12.29,12.29,12.29,12.29,4401
DYA.TO,20240425,0.13,0.14,0.13,0.13,225100
E.TO,20240425,1.1,1.11,1.09,1.1,208345
EAGR.TO,20240425,0.8,0.8,0.75,0.78,14823
EBIT.TO,20240425,31.27,32.05,31.19,31.92,45745
EBIT.U.TO,20240425,22.84,23.52,22.84,23.33,800
ECN.TO,20240425,1.66,1.84,1.65,1.78,393255
ECN.DB.TO,20240425,76,76,75.99,76,48000
ECN.DB.A.TO,20240425,70,70,68,68,30000
ECN.DB.B.TO,20240425,67,67,67,67,74000
ECO.TO,20240425,4.64,4.8,4.64,4.76,6700
ECOR.TO,20240425,1.44,1.45,1.42,1.42,5600
EDGE.TO,20240425,33.41,33.95,33.4,33.95,2430
EDGF.TO,20240425,10.33,10.33,10.33,10.33,5001
EDR.TO,20240425,3.75,3.82,3.63,3.81,532071
EDT.TO,20240425,0.43,0.45,0.43,0.45,26100
EDV.TO,20240425,28.63,29.2,28.4,28.9,434249
EFN.TO,20240425,21.54,21.54,21.2,21.21,353842
EFR.TO,20240425,7.36,7.41,7.21,7.34,281908
EFX.TO,20240425,7.79,7.86,7.7,7.84,113257
EGLX.TO,20240425,0.165,0.18,0.165,0.17,40650
EIF.TO,20240425,46.72,46.92,46.41,46.79,40338
EIF.DB.K.TO,20240425,101.34,101.35,101.34,101.35,12000
EIF.DB.L.TO,20240425,99.52,99.52,99.52,99.52,5000
EIT.PR.A.TO,20240425,24.96,24.96,24.91,24.91,5100
EIT.PR.B.TO,20240425,24.74,24.74,24.63,24.66,1700
EIT.UN.TO,20240425,13.61,13.73,13.57,13.7,196644
ELD.TO,20240425,19.68,20.29,19.54,20.2,232782
ELEF.TO,20240425,0.315,0.33,0.31,0.33,11100
ELF.TO,20240425,1098.06,1098.06,1055,1073.9,588
ELF.PR.F.TO,20240425,19.81,19.81,19.76,19.8,1200
ELF.PR.G.TO,20240425,17.76,17.76,17.75,17.75,3000
ELF.PR.H.TO,20240425,20.16,20.4,20.16,20.32,4400
ELO.TO,20240425,1.77,1.84,1.7,1.81,41012
ELR.TO,20240425,0.17,0.17,0.15,0.16,168220
ELVA.TO,20240425,4.05,4.22,4.05,4.22,14850
EMA.TO,20240425,46.24,46.37,45.72,46.17,1153295
EMA.PR.A.TO,20240425,15.08,15.08,15.07,15.07,500
EMA.PR.B.TO,20240425,17.19,17.19,17.18,17.18,1100
EMA.PR.C.TO,20240425,21.2,21.25,21.15,21.15,7850
EMA.PR.E.TO,20240425,16.85,16.85,16.75,16.83,2600
EMA.PR.F.TO,20240425,18.64,18.65,18.63,18.63,75300
EMA.PR.H.TO,20240425,21.05,21.08,20.95,21,12475
EMA.PR.J.TO,20240425,20.32,20.32,20.31,20.31,300
EMA.PR.L.TO,20240425,17.08,17.25,17.02,17.09,12503
EMAX.TO,20240425,18.4,18.53,18.4,18.53,17704
EMP.A.TO,20240425,31.97,32.48,31.74,32.38,250227
EMV.B.TO,20240425,27.79,27.86,27.79,27.85,2300
ENB.TO,20240425,48.6,49.65,48.48,49.52,9030759
ENB.PF.A.TO,20240425,18,18,17.91,17.91,208
ENB.PF.C.TO,20240425,17.25,17.25,17.25,17.25,5299
ENB.PF.G.TO,20240425,16.62,16.62,16.62,16.62,600
ENB.PF.K.TO,20240425,20.3,20.32,20.15,20.16,7600
ENB.PF.U.TO,20240425,20.25,20.58,20.25,20.36,2134
ENB.PF.V.TO,20240425,21.38,21.5,21.38,21.5,600
ENB.PR.A.TO,20240425,20.55,20.55,20.55,20.55,306
ENB.PR.B.TO,20240425,16.6,16.63,16.59,16.63,11540
ENB.PR.D.TO,20240425,16.84,16.84,16.65,16.65,40741
ENB.PR.F.TO,20240425,17.15,17.18,17.06,17.18,5896
ENB.PR.H.TO,20240425,18.25,18.26,18.21,18.21,4185
ENB.PR.J.TO,20240425,18.33,18.33,18.16,18.16,3160
ENB.PR.N.TO,20240425,20.3,20.3,20.23,20.25,800
ENB.PR.P.TO,20240425,17.85,17.87,17.83,17.87,27644
ENB.PR.T.TO,20240425,18.7,18.74,18.61,18.71,14058
ENB.PR.V.TO,20240425,21.51,21.53,21.45,21.53,5500
ENB.PR.Y.TO,20240425,17.58,17.65,17.52,17.52,36250
ENCC.TO,20240425,11.59,11.74,11.55,11.73,59053
ENCL.TO,20240425,20.93,21.29,20.86,21.26,66933
ENGH.TO,20240425,30.05,30.2,29.7,29.98,43157
ENI.UN.TO,20240425,1.47,1.47,1.46,1.46,400
ENS.TO,20240425,11.38,11.56,11.28,11.54,32736
ENS.PR.A.TO,20240425,10.04,10.07,10.02,10.03,23000
EPRX.TO,20240425,3.92,3.92,3.89,3.9,6000
EPRX.WT.TO,20240425,0.24,0.24,0.24,0.24,19000
EQB.TO,20240425,87.76,89,86.88,88.8,39391
EQCL.TO,20240425,21.18,21.28,21.16,21.27,2428
EQL.TO,20240425,33.65,33.73,33.5,33.7,18280
EQL.F.TO,20240425,28.61,28.93,28.61,28.89,16997
EQL.U.TO,20240425,24.66,24.67,24.54,24.61,1950
EQX.TO,20240425,7.23,7.32,7.12,7.16,1705101
ERD.TO,20240425,0.405,0.415,0.405,0.405,186000
ERE.UN.TO,20240425,2.37,2.4,2.35,2.37,35308
ERO.TO,20240425,25.62,26.49,25.09,26.06,471318
ESG.TO,20240425,36.32,36.4,36.31,36.4,1506
ESG.F.TO,20240425,34.12,34.12,34.12,34.12,110
ESGA.TO,20240425,34.44,34.54,34.44,34.54,3504
ESGB.TO,20240425,26.35,26.35,26.33,26.33,600
ESGC.TO,20240425,24.98,24.98,24.98,24.98,100
ESGE.TO,20240425,33.06,33.34,33.05,33.34,3600
ESGG.TO,20240425,43.06,43.28,42.94,43.16,719
ESGH.TO,20240425,26.95,26.95,26.95,26.95,1700
ESGY.TO,20240425,48.95,49.2,48.89,49.08,1340
ESI.TO,20240425,2.46,2.46,2.39,2.4,134154
ESM.TO,20240425,0.06,0.06,0.06,0.06,67651
ESP.TO,20240425,5.24,5.24,5.1,5.1,200
ESP.PR.A.TO,20240425,10.29,10.29,10.2,10.2,1592
ESPX.TO,20240425,22.71,22.81,22.71,22.8,9222
ESPX.U.TO,20240425,22.77,22.77,22.77,22.77,100
ET.TO,20240425,13.64,13.64,13.22,13.27,12970
ETC.TO,20240425,13.41,13.93,13.41,13.93,2905
ETG.TO,20240425,1.55,1.55,1.54,1.54,11900
ETHH.TO,20240425,12.52,12.8,12.51,12.76,28845
ETHH.B.TO,20240425,14.72,14.99,14.72,14.94,72038
ETHH.U.TO,20240425,13.49,13.66,13.49,13.66,4802
ETHI.TO,20240425,48.9,49.15,48.8,49.01,2004
ETHQ.TO,20240425,16.95,17.11,16.9,17.04,30511
ETHR.TO,20240425,14.65,14.81,14.65,14.81,6658
ETHX.B.TO,20240425,15.29,15.58,15.29,15.53,665158
ETHX.U.TO,20240425,13.97,14.26,13.95,14.2,37988
ETHY.TO,20240425,4.08,4.14,4.06,4.14,6438
ETHY.B.TO,20240425,5.18,5.18,5.13,5.13,4501
ETSX.TO,20240425,19.67,19.77,19.66,19.77,6930
EVO.TO,20240425,19.79,19.79,19.65,19.65,2100
EXE.TO,20240425,7.25,7.34,7.23,7.3,33810
EXE.DB.C.TO,20240425,98.5,98.5,98.25,98.25,52000
EXN.TO,20240425,0.17,0.175,0.17,0.175,31301
EXRO.TO,20240425,0.72,0.74,0.7,0.74,91660
EXRO.WT.TO,20240425,0.18,0.2,0.18,0.2,6500
FAP.TO,20240425,2.61,2.61,2.59,2.6,92951
FAR.TO,20240425,3.1,3.18,3.1,3.15,28761
FBTC.TO,20240425,28.79,29.38,28.79,29.31,43923
FBTC.U.TO,20240425,21.47,21.47,21.47,21.47,913
FC.TO,20240425,11.01,11.01,10.85,10.93,19050
FC.DB.K.TO,20240425,90,90,90,90,4000
FC.DB.L.TO,20240425,88,88,88,88,4000
FCCD.TO,20240425,27.05,27.23,27.05,27.23,1652
FCCQ.TO,20240425,33.5,33.71,33.5,33.71,800
FCCV.TO,20240425,13.48,13.55,13.48,13.55,4000
FCD.UN.TO,20240425,4.99,5,4.9,5,12500
FCGI.TO,20240425,13.02,13.03,13.01,13.01,7340
FCID.TO,20240425,26.3,26.46,26.3,26.46,2500
FCII.TO,20240425,20.19,20.19,20.19,20.19,200
FCIQ.TO,20240425,36.15,36.37,36.13,36.29,7126
FCIV.TO,20240425,34.27,34.39,34.27,34.38,9601
FCQH.TO,20240425,49.58,49.58,49.52,49.52,1483
FCR.UN.TO,20240425,14.84,15.06,14.7,15.03,413579
FCRR.TO,20240425,37.33,37.41,37.33,37.36,700
FCU.TO,20240425,1.04,1.07,1.02,1.05,923461
FCUD.TO,20240425,33.71,33.8,33.69,33.75,4240
FCUQ.TO,20240425,53.31,53.4,53.27,53.29,4650
FCUQ.U.TO,20240425,39.02,39.04,39,39.04,2500
FCUV.TO,20240425,17.2,17.24,17.1,17.21,24991
FCUV.U.TO,20240425,12.59,12.6,12.59,12.6,1300
FDN.TO,20240425,21.41,21.61,21.41,21.56,400
FDY.TO,20240425,0.73,0.76,0.73,0.76,163810
FEC.TO,20240425,8.91,9.5,8.9,9.41,37979
FETH.TO,20240425,57.12,57.12,57.12,57.12,263
FF.TO,20240425,0.135,0.1425,0.135,0.1425,327946
FFH.TO,20240425,1468.56,1486.97,1455.5,1486.53,38280
FFH.PR.C.TO,20240425,21.49,21.58,21.49,21.55,7896
FFH.PR.D.TO,20240425,21.6,21.62,21.6,21.62,1200
FFH.PR.E.TO,20240425,17.1,17.2,17.1,17.2,95534
FFH.PR.G.TO,20240425,17.75,17.75,17.75,17.75,200
FFH.PR.H.TO,20240425,18.4,18.4,18.4,18.4,1200
FFH.PR.I.TO,20240425,18.15,18.15,18.12,18.14,1764
FFH.PR.J.TO,20240425,19.35,19.35,19.3,19.3,6500
FFH.PR.K.TO,20240425,20.66,20.66,20.61,20.65,1800
FFH.PR.M.TO,20240425,23.59,23.65,23.45,23.45,17754
FFN.TO,20240425,5.49,5.57,5.41,5.57,336255
FFN.PR.A.TO,20240425,10.16,10.16,10.15,10.16,79108
FGGE.TO,20240425,22.1,22.1,22.1,22.1,1200
FGO.TO,20240425,9.63,9.63,9.63,9.63,100
FGO.U.TO,20240425,9.79,9.79,9.79,9.79,700
FHG.TO,20240425,50.15,50.18,49.93,50.18,2300
FHH.TO,20240425,37.82,37.82,37.82,37.82,3200
FHI.TO,20240425,11.38,11.38,11.27,11.27,650
FHIS.TO,20240425,20.63,20.63,20.62,20.63,2264
FHQ.TO,20240425,82.25,83.03,82.25,82.93,1600
FIE.TO,20240425,6.95,6.97,6.92,6.97,138704
FIG.TO,20240425,9.02,9.06,9.02,9.06,2888
FIH.U.TO,20240425,14.81,15.01,14.81,14.98,51407
FIL.TO,20240425,24.23,24.33,23.33,24.23,292807
FLGA.TO,20240425,18.4,18.4,18.34,18.37,800
FLI.TO,20240425,9.77,9.77,9.75,9.75,1756
FLNT.TO,20240425,0.025,0.025,0.025,0.025,30000
FLOW.TO,20240425,0.18,0.18,0.175,0.18,25000
FLSD.TO,20240425,18.64,18.64,18.64,18.64,196
FLUS.TO,20240425,39.82,40.24,39.82,40.16,4101
FM.TO,20240425,16,16.5,15.83,16.24,4332083
FMAX.TO,20240425,17.02,17.02,16.84,16.9,3338
FN.TO,20240425,37.89,38.19,37.89,38.07,16511
FN.PR.B.TO,20240425,14.99,14.99,14.99,14.99,300
FNV.TO,20240425,163.11,166.33,161.69,166.12,215383
FOM.TO,20240425,4.1,4.44,4.09,4.4,1376889
FOOD.TO,20240425,0.31,0.315,0.31,0.315,3713
FORA.TO,20240425,7.59,7.76,7.43,7.68,3600
FRU.TO,20240425,14.21,14.28,14.12,14.28,310975
FSB.TO,20240425,9.51,9.51,9.51,9.51,5343
FST.TO,20240425,49.42,49.56,49.42,49.42,1052
FSV.TO,20240425,208.05,211.13,206.61,207.3,89171
FSY.TO,20240425,0.87,0.87,0.83,0.85,192436
FSZ.TO,20240425,6.7,7.18,6.63,6.98,417251
FSZ.DB.B.TO,20240425,100.49,101,100,101,36000
FT.TO,20240425,0.04,0.045,0.04,0.04,692267
FTG.TO,20240425,5.15,5.16,5.06,5.06,9729
FTN.TO,20240425,8.13,8.19,8.08,8.18,164533
FTN.PR.A.TO,20240425,10.2,10.21,10.18,10.2,158500
FTS.TO,20240425,53.4,53.78,52.92,53.72,1179504
FTS.PR.G.TO,20240425,20.67,20.67,20.65,20.67,900
FTS.PR.I.TO,20240425,16.8,16.8,16.8,16.8,300
FTS.PR.J.TO,20240425,18.35,18.4,18.35,18.4,340
FTS.PR.K.TO,20240425,18.8,18.8,18.74,18.78,8700
FTS.PR.M.TO,20240425,19.2,19.25,19.2,19.25,300
FTT.TO,20240425,41.99,42.4,41.64,42.3,599420
FTU.PR.B.TO,20240425,6.31,6.31,6.24,6.25,2450
FURY.TO,20240425,0.69,0.69,0.67,0.67,11510
FVI.TO,20240425,6.4,6.59,6.28,6.54,579039
FVL.TO,20240425,0.435,0.45,0.435,0.44,75173
FWCP.TO,20240425,16.36,16.36,16.36,16.36,194
FXM.TO,20240425,21.39,21.48,21.39,21.48,2188
G.TO,20240425,1.04,1.04,0.98,1.03,48622
GATO.TO,20240425,13.5,14.1,13.41,13.93,3826
GAU.TO,20240425,1.96,2.08,1.91,2.07,193638
GBAL.TO,20240425,45.88,45.88,45.69,45.79,3929
GCBD.TO,20240425,17.34,17.34,17.34,17.34,538
GCG.TO,20240425,47.65,47.65,47,47,1100
GCG.A.TO,20240425,47.88,47.88,46.93,47.5,3450
GCL.TO,20240425,1.16,1.19,1.16,1.16,157255
GCSC.TO,20240425,23.94,23.94,23.93,23.93,588
GCTB.TO,20240425,50.03,50.03,50.03,50.03,4600
GDC.TO,20240425,3.32,3.34,3.15,3.15,4500
GDI.TO,20240425,37.49,37.5,37.21,37.21,3095
GDL.TO,20240425,14.96,14.96,14.96,14.96,100
GDV.TO,20240425,9.75,9.85,9.7,9.82,13211
GDV.PR.A.TO,20240425,9.7,9.73,9.7,9.72,4900
GEC.TO,20240425,0.36,0.36,0.36,0.36,5500
GEI.TO,20240425,22.66,22.72,22.52,22.72,226257
GENM.TO,20240425,0.27,0.27,0.255,0.26,56150
GEO.TO,20240425,2.14,2.15,2.12,2.12,2900
GEQT.TO,20240425,54.8,54.94,54.57,54.84,1254
GFL.TO,20240425,44.6,44.78,43.73,44.12,209251
GFP.TO,20240425,0.75,0.75,0.71,0.72,2000
GFR.TO,20240425,7.89,7.9,7.8,7.87,1368
GGD.TO,20240425,1.31,1.38,1.29,1.37,362155
GGRO.TO,20240425,49.82,50.28,49.82,50.28,3529
GH.TO,20240425,10.34,10.34,10.18,10.2,4318
GIB.A.TO,20240425,142,142.06,140.16,140.84,358711
GIL.TO,20240425,48.28,48.42,47.66,47.91,183053
GIVX.TO,20240425,0.85,0.85,0.82,0.82,44499
GLCC.TO,20240425,24.58,25.34,24.57,25.22,18133
GLO.TO,20240425,1.93,1.94,1.87,1.92,156113
GLXY.TO,20240425,11.8,12.39,11.7,12.26,287193
GMIN.TO,20240425,2.13,2.15,2.1,2.12,303132
GMTN.TO,20240425,0.035,0.04,0.035,0.035,119047
GMX.TO,20240425,1.02,1.03,1,1.03,41000
GOLD.TO,20240425,1.13,1.14,1.11,1.13,26900
GOOS.TO,20240425,15.55,15.65,15.1,15.24,183104
GRA.TO,20240425,2.61,2.65,2.5,2.63,151628
GRID.TO,20240425,1.77,1.83,1.77,1.83,8900
GRN.TO,20240425,0.09,0.09,0.085,0.085,25589
GRNI.TO,20240425,25.82,25.82,25.82,25.82,1200
GRT.UN.TO,20240425,68.71,69.1,68.34,68.68,100245
GSY.TO,20240425,172.93,176.39,172,176,21047
GTE.TO,20240425,11.33,11.41,11.1,11.39,33575
GTWO.TO,20240425,1.31,1.33,1.27,1.32,2056425
GUD.TO,20240425,5.7,5.72,5.56,5.69,59340
GURU.TO,20240425,2.44,2.52,2.39,2.39,19200
GUTB.U.TO,20240425,50.04,50.04,50.04,50.04,430
GWO.TO,20240425,40.2,40.23,39.86,40.19,934450
GWO.PR.G.TO,20240425,19.5,19.5,19.3,19.3,5500
GWO.PR.H.TO,20240425,17.91,17.91,17.79,17.85,1600
GWO.PR.I.TO,20240425,16.8,16.8,16.69,16.8,2874
GWO.PR.L.TO,20240425,20.75,20.75,20.68,20.75,1420
GWO.PR.N.TO,20240425,14.38,14.55,14.38,14.55,2500
GWO.PR.P.TO,20240425,19.85,19.85,19.78,19.84,2900
GWO.PR.Q.TO,20240425,18.96,19,18.96,19,4800
GWO.PR.R.TO,20240425,17.8,17.8,17.74,17.75,4100
GWO.PR.T.TO,20240425,19.01,19.1,19.01,19.01,6700
GWO.PR.Y.TO,20240425,16.66,16.75,16.62,16.65,3500
GXE.TO,20240425,0.66,0.68,0.66,0.67,231513
H.TO,20240425,37.37,38.01,37.32,37.84,771622
HAB.TO,20240425,9.68,9.72,9.68,9.7,900
HAC.TO,20240425,29.68,29.68,29.68,29.68,1200
HAF.TO,20240425,7.13,7.13,7.13,7.13,204
HAI.TO,20240425,4.65,4.65,4.62,4.63,4909
HAL.TO,20240425,19.44,19.49,19.43,19.43,1528
HAZ.TO,20240425,33.27,33.52,33.27,33.52,3943
HBA.TO,20240425,23.72,23.72,23.72,23.72,621
HBAL.TO,20240425,14.19,14.19,14.19,14.19,1693
HBB.TO,20240425,45.45,45.45,45.35,45.36,35969
HBD.TO,20240425,8.19,8.19,8.12,8.12,9027
HBF.TO,20240425,9.5,9.58,9.5,9.56,12629
HBF.B.TO,20240425,10.67,10.67,10.67,10.67,100
HBF.U.TO,20240425,10.78,10.78,10.78,10.78,3400
HBGD.TO,20240425,25.43,25.45,25,25.45,1817
HBIE.TO,20240425,23.77,23.87,23.68,23.87,2479
HBLK.TO,20240425,15.17,15.25,15.17,15.25,608
HBM.TO,20240425,10.69,11.2,10.66,11.1,2382282
HBND.TO,20240425,14.65,14.65,14.55,14.6,100329
HBNK.TO,20240425,21.01,21.24,21.01,21.21,8108
HBP.TO,20240425,0.195,0.21,0.195,0.21,18100
HBU.TO,20240425,14.39,14.61,14.39,14.54,27350
HCA.TO,20240425,21.35,21.42,21.21,21.42,900
HCAL.TO,20240425,20.5,20.71,20.44,20.69,48649
HCLN.TO,20240425,8.2,8.2,8.2,8.2,1620
HCON.TO,20240425,12.67,12.69,12.67,12.69,1676
HDGE.TO,20240425,26.24,26.29,26.24,26.29,721
HDIF.TO,20240425,8.12,8.15,8.05,8.14,65894
HDIV.TO,20240425,16.32,16.35,16.14,16.35,25566
HED.TO,20240425,3.75,3.75,3.62,3.65,18750
HEQL.TO,20240425,23.25,23.25,23.25,23.25,137
HEQT.TO,20240425,15.71,15.73,15.63,15.72,16780
HEU.TO,20240425,34,34.98,33.87,34.83,87040
HEWB.TO,20240425,31.67,31.8,31.49,31.8,5224
HFD.TO,20240425,9.61,9.78,9.61,9.68,7700
HFG.TO,20240425,23.4,23.4,23.4,23.4,100
HFIN.TO,20240425,15.24,15.27,15.11,15.27,2003
HFPC.U.TO,20240425,2.26,2.26,2.26,2.26,600
HFR.TO,20240425,9.92,9.92,9.91,9.92,34447
HFU.TO,20240425,20.58,20.74,20.29,20.74,1788
HGD.TO,20240425,4.19,4.22,3.97,4.04,1127404
HGGG.TO,20240425,28.61,28.79,28.4,28.78,47582
HGR.TO,20240425,5.75,5.81,5.75,5.79,3319
HGU.TO,20240425,16.15,16.84,15.83,16.66,610218
HGY.TO,20240425,10.49,10.6,10.49,10.57,15188
HHL.TO,20240425,8.15,8.17,8.1,8.15,65222
HHL.U.TO,20240425,8.64,8.65,8.64,8.65,1200
HHLE.TO,20240425,10.25,10.25,10.2,10.23,2104
HIG.TO,20240425,8.65,8.65,8.61,8.61,2600
HIND.TO,20240425,11.7,11.76,11.7,11.76,304
HISU.U.TO,20240425,100.01,100.01,100.01,100.01,3936
HIU.TO,20240425,12.58,12.59,12.47,12.47,10075
HIX.TO,20240425,28.12,28.21,27.9,27.91,2295
HLF.TO,20240425,13.18,13.27,13.16,13.16,4009
HLIF.TO,20240425,8.75,8.75,8.75,8.75,203
HLIT.TO,20240425,19.22,19.34,19.22,19.34,428
HLPR.TO,20240425,25.19,25.2,25.19,25.2,900
HLS.TO,20240425,4.75,4.75,4.72,4.73,4512
HMAX.TO,20240425,13.62,13.65,13.5,13.65,224561
HMM.A.TO,20240425,11.9,11.94,11.5,11.5,19177
HMMJ.TO,20240425,10.28,10.28,10.19,10.19,559
HMP.TO,20240425,9.26,9.29,9.26,9.29,6370
HND.TO,20240425,112.04,113.5,107.45,110.26,204030
HNU.TO,20240425,3.36,3.48,3.29,3.39,4557919
HOD.TO,20240425,6.36,6.5,6.24,6.25,852004
HOM.DB.U.TO,20240425,94.7,94.7,94.7,94.7,10000
HOM.U.TO,20240425,10.75,10.97,10.73,10.78,33010
HOM.UN.TO,20240425,14.76,14.92,14.65,14.82,12619
HOT.DB.V.TO,20240425,85,85,85,85,30000
HOT.U.TO,20240425,0.51,0.51,0.51,0.51,1500
HOT.UN.TO,20240425,0.67,0.71,0.66,0.71,53663
HOU.TO,20240425,15.51,15.83,15.19,15.82,403306
HPF.TO,20240425,3.62,3.66,3.62,3.66,599
HPR.TO,20240425,8.44,8.52,8.44,8.5,36500
HPS.A.TO,20240425,134.99,139.75,133,138.2,72685
HPYM.TO,20240425,11.36,11.36,11.34,11.36,13247
HPYT.TO,20240425,10.82,10.84,10.79,10.84,114065
HPYT.U.TO,20240425,10.98,11.02,10.98,11.02,3001
HQD.TO,20240425,15.48,15.56,15.05,15.13,838750
HQU.TO,20240425,17.19,17.68,17.09,17.61,1472866
HR.UN.TO,20240425,9.1,9.11,9.01,9.07,268044
HRAA.TO,20240425,11.78,11.78,11.78,11.78,300
HRIF.TO,20240425,15.5,15.5,15.5,15.5,175
HRX.TO,20240425,19.91,20.02,19.78,19.89,6524
HSAV.TO,20240425,111.31,111.35,111.15,111.17,35829
HSD.TO,20240425,20.93,21.07,20.53,20.6,547779
HSH.TO,20240425,61.51,62.02,61.49,62.02,3560
HSU.TO,20240425,19.54,19.94,19.41,19.88,428229
HSUV.U.TO,20240425,109.55,109.55,109.5,109.52,9122
HTA.TO,20240425,17.06,17.25,16.99,17.2,37651
HTA.U.TO,20240425,18.33,18.5,18.33,18.5,1262
HTAE.TO,20240425,15.34,15.51,15.25,15.51,8644
HTB.TO,20240425,54.06,54.06,53.82,53.82,15354
HTL.TO,20240425,1.36,1.36,1.36,1.36,21300
HUBL.TO,20240425,12.05,12.05,11.98,12.05,850
HUC.TO,20240425,22.69,23,22.65,22.99,1802
HUG.TO,20240425,18.33,18.43,18.33,18.42,2700
HULC.TO,20240425,82.2,82.27,81.78,82.24,7093
HULC.U.TO,20240425,59.8,60.25,59.53,60.25,4400
HUM.TO,20240425,28.4,28.61,28.4,28.61,1300
HUN.TO,20240425,8.75,8.75,8.49,8.56,9409
HURA.TO,20240425,37.26,37.45,37.26,37.3,717
HUT.TO,20240425,11.81,12.22,11.58,12.08,713691
HUTE.TO,20240425,9.45,9.51,9.42,9.51,1252
HUTL.TO,20240425,16.23,16.38,16.13,16.38,7774
HUTS.TO,20240425,11.19,11.22,11.1,11.21,2300
HUV.TO,20240425,10.17,10.3,9.77,9.82,117483
HUZ.TO,20240425,12.38,12.42,12.38,12.38,1289
HWO.TO,20240425,1.3,1.3,1.29,1.3,51156
HWX.TO,20240425,7.71,7.83,7.67,7.79,402083
HXCN.TO,20240425,35.06,35.31,34.86,35.27,41557
HXD.TO,20240425,6.12,6.16,6.01,6.02,131880
HXDM.TO,20240425,44.69,44.84,44.69,44.78,2781
HXE.TO,20240425,38.74,39.23,38.66,39.23,1308
HXEM.TO,20240425,33.98,34.12,33.98,34.12,900
HXF.TO,20240425,66.5,66.68,66.48,66.68,500
HXH.TO,20240425,48.1,48.16,47.82,48.16,1820
HXQ.TO,20240425,67.49,68.13,67.45,68.01,12872
HXQ.U.TO,20240425,49.9,49.9,49.73,49.74,900
HXS.TO,20240425,69.97,70.28,69.76,70.23,79240
HXS.U.TO,20240425,50.97,51.46,50.97,51.46,200
HXT.TO,20240425,55.48,56.02,55.31,55.93,133019
HXT.U.TO,20240425,40.52,40.52,40.52,40.52,208
HXU.TO,20240425,21.2,21.61,21.06,21.54,10887
HXX.TO,20240425,50.12,50.25,50.12,50.23,3865
HYBR.TO,20240425,8.83,8.83,8.81,8.81,1300
HYLD.TO,20240425,12.7,12.81,12.59,12.79,185954
HYLD.U.TO,20240425,12.96,13.14,12.94,13.14,3552
HZD.TO,20240425,10.74,10.75,10.45,10.56,41999
HZU.TO,20240425,24.74,25.4,24.68,25.1,46441
IAG.TO,20240425,83.27,83.79,82.77,83.58,289990
IAU.TO,20240425,1.68,1.79,1.65,1.75,1025670
ICAE.TO,20240425,19.84,19.9,19.84,19.9,400
ICE.TO,20240425,3.72,3.72,3.72,3.72,100
ICPB.TO,20240425,9.28,9.29,9.28,9.28,5700
IDIV.B.TO,20240425,13.32,13.39,13.32,13.39,200
IE.TO,20240425,12.82,12.82,12.82,12.82,131
IFC.TO,20240425,219.6,221.36,218.5,221.06,164423
IFC.PR.A.TO,20240425,18.45,18.45,18.45,18.45,300
IFC.PR.C.TO,20240425,20.55,21,20.54,21,922
IFC.PR.E.TO,20240425,19.85,19.85,19.75,19.76,1600
IFC.PR.F.TO,20240425,19.8,19.8,19.65,19.77,4100
IFC.PR.G.TO,20240425,22.61,22.88,22.46,22.88,3172
IFC.PR.I.TO,20240425,20.21,20.55,20.14,20.2,16750
IFC.PR.K.TO,20240425,19.75,19.8,19.72,19.8,2300
IFP.TO,20240425,17.75,17.9,17.37,17.86,108480
IFRF.TO,20240425,8.65,8.65,8.62,8.62,4600
IGB.TO,20240425,17.62,17.62,17.62,17.62,1260
IGBT.UN.TO,20240425,10,10,9.95,9.95,4200
IGM.TO,20240425,33.83,33.93,33.62,33.73,196994
IIAE.F.TO,20240425,22.64,22.64,22.64,22.64,1000
III.TO,20240425,2.42,2.69,2.42,2.69,101422
IIMF.F.TO,20240425,21.86,21.86,21.86,21.86,2000
IIP.UN.TO,20240425,11.98,12.16,11.95,12.13,141457
ILGB.TO,20240425,8.53,8.54,8.53,8.54,4600
ILLM.TO,20240425,1.68,1.73,1.68,1.71,53983
IMG.TO,20240425,4.96,5.2,4.93,5.07,1233796
IMO.TO,20240425,96.61,97.63,95.55,97.36,657702
IMP.TO,20240425,0.64,0.64,0.62,0.62,14500
INAI.F.TO,20240425,21.1,21.49,21.1,21.49,325
INC.UN.TO,20240425,7.62,7.62,7.39,7.45,1623
INE.TO,20240425,8.11,8.18,7.91,7.97,675072
INE.DB.C.TO,20240425,93,93,93,93,22000
INE.PR.A.TO,20240425,12.68,12.75,12.68,12.75,1700
INO.UN.TO,20240425,1.13,1.13,1,1.12,79453
INOC.TO,20240425,14.97,14.97,14.97,14.97,400
IPCO.TO,20240425,17.3,17.79,17.3,17.67,41269
IPO.TO,20240425,2.49,2.5,2.45,2.5,103159
IQD.TO,20240425,34.31,34.34,34.31,34.34,400
IQD.B.TO,20240425,29.58,29.58,29.58,29.58,511
ISV.TO,20240425,26.31,26.6,26.3,26.3,2488
ITE.TO,20240425,0.19,0.195,0.19,0.195,689533
ITH.TO,20240425,0.86,0.86,0.86,0.86,2300
IUAE.TO,20240425,21.92,21.96,21.92,21.96,300
IUFR.U.TO,20240425,20.17,20.17,20.17,20.17,100
IUMF.TO,20240425,21.69,21.69,21.69,21.69,120
IUMF.F.TO,20240425,20.63,20.76,20.63,20.76,2200
IVN.TO,20240425,18.35,19.27,18.32,19.22,2616763
IVQ.TO,20240425,0.245,0.245,0.245,0.245,23699
IVQ.DB.U.TO,20240425,48,48,48,48,18000
IVQ.DB.V.TO,20240425,45,52,45,52,82000
IWBE.TO,20240425,17.41,17.42,17.41,17.41,2400
IXTE.TO,20240425,19.27,19.39,19.27,19.39,300
JAG.TO,20240425,2.8,3.04,2.8,3.02,27413
JAPN.TO,20240425,47.25,47.7,47.25,47.7,584
JAPN.B.TO,20240425,33.01,33.01,33.01,33.01,200
JFS.UN.TO,20240425,26.03,26.18,26.01,26.18,4400
JOY.TO,20240425,3.8,3.93,3.75,3.91,115059
JWEL.TO,20240425,26.11,26.27,25.85,26.15,24082
K.TO,20240425,9.06,9.26,8.85,9.2,3955108
KBL.TO,20240425,34.21,35.1,34.2,34.89,4950
KEC.TO,20240425,12.4,12.4,12.25,12.36,800
KEG.UN.TO,20240425,14.5,14.52,14.4,14.45,6402
KEI.TO,20240425,4.35,4.35,4.28,4.29,4350
KEL.TO,20240425,6.27,6.32,6.23,6.31,202912
KEY.TO,20240425,35.33,35.58,35.26,35.44,693998
KILO.TO,20240425,34.48,34.76,34.48,34.71,3754
KILO.B.TO,20240425,37.81,37.92,37.81,37.92,229
KITS.TO,20240425,5.59,6,5.59,5.67,16888
KLS.TO,20240425,0.15,0.16,0.15,0.16,59650
KMP.UN.TO,20240425,17.12,17.35,16.98,17.22,129172
KNT.TO,20240425,7.45,7.74,7.34,7.69,743263
KPT.TO,20240425,8.4,8.4,8.3,8.3,10400
KRN.TO,20240425,0.17,0.17,0.17,0.17,1500
KSI.TO,20240425,3.75,3.78,3.75,3.78,9652
KXS.TO,20240425,151.04,151.27,149.33,149.56,48850
L.TO,20240425,151.91,153.49,150.21,152.43,199549
L.PR.B.TO,20240425,21.35,21.44,21.35,21.44,409
LAAC.TO,20240425,6.62,6.73,6.58,6.66,128969
LABS.TO,20240425,0.08,0.085,0.08,0.08,51440
LAC.TO,20240425,6.05,6.14,6.01,6.05,1657950
LAM.TO,20240425,0.66,0.69,0.66,0.68,129792
LAS.A.TO,20240425,143.03,143.82,143,143.82,1281
LB.TO,20240425,25.87,25.89,25.64,25.8,172506
LB.PR.H.TO,20240425,18.1,18.1,18,18.05,5150
LBS.TO,20240425,7.59,7.61,7.49,7.57,113079
LBS.PR.A.TO,20240425,9.97,10.1,9.97,10.05,136100
LCFS.TO,20240425,7.38,7.42,7.38,7.4,178157
LCS.TO,20240425,6.24,6.24,6.09,6.21,25388
LCS.PR.A.TO,20240425,10.13,10.13,10,10.1,7765
LEAD.TO,20240425,18.56,18.56,18.56,18.56,601
LEAD.B.TO,20240425,19.36,19.36,19.36,19.36,526
LEV.TO,20240425,1.29,1.29,1.22,1.26,510042
LEV.WT.TO,20240425,0.04,0.04,0.04,0.04,6538
LFE.TO,20240425,4.19,4.19,4.05,4.11,26465
LFE.PR.B.TO,20240425,10.09,10.1,10.09,10.1,8000
LGD.TO,20240425,0.335,0.36,0.33,0.35,188550
LGO.TO,20240425,2.1,2.12,2.01,2.05,24128
LIF.TO,20240425,29.94,30.57,29.94,30.47,111764
LIFE.TO,20240425,21.01,21.14,20.94,21.01,10608
LIFE.B.TO,20240425,24.61,24.61,24.61,24.61,6010
LIFE.U.TO,20240425,20.41,20.51,20.41,20.51,5700
LIRC.TO,20240425,6.76,6.84,6.72,6.76,8841
LMAX.TO,20240425,15.78,15.78,15.58,15.59,18844
LN.TO,20240425,0.365,0.365,0.36,0.36,66500
LNF.TO,20240425,21.17,22.74,21.1,22.52,52319
LNR.TO,20240425,65.31,65.96,64.68,65.7,35669
LPAY.TO,20240425,26.66,26.66,26.6,26.6,3700
LPAY.U.TO,20240425,19.48,19.48,19.48,19.48,372
LSPD.TO,20240425,18.31,18.31,18.02,18.08,487975
LUC.TO,20240425,0.31,0.31,0.31,0.31,8600
LUG.TO,20240425,18.92,19.54,18.7,19.35,316340
LUN.TO,20240425,15.57,15.78,15.37,15.6,3391155
MAG.TO,20240425,16.85,17.76,16.5,17.7,337238
MAL.TO,20240425,7.97,7.98,7.91,7.98,9600
MARI.TO,20240425,3.75,3.85,3.7,3.85,47277
MATR.TO,20240425,16.9,16.95,16.66,16.77,61821
MBAL.TO,20240425,22.8,22.89,22.8,22.89,1669
MBX.TO,20240425,0.335,0.335,0.335,0.335,2500
MCAD.TO,20240425,100.02,100.02,100.01,100.02,12950
MCB.TO,20240425,1.85,1.95,1.85,1.95,76300
MCLC.TO,20240425,37.03,37.29,37.03,37.29,500
MCSM.TO,20240425,38.54,38.54,38.54,38.54,320
MDA.TO,20240425,14.5,14.71,14.28,14.69,91316
MDI.TO,20240425,9.43,9.79,9.43,9.72,40015
MDNA.TO,20240425,1.82,2,1.82,1.95,175848
MDP.TO,20240425,1.76,1.9,1.75,1.86,47420
MDS.UN.TO,20240425,12.7,12.7,12.7,12.7,300
MEG.TO,20240425,31.56,32.46,31.38,32.28,1546047
MEQ.TO,20240425,181,181,178.16,179.77,2923
MFC.TO,20240425,31.86,32.01,31.52,31.94,4766888
MFC.PR.B.TO,20240425,18.26,18.26,18.12,18.16,3276
MFC.PR.C.TO,20240425,17.6,17.7,17.5,17.7,7677
MFC.PR.F.TO,20240425,16.01,16.41,16,16.41,21500
MFC.PR.I.TO,20240425,22.88,22.88,22.88,22.88,148
MFC.PR.J.TO,20240425,22.97,22.97,22.97,22.97,600
MFC.PR.K.TO,20240425,22.85,22.94,22.71,22.71,7912
MFC.PR.L.TO,20240425,21.6,22.18,21.6,22.02,33172
MFC.PR.M.TO,20240425,20.96,21.12,20.95,21.12,13900
MFC.PR.N.TO,20240425,20.54,20.56,20.54,20.55,5000
MFC.PR.Q.TO,20240425,22,22.2,22,22.2,1200
MFI.TO,20240425,24.11,24.11,23.68,23.74,74148
MFT.TO,20240425,17.15,17.22,17.15,17.19,13138
MG.TO,20240425,66.76,66.76,65.9,66.54,1064585
MGA.TO,20240425,0.365,0.375,0.36,0.375,325320
MGB.TO,20240425,15.82,15.9,15.82,15.9,200
MGRW.TO,20240425,25.4,25.41,25.38,25.38,13500
MHC.U.TO,20240425,15.04,15.1,14.99,15.1,156871
MHC.UN.TO,20240425,20.66,20.66,20.5,20.52,1250
MHCD.TO,20240425,11.47,11.47,11.41,11.44,1438
MI.UN.TO,20240425,14.91,15.26,14.8,15.09,47294
MIC.PR.A.TO,20240425,18.84,18.84,18.82,18.82,700
MID.UN.TO,20240425,6.75,6.85,6.75,6.85,4200
MIN.TO,20240425,0.19,0.19,0.19,0.19,750
MINF.TO,20240425,9.01,9.17,9.01,9.17,5500
MINT.TO,20240425,37.28,37.28,37.28,37.28,100
MINT.B.TO,20240425,32.6,32.6,32.6,32.6,100
MIVG.TO,20240425,30.5,30.5,30.5,30.5,1500
MKB.TO,20240425,18.35,18.4,18.35,18.37,8255
MKP.TO,20240425,15.71,15.95,15.71,15.9,39607
MKZ.UN.TO,20240425,0.32,0.32,0.315,0.315,4500
MMP.UN.TO,20240425,1.67,1.72,1.67,1.72,2200
MND.TO,20240425,2.27,2.35,2.27,2.34,2402
MNO.TO,20240425,0.42,0.43,0.41,0.43,41501
MNT.TO,20240425,32.29,32.5,32.29,32.37,20402
MNU.U.TO,20240425,100.45,100.45,100.45,100.45,241
MNY.TO,20240425,100.4,100.4,100.4,100.4,3515
MOGO.TO,20240425,2.57,2.57,2.49,2.5,16091
MPAY.TO,20240425,26.9,26.9,26.82,26.82,4175
MPCT.UN.TO,20240425,4.19,4.19,4.08,4.15,11730
MPVD.TO,20240425,0.17,0.175,0.17,0.17,138977
MPY.TO,20240425,9.41,9.41,9.41,9.41,7200
MR.DB.B.TO,20240425,95.98,95.98,95.98,95.98,6000
MR.UN.TO,20240425,2.96,3.03,2.96,3.01,5202
MRC.TO,20240425,110.51,111.16,110,111.16,1206
MRD.TO,20240425,11.32,11.34,11.31,11.31,2200
MRE.TO,20240425,11.42,11.42,11.24,11.32,93744
MREL.TO,20240425,11.33,11.35,11.26,11.32,11769
MRG.UN.TO,20240425,15.52,15.57,15.52,15.55,26826
MRT.DB.A.TO,20240425,93.51,93.51,93.51,93.51,10000
MRT.UN.TO,20240425,5.35,5.35,5.33,5.33,400
MRU.TO,20240425,69.94,71.14,69.19,70.95,359308
MSA.TO,20240425,1.15,1.2,1.15,1.18,32907
MSCL.TO,20240425,0.51,0.51,0.44,0.44,49000
MTAV.TO,20240425,24.94,24.94,24.94,24.94,400
MTL.TO,20240425,13.74,13.74,12.9,13.12,1339602
MTY.TO,20240425,48.06,48.51,47.8,48.4,24918
MUB.TO,20240425,17.79,17.89,17.79,17.86,32470
MULC.TO,20240425,46.83,46.83,46.73,46.73,300
MULC.B.TO,20240425,51.46,51.55,51.46,51.55,505
MUMC.B.TO,20240425,45.32,45.45,45.3,45.34,1018
MUX.TO,20240425,14.87,16.49,14.87,16.31,100132
MWLV.TO,20240425,20.45,20.45,20.45,20.45,100
MX.TO,20240425,66.97,69.85,63.66,65.24,285133
MXG.TO,20240425,4.33,4.45,4.33,4.42,6226
NA.TO,20240425,111.14,112.39,110.67,112.06,1353473
NA.PR.C.TO,20240425,25.4,25.69,25.32,25.69,3100
NA.PR.E.TO,20240425,22.4,22.48,22.4,22.48,1556
NA.PR.G.TO,20240425,25.3,25.3,25,25,18100
NA.PR.S.TO,20240425,22.91,23.02,22.88,23.02,2937
NALT.TO,20240425,23.93,24.07,23.93,24.07,5600
NANO.TO,20240425,1.7,1.78,1.7,1.77,57722
NDM.TO,20240425,0.405,0.405,0.405,0.405,12688
NEO.TO,20240425,5.85,5.91,5.8,5.8,98014
NEXT.TO,20240425,0.7,0.73,0.68,0.73,100710
NFI.TO,20240425,11.43,11.43,11.19,11.2,143591
NFI.DB.TO,20240425,86,86.2,86,86.11,20000
NG.TO,20240425,3.9,3.99,3.86,3.97,184395
NGD.TO,20240425,2.37,2.48,2.33,2.48,1430740
NGEX.TO,20240425,9.85,9.97,9.71,9.95,227821
NGPE.TO,20240425,43.52,43.52,43.52,43.52,100
NGT.TO,20240425,55,59.99,54.87,59.26,959829
NHYB.TO,20240425,20.85,20.85,20.82,20.82,301
NINT.TO,20240425,24.65,24.65,24.65,24.65,500
NOA.TO,20240425,29.12,29.81,28.94,29.81,45529
NOVB.F.TO,20240425,39.97,39.97,39.97,39.97,538
NOVC.TO,20240425,1.35,1.35,1.32,1.34,13663
NPI.TO,20240425,21.23,21.3,20.63,20.67,1153154
NPI.PR.B.TO,20240425,18.1,18.12,18.07,18.07,2097
NPK.TO,20240425,0.85,0.87,0.84,0.87,28975
NPRF.TO,20240425,21.65,21.66,21.59,21.62,2500
NPS.TO,20240425,11.99,12.22,11.99,12.06,3900
NPS.PR.A.TO,20240425,10.12,10.12,10.12,10.12,100
NREA.TO,20240425,19.23,19.35,19.2,19.33,5435
NRR.UN.TO,20240425,14.12,14.12,13.81,13.97,5770
NSCB.TO,20240425,21.45,21.45,21.44,21.44,600
NSCC.TO,20240425,21.27,21.27,21.27,21.27,400
NSCE.TO,20240425,38.87,38.87,38.87,38.87,938
NSGE.TO,20240425,37.51,37.55,37.51,37.55,200
NSSB.TO,20240425,9.73,9.73,9.73,9.73,719
NTR.TO,20240425,71.4,71.61,70.48,71.12,472164
NUAG.TO,20240425,2.65,2.74,2.54,2.7,96977
NUBF.TO,20240425,20.73,20.81,20.73,20.81,10822
NUMI.TO,20240425,0.08,0.08,0.075,0.08,115059
NUSA.TO,20240425,39.3,39.53,39.3,39.45,4600
NVA.TO,20240425,12.75,12.85,12.63,12.8,645185
NVEI.TO,20240425,43.97,44.07,43.83,44.02,88916
NVO.TO,20240425,0.145,0.15,0.14,0.15,182894
NWC.TO,20240425,39.13,39.59,38.94,39.24,38835
NWH.DB.G.TO,20240425,100,100,100,100,221000
NWH.DB.H.TO,20240425,81.72,82.02,81.72,81.74,31000
NWH.DB.I.TO,20240425,83,83,83,83,18000
NWH.UN.TO,20240425,4.83,4.85,4.79,4.84,216028
NXE.TO,20240425,10.67,10.73,10.5,10.53,790412
NXF.TO,20240425,6.53,6.59,6.5,6.56,19098
NXF.B.TO,20240425,8.51,8.55,8.51,8.54,21486
NXR.UN.TO,20240425,7.1,7.1,6.97,7.02,132692
NXTG.TO,20240425,9.98,9.98,9.98,9.98,100
OBE.TO,20240425,11.66,12.06,11.66,12.01,205809
OGC.TO,20240425,3,3.14,2.94,3.13,1514976
OGD.TO,20240425,0.58,0.58,0.54,0.54,16500
OGI.TO,20240425,2.61,2.62,2.53,2.56,229496
OLA.TO,20240425,5.48,5.6,5.41,5.58,244116
OLY.TO,20240425,100.85,104.95,100.25,104.95,3359
ONC.TO,20240425,1.44,1.55,1.43,1.49,62333
ONEX.TO,20240425,98.41,100.25,97.81,98.74,67122
OPT.TO,20240425,6,6.5,6,6.5,400
OR.TO,20240425,21.58,21.87,21.32,21.78,221218
ORA.TO,20240425,10.89,10.89,10,10.19,10222
ORE.TO,20240425,0.83,0.85,0.82,0.84,301229
ORV.TO,20240425,0.185,0.185,0.185,0.185,500
OSK.TO,20240425,3.04,3.14,3.02,3.1,653154
OTEX.TO,20240425,48.58,49.13,47.82,48.85,472044
OVV.TO,20240425,72.39,73.22,71.79,72.59,62964
PAAS.TO,20240425,25.47,26.06,25.16,25.91,838882
PABF.TO,20240425,22.07,22.07,22.04,22.04,7700
PAGF.TO,20240425,22.6,22.6,22.6,22.6,5800
PAY.TO,20240425,6,6.05,5.96,6,44952
PAYF.TO,20240425,18.28,18.28,18.28,18.28,131
PBH.TO,20240425,88.63,89.69,88.35,89.34,31494
PBH.DB.G.TO,20240425,97.7,97.7,97.7,97.7,15000
PBH.DB.H.TO,20240425,91.5,91.5,91.5,91.5,1000
PBH.DB.I.TO,20240425,92,92,91.74,91.74,37000
PBI.B.TO,20240425,49.88,49.88,49.68,49.68,1100
PBL.TO,20240425,35.5,35.93,35.38,35.38,1459
PBY.UN.TO,20240425,14.86,14.92,14.86,14.91,3700
PCON.TO,20240425,18.07,18.07,18.07,18.07,100
PCOR.TO,20240425,17.81,17.81,17.81,17.81,3000
PD.TO,20240425,92,96.32,88.33,94.11,223859
PDC.TO,20240425,30.18,30.34,30.08,30.34,9394
PDF.TO,20240425,30.55,30.64,30.55,30.63,3100
PDIV.TO,20240425,9.3,9.3,9.17,9.23,18471
PEA.TO,20240425,0.35,0.36,0.35,0.35,128500
PET.TO,20240425,31.71,31.71,30.98,31.07,34876
PEY.TO,20240425,15.51,15.65,15.43,15.49,937244
PFAA.TO,20240425,11.05,11.05,10.88,10.95,17813
PFAE.TO,20240425,17.42,17.42,17.42,17.42,100
PFH.F.TO,20240425,17.56,17.57,17.55,17.57,800
PFIA.TO,20240425,9.75,9.75,9.72,9.72,22000
PFL.TO,20240425,19.65,19.67,19.65,19.65,60626
PFLS.TO,20240425,16.49,16.55,16.45,16.53,115582
PFMN.TO,20240425,14.17,14.21,14.16,14.18,9600
PFSS.TO,20240425,9.14,9.15,9.14,9.15,2100
PGI.UN.TO,20240425,7.6,7.62,7.55,7.55,20394
PHX.TO,20240425,9.16,9.16,8.93,9,51760
PHYS.TO,20240425,24.63,24.87,24.63,24.75,299702
PHYS.U.TO,20240425,18,18.15,17.98,18.1,17700
PIC.A.TO,20240425,4.07,4.12,4,4.06,35766
PIC.PR.A.TO,20240425,14.25,14.25,14.15,14.2,20700
PID.TO,20240425,22.47,22.67,22.47,22.67,1544
PIF.TO,20240425,11.57,11.66,11.41,11.5,43987
PINC.TO,20240425,16.76,16.76,16.74,16.74,600
PIX.UN.TO,20240425,7.98,8,7.93,8,19119
PKI.TO,20240425,42.56,43.31,42.56,43.15,303994
PLDI.TO,20240425,18.73,18.73,18.73,18.73,480
PLZ.UN.TO,20240425,3.5,3.53,3.5,3.52,41129
PME.TO,20240425,2.09,2.22,2.09,2.22,20201
PMET.TO,20240425,6.83,6.95,6.67,6.9,113170
PMIF.TO,20240425,17.78,17.8,17.72,17.8,38663
PMIF.U.TO,20240425,18.92,18.92,18.92,18.92,200
PMM.TO,20240425,21.82,21.83,21.8,21.8,400
PMNT.TO,20240425,19.1,19.11,19.1,19.11,546
PMT.TO,20240425,0.54,0.54,0.53,0.53,8220
PMZ.UN.TO,20240425,13.35,13.41,13.14,13.19,71508
PNC.A.TO,20240425,1.23,1.41,1.23,1.34,500
PNE.TO,20240425,0.97,0.99,0.97,0.99,65201
PNP.TO,20240425,5.6,5.6,5.5,5.52,9788
POU.TO,20240425,30.74,31.66,30.35,31.58,295342
POW.TO,20240425,36.77,37.02,36.49,36.64,2637641
POW.PR.A.TO,20240425,20.7,20.99,20.69,20.99,5960
POW.PR.B.TO,20240425,19.68,19.68,19.57,19.6,2420
POW.PR.C.TO,20240425,21.45,21.7,21.45,21.55,300
POW.PR.D.TO,20240425,18.6,18.6,18.55,18.6,1200
POW.PR.G.TO,20240425,20.51,20.52,20.51,20.52,882
PPL.TO,20240425,48.44,48.85,48.23,48.78,1404584
PPL.PF.A.TO,20240425,21.43,21.45,21.3,21.3,27660
PPL.PF.E.TO,20240425,22.25,22.25,22.05,22.05,1600
PPL.PR.A.TO,20240425,20.42,20.49,20.35,20.49,40082
PPL.PR.C.TO,20240425,19.73,19.74,19.73,19.73,931
PPL.PR.E.TO,20240425,21.5,21.5,21.41,21.41,2200
PPL.PR.G.TO,20240425,19.63,19.74,19.63,19.65,2200
PPL.PR.I.TO,20240425,22.55,22.55,22.55,22.55,140
PPL.PR.O.TO,20240425,20.4,20.54,20.4,20.54,1000
PPL.PR.Q.TO,20240425,21.76,22,21.76,21.93,3581
PPL.PR.S.TO,20240425,23.28,23.28,23.28,23.28,100
PPR.TO,20240425,0.07,0.07,0.065,0.065,10700
PPTA.TO,20240425,8.02,8.2,7.79,7.81,61732
PR.TO,20240425,9.1,9.1,9.09,9.09,8558
PRA.TO,20240425,28.2,28.2,28.14,28.14,2875
PRB.TO,20240425,1.57,1.63,1.53,1.53,57950
PRL.TO,20240425,22.08,22.57,21.81,22.37,45057
PRM.TO,20240425,13.5,13.5,13.5,13.5,100
PRM.PR.A.TO,20240425,9.43,9.68,9.43,9.68,200
PRMW.TO,20240425,25.76,25.89,25.6,25.74,71385
PRN.TO,20240425,10.45,11.34,10.45,11.26,5849
PRQ.TO,20240425,1.35,1.35,1.32,1.32,13152
PRU.TO,20240425,1.93,1.97,1.93,1.96,27700
PRV.UN.TO,20240425,5.07,5.11,5.06,5.1,38469
PRYM.TO,20240425,2.21,2.33,2.18,2.29,162511
PSA.TO,20240425,50.19,50.2,50.19,50.19,214576
PSB.TO,20240425,17.09,17.12,17.09,17.12,2176
PSD.TO,20240425,2.15,2.25,2.15,2.25,10578
PSI.TO,20240425,15.94,16.39,15.92,16.25,94076
PSK.TO,20240425,26.95,26.95,26.66,26.85,258122
PSLV.TO,20240425,12.66,12.79,12.62,12.69,839142
PSLV.U.TO,20240425,9.24,9.31,9.24,9.28,732
PSU.U.TO,20240425,100.41,100.42,100.41,100.41,12813
PTI.UN.TO,20240425,6.53,6.57,6.53,6.57,10219
PTM.TO,20240425,1.81,1.93,1.81,1.87,20108
PTO.UN.TO,20240425,7.1,7.1,7.05,7.06,8300
PVS.PR.G.TO,20240425,24.35,24.35,24.35,24.35,100
PVS.PR.H.TO,20240425,23.83,23.85,23.83,23.85,6200
PVS.PR.J.TO,20240425,22.5,22.85,22.5,22.6,4700
PVS.PR.K.TO,20240425,22.39,22.47,22.35,22.35,2300
PWF.PF.A.TO,20240425,16.66,16.66,16.66,16.66,500
PWF.PR.F.TO,20240425,19.15,19.15,19.05,19.13,2150
PWF.PR.G.TO,20240425,21.69,21.7,21.66,21.7,1000
PWF.PR.K.TO,20240425,18.06,18.06,18.05,18.06,900
PWF.PR.L.TO,20240425,18.57,18.65,18.57,18.65,1800
PWF.PR.O.TO,20240425,21.13,21.2,21.12,21.15,2500
PWF.PR.P.TO,20240425,14.88,14.89,14.8,14.8,4600
PWF.PR.R.TO,20240425,19.98,20.15,19.98,20,4300
PWF.PR.S.TO,20240425,17.55,17.61,17.55,17.58,2400
PWF.PR.T.TO,20240425,21.8,21.89,21.78,21.78,1400
PWI.TO,20240425,7.39,7.39,7.35,7.39,4894
PWI.PR.A.TO,20240425,10.02,10.06,10.01,10.06,5264
PXC.TO,20240425,36.85,36.99,36.73,36.99,2300
PXS.TO,20240425,44.06,44.06,43.97,44.06,700
PXT.TO,20240425,24.02,24.36,23.99,24.33,232786
PYF.TO,20240425,17.2,17.24,17.2,17.24,6255
PYR.TO,20240425,0.475,0.475,0.46,0.465,13663
PZA.TO,20240425,13.4,13.45,13.3,13.39,19836
PZW.TO,20240425,31.91,31.91,31.91,31.91,100
QAH.TO,20240425,166.01,166.91,166.01,166.9,800
QBB.TO,20240425,89.2,89.2,88.94,89.12,3304
QBR.A.TO,20240425,28.97,28.97,28.97,28.97,100
QBR.B.TO,20240425,28.53,28.74,28.16,28.47,730044
QBTC.TO,20240425,87.54,90.36,87.28,89.49,20499
QBTC.U.TO,20240425,64.5,66.09,64.18,65.42,12630
QBTL.TO,20240425,19.4,19.4,19.4,19.4,125
QCE.TO,20240425,132.07,133.21,132.07,133.21,603
QCLN.TO,20240425,14,14.11,13.92,14.11,3600
QCN.TO,20240425,132.79,133.49,132.79,133.49,500
QDX.TO,20240425,114.44,114.72,114.42,114.68,7029
QDXB.TO,20240425,87.34,87.38,87.34,87.38,400
QEC.TO,20240425,0.21,0.21,0.21,0.21,13500
QEE.TO,20240425,88.07,88.55,88.07,88.55,300
QETH.U.TO,20240425,50.65,50.65,50.65,50.65,100
QETH.UN.TO,20240425,66.3,69,66.3,68.99,4838
QIPT.TO,20240425,5.2,5.2,5,5.01,20700
QMAX.TO,20240425,18.58,18.83,18.46,18.78,72101
QQC.TO,20240425,28.08,28.36,28.04,28.34,40919
QQC.F.TO,20240425,137,139.29,137,138.84,4729
QQCC.TO,20240425,11.35,11.41,11.33,11.4,39991
QQCE.TO,20240425,23.85,24.02,23.82,23.97,5600
QQCL.TO,20240425,21.27,21.36,21.18,21.34,6848
QQEQ.TO,20240425,25.21,25.21,25.15,25.15,1230
QQQT.TO,20240425,25.24,25.98,25.24,25.88,5526
QQQT.B.TO,20240425,26.95,26.97,26.95,26.97,320
QQQY.TO,20240425,23.73,24.49,23.73,24.46,4726
QRC.TO,20240425,0.85,0.86,0.85,0.85,27820
QSR.TO,20240425,100.18,100.66,99.26,99.83,411190
QTRH.TO,20240425,1.73,1.75,1.71,1.74,23987
QUB.TO,20240425,79.54,79.61,79.54,79.61,400
QUIG.TO,20240425,83.73,83.73,83.73,83.73,100
QUS.TO,20240425,49.98,50.23,49.86,50.23,2500
QUU.TO,20240425,196.7,197.83,196.6,197.83,3609
QXM.TO,20240425,27.23,27.23,27.23,27.23,511
RA.UN.TO,20240425,7.21,7.21,7.2,7.21,2500
RATE.TO,20240425,21.02,21.03,20.96,20.96,9747
RAY.A.TO,20240425,7.14,7.4,7.14,7.35,58807
RBA.TO,20240425,100.23,101.25,99.45,100.16,92779
RBN.UN.TO,20240425,7.69,7.69,7.69,7.69,2001
RBNK.TO,20240425,23.86,23.91,23.67,23.91,12467
RBO.TO,20240425,18.05,18.05,18.05,18.05,4004
RBOT.TO,20240425,28.3,28.3,28.3,28.3,1031
RBY.TO,20240425,2.68,2.69,2.68,2.68,3100
RCD.TO,20240425,25.98,25.98,25.98,25.98,150
RCDC.TO,20240425,19.66,19.66,19.66,19.66,309
RCG.TO,20240425,7,7.01,6.85,6.89,6344
RCG.PR.B.TO,20240425,11.34,11.35,11.25,11.25,2400
RCH.TO,20240425,38.88,38.92,38.11,38.77,44036
RCI.A.TO,20240425,55.07,55.5,55,55.5,1018
RCI.B.TO,20240425,51.99,52.16,51.05,52,1962328
RDBH.TO,20240425,19.92,19.94,19.92,19.94,200
REAL.TO,20240425,5.25,5.25,5.14,5.18,41745
REI.UN.TO,20240425,17.6,17.6,17.36,17.54,740922
RGQN.TO,20240425,20.05,20.06,20.05,20.05,3850
RGQO.TO,20240425,19.89,19.89,19.89,19.89,100
RGQQ.TO,20240425,19.35,19.35,19.35,19.35,233
RGQR.TO,20240425,19.22,19.23,19.22,19.22,1593
RID.TO,20240425,25.37,25.39,25.37,25.38,300
RIDH.TO,20240425,28.18,28.35,28.17,28.3,6729
RIFI.TO,20240425,17.13,17.13,17.13,17.13,300
RIIN.TO,20240425,18.86,18.88,18.86,18.88,600
RIT.TO,20240425,15.06,15.16,15.04,15.15,11253
RLB.TO,20240425,18.06,18.06,18.06,18.06,5400
ROOT.TO,20240425,2.36,2.43,2.36,2.4,5203
RPF.TO,20240425,19.78,19.96,19.78,19.94,5950
RPI.UN.TO,20240425,32.8,33.05,32.75,32.75,300
RQN.TO,20240425,20.06,20.08,20.06,20.08,26500
RQO.TO,20240425,18.1,18.11,18.09,18.1,22037
RQP.TO,20240425,17.56,17.56,17.55,17.56,5100
RQQ.TO,20240425,21.07,21.07,21.03,21.06,5700
RQR.TO,20240425,20.8,20.8,20.77,20.77,700
RS.TO,20240425,11.67,11.7,11.48,11.65,19845
RS.PR.A.TO,20240425,9.69,9.74,9.69,9.73,28900
RSI.TO,20240425,5.19,5.23,5.18,5.21,89165
RSI.DB.E.TO,20240425,99,99.23,99,99.23,11000
RUBH.TO,20240425,15.87,15.87,15.87,15.87,141
RUBY.TO,20240425,19.83,19.83,19.83,19.83,400
RUD.TO,20240425,62.05,62.05,61.6,61.87,8195
RUDB.U.TO,20240425,14.87,14.87,14.87,14.87,1360
RUP.TO,20240425,4.1,4.14,4.05,4.09,99422
RUQQ.TO,20240425,19.89,19.89,19.89,19.89,2000
RUQS.TO,20240425,19.92,19.92,19.87,19.87,1100
RUS.TO,20240425,39.34,39.44,38.59,39.27,142040
RUSB.U.TO,20240425,14.96,14.96,14.96,14.96,1000
RVX.TO,20240425,0.055,0.055,0.055,0.055,7200
RY.TO,20240425,132.2,133.75,131.57,133.47,9280678
RY.PR.J.TO,20240425,23.75,23.75,23.75,23.75,9605
RY.PR.M.TO,20240425,22.87,23,22.87,23,57600
RY.PR.N.TO,20240425,22.51,22.51,22.5,22.5,900
RY.PR.O.TO,20240425,22.14,22.39,22.14,22.39,400
RY.PR.S.TO,20240425,23.47,23.51,23.47,23.5,8200
S.TO,20240425,0.33,0.33,0.3175,0.3175,193500
SAM.TO,20240425,0.11,0.11,0.11,0.11,595
SAP.TO,20240425,26.72,26.72,26.24,26.28,279614
SAU.TO,20240425,0.075,0.075,0.075,0.075,3665
SBC.TO,20240425,8.89,9.04,8.89,8.93,16975
SBC.PR.A.TO,20240425,9.99,10.08,9.99,10.08,3900
SBI.TO,20240425,1.13,1.13,1.1,1.12,83959
SBT.B.TO,20240425,19.87,19.87,19.87,19.87,300
SCR.TO,20240425,32.52,33.53,32.18,33.38,21925
SDE.TO,20240425,4.05,4.14,4.05,4.14,396295
SEA.TO,20240425,20.67,21.39,20.61,21.27,149602
SES.TO,20240425,11.11,11.59,11.04,11.56,1644362
SFC.TO,20240425,6.89,6.89,6.84,6.85,8729
SFI.TO,20240425,0.275,0.275,0.27,0.27,14000
SFTC.TO,20240425,18.38,18.38,17.55,17.82,9009
SGLD.TO,20240425,0.18,0.18,0.18,0.18,13150
SGNL.TO,20240425,0.12,0.12,0.115,0.115,17533
SGR.UN.TO,20240425,10.88,10.96,10.82,10.94,48916
SGY.TO,20240425,7.65,7.84,7.64,7.8,315709
SGY.DB.B.TO,20240425,101.1,101.5,101,101.5,24000
SHLE.TO,20240425,15.66,16.12,15.45,15.59,15402
SHOP.TO,20240425,96.77,97.7,95.49,96.33,2440858
SIA.TO,20240425,13.04,13.14,13.01,13.11,142120
SII.TO,20240425,52.63,54.84,52.63,54.7,29450
SIL.TO,20240425,11.2,11.63,11.1,11.57,453160
SIS.TO,20240425,16.8,16.86,16.59,16.66,73070
SJ.TO,20240425,80,80.47,79.93,80.33,43888
SKE.TO,20240425,6.34,6.46,6.19,6.36,232740
SKYY.TO,20240425,21.84,22.04,21.79,22.02,2600
SLF.TO,20240425,70.43,70.51,69.72,70.14,933383
SLF.PR.C.TO,20240425,17.89,17.89,17.69,17.69,2104
SLF.PR.D.TO,20240425,17.76,17.76,17.5,17.65,22121
SLF.PR.E.TO,20240425,17.91,17.91,17.7,17.81,5849
SLF.PR.H.TO,20240425,18.65,18.91,18.65,18.9,4815
SLF.PR.J.TO,20240425,16.5,16.65,16.5,16.57,1500
SLR.TO,20240425,0.9,0.91,0.89,0.91,14500
SLS.TO,20240425,4.57,5.01,4.52,4.98,223170
SMAX.TO,20240425,17.6,17.69,17.55,17.66,6973
SMC.TO,20240425,0.025,0.025,0.025,0.025,1437
SMT.TO,20240425,0.81,0.81,0.79,0.8,31025
SOIL.TO,20240425,2.68,2.73,2.66,2.71,122665
SOLG.TO,20240425,0.15,0.165,0.15,0.16,147650
SOT.DB.TO,20240425,62,62,60,62,48000
SOT.DB.B.TO,20240425,48,48,48,48,5000
SOT.UN.TO,20240425,0.69,0.69,0.68,0.68,18408
SOY.TO,20240425,9.18,9.18,8.93,8.95,36830
SPAY.TO,20240425,27.07,27.07,26.99,26.99,3581
SPB.TO,20240425,9.27,9.34,9.24,9.29,329667
SPLT.TO,20240425,10.38,10.41,10.37,10.41,45531
SPPP.TO,20240425,13,13.04,12.95,13.02,9879
SRU.UN.TO,20240425,22.33,22.51,22.19,22.4,230687
SRV.UN.TO,20240425,13.75,13.75,13.66,13.66,2700
SSF.UN.TO,20240425,6.96,6.96,6.96,6.96,1200
SSL.TO,20240425,7.34,7.55,7.3,7.49,178880
SSRM.TO,20240425,7.45,7.56,7.25,7.52,316308
STC.TO,20240425,6.13,6.13,6,6.01,9862
STCK.TO,20240425,9.61,9.8,9.6,9.8,7704
STEP.TO,20240425,4,4.07,3.95,4,75000
STGO.TO,20240425,0.62,0.62,0.6,0.61,72150
STLC.TO,20240425,40.39,40.39,39.78,39.99,231692
STLR.TO,20240425,1.43,1.43,1.39,1.41,22072
STN.TO,20240425,110.33,111.98,109.29,111.36,212644
STPL.TO,20240425,23.53,23.59,23.48,23.48,3001
SU.TO,20240425,53.56,54.1,53.19,53.88,3660575
SVA.TO,20240425,0.43,0.44,0.42,0.425,79840
SVB.TO,20240425,0.165,0.165,0.16,0.16,10700
SVI.TO,20240425,5,5,4.73,4.76,1478706
SVI.DB.TO,20240425,97,98,97,98,83999
SVM.TO,20240425,4.76,4.86,4.65,4.84,249022
SVR.TO,20240425,13.27,13.41,13.22,13.39,29988
SVR.C.TO,20240425,14.11,14.25,14.11,14.25,2303
SWP.TO,20240425,3.65,3.68,3.63,3.67,6376
SXP.TO,20240425,3.96,4.01,3.95,4,5339
SYZ.TO,20240425,9.21,9.21,8.88,8.88,81190
T.TO,20240425,21.85,22.04,21.75,22,2581942
TA.TO,20240425,8.99,9.34,8.93,9.32,1587075
TA.PR.D.TO,20240425,13.56,13.56,13.48,13.52,867
TA.PR.E.TO,20240425,15.8,15.8,15.8,15.8,1500
TA.PR.F.TO,20240425,18.5,18.55,18.45,18.5,1386
TA.PR.H.TO,20240425,21.83,21.95,21.83,21.9,6436
TA.PR.J.TO,20240425,23.07,23.38,23.07,23.38,48439
TAL.TO,20240425,0.81,0.82,0.8,0.81,174307
TBAL.TO,20240425,17.07,17.15,17.05,17.15,11265
TBCE.TO,20240425,25.07,25.07,25.05,25.05,2080
TBCG.TO,20240425,24.97,24.98,24.97,24.98,3097
TBIL.TO,20240425,50.19,50.19,50.19,50.19,3600
TBL.TO,20240425,3.39,3.39,3.2,3.2,4995
TBNK.TO,20240425,25.83,26.14,25.83,26.14,555
TBUE.U.TO,20240425,24.99,24.99,24.97,24.97,3400
TBUF.U.TO,20240425,24.89,24.89,24.89,24.89,2000
TC.TO,20240425,24.31,24.42,23.76,24.3,2100
TCL.A.TO,20240425,14.4,14.75,14.4,14.62,183980
TCLB.TO,20240425,111.99,112.06,111.99,112.04,2903
TCLV.TO,20240425,19.28,19.28,19.28,19.28,500
TCON.TO,20240425,14.49,14.49,14.43,14.46,14600
TCS.TO,20240425,39.07,39.07,37.47,37.51,2833
TCSB.TO,20240425,14.35,14.35,14.35,14.35,500
TCSH.TO,20240425,50.22,50.23,50.22,50.23,21300
TCW.TO,20240425,4.22,4.27,4.2,4.24,676162
TD.TO,20240425,80.41,80.82,79.78,80.76,8986667
TD.PF.A.TO,20240425,23.74,23.9,23.74,23.9,900
TD.PF.C.TO,20240425,23.3,23.4,23.3,23.35,27700
TD.PF.D.TO,20240425,23.5,23.82,23.5,23.52,513
TD.PF.E.TO,20240425,23.5,23.5,23.5,23.5,125000
TD.PF.I.TO,20240425,24.64,24.75,24.64,24.75,5486
TD.PF.J.TO,20240425,23.3,23.38,23.3,23.36,29960
TDB.TO,20240425,12.52,12.55,12.52,12.52,44236
TDOC.TO,20240425,17.66,17.66,17.58,17.64,11580
TDOC.U.TO,20240425,13.11,13.14,13.11,13.14,2100
TEC.TO,20240425,34.14,34.55,33.89,34.55,69303
TEC.U.TO,20240425,24.78,24.8,24.78,24.79,1500
TECH.TO,20240425,13.4,13.42,13.08,13.4,13940
TECH.B.TO,20240425,15.7,15.7,15.13,15.35,13711
TECH.U.TO,20240425,13.83,13.83,13.83,13.83,150
TECI.TO,20240425,7.38,7.38,7.25,7.32,2682
TECK.A.TO,20240425,66.99,67.6,64.98,67.6,5206
TECK.B.TO,20240425,66.66,67.95,64.51,67.65,2323006
TECX.TO,20240425,23.52,23.64,23.52,23.64,10400
TERM.TO,20240425,9.31,9.31,9.31,9.31,5949
TF.TO,20240425,7.58,7.58,7.5,7.57,78271
TF.DB.D.TO,20240425,92,92,92,92,50000
TFII.TO,20240425,190.77,193.51,190.4,192.34,256744
TFPM.TO,20240425,21.61,22.15,21.48,22.08,143154
TGAF.TO,20240425,20.28,20.3,20.28,20.3,500
TGED.TO,20240425,22.74,22.9,22.64,22.87,53020
TGED.U.TO,20240425,16.54,16.7,16.54,16.7,200
TGFI.TO,20240425,19.93,19.93,19.93,19.93,2500
TGGR.TO,20240425,24.68,24.8,24.68,24.8,2201
TGO.TO,20240425,2.06,2.06,2,2,754
TGRE.TO,20240425,13.15,13.24,13.15,13.24,2300
TGRO.TO,20240425,20.16,20.16,20.02,20.14,5422
TH.TO,20240425,1.81,1.83,1.79,1.8,10183
The.TO,20240425,24.81,24.97,24.81,24.95,2400
THNC.TO,20240425,3.5,3.5,3.38,3.39,58969
THU.TO,20240425,33.42,33.76,33.35,33.75,10104
TI.TO,20240425,0.305,0.305,0.3,0.3,14544
TIH.TO,20240425,129.3,130.01,128.58,129.18,66564
TINF.TO,20240425,18.43,18.46,18.43,18.46,300
TIPS.TO,20240425,28.88,28.9,28.81,28.81,1600
TIPS.F.TO,20240425,27.92,27.92,27.92,27.92,1120
TIPS.U.TO,20240425,28.15,28.17,28.15,28.17,1505
TIXT.TO,20240425,11.22,11.22,11.01,11.05,51932
TKN.TO,20240425,18.12,18.22,17.89,18.22,750
TKN.U.TO,20240425,13.03,13.03,13.03,13.03,101
TKO.TO,20240425,3.26,3.4,3.26,3.36,574552
TLF.TO,20240425,22.13,22.36,21.9,22.36,5005
TLF.U.TO,20240425,23.97,24.2,23.97,24.16,1600
TLG.TO,20240425,0.65,0.66,0.63,0.63,169913
TLO.TO,20240425,0.16,0.165,0.16,0.16,144178
TLRY.TO,20240425,2.46,2.46,2.38,2.41,1511221
TLV.TO,20240425,28.87,29.1,28.87,29.08,3115
TMD.TO,20240425,0.06,0.06,0.055,0.055,97794
TMQ.TO,20240425,0.58,0.59,0.56,0.59,22100
TNT.UN.TO,20240425,9.22,9.7,9.22,9.58,23519
TNZ.TO,20240425,4,4.04,3.9,3.95,48969
TOT.TO,20240425,9.94,9.97,9.77,9.89,14544
TOU.TO,20240425,65.88,68.24,65.61,68.18,1398461
TOWR.TO,20240425,25.52,25.64,25.52,25.59,8100
TOY.TO,20240425,31.1,31.31,30.81,31.12,44902
TPE.TO,20240425,21.32,21.4,21.27,21.39,6527
TPRF.TO,20240425,10.1,10.15,10.09,10.15,3843
TPU.TO,20240425,38.87,38.98,38.68,38.94,67354
TPU.U.TO,20240425,28.57,28.88,28.56,28.87,6600
TPX.B.TO,20240425,88.58,88.58,85.04,85.04,903
TPZ.TO,20240425,22,22.55,21.74,22.5,139263
TQCD.TO,20240425,16.44,16.49,16.35,16.48,63513
TQGD.TO,20240425,17.98,18.02,17.83,18.02,25836
TQSM.TO,20240425,22.46,22.46,22.17,22.21,24250
TRI.TO,20240425,207.44,209.18,205.67,208.35,170282
TRI.PR.B.TO,20240425,13.38,13.44,13.38,13.4,6600
TRP.TO,20240425,48.88,49.57,48.71,49.33,6490631
TRP.PR.A.TO,20240425,15.92,16.09,15.92,16.06,14234
TRP.PR.B.TO,20240425,12.65,12.65,12.64,12.64,1000
TRP.PR.C.TO,20240425,12.74,12.74,12.74,12.74,313
TRP.PR.D.TO,20240425,18.66,18.77,18.56,18.71,55209
TRP.PR.E.TO,20240425,17.5,17.58,17.39,17.51,29855
TRP.PR.F.TO,20240425,16.6,16.69,16.6,16.69,850
TRP.PR.G.TO,20240425,18.7,18.85,18.7,18.85,3300
TRP.PR.H.TO,20240425,14.1,14.14,14.1,14.1,1805
TRP.PR.I.TO,20240425,15.15,15.15,15.15,15.15,500
TRVI.TO,20240425,19.94,20.02,19.87,20,971
TRVL.TO,20240425,24.64,24.68,24.57,24.68,802
TRX.TO,20240425,0.61,0.61,0.6,0.6,2000
TRZ.TO,20240425,3.51,3.52,3.46,3.47,11928
TSAT.TO,20240425,10.6,10.6,10.5,10.52,1346
TSK.TO,20240425,0.55,0.55,0.54,0.54,95300
TSL.TO,20240425,3.16,3.16,3.15,3.15,2270
TSND.TO,20240425,2.25,2.25,2.15,2.18,136827
TSU.TO,20240425,42.79,43.62,42.19,43.5,37422
TTNM.TO,20240425,2.34,2.34,2.11,2.27,23025
TTP.TO,20240425,24.89,25.05,24.77,25,33232
TUED.TO,20240425,24.54,24.63,24.34,24.57,10615
TUEX.TO,20240425,22.58,22.58,22.58,22.58,3600
TUHY.TO,20240425,20.58,20.58,20.58,20.58,1200
TVE.TO,20240425,3.85,3.92,3.81,3.92,2218713
TVK.TO,20240425,72.21,72.21,70.86,71.61,8361
TWC.TO,20240425,17.5,17.5,17.5,17.5,100
TWM.TO,20240425,0.74,0.75,0.73,0.73,1046408
TXF.TO,20240425,19.88,20.14,19.8,20.06,12503
TXF.U.TO,20240425,10.51,10.51,10.51,10.51,3500
TXG.TO,20240425,19.32,20.04,19.2,19.76,249941
TXP.TO,20240425,0.73,0.73,0.72,0.72,25508
U.U.TO,20240425,20.79,20.91,20.43,20.67,27610
U.UN.TO,20240425,28.56,28.71,27.86,28.2,567458
UBIL.U.TO,20240425,50.13,50.14,50.13,50.13,12894
UCSH.U.TO,20240425,50.2,50.2,50.2,50.2,4435
UDIV.TO,20240425,12.26,12.32,12.25,12.29,31375
UDIV.B.TO,20240425,12.97,13.01,12.97,13.01,2101
ULV.C.TO,20240425,32.17,32.17,32.06,32.06,400
ULV.F.TO,20240425,46.62,46.63,46.4,46.63,3400
UMAX.TO,20240425,14.32,14.38,14.23,14.37,75103
UMI.B.TO,20240425,37.74,37.82,37.74,37.82,740
UMNY.U.TO,20240425,50.02,50.02,50,50,2714
UNC.TO,20240425,116.51,116.51,114.05,114.05,1234
URB.TO,20240425,5.43,5.43,5.32,5.37,2687
URB.A.TO,20240425,4.72,4.72,4.65,4.65,19673
URC.TO,20240425,3.1,3.12,3.05,3.12,153397
URC.WT.TO,20240425,1.15,1.15,1.15,1.15,2113
URE.TO,20240425,2.2,2.26,2.16,2.21,107840
USA.TO,20240425,0.355,0.365,0.355,0.365,88950
USCC.TO,20240425,17.97,17.97,17.85,17.9,25204
USCL.TO,20240425,20.92,20.92,20.75,20.87,10297
UTIL.TO,20240425,19.37,19.37,19.37,19.37,500
VA.TO,20240425,37.22,37.22,37.09,37.12,646
VAB.TO,20240425,21.98,22.02,21.96,22.01,58520
VALT.TO,20240425,29.05,29.05,29.05,29.05,200
VALT.U.TO,20240425,23.2,23.32,23.14,23.18,6100
VBAL.TO,20240425,29.9,30.04,29.86,30.02,42385
VBNK.TO,20240425,13.56,13.56,13.28,13.28,6413
VBNK.PR.A.TO,20240425,9.95,9.95,9.93,9.95,1300
VCB.TO,20240425,23.07,23.07,23.02,23.03,11634
VCE.TO,20240425,47.68,48.08,47.47,48.03,29718
VCIP.TO,20240425,24.71,24.71,24.68,24.7,3433
VCM.TO,20240425,20.14,20.24,19.79,19.79,1900
VCN.TO,20240425,44.3,44.65,44.1,44.61,50901
VCNS.TO,20240425,27.08,27.12,27.02,27.11,6014
VDU.TO,20240425,41.52,41.72,41.42,41.69,9304
VDY.TO,20240425,43.43,43.71,43.18,43.67,120732
VE.TO,20240425,34.74,34.86,34.74,34.76,2770
VEE.TO,20240425,34.12,34.37,34.12,34.35,23658
VEF.TO,20240425,54.57,54.92,54.43,54.84,5026
VEQT.TO,20240425,39.12,39.29,38.95,39.28,161530
VET.TO,20240425,16.22,16.47,16,16.45,431662
VFV.TO,20240425,121.89,122.5,121.51,122.43,223268
VGG.TO,20240425,82.24,82.3,81.84,82.09,9737
VGH.TO,20240425,57.74,57.89,57.39,57.73,6973
VGRO.TO,20240425,33,33.14,32.9,33.13,112166
VGV.TO,20240425,21.39,21.43,21.39,21.42,3293
VGZ.TO,20240425,0.7,0.75,0.7,0.75,23000
VHI.TO,20240425,6.02,6.21,5.99,6.2,82045
VI.TO,20240425,38.53,38.75,38.53,38.75,7077
VIDY.TO,20240425,30.09,30.25,30.03,30.15,24783
VIU.TO,20240425,33.26,33.37,33.15,33.35,31401
VLB.TO,20240425,19.79,19.85,19.74,19.77,15005
VLE.TO,20240425,5.56,5.59,5.46,5.58,217520
VMO.TO,20240425,54.59,54.97,54.59,54.88,944
VNP.TO,20240425,4.62,4.69,4.57,4.69,25763
VOXR.TO,20240425,2.83,2.83,2.76,2.79,3750
VQS.TO,20240425,0.205,0.215,0.205,0.215,9993
VRE.TO,20240425,28.72,28.76,28.5,28.73,3483
VRIF.TO,20240425,23.61,23.64,23.56,23.63,3051
VRTS.TO,20240425,0.03,0.03,0.03,0.03,8000
VSB.TO,20240425,22.52,22.54,22.52,22.54,12529
VSC.TO,20240425,23.19,23.19,23.17,23.18,3831
VSP.TO,20240425,81.55,82.37,81.28,82.25,42315
VUN.TO,20240425,92.21,92.69,91.98,92.61,28083
VUS.TO,20240425,87.89,89.09,87.89,88.89,11033
VVL.TO,20240425,48.65,48.65,48.17,48.44,4896
VVO.TO,20240425,34.53,34.6,34.53,34.6,450
VXC.TO,20240425,55.44,55.59,55.22,55.57,12774
WCM.A.TO,20240425,2.75,2.75,2.75,2.75,100
WCN.TO,20240425,231.6,231.6,220.91,225.65,308722
WCP.TO,20240425,10.69,10.89,10.61,10.87,3061350
WDO.TO,20240425,10.57,10.94,10.4,10.82,207684
WEED.TO,20240425,12.14,12.46,11.85,11.86,2119535
WEF.TO,20240425,0.55,0.56,0.54,0.55,91920
WELL.TO,20240425,3.54,3.59,3.5,3.58,258429
WELL.DB.TO,20240425,90.51,90.51,90.51,90.51,2000
WFC.TO,20240425,21.5,21.56,21.5,21.56,584
WFG.TO,20240425,107.56,108.15,104.63,107.88,235160
WILD.TO,20240425,1.15,1.15,1.05,1.06,133032
WJX.TO,20240425,34.15,34.4,33.88,34.29,26558
WJX.DB.TO,20240425,99.39,100,99.39,100,12000
WM.TO,20240425,0.11,0.11,0.1,0.11,208565
WN.TO,20240425,181.18,184.48,178.87,183.83,81836
WN.PR.A.TO,20240425,21.88,21.88,21.82,21.82,700
WN.PR.C.TO,20240425,19.55,19.74,19.54,19.56,11000
WN.PR.D.TO,20240425,19.55,19.71,19.55,19.6,697
WN.PR.E.TO,20240425,18.01,18.3,18,18.02,22920
WNDR.TO,20240425,0.245,0.255,0.245,0.255,379742
WNDR.WT.B.TO,20240425,0.05,0.05,0.05,0.05,1838
WOMN.TO,20240425,32.3,32.35,32.27,32.28,900
WPK.TO,20240425,45,45.91,44.29,44.68,184668
WPM.TO,20240425,71.62,73.73,70.56,73.41,652085
WPRT.TO,20240425,7.66,7.74,7.63,7.71,3054
WRG.TO,20240425,2.68,2.68,2.68,2.68,100
WRN.TO,20240425,1.94,2,1.93,1.98,138872
WRX.TO,20240425,0.125,0.125,0.125,0.125,3500
WSP.TO,20240425,212.38,215,209.83,213.65,102997
WSRD.TO,20240425,27.79,27.88,27.77,27.87,5708
WSRI.TO,20240425,39.42,39.57,39.42,39.51,1871
WTE.TO,20240425,25.1,26.03,25.01,25.8,92877
WXM.TO,20240425,26.19,26.28,26.19,26.27,3481
X.TO,20240425,36.07,36.25,35.82,36.04,258145
XAD.TO,20240425,56.5,56.5,56.5,56.5,121
XAM.TO,20240425,0.06,0.06,0.06,0.06,5000
XAU.TO,20240425,8.51,8.51,7.94,7.94,5547
XAW.TO,20240425,38.67,38.85,38.57,38.85,27876
XAW.U.TO,20240425,28.78,28.78,28.78,28.78,600
XBAL.TO,20240425,27.3,27.37,27.22,27.31,55728
XBB.TO,20240425,26.83,26.89,26.82,26.86,138509
XBM.TO,20240425,21.44,21.88,21.4,21.83,136432
XCB.TO,20240425,19.13,19.13,19.09,19.09,64095
XCBG.TO,20240425,35.91,35.94,35.91,35.94,209
XCD.TO,20240425,51.29,51.45,51.29,51.45,300
XCG.TO,20240425,48.8,49.19,48.77,49.08,1126
XCH.TO,20240425,16.36,16.53,16.36,16.52,37747
XCHP.TO,20240425,50.5,50.65,50.5,50.65,350
XCLN.TO,20240425,29.71,29.71,29.71,29.71,122
XCNS.TO,20240425,21.58,21.67,21.58,21.66,4487
XCS.TO,20240425,19.13,19.38,19.11,19.38,2260
XCSR.TO,20240425,62.81,63.24,62.81,63.24,640
XCV.TO,20240425,34.38,34.83,34.38,34.83,2500
XDG.TO,20240425,25.07,25.07,24.99,24.99,2842
XDG.U.TO,20240425,18.33,18.35,18.33,18.35,3000
XDGH.TO,20240425,25.52,25.52,25.52,25.52,200
XDIV.TO,20240425,26.19,26.29,26.05,26.28,50402
XDNA.TO,20240425,30.91,30.91,30.91,30.91,500
XDSR.TO,20240425,55.7,55.71,55.7,55.71,200
XDU.TO,20240425,28.81,28.81,28.62,28.63,4754
XDUH.TO,20240425,25.96,25.96,25.96,25.96,325
XDV.TO,20240425,26.66,26.81,26.56,26.79,47063
XEB.TO,20240425,15.31,15.37,15.31,15.37,2700
XEC.TO,20240425,26.84,27.02,26.83,27.01,12711
XEC.U.TO,20240425,20.29,20.37,20.29,20.37,300
XEF.TO,20240425,36.33,36.5,36.27,36.49,40254
XEG.TO,20240425,19.05,19.36,19,19.31,1127375
XEH.TO,20240425,32.37,32.45,32.35,32.43,1900
XEI.TO,20240425,24.77,24.87,24.61,24.85,67166
XEM.TO,20240425,30.48,30.66,30.48,30.66,800
XEMC.TO,20240425,45.31,45.54,45.31,45.54,303
XEN.TO,20240425,33.38,33.58,33.38,33.58,939
XEQT.TO,20240425,29.36,29.51,29.25,29.49,222768
XESG.TO,20240425,26.42,26.57,26.42,26.57,1410
XEU.TO,20240425,29.45,29.51,29.35,29.5,2637
XEXP.TO,20240425,45.94,45.94,45.94,45.94,252
XFH.TO,20240425,31.25,31.29,31.25,31.28,1363
XFLB.TO,20240425,44.63,44.63,44.61,44.61,200
XFN.TO,20240425,48.19,48.49,47.92,48.45,168485
XFR.TO,20240425,20.08,20.09,20.08,20.08,25483
XGB.TO,20240425,18.38,18.45,18.38,18.42,17936
XGD.TO,20240425,19.34,20.12,19.32,20.02,991009
XGI.TO,20240425,50.52,50.52,50.4,50.4,419
XGRO.TO,20240425,26.99,27.03,26.83,27.01,108745
XHAK.TO,20240425,44.38,44.38,44.34,44.34,359
XHB.TO,20240425,18.79,18.79,18.77,18.78,3386
XHC.TO,20240425,69.62,69.62,69.05,69.43,4013
XHD.TO,20240425,32.09,32.39,32.09,32.31,3663
XHU.TO,20240425,30.47,30.47,30.34,30.44,1200
XHY.TO,20240425,16.2,16.2,16.07,16.1,9577
XIC.TO,20240425,34.65,34.96,34.51,34.91,315730
XID.TO,20240425,52.58,52.85,52.58,52.85,2655
XIG.TO,20240425,19.22,19.29,19.22,19.29,4099
XIGS.TO,20240425,36.62,36.62,36.6,36.6,1000
XIN.TO,20240425,35.45,35.7,35.36,35.7,7580
XIT.TO,20240425,52.32,52.32,51.95,52.08,8162
XIU.TO,20240425,33.01,33.31,32.88,33.26,2686029
XLB.TO,20240425,18.06,18.1,18.01,18.06,33272
XLY.TO,20240425,0.055,0.055,0.05,0.05,916212
XMA.TO,20240425,19.44,19.8,19.35,19.78,12290
XMC.TO,20240425,30.3,30.3,30.09,30.21,11964
XMC.U.TO,20240425,22.27,22.32,22.27,22.32,200
XMD.TO,20240425,33.38,33.38,33.38,33.38,1106
XMH.TO,20240425,26.03,26.09,25.78,26,4359
XMI.TO,20240425,36.06,36.08,36.06,36.08,484
XML.TO,20240425,26.31,26.31,26.31,26.31,100
XMM.TO,20240425,26.95,27.25,26.95,27.24,1243
XMS.TO,20240425,33.78,33.9,33.78,33.9,600
XMU.TO,20240425,74.75,74.75,74.35,74.54,1556
XMV.TO,20240425,40.69,40.91,40.6,40.9,809
XMW.TO,20240425,49.48,49.56,49.36,49.51,3318
XPF.TO,20240425,14.47,14.52,14.47,14.52,3909
XQB.TO,20240425,18.11,18.12,18.1,18.12,1230
XQLT.TO,20240425,34.93,35.15,34.84,35.05,6000
XQQ.TO,20240425,130.87,132.66,130.44,132.45,37904
XQQU.TO,20240425,56.49,56.66,56.49,56.66,450
XQQU.U.TO,20240425,41.53,41.53,41.45,41.45,500
XRB.TO,20240425,21.13,21.2,21.13,21.17,6020
XRE.TO,20240425,14.65,14.77,14.58,14.74,301082
XSAB.TO,20240425,17.32,17.32,17.32,17.32,161
XSB.TO,20240425,25.88,25.89,25.87,25.87,48214
XSC.TO,20240425,17.41,17.44,17.41,17.44,1700
XSE.TO,20240425,17.25,17.25,17.25,17.25,1300
XSEA.TO,20240425,25.11,25.16,25.11,25.16,1356
XSEM.TO,20240425,18.97,19.03,18.97,19.03,1285
XSH.TO,20240425,18.25,18.27,18.25,18.26,14813
XSHG.TO,20240425,37.73,37.73,37.68,37.68,200
XSHU.TO,20240425,40.94,40.95,40.92,40.95,11400
XSHU.U.TO,20240425,29.75,29.75,29.75,29.75,100
XSI.TO,20240425,16.69,16.69,16.69,16.69,103
XSMC.TO,20240425,28.75,28.77,28.67,28.77,2400
XSMH.TO,20240425,25.99,26.19,25.94,26.12,2100
XSP.TO,20240425,52.48,53.06,52.35,52.98,226081
XST.TO,20240425,92.95,93.46,92.26,93.31,4390
XSTB.TO,20240425,19.05,19.05,19.05,19.05,119
XSTH.TO,20240425,36.98,36.98,36.98,36.98,178
XSTP.TO,20240425,40.97,40.97,40.97,40.97,100
XSU.TO,20240425,38.06,38.36,37.78,38.28,30014
XSUS.TO,20240425,36.48,36.57,36.32,36.56,8554
XTC.TO,20240425,7.17,7.17,7.08,7.08,8766
XTD.TO,20240425,2.64,2.64,2.6,2.6,2201
XTD.PR.A.TO,20240425,9.81,9.81,9.78,9.78,4400
XTLH.TO,20240425,32.93,33.06,32.9,33.04,10152
XTLT.TO,20240425,34.14,34.14,33.98,33.98,7550
XTR.TO,20240425,10.47,10.47,10.47,10.47,4045
XTRA.TO,20240425,0.475,0.475,0.455,0.46,325269
XUH.TO,20240425,41.58,42.04,41.58,41.92,2055
XUS.TO,20240425,85.36,85.76,85.1,85.69,28945
XUS.U.TO,20240425,63.19,63.66,62.91,63.66,8827
XUSR.TO,20240425,74.43,75,74.35,74.87,2089
XUT.TO,20240425,24.11,24.2,23.99,24.16,222007
XUU.TO,20240425,50.95,51.1,50.7,51.07,30208
XWD.TO,20240425,81.97,82.29,81.71,82.2,5544
Y.TO,20240425,9.7,9.7,9.7,9.7,822
YCM.TO,20240425,2.5,2.5,2.5,2.5,700
YCM.PR.A.TO,20240425,4.96,4.96,4.96,4.96,100
YCM.PR.B.TO,20240425,4.98,4.98,4.98,4.98,631
YGR.TO,20240425,1.15,1.2,1.14,1.2,269062
YRB.TO,20240425,0.035,0.035,0.035,0.035,96000
ZACE.TO,20240425,38.85,39.01,38.85,39.01,800
ZAG.TO,20240425,13.21,13.23,13.19,13.22,125322
ZBAL.TO,20240425,36.4,36.4,36.14,36.35,5389
ZBAL.T.TO,20240425,28.3,28.3,28.26,28.27,509
ZBI.TO,20240425,28.96,28.96,28.96,28.96,900
ZBK.TO,20240425,29.05,29.4,29.01,29.17,8808
ZCB.TO,20240425,44.94,44.94,44.86,44.94,909
ZCH.TO,20240425,12.86,12.95,12.86,12.94,8299
ZCLN.TO,20240425,13.95,13.95,13.81,13.88,2728
ZCM.TO,20240425,14.6,14.64,14.6,14.62,4402
ZCN.TO,20240425,29.07,29.33,28.97,29.3,53038
ZCON.TO,20240425,32.55,32.55,32.42,32.42,308
ZCS.TO,20240425,13.37,13.37,13.34,13.34,4275
ZDB.TO,20240425,14.24,14.24,14.22,14.24,14218
ZDH.TO,20240425,26.86,26.86,26.86,26.86,249
ZDI.TO,20240425,23.29,23.46,23.21,23.46,3386
ZDJ.TO,20240425,58.76,59.28,58.76,59.12,3711
ZDM.TO,20240425,28.89,29.01,28.86,28.99,4909
ZDV.TO,20240425,19.75,19.91,19.69,19.88,32527
ZDY.TO,20240425,40.11,40.11,39.78,39.87,8726
ZDY.U.TO,20240425,29.8,29.96,29.8,29.96,4222
ZEA.TO,20240425,22.11,22.14,21.99,22.13,16009
ZEB.TO,20240425,35.54,35.71,35.32,35.67,2569725
ZEF.TO,20240425,12.11,12.12,12.11,12.12,500
ZEM.TO,20240425,19.84,20.1,19.84,20.07,29970
ZEO.TO,20240425,71.69,72.86,71.56,72.86,4209
ZEQ.TO,20240425,30.5,30.81,30.5,30.75,2303
ZEQT.TO,20240425,45.02,45.1,44.86,45.06,8450
ZFC.TO,20240425,42.12,42.12,42.12,42.12,175
ZFH.TO,20240425,14.66,14.71,14.62,14.71,17582
ZFL.TO,20240425,12.14,12.2,12.12,12.18,46998
ZFM.TO,20240425,13.91,13.93,13.9,13.92,3134
ZFN.TO,20240425,46.74,46.76,46.74,46.76,275
ZGB.TO,20240425,43.51,43.51,43.51,43.51,706
ZGD.TO,20240425,87.04,87.04,87.04,87.04,164
ZGI.TO,20240425,42.13,42.44,42.1,42.44,4727
ZGQ.TO,20240425,60.24,60.63,60.21,60.49,4720
ZGRO.TO,20240425,40.38,40.53,40.3,40.53,3979
ZGSB.TO,20240425,26.25,26.25,26.25,26.25,100
ZHY.TO,20240425,11,11,10.9,10.96,4269
ZIC.TO,20240425,17.08,17.08,17.07,17.07,5500
ZIC.U.TO,20240425,12.6,12.64,12.59,12.64,5299
ZID.TO,20240425,46.41,46.55,46.3,46.53,3211
ZIU.TO,20240425,50.35,50.35,50.06,50.06,407
ZJG.TO,20240425,75.75,75.75,75.01,75.01,1197
ZJK.TO,20240425,17.85,17.88,17.85,17.86,4104
ZJPN.TO,20240425,33.2,33.3,33.2,33.28,3888
ZLB.TO,20240425,42.45,42.7,42.22,42.67,32004
ZLC.TO,20240425,14.43,14.46,14.37,14.43,22647
ZLD.TO,20240425,26.14,26.2,26.14,26.19,1764
ZLH.TO,20240425,32.16,32.16,32.13,32.13,288
ZLU.TO,20240425,49.42,49.42,48.96,49.11,18072
ZLU.U.TO,20240425,36.86,36.88,36.79,36.88,3379
ZMBS.TO,20240425,29.12,29.16,29.11,29.16,7700
ZMI.TO,20240425,16.36,16.36,16.2,16.27,4779
ZMID.TO,20240425,42.04,42.3,42.04,42.3,4225
ZMMK.TO,20240425,50.08,50.09,50.08,50.09,193973
ZMP.TO,20240425,13.14,13.16,13.14,13.16,3250
ZMSB.TO,20240425,28.08,28.08,28.08,28.08,600
ZMT.TO,20240425,66.42,66.42,66.42,66.42,100
ZMU.TO,20240425,12.23,12.34,12.23,12.28,6794
ZNQ.TO,20240425,76.6,77.08,76.22,76.86,17550
ZNQ.U.TO,20240425,37.74,38.01,37.53,37.93,2000
ZPAY.TO,20240425,30.67,30.67,30.61,30.64,1897
ZPAY.F.TO,20240425,28.32,28.35,28.32,28.34,951
ZPAY.U.TO,20240425,29.2,29.2,29.2,29.2,100
ZPH.TO,20240425,14.86,14.96,14.83,14.95,729
ZPL.TO,20240425,11.61,11.67,11.61,11.67,3997
ZPR.TO,20240425,9.91,10.02,9.91,10.01,88188
ZPR.U.TO,20240425,16.19,16.19,16.18,16.18,400
ZPS.TO,20240425,11.94,11.95,11.94,11.94,1800
ZPW.TO,20240425,15.75,15.75,15.75,15.75,101
ZQQ.TO,20240425,120.98,122.76,120.66,122.5,21375
ZRE.TO,20240425,19.73,19.79,19.6,19.79,17752
ZRR.TO,20240425,13.61,13.68,13.61,13.68,1914
ZSDB.TO,20240425,29.29,29.29,29.28,29.28,1135
ZSML.TO,20240425,37.91,37.96,37.91,37.96,203
ZSP.TO,20240425,75.09,75.46,74.85,75.39,275600
ZSP.U.TO,20240425,54.63,55.25,54.63,55.17,3327
ZST.TO,20240425,48.92,48.92,48.91,48.92,30741
ZST.L.TO,20240425,58.43,58.43,58.43,58.43,24100
ZTIP.TO,20240425,31.26,31.28,31.26,31.28,2800
ZTIP.F.TO,20240425,28.35,28.35,28.33,28.33,300
ZTIP.U.TO,20240425,28.69,28.69,28.69,28.69,3200
ZUAG.F.TO,20240425,28.63,28.63,28.63,28.63,8900
ZUAG.U.TO,20240425,28.97,28.97,28.94,28.94,1400
ZUB.TO,20240425,26.63,26.82,26.52,26.74,23777
ZUCM.TO,20240425,30.58,30.59,30.58,30.59,14500
ZUCM.U.TO,20240425,30.12,30.12,30.12,30.12,5456
ZUD.TO,20240425,27.74,27.74,27.74,27.74,136
ZUE.TO,20240425,69.48,70.24,69.33,70.14,10068
ZUH.TO,20240425,67,67.39,67,67.34,561
ZUQ.TO,20240425,73.59,73.91,73.15,73.74,11182
ZUQ.F.TO,20240425,45.65,46.14,45.65,46.01,1221
ZUS.U.TO,20240425,46.89,46.89,46.89,46.89,100
ZUT.TO,20240425,18.48,18.62,18.42,18.61,34958
ZVC.TO,20240425,27.68,27.9,27.68,27.85,400
ZWA.TO,20240425,24.9,25.04,24.9,25.04,1460
ZWB.TO,20240425,17.79,17.84,17.65,17.82,106525
ZWB.U.TO,20240425,22.35,22.35,22.35,22.35,2000
ZWC.TO,20240425,16.96,17.08,16.91,17.06,58523
ZWE.TO,20240425,20.6,20.63,20.57,20.58,8030
ZWEN.TO,20240425,31.42,31.57,31.29,31.55,1500
ZWG.TO,20240425,29.68,29.78,29.68,29.78,4654
ZWH.TO,20240425,22.84,22.89,22.79,22.85,5360
ZWH.U.TO,20240425,22.89,22.97,22.89,22.92,1202
ZWHC.TO,20240425,28.47,28.47,28.46,28.46,300
ZWK.TO,20240425,21.02,21.15,20.77,20.89,48302
ZWP.TO,20240425,17.88,17.95,17.81,17.85,3801
ZWQT.TO,20240425,16.1,16.1,16.1,16.1,100
ZWS.TO,20240425,19.88,19.88,19.76,19.86,3693
ZWT.TO,20240425,40.84,41.22,40.53,41.11,6302
ZWU.TO,20240425,10.02,10.05,9.96,10.03,194613
ZZZD.TO,20240425,27.92,27.92,27.92,27.92,300
