<ticker>,<date>,<open>,<high>,<low>,<close>,<vol>
AAB.TO,20230804,0.03,0.03,0.03,0.03,517000
AAV.TO,20230804,9.5,9.75,9.35,9.36,850533
ABX.TO,20230804,22.05,22.1,21.82,22.04,2601841
AC.TO,20230804,23.22,23.22,22.89,22.93,1079216
ACB.TO,20230804,0.76,0.76,0.72,0.72,568245
ACD.TO,20230804,6.53,6.53,6.53,6.53,200
ACO.X.TO,20230804,36.75,36.96,36.56,36.6,249135
ACQ.TO,20230804,21.55,21.55,20.35,20.55,68995
AD.DB.TO,20230804,98.59,98.59,98.5,98.5,11000
AD.UN.TO,20230804,15.19,15.29,15.06,15.1,45405
ADCO.TO,20230804,0.21,0.21,0.205,0.205,6500
ADEN.TO,20230804,35.21,36,35.09,36,36466
ADN.TO,20230804,16.91,16.91,16.8,16.8,878
ADW.A.TO,20230804,4.11,4.19,4.11,4.19,4300
AEG.TO,20230804,0.37,0.4,0.37,0.4,1000
AEM.TO,20230804,65.37,66,64.86,64.99,1265697
AEZS.TO,20230804,3.85,3.85,3.85,3.85,725
AFN.TO,20230804,53.05,54.64,53.05,53.84,21258
AFN.DB.G.TO,20230804,98,98.49,98,98.49,40000
AFN.DB.H.TO,20230804,95.52,95.52,95.52,95.52,6000
AFN.DB.I.TO,20230804,131.97,131.97,131.97,131.97,30000
AFN.DB.J.TO,20230804,101,101,101,101,5000
AGF.B.TO,20230804,7.76,7.81,7.69,7.7,38677
AGI.TO,20230804,15.56,15.81,15.55,15.63,417608
AI.TO,20230804,11.06,11.26,11.01,11.05,50774
AI.DB.E.TO,20230804,97.5,97.5,97,97,15000
AI.DB.F.TO,20230804,87.5,87.5,85.1,85.1,10000
AIF.TO,20230804,45.18,45.5,44.61,44.81,72570
AII.TO,20230804,0.6,0.6,0.58,0.59,15500
AIM.TO,20230804,3.2,3.24,3.19,3.2,62814
AKT.A.TO,20230804,1.72,1.87,1.72,1.83,388221
ALA.TO,20230804,25.7,26.19,25.54,26,499856
ALA.PR.A.TO,20230804,15.25,15.25,15.25,15.25,1200
ALA.PR.B.TO,20230804,17.46,17.75,17.27,17.3,1332
ALA.PR.G.TO,20230804,17.65,17.65,17.65,17.65,500
ALA.PR.H.TO,20230804,19.03,19.03,19.03,19.03,100
ALC.TO,20230804,15.39,15.5,15.27,15.5,8330
ALC.DB.A.TO,20230804,104.97,104.97,103,103,60000
ALS.TO,20230804,20.68,21.14,20.68,21.05,36063
ALYA.TO,20230804,2.37,2.39,2.32,2.34,15666
AMC.TO,20230804,2.88,2.93,2.84,2.86,78965
AMM.TO,20230804,0.195,0.195,0.195,0.195,2919
AND.TO,20230804,41.41,41.76,41.01,41.07,6600
AOI.TO,20230804,3.14,3.17,3.14,3.17,178850
AOT.TO,20230804,0.56,0.56,0.54,0.54,172801
AP.UN.TO,20230804,21.55,21.97,21.55,21.7,280078
APLI.TO,20230804,0.06,0.065,0.05,0.065,522600
APR.UN.TO,20230804,11.87,11.95,11.87,11.9,10505
APS.TO,20230804,4.88,4.99,4.88,4.99,1300
AQN.TO,20230804,10.37,10.52,10.34,10.39,3838282
AQN.PR.A.TO,20230804,19.6,19.6,19.29,19.35,19032
AQN.PR.D.TO,20230804,19.3,19.3,19.21,19.29,4300
AR.TO,20230804,0.56,0.57,0.54,0.55,1299488
ARA.TO,20230804,0.395,0.405,0.39,0.39,62104
ARE.TO,20230804,10.98,11.03,10.82,10.84,289634
ARG.TO,20230804,1.55,1.57,1.52,1.56,193538
ARIS.TO,20230804,3.11,3.2,3.09,3.09,118158
ARKG.TO,20230804,14.72,14.72,14.62,14.62,617
ARKK.TO,20230804,17.92,17.98,17.75,17.75,3554
ARKW.TO,20230804,20,20,19.92,19.92,800
ARR.TO,20230804,9.19,9.38,9,9,4656
ARX.TO,20230804,20.28,20.44,20.06,20.24,2433782
ASCU.TO,20230804,1.71,1.74,1.65,1.69,208100
ASM.TO,20230804,0.94,0.94,0.92,0.93,7015
ASND.TO,20230804,0.12,0.12,0.105,0.11,223591
ASTL.TO,20230804,9.39,9.56,9.33,9.4,42719
ATCU.TO,20230804,0.53,0.53,0.53,0.53,11346
ATD.TO,20230804,65.82,66.39,65.09,65.99,614652
ATH.TO,20230804,3.75,3.81,3.68,3.74,4236003
ATS.TO,20230804,57.12,57.81,56.47,56.57,163810
ATSX.TO,20230804,22.46,22.46,22.46,22.46,700
ATZ.TO,20230804,25.7,25.89,24.81,25.07,847934
AUGB.F.TO,20230804,39.18,39.18,39.18,39.18,100
AUMN.TO,20230804,1.61,1.63,1.54,1.54,3200
AVCN.TO,20230804,0.29,0.29,0.27,0.27,31100
AVL.TO,20230804,0.145,0.155,0.145,0.15,112270
AVNT.TO,20230804,0.26,0.28,0.245,0.25,723393
AW.UN.TO,20230804,33.53,33.79,33.25,33.31,14133
AX.PR.E.TO,20230804,17.51,17.75,17.51,17.74,3550
AX.PR.I.TO,20230804,18.55,18.55,18.4,18.4,7300
AX.UN.TO,20230804,7.08,7.13,7.02,7.02,201415
AYA.TO,20230804,8.16,8.33,8.16,8.22,53290
BABY.TO,20230804,0.67,0.7,0.65,0.67,76475
BAM.TO,20230804,43.11,44.41,43.07,44.03,692465
BANK.TO,20230804,7.54,7.65,7.54,7.6,15408
BASE.TO,20230804,26.61,26.67,26.45,26.45,1818
BB.TO,20230804,6.4,6.52,6.32,6.37,930691
BBD.A.TO,20230804,61.33,62.5,57,57.5,19600
BBD.B.TO,20230804,61.32,62.64,56.56,57.28,1395218
BBD.PR.B.TO,20230804,16.66,16.66,16.61,16.65,3700
BBD.PR.C.TO,20230804,17.75,17.86,17.71,17.8,2297
BBU.UN.TO,20230804,23.56,24,23.51,23.81,40714
BBUC.TO,20230804,27.21,27.87,27.21,27.41,6706
BCE.TO,20230804,55.57,56.55,55.41,56.28,1668275
BCE.PR.A.TO,20230804,16.93,16.99,16.92,16.97,6200
BCE.PR.B.TO,20230804,18.15,18.15,18.05,18.11,6400
BCE.PR.C.TO,20230804,17.29,17.29,17.29,17.29,200
BCE.PR.D.TO,20230804,18,18.05,17.99,18,3100
BCE.PR.E.TO,20230804,18,18,18,18,250
BCE.PR.F.TO,20230804,16.1,16.1,16,16.03,3088
BCE.PR.H.TO,20230804,18,18,18,18,1400
BCE.PR.I.TO,20230804,14.88,14.88,14.86,14.86,1900
BCE.PR.J.TO,20230804,18.08,18.08,18.08,18.08,900
BCE.PR.K.TO,20230804,14.36,14.52,14.36,14.48,1515
BCE.PR.L.TO,20230804,16.27,16.27,16.27,16.27,100
BCE.PR.M.TO,20230804,15.08,15.08,14.9,14.9,718
BCE.PR.N.TO,20230804,17.18,17.18,17.17,17.17,2100
BCE.PR.Q.TO,20230804,21.28,21.6,21.28,21.43,2236
BCE.PR.T.TO,20230804,17.75,17.8,17.75,17.75,1400
BCE.PR.Y.TO,20230804,18,18,18,18,300
BCE.PR.Z.TO,20230804,18.16,18.16,18.16,18.16,100
BCT.TO,20230804,9.1,9.11,8.79,8.88,5343
BDGI.TO,20230804,33.15,34.5,33.15,33.86,197007
BDI.TO,20230804,5.87,6.05,5.87,5.98,34607
BDT.TO,20230804,8.99,8.99,8.9,8.94,19700
BEI.UN.TO,20230804,63.4,63.87,63,63.49,119916
BEK.B.TO,20230804,12.97,12.97,12.97,12.97,130
BEP.PR.G.TO,20230804,21.25,21.25,21,21.02,1850
BEP.PR.M.TO,20230804,19.69,19.73,19.65,19.73,2400
BEP.PR.R.TO,20230804,17.85,17.85,17.67,17.67,2381
BEP.UN.TO,20230804,35.87,37.09,35.41,35.87,205685
BEPC.TO,20230804,37.88,39.78,37.73,38.42,274964
BEPR.TO,20230804,8.54,8.55,8.54,8.54,1925
BESG.TO,20230804,15.23,15.26,15.23,15.26,700
BFIN.TO,20230804,18.76,18.76,18.73,18.73,200
BGI.UN.TO,20230804,4.32,4.32,4.26,4.29,5519
BHC.TO,20230804,12.69,12.77,11.98,12.14,1232866
BIK.PR.A.TO,20230804,22.5,22.5,22.49,22.49,5016
BIP.PR.A.TO,20230804,16.91,17.04,16.91,17.02,1279
BIP.PR.B.TO,20230804,21.39,21.39,21.15,21.39,2200
BIP.PR.E.TO,20230804,21,21,20.75,20.75,6212
BIP.PR.F.TO,20230804,21.25,21.25,20.51,20.51,3765
BIP.UN.TO,20230804,43.22,44.52,43.13,43.9,410633
BIPC.TO,20230804,55.68,57.55,55.68,56.67,170450
BIR.TO,20230804,7.98,8.12,7.91,8.02,712815
BITF.TO,20230804,2.19,2.21,2.09,2.11,1147816
BITI.TO,20230804,11.98,12.16,11.96,12.16,28322
BK.TO,20230804,13.04,13.09,13.02,13.04,81379
BK.PR.A.TO,20230804,10.02,10.03,10,10.03,66400
BKCC.TO,20230804,14.69,14.69,14.68,14.68,233
BKCL.TO,20230804,19.99,20.2,19.99,20.08,23657
BKI.TO,20230804,0.08,0.085,0.08,0.085,142000
BLCO.TO,20230804,24.51,26.11,24.51,24.88,10089
BLDP.TO,20230804,6.5,6.56,6.34,6.48,665309
BLN.TO,20230804,3.61,3.85,3.61,3.82,11289
BLOV.TO,20230804,21.51,21.56,21.4,21.4,800
BLX.TO,20230804,31,31.63,30.94,31.31,288525
BMAX.TO,20230804,12.31,12.31,12.27,12.27,1935
BMO.TO,20230804,118.67,120.2,118.44,119.44,1046507
BMO.PR.E.TO,20230804,21.85,21.85,21.63,21.84,9900
BMO.PR.T.TO,20230804,17.2,17.3,17.2,17.21,1400
BMO.PR.W.TO,20230804,17.16,17.3,17.16,17.21,2600
BMO.PR.Y.TO,20230804,17.9,17.9,17.85,17.89,3900
BN.TO,20230804,43.54,44.57,43.2,44.2,4383315
BN.PF.A.TO,20230804,20.65,20.65,20.38,20.49,19500
BN.PF.B.TO,20230804,17.16,17.25,17.1,17.1,23336
BN.PF.C.TO,20230804,17.54,17.54,17.49,17.5,2000
BN.PF.D.TO,20230804,17.5,17.5,17.46,17.46,1500
BN.PF.E.TO,20230804,14.95,15,14.95,15,400
BN.PF.F.TO,20230804,16.41,16.41,16.05,16.3,32936
BN.PF.G.TO,20230804,15.36,15.36,15.31,15.31,2063
BN.PF.H.TO,20230804,20.1,20.13,20.1,20.13,900
BN.PF.I.TO,20230804,19.66,19.81,19.66,19.81,710
BN.PF.J.TO,20230804,19.5,19.52,19.4,19.5,2903
BN.PF.K.TO,20230804,15.45,15.51,15.45,15.5,5200
BN.PR.B.TO,20230804,11.69,11.7,11.65,11.65,2200
BN.PR.C.TO,20230804,11.65,11.65,11.65,11.65,400
BN.PR.K.TO,20230804,11.57,11.63,11.57,11.57,1400
BN.PR.N.TO,20230804,17.16,17.16,17.12,17.12,600
BN.PR.R.TO,20230804,13.81,13.85,13.77,13.77,2504
BN.PR.T.TO,20230804,14.16,14.22,14.01,14.01,9072
BN.PR.X.TO,20230804,14.8,14.8,14.59,14.59,3700
BN.PR.Z.TO,20230804,18.62,18.72,18.6,18.7,1456
BNC.TO,20230804,24.74,24.74,24.74,24.74,200
BND.TO,20230804,16.9,16.9,16.9,16.9,1280
BNE.TO,20230804,7,7.2,6.93,7.04,79035
BNG.TO,20230804,0.045,0.045,0.045,0.045,15005
BNK.TO,20230804,11.19,11.19,11.07,11.07,555
BNKL.TO,20230804,20.27,20.27,20.24,20.24,1589
BNRE.TO,20230804,43.9,44.65,43.81,44.23,4738
BNS.TO,20230804,64.4,64.85,64.24,64.37,2937116
BOS.TO,20230804,4.83,5.11,4.83,5.1,103875
BPF.UN.TO,20230804,16.33,16.54,16.33,16.52,22938
BPO.PR.A.TO,20230804,11.51,11.55,11.51,11.55,1800
BPO.PR.C.TO,20230804,16.19,16.19,15.8,15.87,2036
BPO.PR.E.TO,20230804,12.1,12.15,12.08,12.11,16100
BPO.PR.G.TO,20230804,14.58,14.58,14.33,14.37,2980
BPO.PR.I.TO,20230804,13.71,13.77,13.67,13.71,6550
BPO.PR.N.TO,20230804,10.1,10.1,9.95,9.97,4000
BPO.PR.P.TO,20230804,10.44,10.45,10.3,10.3,1580
BPO.PR.R.TO,20230804,11.21,11.21,10.9,10.9,1987
BPO.PR.T.TO,20230804,14.1,14.1,13.9,13.9,1500
BPO.PR.X.TO,20230804,9,9.11,9,9.11,700
BPO.PR.Y.TO,20230804,9.2,9.2,9.2,9.2,1000
BPS.PR.B.TO,20230804,24.89,24.89,24.89,24.89,2400
BPS.PR.U.TO,20230804,24.88,24.89,24.88,24.89,700
BPYP.PR.A.TO,20230804,20.55,20.65,20.5,20.55,3322
BR.TO,20230804,1.62,1.62,1.62,1.62,200
BRAG.TO,20230804,6.97,7.15,6.89,6.95,12769
BRE.TO,20230804,15.81,15.81,15.67,15.71,1839
BREA.TO,20230804,22.1,22.1,21.95,21.95,600
BRF.PR.A.TO,20230804,14.65,14.73,14.65,14.73,600
BRF.PR.B.TO,20230804,16.75,16.75,16.75,16.75,100
BRF.PR.C.TO,20230804,16.9,16.9,16.9,16.9,700
BRF.PR.E.TO,20230804,16.61,16.8,16.61,16.8,500
BRF.PR.F.TO,20230804,16.86,16.86,16.65,16.65,1600
BRMI.TO,20230804,1.86,1.86,1.86,1.86,2603
BRY.TO,20230804,0.38,0.4,0.38,0.4,21500
BSKT.TO,20230804,8.22,8.22,8.22,8.22,200
BSX.TO,20230804,0.065,0.065,0.065,0.065,43100
BTB.DB.H.TO,20230804,99.74,99.75,99.02,99.02,39000
BTB.UN.TO,20230804,3.25,3.28,3.24,3.24,31954
BTCC.TO,20230804,5.61,5.64,5.57,5.59,62234
BTCC.B.TO,20230804,5.64,5.66,5.59,5.61,177844
BTCC.U.TO,20230804,5.37,5.37,5.31,5.32,61971
BTCQ.TO,20230804,6.37,6.37,6.32,6.33,2588
BTCX.B.TO,20230804,5.8,5.81,5.75,5.76,24747
BTCX.U.TO,20230804,5.49,5.52,5.44,5.44,65232
BTCY.TO,20230804,3.79,3.79,3.73,3.74,7993
BTCY.B.TO,20230804,4.22,4.23,4.19,4.19,1080
BTCY.U.TO,20230804,3.63,3.63,3.63,3.63,454
BTE.TO,20230804,5.41,5.5,5.35,5.43,6620308
BTO.TO,20230804,4.34,4.4,4.25,4.28,2784006
BU.TO,20230804,0.18,0.185,0.175,0.175,19200
BUI.TO,20230804,2.12,2.21,2.05,2.21,5109
BXF.TO,20230804,9.71,9.71,9.71,9.71,520
BYD.TO,20230804,235.7,236.65,234.89,235.22,11890
CACB.TO,20230804,18.82,18.82,18.82,18.82,20800
CAE.TO,20230804,29.96,30.48,29.74,29.8,663938
CALL.TO,20230804,11.67,11.75,11.6,11.62,7805
CALL.U.TO,20230804,12.8,12.8,12.8,12.8,16400
CAR.UN.TO,20230804,50,50.52,49.6,50,299997
CARS.TO,20230804,30.41,30.41,29.95,29.95,1911
CAS.TO,20230804,12.53,12.94,12.45,12.75,434522
CASH.TO,20230804,50.06,50.06,50.05,50.05,209521
CBH.TO,20230804,16.88,16.88,16.88,16.88,100
CBIL.TO,20230804,50.02,50.03,50.02,50.02,7537
CBNK.TO,20230804,7.29,7.29,7.29,7.29,2310
CBO.TO,20230804,17.14,17.18,17.14,17.16,6074
CCA.TO,20230804,63.8,65.15,63.8,64.46,33632
CCBI.TO,20230804,17.31,17.31,17.31,17.31,6000
CCEI.TO,20230804,21.83,21.83,21.8,21.8,7500
CCL.B.TO,20230804,61.68,62.29,60.01,61.85,203666
CCM.TO,20230804,0.235,0.235,0.235,0.235,8500
CCO.TO,20230804,45,45.49,44.36,44.85,879383
CCOM.TO,20230804,20.22,20.22,20.22,20.22,350
CCS.PR.C.TO,20230804,18.98,18.98,18.85,18.85,1125
CDIV.TO,20230804,12.52,12.57,12.51,12.52,15424
CDR.TO,20230804,1.67,1.76,1.54,1.69,169183
CDZ.TO,20230804,29.78,30.05,29.78,29.94,11433
CEE.TO,20230804,1.6,1.6,1.58,1.58,3900
CEF.TO,20230804,24.59,24.59,24.36,24.46,8719
CEF.U.TO,20230804,18.28,18.28,18.28,18.28,200
CET.TO,20230804,0.88,0.94,0.88,0.92,1335637
CEU.TO,20230804,2.9,2.92,2.87,2.9,150621
CEW.TO,20230804,15.86,16.01,15.86,15.92,3353
CF.TO,20230804,8.01,8.29,8.01,8.26,321157
CF.PR.A.TO,20230804,12.2,12.6,12.2,12.6,16363
CF.PR.C.TO,20230804,17.05,17.05,17.05,17.05,2000
CFF.TO,20230804,1.35,1.35,1.35,1.35,500
CFP.TO,20230804,20.08,20.11,19.35,19.8,218563
CFW.TO,20230804,5.36,5.46,5.29,5.31,7968
CFX.TO,20230804,2.05,2.08,2.01,2.01,4383
CG.TO,20230804,7.94,8.15,7.94,8.06,1589700
CGG.TO,20230804,5.08,5.19,5.05,5.08,13652
CGHY.TO,20230804,9.57,9.57,9.57,9.57,600
CGI.TO,20230804,35.85,36.13,35.85,35.85,1201
CGIN.TO,20230804,19.96,20.03,19.96,20.03,3000
CGIN.U.TO,20230804,20.02,20.08,20.02,20.08,4500
CGL.TO,20230804,15.6,15.65,15.58,15.59,28000
CGL.C.TO,20230804,22.07,22.07,21.99,22.06,36533
CGLO.TO,20230804,24.63,24.63,24.43,24.43,1902
CGO.TO,20230804,49.83,51.22,49.83,50.39,21354
CGR.TO,20230804,26.46,26.46,26.19,26.22,2565
CGRA.TO,20230804,20.56,20.59,20.47,20.59,21700
CGRE.TO,20230804,20.46,20.46,20.39,20.42,6300
CGX.TO,20230804,9.25,9.46,9.24,9.27,366539
CGXF.TO,20230804,9.97,10.03,9.97,10.03,3465
CGY.TO,20230804,63.08,63.91,62.84,62.88,5772
CHE.DB.E.TO,20230804,100,100,100,100,59000
CHE.DB.G.TO,20230804,102.2,102.2,102.2,102.2,12000
CHE.DB.H.TO,20230804,99.75,99.75,99.75,99.75,23000
CHE.UN.TO,20230804,8.75,8.89,8.71,8.8,173955
CHP.UN.TO,20230804,13.59,13.72,13.57,13.7,216987
CHPS.TO,20230804,28.05,28.05,27.79,27.83,2331
CHR.TO,20230804,3.05,3.06,2.76,2.78,1983760
CHR.DB.A.TO,20230804,95.02,95.02,94.5,94.5,40000
CHR.DB.C.TO,20230804,84.6,84.6,83.4,83.5,43000
CHW.TO,20230804,8.25,8.25,8.1,8.24,6594
CIA.TO,20230804,5.04,5.13,5.01,5.08,538418
CIBR.TO,20230804,35.56,35.56,35,35,595
CIC.TO,20230804,10.73,10.79,10.72,10.73,12223
CIEI.TO,20230804,21.01,21.1,20.98,20.98,5899
CIF.TO,20230804,36.22,36.22,35.89,35.89,3506
CIGI.TO,20230804,146.61,148.85,143.45,147.57,48738
CINF.TO,20230804,23.57,23.57,23.47,23.47,6300
CINT.TO,20230804,21.2,21.2,21.2,21.2,200
CIQ.UN.TO,20230804,6.89,6.89,6.89,6.89,1200
CIU.PR.A.TO,20230804,16.73,16.91,16.73,16.9,4000
CIU.PR.C.TO,20230804,13,13,13,13,1800
CIX.TO,20230804,16.58,16.9,16.41,16.82,519894
CJ.TO,20230804,7.18,7.27,7.14,7.16,810149
CJR.B.TO,20230804,1.4,1.45,1.38,1.44,241572
CJT.TO,20230804,95.52,96.82,94.6,95.15,34642
CJT.DB.F.TO,20230804,95.9,95.9,95.26,95.26,12000
CKI.TO,20230804,13.15,13.17,13.15,13.17,700
CLF.TO,20230804,16.48,16.55,16.48,16.54,13383
CLG.TO,20230804,16.42,16.48,16.41,16.45,33922
CLS.TO,20230804,28.26,29.26,28.22,28.57,383913
CM.TO,20230804,56.52,57.31,56.45,56.96,1544844
CM.PR.O.TO,20230804,18.11,18.13,18.1,18.1,1000
CM.PR.P.TO,20230804,16.98,17.03,16.98,16.99,2500
CM.PR.Q.TO,20230804,17.71,17.94,17.71,17.8,700
CM.PR.S.TO,20230804,20.54,20.54,20.4,20.4,10605
CM.PR.Y.TO,20230804,24.3,24.35,24.22,24.35,3200
CMAG.TO,20230804,25.39,25.46,25.23,25.23,7947
CMAG.U.TO,20230804,19.02,19.02,19.02,19.02,4800
CMAR.TO,20230804,17.77,17.77,17.77,17.77,100
CMDO.TO,20230804,19,19.05,18.99,19.05,3300
CMG.TO,20230804,7.13,7.18,7.08,7.1,21598
CMGG.TO,20230804,20.16,20.16,20.15,20.15,16600
CMR.TO,20230804,50.09,50.09,50.05,50.05,36635
CNAO.U.TO,20230804,22.07,22.19,22.07,22.19,1800
CNCC.TO,20230804,12.09,12.12,12.07,12.12,5434
CNCL.TO,20230804,19.82,19.93,19.81,19.81,519
CNE.TO,20230804,12.15,12.25,12.06,12.17,12130
CNQ.TO,20230804,80.2,82,80.1,81.51,3720874
CNR.TO,20230804,156.5,157.98,155.82,156.45,939633
CNT.TO,20230804,0.045,0.05,0.045,0.05,10585
COG.TO,20230804,0.42,0.42,0.395,0.42,50500
COMM.TO,20230804,27.92,27.92,27.83,27.83,700
COPP.TO,20230804,30.62,30.62,30.49,30.49,578
COW.TO,20230804,64.81,65.8,64.81,65.29,2906
CP.TO,20230804,108,109.7,107.88,108.2,1384458
CPD.TO,20230804,10.54,10.56,10.54,10.56,57277
CPH.TO,20230804,3.57,3.57,3.5,3.5,4545
CPLF.TO,20230804,6.23,6.23,5.7,6.02,650215
CPLS.TO,20230804,17.44,17.44,17.44,17.44,2700
CPX.TO,20230804,40.12,41.09,40.07,40.18,340821
CPX.PR.C.TO,20230804,21.31,21.31,21.17,21.17,1700
CPX.PR.E.TO,20230804,20.99,20.99,20.98,20.98,300
CPX.PR.K.TO,20230804,23.65,23.65,23.5,23.5,2900
CR.TO,20230804,5.75,5.99,5.74,5.95,617212
CRDL.TO,20230804,1.6,1.63,1.56,1.6,240239
CRON.TO,20230804,2.52,2.53,2.48,2.48,132068
CROP.TO,20230804,17.45,17.45,17.45,17.45,100
CROP.U.TO,20230804,19.52,19.52,19.52,19.52,200
CRP.TO,20230804,2.3,2.3,2.25,2.26,2502
CRR.UN.TO,20230804,13.58,13.78,13.54,13.74,105981
CRRX.TO,20230804,2.14,2.14,2.1,2.1,3550
CRT.UN.TO,20230804,14.93,15.12,14.92,15.1,107703
CS.TO,20230804,6.68,6.79,6.61,6.66,606272
CSAV.TO,20230804,50.11,50.11,50.09,50.1,21280
CSH.UN.TO,20230804,9.88,9.91,9.85,9.9,144645
CSU.TO,20230804,2664.5,2723.7,2634.66,2689.24,39205
CSU.DB.TO,20230804,139.5,139.5,139.5,139.5,5000
CSW.A.TO,20230804,15.1,15.2,14.96,15.11,2935
CSW.B.TO,20230804,14.02,14.02,14.02,14.02,740
CTC.TO,20230804,280,280,280,280,103
CTC.A.TO,20230804,177.39,179.39,177.31,178.75,91499
CTF.UN.TO,20230804,3.14,3.14,3.06,3.11,4300
CTS.TO,20230804,3.16,3.3,3.14,3.28,972366
CTX.TO,20230804,0.71,0.71,0.71,0.71,2430
CU.TO,20230804,30.9,31.44,30.9,31.22,1389778
CU.PR.C.TO,20230804,17.65,17.65,17.5,17.5,4402
CU.PR.F.TO,20230804,16.71,16.95,16.7,16.8,5486
CU.PR.G.TO,20230804,17.03,17.04,17,17,10100
CU.PR.I.TO,20230804,22.25,22.25,22.25,22.25,500
CU.PR.J.TO,20230804,17.3,17.3,17.22,17.23,6700
CUD.TO,20230804,50.8,50.8,50.8,50.8,301
CUEI.TO,20230804,23.65,23.65,23.65,23.65,900
CUP.U.TO,20230804,11.95,11.95,11.95,11.95,200
CVE.TO,20230804,25.47,25.8,25.33,25.5,4678505
CVE.PR.A.TO,20230804,12.26,12.45,12.25,12.45,3440
CVE.PR.C.TO,20230804,18.47,18.5,18.46,18.47,1700
CVE.PR.E.TO,20230804,19.5,19.5,19.25,19.37,1600
CVE.PR.G.TO,20230804,19.8,19.87,19.76,19.77,2500
CVE.WT.TO,20230804,19.02,19.25,18.92,18.94,13763
CVO.TO,20230804,10.71,11,10.64,10.65,117618
CWB.TO,20230804,26.16,26.55,26.16,26.38,112429
CWB.PR.B.TO,20230804,17.28,17.3,17.28,17.28,401
CWB.PR.D.TO,20230804,24.7,24.7,24.45,24.45,4000
CWEB.TO,20230804,0.41,0.41,0.4,0.4,9104
CWL.TO,20230804,1.2,1.21,1.2,1.21,20800
CWW.TO,20230804,50.05,50.09,50.04,50.09,1096
CXB.TO,20230804,1.66,1.68,1.62,1.64,471768
CXF.TO,20230804,9.59,9.59,9.59,9.59,2118
CXI.TO,20230804,25.55,25.55,25.55,25.55,200
CYB.TO,20230804,60.49,60.94,60.49,60.93,864
CYBR.TO,20230804,37.65,37.65,36.95,36.95,1989
CYH.TO,20230804,19.25,19.25,19.13,19.13,2879
D.UN.TO,20230804,13.5,13.9,13.01,13.11,234393
DANC.TO,20230804,21.34,21.35,21.34,21.35,1113
DBM.TO,20230804,6.89,7.44,6.86,7.36,786308
DBO.TO,20230804,0.095,0.095,0.095,0.095,5000
DC.A.TO,20230804,1.31,1.35,1.31,1.33,9600
DC.PR.D.TO,20230804,19.25,19.25,19.25,19.25,100
DCBO.TO,20230804,50.07,50.52,48.97,49.98,27995
DCC.TO,20230804,17.66,17.66,17.66,17.66,100
DCG.TO,20230804,17.33,17.33,17.33,17.33,100
DCM.TO,20230804,3.36,3.44,3.35,3.4,254201
DCU.TO,20230804,17.06,17.1,17.06,17.1,2338
DF.TO,20230804,3.94,4,3.9,3.95,14102
DF.PR.A.TO,20230804,9.59,9.59,9.58,9.59,6460
DFN.TO,20230804,6.29,6.37,6.25,6.28,283921
DFN.PR.A.TO,20230804,9.45,9.46,9.45,9.45,87700
DFY.TO,20230804,34.5,36.14,34.4,36.14,252506
DGR.TO,20230804,39.28,39.29,38.88,38.88,863
DGR.B.TO,20230804,42.58,42.63,42.3,42.3,2200
DGRC.TO,20230804,34.86,35,34.86,34.96,14127
DGS.TO,20230804,4.91,5.05,4.91,4.95,84104
DGS.PR.A.TO,20230804,9.8,9.8,9.79,9.79,9900
DHT.UN.TO,20230804,12.07,12.4,12,12.23,15391
DIAM.TO,20230804,0.09,0.1,0.09,0.1,32939
DII.B.TO,20230804,5.81,5.88,5.81,5.83,5217
DIR.UN.TO,20230804,14.06,14.27,14.05,14.25,9632692
DIV.TO,20230804,2.86,2.91,2.85,2.9,84237
DLCG.TO,20230804,2.35,2.35,2.35,2.35,129
DLR.TO,20230804,13.66,13.7,13.63,13.7,624163
DLR.U.TO,20230804,10.23,10.24,10.22,10.23,369146
DML.TO,20230804,1.68,1.72,1.67,1.69,1451479
DN.TO,20230804,0.06,0.065,0.06,0.06,366125
DND.TO,20230804,18.71,19.25,18.62,18.94,72066
DNG.TO,20230804,3.05,3.06,3.01,3.01,10039
DNTL.TO,20230804,7.59,7.91,7.58,7.59,262970
DOL.TO,20230804,84.51,86.06,84.37,85.54,308218
DOO.TO,20230804,119.95,119.95,117.6,118.09,113622
DPM.TO,20230804,8.93,9.2,8.92,9.04,362277
DR.TO,20230804,9.14,9.29,9.13,9.29,32439
DRFC.TO,20230804,25.28,25.28,25.27,25.27,1700
DRFE.TO,20230804,20,20,20,20,300
DRM.TO,20230804,20.07,20.42,20,20.25,20541
DRMC.TO,20230804,25.31,25.47,25.3,25.36,2870
DRME.TO,20230804,16.48,16.48,16.48,16.48,300
DRMU.TO,20230804,32.03,32.03,32.03,32.03,100
DRR.U.TO,20230804,7.48,7.68,7.48,7.68,1925
DRT.TO,20230804,0.6,0.75,0.54,0.65,406440
DRX.TO,20230804,4.26,4.31,4.2,4.31,14246
DS.TO,20230804,6.5,6.56,6.5,6.54,2377
DSG.TO,20230804,99.92,100.52,98.91,99.85,80103
DSV.TO,20230804,0.79,0.79,0.76,0.78,94266
DTOL.TO,20230804,8.41,8.5,8.41,8.5,1100
DXB.TO,20230804,17.92,17.92,17.92,17.92,800
DXC.TO,20230804,33.19,33.21,33.19,33.21,4111
DXDB.TO,20230804,19.96,20.02,19.94,20.02,11799
DXG.TO,20230804,45.07,45.07,44.52,44.52,22411
DXIF.TO,20230804,19.06,19.07,19.06,19.07,3500
DXO.TO,20230804,18.6,18.62,18.6,18.62,500
DXP.TO,20230804,18.85,18.85,18.79,18.79,5152
DXQ.TO,20230804,22.38,22.82,22.36,22.46,38700
DXR.TO,20230804,20.93,20.93,20.9,20.9,270
DXT.TO,20230804,5.51,5.86,5.51,5.86,16490
DXU.TO,20230804,42.84,42.9,42.84,42.84,1630
DXV.TO,20230804,19.72,19.79,19.72,19.77,8841
DYA.TO,20230804,0.21,0.22,0.21,0.215,61145
E.TO,20230804,0.465,0.465,0.45,0.45,5500
EAGR.TO,20230804,0.48,0.5,0.48,0.5,3325
EBIT.TO,20230804,14.28,14.29,14.19,14.21,5195
ECN.TO,20230804,2.63,2.76,2.63,2.75,210706
ECN.DB.TO,20230804,78.9,78.99,78.5,78.5,25000
ECN.DB.A.TO,20230804,80,80,80,80,25000
ECN.DB.B.TO,20230804,67,67,65,66,138000
ECN.PR.C.TO,20230804,17.85,17.85,17.85,17.85,1800
ECO.TO,20230804,3.71,3.71,3.65,3.65,20400
ECOR.TO,20230804,1.97,1.97,1.92,1.92,17700
EDGF.TO,20230804,9.42,9.46,9.42,9.46,1400
EDR.TO,20230804,4.24,4.38,4.24,4.3,129352
EDT.TO,20230804,0.315,0.33,0.315,0.33,1900
EDV.TO,20230804,29.91,30.13,29.76,29.83,218806
EFN.TO,20230804,21.01,21.07,20.87,21.03,315489
EFN.PR.C.TO,20230804,24.65,24.65,24.65,24.65,500
EFR.TO,20230804,8.22,8.33,8.09,8.12,265319
EFX.TO,20230804,10.42,10.75,10.37,10.63,270638
EGLX.TO,20230804,0.76,0.76,0.69,0.7,143622
EIF.TO,20230804,49.13,49.77,49.1,49.6,109417
EIF.DB.L.TO,20230804,104,104,104,104,5000
EIF.DB.M.TO,20230804,99.5,99.5,99.5,99.5,7000
EIT.PR.A.TO,20230804,24.7,24.75,24.7,24.75,700
EIT.PR.B.TO,20230804,23.95,24,23.95,23.98,4200
EIT.UN.TO,20230804,13,13.09,12.97,13.07,99701
ELD.TO,20230804,12.4,12.63,12.36,12.39,267232
ELF.PR.F.TO,20230804,19.6,19.61,19.53,19.53,1050
ELF.PR.G.TO,20230804,17.65,17.65,17.65,17.65,200
ELF.PR.H.TO,20230804,20.34,20.35,20.34,20.35,2800
ELO.TO,20230804,3.1,3.15,3.09,3.15,31100
ELR.TO,20230804,0.075,0.075,0.07,0.07,61300
ELVA.TO,20230804,5.66,5.7,5.48,5.5,14408
EMA.TO,20230804,50.74,51.43,50.7,51.04,690541
EMA.PR.A.TO,20230804,13.31,13.31,13.31,13.31,100
EMA.PR.B.TO,20230804,16,16,16,16,400
EMA.PR.C.TO,20230804,20.51,20.55,20.42,20.42,4500
EMA.PR.E.TO,20230804,16.84,16.85,16.8,16.85,5299
EMA.PR.F.TO,20230804,17.01,17.2,17.01,17.12,2700
EMA.PR.H.TO,20230804,21.25,21.25,21.04,21.25,4400
EMA.PR.J.TO,20230804,20.64,20.64,20.11,20.35,2000
EMA.PR.L.TO,20230804,16.82,16.82,16.82,16.82,100
EMP.A.TO,20230804,34.83,35.05,34.55,35,440124
EMV.B.TO,20230804,25.8,25.8,25.79,25.8,405
ENB.TO,20230804,48.43,48.67,48.02,48.08,10323260
ENB.PF.A.TO,20230804,15.75,15.75,15.69,15.75,800
ENB.PF.C.TO,20230804,15.31,15.35,15.31,15.33,4111
ENB.PF.E.TO,20230804,14.42,14.52,14.42,14.49,2948
ENB.PF.G.TO,20230804,14.35,14.56,14.35,14.43,1000
ENB.PF.K.TO,20230804,20.85,20.85,20.7,20.85,3800
ENB.PF.U.TO,20230804,18.84,18.89,18.65,18.84,8725
ENB.PF.V.TO,20230804,20.1,20.12,20.1,20.12,1000
ENB.PR.A.TO,20230804,21.2,21.2,21.15,21.16,5709
ENB.PR.B.TO,20230804,16.21,16.46,16.1,16.45,5600
ENB.PR.D.TO,20230804,16.91,17.04,16.8,16.98,8858
ENB.PR.F.TO,20230804,17.25,17.44,17.24,17.3,13351
ENB.PR.G.TO,20230804,18.5,18.5,18.5,18.5,500
ENB.PR.H.TO,20230804,17.89,18,17.89,18,23641
ENB.PR.J.TO,20230804,16.8,16.95,16.74,16.95,11591
ENB.PR.N.TO,20230804,18.65,18.86,18.6,18.8,36410
ENB.PR.P.TO,20230804,16.65,16.86,16.65,16.76,6500
ENB.PR.T.TO,20230804,16.06,16.25,16.05,16.25,4300
ENB.PR.V.TO,20230804,20.95,20.95,20.84,20.84,6800
ENB.PR.Y.TO,20230804,15.29,15.45,15.24,15.45,6000
ENCC.TO,20230804,10.85,10.96,10.82,10.89,101982
ENGH.TO,20230804,27.99,28.88,27.94,28.15,66602
ENI.UN.TO,20230804,1.6,1.6,1.6,1.6,1000
ENS.TO,20230804,14.43,14.54,14.41,14.48,16319
ENS.PR.A.TO,20230804,9.95,9.95,9.94,9.94,12860
EPRX.TO,20230804,7.5,8.46,7.43,7.47,99275
EPRX.WT.TO,20230804,1.55,1.59,1.55,1.59,3300
EQB.TO,20230804,82.23,83.71,81.77,83.52,127756
EQL.TO,20230804,31.11,31.11,30.81,30.83,12187
EQL.F.TO,20230804,27.42,27.53,27.21,27.23,29325
EQX.TO,20230804,6.61,6.83,6.61,6.73,591277
ERD.TO,20230804,0.365,0.365,0.355,0.355,44499
ERE.UN.TO,20230804,2.81,2.82,2.75,2.75,281177
ERO.TO,20230804,29.49,30.11,29.06,29.07,278377
ESG.TO,20230804,31.95,31.96,31.95,31.96,1525
ESG.F.TO,20230804,30.95,30.95,30.89,30.89,300
ESGA.TO,20230804,32.07,32.12,32.07,32.12,200
ESGC.TO,20230804,24,24.01,23.97,23.97,3100
ESGE.TO,20230804,30.75,30.77,30.75,30.77,206
ESGY.TO,20230804,42.34,42.34,42.34,42.34,100
ESI.TO,20230804,2.56,2.74,2.56,2.69,718186
ESM.TO,20230804,0.035,0.04,0.035,0.04,112666
ESPX.TO,20230804,21.91,21.91,21.69,21.69,1085
ET.TO,20230804,13.09,13.4,13.09,13.2,16697
ETC.TO,20230804,6.7,6.7,6.64,6.64,203
ETG.TO,20230804,1.32,1.35,1.32,1.35,18100
ETHH.TO,20230804,7.59,7.63,7.51,7.51,14823
ETHH.B.TO,20230804,8.6,8.61,8.55,8.57,26226
ETHI.TO,20230804,44.14,44.14,44.14,44.14,255
ETHQ.TO,20230804,9.75,9.77,9.69,9.69,5100
ETHQ.U.TO,20230804,7.32,7.32,7.31,7.31,600
ETHR.TO,20230804,8.53,8.58,8.53,8.55,5238
ETHR.U.TO,20230804,7.92,7.92,7.92,7.92,1201
ETHX.B.TO,20230804,8.85,8.91,8.81,8.82,42764
ETHX.U.TO,20230804,8.3,8.32,8.23,8.23,15022
ETHY.TO,20230804,2.93,2.95,2.93,2.93,4506
ETHY.B.TO,20230804,3.57,3.57,3.55,3.55,3221
ETHY.U.TO,20230804,2.88,2.88,2.87,2.87,1176
ETSX.TO,20230804,19.44,19.44,19.44,19.44,513
EXE.TO,20230804,7.06,7.22,7.03,7.18,134069
EXE.DB.C.TO,20230804,95.29,96.25,95.29,96.25,68000
EXN.TO,20230804,0.095,0.095,0.09,0.09,134250
EXRO.TO,20230804,2.23,2.23,2.2,2.22,38576
EXRO.WT.TO,20230804,0.99,0.99,0.99,0.99,400
FANS.TO,20230804,0.045,0.045,0.045,0.045,76500
FAP.TO,20230804,2.57,2.57,2.57,2.57,16458
FAR.TO,20230804,1.82,1.82,1.82,1.82,3129
FBT.TO,20230804,25.54,25.54,25.4,25.4,1400
FBTC.TO,20230804,13.07,13.09,12.98,13.02,1343
FC.TO,20230804,10.61,10.74,10.61,10.72,8405
FC.DB.J.TO,20230804,94,94,94,94,5000
FCCD.TO,20230804,26.75,26.87,26.75,26.75,5069
FCCQ.TO,20230804,30.36,30.36,30.36,30.36,200
FCCV.TO,20230804,13.41,13.48,13.36,13.39,6488
FCD.UN.TO,20230804,5.52,5.52,5.45,5.51,3831
FCIQ.TO,20230804,33.6,33.64,33.6,33.6,746
FCIV.TO,20230804,31,31,30.85,30.88,2231
FCQH.TO,20230804,45.31,45.31,44.87,44.87,200
FCR.UN.TO,20230804,14.38,14.62,14.28,14.55,338087
FCRR.TO,20230804,33.83,33.83,33.72,33.72,300
FCU.TO,20230804,0.62,0.62,0.59,0.62,385802
FCUD.TO,20230804,30.87,30.87,30.66,30.68,6169
FCUH.TO,20230804,28.25,28.25,27.97,27.97,4300
FCUQ.TO,20230804,47.39,47.47,47.11,47.11,2100
FCUV.TO,20230804,14.47,14.5,14.39,14.39,5400
FDY.TO,20230804,0.81,0.82,0.81,0.82,19500
FEC.TO,20230804,10.54,10.88,10.23,10.75,41048
FF.TO,20230804,0.155,0.16,0.15,0.155,592783
FFH.TO,20230804,1060.01,1133.52,1060.01,1127.98,55395
FFH.PR.C.TO,20230804,18.5,18.51,18.42,18.42,4613
FFH.PR.D.TO,20230804,19.5,19.5,19.2,19.5,1800
FFH.PR.E.TO,20230804,14.29,14.5,14.29,14.4,6155
FFH.PR.F.TO,20230804,16.98,17,16.98,17,1400
FFH.PR.G.TO,20230804,14.25,14.53,14.25,14.53,9416
FFH.PR.H.TO,20230804,17.3,17.4,17.3,17.4,4812
FFH.PR.I.TO,20230804,15.22,15.71,15.21,15.58,13940
FFH.PR.J.TO,20230804,18.39,18.39,18.3,18.35,1400
FFH.PR.K.TO,20230804,17.95,17.99,17.84,17.98,6102
FFH.PR.M.TO,20230804,20.31,20.41,20.31,20.39,2800
FFN.TO,20230804,3.86,4,3.86,3.93,73390
FFN.PR.A.TO,20230804,9.69,9.71,9.68,9.7,27550
FGO.TO,20230804,9.81,9.81,9.81,9.81,728
FHG.TO,20230804,43.41,43.41,43.41,43.41,200
FHH.TO,20230804,37.73,37.76,37.73,37.76,567
FHI.TO,20230804,11.55,11.55,11.53,11.53,5761
FHIS.TO,20230804,20.3,20.3,20.3,20.3,225
FHQ.TO,20230804,73.83,73.83,73.41,73.41,400
FIE.TO,20230804,6.68,6.75,6.68,6.73,58836
FIH.U.TO,20230804,13.86,14.14,13.68,14.14,30092
FIL.TO,20230804,23.81,24.52,23.81,24.2,86506
FLGA.TO,20230804,18.3,18.44,18.3,18.44,4947
FLI.TO,20230804,9.92,9.94,9.87,9.87,815
FLNT.TO,20230804,0.035,0.035,0.025,0.03,186671
FLOW.TO,20230804,0.47,0.47,0.36,0.36,42343
FLUS.TO,20230804,34.79,34.79,34.55,34.55,1000
FLX.TO,20230804,6.75,6.75,6.75,6.75,1600
FM.TO,20230804,36.58,37.61,36.38,37.07,2282400
FN.TO,20230804,39.09,39.99,39.08,39.88,18069
FN.PR.A.TO,20230804,10.6,10.6,10.6,10.6,27400
FN.PR.B.TO,20230804,13.45,13.45,13.45,13.45,700
FNV.TO,20230804,185.56,187.81,185.56,187.38,297206
FOM.TO,20230804,4.03,4.05,3.97,4.01,176744
FOOD.TO,20230804,0.485,0.485,0.47,0.47,30745
FOOD.DB.A.TO,20230804,33,33,33,33,20000
FORA.TO,20230804,4.11,5,4.11,4.69,2240
FOUR.TO,20230804,43.72,43.72,43.72,43.72,143
FPR.TO,20230804,19.47,19.47,19.44,19.44,8184
FRU.TO,20230804,14.1,14.32,14.06,14.15,248083
FSB.TO,20230804,9.46,9.5,9.46,9.5,10658
FSL.TO,20230804,16.92,16.92,16.92,16.92,200
FST.TO,20230804,43.93,43.93,43.7,43.7,1001
FSV.TO,20230804,203.9,206.85,203.9,205.94,39173
FSY.TO,20230804,0.34,0.365,0.34,0.36,149492
FSZ.TO,20230804,6.44,6.54,6.42,6.47,261411
FSZ.DB.B.TO,20230804,104,104.25,104,104.25,97000
FT.TO,20230804,0.05,0.05,0.05,0.05,8005
FTG.TO,20230804,3.66,3.67,3.65,3.67,7800
FTN.TO,20230804,8.73,8.79,8.73,8.76,90035
FTN.PR.A.TO,20230804,9.49,9.5,9.48,9.5,74590
FTS.TO,20230804,53.2,54.16,53.17,53.74,1678153
FTS.PR.F.TO,20230804,19.54,19.7,19.51,19.67,2900
FTS.PR.G.TO,20230804,19.04,19.15,19.02,19.07,25933
FTS.PR.H.TO,20230804,13.17,13.18,13.17,13.18,1500
FTS.PR.I.TO,20230804,15.62,15.62,15.42,15.42,200
FTS.PR.J.TO,20230804,18.88,19,18.88,19,2700
FTS.PR.K.TO,20230804,16.7,17.06,16.7,17.01,20075
FTS.PR.M.TO,20230804,17.09,17.1,17.01,17.1,2900
FTT.TO,20230804,45.53,46.21,45.36,45.89,180981
FTU.PR.B.TO,20230804,5.77,5.77,5.77,5.77,100
FURY.TO,20230804,0.51,0.51,0.5,0.5,4547
FVI.TO,20230804,4.41,4.53,4.41,4.48,247112
FVL.TO,20230804,0.44,0.44,0.43,0.43,30139
FWCP.TO,20230804,16.83,16.84,16.83,16.84,200
FXM.TO,20230804,21.19,21.22,21.19,21.19,1046
G.TO,20230804,0.89,0.89,0.87,0.88,81325
GATO.TO,20230804,6.46,6.46,6.46,6.46,400
GAU.TO,20230804,0.81,0.85,0.81,0.84,25208
GBAL.TO,20230804,42.13,42.18,42.13,42.18,300
GBT.TO,20230804,16.15,16.15,16.15,16.15,1000
GCG.TO,20230804,41.46,42,41.46,42,1000
GCG.A.TO,20230804,41.75,41.75,40.74,40.85,5050
GCL.TO,20230804,1.02,1.03,1,1,16652
GCNS.TO,20230804,38.81,38.83,38.81,38.83,200
GCSC.TO,20230804,21.44,21.44,21.44,21.44,150
GCTB.TO,20230804,50.18,50.26,50.18,50.22,33866
GDC.TO,20230804,2.05,2.05,2.05,2.05,100
GDI.TO,20230804,47.45,47.45,47.23,47.39,1879
GDL.TO,20230804,14.53,14.53,14.27,14.27,275
GDPY.TO,20230804,20.7,20.71,20.7,20.71,800
GDV.TO,20230804,9.4,9.51,9.4,9.42,18722
GDV.PR.A.TO,20230804,9.25,9.3,9.25,9.29,8800
GEC.TO,20230804,0.395,0.395,0.395,0.395,7500
GEI.TO,20230804,20.22,20.37,19.99,20,820050
GENM.TO,20230804,0.37,0.38,0.37,0.37,12688
GEO.TO,20230804,3.12,3.13,3.1,3.1,9400
GEQT.TO,20230804,48.03,48.08,47.87,47.87,1276
GFL.TO,20230804,44.21,44.8,43.8,44.18,503866
GFP.TO,20230804,1.13,1.15,1.13,1.14,57900
GGD.TO,20230804,1.4,1.46,1.39,1.41,207827
GGRO.TO,20230804,45.23,45.23,45,45,450
GH.TO,20230804,8.88,8.91,8.84,8.9,14800
GIB.A.TO,20230804,132.14,134.06,132.14,133.3,565791
GIL.TO,20230804,40.6,41.68,40.41,41.31,845399
GLCC.TO,20230804,23.17,23.3,23.12,23.21,12933
GLO.TO,20230804,1.47,1.52,1.43,1.43,798170
GLXY.TO,20230804,6.33,6.43,6.22,6.27,373189
GMTN.TO,20230804,0.115,0.115,0.11,0.11,55041
GMX.TO,20230804,0.77,0.77,0.75,0.75,42399
GOLD.TO,20230804,1.2,1.23,1.2,1.22,34270
GOOS.TO,20230804,22.54,23.09,22.1,22.4,407733
GRA.TO,20230804,3.08,3.15,3.05,3.05,27274
GRC.TO,20230804,0.095,0.1,0.095,0.1,170983
GRID.TO,20230804,0.86,0.87,0.86,0.86,9050
GRN.TO,20230804,0.25,0.265,0.25,0.26,58538
GRNI.TO,20230804,26.95,26.95,26.95,26.95,2000
GRT.UN.TO,20230804,77.22,78.08,77.22,78.02,64663
GSY.TO,20230804,127.52,132.47,127.52,132.34,133453
GTE.TO,20230804,8.97,9.26,8.94,9.12,58347
GUD.TO,20230804,4.73,4.82,4.73,4.77,88099
GURU.TO,20230804,2.24,2.24,1.98,2.02,74085
GUTB.U.TO,20230804,50.21,50.22,50.21,50.22,2004
GWO.TO,20230804,39.99,40.54,39.99,40.39,2942457
GWO.PR.G.TO,20230804,19.43,19.44,19.39,19.42,8800
GWO.PR.H.TO,20230804,18.03,18.09,18.02,18.09,900
GWO.PR.I.TO,20230804,17.19,17.19,17.14,17.15,700
GWO.PR.L.TO,20230804,21,21,20.96,20.99,2700
GWO.PR.M.TO,20230804,21.75,21.86,21.75,21.84,1631
GWO.PR.N.TO,20230804,12.47,12.6,12.47,12.5,6200
GWO.PR.P.TO,20230804,19.82,20,19.82,20,1400
GWO.PR.Q.TO,20230804,19.03,19.03,19.03,19.03,300
GWO.PR.R.TO,20230804,17.91,17.91,17.89,17.89,5400
GWO.PR.S.TO,20230804,19.5,19.5,19.5,19.5,200
GWO.PR.T.TO,20230804,19.5,19.5,19.5,19.5,8200
GWO.PR.Y.TO,20230804,17.09,17.16,17.09,17.12,5600
GXE.TO,20230804,0.9,0.9,0.88,0.89,842350
H.TO,20230804,35.58,36.46,35.58,36.2,1092535
HAB.TO,20230804,9.49,9.52,9.48,9.48,1430
HAC.TO,20230804,25.35,25.35,25.35,25.35,1439
HAI.TO,20230804,3.8,3.8,3.76,3.8,5406
HAL.TO,20230804,18.87,18.87,18.87,18.87,400
HAZ.TO,20230804,29.25,29.25,29,29,2386
HBA.TO,20230804,21.4,21.4,21.4,21.4,247
HBAL.TO,20230804,13.51,13.52,13.45,13.46,9330
HBB.TO,20230804,44.71,44.8,44.67,44.75,9326
HBD.TO,20230804,11.01,11.01,11.01,11.01,100
HBF.TO,20230804,9.68,9.68,9.57,9.57,16958
HBF.B.TO,20230804,10.34,10.34,10.34,10.34,100
HBF.U.TO,20230804,10.75,10.75,10.66,10.66,1300
HBGD.TO,20230804,21.45,21.45,21.14,21.14,2114
HBLK.TO,20230804,12.29,12.32,12.29,12.29,935
HBM.TO,20230804,7.49,7.67,7.48,7.52,1138757
HBNK.TO,20230804,20.31,20.38,20.23,20.25,14050
HBP.TO,20230804,0.21,0.21,0.21,0.21,3800
HBU.TO,20230804,11.03,11.04,10.97,10.99,2600
HCA.TO,20230804,20.49,20.55,20.45,20.55,4186
HCAL.TO,20230804,19.98,20.22,19.98,20.07,53390
HCLN.TO,20230804,11.1,11.11,11.01,11.01,2080
HCON.TO,20230804,12.36,12.37,12.36,12.37,10276
HCRE.TO,20230804,24.41,24.43,24.41,24.43,5299
HDIF.TO,20230804,8.04,8.07,7.96,7.97,63800
HDIV.TO,20230804,15.47,15.64,15.46,15.52,34354
HEB.TO,20230804,16.03,16.03,16.03,16.03,1459
HED.TO,20230804,5.74,5.76,5.59,5.7,350831
HEU.TO,20230804,24.38,25,24.17,24.57,49344
HEWB.TO,20230804,29.44,29.48,29.44,29.48,3609
HFD.TO,20230804,11.05,11.05,10.85,10.93,10983
HFG.TO,20230804,20.37,20.38,20.37,20.38,200
HFIN.TO,20230804,13.76,13.91,13.76,13.84,11776
HFPC.U.TO,20230804,2.85,2.85,2.75,2.75,60570
HFR.TO,20230804,9.77,9.77,9.76,9.76,9611
HFU.TO,20230804,18.3,18.41,18.27,18.27,12083
HGD.TO,20230804,6.34,6.42,6.28,6.35,152551
HGR.TO,20230804,6.3,6.34,6.26,6.26,6601
HGU.TO,20230804,12.51,12.87,12.51,12.72,372209
HGY.TO,20230804,9.63,9.64,9.63,9.64,6250
HHL.TO,20230804,7.99,8.04,7.96,7.96,132255
HHL.U.TO,20230804,8.35,8.38,8.35,8.35,3520
HHLE.TO,20230804,10.17,10.18,10.06,10.06,12469
HIG.TO,20230804,8.3,8.3,8.2,8.2,2400
HISU.U.TO,20230804,100.19,100.19,100.15,100.17,68110
HIU.TO,20230804,13.36,13.48,13.34,13.48,6100
HIX.TO,20230804,29.7,29.7,29.44,29.55,750
HLF.TO,20230804,13.96,14.01,13.93,13.95,1250
HLFE.TO,20230804,10.1,10.1,10.1,10.1,200
HLIF.TO,20230804,8.88,8.95,8.88,8.91,5427
HLIT.TO,20230804,36.55,36.55,36.17,36.17,380
HLPR.TO,20230804,21.66,21.66,21.65,21.66,2371
HLS.TO,20230804,5.92,5.92,5.92,5.92,100
HMAX.TO,20230804,14.42,14.56,14.4,14.5,157032
HMM.A.TO,20230804,7.28,7.38,7.28,7.38,14220
HMMJ.TO,20230804,9.08,9.16,9.03,9.03,4920
HMP.TO,20230804,9.13,9.13,9.13,9.13,425
HND.TO,20230804,54.7,56.7,54.69,55.62,216234
HNU.TO,20230804,14.35,14.4,13.88,14.17,1486656
HOD.TO,20230804,8.46,8.51,8.18,8.3,1837600
HOM.U.TO,20230804,12.61,12.7,12.53,12.62,4463
HOM.UN.TO,20230804,17,17,16.75,16.96,5889
HOT.DB.V.TO,20230804,83.9,84,83.9,84,2000
HOT.U.TO,20230804,1.77,1.77,1.77,1.77,500
HOT.UN.TO,20230804,2.35,2.37,2.33,2.37,19957
HOU.TO,20230804,14.57,15.04,14.48,14.85,495764
HPF.TO,20230804,3.46,3.46,3.44,3.45,30801
HPR.TO,20230804,7.38,7.4,7.37,7.39,31550
HPS.A.TO,20230804,61.71,62.55,60.5,61,75810
HQD.TO,20230804,18.67,19.09,18.43,19.05,620902
HQU.TO,20230804,14.79,14.97,14.48,14.51,795652
HR.UN.TO,20230804,10.3,10.44,10.3,10.36,661332
HRAA.TO,20230804,11.1,11.1,11.1,11.1,1013
HRIF.TO,20230804,15.28,15.28,15.28,15.28,5000
HRX.TO,20230804,15.37,15.95,15.37,15.52,19730
HSAV.TO,20230804,107.38,107.39,107.3,107.35,15933
HSD.TO,20230804,24.44,24.94,24.23,24.91,475945
HSH.TO,20230804,55.23,55.23,54.91,54.91,250
HSU.TO,20230804,16.79,16.94,16.46,16.48,363012
HSUV.U.TO,20230804,105.51,105.67,105.45,105.45,46518
HTA.TO,20230804,15.32,15.34,15.08,15.12,57458
HTA.U.TO,20230804,16.29,16.29,16.1,16.12,15800
HTAE.TO,20230804,13.6,13.6,13.29,13.3,16050
HTB.TO,20230804,53.11,53.79,53.11,53.7,5906
HTB.U.TO,20230804,40.12,40.12,40.12,40.12,100
HUBL.TO,20230804,11.26,11.26,11.2,11.2,3208
HUC.TO,20230804,21.45,21.45,21.42,21.42,386
HUG.TO,20230804,15.53,15.54,15.53,15.53,500
HULC.TO,20230804,71.05,71.05,70.5,70.5,1047
HULC.U.TO,20230804,53.07,53.07,52.7,52.7,800
HUN.TO,20230804,11.45,11.51,11.44,11.45,4715
HURA.TO,20230804,24.7,25.01,24.7,25.01,11296
HUT.TO,20230804,4.39,4.42,4.14,4.18,1640681
HUTE.TO,20230804,9.62,9.62,9.54,9.54,2319
HUTL.TO,20230804,16.26,16.29,16.14,16.18,19786
HUTS.TO,20230804,12.09,12.27,12.09,12.17,8101
HUV.TO,20230804,17.29,18.45,16.8,18.3,81838
HUZ.TO,20230804,10.97,10.97,10.97,10.97,160
HWO.TO,20230804,1.34,1.35,1.33,1.35,34600
HWX.TO,20230804,7.52,7.79,7.48,7.55,1439674
HXCN.TO,20230804,31.74,31.99,31.74,31.86,732
HXD.TO,20230804,6.98,7,6.87,6.96,216797
HXDM.TO,20230804,40.84,40.96,40.6,40.6,10413
HXE.TO,20230804,31.34,31.74,31.34,31.56,3054
HXEM.TO,20230804,32.63,32.83,32.62,32.67,2100
HXF.TO,20230804,60.94,60.94,60.94,60.94,1098
HXH.TO,20230804,44.36,44.36,44.09,44.09,3634
HXQ.TO,20230804,58.72,58.87,58.19,58.2,12061
HXQ.U.TO,20230804,44.02,44.19,44.02,44.19,200
HXS.TO,20230804,60.99,61.07,60.5,60.53,18974
HXS.U.TO,20230804,45.75,45.75,45.75,45.75,200
HXT.TO,20230804,50.16,50.71,50.16,50.37,154568
HXT.U.TO,20230804,38.04,38.05,38.04,38.05,6100
HXU.TO,20230804,18.56,18.87,18.56,18.63,46385
HXX.TO,20230804,43.84,43.84,43.84,43.84,100
HYLD.TO,20230804,12.47,12.55,12.41,12.42,59373
HYLD.U.TO,20230804,12.73,12.76,12.63,12.63,13033
HZD.TO,20230804,14.72,14.8,14.53,14.76,5797
HZU.TO,20230804,21.16,21.36,21,21.05,43365
IAG.TO,20230804,88.03,88.73,85.61,86.72,491725
IAU.TO,20230804,2.7,2.75,2.67,2.68,4432246
IBG.DB.E.TO,20230804,100,100,100,100,10000
ICPB.TO,20230804,9.16,9.18,9.15,9.18,1300
IDIV.B.TO,20230804,12.01,12.01,12,12,500
IE.TO,20230804,21.96,22.09,21.6,21.73,1618
IFA.TO,20230804,1.48,1.59,1.48,1.59,7725
IFC.TO,20230804,190.89,196.96,190.89,196.7,370442
IFC.PR.A.TO,20230804,16.83,16.86,16.83,16.86,700
IFC.PR.C.TO,20230804,17.76,18.17,17.76,17.76,900
IFC.PR.E.TO,20230804,19.81,19.81,19.55,19.55,5400
IFC.PR.F.TO,20230804,20.24,20.25,20.11,20.11,3500
IFC.PR.G.TO,20230804,20.19,20.2,20,20,5100
IFC.PR.I.TO,20230804,20.76,20.76,20.69,20.69,1250
IFC.PR.K.TO,20230804,19.72,19.72,19.45,19.48,8444
IFP.TO,20230804,22.75,22.92,21.16,22.45,373834
IFRF.TO,20230804,8.75,8.75,8.75,8.75,400
IGM.TO,20230804,37.92,38.36,37.8,38.12,232300
III.TO,20230804,2.6,2.68,2.58,2.68,166516
IIP.UN.TO,20230804,12.74,12.82,12.65,12.79,197078
ILGB.TO,20230804,8.46,8.48,8.46,8.48,1300
ILLM.TO,20230804,2.43,2.47,2.42,2.44,68559
IMG.TO,20230804,3.34,3.42,3.31,3.33,450643
IMO.TO,20230804,70.17,71.61,69.97,71.11,2299894
IMP.TO,20230804,0.63,0.63,0.63,0.63,500
INC.UN.TO,20230804,9.49,9.7,9.45,9.7,2151
INE.TO,20230804,12.25,12.51,12.25,12.38,412408
INE.DB.C.TO,20230804,92.5,92.5,92.5,92.5,28000
INO.UN.TO,20230804,3.62,3.72,3.62,3.66,22850
INOC.TO,20230804,13.07,13.07,13.07,13.07,100
IPCO.TO,20230804,12.21,12.33,12.1,12.15,144027
IPO.TO,20230804,2.72,2.77,2.71,2.72,490237
IQD.TO,20230804,30.72,30.91,30.72,30.75,1131
IQD.B.TO,20230804,27.11,27.11,27.11,27.11,100
ISV.TO,20230804,24.74,25,24.74,25,1450
ITE.TO,20230804,0.22,0.235,0.22,0.23,341161
ITH.TO,20230804,0.54,0.54,0.52,0.52,6133
IVN.TO,20230804,13.2,13.37,12.62,13.19,1962055
IVQ.TO,20230804,1.11,1.13,1.11,1.13,10300
IVQ.DB.U.TO,20230804,86,86,86,86,8000
IVQ.DB.V.TO,20230804,84,84,84,84,10000
IWBE.TO,20230804,17.29,17.3,17.29,17.29,2900
JAG.TO,20230804,1.8,1.8,1.7,1.75,28052
JAPN.TO,20230804,37.35,37.51,37.19,37.19,10400
JFS.UN.TO,20230804,23.15,23.22,23.14,23.22,800
JOY.TO,20230804,5.82,5.94,5.7,5.88,124066
JWEL.TO,20230804,28.4,28.4,26.53,27.76,587526
K.TO,20230804,6.38,6.7,6.38,6.64,5928801
KBL.TO,20230804,33.3,33.55,33.3,33.55,3750
KEC.TO,20230804,13,13.39,12.95,12.95,105425
KEG.UN.TO,20230804,15.26,15.3,15.18,15.25,4377
KEI.TO,20230804,6.16,6.67,6.16,6.44,71153
KEL.TO,20230804,6.71,7.06,6.65,6.93,844662
KEY.TO,20230804,32.49,32.93,32.41,32.51,591889
KILO.TO,20230804,29.07,29.07,29,29.06,2075
KILO.B.TO,20230804,31.01,31.01,30.97,30.99,4445
KITS.TO,20230804,5.19,5.19,5.17,5.17,802
KLS.TO,20230804,0.5,0.51,0.5,0.51,6130
KMP.UN.TO,20230804,17.88,18.03,17.8,17.99,137496
KNT.TO,20230804,6.07,6.15,6,6.12,344420
KPT.TO,20230804,10.41,10.45,10.41,10.45,400
KRN.TO,20230804,0.21,0.21,0.21,0.21,10000
KRR.TO,20230804,4.34,4.45,4.27,4.31,386291
KSI.TO,20230804,3.42,3.46,3.3,3.44,10614
KXS.TO,20230804,170.35,171.39,167.38,169.73,21402
L.TO,20230804,115.37,116.42,115.24,115.9,345825
LABS.TO,20230804,0.08,0.085,0.075,0.08,237875
LAC.TO,20230804,25.56,26.39,25.38,25.91,318901
LAM.TO,20230804,0.44,0.45,0.44,0.45,22808
LAS.A.TO,20230804,125,125.01,124.43,124.9,2547
LB.TO,20230804,39.12,39.95,39.12,39.76,79779
LB.PR.H.TO,20230804,16.75,16.76,16.71,16.76,700
LBS.TO,20230804,8.67,8.77,8.66,8.7,34260
LBS.PR.A.TO,20230804,9.97,9.97,9.97,9.97,100
LCFS.TO,20230804,8.33,8.33,8.32,8.32,693
LCS.TO,20230804,6.15,6.22,6.15,6.15,19022
LCS.PR.A.TO,20230804,9.91,9.91,9.89,9.9,3000
LEV.TO,20230804,3.15,3.15,3,3.05,621825
LEV.WT.TO,20230804,0.3,0.3,0.28,0.28,13288
LEV.WT.A.TO,20230804,0.91,0.91,0.91,0.91,500
LFE.TO,20230804,3.57,3.67,3.56,3.6,17100
LFE.PR.B.TO,20230804,10.15,10.15,10.13,10.14,1700
LGD.TO,20230804,0.375,0.38,0.375,0.375,24100
LGO.TO,20230804,5.62,5.88,5.56,5.63,36766
LIF.TO,20230804,29.38,30.29,29.38,30.15,170680
LIFE.TO,20230804,20.81,20.86,20.7,20.73,8776
LIRC.TO,20230804,11.69,11.7,11.17,11.27,33148
LN.TO,20230804,0.315,0.315,0.315,0.315,500
LNF.TO,20230804,21.74,21.74,20.51,21.21,7476
LNR.TO,20230804,78.63,78.63,76.62,77.86,76075
LPEN.TO,20230804,0.69,0.73,0.68,0.69,14716
LSPD.TO,20230804,23.6,24.07,22.89,23.83,1107512
LSPK.TO,20230804,0.61,0.63,0.61,0.63,7519
LUC.TO,20230804,0.37,0.38,0.355,0.365,143554
LUG.TO,20230804,17.01,17.22,16.86,17.05,235376
LUN.TO,20230804,11.7,11.81,11.55,11.63,3332248
MAG.TO,20230804,15.28,15.48,15.21,15.3,224165
MAL.TO,20230804,7.9,7.92,7.76,7.76,7098
MARI.TO,20230804,4.2,4.23,4.2,4.23,550
MATR.TO,20230804,19.66,19.77,19.24,19.36,938195
MAYB.F.TO,20230804,37.67,37.69,37.38,37.38,5800
MBAL.TO,20230804,21.47,21.47,21.44,21.44,1580
MCB.TO,20230804,1.38,1.38,1.36,1.36,6294
MCSB.TO,20230804,18.75,18.75,18.75,18.75,208
MCSM.TO,20230804,36.98,37,36.91,37,1118
MDA.TO,20230804,8.37,8.43,8.33,8.35,22535
MDI.TO,20230804,8.86,8.9,8.64,8.7,89788
MDIV.TO,20230804,13.35,13.4,13.35,13.38,1293
MDNA.TO,20230804,0.52,0.58,0.52,0.56,45977
MDP.TO,20230804,2.8,3.22,2.7,2.9,120193
MDVD.TO,20230804,22.32,22.32,22.32,22.32,300
MEE.TO,20230804,24.41,24.41,24.41,24.41,100
MEG.TO,20230804,24.5,24.53,23.93,24.04,1221482
MEQ.TO,20230804,139.5,139.5,137,137,1586
MFC.TO,20230804,25.73,26.22,25.66,25.99,5570557
MFC.PR.B.TO,20230804,17.75,17.8,17.7,17.75,800
MFC.PR.C.TO,20230804,17.54,17.54,17.45,17.45,3400
MFC.PR.F.TO,20230804,12.56,12.8,12.56,12.8,1200
MFC.PR.I.TO,20230804,21,21.03,21,21.03,500
MFC.PR.J.TO,20230804,20.72,21.04,20.72,20.84,15800
MFC.PR.K.TO,20230804,19.75,19.82,19.75,19.75,3600
MFC.PR.L.TO,20230804,17.26,17.26,17.26,17.26,100
MFC.PR.M.TO,20230804,16.88,16.91,16.88,16.91,900
MFC.PR.N.TO,20230804,16.35,16.57,16.35,16.46,4702
MFC.PR.P.TO,20230804,16.45,16.45,16.45,16.45,600
MFC.PR.Q.TO,20230804,20.31,20.33,20.31,20.32,1000
MFI.TO,20230804,29.4,31.63,29.36,31.2,907670
MFT.TO,20230804,17.33,17.34,17.33,17.34,8475
MG.TO,20230804,87,87,80.57,81.57,739386
MGA.TO,20230804,0.245,0.245,0.235,0.245,376711
MGB.TO,20230804,16.16,16.16,16.16,16.16,142
MHCD.TO,20230804,10.81,10.81,10.81,10.81,115
MI.UN.TO,20230804,14.56,14.64,14.46,14.6,29735
MIC.PR.A.TO,20230804,18.88,18.88,18.88,18.88,300
MID.UN.TO,20230804,6.82,6.9,6.82,6.88,21038
MIN.TO,20230804,0.24,0.24,0.23,0.23,10000
MINF.TO,20230804,9.6,9.6,9.6,9.6,100
MINN.TO,20230804,14.15,14.19,14.15,14.16,3300
MINT.TO,20230804,33.33,33.33,33.17,33.17,304
MIVG.TO,20230804,28.67,28.67,28.67,28.67,111
MKB.TO,20230804,18.23,18.35,18.23,18.3,5586
MKC.TO,20230804,29.83,29.83,29.76,29.76,400
MKP.TO,20230804,16.13,16.23,16.1,16.21,12517
MND.TO,20230804,1.7,1.7,1.69,1.7,5100
MNO.TO,20230804,0.39,0.39,0.365,0.38,209000
MNS.TO,20230804,17.12,17.46,17.12,17.46,1420
MNT.TO,20230804,27,27.13,26.91,27,4243
MNY.TO,20230804,100.14,100.17,100.07,100.16,4650
MOGO.TO,20230804,0.97,1,0.97,0.99,19436
MPCT.DB.A.TO,20230804,83.01,89.9,83.01,89.9,18000
MPCT.UN.TO,20230804,9.4,9.49,9.4,9.4,3952
MPVD.TO,20230804,0.46,0.46,0.455,0.455,53267
MPY.TO,20230804,9.3,9.36,9.3,9.36,900
MR.DB.B.TO,20230804,91,91,91,91,10000
MR.UN.TO,20230804,4.69,4.85,4.66,4.85,8409
MRC.TO,20230804,103.51,103.51,103.51,103.51,142
MRD.TO,20230804,11.55,11.57,11.55,11.57,605
MRE.TO,20230804,14.92,15.16,14.51,15.12,198798
MREL.TO,20230804,11.9,11.9,11.89,11.89,926
MRG.UN.TO,20230804,15.86,15.89,15.69,15.78,69008
MRT.DB.A.TO,20230804,93,93,93,93,10000
MRT.UN.TO,20230804,5.4,5.42,5.4,5.42,12183
MRU.TO,20230804,69.17,70.12,68.9,69.9,260896
MSA.TO,20230804,0.59,0.61,0.59,0.61,21322
MSV.TO,20230804,0.18,0.18,0.18,0.18,500
MTAV.TO,20230804,21.68,21.68,21.68,21.68,183
MTL.TO,20230804,15.46,15.56,15.37,15.43,51997
MTY.TO,20230804,64.65,64.84,64.43,64.62,11330
MUB.TO,20230804,17.88,18.01,17.88,18.01,18132
MULC.B.TO,20230804,45.5,45.5,45.5,45.5,181
MUS.TO,20230804,32.53,32.53,32.53,32.53,600
MUSA.TO,20230804,14.97,14.97,14.97,14.97,2000
MUX.TO,20230804,10.6,10.75,10.3,10.3,9162
MWD.TO,20230804,26.73,26.73,26.64,26.64,1100
MX.TO,20230804,58.2,60.16,58.15,59.89,94615
MXG.TO,20230804,4.97,4.97,4.95,4.95,1100
NA.TO,20230804,100.96,102.34,100.9,101.63,616181
NA.PR.C.TO,20230804,25.04,25.05,25.01,25.01,7100
NA.PR.E.TO,20230804,20.6,20.6,20.53,20.55,7230
NA.PR.G.TO,20230804,21.85,21.95,21.85,21.89,1100
NA.PR.W.TO,20230804,16.91,17.08,16.91,16.99,2000
NALT.TO,20230804,23.98,23.98,23.89,23.98,7800
NANO.TO,20230804,3.27,3.32,3.27,3.29,27051
NCF.TO,20230804,0.025,0.03,0.025,0.03,167998
NCP.TO,20230804,0.03,0.03,0.03,0.03,17369
NCU.TO,20230804,0.175,0.175,0.17,0.17,147500
NDM.TO,20230804,0.365,0.375,0.365,0.37,8465
NEO.TO,20230804,8.23,8.29,8.06,8.09,50813
NEXT.TO,20230804,1.66,1.66,1.63,1.64,11892
NFI.TO,20230804,11.42,11.43,11.11,11.16,89259
NFI.DB.TO,20230804,82.75,82.75,82.25,82.25,98999
NG.TO,20230804,5.76,5.91,5.76,5.82,73625
NGD.TO,20230804,1.43,1.47,1.42,1.44,447879
NGT.TO,20230804,54.23,54.77,53.82,54.73,183196
NOA.TO,20230804,33.81,33.94,33.18,33.3,50607
NOA.DB.A.TO,20230804,139.89,140,139.18,140,195000
NOVC.TO,20230804,0.42,0.45,0.415,0.45,6608
NPI.TO,20230804,24.61,25.2,24.54,24.58,1242966
NPI.PR.A.TO,20230804,14.77,14.77,14.77,14.77,300
NPI.PR.B.TO,20230804,17.2,17.29,17.2,17.2,2900
NPK.TO,20230804,3.71,3.78,3.46,3.56,63272
NPRF.TO,20230804,19.3,19.42,19.29,19.42,2550
NSCB.TO,20230804,21.46,21.46,21.46,21.46,100
NSCE.TO,20230804,34.68,34.68,34.68,34.68,100
NSGE.TO,20230804,35.41,35.41,35.41,35.41,100
NSSB.TO,20230804,9.54,9.54,9.54,9.54,100
NTR.TO,20230804,86.35,89.07,86.25,87.63,755131
NUAG.TO,20230804,3.2,3.23,3.09,3.13,16013
NUBF.TO,20230804,20.95,21.06,20.95,21.03,12700
NUMI.TO,20230804,0.205,0.205,0.2,0.2,59653
NUSA.TO,20230804,34.77,34.77,34.77,34.77,100
NVA.TO,20230804,11.61,11.94,11.55,11.75,552593
NVEI.TO,20230804,41.51,41.7,40.61,41.45,152457
NVO.TO,20230804,0.2,0.21,0.2,0.21,14600
NWC.TO,20230804,31.55,31.82,31.41,31.78,51336
NWH.DB.G.TO,20230804,98.4,98.4,98.4,98.4,5000
NWH.DB.H.TO,20230804,89.9,89.95,89,89.95,14000
NWH.UN.TO,20230804,6.85,7.08,6.84,6.99,770456
NXE.TO,20230804,6.35,6.49,6.31,6.42,576968
NXF.TO,20230804,6.08,6.14,6.07,6.08,21099
NXR.UN.TO,20230804,8.04,8.14,8.02,8.11,161875
OBE.TO,20230804,9.3,9.56,9.19,9.36,261579
OGC.TO,20230804,2.78,2.89,2.78,2.84,1015858
OGD.TO,20230804,0.69,0.69,0.69,0.69,600
OGI.TO,20230804,1.89,1.93,1.86,1.88,42631
OLA.TO,20230804,6.21,6.24,6.04,6.12,341381
OLY.TO,20230804,73.25,73.25,72.76,73,2188
ONC.TO,20230804,3.02,3.07,2.93,3.02,116880
ONEB.TO,20230804,46.95,46.95,46.95,46.95,3000
ONEX.TO,20230804,78.64,80.3,78.62,79.36,106726
OR.TO,20230804,18.9,19.04,18.86,18.96,136885
ORA.TO,20230804,10.4,10.67,10.17,10.25,24753
ORE.TO,20230804,1.08,1.11,1.06,1.09,238629
ORV.TO,20230804,0.16,0.16,0.15,0.15,2500
OSK.TO,20230804,2.91,2.93,2.82,2.85,821985
OTEX.TO,20230804,54.06,54.06,49.24,49.28,1332721
OVV.TO,20230804,64.44,65.12,63.88,64.11,151489
PAAS.TO,20230804,20.74,21.16,20.62,20.72,528079
PAY.TO,20230804,6.3,6.45,6.25,6.38,258857
PAYF.TO,20230804,18.1,18.1,18.1,18.1,500
PBD.TO,20230804,16.06,16.06,16.06,16.06,200
PBH.TO,20230804,109.71,109.8,108.75,109.57,23536
PBH.DB.G.TO,20230804,97.25,97.75,97.01,97.01,35000
PBH.DB.H.TO,20230804,94,94,94,94,16000
PBH.DB.I.TO,20230804,96.49,96.5,96.49,96.5,15000
PBI.TO,20230804,33.52,33.52,33.44,33.44,600
PBL.TO,20230804,25.02,25.02,25.01,25.01,293
PBY.UN.TO,20230804,14.34,14.43,14.34,14.4,4000
PCOR.TO,20230804,17.65,17.66,17.65,17.66,900
PD.TO,20230804,87.68,89.45,87.5,88.8,60135
PDC.TO,20230804,29.52,29.84,29.52,29.65,19759
PDF.TO,20230804,30.02,30.02,29.77,29.77,1035
PDIV.TO,20230804,9.72,9.83,9.72,9.8,3600
PDV.PR.A.TO,20230804,10.15,10.15,10.01,10.01,1463
PEA.TO,20230804,0.73,0.75,0.72,0.73,30804
PET.TO,20230804,30.06,30.45,30.05,30.32,69664
PEY.TO,20230804,11.54,11.86,11.53,11.64,1183822
PFAA.TO,20230804,10.25,10.25,10.25,10.25,4800
PFAE.TO,20230804,15.78,15.78,15.76,15.76,2196
PFH.F.TO,20230804,17.27,17.32,17.27,17.32,200
PFIA.TO,20230804,9.64,9.72,9.64,9.72,8800
PFL.TO,20230804,19.66,19.73,19.66,19.72,61715
PFLS.TO,20230804,15.45,15.45,15.45,15.45,623
PFMN.TO,20230804,13.44,13.51,13.44,13.47,5400
PGI.UN.TO,20230804,7,7,6.98,6.98,17200
PHE.B.TO,20230804,33.05,33.05,33.05,33.05,100
PHX.TO,20230804,6.88,7.16,6.88,7.1,65341
PHYS.TO,20230804,20.15,20.24,20.14,20.22,7738
PHYS.U.TO,20230804,15.25,15.25,15.25,15.25,100
PIC.A.TO,20230804,4.98,4.98,4.91,4.95,13630
PID.TO,20230804,20.67,20.87,20.67,20.73,1142
PIF.TO,20230804,14.68,14.85,14.5,14.55,22391
PINC.TO,20230804,17.59,17.61,17.59,17.61,1700
PIX.UN.TO,20230804,8.1,8.12,7.92,8,116604
PKI.TO,20230804,35.21,36.05,35,35.84,672641
PLC.TO,20230804,23.29,24.01,23.29,23.77,36447
PLC.DB.TO,20230804,97.75,97.75,97.75,97.75,16000
PLDI.TO,20230804,18.7,18.7,18.7,18.7,100
PLV.TO,20230804,22.01,22.04,22.01,22.04,2000
PLZ.UN.TO,20230804,3.95,3.95,3.91,3.93,12251
PMB.UN.TO,20230804,6.95,6.95,6.95,6.95,200
PME.TO,20230804,2.62,2.65,2.62,2.65,3722
PMIF.TO,20230804,17.97,18.06,17.94,18.05,75689
PMM.TO,20230804,20.17,20.17,20.17,20.17,200
PMNT.TO,20230804,19.15,19.15,19.15,19.15,300
PMT.TO,20230804,0.64,0.64,0.63,0.63,6020
PMZ.UN.TO,20230804,13.05,13.34,12.89,13.32,129610
PNC.A.TO,20230804,1.69,1.69,1.45,1.45,411
PNC.B.TO,20230804,1.6,1.6,1.5,1.5,610
PNE.TO,20230804,1.54,1.55,1.48,1.49,325443
POU.TO,20230804,31.97,32.61,31.58,32.42,202219
POW.TO,20230804,37.96,38.38,37.85,38.06,2951214
POW.PR.A.TO,20230804,21.03,21.1,21,21.07,11828
POW.PR.B.TO,20230804,19.8,19.83,19.73,19.73,2900
POW.PR.C.TO,20230804,22.18,22.26,22.18,22.26,6300
POW.PR.D.TO,20230804,18.89,18.9,18.82,18.82,4400
POW.PR.G.TO,20230804,20.79,20.79,20.78,20.78,1000
PPL.TO,20230804,40.36,41.42,40.36,41.29,1706221
PPL.PF.A.TO,20230804,19.68,19.83,19.68,19.83,7400
PPL.PF.E.TO,20230804,20.62,20.82,20.62,20.71,2000
PPL.PR.A.TO,20230804,18.11,18.17,18.07,18.17,4050
PPL.PR.C.TO,20230804,17.2,17.2,17.2,17.2,100
PPL.PR.E.TO,20230804,17.34,17.35,17.33,17.35,1150
PPL.PR.G.TO,20230804,16.91,16.95,16.91,16.92,600
PPL.PR.I.TO,20230804,19.23,19.23,19.06,19.1,1514
PPL.PR.O.TO,20230804,19.72,19.72,19.5,19.6,3833
PPL.PR.Q.TO,20230804,18.45,18.48,18.37,18.37,6800
PPL.PR.S.TO,20230804,20.23,20.55,20.22,20.55,6200
PPR.TO,20230804,0.115,0.125,0.11,0.115,227191
PPTA.TO,20230804,4.61,4.87,4.61,4.7,8300
PR.TO,20230804,8.06,8.08,8.04,8.08,21500
PRA.TO,20230804,26.78,26.78,26.78,26.78,850
PRB.TO,20230804,1.64,1.66,1.63,1.63,5899
PRL.TO,20230804,8.07,8.2,7.98,8.19,4311
PRM.TO,20230804,14.2,14.2,14.2,14.2,715
PRMW.TO,20230804,18.7,18.93,18.63,18.77,172080
PRN.TO,20230804,13.21,13.48,12.75,12.9,6631
PRQ.TO,20230804,1.6,1.65,1.55,1.63,43600
PRU.TO,20230804,1.53,1.54,1.52,1.53,12201
PRV.DB.TO,20230804,96,96,96,96,20000
PRV.UN.TO,20230804,5.33,5.39,5.33,5.38,19583
PSA.TO,20230804,50.05,50.09,50.05,50.09,80740
PSB.TO,20230804,16.63,16.68,16.63,16.68,1400
PSD.TO,20230804,2.01,2.01,1.98,1.98,8554
PSI.TO,20230804,13.3,13.57,13.28,13.54,117257
PSK.TO,20230804,26.23,26.45,26,26.29,542933
PSLV.TO,20230804,10.78,10.84,10.76,10.79,39267
PSU.U.TO,20230804,100.16,100.16,100.15,100.16,5084
PTI.UN.TO,20230804,6.72,6.72,6.66,6.66,32676
PTM.TO,20230804,1.73,1.74,1.66,1.74,6308
PTO.UN.TO,20230804,7,7.02,6.87,6.95,21205
PVS.PR.F.TO,20230804,24.6,24.67,24.6,24.67,5800
PVS.PR.G.TO,20230804,23.65,23.65,23.65,23.65,600
PVS.PR.H.TO,20230804,22.96,22.96,22.96,22.96,300
PVS.PR.I.TO,20230804,23.92,23.92,23.91,23.92,1200
PVS.PR.J.TO,20230804,22.35,22.35,22.35,22.35,1000
PVS.PR.K.TO,20230804,21,21,21,21,200
PWF.PF.A.TO,20230804,16.71,16.71,16.7,16.7,200
PWF.PR.A.TO,20230804,13.16,13.16,13.11,13.12,1800
PWF.PR.E.TO,20230804,20.15,20.15,20.15,20.15,100
PWF.PR.F.TO,20230804,19.23,19.29,19.23,19.23,1800
PWF.PR.G.TO,20230804,21.91,21.91,21.9,21.9,200
PWF.PR.H.TO,20230804,21.16,21.31,21.15,21.31,1200
PWF.PR.K.TO,20230804,18.21,18.21,18.19,18.19,3150
PWF.PR.O.TO,20230804,21.25,21.25,21.25,21.25,700
PWF.PR.Q.TO,20230804,14.7,14.7,14.69,14.69,200
PWF.PR.R.TO,20230804,20.27,20.31,20.27,20.3,3000
PWF.PR.S.TO,20230804,18.12,18.14,18.03,18.03,600
PWF.PR.Z.TO,20230804,18.84,18.84,18.83,18.83,1400
PWI.TO,20230804,6.15,6.26,6.15,6.24,5561
PWI.PR.A.TO,20230804,9.49,9.49,9.49,9.49,200
PXC.TO,20230804,34.45,34.7,34.45,34.57,1670
PXS.TO,20230804,38.92,38.92,38.92,38.92,141
PXT.TO,20230804,26.46,27.03,26.35,26.42,552993
PXU.F.TO,20230804,53.37,53.37,53.37,53.37,100
PYF.TO,20230804,17.22,17.24,17.22,17.24,1300
PYR.TO,20230804,0.9,0.92,0.9,0.9,17877
PZA.TO,20230804,14.61,14.84,14.61,14.73,13977
PZW.TO,20230804,31.22,31.22,31.19,31.2,7120
QAH.TO,20230804,149.58,149.58,149.33,149.33,400
QBB.TO,20230804,89.02,89.18,88.9,89.18,714
QBR.A.TO,20230804,31.1,31.8,31.1,31.8,750
QBR.B.TO,20230804,31.2,31.78,31.15,31.42,540191
QBTC.TO,20230804,37.63,38.44,37.62,38.1,7802
QBTC.U.TO,20230804,28.69,28.78,28.46,28.6,1976
QCLN.TO,20230804,22.33,22.35,22.33,22.35,930
QCN.TO,20230804,124.06,124.14,123.68,123.71,1437
QDX.TO,20230804,105.19,105.19,104.92,104.92,326
QDXB.TO,20230804,85.84,85.91,85.7,85.9,400
QDXH.TO,20230804,116.91,116.91,116.91,116.91,1225
QEC.TO,20230804,0.2,0.205,0.2,0.205,7500
QEE.TO,20230804,87.16,87.16,87.16,87.16,100
QETH.U.TO,20230804,28.5,28.68,28.5,28.5,564
QETH.UN.TO,20230804,38.5,38.5,38.37,38.37,417
QIE.TO,20230804,29.04,29.04,29.04,29.04,200
QINF.TO,20230804,111.23,111.23,110.71,110.71,325
QIPT.TO,20230804,6.8,6.97,6.79,6.9,11690
QQC.TO,20230804,24.45,24.6,24.38,24.38,1386
QQC.F.TO,20230804,123.95,124.42,122.72,122.72,3758
QQCC.TO,20230804,11,11.06,10.96,10.97,14150
QQCE.TO,20230804,20.66,20.66,20.6,20.62,400
QQQT.TO,20230804,20.66,20.66,20.66,20.66,600
QSB.TO,20230804,94.31,94.31,94.31,94.31,500
QSP.UN.TO,20230804,98.2,98.2,98.2,98.2,100
QSR.TO,20230804,97.96,98.96,97.36,98.34,375909
QTRH.TO,20230804,1.45,1.48,1.44,1.46,10118
QUU.TO,20230804,171.93,172.64,171.1,171.1,5874
RA.UN.TO,20230804,7.8,7.8,7.7,7.71,7800
RATE.TO,20230804,20.15,20.15,20.15,20.15,3000
RAY.A.TO,20230804,4.95,5.1,4.94,5.05,25536
RAY.B.TO,20230804,5.01,5.01,4.95,4.99,4050
RBA.TO,20230804,83.21,83.27,77.27,78.34,614902
RBN.UN.TO,20230804,7.54,7.54,7.54,7.54,2610
RBNK.TO,20230804,22.85,23.08,22.85,22.93,6901
RBO.TO,20230804,17.69,17.69,17.69,17.69,505
RBOT.TO,20230804,27,27.15,26.9,26.9,490
RBY.TO,20230804,1.96,2.07,1.96,2,63357
RCG.TO,20230804,8.15,8.31,8.14,8.15,26850
RCH.TO,20230804,42.99,43.54,42.76,43.24,38801
RCI.A.TO,20230804,58.96,58.96,58,58.5,813
RCI.B.TO,20230804,55.98,56.56,55.69,56.09,1344797
REAL.TO,20230804,6.71,6.94,6.71,6.78,85122
REI.UN.TO,20230804,19.32,19.59,19.25,19.52,515018
RGQL.TO,20230804,19.91,19.91,19.91,19.91,284
RGQN.TO,20230804,19.64,19.64,19.64,19.64,200
RGQO.TO,20230804,19.42,19.42,19.42,19.42,203
RGQP.TO,20230804,19.32,19.32,19.32,19.32,1709
RGQQ.TO,20230804,19.12,19.12,19.12,19.12,214
RID.TO,20230804,23.28,23.28,23.2,23.2,2200
RIIN.TO,20230804,18.33,18.33,18.33,18.33,380
RIT.TO,20230804,15.85,15.96,15.85,15.96,14450
RLB.TO,20230804,17.74,17.74,17.74,17.74,1725
ROOT.TO,20230804,3.04,3.04,3.04,3.04,1700
RPD.TO,20230804,22.4,22.4,22.35,22.35,4500
RPF.TO,20230804,17.76,17.78,17.74,17.77,8700
RPI.UN.TO,20230804,34,34.1,34,34.1,944
RQL.TO,20230804,19.91,19.96,19.9,19.96,20300
RQN.TO,20230804,19.64,19.67,19.63,19.67,8812
RQO.TO,20230804,17.57,17.63,17.57,17.63,6052
RQP.TO,20230804,17.17,17.17,17.17,17.17,5939
RQQ.TO,20230804,20.51,20.57,20.51,20.57,16900
RQR.TO,20230804,20.37,20.43,20.37,20.43,2600
RS.TO,20230804,14.05,14.17,14.05,14.08,7176
RS.PR.A.TO,20230804,9.45,9.46,9.45,9.46,5856
RSI.TO,20230804,5.62,5.64,5.57,5.58,127693
RSI.DB.F.TO,20230804,97.5,97.5,97.4,97.5,34000
RUBY.TO,20230804,17.59,17.66,17.59,17.63,768
RUD.TO,20230804,52.69,52.69,52.53,52.55,3260
RUD.U.TO,20230804,39.01,39.01,38.92,38.99,2600
RUP.TO,20230804,3.72,3.74,3.68,3.68,6923
RUS.TO,20230804,38.34,38.67,38.11,38.53,233138
RUSB.TO,20230804,19.86,19.86,19.86,19.86,100
RVX.TO,20230804,0.095,0.1,0.095,0.1,106358
RY.TO,20230804,127.69,128.93,127.42,128.25,1979223
RY.PR.H.TO,20230804,17.61,17.78,17.61,17.7,5200
RY.PR.J.TO,20230804,18.95,18.96,18.74,18.74,2600
RY.PR.M.TO,20230804,18.2,18.44,18.03,18.03,7605
RY.PR.N.TO,20230804,21.7,21.7,21.69,21.7,4000
RY.PR.O.TO,20230804,21.8,21.84,21.8,21.84,901
RY.PR.S.TO,20230804,19.91,20.14,19.9,19.9,2310
S.TO,20230804,0.49,0.49,0.475,0.485,67620
SAP.TO,20230804,27.48,28.01,27.46,27.79,491572
SBC.TO,20230804,9.84,9.86,9.73,9.8,15030
SBC.PR.A.TO,20230804,9.54,9.63,9.54,9.63,10300
SBI.TO,20230804,0.435,0.435,0.435,0.435,500
SBN.TO,20230804,2.41,2.41,2.41,2.41,2400
SBN.PR.A.TO,20230804,9.16,9.16,9.15,9.15,600
SBT.B.TO,20230804,16.86,16.86,16.82,16.82,600
SCY.TO,20230804,0.04,0.04,0.04,0.04,921828
SDE.TO,20230804,4.3,4.4,4.23,4.27,688927
SEA.TO,20230804,16.05,16.3,16.04,16.11,34832
SES.TO,20230804,6.96,7.11,6.96,7.04,474393
SFC.TO,20230804,4.36,4.36,4.36,4.36,2200
SFD.TO,20230804,0.265,0.265,0.265,0.265,9000
SFI.TO,20230804,0.29,0.29,0.29,0.29,18000
SFTC.TO,20230804,14.65,14.75,14.45,14.54,15298
SGLD.TO,20230804,0.15,0.15,0.15,0.15,12000
SGNL.TO,20230804,0.23,0.23,0.22,0.225,150100
SGR.UN.TO,20230804,12.66,13.22,12.66,13.16,82080
SGY.TO,20230804,8.15,8.7,8.15,8.52,741139
SHLE.TO,20230804,6.09,6.09,5.55,5.62,10246
SHOP.TO,20230804,80.55,81.75,77.22,77.52,4554100
SIA.TO,20230804,11.29,11.4,11.23,11.35,122980
SIH.UN.TO,20230804,9.56,9.56,9.56,9.56,5701
SII.TO,20230804,43.3,44.3,43.3,43.4,81625
SIL.TO,20230804,5.99,6.2,5.99,6.15,724039
SIS.TO,20230804,16.58,16.96,16.58,16.71,25829
SJ.TO,20230804,65.61,67.2,65.22,67.05,62164
SKE.TO,20230804,6.65,6.73,6.6,6.7,64640
SLF.TO,20230804,68.44,69.41,68.3,69.02,1725083
SLF.PR.C.TO,20230804,17.65,17.75,17.65,17.71,7200
SLF.PR.D.TO,20230804,17.64,17.65,17.59,17.59,8700
SLF.PR.E.TO,20230804,17.84,17.92,17.8,17.8,4209
SLF.PR.G.TO,20230804,13.11,13.15,13.11,13.15,6500
SLF.PR.H.TO,20230804,15.2,15.2,15.2,15.2,1800
SLF.PR.J.TO,20230804,14.97,15.15,14.95,14.95,1000
SLR.TO,20230804,0.81,0.81,0.79,0.79,12068
SLS.TO,20230804,6.56,6.62,6.48,6.54,141390
SMT.TO,20230804,0.395,0.395,0.395,0.395,175484
SOIL.TO,20230804,2.67,2.74,2.67,2.69,203089
SOIL.WT.A.TO,20230804,0.425,0.43,0.425,0.43,10900
SOLG.TO,20230804,0.27,0.27,0.27,0.27,10039
SOT.DB.B.TO,20230804,65.05,65.5,65.05,65.05,18500
SOT.UN.TO,20230804,1.52,1.59,1.48,1.5,519921
SOY.TO,20230804,8.21,8.46,8.21,8.38,59822
SPB.TO,20230804,10.15,10.15,9.83,9.87,892187
SPLT.TO,20230804,10.05,10.05,10.05,10.05,1800
SPPP.TO,20230804,14.74,14.77,14.7,14.77,400
SRU.UN.TO,20230804,24.77,25.05,24.75,24.95,136295
SRV.UN.TO,20230804,15.79,15.91,15.79,15.88,400
SSF.UN.TO,20230804,6.5,6.5,6.47,6.47,2100
SSL.TO,20230804,6.94,7.35,6.94,7.17,356589
SSRM.TO,20230804,19.17,19.62,19.09,19.55,182896
STC.TO,20230804,6.15,6.15,6.02,6.02,2967
STCK.TO,20230804,6.99,6.99,6.63,6.63,2840
STEP.TO,20230804,3.96,4.18,3.94,4.09,57263
STGO.TO,20230804,0.76,0.78,0.76,0.78,5500
STLC.TO,20230804,43.25,43.87,43.11,43.27,176207
STN.TO,20230804,88.35,90.63,88.33,90.55,216518
STPL.TO,20230804,24.07,24.07,23.97,23.97,725
SU.TO,20230804,40.68,41.51,40.56,41.08,6330996
SVA.TO,20230804,0.87,0.88,0.87,0.88,10700
SVB.TO,20230804,0.15,0.15,0.15,0.15,1700
SVI.TO,20230804,4.88,4.92,4.82,4.88,202261
SVI.DB.B.TO,20230804,93,93,92.5,92.75,85000
SVI.DB.C.TO,20230804,89.45,89.45,88.95,88.95,44000
SVM.TO,20230804,3.83,4.03,3.83,3.86,182639
SVR.TO,20230804,11.61,11.68,11.59,11.59,1750
SVR.C.TO,20230804,12,12.06,12,12.06,407
SWP.TO,20230804,2.8,2.84,2.8,2.84,300
SXP.TO,20230804,6.2,6.25,6.16,6.21,7687
SYLD.TO,20230804,17.88,17.91,17.88,17.88,1005
SYZ.TO,20230804,6.96,7.04,6.84,6.94,16444
T.TO,20230804,22.85,23.27,22.28,22.97,3950108
TA.TO,20230804,13.51,13.85,13.37,13.59,898295
TA.PR.D.TO,20230804,12.01,12.05,11.92,11.97,37900
TA.PR.E.TO,20230804,15.1,15.1,15,15,10100
TA.PR.F.TO,20230804,18.15,18.15,18,18.01,4600
TA.PR.G.TO,20230804,19.5,19.5,19.5,19.5,5000
TA.PR.H.TO,20230804,21.2,21.2,21.08,21.1,2100
TA.PR.J.TO,20230804,19.65,19.76,19.65,19.76,4056
TAIG.TO,20230804,2.28,2.28,1.97,2.01,64215
TAL.TO,20230804,0.71,0.72,0.71,0.72,201060
TBL.TO,20230804,2.84,2.86,2.84,2.84,3239
TBNK.TO,20230804,24.83,24.85,24.74,24.85,3300
TC.TO,20230804,34.91,35.24,31.9,32.48,19975
TCL.A.TO,20230804,12.86,13.21,12.85,12.92,139454
TCL.B.TO,20230804,12.88,12.88,12.88,12.88,200
TCLB.TO,20230804,114.62,115.55,114.62,115.55,2300
TCLV.TO,20230804,18.64,18.64,18.64,18.64,200
TCS.TO,20230804,27.08,27.09,26.56,26.56,2172
TCW.TO,20230804,4.48,4.57,4.47,4.48,1135140
TD.TO,20230804,86.09,86.96,85.95,86.4,7063519
TD.PF.A.TO,20230804,17.64,17.81,17.64,17.74,2500
TD.PF.B.TO,20230804,17.83,17.97,17.83,17.88,4490
TD.PF.C.TO,20230804,17.52,17.52,17.45,17.45,1300
TD.PF.D.TO,20230804,18.25,18.27,18.25,18.25,900
TD.PF.E.TO,20230804,18.7,18.7,18.63,18.63,4700
TD.PF.I.TO,20230804,23.8,23.85,23.74,23.75,3100
TD.PF.J.TO,20230804,20.84,20.84,20.84,20.84,140
TD.PF.M.TO,20230804,24.2,24.42,24.2,24.2,11200
TDB.TO,20230804,12.56,12.64,12.56,12.64,551
TDOC.TO,20230804,17.11,17.24,16.99,17.15,21202
TDOC.U.TO,20230804,12.75,12.85,12.33,12.85,44000
TEC.TO,20230804,29.02,29.25,28.87,28.87,26763
TECH.TO,20230804,11.16,11.25,11.05,11.05,12703
TECH.B.TO,20230804,12.35,12.35,12.32,12.32,2261
TECI.TO,20230804,6.94,6.94,6.75,6.79,13308
TECK.A.TO,20230804,56.22,56.52,56.22,56.23,400
TECK.B.TO,20230804,56.21,56.65,55.89,56.12,648760
TERM.TO,20230804,9.02,9.04,9.01,9.01,3181
TF.TO,20230804,7.18,7.34,7.15,7.26,77025
TF.DB.C.TO,20230804,98.5,98.5,98.5,98.5,2000
TF.DB.D.TO,20230804,91,91,91,91,11000
TFII.TO,20230804,176.51,178.27,174.15,175.49,268166
TFPM.TO,20230804,17.34,17.39,17.02,17.08,72676
TGED.TO,20230804,19.23,19.34,19.18,19.26,31535
TGED.U.TO,20230804,14.48,14.48,14.48,14.48,1400
TGFI.TO,20230804,19.96,19.96,19.91,19.91,700
TGGR.TO,20230804,21.95,22.09,21.75,21.76,5299
TGO.TO,20230804,1.58,1.78,1.58,1.7,15750
TGRE.TO,20230804,13.25,13.38,13.19,13.19,16612
TH.TO,20230804,2.8,2.86,2.58,2.58,61596
The.TO,20230804,22.28,22.3,22.28,22.28,688
THNC.TO,20230804,1.91,1.97,1.9,1.97,10176
THU.TO,20230804,30.39,30.39,30.21,30.21,1800
TI.TO,20230804,0.465,0.47,0.465,0.47,19916
TIH.TO,20230804,112.57,113.39,110.66,113,76536
TILV.TO,20230804,14.66,14.66,14.66,14.66,1300
TINF.TO,20230804,17.3,17.3,17.24,17.26,6405
TIXT.TO,20230804,12.46,13.26,12.31,12.59,535134
TKO.TO,20230804,1.85,1.87,1.82,1.83,122096
TLF.TO,20230804,20.03,20.05,19.81,19.81,3059
TLG.TO,20230804,0.43,0.43,0.405,0.415,291816
TLO.TO,20230804,0.27,0.275,0.265,0.27,122694
TLRY.TO,20230804,3.26,3.33,3.06,3.1,1902353
TLV.TO,20230804,27.79,27.81,27.77,27.81,573
TMD.TO,20230804,0.215,0.23,0.21,0.23,27729
TMEC.TO,20230804,17.6,17.66,17.59,17.6,611
TMEI.TO,20230804,15.5,15.5,15.43,15.43,3700
TML.TO,20230804,0.25,0.25,0.25,0.25,2152
TMQ.TO,20230804,0.66,0.66,0.66,0.66,1000
TNT.UN.TO,20230804,2.49,2.71,2.48,2.65,450110
TNZ.TO,20230804,3.71,3.71,3.5,3.63,56578
TOT.TO,20230804,10.33,10.33,10.05,10.14,10312
TOU.TO,20230804,68.51,70.08,68.41,69.08,5348521
TOY.TO,20230804,37.46,37.63,36.37,36.4,64127
TPE.TO,20230804,19.81,19.85,19.76,19.78,7700
TPRF.TO,20230804,8.91,8.92,8.9,8.92,11522
TPU.TO,20230804,33.84,34,33.69,33.7,15963
TPX.B.TO,20230804,88.23,88.23,88.23,88.23,100
TPZ.TO,20230804,21.75,22.08,21.57,21.89,203505
TQCD.TO,20230804,15.56,15.7,15.56,15.62,32513
TQGD.TO,20230804,16.5,16.62,16.46,16.46,6000
TQSM.TO,20230804,19.83,19.84,19.76,19.76,53316
TRI.TO,20230804,175.15,177.69,175.15,176.07,505158
TRI.PR.B.TO,20230804,13.72,13.72,13.72,13.72,100
TRP.TO,20230804,48.64,49.31,48.07,48.19,4021874
TRP.PR.A.TO,20230804,13.97,13.97,13.6,13.6,2300
TRP.PR.B.TO,20230804,10.55,10.56,10.48,10.55,24000
TRP.PR.C.TO,20230804,11.31,11.31,11.12,11.15,444
TRP.PR.D.TO,20230804,15.16,15.25,15.16,15.24,21550
TRP.PR.E.TO,20230804,14.61,14.65,14.59,14.59,6104
TRP.PR.F.TO,20230804,14.55,14.55,14.54,14.55,4200
TRP.PR.G.TO,20230804,15.64,15.68,15.62,15.68,1600
TRP.PR.H.TO,20230804,13.1,13.1,13,13.01,10000
TRP.PR.I.TO,20230804,13.85,13.85,13.85,13.85,100
TRVI.TO,20230804,20.56,20.57,20.32,20.34,1600
TRVL.TO,20230804,22.32,22.52,22.27,22.29,10262
TRZ.TO,20230804,4.64,4.69,4.6,4.66,35894
TSAT.TO,20230804,12.5,12.5,12.15,12.15,1100
TSK.TO,20230804,0.08,0.085,0.08,0.08,2015300
TSL.TO,20230804,3.2,3.2,3.12,3.12,1101
TSND.TO,20230804,1.9,1.92,1.86,1.87,45507
TSU.TO,20230804,33.18,33.6,32.33,33.46,204330
TTNM.TO,20230804,2.88,2.99,2.88,2.92,17222
TTP.TO,20230804,22.95,23.22,22.95,23.07,28826
TUED.TO,20230804,20.36,20.4,20.19,20.19,1001
TUHY.TO,20230804,20.38,20.4,20.36,20.36,3230
TULB.TO,20230804,113.22,113.22,113.22,113.22,100
TULV.TO,20230804,18.4,18.4,18.39,18.39,3050
TVA.B.TO,20230804,1.78,1.78,1.77,1.78,634
TVE.TO,20230804,3.57,3.73,3.56,3.67,3060614
TVK.TO,20230804,34.4,34.43,34.1,34.43,653
TWM.TO,20230804,1.06,1.08,1.06,1.06,184920
TXF.TO,20230804,17.61,17.72,17.47,17.5,21668
TXF.B.TO,20230804,21.32,21.32,21.32,21.32,200
TXF.U.TO,20230804,9.21,9.21,9.21,9.21,300
TXG.TO,20230804,17.21,17.5,16.69,16.71,522479
TXP.TO,20230804,1.38,1.44,1.38,1.44,148044
U.U.TO,20230804,13.5,13.66,13.4,13.62,11130
U.UN.TO,20230804,17.99,18.25,17.87,18.22,664664
UBIL.U.TO,20230804,50.05,50.05,50.04,50.05,2752
UDIV.TO,20230804,12.1,12.11,11.99,11.99,5346
UDIV.B.TO,20230804,12.44,12.44,12.44,12.44,100
ULV.F.TO,20230804,45.77,45.77,45.2,45.2,5800
UMAX.TO,20230804,15.25,15.45,15.25,15.35,33875
UMI.TO,20230804,29.48,29.48,29.48,29.48,203
UNC.TO,20230804,105.26,105.26,105,105,200
UNI.TO,20230804,1.53,1.54,1.53,1.54,6100
URB.TO,20230804,4.15,4.15,4.15,4.15,186
URB.A.TO,20230804,4,4.04,3.99,4,8800
URC.TO,20230804,2.85,2.91,2.83,2.89,62835
URC.WT.TO,20230804,1.01,1.05,1.01,1.05,3400
URE.TO,20230804,1.41,1.43,1.4,1.4,26707
USA.TO,20230804,0.51,0.53,0.49,0.51,97689
USCC.TO,20230804,17.35,17.35,17.34,17.34,401
USCL.TO,20230804,20.3,20.37,20.18,20.18,2531
UTIL.TO,20230804,20.35,20.35,20.26,20.27,25500
VA.TO,20230804,35.15,35.19,35.11,35.11,1280
VAB.TO,20230804,21.91,22.06,21.91,22.04,57213
VALT.TO,20230804,24.39,24.39,24.39,24.39,100
VALT.B.TO,20230804,25.77,25.77,25.77,25.77,300
VBAL.TO,20230804,28.38,28.5,28.38,28.42,38935
VBNK.TO,20230804,11.25,11.25,11.25,11.25,838
VBNK.PR.A.TO,20230804,9.45,9.45,9.45,9.45,250
VCB.TO,20230804,22.58,22.68,22.58,22.68,4106
VCE.TO,20230804,43.63,44.09,43.63,43.85,17612
VCIP.TO,20230804,24.23,24.42,24.23,24.41,8669
VCM.TO,20230804,17.5,17.5,17.49,17.49,700
VCN.TO,20230804,41.02,41.35,40.99,41.12,87251
VCNS.TO,20230804,26.17,26.22,26.17,26.22,5978
VDU.TO,20230804,38.94,39.04,38.84,38.86,7261
VDY.TO,20230804,41.21,41.68,41.16,41.42,112496
VE.TO,20230804,31.91,31.91,31.77,31.77,1980
VEE.TO,20230804,33.64,33.75,33.52,33.6,14222
VEF.TO,20230804,49.54,49.85,49.43,49.43,25376
VEQT.TO,20230804,35.81,35.92,35.66,35.67,57979
VET.TO,20230804,19,19.55,18.92,19.13,1166287
VFV.TO,20230804,107.16,107.3,106.28,106.35,179831
VGCX.TO,20230804,8.12,8.23,8.01,8.01,87939
VGG.TO,20230804,75.14,75.14,74.3,74.35,16079
VGH.TO,20230804,54.25,54.43,53.8,53.8,4247
VGRO.TO,20230804,30.66,30.82,30.65,30.65,74666
VGV.TO,20230804,21.62,21.63,21.59,21.59,4817
VHI.TO,20230804,2.48,2.52,2.47,2.47,20899
VI.TO,20230804,34.61,34.77,34.52,34.52,7877
VIDY.TO,20230804,27.21,27.33,27.18,27.22,4836
VIU.TO,20230804,30.76,30.98,30.76,30.87,37054
VLB.TO,20230804,20.3,20.54,20.3,20.53,6580
VLE.TO,20230804,2.38,2.41,2.33,2.38,163285
VLN.TO,20230804,10.4,10.45,9.6,10.05,73340
VMO.TO,20230804,46.56,46.56,46.38,46.38,1522
VNP.TO,20230804,3.71,3.94,3.6,3.79,1075058
VOXR.TO,20230804,3.06,3.07,3,3,1308
VPH.TO,20230804,0.36,0.36,0.35,0.35,25500
VQS.TO,20230804,0.395,0.415,0.39,0.39,42300
VRE.TO,20230804,29.74,30,29.67,29.84,13293
VRIF.TO,20230804,23.23,23.3,23.23,23.29,6805
VSB.TO,20230804,22.14,22.18,22.14,22.16,29702
VSC.TO,20230804,22.58,22.62,22.58,22.59,23908
VSP.TO,20230804,74.05,74.48,73.45,73.49,54471
VUN.TO,20230804,81.51,81.73,80.99,81.03,74810
VUS.TO,20230804,80.83,81.12,80.04,80.07,17970
VVL.TO,20230804,44.01,44.01,43.71,43.72,2831
VVO.TO,20230804,32.59,32.64,32.45,32.45,1439
VXC.TO,20230804,50.19,50.19,49.84,49.9,7611
VXM.B.TO,20230804,26.41,26.5,26.34,26.34,4815
WCN.TO,20230804,187.64,191.4,185.21,190.15,312466
WCP.TO,20230804,10.81,10.91,10.74,10.83,1937639
WDO.TO,20230804,6.88,6.99,6.76,6.9,283768
WEED.TO,20230804,0.63,0.63,0.59,0.6,3800198
WEF.TO,20230804,1.03,1.05,1.02,1.02,217171
WELL.TO,20230804,4.48,4.62,4.44,4.54,694568
WFG.TO,20230804,105.42,106.27,103.85,105.61,173763
WILD.TO,20230804,1.85,1.93,1.85,1.93,10819
WILD.DB.TO,20230804,92,92,88.5,88.5,2035000
WJX.TO,20230804,27.51,27.96,27.4,27.9,21298
WJX.DB.TO,20230804,99.01,102,99.01,102,35000
WLLW.TO,20230804,0.11,0.11,0.11,0.11,23741
WM.TO,20230804,0.125,0.13,0.125,0.125,185027
WN.TO,20230804,150.12,152.41,150,151.29,146320
WN.PR.A.TO,20230804,22.4,22.4,22.4,22.4,9640
WN.PR.C.TO,20230804,19.48,19.8,19.48,19.52,2360
WN.PR.D.TO,20230804,19.61,19.61,19.42,19.42,1059
WN.PR.E.TO,20230804,17.75,17.95,17.6,17.6,8972
WNDR.TO,20230804,0.185,0.19,0.175,0.18,451562
WPK.TO,20230804,39.33,40.01,38.99,39.91,42167
WPM.TO,20230804,56.99,58.95,56.99,58.79,835549
WPRT.TO,20230804,14.22,14.32,13.69,13.79,24369
WRG.TO,20230804,3.35,3.35,3.35,3.35,1600
WRN.TO,20230804,1.95,1.96,1.9,1.9,120186
WRX.TO,20230804,0.26,0.275,0.26,0.275,2500
WSP.TO,20230804,175.57,180.47,175.51,179.74,127745
WSRD.TO,20230804,26.45,26.45,26.45,26.45,321
WSRI.TO,20230804,35.83,35.89,35.7,35.7,6350
WTE.TO,20230804,30.12,30.12,27.24,27.75,258040
WXM.TO,20230804,24.74,24.74,24.56,24.56,5600
X.TO,20230804,29.23,29.53,29.05,29.51,355138
XAGH.TO,20230804,33.16,33.16,33.16,33.16,100
XAM.TO,20230804,0.08,0.08,0.08,0.08,20999
XAU.TO,20230804,9.66,9.69,9.66,9.69,653
XAW.TO,20230804,34.84,34.96,34.68,34.71,22244
XBAL.TO,20230804,25.74,25.83,25.74,25.74,21333
XBB.TO,20230804,26.82,27,26.82,27,158497
XBM.TO,20230804,20.51,20.75,20.47,20.58,9850
XCB.TO,20230804,18.81,18.93,18.81,18.93,40132
XCBG.TO,20230804,35.33,35.33,35.24,35.24,525
XCBU.U.TO,20230804,25.1,25.1,25.1,25.1,100
XCD.TO,20230804,50.41,50.41,50.41,50.41,160
XCG.TO,20230804,43.3,43.5,43.3,43.4,458
XCH.TO,20230804,18.71,18.76,18.58,18.59,14525
XCLN.TO,20230804,38.23,38.23,38.22,38.22,2300
XCNS.TO,20230804,20.83,20.83,20.79,20.79,706
XCS.TO,20230804,18.07,18.24,18.07,18.24,1072
XCSR.TO,20230804,59.14,59.26,58.92,58.92,546
XCV.TO,20230804,32.6,32.74,32.57,32.57,2403
XDG.TO,20230804,23.52,23.52,23.38,23.38,7400
XDG.U.TO,20230804,17.67,17.67,17.54,17.54,4700
XDIV.TO,20230804,24.97,25.26,24.93,25.13,31698
XDU.TO,20230804,26.4,26.53,26.35,26.35,2669
XDUH.TO,20230804,24.76,24.82,24.62,24.62,2900
XDV.TO,20230804,27.36,27.69,27.36,27.56,12589
XEB.TO,20230804,15.3,15.35,15.3,15.31,485
XEC.TO,20230804,26.04,26.09,25.94,26.02,37820
XEC.U.TO,20230804,20.13,20.13,20.13,20.13,100
XEF.TO,20230804,33.49,33.68,33.44,33.49,75157
XEF.U.TO,20230804,25.22,25.28,25.22,25.27,6500
XEG.TO,20230804,15.91,16.14,15.85,16,1314759
XEH.TO,20230804,29.26,29.26,29.13,29.13,7700
XEI.TO,20230804,24.29,24.58,24.26,24.42,52521
XEM.TO,20230804,30.07,30.12,29.99,30.12,1023
XEMC.TO,20230804,41.79,41.8,41.75,41.75,1775
XEN.TO,20230804,30.72,30.97,30.72,30.8,5899
XEQT.TO,20230804,26.66,26.77,26.58,26.6,134818
XESG.TO,20230804,24.76,24.86,24.67,24.71,76013
XEXP.TO,20230804,44.92,44.92,44.92,44.92,509
XFH.TO,20230804,28.12,28.12,27.92,27.93,14479
XFLB.TO,20230804,46.45,46.51,46.45,46.51,5299
XFN.TO,20230804,45.32,45.97,45.32,45.74,391716
XFR.TO,20230804,20.15,20.17,20.15,20.17,7645
XGB.TO,20230804,18.49,18.64,18.49,18.64,18227
XGD.TO,20230804,17.12,17.19,17,17.17,438372
XGRO.TO,20230804,24.87,24.96,24.83,24.85,23368
XHB.TO,20230804,18.3,18.37,18.29,18.37,6650
XHC.TO,20230804,66.54,66.69,66.1,66.15,1959
XHD.TO,20230804,30.96,30.96,30.63,30.63,1200
XHU.TO,20230804,28.15,28.15,27.99,27.99,579
XHY.TO,20230804,15.99,15.99,15.89,15.96,4492
XIC.TO,20230804,32.07,32.4,32.07,32.21,173689
XID.TO,20230804,46.34,46.4,46.3,46.4,650
XIG.TO,20230804,19.77,19.8,19.77,19.8,1615
XIGS.TO,20230804,36.43,36.43,36.43,36.43,107
XIN.TO,20230804,31.57,31.77,31.55,31.55,11587
XIT.TO,20230804,44.42,44.48,43.89,43.89,5310
XIU.TO,20230804,30.61,30.92,30.59,30.73,1909323
XLB.TO,20230804,18.57,18.8,18.57,18.8,40613
XLY.TO,20230804,0.015,0.02,0.015,0.02,305359
XMA.TO,20230804,18.57,18.57,18.57,18.57,250
XMC.TO,20230804,27.49,27.6,27.49,27.58,1292
XMD.TO,20230804,31.24,31.55,31.24,31.38,3583
XMH.TO,20230804,24.38,24.38,24.38,24.38,317
XMI.TO,20230804,34.4,34.4,34.3,34.3,600
XMM.TO,20230804,26.72,26.72,26.7,26.7,200
XMS.TO,20230804,31.62,31.62,31.62,31.62,200
XMU.TO,20230804,67.42,67.42,67.12,67.12,4209
XMV.TO,20230804,37.33,37.66,37.33,37.54,18741
XMW.TO,20230804,46.44,46.44,46.44,46.44,110
XMY.TO,20230804,27.38,27.38,27.31,27.31,3300
XQB.TO,20230804,18.06,18.1,18.06,18.1,5701
XQLT.TO,20230804,29.97,30.11,29.9,29.9,2196
XQQ.TO,20230804,118.81,118.81,116.7,116.75,42048
XRB.TO,20230804,21.12,21.56,21.12,21.55,21057
XRE.TO,20230804,16.31,16.44,16.24,16.37,559716
XSAB.TO,20230804,17.27,17.36,17.27,17.36,2161
XSB.TO,20230804,25.48,25.58,25.48,25.58,73133
XSE.TO,20230804,17.36,17.44,17.36,17.42,3311
XSEA.TO,20230804,22.99,23,22.99,23,500
XSEM.TO,20230804,19.06,19.06,18.97,18.99,16708
XSH.TO,20230804,17.86,17.88,17.85,17.87,9655
XSHG.TO,20230804,36.85,36.85,36.78,36.78,500
XSI.TO,20230804,16.49,16.49,16.49,16.49,500
XSMC.TO,20230804,27.77,27.79,27.71,27.71,3504
XSMH.TO,20230804,26,26.03,26,26.03,300
XSP.TO,20230804,47.66,47.9,47.2,47.23,339518
XST.TO,20230804,82.23,83.08,82.2,82.88,15168
XSTB.TO,20230804,18.71,18.74,18.71,18.74,1764
XSTP.TO,20230804,39.33,39.54,39.31,39.54,419
XSTP.U.TO,20230804,29.32,29.32,29.32,29.32,1300
XSU.TO,20230804,38.4,38.63,38.19,38.21,77089
XSUS.TO,20230804,31.92,31.93,31.92,31.93,200
XTC.TO,20230804,8.4,8.76,8.4,8.54,12500
XTD.TO,20230804,4.04,4.06,4.04,4.05,4239
XTG.TO,20230804,0.83,0.84,0.79,0.79,16500
XTLH.TO,20230804,36.47,36.79,36.47,36.79,2020
XTLT.TO,20230804,36.63,36.63,36.6,36.6,2143
XTR.TO,20230804,10.14,10.22,10.14,10.18,16941
XTRA.TO,20230804,0.82,0.83,0.81,0.83,69208
XUH.TO,20230804,38.02,38.17,38.02,38.12,831
XUS.TO,20230804,74.85,74.97,74.25,74.29,157728
XUS.U.TO,20230804,56.84,57.06,56.26,56.27,5800
XUSR.TO,20230804,62.69,62.69,62.17,62.17,3000
XUT.TO,20230804,25.86,26.32,25.86,26.13,242044
XUU.TO,20230804,44.99,45.01,44.59,44.62,20759
XUU.U.TO,20230804,33.65,33.65,33.65,33.65,130
XVLU.TO,20230804,24.17,24.17,24.15,24.15,1000
XWD.TO,20230804,72.99,73.06,72.63,72.63,12300
Y.TO,20230804,12.72,12.72,12.65,12.66,1340
YGR.TO,20230804,1.9,1.92,1.9,1.91,82096
YRB.TO,20230804,0.035,0.035,0.035,0.035,15016
ZACE.TO,20230804,33.37,33.37,33.37,33.37,200
ZAG.TO,20230804,13.18,13.31,13.18,13.31,196545
ZBAL.TO,20230804,34.3,34.38,34.3,34.38,2277
ZBAL.T.TO,20230804,27.25,27.25,27.25,27.25,100
ZBK.TO,20230804,24.33,24.49,24.22,24.31,26617
ZCB.TO,20230804,44.42,44.52,44.41,44.52,901
ZCDB.TO,20230804,28.01,28.01,28.01,28.01,178
ZCH.TO,20230804,15.73,15.75,15.6,15.6,8766
ZCLN.TO,20230804,18.2,18.2,17.88,18.01,7056
ZCM.TO,20230804,14.3,14.39,14.3,14.39,24361
ZCN.TO,20230804,27.02,27.28,27.02,27.13,54159
ZCS.TO,20230804,13,13.01,13,13.01,34950
ZDB.TO,20230804,14.2,14.2,14.19,14.19,366
ZDH.TO,20230804,24.3,24.33,24.25,24.27,6427
ZDI.TO,20230804,21.49,21.71,21.49,21.53,2022
ZDJ.TO,20230804,55.57,55.66,54.97,54.97,2317
ZDM.TO,20230804,26.03,26.12,25.95,26,5177
ZDV.TO,20230804,18.9,19.09,18.9,18.99,29532
ZDY.TO,20230804,37.1,37.11,36.81,36.82,1563
ZDY.U.TO,20230804,28.49,28.51,28.19,28.19,603
ZEA.TO,20230804,20.45,20.61,20.45,20.5,48688
ZEB.TO,20230804,34,34.3,33.94,34.1,830038
ZEF.TO,20230804,11.87,11.89,11.86,11.88,27300
ZEM.TO,20230804,19.62,19.72,19.57,19.64,53584
ZEO.TO,20230804,62.17,62.66,62.03,62.11,6937
ZEQ.TO,20230804,28.28,28.41,28.21,28.21,3436
ZEQT.TO,20230804,40.92,40.98,40.73,40.74,1660
ZFH.TO,20230804,14.16,14.16,14.14,14.14,2085
ZFL.TO,20230804,12.61,12.8,12.6,12.8,76634
ZFM.TO,20230804,13.93,14.03,13.93,14.03,12625
ZFS.TO,20230804,13.17,13.18,13.17,13.18,1700
ZGB.TO,20230804,43.74,43.92,43.71,43.91,1181
ZGI.TO,20230804,41.01,41.24,40.86,40.94,1570
ZGQ.TO,20230804,51.81,52.09,51.68,51.68,16911
ZGRO.TO,20230804,37.54,37.54,37.39,37.39,1929
ZGSB.TO,20230804,25.45,25.45,25.45,25.45,100
ZHP.TO,20230804,17.33,17.33,17.33,17.33,300
ZHY.TO,20230804,10.81,10.84,10.8,10.8,16540
ZIC.TO,20230804,16.6,16.65,16.6,16.61,21150
ZIC.U.TO,20230804,12.6,12.63,12.6,12.63,500
ZID.TO,20230804,39.36,39.45,39.34,39.35,733
ZIN.TO,20230804,36.35,36.35,36.35,36.35,400
ZJG.TO,20230804,65.28,65.28,65.28,65.28,1135
ZJK.TO,20230804,17,17.05,17,17.05,908
ZJPN.TO,20230804,30.47,30.47,30.47,30.47,662
ZLB.TO,20230804,40.43,40.74,40.38,40.63,31405
ZLC.TO,20230804,14.49,14.68,14.49,14.68,4025
ZLD.TO,20230804,24.83,24.83,24.83,24.83,100
ZLH.TO,20230804,31.31,31.31,31.31,31.31,100
ZLI.TO,20230804,23.25,23.25,23.09,23.09,4986
ZLU.TO,20230804,46.92,46.99,46.55,46.57,8622
ZLU.U.TO,20230804,35.84,35.84,35.84,35.84,100
ZMBS.TO,20230804,28.5,28.5,28.5,28.5,100
ZMI.TO,20230804,15.74,15.74,15.7,15.71,2888
ZMID.TO,20230804,38.54,38.56,38.52,38.55,1168
ZMMK.TO,20230804,49.98,49.99,49.93,49.98,51284
ZMP.TO,20230804,13.19,13.19,13.18,13.18,1030
ZMT.TO,20230804,59.93,59.93,59.93,59.93,414
ZMU.TO,20230804,12.38,12.41,12.37,12.4,4277
ZNQ.TO,20230804,66.79,66.79,66.22,66.24,5661
ZPAY.TO,20230804,29.83,29.88,29.77,29.79,20943
ZPAY.F.TO,20230804,28.44,28.47,28.39,28.39,5825
ZPAY.U.TO,20230804,29.14,29.22,29.14,29.14,6208
ZPH.TO,20230804,14.87,14.87,14.86,14.86,1192
ZPL.TO,20230804,12.04,12.23,12.04,12.22,35007
ZPR.TO,20230804,8.86,8.88,8.86,8.87,211851
ZPS.TO,20230804,11.8,11.83,11.8,11.83,6100
ZPW.TO,20230804,15.24,15.25,15.24,15.24,1335
ZQB.TO,20230804,27.16,27.16,27.16,27.16,11000
ZQQ.TO,20230804,109.36,110,108.14,108.21,36619
ZRE.TO,20230804,21.14,21.27,21.12,21.21,3690
ZRR.TO,20230804,13.98,14.06,13.81,14.06,10726
ZSB.TO,20230804,46.04,46.19,46.04,46.19,2311
ZSDB.TO,20230804,28.53,28.54,28.53,28.54,3185
ZSML.TO,20230804,36.8,36.8,36.8,36.8,100
ZSP.TO,20230804,66.08,66.18,65.55,65.62,2091174
ZSP.U.TO,20230804,49.31,49.67,49.02,49.04,11003
ZST.TO,20230804,48.61,48.63,48.57,48.57,28888
ZST.L.TO,20230804,56.13,56.2,56.13,56.13,7600
ZSU.TO,20230804,12.99,13.03,12.99,13.03,1200
ZTIP.TO,20230804,30.31,30.31,30.25,30.25,600
ZUB.TO,20230804,23.02,23.32,23.02,23.08,22736
ZUD.TO,20230804,26.53,26.53,26.53,26.53,100
ZUE.TO,20230804,63.3,63.66,62.8,62.83,10611
ZUH.TO,20230804,69.51,69.75,69.09,69.09,939
ZUP.TO,20230804,19.05,19.06,19.05,19.06,955
ZUP.U.TO,20230804,18.6,18.6,18.6,18.6,100
ZUQ.TO,20230804,62.4,62.62,62.06,62.06,3864
ZUQ.F.TO,20230804,40.19,40.19,39.93,39.93,331
ZUS.U.TO,20230804,46.83,46.83,46.64,46.64,777
ZUT.TO,20230804,21.03,21.36,21.03,21.2,9157
ZVC.TO,20230804,25.8,25.95,25.8,25.86,3239
ZVU.TO,20230804,25.87,25.87,25.87,25.87,400
ZWA.TO,20230804,24.62,24.62,24.42,24.43,3504
ZWB.TO,20230804,17.85,18,17.83,17.91,106808
ZWC.TO,20230804,16.79,16.92,16.76,16.84,31645
ZWE.TO,20230804,19.45,19.45,19.3,19.36,5016
ZWEN.TO,20230804,28.39,28.42,28.31,28.31,8441
ZWG.TO,20230804,28.74,28.75,28.57,28.61,5957
ZWH.TO,20230804,21.98,22.05,21.81,21.81,7715
ZWH.U.TO,20230804,22.71,22.71,22.71,22.71,669
ZWK.TO,20230804,18.93,19.05,18.85,18.89,30099
ZWP.TO,20230804,16.96,17.04,16.91,16.91,22564
ZWQT.TO,20230804,15.38,15.4,15.35,15.35,326
ZWS.TO,20230804,19.75,19.77,19.58,19.58,4964
ZWT.TO,20230804,33.51,33.67,33.4,33.4,1052
ZWU.TO,20230804,10.36,10.45,10.34,10.36,388625
ZXM.TO,20230804,35.36,35.49,35.36,35.49,200
ZZZ.TO,20230804,27.71,28.29,27.71,28.24,28854
ZZZD.TO,20230804,27.02,27.02,27.02,27.02,400
