<ticker>,<date>,<open>,<high>,<low>,<close>,<vol>
AAB.TO,20250115,0.035,0.04,0.035,0.04,3597
AAUC.TO,20250115,3.45,3.48,3.315,3.4,169424
AAV.TO,20250115,10.15,10.23,10.11,10.17,417122
ABX.TO,20250115,22.6,22.65,22.41,22.52,790105
AC.TO,20250115,21.49,21.66,20.8,21,1413585
ACAA.TO,20250113,21.7,21.7,21.7,21.7,100
ACB.TO,20250115,5.73,5.83,5.63,5.68,121242
ACD.TO,20250115,3.9,3.9,3.75,3.75,300
ACQ.TO,20250115,17.2,17.27,17.07,17.27,2810
ACX.TO,20250115,6.75,6.93,6.73,6.91,92067
ADCO.TO,20250115,0.325,0.325,0.31,0.32,194300
ADEN.TO,20250115,34.83,35.41,34.71,34.745,25544
ADN.TO,20250115,17.02,17.25,17.02,17.25,4755
AEG.TO,20250113,0.38,0.38,0.36,0.36,101
AEM.TO,20250115,121.91,121.91,119.12,119.68,267314
AFN.TO,20250115,41.56,41.75,40.62,40.83,47372
AG.TO,20250115,8.63,8.65,7.98,8.05,699639
AGG.TO,20250115,19.43,19.43,19.43,19.43,1000
AGI.TO,20250115,28.49,28.49,27.62,27.72,301549
AI.TO,20250115,10.52,10.61,10.51,10.57,50164
AIDX.TO,20250115,1.78,1.805,1.74,1.8,194341
AIF.TO,20250115,55.66,56.76,55.31,56.04,38579
AIGO.TO,20250115,24.26,24.26,24.26,24.26,150
AII.TO,20250115,0.98,0.98,0.95,0.95,103903
AIM.TO,20250115,2.64,2.67,2.58,2.63,14823
AKTAF,20250114,1.22,1.22,1.21,1.22,2700
ALA.TO,20250115,33.61,33.97,33.605,33.76,155563
ALC.TO,20250115,14.39,14.44,14.39,14.44,3403
ALS.TO,20250115,28.38,28.53,28.19,28.5,24174
ALYA.TO,20250115,1.63,1.64,1.54,1.61,78492
AMAX.TO,20250115,19.74,19.74,19.5,19.62,16418
AMC.TO,20250115,1.6,1.6,1.51,1.54,243707
AMHE.TO,20250115,15.38,15.38,15.24,15.27,2331
AMM.TO,20250115,0.1,0.12,0.1,0.12,9536
AMZH.TO,20250114,14.63,14.66,14.32,14.46,2
AND.TO,20250115,44.66,44.66,44.2,44.5,37539
ANRG.TO,20250115,1.32,1.32,1.15,1.16,192415
AOI.TO,20250115,2.07,2.105,2.05,2.105,794198
AOT.TO,20250115,0.21,0.21,0.19,0.19,295771
APLI.TO,20250115,0.035,0.04,0.035,0.04,33125
APS.TO,20250115,0.29,0.29,0.29,0.29,5000
AQN.TO,20250115,6.25,6.34,6.085,6.12,1148909
ARA.TO,20250115,0.51,0.52,0.51,0.52,11689
ARB.TO,20250115,26.2,26.2,26.2,26.2,949
ARE.TO,20250115,24.35,24.5,24.05,24.5,165182
ARG.TO,20250115,1.64,1.66,1.63,1.66,166005
ARIS.TO,20250115,5.54,5.54,5.34,5.39,82438
ARR.TO,20241206,12,12,11.99,12,717
ARTI.TO,20250115,11.8,11.9,11.8,11.9,2111
ARX.TO,20250115,27.25,27.68,27.085,27.1,567675
ASCU.TO,20250115,1.6,1.6,1.57,1.57,127381
ASM.TO,20250115,1.42,1.43,1.375,1.43,90422
ASND.TO,20250115,0.05,0.05,0.05,0.045,11000
ASTL.TO,20250115,11.89,12.1,11.86,12.08,14962
ATCU.TO,20250115,0.42,0.42,0.41,0.41,7000
ATD.TO,20250115,75.16,75.99,74.64,75.92,294067
ATH.TO,20250115,5.45,5.48,5.395,5.46,903321
ATRL.TO,20250115,73.28,73.88,72.26,73.65,139938
ATS.TO,20250115,38.56,38.64,37.66,38.2,136435
ATSX.TO,20250109,26.92,26.92,26.92,26.92,5
ATZ.TO,20250115,67,67.04,65.66,66.2,230832
AUMN.TO,20250114,0.135,0.145,0.13,0.145,14038
AVCN.TO,20250114,0.335,0.34,0.33,0.34,7500
AVL.TO,20250115,0.035,0.035,0.035,0.035,168417
AVNT.TO,20250115,1.27,1.36,1.23,1.32,15005
AW.TO,20250115,33.93,34.5,33.89,34.02,3802
AXIS.TO,20241125,0.005,0.005,0.005,0.005,3
AYA.TO,20250115,11.84,11.96,11.62,11.84,242476
BABY.TO,20250115,0.02,0.02,0.02,0.02,5834
BAM.TO,20250115,77.78,78.65,76.9,77.185,181846
BANK.TO,20250115,7.91,7.97,7.91,7.95,53218
BASE.TO,20250115,22.24,22.26,22.24,22.25,1043
BB.TO,20250115,5.85,6.06,5.78,5.89,2074319
BBUC.TO,20250115,34.41,34.52,34.18,34.18,3000
BCE.TO,20250115,32.5,32.81,32.49,32.63,1352769
BCT.TO,20250115,0.55,0.56,0.55,0.56,13000
BDGI.TO,20250115,37.32,37.34,36.94,37.29,27462
BDI.TO,20250115,9.09,9.09,8.9,9.01,11597
BDIV.TO,20250115,21.68,21.88,21.68,21.88,387
BDT.TO,20250115,23.4,23.4,22.78,23.1,53633
BEPC.TO,20250115,37.71,38.12,36.66,36.67,167742
BEPR.TO,20250115,8.98,9.05,8.98,9.05,1586
BESG.TO,20250114,15.86,15.91,15.86,15.91,2045
BFIN.TO,20250110,24.13,24.18,24.08,24.12,41
BGC.TO,20250114,33.97,33.97,33.82,33.82,300
BGU.TO,20250115,48.46,48.46,48.29,48.29,200
BHC.TO,20250115,10.83,10.92,10.62,10.62,69381
BIPC.TO,20250115,56.67,57.6,56.485,56.52,28237
BIR.TO,20250115,5.93,5.96,5.835,5.845,283468
BITF.TO,20250115,2.35,2.42,2.31,2.37,2962046
BITI.TO,20250115,20.96,20.96,20.69,20.8,26301
BK.TO,20250115,11.58,11.69,11.58,11.69,68423
BKCC.TO,20250115,14.69,14.69,14.65,14.65,2700
BKCL.TO,20250115,19.59,19.64,19.57,19.62,4767
BKI.TO,20250115,0.165,0.165,0.155,0.16,64423
BLCK.TO,20241230,33.74,33.74,33.74,33.74,100
BLCO.TO,20250115,25.08,25.08,24.98,24.98,206
BLDP.TO,20250115,2.32,2.41,2.29,2.345,641282
BLN.TO,20250115,6.51,6.51,6.3,6.39,17125
BLOV.TO,20250110,22.42,22.42,22.42,22.42,100
BLX.TO,20250115,26.63,27,26.26,26.335,80157
BMAX.TO,20250115,13.76,13.89,13.76,13.89,10528
BMO.TO,20250115,142,143.06,141.78,142.18,916552
BN.TO,20250115,81.37,82.57,81.37,81.65,465930
BNC.TO,20250115,28.94,28.94,28.82,28.89,490
BND.TO,20250115,17.55,17.66,17.55,17.66,2524
BNE.TO,20250115,3.79,3.79,3.64,3.68,59639
BNG.TO,20250115,0.015,0.015,0.01,0.01,8500
BNK.TO,20250115,12.62,12.97,12.62,12.97,900
BNKL.TO,20250114,25.78,25.78,25.78,25.78,500
BNS.TO,20250115,74.61,74.79,73.82,74,848439
BNT.TO,20250115,81.47,82.57,81.47,81.68,10393
BOND.TO,20250115,18.4,18.43,18.36,18.37,5109
BOS.TO,20250115,3.88,4.02,3.81,3.86,11523
BPRF.TO,20250113,22.59,22.59,22.55,22.58,40
BR.TO,20250109,1.06,1.16,1.06,1.14,2
BRAG.TO,20250115,5.7,5.98,5.63,5.89,45711
BRE.TO,20250115,14.61,14.61,14.49,14.49,3075
BREA.TO,20250115,28.02,28.02,28.02,28.02,106
BRMI.TO,20250114,0.68,0.69,0.67,0.68,32500
BRY.TO,20250115,0.37,0.37,0.35,0.35,214850
BSKT.TO,20250115,8.63,8.63,8.62,8.63,8100
BSX.TO,20250115,0.085,0.085,0.08,0.08,66883
BTCC.TO,20250115,18.32,18.51,18.3,18.38,291752
BTCQ.TO,20250115,22.41,22.69,22.41,22.59,6804
BTCY.TO,20250115,8.9,8.94,8.88,8.89,40600
BTE.TO,20250115,3.9,3.94,3.86,3.905,1629182
BTO.TO,20250115,3.58,3.605,3.48,3.53,2229236
BU.TO,20250114,0.085,0.09,0.08,0.08,565
BUI.TO,20250115,3.38,3.38,3.3,3.3,203
BXF.TO,20250115,10.05,10.05,10.05,10.05,117
BYD.TO,20250115,215.27,219.29,212.95,219.15,26081
BYL.TO,20250115,0.39,0.39,0.39,0.39,4000
CACB.TO,20250115,19.91,19.91,19.91,19.91,112
CAE.TO,20250115,34.2,34.78,34.02,34.76,188901
CAFR.TO,20250115,19.92,19.92,19.92,19.92,500
CAGG.TO,20250110,44.15,44.15,44.15,44.15,100
CAGS.TO,20250106,47.45,47.45,47.45,47.45,100
CALL.TO,20250115,14,14.15,14,14.05,18704
CANL.TO,20250113,24.9,24.9,24.86,24.86,1
CAPG.TO,20250114,25.47,25.47,25.42,25.42,10
CAPI.TO,20250115,24.52,24.52,24.52,24.52,3000
CAPM.TO,20250115,24.6,24.76,24.6,24.76,400
CAPW.TO,20250113,24.43,24.44,24.42,24.42,19100
CARB.TO,20250115,7.83,7.85,7.83,7.85,696
CARS.TO,20250114,20.52,20.81,20.23,20.28,14
CAS.TO,20250115,12.13,12.59,12.12,12.34,195689
CASH.TO,20250115,50.05,50.06,50.05,50.06,279769
CBAL.TO,20250115,23,23,23,23,160
CBCX.TO,20250114,34.31,35.08,34.25,34.25,1203
CBGR.TO,20250110,23.58,23.58,23.58,23.58,90
CBH.TO,20250115,17.72,17.72,17.72,17.72,600
CBIL.TO,20250115,50.07,50.07,50.06,50.07,38780
CBIN.TO,20250110,21.97,21.97,21.97,21.97,4685
CBND.TO,20250114,9.04,9.07,9.04,9.07,400
CBNK.TO,20250115,8.45,8.47,8.45,8.46,9400
CBO.TO,20250115,18.22,18.24,18.22,18.24,2924
CBUG.TO,20250113,27.93,27.93,27.93,27.93,2
CCA.TO,20250115,62.22,63.26,62.22,63.03,69507
CCBD.TO,20241223,18.59,18.59,18.56,18.56,34500
CCBI.TO,20250115,17.96,17.96,17.96,17.96,100
CCEI.TO,20250115,26.89,26.89,26.86,26.86,2234
CCM.TO,20250115,0.3,0.3,0.295,0.295,4380
CCNS.TO,20250115,18.16,18.16,18.15,18.15,4000
CCNV.TO,20250110,21.1,21.1,21.1,21.1,2145
CCO.TO,20250115,72.25,72.38,71.195,71.98,339577
CCOM.TO,20250115,19.04,19.2,19.04,19.2,22024
CCRE.TO,20250115,17.82,17.82,17.82,17.82,3400
CDEF.TO,20250110,11.07,11.07,11.07,11.07,180
CDIV.TO,20250115,14.82,14.83,14.79,14.79,3672
CDLB.TO,20250115,16.26,16.53,16.26,16.53,1400
CDNA.TO,20250106,16.63,16.63,16.63,16.63,10
CDR.TO,20250115,1.92,1.95,1.91,1.92,2134
CDZ.TO,20250115,35.23,35.35,35.23,35.26,9199
CEE.TO,20241120,2.56,2.56,2.48,2.48,5300
CEF.TO,20250115,35.55,35.7,35.47,35.7,1804
CEMI.TO,20250115,18.9,18.93,18.9,18.9,2700
CEMX.TO,20250115,0.255,0.255,0.245,0.245,119660
CEQT.TO,20250108,25.61,25.61,25.61,25.61,4
CEU.TO,20250115,9.47,9.72,9.47,9.63,168373
CEW.TO,20250115,20.72,20.73,20.67,20.67,6825
CF.TO,20250115,9.16,9.51,9.14,9.5,64522
CFF.TO,20250113,0.35,0.35,0.35,0.35,8
CFLX.TO,20250114,16.93,16.95,16.93,16.95,1800
CFP.TO,20250115,15.13,15.56,15.07,15.14,80063
CFRT.TO,20250114,20.99,20.99,20.99,20.99,1000
CFW.TO,20250115,3.96,4.06,3.94,4.05,106631
CFX.TO,20250115,0.81,0.84,0.81,0.81,3750
CG.TO,20250115,8.7,8.73,8.135,8.235,358407
CGAA.TO,20250114,27.78,27.78,27.78,27.7,102
CGBI.TO,20250115,17.36,17.4,17.36,17.4,200
CGDV.TO,20250115,21.96,21.96,21.86,21.86,2700
CGG.TO,20250115,8.06,8.06,7.92,7.96,3185
CGHY.TO,20250113,10.31,10.31,10.31,10.31,120
CGI.TO,20250115,39.51,39.7,39.51,39.55,76600
CGIN.TO,20250115,20.98,21.19,20.98,21.19,700
CGL.TO,20250115,21.32,21.32,21.16,21.25,8767
CGLO.TO,20250115,29.99,29.99,29.99,29.99,100
CGO.TO,20250115,54.8,55.11,54,54.32,16965
CGR.TO,20250115,30.02,30.17,29.88,29.88,3497
CGRA.TO,20250106,22.45,22.45,22.38,22.38,2
CGRB.TO,20241115,21.5,21.5,21.5,21.5,14
CGRE.TO,20250115,20.79,20.79,20.76,20.76,400
CGRN.TO,20250108,22.07,22.07,22.07,22.07,100
CGRO.TO,20250115,24.54,24.54,24.54,24.54,6000
CGX.TO,20250115,11.6,11.69,11.37,11.41,110600
CGXF.TO,20250115,10.94,10.94,10.78,10.83,18973
CGY.TO,20250115,48.58,49.67,48.58,49.67,6344
CHPS.TO,20250115,39.48,39.65,39.47,39.47,935
CHR.TO,20250115,2.95,2.96,2.865,2.88,662160
CIA.TO,20250115,5.24,5.3,5.215,5.25,174777
CIAI.TO,20250115,27.25,27.44,27.25,27.3,2047
CIBR.TO,20250114,52.99,53,52.91,52.91,102
CIC.TO,20250115,12.13,12.155,12.13,12.155,2726
CIEH.TO,20250114,18.61,18.61,18.61,18.61,66
CIEI.TO,20250115,23.53,23.58,23.53,23.58,9600
CIEM.TO,20250115,19.27,19.3,19.26,19.3,3000
CIF.TO,20250115,50.47,50.47,50.2,50.24,6548
CIGI.TO,20250115,186.52,189.86,186.42,189.445,35552
CINF.TO,20250115,27.42,27.42,27.32,27.32,2950
CINT.TO,20250115,22.96,22.98,22.96,22.98,900
CINV.TO,20250115,28.06,28.06,28.06,28.06,200
CIX.TO,20250115,31.11,31.15,31.055,31.06,131842
CJ.TO,20250115,6.87,6.9,6.7,6.82,732203
CJT.TO,20250115,118.05,120.65,118.05,119.84,97215
CKI.TO,20250109,23.51,23.6,23.5,23.6,2200
CLF.TO,20250115,17.3,17.31,17.3,17.31,1237
CLG.TO,20250115,17.12,17.14,17.12,17.14,9069
CLML.TO,20250115,34.97,34.97,34.97,34.97,100
CLS.TO,20250115,152.18,155.13,148.25,153.72,243073
CM.TO,20250115,88.98,89.62,88.86,89.28,890747
CMAG.TO,20250115,38.86,38.87,38.86,38.87,700
CMAR.TO,20250115,17.93,17.93,17.93,17.93,2100
CMDO.TO,20250115,19.31,19.34,19.31,19.34,1200
CMEY.TO,20241105,19.63,19.63,19.63,19.63,40
CMG.TO,20250115,10.2,10.34,10.2,10.31,47021
CMGG.TO,20250115,34.06,34.42,34.06,34.35,1525
CMNY.TO,20250115,50.14,50.14,50.13,50.13,8563
CMOM.TO,20250114,26.29,26.29,26.29,26.29,500
CMR.TO,20250115,50.1,50.1,50.09,50.095,69661
CMVX.TO,20250106,30.4,30.4,30.4,30.4,1
CNAO.TO,20241231,31.16,31.27,31.16,31.19,1165
CNCC.TO,20250115,12.41,12.44,12.41,12.43,8766
CNCL.TO,20250115,20.09,20.09,20.09,20.09,200
CNDX.TO,20250115,27.83,27.92,27.79,27.83,2500
CNE.TO,20250115,3.69,3.79,3.69,3.71,7559
CNL.TO,20250115,6.35,6.44,6.29,6.41,19800
CNQ.TO,20250115,45.42,45.61,45.02,45.09,1756155
CNR.TO,20250115,145,145.63,144.145,144.59,220133
CNT.TO,20250113,0.03,0.03,0.03,0.03,251511
COG.TO,20250113,0.56,0.57,0.56,0.56,53600
COMM.TO,20250115,40.55,40.55,40.55,40.55,100
COPP.TO,20250115,32.42,32.42,32.42,32.42,830
COPR.TO,20250115,0.245,0.255,0.245,0.25,31159
CORE.TO,20250115,19.9,19.91,19.9,19.91,1000
COW.TO,20250115,66.11,66.37,66.05,66.08,1079
CP.TO,20250115,108.39,108.47,106.75,107.05,371786
CPD.TO,20250115,12.79,12.79,12.7,12.73,39012
CPH.TO,20250115,13.48,13.89,13.47,13.65,31037
CPLS.TO,20250115,17.89,17.89,17.89,17.89,527
CPX.TO,20250115,59.02,59.59,58.85,59.08,174328
CRDL.TO,20250115,1.81,1.82,1.76,1.775,20350
CRED.TO,20250109,20.24,20.24,20.24,20.24,17
CRON.TO,20250115,2.81,2.88,2.81,2.85,60075
CROP.TO,20250115,18.89,18.89,18.86,18.87,3897
CRP.TO,20250113,2.94,2.94,2.92,2.92,2300
CRRX.TO,20250115,2.17,2.18,2.17,2.18,1665
CRWN.TO,20250115,1.52,1.52,1.4,1.4,208
CS.TO,20250115,8.83,8.925,8.625,8.69,469750
CSAV.TO,20250115,50.1,50.11,50.1,50.11,18509
CSBI.TO,20250114,20.48,20.48,20.48,20.48,1400
CSCI.TO,20250115,4.52,4.52,4.01,4.09,5200
CSU.TO,20250115,4350,4365.32,4314.45,4358.1,9451
CTC.TO,20250115,225,225,224.3,224.3,212
CTS.TO,20250115,3.62,3.695,3.57,3.67,213061
CTX.TO,20250115,0.58,0.58,0.58,0.58,500
CU.TO,20250115,33.84,33.99,33.5,33.5,64091
CUBD.TO,20250114,20.32,20.32,20.32,20.32,300
CUD.TO,20250115,52.8,52.8,52.6,52.42,1410
CUDV.TO,20250115,23,23,23,23,500
CUEH.TO,20250115,23.21,23.21,23.2,23.2,401
CUEI.TO,20250115,33.71,33.71,33.61,33.61,896
CURA.TO,20250115,2,2,1.945,1.97,197756
CUTL.TO,20250106,21.18,21.18,21.18,21.18,100
CVD.TO,20250115,17.32,17.32,17.3,17.3,2286
CVE.TO,20250115,21.54,21.77,21.48,21.615,1662176
CVG.TO,20250114,70.5,70,69.07,69.07,1235
CVLU.TO,20250115,23.35,23.35,23.35,23.35,1631
CVO.TO,20250115,6.1,6.18,5.95,6.01,46948
CWB.TO,20250115,59.6,59.91,59.31,59.4,120312
CWEB.TO,20250115,0.17,0.17,0.17,0.17,1115
CWL.TO,20250115,1.27,1.27,1.2,1.24,11000
CWW.TO,20250115,57.1,57.15,56.87,56.87,627
CXB.TO,20250115,2.37,2.37,2.28,2.325,703983
CXF.TO,20250115,10.12,10.3,10.12,10.3,6301
CXI.TO,20250115,22.8,22.8,22.8,22.8,201
CYB.TO,20250115,72.44,72.8,72.44,72.57,1286
CYBR.TO,20250115,50.92,51.08,50.92,51.08,560
CYH.TO,20250115,21.52,21.62,21.52,21.62,2320
DAMG.TO,20250110,20.77,20.77,20.77,20.77,100
DANC.TO,20250115,22.59,22.59,22.59,22.59,1257
DATA.TO,20250114,27.13,27.25,27.13,27.22,66
DAY.TO,20250115,102.56,103.17,100.52,100.88,5700
DBM.TO,20250115,8.07,8.24,8.07,8.16,138962
DBO.TO,20250115,0.155,0.16,0.15,0.15,18405
DCBC.TO,20250115,20.85,20.85,20.85,20.85,416
DCBO.TO,20250115,61.2,61.75,60.82,61.25,10212
DCC.TO,20250113,18.8,18.8,18.8,18.8,1400
DCG.TO,20250114,18.19,18.19,18.19,18.19,1972
DCM.TO,20250115,2.13,2.19,2.13,2.18,19500
DCP.TO,20250114,20.03,20.03,20.03,20.03,52
DCS.TO,20250115,18.85,18.85,18.85,18.85,395
DCU.TO,20250115,17.68,17.68,17.68,17.68,1210
DF.TO,20250115,6.11,6.13,6.1,6.13,36885
DFN.TO,20250115,6.1,6.13,6.07,6.13,194344
DFY.TO,20250115,54.16,54.84,53.58,54.25,101063
DGR.TO,20250115,47.12,47.19,47.12,47.19,300
DGRC.TO,20250115,38.96,38.97,38.92,38.93,830
DGS.TO,20250115,6.5,6.64,6.5,6.64,97700
DIAM.TO,20250115,0.03,0.03,0.02,0.02,372236
DISC.TO,20250114,42.87,42.87,42.51,42.51,200
DIV.TO,20250115,2.9,2.9,2.85,2.85,131373
DIVS.TO,20250115,16.35,16.35,16.35,16.35,800
DLCG.TO,20250115,7.36,7.45,7.36,7.45,1203
DLR.TO,20250115,14.53,14.58,14.53,14.56,513770
DMEC.TO,20250115,23,23,23,23,171
DMEI.TO,20250115,20.82,20.82,20.7,20.7,703
DMEU.TO,20250115,24.4,24.53,24.4,24.53,343
DML.TO,20250115,2.8,2.83,2.75,2.8,430428
DND.TO,20250115,16.58,16.7,16.3,16.35,91304
DNG.TO,20250115,6,6.08,5.98,5.98,12936
DNTL.TO,20250115,7.89,7.96,7.695,7.78,103797
DOL.TO,20250115,137,137,134.26,134.71,252762
DOO.TO,20250115,77.42,77.6,76.01,76.215,57849
DPM.TO,20250115,14.02,14.03,13.71,13.98,269285
DR.TO,20250115,15.74,15.97,15.54,15.61,21858
DRCU.TO,20250114,18.44,18.47,18.44,18.47,757
DRFC.TO,20250115,32.58,32.58,32.58,32.58,275
DRFD.TO,20250113,23.35,23.35,23.27,23.27,385
DRFE.TO,20250115,22.9,22.9,22.87,22.87,200
DRFG.TO,20250115,31.47,31.47,31.47,31.47,101
DRFU.TO,20250114,37.76,37.81,37.76,37.81,200
DRM.TO,20250115,20.5,20.9,20.42,20.47,15549
DRMC.TO,20250115,32.18,32.18,32,32,650
DRMD.TO,20250115,25.42,25.42,25.42,25.42,101
DRME.TO,20250113,17.62,17.64,17.62,17.64,4202
DRMU.TO,20250115,45.55,45.55,45.38,45.47,300
DRT.TO,20250115,1.15,1.2,1.15,1.2,29642
DRX.TO,20250115,8.48,8.6,8.35,8.5,68454
DS.TO,20250115,6.66,6.77,6.66,6.75,1629
DSAE.TO,20250115,26.75,26.75,26.63,26.69,400
DSG.TO,20250115,162.72,165.44,162.72,164.15,43861
DSV.TO,20250115,0.99,0.99,0.96,0.97,264925
DTOL.TO,20250115,17.71,18.49,17.71,18.25,9115
DXAU.TO,20250114,25.4,25.51,25.4,25.51,500
DXB.TO,20250115,17.53,17.53,17.53,17.53,453
DXBC.TO,20250115,21.57,21.57,21.57,21.57,100
DXBU.TO,20250113,21.01,21.01,21.01,21.01,100
DXC.TO,20250115,37.78,37.79,37.69,37.69,5425
DXDB.TO,20250115,21.13,21.17,21.13,21.17,6702
DXEM.TO,20250114,12.8,12.81,12.8,12.81,4
DXET.TO,20250114,18.05,18.05,18.05,18.05,200
DXF.TO,20250110,45.5,45.5,45.5,45.5,1
DXG.TO,20250115,68.25,68.43,68.25,68.43,12765
DXGE.TO,20250114,24.5,24.5,24.5,24.5,3500
DXIF.TO,20250108,24.74,24.74,24.74,24.74,300
DXMO.TO,20250114,19.54,19.54,19.54,19.54,400
DXN.TO,20250114,21.47,21.47,21.47,21.47,600
DXO.TO,20250115,19.42,19.46,19.42,19.46,300
DXP.TO,20250115,23.42,23.51,23.42,23.51,1994
DXQ.TO,20250115,26.37,26.5,26.37,26.46,8978
DXR.TO,20250114,22.56,22.56,22.56,22.56,1675
DXRE.TO,20241224,21.43,21.43,21.43,21.43,3
DXT.TO,20250115,7.45,7.67,7.41,7.67,6255
DXU.TO,20250115,64.21,64.91,64.21,64.88,769
DXUS.TO,20250115,30.91,30.91,30.9,30.9,34796
DXV.TO,20250115,19.64,19.67,19.64,19.67,4080
DXW.TO,20250113,21.53,21.53,21.53,21.53,1331
DXZ.TO,20250115,13.85,13.85,13.85,13.85,500
DYA.TO,20250115,0.18,0.185,0.18,0.18,63500
E.TO,20250115,2.17,2.265,2.16,2.22,385399
EAGR.TO,20250115,0.53,0.53,0.51,0.52,32490
EARN.TO,20250110,48.47,48.47,48.45,48.45,1000
EBIT.TO,20250115,50.36,51.02,50.36,50.6,20288
EBNK.TO,20250115,11.62,11.62,11.62,11.62,100
ECN.TO,20250115,3.21,3.25,3.13,3.14,56464
ECO.TO,20250115,4.08,4.09,4.07,4.07,2402
ECOR.TO,20250115,1.15,1.15,1.15,1.15,2700
EDGE.TO,20250115,39.14,39.36,39.14,39.36,326
EDGF.TO,20250115,10.51,10.51,10.51,10.51,200
EDR.TO,20250115,5.27,5.32,5,5.11,363765
EDT.TO,20250115,0.53,0.53,0.5,0.51,167454
EDV.TO,20250115,26.37,26.83,25.71,26.57,338335
EFN.TO,20250115,28.38,28.56,28.25,28.505,119730
EFR.TO,20250115,7.5,7.61,7.37,7.51,165620
EFX.TO,20250115,14.87,14.89,14.41,14.5,165730
EGIF.TO,20241220,22.63,22.63,22.63,22.63,100
EGLX.TO,20250115,0.13,0.13,0.13,0.13,73187
EHE.TO,20241203,31.63,31.63,31.63,31.63,1
EIF.TO,20250115,54.6,54.85,53.5,53.87,69234
ELD.TO,20250115,22.79,22.79,20.8,21.05,407710
ELEF.TO,20250115,0.185,0.2,0.185,0.195,32839
ELF.TO,20250114,1250,1250,1204.75,1250,70
ELO.TO,20250115,0.98,0.98,0.92,0.94,20019
ELR.TO,20250115,0.145,0.15,0.145,0.15,50192
ELVA.TO,20250115,3.69,3.75,3.62,3.62,5200
EMA.TO,20250115,51.92,52.28,51.69,51.95,202237
EMAX.TO,20250115,15.77,15.77,15.64,15.72,37330
ENB.TO,20250115,63.49,64.02,63.42,63.68,1136653
ENCC.TO,20250115,11.02,11.03,10.95,10.97,324078
ENCL.TO,20250115,19.33,19.45,19.31,19.31,39542
ENGH.TO,20250115,26.27,26.83,26.27,26.72,31972
ENS.TO,20250115,14.24,14.42,14.24,14.43,35333
EPRX.TO,20250115,4.3,4.36,4.23,4.34,7100
EQB.TO,20250115,108.23,110.6,108.23,109.32,25354
EQCC.TO,20250114,20.7,20.7,20.66,20.66,5120
EQCL.TO,20250115,22.57,22.7,22.57,22.69,17999
EQL.TO,20250115,39.22,39.22,38.655,38.68,6808
EQLI.TO,20250115,21.65,21.66,21.6,21.6,4200
EQX.TO,20250115,8.68,8.69,8.42,8.46,856650
EQY.TO,20241121,22.43,22.49,22.43,22.49,1400
ERD.TO,20250115,0.59,0.6,0.58,0.59,92100
ERO.TO,20250115,20.46,20.73,19.96,20.16,144648
ESG.TO,20250115,44.43,44.56,44.4,44.56,1005
ESGA.TO,20250115,40.09,40.14,40.09,40.14,322
ESGB.TO,20250114,27.28,27.35,27.28,27.31,502
ESGC.TO,20250115,28.69,28.69,28.69,28.69,100
ESGE.TO,20250115,34.09,34.11,34.09,34.11,400
ESGF.TO,20250108,23.62,23.62,23.62,23.62,1100
ESGG.TO,20250115,50.44,50.44,50.44,50.44,109
ESGH.TO,20250109,29.82,29.83,29.82,29.83,34
ESGY.TO,20250115,59.92,59.92,59.64,59.64,713
ESI.TO,20250115,3.3,3.37,3.28,3.32,85399
ESM.TO,20250115,0.045,0.045,0.045,0.045,26000
ESP.TO,20250115,5.41,5.41,5.39,5.39,1500
ESPX.TO,20250115,25.05,25.09,25.04,25.04,1092
ET.TO,20250115,12.44,12.5,12.34,12.4,20972
ETC.TO,20250115,20.54,20.86,20.54,20.8,1642
ETG.TO,20250115,2.6,2.71,2.59,2.67,95748
ETHH.TO,20250115,13.02,13.3,12.96,13.18,79976
ETHI.TO,20250115,53.35,53.7,53.35,53.54,1293
ETHQ.TO,20250115,18.52,18.93,18.52,18.93,5470
ETHR.TO,20250115,15.93,16.31,15.87,16.26,25242
ETHY.TO,20250115,3.82,3.86,3.78,3.84,36217
ETP.TO,20250114,17.4,17.4,17.4,17.4,1800
ETSX.TO,20250115,20.95,20.95,20.95,20.95,155
EVO.TO,20250115,22.5,22.5,22.5,22.5,200
EVT.TO,20250114,168.58,168.58,168.58,168.58,100
EXE.TO,20250115,10.28,10.48,10.28,10.35,60470
EXN.TO,20250115,0.095,0.1,0.095,0.1,122288
EXRO.TO,20250115,0.125,0.125,0.12,0.125,35620
FAP.TO,20250115,2.79,2.8,2.79,2.8,3176
FAR.TO,20250115,2.35,2.42,2.21,2.25,39289
FBGO.TO,20250114,17.42,17.45,17.42,17.45,72
FBT.TO,20250113,31.66,31.66,31.66,31.66,65
FBTC.TO,20250115,46.72,47.3,46.7,46.83,33759
FC.TO,20250115,11.87,11.92,11.82,11.87,29547
FCCD.TO,20250115,29.88,29.88,29.86,29.86,4205
FCCQ.TO,20250115,37.69,37.69,37.54,37.54,800
FCCV.TO,20250115,15.25,15.25,15.18,15.18,479
FCEM.TO,20250114,10.04,10.04,9.99,9.99,3200
FCGI.TO,20250115,13.9,13.9,13.9,13.9,700
FCID.TO,20250115,26.825,26.84,26.78,26.81,800
FCII.TO,20250114,21.53,21.67,21.51,21.66,2679
FCIQ.TO,20250115,39.12,39.12,39.1,39.1,1135
FCIV.TO,20250115,33.82,33.87,33.69,33.75,4743
FCMI.TO,20250115,13.04,13.04,13.04,13.04,100
FCQH.TO,20250114,56.35,56.35,56.12,56.27,1600
FCRR.TO,20250115,44.54,44.54,44.54,44.54,100
FCSI.TO,20250102,22.16,22.16,22.16,22.16,100
FCU.TO,20241224,0.72,0.73,0.71,0.72,2536930
FCUD.TO,20250115,37.88,37.88,37.86,37.86,1602
FCUH.TO,20250107,31.87,31.87,31.72,31.72,27
FCUQ.TO,20250115,64.85,64.85,64.85,64.85,150
FCUV.TO,20250115,20.55,20.68,20.55,20.6,17954
FCVH.TO,20250113,18.07,18.2,18.07,18.2,850
FDL.TO,20250108,33.27,33.32,33.22,33.32,503
FDN.TO,20250114,28.42,28.42,28.28,28.28,217
FDY.TO,20250115,0.73,0.73,0.73,0.73,512587
FEC.TO,20250115,9.03,9.09,8.94,9.02,5159
FEME.TO,20241217,20.57,20.57,20.57,20.57,2
FETH.TO,20250115,64.25,64.25,64.25,64.25,128
FF.TO,20250115,0.12,0.12,0.115,0.12,335879
FFH.TO,20250115,1981.81,1999,1966.27,1986.14,17975
FFN.TO,20250115,7.13,7.17,7.07,7.09,694624
FGB.TO,20250115,18.38,18.38,18.38,18.38,100
FGEB.TO,20250115,10.76,10.77,10.76,10.77,8100
FGEP.TO,20250115,11.06,11.06,11,11.04,11100
FGGE.TO,20250106,25.85,25.85,25.85,25.85,67
FGO.TO,20250114,9.74,9.74,9.73,9.73,1100
FGOV.TO,20250115,20.5,20.5,20.44,20.49,1800
FGRW.TO,20250115,22.4,22.4,22.4,22.4,100
FHG.TO,20250113,56.32,56.32,56.32,56.32,700
FHH.TO,20250115,41.42,41.42,41.42,41.42,300
FHI.TO,20250115,10.8,10.8,10.7,10.7,2552
FHIS.TO,20250115,20.86,20.86,20.86,20.86,11150
FHQ.TO,20250114,102.15,102.15,101.79,101.8,300
FIE.TO,20250115,8.18,8.2,8.18,8.2,31925
FIG.TO,20250115,9.32,9.32,9.32,9.32,800
FIL.TO,20250110,32.58,32.58,32.01,32.22,73276
FINC.TO,20250114,21.48,21.48,21.48,21.48,300
FINO.TO,20250113,26.66,26.66,26.66,26.66,190
FINT.TO,20241224,26.405,26.45,26.4,26.45,70
FLCI.TO,20250115,17.92,17.92,17.83,17.83,1041
FLCP.TO,20250115,17.79,17.79,17.79,17.79,600
FLDM.TO,20241126,23.58,23.59,23.58,23.59,300
FLGA.TO,20250115,18.77,18.77,18.7,18.7,502
FLGD.TO,20241127,29.81,29.81,29.81,29.81,100
FLI.TO,20250115,11.22,11.22,11.22,11.22,100
FLNT.TO,20250115,0.025,0.03,0.025,0.03,21000
FLOW.TO,20250115,0.16,0.165,0.16,0.165,94231
FLSD.TO,20250114,19.15,19.18,19.14,19.18,10
FLUS.TO,20250114,48.42,48.49,48.35,48.49,900
FLX.TO,20250114,7,7,7,7,1
FM.TO,20250115,19.8,19.95,19.08,19.31,772710
FMAX.TO,20250115,19.69,19.69,19.54,19.66,14225
FN.TO,20250115,39.25,39.71,39.22,39.69,18375
FNV.TO,20250115,183.63,183.63,181.18,182.48,66881
FOM.TO,20250115,4.04,4.04,3.975,3.975,112210
FOOD.TO,20250115,0.43,0.44,0.43,0.43,24707
FORA.TO,20250115,10.55,10.63,10.46,10.57,31339
FOUR.TO,20250106,55.51,55.51,55.51,55.51,5
FPR.TO,20250115,23.2,23.2,23.2,23.2,100
FRU.TO,20250115,13.3,13.4,13.14,13.17,724670
FRX.TO,20250114,8.3,8.3,8.3,8.3,1003
FSB.TO,20250115,9.64,9.65,9.64,9.65,4800
FSF.TO,20250110,30.31,30.31,30.31,30.31,227
FSL.TO,20250114,16.96,16.96,16.96,16.96,60
FST.TO,20250115,56,56,56,56,100
FSV.TO,20250115,260.13,260.13,253.61,254.72,26894
FSY.TO,20250115,0.62,0.62,0.62,0.62,5805
FSZ.TO,20250115,8.45,8.45,8.35,8.4,71075
FT.TO,20250115,0.045,0.05,0.045,0.045,182500
FTG.TO,20250115,7.32,7.36,7.29,7.29,3079
FTHI.TO,20250115,10.95,10.95,10.95,10.95,2075
FTN.TO,20250115,9.25,9.42,9.21,9.35,420920
FTS.TO,20250115,58.55,58.945,58.3,58.38,185772
FTT.TO,20250115,37.76,38.36,37.55,37.78,199965
FTU.TO,20250115,0.6,0.6,0.6,0.6,1000
FURY.TO,20250115,0.53,0.54,0.53,0.53,28000
FVI.TO,20250115,6.65,6.7,6.27,6.4,314544
FVL.TO,20250115,0.81,0.82,0.79,0.79,173744
FWCP.TO,20241129,17.32,17.32,17.32,17.32,200
FXM.TO,20250115,25.84,25.84,25.72,25.72,3402
G.TO,20250115,1.05,1.1,1,1,36387
GATO.TO,20250115,21.64,21.64,20.47,20.7,2800
GAU.TO,20250115,1.76,1.77,1.64,1.66,78996
GBAL.TO,20250114,50.92,50.92,50.79,50.9,157
GBT.TO,20250115,14.22,14.22,14.22,14.22,700
GCBD.TO,20250114,18,18,18,18,100
GCFE.TO,20250114,28.82,28.82,28.82,28.82,321
GCG.TO,20250115,44.92,44.92,44.92,44.92,263
GCL.TO,20250115,0.91,0.91,0.89,0.89,171257
GCNS.TO,20250110,44.54,44.54,44.54,44.54,49
GCSC.TO,20250113,26.19,26.19,26.19,26.19,3700
GCTB.TO,20250115,50.11,50.11,50.1,50.1,305
GDC.TO,20250114,3.3,3.3,3.3,3.3,100
GDEP.TO,20250107,19.89,19.89,19.89,19.89,400
GDI.TO,20250115,36.12,36.12,35.41,35.41,305
GDL.TO,20250115,12.33,12.59,12.33,12.5,2280
GDPY.TO,20250115,20.8,20.8,20.8,20.8,200
GDV.TO,20250115,10.68,10.89,10.68,10.83,20498
GEC.TO,20250115,0.195,0.21,0.195,0.205,22162
GEI.TO,20250115,25.54,25.6,25.12,25.17,198458
GENM.TO,20250115,0.14,0.145,0.14,0.145,305000
GEO.TO,20250115,3.03,3.03,2.93,2.97,1200
GEQT.TO,20250115,64.4,64.4,64.4,64.4,570
GFL.TO,20250115,63.01,63.07,62.06,62.19,38931
GFP.TO,20250115,5.56,5.64,5.46,5.5,25792
GFR.TO,20250115,10.3,10.33,10.2,10.23,8000
GGD.TO,20250115,1.37,1.43,1.34,1.42,492499
GGRO.TO,20250115,58.03,58.03,57.7,57.7,836
GH.TO,20250115,10.55,10.59,10.53,10.59,649
GIES.TO,20241231,22.12,22.12,21.99,21.99,1100
GIGC.TO,20250109,21.49,21.49,21.49,21.49,800
GIL.TO,20250115,71.12,71.55,70.56,70.71,70673
GIQG.TO,20250108,30.16,30.16,30.16,30.16,100
GIQU.TO,20250106,32.38,32.38,32.22,32.22,200
GLCC.TO,20250115,28.01,28.03,27.56,27.75,24842
GLO.TO,20250115,0.8,0.82,0.795,0.815,178646
GLXY.TO,20250115,27.51,28.57,27.51,27.7,558749
GMIN.TO,20250115,12.7,12.865,12.29,12.65,611223
GMTN.TO,20250115,0.02,0.025,0.02,0.025,15845
GMX.TO,20250115,1.33,1.33,1.28,1.28,12010
GOLD.TO,20250115,1.13,1.14,1.13,1.14,26194
GOOS.TO,20250115,14.74,14.87,14.49,14.65,93404
GPMD.TO,20250115,10.2,10.2,10.2,10.2,300
GRA.TO,20250115,2.48,2.58,2.48,2.51,180970
GRC.TO,20250115,0.065,0.065,0.065,0.065,1000
GRCC.TO,20250113,21.78,21.78,21.78,21.78,34
GRID.TO,20250115,2,2.02,2,2.01,5596
GRN.TO,20250115,0.1,0.1,0.09,0.095,86672
GRNI.TO,20250114,27.45,27.45,27.42,27.42,35600
GSY.TO,20250115,173.44,175.85,172.55,175.25,25220
GTE.TO,20250115,11.04,11.38,11.04,11.38,17048
GTWO.TO,20250115,2.22,2.32,2.22,2.27,99182
GUD.TO,20250115,5.28,5.32,5.26,5.26,25556
GURU.TO,20250115,1.26,1.26,1.22,1.22,13994
GVC.TO,20250107,0.175,0.175,0.175,0.175,20
GWO.TO,20250115,45.73,46.14,45.69,46.03,196742
GXE.TO,20250115,0.51,0.51,0.4975,0.51,928273
H.TO,20250115,42.93,43.41,42.67,42.8,214505
HAB.TO,20250115,10.145,10.145,10.14,10.14,700
HAC.TO,20250115,31.06,31.2,31.06,31.11,2000
HAD.TO,20250115,8.97,8.97,8.97,8.97,7300
HAF.TO,20250115,7.02,7.09,6.99,7.08,36050
HAI.TO,20250115,5.15,5.35,5.15,5.35,62547
HAL.TO,20250114,21.67,21.73,21.67,21.67,9
HAZ.TO,20250115,38.64,38.64,38.64,38.64,500
HBA.TO,20250115,28.18,28.23,28.18,28.23,576
HBAL.TO,20250115,15.74,15.74,15.72,15.72,3133
HBB.TO,20250115,48.31,48.32,48.24,48.3,7006
HBD.TO,20250114,25.64,25.64,25.55,25.55,3800
HBF.TO,20250115,10.09,10.12,10.09,10.12,9765
HBGD.TO,20250115,31.18,31.18,31.18,31.18,103
HBIE.TO,20250115,23.82,23.82,23.76,23.76,382
HBIG.TO,20250114,23.64,23.64,23.64,23.64,91
HBIL.TO,20250115,15.43,15.44,15.425,15.425,5479
HBKD.TO,20250114,13.17,13.19,13.17,13.19,25
HBKU.TO,20250115,28.9,28.9,28.9,28.9,2000
HBLK.TO,20250115,19.67,19.71,19.67,19.71,312
HBM.TO,20250115,12.9,12.97,12.415,12.505,466820
HBND.TO,20250115,13.42,13.56,13.42,13.52,26901
HBNK.TO,20250115,25.02,25.14,25.02,25.14,382
HBP.TO,20250113,0.9,0.9,0.9,0.9,1000
HBU.TO,20250115,17.73,17.76,17.54,17.76,12448
HBUG.TO,20250114,24.7,24.7,24.7,24.7,105
HCA.TO,20250115,24.05,24.05,24.05,24.05,1275
HCAL.TO,20250115,24.91,25.01,24.86,24.975,16888
HCLN.TO,20250115,7.69,7.71,7.69,7.71,2701
HCON.TO,20250115,13.75,13.75,13.75,13.75,1000
HCRE.TO,20250114,25.22,25.22,25.165,25.17,900
HDGE.TO,20250114,27.26,27.26,27.26,27.26,250
HDIF.TO,20250115,8.67,8.73,8.67,8.69,55812
HDIV.TO,20250115,17.64,17.67,17.58,17.64,31516
HEB.TO,20250115,19.62,19.73,19.62,19.68,1301
HED.TO,20250115,22.84,23.02,22.64,22.97,34802
HEQL.TO,20250115,27.39,27.4,27.39,27.4,294
HEQT.TO,20250115,17.99,18.1,17.99,18.07,6010
HERO.TO,20250114,35.01,35.18,35.01,35.08,693
HEU.TO,20250115,29.28,29.7,29.28,29.55,29240
HEWB.TO,20250115,39,39,38.9,38.92,2270
HFD.TO,20250115,6.35,6.35,6.3,6.32,46855
HFG.TO,20250110,27.02,27.1,27.01,27.07,1
HFIN.TO,20250115,19.44,19.44,19.39,19.39,850
HFR.TO,20250115,10.08,10.08,10.075,10.075,4500
HFU.TO,20250115,31.08,31.32,31.08,31.21,11607
HGD.TO,20250115,26,27.4,26,27.07,20060
HGGB.TO,20241129,21.95,21.95,21.95,21.95,52
HGGG.TO,20250115,36.73,36.73,36.25,36.25,3701
HGR.TO,20250115,5.9,5.9,5.845,5.85,6927
HGRW.TO,20250115,25.05,25.05,25.05,25.05,1700
HGU.TO,20250115,23.97,23.97,22.68,23.05,182545
HGY.TO,20250115,11.51,11.51,11.45,11.5,5497
HHL.TO,20250115,7.82,7.89,7.82,7.87,101083
HHLE.TO,20250115,9.71,9.75,9.67,9.72,27693
HIG.TO,20250114,7.74,7.74,7.74,7.74,10
HIND.TO,20250114,12.09,12.09,12.09,12.09,1
HIU.TO,20250115,10.94,10.94,10.905,10.94,9980
HIX.TO,20250115,24.96,24.99,24.91,24.99,1652
HLF.TO,20250115,15.16,15.37,15.01,15.04,14102
HLIF.TO,20250115,9.45,9.46,9.45,9.45,6800
HLIT.TO,20250115,15.69,15.69,15.69,15.69,259
HLPR.TO,20250114,29.14,29.15,29.11,29.11,700
HLS.TO,20250115,3.84,3.84,3.84,3.84,200
HMAX.TO,20250115,14.5,14.56,14.5,14.54,167959
HMMJ.TO,20250115,8.65,8.86,8.65,8.68,3253
HMP.TO,20250114,9.56,9.56,9.56,9.56,100
HND.TO,20250115,8.75,8.91,8.51,8.72,1959139
HNU.TO,20250115,45.4,46.51,44.6,45.5,319708
HOD.TO,20250115,5.25,5.25,5.055,5.1,2170509
HOU.TO,20250115,14.64,15.15,14.64,15.04,426139
HPF.TO,20250115,3.25,3.25,3.235,3.24,30125
HPR.TO,20250115,9.31,9.41,9.31,9.4,20023
HPYM.TO,20250115,10.89,10.89,10.86,10.86,7912
HPYT.TO,20250115,9.53,9.61,9.53,9.58,112009
HQD.TO,20250115,10.38,10.45,10.23,10.25,511121
HQU.TO,20250115,23.81,24.16,23.7,24.13,1211981
HRAA.TO,20250114,12.18,12.18,12.15,12.15,1600
HRED.TO,20250114,15.57,15.57,15.57,15.57,50
HREU.TO,20250113,14.45,14.45,14.45,14.45,100
HRIF.TO,20250115,16.54,16.64,16.54,16.64,300
HRX.TO,20250115,31.9,31.9,31.76,31.82,48333
HSAV.TO,20250115,114.89,114.9,114.82,114.87,33979
HSD.TO,20250115,15.49,15.54,15.36,15.38,311027
HSH.TO,20250115,72.78,72.95,72.78,72.9,931
HSU.TO,20250115,25.86,26.06,25.78,26.05,298187
HTA.TO,20250115,18.73,18.87,18.73,18.85,17925
HTAE.TO,20250115,17,17.13,16.99,17.11,6527
HTB.TO,20250115,58.6,58.6,58.57,58.57,200
HTL.TO,20241202,2.24,2.25,2.24,2.24,51353
HUBL.TO,20250115,14.1,14.1,14.05,14.06,2690
HUC.TO,20250115,22.34,22.5,22.34,22.5,1825
HUG.TO,20250115,20.93,21.01,20.92,21.01,376
HULC.TO,20250115,102.41,102.66,102.41,102.66,763
HUM.TO,20250114,35.51,35.51,35.51,35.51,335
HUN.TO,20250114,8.19,8.39,8.19,8.36,102
HURA.TO,20250115,36.08,36.435,36.08,36.33,1612
HUT.TO,20250115,36,38.24,35.85,37.07,1386637
HUTE.TO,20250115,10.18,10.18,10.1,10.1,2693
HUTL.TO,20250115,17.11,17.18,17.1,17.1,5500
HUTS.TO,20250115,12.03,12.12,12,12,9326
HUV.TO,20250115,8,8,7.81,7.87,330378
HUZ.TO,20250115,13.67,13.8,13.57,13.8,5862
HWO.TO,20250114,1.13,1.13,1.11,1.11,5158
HWX.TO,20250115,7.3,7.34,7.21,7.25,381009
HXCN.TO,20250115,40.79,40.81,40.73,40.78,450
HXD.TO,20250115,23.59,23.77,23.5,23.66,196371
HXDM.TO,20250115,47.24,47.37,47.24,47.27,1990
HXE.TO,20250115,37.51,37.64,37.45,37.45,476
HXEM.TO,20250115,37.05,37.16,37.05,37.16,464
HXF.TO,20250113,82.57,82.91,82.57,82.91,69
HXH.TO,20250115,53.82,53.82,53.82,53.82,222
HXQ.TO,20250115,86.36,87.15,86.3,87.05,28612
HXS.TO,20250115,86.8,87.4,86.8,87.35,26897
HXT.TO,20250115,64.9,64.97,64.68,64.81,143618
HXU.TO,20250115,27.4,27.5,27.2,27.335,48594
HXX.TO,20250115,52.29,52.29,51.98,51.98,301
HYBR.TO,20250115,9.83,9.83,9.83,9.83,301
HYLD.TO,20250115,13.83,13.95,13.83,13.93,190002
HZD.TO,20250115,7.19,7.29,7,7.02,86768
HZU.TO,20250115,27.25,27.83,26.86,27.81,115907
IAG.TO,20250115,129.38,131.84,127.755,128.5,120937
IAU.TO,20250115,0.87,0.88,0.85,0.86,476489
ICAE.TO,20250115,22.64,22.64,22.64,22.64,118
ICCB.TO,20241104,19.92,19.92,19.92,19.92,14
ICE.TO,20250107,3.9,3.9,3.9,3.9,7
ICPB.TO,20250110,9.43,9.43,9.43,9.43,92
ICTE.TO,20250115,18.91,18.91,18.91,18.91,100
IE.TO,20250115,9.8,9.82,9.65,9.81,3125
IFA.TO,20250115,1.08,1.14,1.08,1.08,1493
IFC.TO,20250115,254.72,254.73,251.99,253.16,56961
IFP.TO,20250115,17.09,17.68,16.96,17.07,49856
IFRF.TO,20250110,8.31,8.31,8.31,8.31,43
IGAF.TO,20250110,15.39,15.39,15.39,15.39,10
IGB.TO,20250114,18.09,18.12,18.09,18.12,610
IGCF.TO,20241231,16.12,16.12,16.12,16.12,3
IGEO.TO,20250113,14.67,14.67,14.67,14.67,100
IGM.TO,20250115,44.03,44.54,44.03,44.45,82874
IIAE.TO,20250107,24.62,24.62,24.62,24.62,82
IICE.TO,20250110,22.51,22.51,22.51,22.51,629
III.TO,20250115,1.86,1.86,1.82,1.83,5909
IIMF.TO,20250115,21,21,21,21,100
IITE.TO,20250109,20.97,20.97,20.97,20.97,100
ILGB.TO,20250106,8.81,8.81,8.81,8.81,100
ILLM.TO,20250115,2.18,2.29,2.18,2.22,51318
IMG.TO,20250115,8.01,8.07,7.58,7.67,1689487
IMO.TO,20250115,96.79,98.16,96.27,97.9,245037
IMP.TO,20250115,2.16,2.31,2.16,2.28,37914
INAI.TO,20250113,28.24,28.24,28.13,28.13,6
INCM.TO,20250115,19.67,19.68,19.65,19.65,31400
INE.TO,20250115,7.66,7.84,7.66,7.73,90571
INOC.TO,20250115,15.4,15.53,15.4,15.53,1500
IPCO.TO,20250115,18.73,19.1,18.73,18.97,36619
IPO.TO,20250115,1.79,1.81,1.75,1.77,184069
IQD.TO,20250115,34.1,34.13,34.1,34.11,2825
IS.TO,20250115,14.77,14.85,14.69,14.69,9257
ISCB.TO,20250109,10.77,10.77,10.75,10.75,1985
ISO.TO,20250115,2.89,2.9,2.82,2.845,180087
ISV.TO,20241129,27.25,27.5,27.24,27.25,2648
ITH.TO,20250115,0.66,0.67,0.65,0.67,8000
IUAE.TO,20250114,23.5,23.58,23.5,23.58,200
IUCE.TO,20250110,24.7,24.7,24.7,24.7,433
IUMF.TO,20250114,23.39,23.39,23.39,23.39,400
IUTE.TO,20250110,26.17,26.17,26.12,26.12,221
IVN.TO,20250115,17.21,17.47,16.55,16.61,473598
IVQ.TO,20250115,0.12,0.12,0.12,0.12,15651
IWBE.TO,20250114,17.57,17.57,17.57,17.57,400
IWEB.TO,20241021,10.82,10.82,10.82,10.82,18
IXTE.TO,20250114,22.08,22.08,22.03,22.03,200
JAG.TO,20250115,2.4,2.4,2.33,2.4,76725
JAPN.TO,20250115,48.98,48.98,48.98,48.98,1600
JEPI.TO,20250115,26.2,26.3,26.2,26.28,1061
JEPQ.TO,20250115,27.42,27.73,27.42,27.715,35256
JOY.TO,20250115,2.17,2.2,2.14,2.15,84244
JWEL.TO,20250115,34.39,34.86,34.39,34.49,12017
K.TO,20250115,15.45,15.48,15,15.245,1701890
KBL.TO,20250115,35.95,36.195,35.95,35.97,504
KEC.TO,20250115,17.04,17.04,16.86,16.86,3600
KEI.TO,20250115,8.92,9.03,8.75,8.92,15413
KEL.TO,20250115,7.33,7.38,7.26,7.29,101770
KEY.TO,20250115,43.11,43.25,42.35,42.39,318941
KILO.TO,20250115,39.62,39.62,39.49,39.53,1462
KITS.TO,20250115,7.6,7.72,7.6,7.69,23927
KLS.TO,20250115,0.16,0.16,0.16,0.16,3608
KNGC.TO,20250115,10.95,10.95,10.95,10.95,240
KNGU.TO,20250114,11.01,11.01,11.01,11.01,37
KNGX.TO,20250115,9.49,9.49,9.49,9.49,272
KNT.TO,20250115,10.13,10.13,9.7,9.81,123863
KPT.TO,20250115,7.98,8.07,7.98,8.05,14343
KRN.TO,20250109,0.105,0.105,0.105,0.105,50
KSI.TO,20250115,6.29,6.47,6.25,6.43,77937
KXS.TO,20250115,172.63,173.98,172.01,173.36,17880
L.TO,20250115,177.61,178.64,176.12,177.76,131566
LAAC.TO,20250115,4.28,4.35,4.25,4.28,86466
LABS.TO,20250115,0.065,0.07,0.065,0.065,156395
LAC.TO,20250115,4.76,4.86,4.69,4.82,437853
LAM.TO,20250115,0.62,0.62,0.595,0.6,91820
LB.TO,20250115,28.71,29.69,28.62,29.2,192055
LBS.TO,20250115,8.5,8.65,8.48,8.65,80483
LCFS.TO,20250115,0.82,0.82,0.78,0.78,8503
LCS.TO,20250115,7.63,7.8,7.63,7.75,25128
LEAD.TO,20250113,21.9,21.98,21.9,21.93,1386
LEV.TO,20241216,0.355,0.41,0.34,0.345,2863397
LFE.TO,20250115,5.65,5.8,5.65,5.8,37380
LGD.TO,20250115,0.28,0.285,0.28,0.285,36283
LGO.TO,20250115,2.44,2.49,2.41,2.49,5300
LIF.TO,20250115,29.9,30.02,29.8,29.92,144510
LIFE.TO,20250115,19.62,19.82,19.62,19.68,6200
LIRC.TO,20250115,6.1,6.11,5.92,6.05,3490
LLHE.TO,20250115,9.33,9.42,9.16,9.31,107027
LLYH.TO,20250115,10.27,10.27,9.97,10.09,7787
LMAX.TO,20250115,15.37,15.41,15.36,15.4,19103
LN.TO,20250115,0.58,0.58,0.57,0.58,20600
LNF.TO,20250115,24.78,25.15,24.54,24.63,17736
LNR.TO,20250115,55.38,56.78,55.35,56.6,73723
LONG.TO,20241231,38.6,38.6,38.6,38.6,5
LPAY.TO,20250115,26.03,26.16,26.03,26.16,1739
LSPD.TO,20250115,21.68,21.75,21.15,21.26,151375
LSPK.TO,20250115,0.335,0.34,0.3,0.34,22000
LUC.TO,20250115,0.425,0.425,0.41,0.41,95630
LUG.TO,20250115,34.67,34.82,33.34,33.71,158151
LUN.TO,20250115,12.49,12.62,12.195,12.345,1969095
LYCT.TO,20250114,10.36,10.36,10.36,10.36,300
LYFR.TO,20250114,10.2,10.2,10.14,10.14,423
MAG.TO,20250115,21.45,21.64,20.86,21.585,136296
MAL.TO,20250115,10.25,10.25,10.06,10.06,3797
MARI.TO,20250115,5.35,5.36,5.35,5.35,4286
MATR.TO,20250115,12.62,12.98,12.57,12.9,110533
MBAL.TO,20250115,25.25,25.25,25.25,25.25,100
MBX.TO,20250115,0.42,0.43,0.42,0.43,142153
MCAD.TO,20250115,100.15,100.15,100.15,100.15,278
MCB.TO,20250115,2.66,2.8,2.64,2.665,209075
MCLC.TO,20250115,41.57,41.57,41.57,41.57,100
MCLV.TO,20250115,22.36,22.36,22.31,22.36,3292
MCON.TO,20250114,21.88,21.9,21.88,21.9,10
MCSB.TO,20250110,19.71,19.71,19.71,19.71,15
MCSM.TO,20250115,41.99,41.99,41.99,41.99,288
MDA.TO,20250115,27.74,28,27.12,27.34,163978
MDI.TO,20250115,8.66,8.67,8.57,8.63,23751
MDIV.TO,20250115,19.37,19.37,19.37,19.37,903
MDNA.TO,20250115,1.3,1.36,1.3,1.32,77265
MDP.TO,20250115,4.49,4.6,4.2,4.49,76911
MDVD.TO,20250113,26.24,26.24,26.24,26.24,4
MEE.TO,20240927,26.18,26.32,26.14,26.16,12400
MEG.TO,20250115,23.8,24.26,23.65,23.86,838428
MEQ.TO,20250115,194.82,199.07,192.41,199.07,24195
MEQT.TO,20250115,25.51,25.51,25.5,25.5,549
MFC.TO,20250115,43.35,43.935,43.32,43.92,969234
MFI.TO,20250115,21.56,21.95,21.56,21.57,67644
MFT.TO,20250115,17.05,17.05,17,17.03,9909
MG.TO,20250115,59.03,59.58,58.22,58.85,221234
MGA.TO,20250115,0.325,0.3325,0.325,0.33,98005
MGAB.TO,20250108,16.84,16.84,16.84,16.84,700
MGB.TO,20250115,16.14,16.14,16.14,16.14,734
MGDV.TO,20250115,22.2,22.24,22.2,22.24,2535
MGQE.TO,20250115,22.94,22.96,22.93,22.96,3056
MGRW.TO,20250114,28.52,28.56,28.49,28.49,53
MHCD.TO,20250114,11.69,11.69,11.49,11.49,44
MIN.TO,20241113,0.135,0.145,0.135,0.14,108470
MINF.TO,20250115,9.9,9.9,9.9,9.9,1000
MINN.TO,20250114,23.36,23.36,23.11,23.12,37
MINT.TO,20250114,37.56,37.56,37.56,37.56,52
MIQE.TO,20250115,20.78,20.81,20.76,20.76,800
MIVG.TO,20250114,35.49,35.49,35.49,35.49,600
MKB.TO,20250115,19.05,19.1,19.05,19.08,3870
MKP.TO,20250115,17.81,18.09,17.81,18.05,14327
MND.TO,20250115,4.26,4.29,4.17,4.29,30321
MNO.TO,20250115,0.39,0.39,0.39,0.39,26500
MNS.TO,20250114,23.9,25.09,23.9,24.6,82
MNT.TO,20250115,40.1,40.3,40.1,40.1,7198
MNXT.TO,20250114,21.62,21.64,21.6,21.6,300
MNY.TO,20250115,100.17,100.17,100.165,100.17,3171
MOGO.TO,20250115,1.76,1.76,1.73,1.73,8395
MORE.TO,20250114,21.83,21.83,21.83,21.83,200
MPAY.TO,20250115,26.91,26.91,26.91,26.91,2000
MPC.TO,20250109,4.8,4.96,4.8,4.96,300
MPVD.TO,20250114,0.095,0.105,0.095,0.1,359
MPY.TO,20250110,9.95,9.95,9.95,9.95,64
MRC.TO,20250115,111.5,112.5,111.5,112,797
MRD.TO,20250115,12.42,12.5,12.42,12.49,5157
MRE.TO,20250115,8.88,9.12,8.88,9.06,98177
MREL.TO,20250115,11.92,11.92,11.87,11.89,3374
MRU.TO,20250115,90,90.32,89.21,89.26,93563
MSA.TO,20250115,1.57,1.58,1.53,1.57,33882
MSCL.TO,20250115,0.83,0.83,0.82,0.83,5720
MSFH.TO,20250114,12.12,12.12,11.925,12.01,5
MSHE.TO,20250115,12.13,12.22,12.13,12.19,12400
MSV.TO,20250114,0.185,0.195,0.185,0.195,5500
MTAV.TO,20250115,29.53,29.53,29.53,29.53,304
MTL.TO,20250115,15.08,15.17,15,15.12,145041
MTY.TO,20250115,44.38,45.1,44.38,45.01,23705
MUB.TO,20250115,18.28,18.28,18.24,18.26,8343
MULC.TO,20250115,53.02,53.02,53.02,53.02,100
MULV.TO,20250115,22.63,22.63,22.61,22.62,1518
MUMC.TO,20250110,44.27,44.3,44.27,44.3,1400
MUS.TO,20240927,37.91,37.91,37.91,37.91,201
MUSA.TO,20250115,22.83,22.83,22.83,22.83,100
MUSC.TO,20250102,34.2,34.28,34.2,34.28,1000
MUX.TO,20250115,12.2,12.2,11.77,11.93,4125
MWD.TO,20240927,29.23,29.23,29.23,29.23,301
MWLV.TO,20250115,23.38,23.38,23.38,23.38,1200
MX.TO,20250115,71.43,72.65,71.43,72.12,67942
MXG.TO,20250115,6.09,6.09,5.86,5.89,3552
MXU.TO,20240927,23.7,23.7,23.7,23.7,270
NA.TO,20250115,133.15,133.36,132.11,132.73,234377
NALT.TO,20250115,22.67,22.67,22.67,22.67,428
NANO.TO,20250115,0.93,0.93,0.92,0.92,29456
NCF.TO,20250115,0.035,0.035,0.035,0.035,20001
NCP.TO,20241220,0.51,0.54,0.51,0.54,1100
NDIV.TO,20250113,33.32,33.32,33.32,33.32,116
NDM.TO,20250115,0.93,0.94,0.92,0.94,29468
NEO.TO,20250115,7.76,7.89,7.7,7.78,9488
NEXT.TO,20250115,0.8,0.82,0.79,0.81,24114
NFAM.TO,20241126,33.3,33.3,33.3,33.3,2415
NFI.TO,20250115,14.03,14.13,13.58,13.6,87300
NG.TO,20250115,4.82,4.84,4.73,4.755,92967
NGD.TO,20250115,4.02,4.04,3.86,3.9,594868
NGEX.TO,20250115,14.6,14.75,14.43,14.65,156614
NGPE.TO,20250115,52.09,52.39,52.09,52.39,500
NGT.TO,20250115,58.1,58.9,57.81,58.89,118245
NHYB.TO,20250115,21.62,21.62,21.62,21.62,400
NINT.TO,20250113,25.59,25.59,25.59,25.59,100
NOA.TO,20250115,30,30.24,29.88,30.215,18575
NPI.TO,20250115,18.42,18.54,18.11,18.11,295212
NPK.TO,20250115,0.74,0.76,0.73,0.74,47011
NPRF.TO,20250115,24.29,24.34,24.28,24.31,16100
NPS.TO,20250115,13.48,13.85,13.48,13.85,1144
NREA.TO,20250115,23.01,23.01,23,23,274
NSCB.TO,20250114,22.24,22.24,22.24,22.24,300
NSCC.TO,20250114,22.19,22.25,22.19,22.25,1100
NSCE.TO,20250115,42.9,42.9,42.9,42.9,808
NSGE.TO,20250114,41.15,41.15,41.15,41.15,100
NSSB.TO,20250109,10.14,10.14,10.14,10.14,1
NTR.TO,20250115,74.44,75.65,74.44,74.78,1357435
NUAG.TO,20250115,1.69,1.72,1.66,1.71,10866
NUBF.TO,20250114,20.84,20.84,20.79,20.79,26900
NUMI.TO,20250115,0.045,0.045,0.04,0.04,296100
NUSA.TO,20250115,46.14,46.14,45.95,45.95,488
NVA.TO,20250115,13.72,13.89,13.67,13.75,215288
NVDH.TO,20250115,12.13,12.13,12.07,12.13,2272
NVEI.TO,20241118,47.74,47.87,47.58,47.61,133188
NVHE.TO,20250115,11.86,12.05,11.64,12.035,114090
NVO.TO,20250114,0.09,0.09,0.09,0.09,9600
NWC.TO,20250115,46.06,46.74,45.97,46.33,61813
NXE.TO,20250115,9.81,10,9.61,9.9,969190
NXF.TO,20250115,5.65,5.66,5.635,5.65,135696
NXTG.TO,20250114,11.83,11.83,11.83,11.83,200
OBE.TO,20250115,8.64,8.64,8.36,8.38,109595
OGC.TO,20250115,4.12,4.13,3.945,3.995,376940
OGD.TO,20250115,0.82,0.82,0.82,0.82,14500
OGI.TO,20250115,2.2,2.26,2.19,2.2,196953
OLA.TO,20250115,8.26,8.33,8.065,8.33,224543
OLY.TO,20250115,106.25,108.92,106.25,108.92,2386
ONC.TO,20250115,1.16,1.16,1.085,1.135,369180
ONEB.TO,20250113,48.9,48.9,48.9,48.9,100
ONEC.TO,20250114,23.13,23.15,23.13,23.15,610
ONEQ.TO,20250114,42.95,43.08,42.95,43.08,295
ONEX.TO,20250115,111.86,113.11,111.05,111.49,24285
OPT.TO,20250115,6.98,7,6.53,6.53,617
OR.TO,20250115,27.18,27.18,26.08,26.79,478085
ORA.TO,20250115,18.59,18.59,18.17,18.29,3788
ORE.TO,20250115,0.69,0.7,0.685,0.7,88548
ORV.TO,20250115,0.285,0.29,0.285,0.29,31500
OTEX.TO,20250115,40.14,40.82,40.06,40.39,182373
OVV.TO,20250115,65.02,65.49,64.59,65.39,70165
PAAS.TO,20250115,31.29,31.35,29.99,30.45,363360
PABF.TO,20250115,22.84,22.84,22.84,22.84,300
PACF.TO,20250114,22.42,22.46,22.42,22.45,19200
PAGF.TO,20250115,24.12,24.12,24.12,24.12,1400
PAY.TO,20250115,3.91,3.92,3.89,3.9,321521
PAYF.TO,20250115,18.88,18.88,18.88,18.88,203
PAYS.TO,20250115,19.49,19.51,19.485,19.485,6428
PBD.TO,20250110,16.54,16.55,16.51,16.55,1900
PBH.TO,20250115,78.53,80.27,78.45,79.83,45019
PBI.TO,20250115,46.4,46.56,46.4,46.56,200
PBL.TO,20250115,25.57,26.54,25.57,26.36,5718
PCON.TO,20241113,18.4,18.4,18.4,18.4,90
PCOR.TO,20250115,17.92,17.92,17.92,17.92,1200
PD.TO,20250115,94.4,94.6,92.78,94.5,66126
PDC.TO,20250115,34.16,34.18,34.13,34.14,1314
PDF.TO,20250115,33.18,33.2,33.18,33.2,200
PDIV.TO,20250115,9.32,9.32,9.29,9.3,3881
PDV.TO,20250115,8,8.01,8,8.01,700
PEA.TO,20250115,0.275,0.285,0.27,0.285,69215
PET.TO,20250115,26.4,27.13,25.91,26.28,26984
PEY.TO,20250115,17.1,17.29,17.01,17.06,418300
PFAA.TO,20250115,11.88,11.89,11.85,11.89,17534
PFAE.TO,20250114,20.92,20.92,20.92,20.92,351
PFCB.TO,20250115,10.49,10.51,10.49,10.51,1600
PFIA.TO,20250115,10.03,10.03,10.02,10.03,13979
PFL.TO,20250115,19.5,19.5,19.48,19.48,10089
PFLS.TO,20250115,18.74,18.81,18.71,18.71,4000
PFMN.TO,20250115,15.6,15.6,15.5,15.57,35801
PFMS.TO,20250115,13.14,13.14,13.14,13.14,100
PFSS.TO,20250114,9.51,9.51,9.51,9.51,300
PGIC.TO,20250115,6.95,6.95,6.87,6.94,4922
PHR.TO,20250106,19.04,19.1,19.04,19.1,20
PHW.TO,20241122,19.16,19.16,19.15,19.15,1000
PHX.TO,20250115,9.47,9.62,9.47,9.61,21306
PHYS.TO,20250115,29.72,29.8,29.57,29.8,19147
PID.TO,20250114,23.04,23.11,23.01,23.11,3900
PIF.TO,20250115,13.11,13.15,12.99,13.04,10001
PIN.TO,20250115,17.65,17.65,17.65,17.65,100
PINC.TO,20250115,18.29,18.29,18.29,18.29,185
PINV.TO,20241218,24.86,24.86,24.86,24.86,100
PKI.TO,20250115,34.01,34.31,33.91,34.22,115143
PLDI.TO,20250113,18.48,18.48,18.48,18.48,700
PLV.TO,20250114,24.59,24.59,24.59,24.59,100
PME.TO,20250115,2.41,2.45,2.41,2.45,1316
PMET.TO,20250115,3.64,3.71,3.61,3.65,97841
PMIF.TO,20250115,17.74,17.74,17.69,17.71,17421
PMM.TO,20250115,24.52,24.52,24.52,24.52,200
PMNT.TO,20250114,19.04,19.07,19.04,19.07,3872
PNE.TO,20250115,0.95,0.95,0.93,0.94,29013
PNP.TO,20250115,11.23,12.03,11.16,11.74,5257
POU.TO,20250115,30.5,30.63,30.23,30.39,324996
POW.TO,20250115,42.19,42.54,42.13,42.51,422583
PPL.TO,20250115,53.31,53.59,52.93,53.04,514535
PPLN.TO,20250115,11.83,11.83,11.82,11.82,399
PPR.TO,20250115,0.055,0.055,0.05,0.055,20000
PPTA.TO,20250115,16.47,16.63,16.01,16.09,28266
PR.TO,20250115,9.89,9.89,9.88,9.88,900
PRA.TO,20250115,29.83,29.83,29.7,29.7,800
PRB.TO,20250115,1.87,1.87,1.8,1.87,43180
PREF.TO,20250115,10.71,10.72,10.71,10.71,2911
PRL.TO,20250115,35.04,35.15,34.14,34.68,87003
PRM.TO,20250114,13.4,13.4,13.3,13.3,670
PRMW.TO,20241112,35.99,37.43,35.91,37.4,310478
PRN.TO,20250115,10.28,10.57,10.27,10.47,2150
PRQ.TO,20250115,1.46,1.46,1.42,1.43,25294
PRU.TO,20250115,2.43,2.445,2.42,2.445,23884
PRYM.TO,20250115,1.39,1.48,1.38,1.47,418770
PSA.TO,20250115,50.07,50.08,50.07,50.07,131061
PSB.TO,20250115,17.78,17.78,17.77,17.78,2700
PSD.TO,20250115,2.4,2.53,2.4,2.48,5040
PSI.TO,20250115,14.58,14.75,14.47,14.65,35622
PSK.TO,20250115,27.76,28.21,27.755,28.115,99479
PSLV.TO,20250115,14.56,14.73,14.47,14.7,130354
PTM.TO,20250115,1.83,1.85,1.82,1.85,2501
PWI.TO,20250115,8.99,9.17,8.96,9.09,9259
PXC.TO,20250115,42.23,42.36,42.23,42.36,553
PXS.TO,20250114,50.45,50.45,50.45,50.45,56
PXT.TO,20250115,15.16,15.3,14.785,15,551194
PYF.TO,20250115,17.4,17.4,17.325,17.325,1150
PYR.TO,20250115,0.59,0.6,0.58,0.58,85757
PZA.TO,20250115,12.91,12.95,12.8,12.87,23946
PZW.TO,20250108,35.69,35.69,35.69,35.69,4
QAH.TO,20250114,191.75,192.25,191.75,192.19,355
QASH.TO,20250115,50.43,50.43,50.43,50.43,100
QBB.TO,20250115,92.555,92.59,92.555,92.59,300
QBTC.TO,20250115,138.5,140.7,138.5,139.32,9408
QBTL.TO,20250115,18.82,18.9,18.82,18.89,800
QCE.TO,20250115,150.57,150.57,150.23,150.56,8400
QCLN.TO,20250114,16.07,16.07,16.07,16.07,302
QCN.TO,20250115,151.4,151.4,150.89,151.2,2834
QDX.TO,20250115,118.87,119.34,118.87,119.34,1156
QDXB.TO,20250114,88.06,88.06,88.02,88.02,300
QDXH.TO,20250114,133.07,133.07,132.44,132.44,282
QEBH.TO,20250114,76.48,76.48,76.48,76.48,100
QEBL.TO,20250114,74.9,74.9,74.9,74.9,10
QEC.TO,20250113,0.22,0.24,0.22,0.24,23
QEE.TO,20250115,94.52,94.52,94.52,94.52,304
QHY.TO,20250115,82.36,82.36,82.36,82.36,100
QIE.TO,20250115,32.21,32.21,32.21,32.21,600
QINF.TO,20250115,140.27,140.27,140.27,140.27,129
QIPT.TO,20250115,4.44,4.45,4.31,4.33,3450
QLB.TO,20250109,102.2,102.2,102.2,102.2,100
QMAX.TO,20250115,21.83,22.11,21.83,22.11,25472
QQC.TO,20250115,35.88,36.15,35.81,36.11,79893
QQCC.TO,20250115,12.9,13.19,12.9,13.19,27182
QQCE.TO,20250115,30.25,30.42,30.25,30.42,1502
QQCI.TO,20250115,22.46,22.59,22.46,22.52,3700
QQCL.TO,20250115,25.23,25.42,25.2,25.36,5077
QQEQ.TO,20250115,28.5,28.6,28.49,28.49,400
QQJE.TO,20250109,21.22,21.22,21.22,21.22,110
QQJR.TO,20250110,23.2,23.25,23.19,23.25,9
QQQL.TO,20250115,24.52,24.52,24.52,24.52,162
QQQT.TO,20250115,30.92,31.04,30.91,30.91,1050
QQQX.TO,20250115,33.19,33.25,33.19,33.25,608
QQQY.TO,20250115,25.83,26.03,25.81,26.01,10460
QRC.TO,20250115,6.86,6.95,6.4,6.44,12934
QRET.TO,20250115,111.21,111.21,111.21,111.21,100
QSB.TO,20250115,98.8,98.8,98.8,98.8,600
QSR.TO,20250115,88.18,89.5,86.33,86.57,111433
QTLT.TO,20250113,99.42,99.42,99.42,99.42,600
QTRH.TO,20250115,1.64,1.65,1.62,1.63,18047
QUB.TO,20250115,79.79,79.79,79.79,79.79,100
QUIG.TO,20250108,83.73,83.73,83.73,83.73,1
QUS.TO,20250115,61.07,61.07,61.07,61.07,150
QUU.TO,20250115,245.01,245.01,244.56,244.96,567
QXM.TO,20250115,30.74,30.74,30.69,30.69,500
RAAA.TO,20250114,9.99,9.99,9.99,9.99,601
RATE.TO,20250114,21.15,21.15,21.15,21.15,6400
RBA.TO,20250115,129.58,129.8,128.12,128.58,52878
RBNK.TO,20250115,28.22,28.29,28.16,28.23,8337
RBO.TO,20250115,18.61,18.61,18.61,18.61,129
RBOT.TO,20250114,30.19,30.19,29.83,29.83,464
RBY.TO,20250115,2.25,2.25,2.11,2.16,5970
RCD.TO,20250115,29.19,29.19,29.19,29.19,116
RCDC.TO,20250115,21.35,21.35,21.35,21.35,201
RCG.TO,20250115,7.47,7.87,7.47,7.8,11565
RCH.TO,20250115,37.45,38.39,37.45,37.72,17284
RDBH.TO,20250115,20.35,20.35,20.35,20.35,5300
REAL.TO,20250115,6.56,6.735,6.56,6.71,7440
RGQN.TO,20250115,20.56,20.56,20.56,20.56,2382
RGQO.TO,20250114,20.6,20.6,20.58,20.58,1325
RGQP.TO,20250114,20.34,20.34,20.34,20.34,1000
RGQQ.TO,20250113,20.12,20.12,20.12,20.12,2400
RGQR.TO,20250114,19.96,19.98,19.96,19.98,1600
RGQS.TO,20250115,20.98,20.98,20.98,20.98,2300
RID.TO,20250114,26.21,26.21,26.21,26.21,1
RIDH.TO,20250114,28.78,28.78,28.78,28.78,1
RIFI.TO,20250115,17.79,17.79,17.79,17.79,600
RIGE.TO,20241209,22.93,22.93,22.93,22.93,1
RIIN.TO,20250114,20.67,20.87,20.67,20.8,8550
RIRA.TO,20250115,18.16,18.16,18.11,18.11,2705
RIT.TO,20250115,15.38,15.54,15.38,15.44,17441
RLB.TO,20250115,18.65,18.65,18.65,18.65,101
RMAX.TO,20250115,16.72,16.79,16.54,16.54,2985
ROOT.TO,20250115,2.24,2.24,2.2,2.2,6705
RPD.TO,20250114,25.3,25.3,25.3,25.3,8
RPDH.TO,20250115,26.33,26.4,26.33,26.4,1500
RPF.TO,20250115,22.05,22.05,22.02,22.05,777
RPSB.TO,20250115,19.89,19.89,19.89,19.89,300
RQN.TO,20250115,20.51,20.53,20.51,20.53,6184
RQO.TO,20250115,18.73,18.74,18.72,18.74,5433
RQP.TO,20250115,18.235,18.26,18.23,18.26,1101
RQQ.TO,20250115,21.87,21.89,21.85,21.89,3457
RQR.TO,20250115,21.77,21.78,21.75,21.77,4101
RQS.TO,20250115,21.06,21.09,21.06,21.09,7900
RS.TO,20250115,11.02,11.06,10.95,10.99,37529
RSI.TO,20250115,5.75,5.78,5.68,5.7,106332
RTG.TO,20250114,0.025,0.025,0.025,0.025,41000
RUBH.TO,20250115,20.9,20.97,20.9,20.97,1040
RUBY.TO,20250115,26.47,26.47,26.43,26.43,250
RUD.TO,20250115,25.66,25.8,25.66,25.78,4907
RUDB.TO,20250115,21.95,21.95,21.95,21.95,301
RUDC.TO,20250113,22.53,22.53,22.53,22.53,29
RUDH.TO,20250115,25.31,25.31,25.31,25.31,300
RUP.TO,20250115,4.01,4.14,4.01,4.14,5980
RUQN.TO,20250113,21.43,21.43,21.43,21.43,1222
RUQO.TO,20250113,21.59,21.59,21.59,21.59,231
RUQP.TO,20241230,21.65,21.65,21.65,21.65,100
RUQQ.TO,20250114,21.45,21.45,21.45,21.45,300
RUQR.TO,20250106,21.5,21.5,21.5,21.5,92
RUQS.TO,20250115,21.61,21.61,21.61,21.61,400
RUS.TO,20250115,39.96,40.73,39.96,40.35,58296
RUSB.TO,20250108,22.07,22.07,22.07,22.07,100
RVX.TO,20250115,0.055,0.06,0.055,0.055,16201
RXD.TO,20250115,21.4,21.42,21.4,21.42,275
RY.TO,20250115,171.35,171.83,170.67,171.53,753063
S.TO,20250115,0.16,0.16,0.155,0.155,50510
SAM.TO,20250113,0.135,0.135,0.125,0.13,384
SAP.TO,20250115,23.22,23.38,22.895,23.095,467146
SAU.TO,20250115,0.08,0.08,0.08,0.08,35000
SBC.TO,20250115,9.94,10.1,9.82,9.92,33596
SBI.TO,20250115,2.3,2.3,2.27,2.28,2961
SBT.TO,20250113,15.6,15.6,15.6,15.6,10
SCR.TO,20250115,30.37,30.37,29.75,29.97,10780
SCY.TO,20250115,0.025,0.025,0.025,0.025,210000
SDE.TO,20250115,3.97,4,3.92,3.965,430376
SEA.TO,20250115,17.54,17.55,16.97,17.235,37322
SEC.TO,20250114,382.5,382.5,382.49,382.5,1100
SES.TO,20250115,15.68,16.05,15.68,15.99,291072
SFC.TO,20250115,6.33,6.5,6.33,6.5,15634
SFD.TO,20250115,0.17,0.22,0.17,0.22,64522
SFI.TO,20250115,0.28,0.28,0.28,0.28,10000
SFTC.TO,20250115,24.27,24.31,24.27,24.28,31777
SGLD.TO,20250115,0.18,0.185,0.18,0.185,44000
SGNL.TO,20241216,0.09,0.09,0.085,0.085,46747
SGY.TO,20250115,6.15,6.18,6.06,6.09,456175
SHLE.TO,20250115,14.9,15.5,14.32,15.34,38765
SHOP.TO,20250115,149.47,149.67,147.5,149.06,661722
SIA.TO,20250115,14.74,14.9,14.685,14.83,89107
SII.TO,20250115,59.72,59.72,58.73,59.57,15411
SIL.TO,20250115,14.89,14.96,14.37,14.59,77869
SIS.TO,20250115,19.5,19.5,19.04,19.355,74373
SJ.TO,20250115,66.74,69.45,66.17,69.28,281788
SKE.TO,20250115,14.21,14.21,13.45,13.52,165575
SKYY.TO,20250115,30.57,30.57,30.55,30.55,200
SLF.TO,20250115,84.93,85.35,83.95,84.55,549087
SLR.TO,20250115,0.91,0.91,0.91,0.91,500
SLS.TO,20250115,4.87,5.11,4.79,5.1,116452
SMAX.TO,20250115,20.09,20.23,20.09,20.22,28773
SMC.TO,20250108,0.015,0.015,0.015,0.015,1
SMT.TO,20250115,0.89,0.9,0.87,0.89,75397
SOBO.TO,20250115,33.46,33.86,32.78,33.03,417032
SOIL.TO,20250115,2.23,2.26,2.2,2.22,89763
SOLG.TO,20250115,0.125,0.135,0.125,0.13,64000
SOY.TO,20250115,10.5,10.8,10.5,10.76,6050
SPAY.TO,20250115,27.58,27.61,27.54,27.58,3921
SPB.TO,20250115,6.19,6.25,6.095,6.14,481011
SPLT.TO,20250115,11.08,11.08,11.06,11.07,65669
SPPP.TO,20250115,13.33,13.39,13.33,13.37,4062
SSL.TO,20250115,8.25,8.29,8.12,8.2,125947
SSRM.TO,20250115,10.81,10.81,10.37,10.55,143711
STC.TO,20250115,10.12,10.33,10.09,10.33,41438
STCK.TO,20250115,11.35,11.35,11.01,11.18,1357
STEP.TO,20250115,4.64,4.68,4.62,4.65,29004
STGO.TO,20250115,0.6,0.61,0.59,0.6,298575
STLR.TO,20250115,0.79,0.79,0.78,0.78,38720
STN.TO,20250115,112.16,112.6,111.15,111.15,94959
STPL.TO,20250114,22.43,22.44,22.36,22.44,45
SU.TO,20250115,57.35,57.75,57.07,57.43,1339323
SVA.TO,20250115,0.23,0.23,0.215,0.215,231808
SVB.TO,20250115,0.12,0.12,0.12,0.12,5719
SVI.TO,20250115,4,4.04,3.945,3.99,104212
SVM.TO,20250115,4.6,4.6,4.405,4.535,282806
SVR.TO,20250115,14.49,14.61,14.4,14.57,10658
SWP.TO,20250115,3.59,3.61,3.35,3.61,10510
SXI.TO,20250107,1.66,1.7,1.62,1.66,3400
SXP.TO,20250115,3.71,3.85,3.7,3.71,63907
SYLD.TO,20250115,19.16,19.16,19.16,19.16,583
SYZ.TO,20250115,8.63,8.63,8.45,8.52,4032
T.TO,20250115,19.81,19.96,19.69,19.74,2879641
TA.TO,20250115,18.88,19.07,18.75,18.81,371883
TAL.TO,20250115,0.71,0.72,0.7,0.715,270657
TBAL.TO,20250115,19.01,19.01,18.92,18.94,12418
TBCE.TO,20250115,25.52,25.53,25.52,25.53,1700
TBCF.TO,20250115,25.72,25.75,25.72,25.75,21700
TBCG.TO,20250115,25.82,25.86,25.82,25.86,27800
TBIL.TO,20250115,50.13,50.13,50.07,50.07,10565
TBL.TO,20250114,3.88,4.05,3.85,3.85,35
TBNK.TO,20250115,30.07,30.08,30.02,30.08,2100
TC.TO,20250115,23.49,24.11,23.49,23.81,1800
TCBN.TO,20250110,40.06,40.06,40.06,40.06,300
TCLB.TO,20250115,115.91,115.98,115.69,115.86,2600
TCLV.TO,20250115,21.32,21.34,21.32,21.34,200
TCON.TO,20250115,15.26,15.36,15.26,15.35,5608
TCS.TO,20250115,43.52,44.5,43.52,44.5,7057
TCSB.TO,20250115,14.66,14.67,14.66,14.67,6500
TCSH.TO,20250115,50.11,50.11,50.1,50.11,8743
TCW.TO,20250115,5.28,5.36,5.28,5.34,137506
TD.TO,20250115,79.06,79.6,78.9,79.56,5692485
TDB.TO,20250115,12.92,12.93,12.9,12.93,36144
TDOC.TO,20250115,18.55,18.65,18.55,18.65,5600
TEC.TO,20250115,45.56,46.13,45.56,46.12,37665
TECH.TO,20250115,17.43,17.54,17.36,17.54,18938
TECI.TO,20250115,9.41,9.41,9.33,9.33,430
TECX.TO,20250115,29.81,29.81,29.8,29.8,2940
TERM.TO,20250115,9.68,9.68,9.655,9.67,103328
TF.TO,20250115,6.85,7.03,6.85,7.02,144985
TFII.TO,20250115,195.95,197.06,193.56,194.01,62833
TFPM.TO,20250115,22.47,22.7,22.31,22.41,86895
TGAF.TO,20250114,23.86,23.86,23.86,23.86,1900
TGED.TO,20250115,27.38,27.45,27.25,27.41,70038
TGFI.TO,20250115,20.13,20.13,20.04,20.12,16000
TGGR.TO,20250114,28.29,28.29,27.88,27.89,6
TGO.TO,20250115,1.18,1.18,1.18,1.18,1000
TGRE.TO,20250115,14.91,14.91,14.91,14.91,101
TGRO.TO,20250115,23.11,23.11,23.03,23.07,13127
TH.TO,20250115,2.63,2.63,2.5,2.56,16117
THNC.TO,20250115,3.1,3.16,3.1,3.1,37396
THU.TO,20250115,39.49,39.49,39.35,39.35,543
TI.TO,20250114,0.27,0.27,0.27,0.27,2
TIH.TO,20250115,115.65,117.39,114.655,114.96,107767
TILV.TO,20250115,16.38,16.38,16.38,16.38,9900
TINF.TO,20250115,21.75,21.75,21.63,21.66,7494
TIPS.TO,20250110,30.53,30.53,30.53,30.53,18
TIXT.TO,20250115,4.78,4.92,4.69,4.85,198860
TKN.TO,20250115,25.5,25.5,25.5,25.5,100
TKO.TO,20250115,2.93,2.95,2.86,2.905,127863
TLF.TO,20250115,24.82,25.04,24.82,24.99,905
TLG.TO,20250115,0.295,0.305,0.295,0.305,128000
TLO.TO,20250115,0.085,0.085,0.08,0.085,293920
TLRY.TO,20250115,1.71,1.75,1.7,1.7,549158
TLV.TO,20250114,32.47,32.5,32.43,32.43,1
TMQ.TO,20250115,1.6,1.6,1.54,1.59,15004
TNZ.TO,20250115,13.5,13.62,13.37,13.49,29375
TOT.TO,20250115,12.02,12.05,11.87,11.99,11524
TOU.TO,20250115,69.08,69.68,68.33,68.71,521020
TOWR.TO,20250115,28.07,28.09,27.8,27.8,36776
TOY.TO,20250115,31.76,31.89,31.3,31.43,15084
TPE.TO,20250115,22.36,22.38,22.32,22.37,3488
TPRF.TO,20250115,11.2,11.27,11.2,11.25,6423
TPU.TO,20250115,48.15,48.33,48.09,48.33,22383
TPZ.TO,20250115,26.98,27.21,26.88,27.09,200293
TQCD.TO,20250115,19.55,19.55,19.45,19.51,32628
TQGD.TO,20250115,20.1,20.29,20.1,20.27,19256
TQGM.TO,20250114,18.98,18.98,18.93,18.93,2
TQSM.TO,20250115,25.49,25.62,25.42,25.47,10699
TRI.TO,20250115,222.95,225.48,222.695,224.86,146544
TRP.TO,20250115,67.33,67.82,67.03,67.28,777021
TRVI.TO,20250115,22,22,22,22,205
TRVL.TO,20250115,31.15,31.15,31.15,31.15,245
TRX.TO,20250115,0.43,0.465,0.43,0.465,37700
TRZ.TO,20250115,1.89,1.9,1.88,1.9,5744
TSAT.TO,20250115,21.66,21.91,21.66,21.91,246
TSK.TO,20250115,0.365,0.365,0.35,0.35,45500
TSL.TO,20250115,2.9,3,2.9,2.95,8547
TSND.TO,20250115,0.77,0.78,0.75,0.78,25082
TSU.TO,20250115,35.74,35.75,34.68,35.71,48215
TTNM.TO,20250115,2.31,2.32,2.27,2.27,30357
TTP.TO,20250115,28.39,28.4,28.29,28.38,16763
TTTX.TO,20250110,24.13,24.13,24.13,24.13,120
TUED.TO,20250115,31.15,31.39,31.15,31.35,19218
TUEX.TO,20250115,27.37,27.37,27.24,27.27,1300
TUHY.TO,20250114,20.66,20.66,20.55,20.66,2000
TULB.TO,20250115,112.4,112.4,112.4,112.4,810
TULV.TO,20250115,21.77,21.83,21.77,21.83,1300
TUSB.TO,20250115,14.63,14.63,14.63,14.63,3400
TVE.TO,20250115,4.92,4.94,4.86,4.89,1070932
TVK.TO,20250115,121.49,123.415,119.98,121.885,18601
TWC.TO,20250115,17.95,17.95,17.95,17.95,200
TWM.TO,20250115,0.155,0.155,0.155,0.155,101701
TXF.TO,20250115,21.03,21.2,21.03,21.17,14346
TXG.TO,20250115,29.32,29.32,28.69,29,177441
TXP.TO,20250115,0.46,0.48,0.46,0.48,40855
UDA.TO,20250114,16.82,16.82,16.82,16.82,102
UDEF.TO,20241227,10.12,10.12,10.12,10.12,100
UDIV.TO,20250115,13.27,13.27,13.27,13.27,603
UMAX.TO,20250115,13.77,13.82,13.74,13.74,227128
UMI.TO,20250115,34.4,34.4,34.4,34.4,114
UNC.TO,20250115,131.24,131.25,131.24,131.25,240
UNI.TO,20250110,1.55,1.55,1.55,1.55,2000
URB.TO,20250115,6.15,6.2,6.15,6.2,1300
URC.TO,20250115,3.26,3.31,3.22,3.27,71917
URE.TO,20250115,1.61,1.63,1.595,1.61,19094
USA.TO,20250115,0.64,0.655,0.63,0.65,92419
USCC.TO,20250115,19.98,20.2,19.98,20.2,14587
USCL.TO,20250115,23.82,24.09,23.82,24.08,44430
USSL.TO,20250113,23.91,23.91,23.91,23.91,88
USSX.TO,20250115,32.38,32.38,32.38,32.38,200
UTES.TO,20250115,9.01,9.05,8.98,8.99,38296
UTIL.TO,20250114,20.89,20.89,20.86,20.86,1
VA.TO,20250115,38.51,38.73,38.61,38.73,3954
VAB.TO,20250115,22.85,22.89,22.82,22.87,43536
VALT.TO,20250115,33.29,33.29,33.27,33.27,229
VBAL.TO,20250115,33,33.23,33,33.21,114576
VBNK.TO,20250115,19.17,19.74,19.17,19.64,11293
VCB.TO,20250115,23.97,24.01,23.97,24.01,1615
VCE.TO,20250115,54.65,54.69,54.53,54.69,11184
VCIP.TO,20250115,25.84,25.96,25.84,25.96,7380
VCM.TO,20250115,15,15,14.84,15,540
VCN.TO,20250115,50.82,50.82,50.62,50.75,24589
VCNS.TO,20250115,29.26,29.26,29.22,29.24,5947
VDU.TO,20250115,43.51,43.51,43.36,43.42,12179
VDY.TO,20250115,49.79,49.85,49.64,49.72,66801
VE.TO,20250115,35.77,35.77,35.69,35.69,1570
VEE.TO,20250115,37.29,37.45,37.29,37.43,9636
VEF.TO,20250115,56.34,56.53,56.34,56.53,13243
VEQT.TO,20250115,45.38,45.52,45.34,45.47,98677
VET.TO,20250115,14.95,15,14.67,14.745,291816
VFV.TO,20250115,150.39,151.21,150.2,151.15,151105
VGG.TO,20250115,95.5,96.47,95.5,96.38,5720
VGH.TO,20250115,64.1,64.12,63.835,64.08,2557
VGRO.TO,20250115,37.46,37.58,37.4,37.54,110194
VGV.TO,20250115,22.22,22.27,22.22,22.27,2151
VGZ.TO,20250115,0.82,0.82,0.82,0.82,500
VHI.TO,20250115,11.03,11.15,10.92,11.055,32558
VI.TO,20250115,39.5,39.55,39.46,39.51,9680
VIDY.TO,20250115,31.57,31.575,31.48,31.55,8494
VIU.TO,20250115,34.44,34.55,34.39,34.46,28262
VLB.TO,20250115,20.75,20.75,20.67,20.75,37760
VLE.TO,20250115,8.02,8.02,7.87,7.91,155079
VLN.TO,20250115,12.75,15.83,12.75,15.45,333227
VMO.TO,20250115,65,65.2,64.9,64.9,1793
VNP.TO,20250115,7.5,7.73,7.44,7.53,155389
VOXR.TO,20250115,3.3,3.3,3.26,3.3,525
VQS.TO,20250115,0.21,0.22,0.195,0.195,10155
VRE.TO,20250115,31.14,31.35,31.14,31.19,7861
VRIF.TO,20250115,24.6,24.74,24.6,24.74,3318
VRN.TO,20250115,7.82,7.92,7.77,7.82,1985392
VRTS.TO,20250115,0.02,0.02,0.015,0.015,132700
VSB.TO,20250115,23.2,23.23,23.2,23.22,42482
VSC.TO,20250115,24,24,23.98,23.98,9838
VSP.TO,20250115,95.42,96,95.42,95.95,68512
VUN.TO,20250115,113.57,114.45,113.57,114.3,45423
VUS.TO,20250115,103.58,103.71,103.51,103.71,9074
VVL.TO,20250115,52.76,53.06,52.75,52.79,4425
VVO.TO,20250115,36.8,36.8,36.8,36.8,300
VVSG.TO,20250115,50.32,50.32,50.32,50.32,380
VXC.TO,20250115,64.67,64.86,64.57,64.79,14918
VXM.TO,20250114,33.6,33.6,33.6,33.6,100
WCN.TO,20250115,253.49,254.855,252.27,253.3,71708
WCP.TO,20250115,10.38,10.43,10.25,10.28,954796
WDO.TO,20250115,13.59,13.6,13.29,13.47,123523
WEED.TO,20250115,3.24,3.3,3.135,3.21,898962
WEF.TO,20250115,0.43,0.4325,0.415,0.425,421457
WELL.TO,20250115,6.78,6.83,6.63,6.72,421366
WFC.TO,20250114,15.75,15.75,15.73,15.73,200
WFG.TO,20250115,124.96,128.4,124.63,125.64,100704
WGX.TO,20250115,2.34,2.345,2.305,2.33,216600
WILD.TO,20250115,1.47,1.5,1.47,1.5,3122
WJX.TO,20250115,20.5,20.73,20.5,20.555,29667
WLLW.TO,20250115,0.07,0.075,0.07,0.075,10002
WM.TO,20250115,0.065,0.065,0.06,0.06,8076
WN.TO,20250115,215.01,217.23,213.7,214.87,42172
WNDR.TO,20250115,0.295,0.31,0.295,0.3075,2260643
WOMN.TO,20250115,38.21,38.21,38.05,38.05,270
WPK.TO,20250115,44.51,45,44.51,44.7,7880
WPM.TO,20250115,82.43,82.69,80.97,82.62,235879
WPRT.TO,20250115,5.74,5.74,5.32,5.34,1667
WRG.TO,20250115,2.57,2.77,2.57,2.77,254
WRN.TO,20250115,1.53,1.57,1.47,1.495,55163
WRX.TO,20250115,0.03,0.03,0.03,0.03,15000
WSP.TO,20250115,242.49,244.4,242.06,243.92,57771
WSRD.TO,20250115,29.11,29.18,29.11,29.16,1607
WSRI.TO,20250115,43.85,43.85,43.58,43.59,3185
WTE.TO,20250115,21.78,22.1,21.78,22.05,27553
WXM.TO,20250115,32.65,32.65,32.58,32.58,2887
X.TO,20250115,43.15,44.05,42.68,43.48,314371
XAD.TO,20250115,69.25,69.25,69.25,69.25,1143
XAGG.TO,20250115,38.26,38.34,38.26,38.34,400
XAGH.TO,20250115,32.83,32.83,32.67,32.67,2834
XAM.TO,20250115,0.045,0.045,0.045,0.045,13000
XAU.TO,20250115,7.93,8.06,7.93,8.05,3230
XAW.TO,20250115,44.78,45.03,44.78,44.97,24459
XBAL.TO,20250115,30.05,30.1,30.02,30.08,47992
XBB.TO,20250115,27.95,28.03,27.95,28.02,95104
XBM.TO,20250115,20.53,20.65,20.35,20.43,3498
XCB.TO,20250115,19.96,20,19.95,20,48332
XCBG.TO,20250114,37.24,37.24,37.18,37.21,3937
XCBU.TO,20250110,36.18,36.18,36.18,36.18,100
XCD.TO,20250114,58.37,58.47,58.37,58.47,10
XCG.TO,20250115,55.89,55.89,55.64,55.64,1203
XCH.TO,20250115,20.23,20.27,20.22,20.27,4234
XCHP.TO,20250115,55.25,55.79,55.25,55.68,2338
XCLN.TO,20250114,26.91,26.92,26.91,26.92,2
XCNS.TO,20250115,23.35,23.4,23.35,23.4,1980
XCS.TO,20250115,21.06,21.1,21.03,21.1,4611
XCSR.TO,20250115,74.92,74.92,74.62,74.66,1212
XCV.TO,20250115,39.52,39.62,39.49,39.49,1355
XDG.TO,20250115,27.17,27.17,27.13,27.13,3981
XDGH.TO,20250115,26.58,26.58,26.58,26.58,100
XDIV.TO,20250115,30.34,30.41,30.3,30.37,53440
XDNA.TO,20250110,34.22,34.22,34.22,34.22,4
XDRV.TO,20250115,40.56,40.56,40.56,40.56,105
XDSR.TO,20250115,58.4,58.4,58.4,58.4,387
XDU.TO,20250115,31.7,31.78,31.7,31.77,2206
XDUH.TO,20250115,27.11,27.12,27.11,27.12,570
XDV.TO,20250115,31.78,31.98,31.78,31.88,46496
XEB.TO,20250115,15.6,15.6,15.6,15.6,4652
XEC.TO,20250115,28.7,28.86,28.7,28.86,31323
XEF.TO,20250115,37.84,37.95,37.79,37.85,54352
XEG.TO,20250115,17.9,18.02,17.865,17.92,1610462
XEH.TO,20250115,32.51,32.67,32.51,32.65,3601
XEI.TO,20250115,27.28,27.38,27.205,27.25,79638
XEM.TO,20250115,32.89,32.95,32.89,32.95,373
XEMC.TO,20250115,47.56,47.6,47.56,47.6,300
XEN.TO,20250115,37.15,37.15,37.06,37.12,1990
XEQT.TO,20250115,33.81,33.91,33.76,33.86,237366
XESG.TO,20250115,30.51,30.51,30.41,30.41,2839
XETM.TO,20250113,40.61,40.61,40.61,40.61,110
XEU.TO,20250115,30.18,30.18,30.05,30.05,920
XEXP.TO,20250115,51.59,51.59,51.59,51.59,200
XFH.TO,20250115,32.15,32.23,32.15,32.2,3080
XFLB.TO,20250113,46.47,46.47,46.47,46.47,920
XFLI.TO,20250114,41.47,41.47,41.47,41.47,84
XFLX.TO,20250115,38.99,38.99,38.95,38.95,1228
XFN.TO,20250115,59.49,59.71,59.45,59.68,287409
XFR.TO,20250115,20.05,20.07,20.05,20.065,14176
XGB.TO,20250115,19.14,19.19,19.14,19.18,20277
XGD.TO,20250115,22.79,22.79,22.39,22.595,201003
XGI.TO,20250115,54.22,54.22,54.22,54.22,272
XGRO.TO,20250115,30.38,30.5,30.38,30.46,67860
XHAK.TO,20250115,51.98,51.98,51.98,51.98,1490
XHB.TO,20250115,19.6,19.65,19.6,19.65,1599
XHC.TO,20250115,65.96,66.2,65.92,66.2,7202
XHD.TO,20250115,33.3,33.51,33.3,33.43,3531
XHU.TO,20250115,33.18,33.33,33.18,33.23,4955
XHY.TO,20250115,16.59,16.7,16.59,16.67,13571
XIC.TO,20250115,39.58,39.66,39.46,39.57,102005
XID.TO,20250115,54.4,54.56,54.4,54.56,2465
XIG.TO,20250115,19.49,19.49,19.46,19.47,2206
XIGS.TO,20250115,37.16,37.16,37.13,37.13,800
XIN.TO,20250115,36.23,36.25,36.19,36.19,3569
XINC.TO,20250114,20.1,20.1,20.1,20.1,5218
XIT.TO,20250115,67.98,68.41,67.89,68.22,8130
XIU.TO,20250115,37.64,37.73,37.515,37.645,2266948
XLB.TO,20250115,18.94,18.96,18.87,18.945,147296
XLVE.TO,20241205,7.79,7.79,7.79,10.077526,300
XLY.TO,20250115,0.05,0.05,0.045,0.05,1090420
XMA.TO,20250115,22.15,22.15,22.07,22.15,3515
XMC.TO,20250115,35,35.35,35,35.16,19325
XMD.TO,20250115,38.36,38.36,38.17,38.18,6943
XMH.TO,20250115,28.7,28.71,28.48,28.55,5110
XMI.TO,20250115,38.41,38.5,38.37,38.37,1200
XML.TO,20250113,27.42,27.45,27.42,27.43,66
XMM.TO,20250113,0,29.38,29.38,29.38,0
XMS.TO,20250115,36.8,36.8,36.8,36.8,100
XMTM.TO,20250115,37.37,37.37,37.22,37.23,1032
XMU.TO,20250114,85.41,85.41,85.2,85.39,5
XMV.TO,20250115,45.61,45.65,45.47,45.56,3009
XMW.TO,20250115,55.03,55.03,54.87,54.94,900
XMY.TO,20250114,30.55,30.55,30.55,30.55,106
XPF.TO,20250115,15.3,15.38,15.3,15.38,2136
XQB.TO,20250115,18.83,18.83,18.83,18.83,463
XQLT.TO,20250115,42.05,42.05,41.92,42.01,340
XQQ.TO,20250115,52.86,53.24,52.73,53.17,131943
XQQU.TO,20250115,71.82,72.43,71.82,72.43,816
XRB.TO,20250115,22.46,22.52,22.43,22.5,5407
XRE.TO,20250115,14.8,14.89,14.735,14.75,347836
XSAB.TO,20250115,17.96,17.985,17.96,17.985,2880
XSB.TO,20250115,26.7,26.74,26.7,26.74,32474
XSC.TO,20250114,17.75,17.76,17.75,17.76,3258
XSE.TO,20250114,17.7,17.7,17.7,17.7,102
XSEA.TO,20250115,26.11,26.11,26.11,26.11,252
XSEM.TO,20250115,20.81,20.9,20.795,20.9,444
XSH.TO,20250115,18.96,18.97,18.94,18.97,9611
XSHG.TO,20250114,39.01,39.02,38.98,38.98,1400
XSHU.TO,20250115,43.92,43.92,43.91,43.91,2200
XSI.TO,20250114,16.88,16.88,16.88,16.88,500
XSMC.TO,20250115,33.7,33.77,33.55,33.56,1353
XSMH.TO,20250115,28.86,28.86,28.68,28.78,640
XSP.TO,20250115,61.37,61.66,61.33,61.615,199497
XSPC.TO,20250114,42.5,42.5,42.14,42.14,380
XST.TO,20250115,52.21,52.21,52.15,52.05,7057
XSTB.TO,20250115,19.65,19.65,19.65,19.65,1193
XSTH.TO,20250115,37.35,37.35,37.35,37.35,400
XSTP.TO,20250115,43.82,43.82,43.77,43.77,1111
XSU.TO,20250115,43.39,43.4,42.99,43.1,132748
XSUS.TO,20250115,45.16,45.2,45.16,45.2,3693
XTC.TO,20250115,7.3,7.33,7.26,7.32,4956
XTD.TO,20250115,3.22,3.4,3.22,3.4,4400
XTG.TO,20250115,1.91,1.91,1.8,1.84,13490
XTLH.TO,20250115,32.36,32.38,32.2,32.28,79890
XTLT.TO,20250115,35.18,35.33,35.16,35.23,13006
XTR.TO,20250115,11.16,11.21,11.16,11.2,7290
XTRA.TO,20250115,0.5,0.51,0.475,0.485,79457
XUH.TO,20250115,48.68,48.9,48.68,48.79,2344
XUS.TO,20250115,52.5,52.79,52.44,52.76,62763
XUSC.TO,20250115,45.49,45.49,45.4,45.4,1000
XUSF.TO,20250114,73.85,74.36,73.85,74.36,166
XUSR.TO,20250115,93.03,93.03,92.62,92.73,624
XUT.TO,20250115,27.23,27.3,27,27.02,108270
XUU.TO,20250115,62.58,63.01,62.58,62.98,13928
XVLU.TO,20250115,29.13,29.17,29.12,29.17,903
XWD.TO,20250115,96.27,96.75,96.27,96.59,2674
Y.TO,20250115,11.06,11.44,10.97,10.97,2805
YCM.TO,20250115,4.8,4.81,4.8,4.8,1100
YGR.TO,20250115,1.11,1.11,1.06,1.07,62907
YRB.TO,20250113,0.035,0.035,0.035,0.035,25764
ZACE.TO,20250115,49.48,49.95,49.48,49.9,401
ZAG.TO,20250115,13.71,13.74,13.7,13.74,187450
ZBAL.TO,20250115,40.23,40.25,40.17,40.25,3325
ZBBB.TO,20250113,28.43,28.44,28.43,28.44,300
ZBI.TO,20250115,30.25,30.26,30.25,30.26,2300
ZBK.TO,20250115,39.13,39.25,38.81,39.15,32900
ZCB.TO,20250115,46.76,46.76,46.76,46.76,250
ZCDB.TO,20250114,30.24,30.24,30.24,30.24,300
ZCH.TO,20250115,14.99,14.99,14.84,14.87,8326
ZCLN.TO,20250115,12.48,12.48,12.48,12.48,323
ZCM.TO,20250115,15.39,15.405,15.36,15.405,15406
ZCN.TO,20250115,33.24,33.24,33.1,33.19,56575
ZCON.TO,20250115,35.24,35.24,35.24,35.24,421
ZCPB.TO,20250114,27.53,27.53,27.53,27.53,1331
ZCS.TO,20250115,13.86,13.86,13.85,13.85,7268
ZDB.TO,20250115,14.9,14.92,14.895,14.92,16188
ZDH.TO,20250115,27.04,27.04,27.04,27.04,455
ZDI.TO,20250115,23.81,23.85,23.765,23.765,1375
ZDJ.TO,20250115,66.47,66.52,66.3,66.52,6911
ZDM.TO,20250115,29.83,29.83,29.73,29.75,5806
ZDV.TO,20250115,22.08,22.17,22.065,22.12,32667
ZDY.TO,20250115,46.44,46.73,46.44,46.59,7200
ZEA.TO,20250115,23.12,23.12,23.03,23.04,18129
ZEAT.TO,20250113,26.2,26.2,26.2,26.2,2
ZEB.TO,20250115,42.28,42.355,41.6,42.35,1039714
ZEF.TO,20250114,12.1,12.15,12.1,12.15,1667
ZEM.TO,20250115,21.11,21.33,21.11,21.33,27072
ZEO.TO,20250115,75.29,75.38,74.8,74.86,6166
ZEQ.TO,20250115,29.88,29.89,29.8,29.87,11448
ZEQT.TO,20250115,52.07,52.24,52.01,52.12,1959
ZESG.TO,20250115,38.16,38.16,38.16,38.16,161
ZFC.TO,20250114,46,46.27,46,46.27,25
ZFH.TO,20250115,14.91,14.97,14.91,14.96,15986
ZFL.TO,20250115,12.52,12.56,12.49,12.555,44883
ZFM.TO,20250115,14.49,14.51,14.49,14.51,2982
ZFN.TO,20250115,55.7,55.89,55.67,55.89,2424
ZFS.TO,20250115,13.78,13.78,13.78,13.78,9196
ZGB.TO,20250115,45.25,45.28,45.25,45.28,731
ZGD.TO,20250115,108.88,108.88,107.6,107.6,459
ZGI.TO,20250115,51.17,51.74,51.17,51.4,1221
ZGLD.TO,20250115,41.49,41.56,41.29,41.54,6555
ZGLH.TO,20250114,37.85,37.85,37.85,37.85,59055
ZGQ.TO,20250115,70.39,70.77,70.39,70.76,11931
ZGRN.TO,20250115,40.29,40.31,40.26,40.26,1400
ZGRO.TO,20250115,45.95,45.95,45.81,45.9,5392
ZGSB.TO,20250115,26.96,27,26.96,27,300
ZHP.TO,20250115,17.94,17.94,17.94,17.94,100
ZHU.TO,20250114,44.04,44.04,43.95,43.95,342
ZHY.TO,20250115,11.14,11.2,11.14,11.2,8752
ZIC.TO,20250115,18.3,18.32,18.3,18.32,515
ZID.TO,20250115,48.53,48.53,48.37,48.37,3154
ZIN.TO,20250113,41.33,41.33,41.33,41.33,1600
ZIU.TO,20250114,56.5,56.64,56.5,56.58,1
ZJG.TO,20250115,96.71,96.71,96.71,96.71,250
ZJK.TO,20250115,19.33,19.38,19.32,19.38,3185
ZJPN.TO,20250115,35,35,35,35,200
ZLB.TO,20250115,46.51,46.61,46.32,46.48,19355
ZLC.TO,20250115,15.16,15.17,15.08,15.17,536549
ZLD.TO,20250115,27.74,27.74,27.74,27.74,1200
ZLE.TO,20250115,18.62,18.62,18.61,18.61,261
ZLH.TO,20250115,33.65,33.65,33.65,33.65,1700
ZLI.TO,20250115,25.62,25.65,25.605,25.65,3400
ZLSC.TO,20250113,36.51,36.6,36.5,36.6,95
ZLSU.TO,20250114,41.36,41.36,41.36,41.36,100
ZLU.TO,20250115,54.05,54.33,53.98,54.07,5064
ZMBS.TO,20250110,30.21,30.21,30.21,30.21,1803
ZMI.TO,20250115,17.47,17.47,17.39,17.42,2713
ZMID.TO,20250115,49.2,49.23,49.07,49.18,1601
ZMMK.TO,20250115,50.01,50.01,50,50.01,125238
ZMP.TO,20250115,13.79,13.81,13.79,13.81,9200
ZMSB.TO,20250110,28.56,28.56,28.56,28.56,100
ZMT.TO,20250114,68.3,68.5,67.58,67.58,10
ZMU.TO,20250115,12.46,12.46,12.43,12.43,10864
ZNQ.TO,20250115,97.46,98.29,97.46,98.2,10647
ZPAY.TO,20250115,33.09,33.09,33.04,33.06,14958
ZPH.TO,20250115,14.81,14.82,14.81,14.81,10941
ZPL.TO,20250115,12.17,12.21,12.15,12.21,27424
ZPR.TO,20250115,11.02,11.11,11.02,11.09,55302
ZPS.TO,20250115,12.29,12.3,12.29,12.3,2500
ZPW.TO,20250115,16.58,16.61,16.47,16.59,7439
ZQB.TO,20250115,28.79,28.82,28.78,28.82,1400
ZQQ.TO,20250115,146.72,147.74,146.72,147.57,29492
ZRE.TO,20250115,20.29,20.48,20.29,20.3,13168
ZRR.TO,20250115,14.18,14.25,14.18,14.25,4849
ZSB.TO,20250115,48.31,48.31,48.31,48.31,200
ZSDB.TO,20250115,30.65,30.65,30.65,30.65,2800
ZSML.TO,20250115,44.84,44.84,44.6,44.6,641
ZSP.TO,20250115,92.66,93.2,92.58,93.17,477410
ZST.TO,20250115,49.03,49.03,49,49.01,19193
ZSU.TO,20250115,13.26,13.26,13.26,13.26,150
ZTIP.TO,20250114,33.2,33.2,33.14,33.14,1060
ZUAG.TO,20250113,31.78,31.78,31.77,31.77,666
ZUB.TO,20250115,33.78,34.04,33.7,33.92,94680
ZUCM.TO,20250115,31.86,31.86,31.85,31.85,4045
ZUD.TO,20250115,30.7,30.7,30.68,30.68,392
ZUE.TO,20250115,81.57,81.9,81.48,81.82,16682
ZUGE.TO,20250113,21.57,21.57,21.56,21.56,11
ZUH.TO,20250115,67.79,68,67.42,67.46,1245
ZUP.TO,20250115,21.74,21.74,21.74,21.74,100
ZUQ.TO,20250115,88.19,89.1,88.19,89.1,5293
ZUT.TO,20250115,21.31,21.49,21.2,21.2,27078
ZUVE.TO,20250102,18.55,18.55,18.55,18.55,631
ZVC.TO,20250115,29.86,29.86,29.83,29.84,8400
ZVU.TO,20250114,30.52,30.67,30.52,30.67,525
ZWA.TO,20250115,26.7,26.75,26.7,26.75,1581
ZWB.TO,20250115,19.85,19.92,19.85,19.92,132303
ZWC.TO,20250115,17.84,17.935,17.84,17.9,99775
ZWE.TO,20250115,20.2,20.31,20.2,20.28,11978
ZWEN.TO,20250115,30.1,30.2,30.1,30.2,3800
ZWG.TO,20250115,32.56,32.73,32.55,32.7,1484
ZWH.TO,20250115,24.75,24.83,24.72,24.78,5087
ZWHC.TO,20250115,29.4,29.4,29.4,29.4,350
ZWK.TO,20250115,25.66,26.04,25.66,25.9,32045
ZWP.TO,20250115,17.89,17.89,17.82,17.82,3801
ZWQT.TO,20250115,17.34,17.37,17.34,17.35,3800
ZWS.TO,20250115,20.39,20.39,20.36,20.38,2201
ZWT.TO,20250115,52.32,52.82,52.32,52.8,1496
ZWU.TO,20250115,10.45,10.53,10.45,10.45,140988
ZXM.TO,20250115,42.7,42.7,42.7,42.7,100
ZZZD.TO,20250115,28.08,28.08,28.08,28.08,500
