<ticker>,<date>,<open>,<high>,<low>,<close>,<vol>
AAB.TO,20250103,0.0400,0.0400,0.0400,0.0400,0
AAUC.TO,20250103,3.7500,3.7600,3.5900,3.5900,235000
AAV.TO,20250103,10.0400,10.1700,9.8700,9.9300,326700
ABX.TO,20250103,22.9500,23.0900,22.8400,22.9000,1849000
AC.TO,20250103,22.2500,22.4800,22.0200,22.3300,3839900
ACB.TO,20250103,6.5600,6.8100,6.4600,6.8000,470100
ACD.TO,20250103,3.9800,4.0000,3.9100,4.0000,1400
ACQ.TO,20250103,17.7700,17.8900,17.6000,17.7800,8040
ACX.TO,20250103,6.5100,6.6100,6.5100,6.5800,71200
ADCO.TO,20250103,0.1950,0.1950,0.1800,0.1800,17500
ADEN.TO,20250103,37.3500,37.6300,37.1900,37.5200,30366
ADN.TO,20250103,17.8300,17.8300,17.5300,17.7500,6464
AEG.TO,20250103,0.3700,0.3700,0.3700,0.3700,1250
AEM.TO,20250103,117.7900,118.2100,116.9300,117.1400,633402
AFN.TO,20250103,50.7500,51.4700,50.3700,51.0800,51300
AG.TO,20250103,8.5800,8.6200,8.2900,8.3800,836407
AGG.TO,20250103,19.8800,19.8800,19.7200,19.7200,800
AGI.TO,20250103,27.7400,27.9600,27.6200,27.7100,341700
AI.TO,20250103,11.0300,11.1000,10.9700,11.0700,50600
AIDX.TO,20250103,2.0500,2.0500,1.9800,2.0000,861632
AIF.TO,20250103,55.7100,56.2200,55.5700,55.9300,44565
AIGO.TO,20250103,24.4900,24.4900,24.4900,24.4900,200
AII.TO,20250103,1.0300,1.0400,1.0100,1.0400,690200
AIM.TO,20250103,2.7000,2.7000,2.6600,2.6800,30604
AKTAF,20250103,1.1400,1.1600,1.1400,1.1556,9000
ALA.TO,20250103,33.5000,33.7400,33.2600,33.3300,721400
ALC.TO,20250103,14.6400,14.7600,14.6100,14.6500,5600
ALS.TO,20250103,26.7200,26.9600,26.5000,26.8100,48500
ALYA.TO,20250103,1.6300,1.7100,1.5800,1.6100,42525
AMAX.TO,20250103,19.1700,19.2300,19.1700,19.1800,4000
AMC.TO,20250103,1.6200,1.6200,1.5600,1.5600,118091
AMHE.TO,20250103,15.2600,15.6100,15.2600,15.5900,92300
AMM.TO,20250103,0.0600,0.0600,0.0600,0.0600,2000
AMZH.TO,20250103,14.8100,14.8800,14.7800,14.8500,17300
AND.TO,20250103,43.4700,43.6400,43.1100,43.6400,17200
ANRG.TO,20250103,1.0100,1.0100,0.9500,0.9600,146700
AOI.TO,20250103,2.0600,2.0800,2.0500,2.0600,206026
AOT.TO,20250103,0.1900,0.1900,0.1900,0.1900,207600
APLI.TO,20250103,0.0350,0.0350,0.0350,0.0350,14286
APS.TO,20250103,0.3400,0.3500,0.3300,0.3400,42100
AQN.TO,20250103,6.5700,6.6500,6.5500,6.5600,3099361
ARA.TO,20250103,0.4500,0.5000,0.4500,0.5000,23658
ARB.TO,20250103,26.3300,26.3300,26.1700,26.1700,2100
ARE.TO,20250103,27.3700,27.4600,26.9800,27.0500,215328
ARG.TO,20250103,1.5900,1.6100,1.5800,1.6000,137200
ARIS.TO,20250103,5.2500,5.3000,5.2100,5.3000,193000
ARTI.TO,20250103,11.9500,11.9500,11.9500,11.9500,300
ARX.TO,20250103,27.0800,27.2100,26.6800,26.9300,1560000
ASCU.TO,20250103,1.4600,1.4800,1.4500,1.4500,12800
ASM.TO,20250103,1.4300,1.4300,1.3600,1.3700,46100
ASND.TO,20250103,0.0500,0.0600,0.0500,0.0600,12000
ASTL.TO,20250103,13.0000,13.4800,12.8500,12.9300,197000
ATCU.TO,20250103,0.4400,0.4400,0.4400,0.4400,5000
ATD.TO,20250103,79.2200,79.4200,78.1900,78.5600,1079800
ATH.TO,20250103,5.5100,5.5900,5.4900,5.5700,1611373
ATRL.TO,20250103,74.8300,75.4400,74.6700,75.0100,270600
ATS.TO,20250103,44.3200,44.5000,43.4200,43.5800,197709
ATSX.TO,20250103,27.0000,27.0000,27.0000,27.0000,0
ATZ.TO,20250103,54.0000,57.6100,53.9900,57.6000,804600
AUMN.TO,20250103,0.1400,0.1500,0.1400,0.1500,19500
AVCN.TO,20250103,0.3200,0.3230,0.3050,0.3200,50000
AVL.TO,20250103,0.0400,0.0400,0.0350,0.0400,16500
AVNT.TO,20250103,0.5400,0.5800,0.5400,0.5500,30200
AW.TO,20250103,35.9200,36.5700,35.5500,35.5500,17500
AXIS.TO,20250103,0.0050,0.0050,0.0050,0.0050,0
AYA.TO,20250103,11.3500,11.4200,11.1300,11.1600,482484
BABY.TO,20250103,0.0150,0.0200,0.0150,0.0150,805643
BAM.TO,20250103,78.6000,79.5600,78.2000,79.0200,800400
BANK.TO,20250103,8.0000,8.0500,7.9900,8.0300,153200
BASE.TO,20250103,21.3800,21.3800,21.2400,21.3600,3300
BB.TO,20250103,5.6000,5.6200,5.2400,5.3400,3784743
BBUC.TO,20250103,35.3900,36.4000,35.3900,36.1200,12000
BCE.TO,20250103,33.6600,34.4200,33.6100,34.4000,3670000
BCT.TO,20250103,0.8600,0.9300,0.8600,0.9300,52300
BDGI.TO,20250103,35.9900,36.1200,35.6900,35.9700,56100
BDI.TO,20250103,9.4000,9.4200,9.2300,9.4200,51857
BDIV.TO,20250103,21.3900,21.6400,21.3900,21.6200,700
BDT.TO,20250103,26.3400,27.2600,26.3200,27.1400,600200
BEPC.TO,20250103,40.4400,41.3300,40.3700,41.1800,175162
BEPR.TO,20250103,9.2400,9.2400,9.1300,9.1700,6000
BESG.TO,20250103,16.2600,16.2600,16.2600,16.2600,1400
BFIN.TO,20250103,24.5900,24.5900,24.5900,24.5900,100
BGC.TO,20250103,34.6800,34.6800,34.6800,34.6800,0
BGU.TO,20250103,47.4100,48.0500,47.4100,48.0500,537
BHC.TO,20250103,11.4300,11.4600,11.2400,11.2600,119476
BIPC.TO,20250103,57.4900,57.6600,56.0000,56.8200,109767
BIR.TO,20250103,5.5600,5.5800,5.4700,5.5400,1119233
BITF.TO,20250103,2.3300,2.5300,2.2700,2.5000,3689200
BITI.TO,20250103,21.4000,21.5800,21.1000,21.2400,33900
BK.TO,20250103,11.7000,11.7200,11.6400,11.6900,49500
BKCC.TO,20250103,14.6600,14.6800,14.6200,14.6700,2700
BKCL.TO,20250103,19.5500,19.6700,19.5400,19.6200,45500
BKI.TO,20250103,0.1300,0.1300,0.1300,0.1300,123800
BLCK.TO,20250103,33.6000,33.6000,33.6000,33.6000,0
BLCO.TO,20250103,26.3600,26.3600,25.6400,25.6400,1800
BLDP.TO,20250103,2.6500,2.8000,2.5600,2.7700,1244200
BLN.TO,20250103,6.7700,6.8900,6.7700,6.8900,10100
BLOV.TO,20250103,22.7000,22.7000,22.7000,22.7000,100
BLX.TO,20250103,29.0100,29.3400,28.9700,29.1700,131000
BMAX.TO,20250103,13.7900,13.7900,13.7300,13.7700,6600
BMO.TO,20250103,140.1300,140.7000,138.5400,138.7700,1156500
BN.TO,20250103,83.4100,83.9800,82.6900,83.4900,872308
BNC.TO,20250103,29.0700,29.0700,29.0300,29.0300,200
BND.TO,20250103,17.7500,17.7700,17.7300,17.7700,6100
BNE.TO,20250103,3.8800,3.9100,3.8000,3.8600,13700
BNG.TO,20250103,0.0100,0.0100,0.0100,0.0100,0
BNKL.TO,20250103,25.9100,25.9100,25.9100,25.9100,100
BNS.TO,20250103,77.0100,78.0600,77.0100,77.1300,10688900
BNT.TO,20250103,83.5400,83.7400,82.7500,83.5000,14000
BOND.TO,20250103,18.7300,18.7300,18.5000,18.5000,3500
BOS.TO,20250103,4.1200,4.2600,4.1000,4.2200,18287
BPRF.TO,20250103,23.0200,23.0200,23.0200,23.0200,0
BR.TO,20250103,1.1500,1.1500,1.1500,1.1500,0
BRAG.TO,20250103,5.4200,5.4500,5.3000,5.4300,10127
BRE.TO,20250103,15.0000,15.0500,14.9400,15.0500,14079
BREA.TO,20250103,27.0200,27.0200,27.0200,27.0200,0
BRMI.TO,20250103,0.5800,0.5800,0.5700,0.5800,86000
BRY.TO,20250103,0.3600,0.3600,0.3400,0.3400,2000
BSX.TO,20250103,0.0900,0.0950,0.0900,0.0900,695732
BTCC.TO,20250103,18.0400,18.3900,17.9400,18.2600,398400
BTCQ.TO,20250103,22.1800,22.6700,22.1500,22.5700,15000
BTCY.TO,20250103,8.8000,8.9000,8.7000,8.8500,64600
BTE.TO,20250103,3.8200,3.8800,3.7700,3.8100,3513800
BTO.TO,20250103,3.7100,3.7400,3.7000,3.7100,1595900
BU.TO,20250103,0.0900,0.0900,0.0800,0.0800,73000
BUI.TO,20250103,3.1000,3.1000,3.1000,3.1000,2300
BXF.TO,20250103,10.1100,10.1100,10.1100,10.1100,200
BYD.TO,20250103,215.9600,216.5900,214.5900,215.0000,39400
BYL.TO,20250103,0.4000,0.4000,0.4000,0.4000,0
CACB.TO,20250103,20.1700,20.1700,20.1500,20.1500,1100
CAE.TO,20250103,35.2500,35.4000,35.1000,35.1900,372000
CAFR.TO,20250103,19.9000,19.9000,19.9000,19.9000,2700
CAGG.TO,20250103,44.7400,44.7400,44.7400,44.7400,2400
CAGS.TO,20250103,47.4400,47.4400,47.4400,47.4400,0
CALL.TO,20250103,13.3100,13.5100,13.2800,13.5100,8300
CANL.TO,20250103,25.4300,25.4300,25.4300,25.4300,100
CAPG.TO,20250103,25.8500,26.0000,25.8500,26.0000,4000
CAPI.TO,20250103,24.5900,24.5900,24.5900,24.5900,500
CAPM.TO,20250103,24.7900,24.7900,24.7800,24.7800,4600
CAPW.TO,20250103,24.6000,24.6000,24.6000,24.6000,4000
CARB.TO,20250103,7.5000,7.6700,7.5000,7.6300,3101
CARS.TO,20250103,21.0000,21.4000,21.0000,21.3800,3000
CAS.TO,20250103,11.8400,12.2500,11.8400,12.2400,248700
CASH.TO,20250103,50.0100,50.0200,50.0100,50.0200,427000
CBAL.TO,20250103,23.0700,23.0700,23.0700,23.0700,0
CBCX.TO,20250103,37.1500,37.1500,37.1500,37.1500,300
CBGR.TO,20250103,23.6800,23.6800,23.6800,23.6800,0
CBH.TO,20250103,17.8900,17.9000,17.8800,17.8800,37600
CBIL.TO,20250103,50.0100,50.0300,50.0100,50.0200,78500
CBND.TO,20250103,9.2100,9.2200,9.2000,9.2000,1207
CBNK.TO,20250103,8.4500,8.4800,8.4300,8.4600,5300
CBO.TO,20250103,18.3000,18.3500,18.3000,18.3400,6700
CBUG.TO,20250103,28.1000,28.1000,28.1000,28.1000,0
CCA.TO,20250103,68.0400,69.4500,68.0400,68.7100,34800
CCBI.TO,20250103,18.2600,18.2600,18.2100,18.2600,8000
CCEI.TO,20250103,27.1200,27.1400,27.1200,27.1400,200
CCM.TO,20250103,0.3100,0.3100,0.3100,0.3100,0
CCNS.TO,20250103,18.2900,18.2900,18.2900,18.2900,11300
CCO.TO,20250103,75.9000,76.7600,74.8700,76.7000,1377200
CCOM.TO,20250103,18.8900,19.0400,18.8900,18.8900,7100
CCRE.TO,20250103,17.9400,17.9400,17.9400,17.9400,1500
CDEF.TO,20250103,11.0500,11.0500,11.0500,11.0500,0
CDIV.TO,20250103,14.8900,14.8900,14.8700,14.8800,4700
CDLB.TO,20250103,16.5900,16.5900,16.5800,16.5800,753
CDNA.TO,20250103,16.1200,16.1200,16.1200,16.1200,0
CDR.TO,20250103,1.8800,1.9500,1.8700,1.8900,40300
CDZ.TO,20250103,35.9400,36.1800,35.9400,36.0900,13100
CEF.TO,20250103,34.9100,35.0000,34.8300,34.8400,4200
CEMI.TO,20250103,19.2900,19.3200,19.2800,19.2800,14000
CEMX.TO,20250103,0.2600,0.2700,0.2600,0.2600,41600
CEU.TO,20250103,10.0800,10.0800,9.9300,10.0000,633300
CEW.TO,20250103,20.7400,20.8400,20.7400,20.8100,3500
CF.TO,20250103,10.0000,10.0500,9.8900,10.0000,79500
CFF.TO,20250103,0.3200,0.3350,0.3000,0.3300,10200
CFLX.TO,20250103,17.0000,17.0000,17.0000,17.0000,1800
CFP.TO,20250103,15.4400,15.6400,15.3700,15.5300,145700
CFRT.TO,20250103,20.9300,20.9300,20.9300,20.9300,0
CFW.TO,20250103,3.7800,3.8500,3.7500,3.8400,35400
CFX.TO,20250103,0.8400,0.8500,0.8400,0.8500,13900
CG.TO,20250103,8.4700,8.4800,8.3300,8.3900,509200
CGAA.TO,20250103,28.0000,28.0000,28.0000,28.0000,0
CGBI.TO,20250103,17.5250,17.5600,17.5000,17.5500,6000
CGDV.TO,20250103,21.8900,21.8900,21.8900,21.8900,0
CGG.TO,20250103,7.9900,7.9900,7.8900,7.9100,4500
CGHY.TO,20250103,10.3800,10.3800,10.3800,10.3800,200
CGI.TO,20250103,40.8200,41.2400,40.7900,41.2400,1400
CGIN.TO,20250103,21.3200,21.3200,21.3200,21.3200,829
CGL.TO,20250103,20.9900,20.9900,20.8700,20.8700,35029
CGLO.TO,20250103,30.1500,30.2300,30.0800,30.2300,500
CGO.TO,20250103,59.7700,60.5400,59.6500,59.8600,17600
CGR.TO,20250103,30.2500,30.5900,30.2500,30.5600,7100
CGRA.TO,20250103,22.4600,22.4600,22.4600,22.4600,500
CGRO.TO,20250103,24.6100,24.6100,24.6100,24.6100,4451
CGX.TO,20250103,12.4500,12.4800,12.1800,12.2000,175266
CGXF.TO,20250103,10.5800,10.5900,10.5500,10.5600,13124
CGY.TO,20250103,47.7700,48.9500,47.7700,48.7200,17700
CHPS.TO,20250103,38.3800,39.2700,38.3800,39.1500,5100
CHR.TO,20250103,3.1300,3.1800,3.0900,3.0900,355600
CIA.TO,20250103,5.3300,5.3500,5.2900,5.3500,192000
CIAI.TO,20250103,27.5200,27.8900,27.5000,27.8700,11700
CIBR.TO,20250103,53.7300,54.0700,53.7300,53.9000,500
CIC.TO,20250103,12.0800,12.1400,12.0800,12.1400,1600
CIEI.TO,20250103,23.6500,23.6900,23.6500,23.6900,7400
CIEM.TO,20250103,19.4300,19.5700,19.4200,19.5700,4400
CIF.TO,20250103,49.4500,49.7700,49.4500,49.7100,14200
CIGI.TO,20250103,193.6200,197.4400,193.4100,196.7400,28800
CINF.TO,20250103,27.3300,27.3300,27.3300,27.3300,0
CINT.TO,20250103,22.9200,22.9800,22.9200,22.9800,600
CIX.TO,20250103,30.9600,31.0900,30.9000,30.9500,721254
CJ.TO,20250103,6.6700,6.7700,6.6700,6.7500,1130402
CJT.TO,20250103,109.3400,112.7400,109.3400,112.6200,78900
CKI.TO,20250103,23.6000,23.6000,23.6000,23.6000,0
CLF.TO,20250103,17.3900,17.4100,17.3900,17.3900,7900
CLG.TO,20250103,17.2600,17.3000,17.2600,17.2700,3500
CLML.TO,20250103,33.8500,34.0800,33.8500,34.0000,559
CLS.TO,20250103,135.3800,140.0700,135.3800,139.9500,372700
CM.TO,20250103,90.7400,91.2500,90.1000,90.6300,2589581
CMAG.TO,20250103,37.6000,37.6000,37.6000,37.6000,0
CMAR.TO,20250103,18.1200,18.1200,18.1200,18.1200,0
CMDO.TO,20250103,19.4000,19.4000,19.3900,19.3900,700
CMEY.TO,20250103,19.7000,19.7000,19.7000,19.7000,0
CMG.TO,20250103,10.5000,10.6700,10.4600,10.6400,103600
CMGG.TO,20250103,33.9900,33.9900,33.9800,33.9800,260
CMNY.TO,20250103,50.0600,50.1100,50.0600,50.1000,2700
CMOM.TO,20250103,26.0100,26.6400,26.0100,26.6400,738
CMR.TO,20250103,50.0300,50.0400,50.0300,50.0400,60900
CNAO.TO,20250103,31.3100,31.3100,31.3100,31.3100,0
CNCC.TO,20250103,12.5100,12.5100,12.4700,12.5000,3300
CNCL.TO,20250103,20.1300,20.2900,20.1100,20.1400,3800
CNDX.TO,20250103,28.0100,28.1400,28.0000,28.0900,2400
CNE.TO,20250103,3.8500,3.8600,3.7100,3.7900,18900
CNQ.TO,20250103,45.4500,45.6500,45.2400,45.6100,4635433
CNR.TO,20250103,147.0000,148.4900,147.0000,148.1800,1429900
CNT.TO,20250103,0.0300,0.0300,0.0300,0.0300,0
COG.TO,20250103,0.5200,0.5200,0.5200,0.5200,87500
COMM.TO,20250103,41.2500,41.2500,41.1800,41.1800,200
COPP.TO,20250103,31.4900,31.9600,31.4900,31.7700,500
COPR.TO,20250103,0.2500,0.2700,0.2450,0.2500,18232
CORE.TO,20250103,20.2400,20.2400,20.1600,20.1600,3100
COW.TO,20250103,64.7200,65.0000,64.6600,64.9500,1600
CP.TO,20250103,106.4100,107.1000,105.9300,106.7900,1111000
CPD.TO,20250103,12.5600,12.6800,12.5600,12.6800,80800
CPH.TO,20250103,14.3000,14.6500,14.3000,14.4200,17100
CPLS.TO,20250103,17.9800,17.9800,17.9800,17.9800,0
CPX.TO,20250103,63.9100,64.4500,63.4600,63.5300,687105
CRDL.TO,20250103,2.0200,2.1000,1.9800,2.0800,70322
CRED.TO,20250103,20.3400,20.3400,20.3400,20.3400,0
CRON.TO,20250103,2.9400,3.0400,2.9400,2.9900,94666
CROP.TO,20250103,18.8500,18.8600,18.8500,18.8600,4900
CRP.TO,20250103,3.0700,3.0900,3.0700,3.0900,1200
CRRX.TO,20250103,2.0800,2.1200,2.0300,2.1100,2200
CRWN.TO,20250103,1.6100,1.6100,1.6100,1.6100,0
CS.TO,20250103,9.0000,9.0600,8.7700,9.0000,1219700
CSAV.TO,20250103,50.0600,50.0700,50.0600,50.0700,34205
CSBI.TO,20250103,20.6200,20.6200,20.6200,20.6200,500
CSCI.TO,20250103,4.1700,4.8000,4.1700,4.8000,11200
CSU.TO,20250103,4471.1001,4471.1001,4341.8799,4458.4399,22200
CTC.TO,20250103,200.3500,214.0000,200.3500,214.0000,1000
CTS.TO,20250103,3.3800,3.7400,3.3600,3.7100,695700
CTX.TO,20250103,0.5900,0.5900,0.5900,0.5900,0
CU.TO,20250103,34.7800,35.0500,34.7800,34.8500,447300
CUD.TO,20250103,52.3100,52.5100,52.3100,52.5000,500
CUDV.TO,20250103,23.0200,23.0200,23.0200,23.0200,1000
CUEH.TO,20250103,23.1700,23.2000,23.1100,23.1800,2100
CUEI.TO,20250103,33.7700,33.9600,33.7700,33.9600,3862
CURA.TO,20250103,2.3600,2.3700,2.3000,2.3100,306800
CVD.TO,20250103,17.4700,17.4700,17.3600,17.4000,1300
CVE.TO,20250103,22.1300,22.2500,21.8900,22.1500,3269400
CVG.TO,20250103,70.0100,70.0100,68.4100,69.0100,2500
CVO.TO,20250103,6.3600,6.3800,6.1400,6.3600,39500
CWB.TO,20250103,58.5000,59.6500,58.3800,59.3800,376900
CWEB.TO,20250103,0.1500,0.1600,0.1500,0.1600,37300
CWL.TO,20250103,1.2300,1.2900,1.2300,1.2300,14200
CWW.TO,20250103,57.5000,57.6500,57.5000,57.5300,500
CXB.TO,20250103,2.2100,2.2450,2.2000,2.2300,1051589
CXF.TO,20250103,10.2700,10.2700,10.2700,10.2700,200
CXI.TO,20250103,23.0900,23.1200,22.8300,22.8300,1900
CYB.TO,20250103,73.7300,73.8000,73.0000,73.3500,5700
CYBR.TO,20250103,50.9800,51.1000,50.9500,51.1000,1500
CYH.TO,20250103,21.5500,21.6000,21.5100,21.6000,2500
DAMG.TO,20250103,20.5000,20.5000,20.5000,20.5000,0
DANC.TO,20250103,22.6800,22.6800,22.6800,22.6800,200
DATA.TO,20250103,27.7000,27.8800,27.7000,27.8200,2300
DAY.TO,20250103,103.5300,105.0800,103.3500,104.5900,14300
DBM.TO,20250103,8.6300,8.6300,8.4800,8.5600,84500
DBO.TO,20250103,0.1600,0.1700,0.1600,0.1600,95300
DCBC.TO,20250103,21.0650,21.0650,21.0650,21.0650,400
DCBO.TO,20250103,64.9500,65.0700,60.9100,63.8800,56126
DCC.TO,20250103,18.9100,18.9100,18.9100,18.9100,0
DCG.TO,20250103,18.3200,18.3200,18.3100,18.3100,1800
DCM.TO,20250103,2.1300,2.1700,2.0900,2.1400,58500
DCP.TO,20250103,19.8100,19.8100,19.8100,19.8100,200
DCS.TO,20250103,18.9500,18.9500,18.9500,18.9500,0
DCU.TO,20250103,17.9400,17.9400,17.9400,17.9400,300
DF.TO,20250103,6.1700,6.2600,6.1400,6.2600,63800
DFN.TO,20250103,6.2500,6.3000,6.2300,6.3000,262800
DFY.TO,20250103,57.9900,58.5500,57.9900,58.3700,48700
DGRC.TO,20250103,39.1500,39.2800,39.1500,39.2200,300
DGS.TO,20250103,6.8900,6.9100,6.8200,6.8400,134160
DIAM.TO,20250103,0.0200,0.0250,0.0200,0.0250,17100
DISC.TO,20250103,43.0900,43.4100,43.0900,43.3800,600
DIV.TO,20250103,2.9500,2.9700,2.9200,2.9600,181800
DIVS.TO,20250103,16.2500,16.2500,16.2500,16.2500,800
DLCG.TO,20250103,7.8500,8.0000,7.8300,8.0000,8500
DLR.TO,20250103,14.6200,14.6700,14.6100,14.6600,801200
DMEC.TO,20250103,23.1700,23.1700,23.1700,23.1700,100
DMEI.TO,20250103,20.8500,20.8500,20.8400,20.8400,200
DMEU.TO,20250103,24.7800,24.7800,24.7800,24.7800,500
DML.TO,20250103,3.0000,3.0400,2.8900,3.0200,1928800
DND.TO,20250103,17.4600,17.9500,17.4600,17.7200,52600
DNG.TO,20250103,5.7800,5.8500,5.7700,5.8200,59400
DNTL.TO,20250103,8.3800,8.5500,8.3700,8.5200,119700
DOL.TO,20250103,140.3000,141.9100,140.3000,141.9000,251200
DOO.TO,20250103,71.9300,73.8400,71.3600,73.7600,144200
DPM.TO,20250103,13.4500,13.5200,13.3700,13.4300,303068
DR.TO,20250103,15.4500,15.5200,15.2800,15.4100,20291
DRCU.TO,20250103,18.8600,18.8600,18.8600,18.8600,0
DRFC.TO,20250103,32.9200,33.0400,32.9200,33.0400,2448
DRFD.TO,20250103,23.8200,23.8200,23.8200,23.8200,300
DRFE.TO,20250103,23.3200,23.3400,23.3200,23.3400,2300
DRFG.TO,20250103,31.6000,31.8300,31.6000,31.8300,500
DRM.TO,20250103,21.7900,21.9900,21.6500,21.7800,51100
DRMC.TO,20250103,32.3600,32.6500,32.2500,32.3600,13800
DRMD.TO,20250103,25.4300,25.4300,25.4300,25.4300,102
DRME.TO,20250103,18.1300,18.1300,18.1300,18.1300,0
DRMU.TO,20250103,45.8600,45.8600,45.8300,45.8300,507
DRT.TO,20250103,0.9800,1.0600,0.9800,1.0500,73900
DRX.TO,20250103,9.8100,9.8900,9.6000,9.7000,65900
DS.TO,20250103,6.7500,6.8300,6.7100,6.8300,30700
DSAE.TO,20250103,26.3900,26.3900,26.3900,26.3900,0
DSG.TO,20250103,164.0900,164.9400,163.1400,164.6000,74900
DSV.TO,20250103,0.8100,0.8200,0.7700,0.8100,306800
DTOL.TO,20250103,19.0000,19.0600,18.5500,18.6600,9000
DXB.TO,20250103,17.8600,17.8600,17.8400,17.8400,6700
DXBC.TO,20250103,21.9000,21.9000,21.9000,21.9000,3575
DXBU.TO,20250103,21.3900,21.3900,21.3900,21.3900,0
DXC.TO,20250103,37.8800,38.0300,37.8500,38.0300,6200
DXDB.TO,20250103,21.3400,21.3400,21.3100,21.3300,1900
DXEM.TO,20250103,13.2300,13.2300,13.2300,13.2300,1800
DXET.TO,20250103,18.1800,18.1800,18.1800,18.1800,0
DXF.TO,20250103,45.9000,45.9000,45.9000,45.9000,0
DXG.TO,20250103,68.6400,69.6100,68.6400,69.5200,4100
DXGE.TO,20250103,24.8500,24.8500,24.8500,24.8500,2500
DXIF.TO,20250103,24.1700,24.1700,24.1700,24.1700,0
DXN.TO,20250103,21.7500,21.7500,21.7500,21.7500,300
DXO.TO,20250103,19.4600,19.4900,19.4300,19.4300,3200
DXP.TO,20250103,23.2300,23.4200,23.2300,23.4200,3152
DXQ.TO,20250103,26.2700,26.5100,26.2700,26.4950,12700
DXR.TO,20250103,22.8500,22.8500,22.8500,22.8500,0
DXT.TO,20250103,7.9200,8.0800,7.9200,8.0000,35793
DXU.TO,20250103,64.8200,65.5100,64.8200,65.4900,1700
DXUS.TO,20250103,31.1500,31.2400,31.1500,31.1600,17943
DXV.TO,20250103,19.6100,19.6400,19.6100,19.6300,13100
DXW.TO,20250103,21.9900,21.9900,21.9900,21.9900,0
DXZ.TO,20250103,13.6100,13.6100,13.6100,13.6100,0
DYA.TO,20250103,0.1700,0.1750,0.1650,0.1700,313998
E.TO,20250103,2.0500,2.1100,2.0000,2.0800,343300
EAGR.TO,20250103,0.5800,0.5800,0.5500,0.5800,5500
EARN.TO,20250103,48.7700,48.7700,48.7700,48.7700,0
EBIT.TO,20250103,49.9600,51.0200,49.7500,50.7000,77600
EBNK.TO,20250103,11.0600,11.0600,11.0600,11.0600,1100
ECN.TO,20250103,3.1900,3.3200,3.1900,3.3100,245500
ECO.TO,20250103,4.2400,4.3000,4.2200,4.2300,4900
ECOR.TO,20250103,1.2500,1.2500,1.2200,1.2300,91500
EDGE.TO,20250103,39.4500,39.4600,39.4300,39.4300,1500
EDGF.TO,20250103,10.3600,10.3600,10.3600,10.3600,200
EDR.TO,20250103,5.8400,5.8500,5.5900,5.6000,338600
EDT.TO,20250103,0.5600,0.5600,0.5500,0.5500,17037
EDV.TO,20250103,26.8700,26.9000,26.5000,26.8000,251242
EFN.TO,20250103,29.2300,29.4800,29.0200,29.2700,211765
EFR.TO,20250103,8.2300,8.3200,7.9100,8.2800,413600
EFX.TO,20250103,14.7100,14.9000,14.6100,14.8300,454200
EGIF.TO,20250103,22.6300,22.6300,22.6300,22.6300,0
EGLX.TO,20250103,0.1300,0.1350,0.1300,0.1350,68000
EHE.TO,20250103,31.3600,31.3600,31.3600,31.3600,0
EIF.TO,20250103,58.4800,58.8800,57.7700,58.3600,57500
ELD.TO,20250103,22.6000,22.6300,22.3700,22.4300,167000
ELEF.TO,20250103,0.2000,0.2000,0.2000,0.2000,90600
ELF.TO,20250103,1324.9900,1324.9900,1324.9900,1324.9900,102
ELO.TO,20250103,0.8800,0.8800,0.8700,0.8700,16500
ELR.TO,20250103,0.1400,0.1400,0.1400,0.1400,4000
ELVA.TO,20250103,3.5800,3.8700,3.5600,3.7700,15000
EMA.TO,20250103,53.5400,54.0700,53.5400,53.6400,1098700
EMAX.TO,20250103,15.1500,15.2000,15.1000,15.1800,6000
ENB.TO,20250103,61.9200,62.7500,61.9200,62.2500,2469700
ENCC.TO,20250103,10.8800,10.9000,10.8300,10.8700,82300
ENCL.TO,20250103,19.1900,19.1900,19.0300,19.1000,83100
ENGH.TO,20250103,27.1800,27.6900,27.1200,27.5300,131900
ENS.TO,20250103,14.0600,14.2400,14.0600,14.1800,37552
EPRX.TO,20250103,4.4000,4.5300,4.3900,4.3900,22300
EQB.TO,20250103,98.5700,99.5100,98.5700,99.0700,34900
EQCC.TO,20250103,21.0800,21.0800,21.0800,21.0800,200
EQCL.TO,20250103,22.5700,22.9100,22.5700,22.9100,6944
EQL.TO,20250103,38.3800,38.7300,38.2300,38.6300,53800
EQLI.TO,20250103,21.4400,21.6600,21.4400,21.6600,12300
EQX.TO,20250103,7.6400,7.6700,7.5000,7.5300,657800
ERD.TO,20250103,0.5700,0.6100,0.5700,0.6000,114400
ERO.TO,20250103,19.7700,20.0600,19.6200,19.9500,244900
ESG.TO,20250103,44.5600,44.9500,44.5600,44.8900,3700
ESGA.TO,20250103,40.5400,40.6100,40.5400,40.5500,1500
ESGB.TO,20250103,27.7800,27.7800,27.7800,27.7800,0
ESGC.TO,20250103,28.8500,28.9300,28.8500,28.9300,500
ESGE.TO,20250103,34.3000,34.3000,34.3000,34.3000,200
ESGF.TO,20250103,23.8100,23.8100,23.8100,23.8100,100
ESGG.TO,20250103,50.6800,50.6800,50.6800,50.6800,100
ESGH.TO,20250103,29.7200,29.7200,29.7200,29.7200,0
ESGY.TO,20250103,60.0100,60.4800,60.0100,60.4800,300
ESI.TO,20250103,3.1500,3.2200,3.1400,3.1900,228600
ESM.TO,20250103,0.0450,0.0450,0.0450,0.0450,85800
ESP.TO,20250103,5.7500,5.7500,5.7000,5.7000,3500
ESPX.TO,20250103,24.9300,25.0800,24.9300,25.0800,2100
ET.TO,20250103,12.6000,12.8000,12.6000,12.8000,11800
ETC.TO,20250103,20.6900,21.1800,20.6200,21.0600,15600
ETG.TO,20250103,2.4500,2.7400,2.4400,2.7400,222600
ETHH.TO,20250103,13.9000,14.3700,13.8600,14.2800,72400
ETHI.TO,20250103,53.4500,53.6600,53.4500,53.6600,2600
ETHQ.TO,20250103,20.0000,20.6000,20.0000,20.5400,7500
ETHR.TO,20250103,17.1300,17.7500,17.1300,17.6000,42100
ETHY.TO,20250103,4.0500,4.1600,4.0500,4.1300,47300
ETP.TO,20250103,17.5600,17.5600,17.5600,17.5600,0
ETSX.TO,20250103,21.1100,21.1100,21.1100,21.1100,300
EVO.TO,20250103,22.4200,22.4200,22.4200,22.4200,600
EVT.TO,20250103,167.1900,167.1900,167.1900,167.1900,300
EXE.TO,20250103,10.3800,10.4500,10.2500,10.2900,76800
EXN.TO,20250103,0.0900,0.1000,0.0900,0.0900,44000
EXRO.TO,20250103,0.1450,0.1500,0.1300,0.1300,676200
FAP.TO,20250103,2.8200,2.8200,2.7900,2.8000,41500
FAR.TO,20250103,2.4300,2.4900,2.4300,2.4500,12900
FBGO.TO,20250103,17.6600,17.6600,17.6500,17.6500,200
FBT.TO,20250103,30.7400,30.7400,30.7400,30.7400,500
FBTC.TO,20250103,46.2900,47.3500,46.0800,46.9600,75200
FC.TO,20250103,11.9800,12.1100,11.9600,12.0200,72917
FCCD.TO,20250103,30.0800,30.2300,30.0800,30.1800,6100
FCCQ.TO,20250103,37.9600,38.0400,37.9600,38.0000,4200
FCCV.TO,20250103,15.2400,15.2800,15.2400,15.2500,15500
FCEM.TO,20250103,10.1800,10.1800,10.1800,10.1800,654
FCID.TO,20250103,26.8500,26.8500,26.7800,26.7800,600
FCII.TO,20250103,21.9600,21.9600,21.9600,21.9600,0
FCIQ.TO,20250103,39.1400,39.3600,39.1400,39.3500,11200
FCIV.TO,20250103,33.8300,34.0100,33.8300,34.0100,4100
FCQH.TO,20250103,57.1200,57.1200,57.1200,57.1200,100
FCRR.TO,20250103,44.2600,44.2600,44.2600,44.2600,0
FCUD.TO,20250103,38.1000,38.1400,38.0900,38.0900,1500
FCUH.TO,20250103,31.7500,31.7500,31.7400,31.7400,200
FCUQ.TO,20250103,65.2200,65.6300,65.0600,65.5200,6600
FCUV.TO,20250103,20.1400,20.2350,20.0000,20.2350,31000
FCVH.TO,20250103,18.1000,18.1000,18.1000,18.1000,280
FDN.TO,20250103,28.7300,28.7300,28.6900,28.6900,200
FDY.TO,20250103,0.7500,0.7600,0.7500,0.7500,26300
FEC.TO,20250103,8.9000,9.3100,8.9000,9.3100,61200
FETH.TO,20250103,67.5000,70.2800,67.5000,69.8600,3795
FF.TO,20250103,0.1250,0.1250,0.1200,0.1200,729100
FFH.TO,20250103,1987.2700,2005.0000,1971.5900,1996.0100,35300
FFN.TO,20250103,6.9700,7.0400,6.9100,7.0400,150100
FGB.TO,20250103,18.4400,18.4400,18.4400,18.4400,0
FGEP.TO,20250103,11.0500,11.1500,11.0500,11.1500,5600
FGGE.TO,20250103,25.4100,25.4100,25.4100,25.4100,0
FGO.TO,20250103,9.9000,9.9200,9.9000,9.9000,5100
FHG.TO,20250103,57.0200,57.0200,57.0200,57.0200,700
FHH.TO,20250103,40.3500,40.3500,40.3500,40.3500,0
FHI.TO,20250103,10.5200,10.6000,10.5200,10.6000,2500
FHIS.TO,20250103,20.8400,20.8600,20.8400,20.8600,5200
FHQ.TO,20250103,103.1600,104.1200,102.4200,104.0300,500
FIE.TO,20250103,8.1900,8.2500,8.1900,8.2400,88400
FIG.TO,20250103,9.4400,9.4500,9.4400,9.4500,400
FIL.TO,20250103,32.0400,32.2000,31.9800,32.0800,171300
FINO.TO,20250103,27.2500,27.2500,27.2500,27.2500,501
FINT.TO,20250103,26.0400,26.0400,26.0400,26.0400,0
FLCI.TO,20250103,18.0500,18.0500,18.0500,18.0500,0
FLCP.TO,20250103,18.0600,18.0600,18.0400,18.0400,2300
FLGA.TO,20250103,18.8600,18.8600,18.8600,18.8600,600
FLI.TO,20250103,11.0500,11.1500,11.0500,11.1500,900
FLNT.TO,20250103,0.0300,0.0300,0.0250,0.0250,17000
FLOW.TO,20250103,0.1700,0.1700,0.1700,0.1700,0
FLSD.TO,20250103,19.2700,19.3000,19.2700,19.3000,600
FLUS.TO,20250103,49.4400,49.4400,49.4400,49.4400,100
FLX.TO,20250103,7.2400,7.2400,7.2400,7.2400,300
FM.TO,20250103,19.2400,19.3300,18.8200,19.1100,1333300
FMAX.TO,20250103,19.4000,19.5400,19.4000,19.5400,9300
FN.TO,20250103,40.0800,40.1600,39.6200,40.1400,30968
FNV.TO,20250103,174.5700,177.4100,174.5700,176.8100,212900
FOM.TO,20250103,4.0600,4.0600,3.9600,4.0200,108900
FOOD.TO,20250103,0.3850,0.4000,0.3850,0.4000,22700
FORA.TO,20250103,10.8300,10.9300,10.7500,10.9100,38700
FOUR.TO,20250103,53.5200,53.5200,53.5200,53.5200,0
FPR.TO,20250103,23.0900,23.0900,23.0900,23.0900,100
FRU.TO,20250103,13.1200,13.1800,13.0500,13.1400,639000
FRX.TO,20250103,9.0100,9.0100,8.8100,8.8300,1500
FSB.TO,20250103,9.6500,9.6500,9.6500,9.6500,700
FSF.TO,20250103,30.7100,30.7500,30.7100,30.7500,200
FSL.TO,20250103,16.9100,16.9100,16.9100,16.9100,0
FST.TO,20250103,55.9000,55.9000,55.9000,55.9000,0
FSV.TO,20250103,259.3000,263.2300,258.5000,262.8200,48300
FSY.TO,20250103,0.7200,0.7500,0.7200,0.7400,201200
FSZ.TO,20250103,9.0100,9.0500,8.9500,9.0000,169102
FT.TO,20250103,0.0500,0.0500,0.0500,0.0500,170400
FTG.TO,20250103,7.4100,7.4200,7.3800,7.4200,32600
FTHI.TO,20250103,10.9100,10.9200,10.9100,10.9200,400
FTN.TO,20250103,9.2200,9.3300,9.1800,9.3300,208400
FTS.TO,20250103,59.6000,60.2900,59.6000,60.0400,637700
FTT.TO,20250103,37.6900,37.9900,37.4300,37.5100,312877
FTU.TO,20250103,0.4700,0.4700,0.4700,0.4700,500
FURY.TO,20250103,0.5600,0.5700,0.5500,0.5600,16000
FVI.TO,20250103,6.6300,6.6500,6.4700,6.5100,478600
FVL.TO,20250103,0.8300,0.8300,0.7800,0.7900,275100
FXM.TO,20250103,26.2500,26.2500,26.2100,26.2100,503
GATO.TO,20250103,21.7000,21.9100,21.0800,21.2600,12700
GAU.TO,20250103,1.9200,1.9200,1.8300,1.8600,37400
GBAL.TO,20250103,51.8800,51.9100,51.8800,51.9100,400
GBT.TO,20250103,13.0800,13.0800,13.0800,13.0800,0
GCBD.TO,20250103,18.3400,18.3600,18.3400,18.3600,1300
GCFE.TO,20250103,29.6500,29.7200,29.6500,29.7200,900
GCG.TO,20250103,42.4200,42.4200,42.4200,42.4200,0
GCL.TO,20250103,0.9500,0.9900,0.9500,0.9800,74900
GCNS.TO,20250103,45.1100,45.1100,45.1100,45.1100,2000
GCSC.TO,20250103,26.8500,26.8500,26.8500,26.8500,900
GCTB.TO,20250103,50.0500,50.0500,50.0400,50.0400,2500
GDC.TO,20250103,3.3600,3.3700,3.3000,3.3100,2800
GDEP.TO,20250103,20.0500,20.0500,20.0500,20.0500,0
GDI.TO,20250103,40.4700,40.4700,37.6400,40.0000,25400
GDL.TO,20250103,13.1700,13.1700,12.5400,12.9900,8200
GDPY.TO,20250103,20.7300,20.7300,20.7300,20.7300,0
GDV.TO,20250103,11.5400,11.5700,11.4500,11.5000,37400
GEI.TO,20250103,25.1100,25.3500,25.1000,25.1800,385930
GENM.TO,20250103,0.1600,0.1600,0.1550,0.1550,35243
GEO.TO,20250103,2.9700,3.0900,2.9700,3.0900,4300
GEQT.TO,20250103,65.0800,65.4300,65.0800,65.4300,1100
GFL.TO,20250103,64.3300,64.6900,64.0800,64.4600,202200
GFP.TO,20250103,5.3100,5.4400,5.2900,5.4400,4501
GFR.TO,20250103,10.4800,10.4800,10.1800,10.3400,22200
GGD.TO,20250103,1.2000,1.2200,1.1700,1.1700,312100
GGRO.TO,20250103,58.1300,58.4500,58.1300,58.3800,600
GH.TO,20250103,10.1000,10.2400,10.0500,10.0500,1100
GIL.TO,20250103,67.3400,67.7900,66.8300,67.7600,223600
GIQG.TO,20250103,29.8200,29.8200,29.8200,29.8200,0
GIQU.TO,20250103,31.2500,31.2500,31.2500,31.2500,0
GLCC.TO,20250103,26.9200,26.9200,26.7000,26.7100,12000
GLO.TO,20250103,0.9000,0.9400,0.8700,0.9400,935900
GLXY.TO,20250103,27.3600,29.5000,26.1500,29.4400,1025500
GMIN.TO,20250103,11.5600,11.7600,11.3900,11.6200,160300
GMTN.TO,20250103,0.0250,0.0300,0.0250,0.0300,104100
GMX.TO,20250103,1.1700,1.1800,1.1500,1.1800,11500
GOLD.TO,20250103,1.2000,1.2000,1.1800,1.1900,27570
GOOS.TO,20250103,14.2900,14.4700,14.1300,14.4700,267800
GRA.TO,20250103,2.5700,2.5800,2.5400,2.5400,37180
GRC.TO,20250103,0.0600,0.0600,0.0600,0.0600,0
GRCC.TO,20250103,22.1500,22.1500,22.1500,22.1500,400
GRID.TO,20250103,1.9000,1.9400,1.8900,1.9000,37500
GRN.TO,20250103,0.0950,0.1000,0.0950,0.0950,186700
GRNI.TO,20250103,28.3000,28.3000,28.3000,28.3000,100
GSY.TO,20250103,167.2300,168.5000,166.0500,168.0700,33756
GTE.TO,20250103,10.8300,11.1500,10.7700,11.1100,34600
GTWO.TO,20250103,1.9800,2.1100,1.9300,2.1000,174600
GUD.TO,20250103,5.3500,5.4100,5.3500,5.3700,22300
GURU.TO,20250103,1.3600,1.3600,1.3300,1.3400,12900
GVC.TO,20250103,0.1600,0.1600,0.1600,0.1600,0
GWO.TO,20250103,46.8500,47.2500,46.8100,47.0500,662401
GXE.TO,20250103,0.5200,0.5300,0.5100,0.5300,1093900
H.TO,20250103,44.3100,44.8800,44.3100,44.8500,600300
HAB.TO,20250103,10.2700,10.2700,10.2500,10.2500,2000
HAC.TO,20250103,31.1800,31.1800,31.1800,31.1800,300
HAD.TO,20250103,9.1300,9.1300,9.1300,9.1300,300
HAF.TO,20250103,7.0500,7.1000,7.0500,7.1000,6500
HAI.TO,20250103,5.4300,5.6600,5.3700,5.5050,26176
HAL.TO,20250103,22.1100,22.2100,22.1100,22.1900,14200
HAZ.TO,20250103,38.5800,38.7600,38.5000,38.6500,2500
HBA.TO,20250103,28.1100,28.1100,28.0700,28.0700,2800
HBAL.TO,20250103,15.8700,15.8700,15.8700,15.8700,236
HBB.TO,20250103,49.1300,49.1300,49.0000,49.0100,47600
HBD.TO,20250103,25.8800,25.8800,25.8800,25.8800,0
HBF.TO,20250103,10.0500,10.0900,10.0500,10.0700,38400
HBGD.TO,20250103,32.3900,33.2500,32.3900,33.2500,1100
HBIE.TO,20250103,23.5800,23.7800,23.5800,23.7800,1700
HBIG.TO,20250103,23.9300,23.9300,23.9200,23.9200,2500
HBIL.TO,20250103,15.4600,15.4600,15.4350,15.4350,8700
HBKD.TO,20250103,13.0100,13.0100,13.0100,13.0100,0
HBKU.TO,20250103,28.9300,28.9300,28.9300,28.9300,100
HBLK.TO,20250103,19.4000,20.1700,19.4000,20.1700,600
HBM.TO,20250103,12.3400,12.4000,11.9900,12.2400,1078700
HBND.TO,20250103,13.6900,13.7100,13.6100,13.6200,67900
HBNK.TO,20250103,25.0200,25.1500,25.0200,25.1500,700
HBP.TO,20250103,0.9200,0.9200,0.9200,0.9200,500
HBU.TO,20250103,17.0300,17.0600,16.9600,16.9600,1085
HBUG.TO,20250103,24.9600,24.9600,24.9600,24.9600,0
HCA.TO,20250103,23.9300,23.9300,23.9300,23.9300,200
HCAL.TO,20250103,24.8400,25.0200,24.8400,24.9750,22900
HCLN.TO,20250103,7.8900,8.0300,7.8900,8.0300,5077
HCON.TO,20250103,13.9500,13.9500,13.9000,13.9000,1700
HCRE.TO,20250103,26.1200,26.1400,26.1200,26.1400,900
HDGE.TO,20250103,27.1500,27.1500,27.1500,27.1500,0
HDIF.TO,20250103,8.5800,8.6700,8.5700,8.6400,98800
HDIV.TO,20250103,17.5700,17.7000,17.5600,17.6750,102200
HEB.TO,20250103,19.6700,19.7100,19.6700,19.7100,300
HED.TO,20250103,24.0500,24.3000,24.0300,24.1000,3901
HEQL.TO,20250103,27.3300,27.7200,27.3300,27.7200,4665
HEQT.TO,20250103,18.1700,18.2400,18.1100,18.2400,23000
HERO.TO,20250103,35.5800,35.7000,35.5800,35.6700,1700
HEU.TO,20250103,27.9600,28.0800,27.7300,28.0500,55800
HEWB.TO,20250103,38.8000,38.9700,38.8000,38.9000,5599
HFD.TO,20250103,6.2500,6.2500,6.2050,6.2200,16625
HFG.TO,20250103,27.6250,27.6250,27.6250,27.6250,100
HFIN.TO,20250103,19.5500,19.6600,19.5500,19.6300,7600
HFR.TO,20250103,10.0600,10.0800,10.0600,10.0700,44700
HFU.TO,20250103,31.6200,31.7800,31.6200,31.7300,1500
HGD.TO,20250103,27.7900,27.9700,27.4100,27.9600,39900
HGGG.TO,20250103,35.1700,35.1700,35.1700,35.1700,0
HGR.TO,20250103,5.8600,5.9550,5.8600,5.9500,152300
HGRW.TO,20250103,25.1300,25.1300,25.1300,25.1300,0
HGU.TO,20250103,23.0100,23.0100,22.5100,22.5400,152800
HGY.TO,20250103,11.4300,11.4300,11.3300,11.3300,1700
HHL.TO,20250103,7.6800,7.7600,7.6750,7.7400,192790
HHLE.TO,20250103,9.3800,9.5400,9.3800,9.5200,26100
HIG.TO,20250103,7.6700,7.6700,7.6700,7.6700,110
HIND.TO,20250103,11.8500,11.9400,11.8500,11.9400,2400
HIU.TO,20250103,10.9700,10.9900,10.9100,10.9200,54600
HIX.TO,20250103,24.9100,24.9100,24.9100,24.9100,0
HLF.TO,20250103,15.5900,16.1000,15.5900,16.0800,9900
HLIF.TO,20250103,9.5500,9.5600,9.5400,9.5500,5200
HLIT.TO,20250103,14.7300,14.8500,14.7300,14.8500,300
HLPR.TO,20250103,28.9000,28.9000,28.8800,28.8800,3900
HLS.TO,20250103,3.9900,3.9900,3.9500,3.9600,4110
HMAX.TO,20250103,14.5800,14.6300,14.5400,14.6300,165700
HMMJ.TO,20250103,9.2400,9.3800,9.2400,9.3100,6300
HMP.TO,20250103,9.6300,9.6300,9.6300,9.6300,0
HND.TO,20250103,12.5000,13.4800,12.4100,13.3100,2076336
HNU.TO,20250103,35.0600,35.3700,31.7500,32.3000,1695205
HOD.TO,20250103,5.9400,5.9600,5.8350,5.8700,1457356
HOU.TO,20250103,13.0600,13.2800,13.0100,13.2100,292500
HPF.TO,20250103,3.1300,3.1300,3.1200,3.1300,158300
HPR.TO,20250103,9.2600,9.3700,9.2600,9.3700,36400
HPYM.TO,20250103,10.9200,10.9300,10.8900,10.9000,32300
HPYT.TO,20250103,9.6900,9.7200,9.6400,9.6600,208700
HQD.TO,20250103,10.3700,10.4100,10.1250,10.1600,1871757
HQU.TO,20250103,23.9300,24.5100,23.8800,24.4200,1178522
HRAA.TO,20250103,12.1200,12.1200,12.1200,12.1200,700
HRED.TO,20250103,14.5600,14.5600,14.5600,14.5600,0
HRIF.TO,20250103,16.4000,16.4000,16.4000,16.4000,0
HRX.TO,20250103,31.8900,31.9000,31.8400,31.8700,23700
HSAV.TO,20250103,114.1000,114.3400,114.0900,114.2700,26900
HSD.TO,20250103,15.6200,15.6700,15.3500,15.3800,386900
HSH.TO,20250103,72.5500,73.0400,72.5500,72.9800,1406
HSU.TO,20250103,25.7000,26.1300,25.6200,26.1000,633709
HTA.TO,20250103,18.6200,18.8900,18.6200,18.8600,31100
HTAE.TO,20250103,16.8900,17.1500,16.8900,17.1300,33600
HTB.TO,20250103,59.2500,59.2500,59.1800,59.1800,673
HUBL.TO,20250103,13.4800,13.5300,13.4200,13.5300,8300
HUC.TO,20250103,21.9000,22.0300,21.9000,22.0200,1408
HUG.TO,20250103,20.5500,20.5500,20.4900,20.4900,809
HULC.TO,20250103,102.5600,103.5300,102.5600,103.4300,3800
HUM.TO,20250103,35.4500,35.5700,35.4500,35.5700,200
HUN.TO,20250103,8.1400,8.1600,7.9900,7.9900,7400
HURA.TO,20250103,37.5000,38.1800,37.5000,38.1800,1464
HUT.TO,20250103,31.4000,34.9000,31.1700,34.9000,1468400
HUTE.TO,20250103,10.2800,10.3000,10.2500,10.2700,15000
HUTL.TO,20250103,17.3500,17.4800,17.3100,17.3500,28500
HUTS.TO,20250103,12.4600,12.5300,12.4400,12.5000,19300
HUV.TO,20250103,8.1400,8.1700,7.8100,7.8400,531000
HUZ.TO,20250103,13.1400,13.1900,13.1400,13.1600,500
HWO.TO,20250103,1.1100,1.1100,1.1100,1.1100,0
HWX.TO,20250103,6.7900,6.8300,6.7100,6.8100,449000
HXCN.TO,20250103,41.1700,41.2300,41.0200,41.1700,16100
HXD.TO,20250103,23.3300,23.4000,23.1600,23.1900,19100
HXDM.TO,20250103,47.2700,47.5000,47.2100,47.4700,12008
HXE.TO,20250103,36.1700,36.6300,36.1700,36.6300,14153
HXEM.TO,20250103,37.9000,37.9300,37.9000,37.9100,600
HXF.TO,20250103,84.5000,84.5000,84.5000,84.5000,200
HXH.TO,20250103,53.7500,53.7500,53.7500,53.7500,305
HXQ.TO,20250103,87.0800,88.3400,87.0800,88.1900,35982
HXS.TO,20250103,87.1400,88.1200,87.1400,88.0000,42400
HXT.TO,20250103,65.2400,65.4800,65.1100,65.4400,126060
HXU.TO,20250103,27.7700,27.9500,27.6500,27.9200,74600
HXX.TO,20250103,50.7000,50.8100,50.6900,50.8100,3062
HYBR.TO,20250103,9.6500,9.7200,9.6500,9.7200,1000
HYLD.TO,20250103,13.7600,13.9300,13.7500,13.9200,147600
HZD.TO,20250103,7.6600,7.8100,7.6400,7.7900,36500
HZU.TO,20250103,25.8100,25.8600,25.2700,25.3700,94052
IAG.TO,20250103,131.6800,132.8700,131.6800,132.5500,166700
IAU.TO,20250103,0.8800,0.8800,0.8250,0.8300,553500
ICAE.TO,20250103,22.7700,22.7700,22.7700,22.7700,100
ICE.TO,20250103,3.8800,3.8800,3.8800,3.8800,100
ICPB.TO,20250103,9.4700,9.4900,9.4700,9.4800,5800
IE.TO,20250103,11.4400,11.4400,11.4400,11.4400,0
IFA.TO,20250103,1.0900,1.1100,1.0900,1.1100,8600
IFC.TO,20250103,262.9100,265.9900,262.9100,265.7200,167100
IFP.TO,20250103,17.4000,17.6200,17.2600,17.4400,95400
IFRF.TO,20250103,8.3000,8.3000,8.3000,8.3000,0
IGAF.TO,20250103,15.5500,15.5500,15.5500,15.5500,300
IGB.TO,20250103,18.2900,18.3000,18.2500,18.2700,11100
IGCF.TO,20250103,16.2000,16.2000,16.2000,16.2000,0
IGEO.TO,20250103,14.7000,14.7000,14.6700,14.6700,1000
IGM.TO,20250103,45.9200,46.3400,45.9200,46.1700,176632
IIAE.TO,20250103,24.7900,24.7900,24.7900,24.7900,0
IICE.TO,20250103,22.8000,22.8000,22.8000,22.8000,200
III.TO,20250103,1.9100,1.9200,1.8900,1.9100,31600
IITE.TO,20250103,20.8500,20.8500,20.8500,20.8500,0
ILGB.TO,20250103,8.8000,8.8000,8.8000,8.8000,0
ILLM.TO,20250103,2.1900,2.3000,2.1500,2.2800,111300
IMG.TO,20250103,7.9700,8.1100,7.8700,7.9600,1451400
IMO.TO,20250103,89.2700,90.2500,88.5400,90.0200,1136100
IMP.TO,20250103,2.5000,2.5900,2.4200,2.5600,80200
INAI.TO,20250103,29.8700,29.8700,29.8700,29.8700,1300
INE.TO,20250103,8.0400,8.2000,8.0300,8.1900,434200
INOC.TO,20250103,15.7000,15.7000,15.7000,15.7000,300
IPCO.TO,20250103,17.6100,17.7000,17.5400,17.6900,45781
IPO.TO,20250103,1.7900,1.8200,1.7900,1.8100,63832
IQD.TO,20250103,33.7000,33.7600,33.7000,33.7600,276
IS.TO,20250103,15.0000,15.0000,14.9800,14.9900,5608
ISCB.TO,20250103,10.7800,10.7800,10.7800,10.7800,500
ISO.TO,20250103,2.9900,3.1000,2.9300,3.0100,421500
ISV.TO,20250103,26.3000,26.8500,26.3000,26.6100,3345
ITH.TO,20250103,0.7300,0.7300,0.6900,0.6900,27600
IUAE.TO,20250103,23.8000,23.8000,23.8000,23.8000,100
IUMF.TO,20250103,23.8600,23.9200,23.8600,23.9200,2800
IUTE.TO,20250103,26.2300,26.2300,26.2300,26.2300,0
IVN.TO,20250103,17.3800,17.6000,17.1100,17.4200,857600
IVQ.TO,20250103,0.1300,0.1300,0.1300,0.1300,129100
IWBE.TO,20250103,18.0200,18.0200,18.0200,18.0200,0
IXTE.TO,20250103,22.3500,22.3500,22.3500,22.3500,0
JAG.TO,20250103,2.4100,2.4200,2.3400,2.3500,31000
JAPN.TO,20250103,50.0300,50.0300,50.0300,50.0300,0
JEPI.TO,20250103,26.5200,26.5200,26.3900,26.4400,9800
JEPQ.TO,20250103,27.8800,28.1100,27.8700,28.0900,61600
JOY.TO,20250103,2.1000,2.1400,2.0400,2.1400,57800
JWEL.TO,20250103,36.7400,37.0400,35.7500,36.7200,18524
K.TO,20250103,14.2200,14.2900,14.0600,14.1300,2816700
KBL.TO,20250103,37.4100,37.9100,37.2000,37.2000,4000
KEC.TO,20250103,16.9500,17.1500,16.9500,17.0600,4700
KEI.TO,20250103,7.6900,8.0000,7.5500,8.0000,24010
KEL.TO,20250103,7.1000,7.1600,7.0500,7.1000,209700
KEY.TO,20250103,44.5500,44.9200,44.2900,44.7100,528600
KILO.TO,20250103,39.1600,39.1600,38.8800,38.8800,10700
KITS.TO,20250103,8.3500,8.3600,8.3000,8.3100,8050
KLS.TO,20250103,0.1400,0.1400,0.1300,0.1400,22000
KNGC.TO,20250103,10.7400,10.7400,10.7400,10.7400,0
KNGU.TO,20250103,10.8800,10.8800,10.8800,10.8800,0
KNT.TO,20250103,9.0200,9.0200,8.8400,8.8500,723912
KPT.TO,20250103,8.1400,8.1800,8.1200,8.1500,18000
KRN.TO,20250103,0.1000,0.1000,0.1000,0.1000,3000
KSI.TO,20250103,5.8600,6.0100,5.8300,6.0000,24400
KXS.TO,20250103,173.1900,173.7200,171.8950,173.6500,23000
L.TO,20250103,190.6500,192.7500,190.6200,191.5000,310300
LAAC.TO,20250103,4.0700,4.1500,4.0200,4.1500,162061
LABS.TO,20250103,0.0650,0.0700,0.0600,0.0650,454600
LAC.TO,20250103,4.4100,4.6200,4.3800,4.5900,627099
LAM.TO,20250103,0.7000,0.7400,0.7000,0.7200,361600
LB.TO,20250103,28.4500,28.6900,28.3900,28.6000,134170
LBS.TO,20250103,9.0000,9.0400,8.9700,9.0100,74000
LCFS.TO,20250103,0.8400,0.8500,0.6900,0.8300,25800
LCS.TO,20250103,8.4800,8.4800,8.3500,8.4400,10100
LEAD.TO,20250103,22.1300,22.1300,22.1300,22.1300,0
LEV.TO,20250103,0.3450,0.3450,0.3450,0.3450,0
LFE.TO,20250103,6.7500,6.7900,6.7000,6.7600,36900
LGD.TO,20250103,0.2800,0.2800,0.2800,0.2800,73100
LGO.TO,20250103,2.6000,2.6400,2.5600,2.6000,6800
LIF.TO,20250103,29.2600,29.3500,29.0500,29.2600,197100
LIFE.TO,20250103,19.4000,19.5200,19.3700,19.4900,9700
LIRC.TO,20250103,5.9400,6.1000,5.8400,6.1000,5100
LLHE.TO,20250103,9.9100,9.9700,9.8200,9.9300,55199
LLYH.TO,20250103,10.5400,10.5700,10.5200,10.5700,7500
LMAX.TO,20250103,15.2200,15.3300,15.2200,15.2700,22100
LN.TO,20250103,0.5900,0.5900,0.5700,0.5800,43000
LNF.TO,20250103,26.1600,26.3900,25.4700,26.3900,20300
LNR.TO,20250103,56.3200,56.6800,55.8800,56.6600,82400
LONG.TO,20250103,38.5500,38.5500,38.5500,38.5500,0
LPAY.TO,20250103,26.5000,26.5000,26.4500,26.4500,510
LSPD.TO,20250103,22.8900,23.1800,22.4200,22.7300,319700
LUC.TO,20250103,0.4600,0.4600,0.4600,0.4600,0
LUG.TO,20250103,31.9800,32.1200,31.5800,31.9700,178700
LUN.TO,20250103,12.6700,12.8300,12.3900,12.5300,1465400
LYCT.TO,20250103,10.3600,10.3600,10.3600,10.3600,0
LYFR.TO,20250103,10.1200,10.1200,10.1200,10.1200,0
MAG.TO,20250103,20.8100,20.8800,20.2700,20.2800,102400
MAL.TO,20250103,10.5000,10.5100,10.4000,10.4300,1200
MARI.TO,20250103,5.2500,5.2800,5.2000,5.2000,7328
MATR.TO,20250103,12.6400,12.8600,12.6200,12.8600,248400
MBX.TO,20250103,0.4100,0.4200,0.4100,0.4200,7800
MCAD.TO,20250103,100.0500,100.0600,100.0500,100.0600,400
MCB.TO,20250103,2.9000,2.9200,2.8200,2.8700,98200
MCLC.TO,20250103,41.8200,41.8200,41.8200,41.8200,100
MCSB.TO,20250103,19.7900,19.7900,19.7900,19.7900,0
MCSM.TO,20250103,42.4500,42.4500,42.4500,42.4500,700
MDA.TO,20250103,28.2900,29.4900,28.1200,29.4400,282500
MDI.TO,20250103,8.2500,8.2900,8.1800,8.1900,38500
MDIV.TO,20250103,19.3000,19.4400,19.3000,19.4400,1900
MDNA.TO,20250103,1.6500,1.6500,1.5700,1.5900,51100
MDP.TO,20250103,3.4200,3.5000,3.4200,3.4200,70600
MEG.TO,20250103,24.0900,24.1400,23.6500,23.8400,2282718
MEQ.TO,20250103,209.3700,209.3700,206.8400,206.8500,1100
MEQT.TO,20250103,25.5800,25.7000,25.5800,25.7000,300
MFC.TO,20250103,44.0700,44.4200,44.0200,44.3000,1648900
MFI.TO,20250103,20.4900,20.6800,20.4100,20.5000,198950
MFT.TO,20250103,17.0700,17.0800,17.0300,17.0800,90500
MG.TO,20250103,59.0100,59.7000,58.3300,59.5800,535400
MGA.TO,20250103,0.3700,0.3800,0.3600,0.3700,808900
MGAB.TO,20250103,16.9200,16.9200,16.9200,16.9200,4410
MGB.TO,20250103,16.0900,16.0900,16.0700,16.0700,6400
MGRW.TO,20250103,29.0700,29.0700,29.0700,29.0700,100
MHCD.TO,20250103,11.6000,11.6300,11.6000,11.6000,2102
MIN.TO,20250103,0.2000,0.2050,0.1950,0.2000,26000
MINF.TO,20250103,10.1600,10.1600,10.1600,10.1600,0
MINN.TO,20250103,24.2000,24.2000,24.1000,24.1200,1900
MINT.TO,20250103,37.8600,37.9000,37.8600,37.9000,200
MIVG.TO,20250103,35.7500,35.7500,35.7500,35.7500,0
MKB.TO,20250103,19.3900,19.3900,19.3300,19.3300,15500
MKP.TO,20250103,18.3900,18.6200,18.3700,18.6200,61900
MND.TO,20250103,4.1700,4.2000,4.0400,4.0400,11300
MNO.TO,20250103,0.4000,0.4100,0.4000,0.4100,153500
MNS.TO,20250103,24.0000,24.0000,24.0000,24.0000,1000
MNT.TO,20250103,39.4400,39.8800,39.4400,39.6600,3900
MNY.TO,20250103,100.0700,100.0700,100.0600,100.0700,9600
MOGO.TO,20250103,1.9100,1.9100,1.8800,1.8900,15500
MPAY.TO,20250103,27.2300,27.2500,27.1800,27.1800,4556
MPC.TO,20250103,5.0000,5.0000,5.0000,5.0000,0
MPVD.TO,20250103,0.1200,0.1200,0.1200,0.1200,14000
MRC.TO,20250103,114.6500,114.6500,114.0200,114.0200,300
MRD.TO,20250103,12.5700,12.8500,12.5700,12.7600,10600
MRE.TO,20250103,9.0000,9.0400,8.9000,9.0200,77004
MREL.TO,20250103,12.0600,12.1200,12.0500,12.1000,7800
MRU.TO,20250103,90.3900,91.6200,90.3300,91.2800,339500
MSA.TO,20250103,1.5700,1.6500,1.5700,1.5800,77800
MSCL.TO,20250103,0.8900,0.8900,0.8700,0.8800,64700
MSFH.TO,20250103,12.2500,12.3300,12.2500,12.3000,25800
MSHE.TO,20250103,12.1300,12.2300,12.0700,12.1500,47024
MSV.TO,20250103,0.1900,0.1900,0.1800,0.1900,3900
MTAV.TO,20250103,29.7800,29.7800,29.7800,29.7800,300
MTL.TO,20250103,14.6500,14.8300,14.5300,14.8000,151800
MTY.TO,20250103,46.0000,46.2800,45.6300,46.1800,24200
MUB.TO,20250103,18.3600,18.3600,18.3100,18.3200,8500
MULC.TO,20250103,52.1400,52.1400,52.1400,52.1400,0
MUMC.TO,20250103,44.3900,44.3900,44.3900,44.3900,0
MUSA.TO,20250103,22.7100,22.7100,22.7100,22.7100,0
MUSC.TO,20250103,34.2800,34.2800,34.2800,34.2800,0
MUX.TO,20250103,11.9200,12.0000,11.8000,11.8000,25800
MX.TO,20250103,71.5500,72.3300,71.1900,71.4000,55600
MXG.TO,20250103,5.8200,6.0900,5.7400,6.0800,16500
NA.TO,20250103,130.6700,133.1700,130.6400,132.4800,2170717
NALT.TO,20250103,22.2000,22.2000,22.1000,22.1000,3000
NANO.TO,20250103,0.8900,0.9400,0.8800,0.9400,46700
NCF.TO,20250103,0.0350,0.0350,0.0350,0.0350,21100
NDIV.TO,20250103,33.3200,33.3200,33.3200,33.3200,0
NDM.TO,20250103,0.9800,1.0700,0.9700,0.9900,731000
NEO.TO,20250103,8.0700,8.0700,7.9000,7.9800,30400
NEXT.TO,20250103,0.7900,0.8600,0.7900,0.8500,116300
NFI.TO,20250103,14.4300,14.5200,14.2000,14.3600,252200
NG.TO,20250103,4.9100,4.9700,4.8500,4.9300,129100
NGD.TO,20250103,3.7700,3.7800,3.7000,3.7600,534697
NGEX.TO,20250103,13.1800,13.4200,12.9750,13.3200,131900
NGPE.TO,20250103,52.7800,52.9700,52.6000,52.9700,11900
NGT.TO,20250103,55.2900,55.3900,54.9400,55.0200,144500
NHYB.TO,20250103,21.6400,21.6500,21.6400,21.6500,300
NINT.TO,20250103,25.8900,25.8900,25.8900,25.8900,0
NOA.TO,20250103,31.0600,31.5200,31.0300,31.4300,48900
NPI.TO,20250103,18.2700,18.6800,18.2700,18.5700,656631
NPK.TO,20250103,0.6500,0.6600,0.6400,0.6400,10500
NPRF.TO,20250103,24.0000,24.0800,24.0000,24.0700,24700
NPS.TO,20250103,13.8000,13.8000,13.8000,13.8000,1104
NREA.TO,20250103,22.8200,22.8200,22.8200,22.8200,0
NSCB.TO,20250103,22.7000,22.7000,22.7000,22.7000,0
NSCC.TO,20250103,22.5800,22.5900,22.5800,22.5900,1200
NSCE.TO,20250103,43.8100,43.8100,43.8100,43.8100,1200
NSGE.TO,20250103,41.7300,41.7300,41.7300,41.7300,0
NSSB.TO,20250103,10.1500,10.1500,10.1400,10.1400,700
NTR.TO,20250103,65.2900,68.4200,65.2900,67.6500,1431400
NUAG.TO,20250103,1.8350,1.8600,1.8000,1.8200,24300
NUBF.TO,20250103,21.0300,21.0500,21.0300,21.0500,3100
NUMI.TO,20250103,0.0400,0.0450,0.0400,0.0450,252964
NUSA.TO,20250103,46.3500,46.3500,46.2400,46.2400,200
NVA.TO,20250103,13.8600,14.0300,13.7800,13.9000,674000
NVDH.TO,20250103,12.8000,13.0000,12.6800,12.9700,11422
NVHE.TO,20250103,12.6400,12.9900,12.5500,12.9500,299574
NVO.TO,20250103,0.0900,0.0900,0.0900,0.0900,142747
NWC.TO,20250103,49.5000,49.8000,48.9700,49.3600,53443
NXE.TO,20250103,10.5300,10.7800,10.3400,10.7500,1809700
NXF.TO,20250103,5.4400,5.4700,5.4400,5.4600,32600
NXTG.TO,20250103,12.0000,12.0000,12.0000,12.0000,1000
OBE.TO,20250103,8.6800,8.7000,8.4700,8.4800,128800
OGC.TO,20250103,4.0800,4.0900,3.9950,4.0300,1040747
OGD.TO,20250103,0.8200,0.8200,0.8200,0.8200,0
OGI.TO,20250103,2.4000,2.4600,2.3600,2.4300,192212
OLA.TO,20250103,8.5500,8.6700,8.5300,8.6300,388800
OLY.TO,20250103,108.0000,109.0000,107.5100,108.1800,3900
ONC.TO,20250103,1.3700,1.3950,1.3200,1.3950,181909
ONEB.TO,20250103,49.4000,49.4000,49.4000,49.4000,0
ONEC.TO,20250103,23.2200,23.2200,23.2200,23.2200,0
ONEQ.TO,20250103,43.5600,43.5600,43.5600,43.5600,0
ONEX.TO,20250103,112.2500,116.0000,112.2500,114.6000,73400
OPT.TO,20250103,2.7500,2.7500,2.7500,2.7500,0
OR.TO,20250103,26.8600,26.9300,26.6600,26.8100,138796
ORA.TO,20250103,17.9200,18.1700,17.5900,17.8000,24900
ORE.TO,20250103,0.6600,0.6600,0.6400,0.6600,36700
ORV.TO,20250103,0.2500,0.2800,0.2500,0.2800,104700
OTEX.TO,20250103,40.7800,41.3700,40.7800,41.2800,545200
OVV.TO,20250103,60.0100,60.6700,59.7000,60.3800,105700
PAAS.TO,20250103,30.7700,30.7700,30.1200,30.1400,330600
PABF.TO,20250103,22.9700,22.9800,22.9700,22.9800,16637
PACF.TO,20250103,22.6900,22.6900,22.6900,22.6900,1907
PAGF.TO,20250103,24.2200,24.2700,24.2200,24.2700,4900
PAY.TO,20250103,3.8500,3.9150,3.8500,3.8800,578500
PAYF.TO,20250103,18.7000,18.8900,18.7000,18.8900,2178
PAYS.TO,20250103,19.4900,19.5000,19.4900,19.5000,11200
PBD.TO,20250103,16.6100,16.6100,16.6100,16.6100,0
PBH.TO,20250103,80.9700,81.3200,80.2500,81.2700,43348
PBI.TO,20250103,45.2500,45.2500,45.2500,45.2500,0
PBL.TO,20250103,24.3500,24.5400,24.3400,24.3600,2321
PCOR.TO,20250103,17.9200,17.9200,17.9200,17.9200,1800
PD.TO,20250103,91.4800,92.1200,90.0600,92.0900,62600
PDC.TO,20250103,34.0900,34.3600,34.0900,34.3100,6000
PDF.TO,20250103,33.2100,33.3300,33.2100,33.2700,5300
PDIV.TO,20250103,9.3100,9.3300,9.3000,9.3300,31500
PDV.TO,20250103,8.3500,8.3500,8.3500,8.3500,300
PEA.TO,20250103,0.2900,0.2900,0.2850,0.2850,18848
PET.TO,20250103,25.2600,26.0000,25.2600,25.8900,41000
PEY.TO,20250103,17.0700,17.2700,16.9200,17.0200,897600
PFAA.TO,20250103,11.9300,11.9300,11.9000,11.9300,17200
PFAE.TO,20250103,21.2500,21.2500,21.2500,21.2500,200
PFCB.TO,20250103,10.6600,10.6600,10.5800,10.5800,230
PFIA.TO,20250103,10.0600,10.0600,10.0200,10.0400,10700
PFL.TO,20250103,19.4600,19.4800,19.4600,19.4700,7500
PFLS.TO,20250103,18.8100,18.8300,18.8000,18.8300,1600
PFMN.TO,20250103,15.6600,15.6600,15.5200,15.5900,32700
PFSS.TO,20250103,9.5500,9.5500,9.5500,9.5500,710
PGIC.TO,20250103,7.1000,7.1000,6.8700,6.8700,1800
PHW.TO,20250103,18.9900,18.9900,18.9900,18.9900,0
PHX.TO,20250103,9.4500,9.5700,9.4000,9.5700,46462
PHYS.TO,20250103,29.3900,29.4200,29.3500,29.3500,25800
PID.TO,20250103,23.2600,23.3400,23.2500,23.3400,2700
PIF.TO,20250103,13.3600,13.6600,13.3600,13.5000,28200
PIN.TO,20250103,17.5700,17.5700,17.5700,17.5700,0
PINC.TO,20250103,18.5400,18.6500,18.5400,18.6500,800
PINV.TO,20250103,23.8800,23.8800,23.8800,23.8800,0
PKI.TO,20250103,32.7200,32.9100,32.5900,32.7500,198100
PLDI.TO,20250103,18.5100,18.5100,18.5100,18.5100,0
PLV.TO,20250103,24.8700,24.8700,24.8700,24.8700,0
PME.TO,20250103,2.3300,2.4300,2.3300,2.4300,1426
PMET.TO,20250103,3.6100,3.6700,3.4800,3.5900,277900
PMIF.TO,20250103,17.7900,17.8000,17.7600,17.7600,97111
PMM.TO,20250103,24.4800,24.6500,24.4800,24.5300,700
PMNT.TO,20250103,19.0400,19.0400,19.0400,19.0400,100
PNE.TO,20250103,0.9800,0.9800,0.9300,0.9400,289000
PNP.TO,20250103,11.9600,12.5300,11.9600,12.0900,5700
POU.TO,20250103,32.1500,32.2100,31.9000,32.1300,290881
POW.TO,20250103,44.0200,44.1900,43.8500,43.8800,1901252
PPL.TO,20250103,53.4800,53.7700,53.1600,53.3900,1346395
PPLN.TO,20250103,11.9200,11.9300,11.9200,11.9200,2500
PPR.TO,20250103,0.0600,0.0600,0.0550,0.0550,137700
PPTA.TO,20250103,16.2000,16.2000,15.4200,15.9600,63100
PR.TO,20250103,9.8300,9.8300,9.8300,9.8300,0
PRA.TO,20250103,29.2000,29.2400,29.2000,29.2300,1500
PRB.TO,20250103,1.7500,1.8100,1.7500,1.8000,86300
PREF.TO,20250103,10.7100,10.7100,10.6100,10.6700,6200
PRL.TO,20250103,36.7100,36.9800,35.9200,36.9000,142400
PRM.TO,20250103,13.2600,13.2600,13.2600,13.2600,0
PRN.TO,20250103,11.2300,11.3700,11.0400,11.2200,10003
PRQ.TO,20250103,1.4400,1.4600,1.4400,1.4600,27500
PRU.TO,20250103,2.3700,2.3800,2.3500,2.3600,14900
PRYM.TO,20250103,1.4600,1.4700,1.4000,1.4300,24800
PSA.TO,20250103,50.0300,50.0300,50.0200,50.0300,170900
PSB.TO,20250103,17.8600,17.8600,17.8600,17.8600,600
PSD.TO,20250103,2.3300,2.4000,2.3000,2.4000,7600
PSI.TO,20250103,13.9500,14.2400,13.9500,14.2300,136904
PSK.TO,20250103,28.4400,28.5300,28.2300,28.3900,149300
PSLV.TO,20250103,14.3400,14.3900,14.2600,14.2900,140200
PTM.TO,20250103,1.9600,1.9600,1.8900,1.9100,11300
PWI.TO,20250103,8.9600,9.3500,8.9600,9.1700,11400
PXC.TO,20250103,42.1300,42.1300,42.1300,42.1300,0
PXS.TO,20250103,50.3000,50.3000,50.3000,50.3000,0
PXT.TO,20250103,15.0800,15.2200,15.0000,15.1900,502900
PYF.TO,20250103,17.3000,17.3000,17.2400,17.2700,5400
PYR.TO,20250103,0.6000,0.6200,0.6000,0.6200,48567
PZA.TO,20250103,13.0600,13.0800,13.0100,13.0400,67765
PZW.TO,20250103,36.1600,36.1600,36.1600,36.1600,100
QAH.TO,20250103,193.4700,193.4700,193.4700,193.4700,100
QASH.TO,20250103,50.4100,50.4100,50.4000,50.4000,3900
QBB.TO,20250103,94.0900,94.1200,94.0900,94.1200,200
QBTC.TO,20250103,138.0000,140.3700,137.9900,140.0700,9382
QBTL.TO,20250103,19.3100,19.3100,19.3100,19.3100,0
QCE.TO,20250103,151.8600,151.8600,151.8600,151.8600,100
QCLN.TO,20250103,17.0800,17.0800,17.0800,17.0800,300
QCN.TO,20250103,151.5000,151.5000,151.5000,151.5000,0
QDX.TO,20250103,119.1600,119.1600,119.1600,119.1600,400
QDXB.TO,20250103,89.1300,89.1300,89.1300,89.1300,100
QEBH.TO,20250103,77.3600,78.0000,77.3600,78.0000,1800
QEBL.TO,20250103,74.9700,74.9700,74.9700,74.9700,0
QEC.TO,20250103,0.2400,0.2500,0.2400,0.2500,8000
QEE.TO,20250103,96.2900,96.2900,96.2900,96.2900,701
QHY.TO,20250103,81.8300,81.8300,81.8300,81.8300,0
QIE.TO,20250103,32.1500,32.2000,32.1500,32.2000,400
QINF.TO,20250103,141.0500,141.6600,141.0500,141.6400,800
QIPT.TO,20250103,4.1100,4.4100,4.1100,4.3700,53000
QLB.TO,20250103,104.3900,104.3900,104.3900,104.3900,100
QMAX.TO,20250103,22.0400,22.3400,22.0000,22.3250,28914
QQC.TO,20250103,36.1200,36.6500,36.1200,36.5900,116100
QQCC.TO,20250103,13.1800,13.3200,13.1800,13.3100,61900
QQCE.TO,20250103,30.4200,30.9500,30.4200,30.8800,1928
QQCI.TO,20250103,22.6700,22.8200,22.6700,22.8000,5300
QQCL.TO,20250103,25.4900,25.7300,25.3900,25.6900,43504
QQJE.TO,20250103,21.4600,21.4600,21.4600,21.4600,0
QQJR.TO,20250103,22.8900,22.8900,22.8900,22.8900,0
QQQL.TO,20250103,24.8900,25.0400,24.7100,25.0400,4786
QQQT.TO,20250103,30.4600,31.4900,30.4600,31.4900,1400
QQQX.TO,20250103,33.2700,33.7000,33.2700,33.6700,3400
QQQY.TO,20250103,26.0300,26.2200,25.8900,26.1700,13513
QRC.TO,20250103,0.7300,0.7400,0.7000,0.7300,21800
QSB.TO,20250103,99.1900,99.1900,99.1900,99.1900,700
QSR.TO,20250103,94.3900,94.8900,93.5500,93.7900,390000
QTLT.TO,20250103,101.7300,101.7300,101.7300,101.7300,0
QTRH.TO,20250103,1.6500,1.6900,1.6400,1.6700,194500
QUB.TO,20250103,80.3100,80.3100,80.3100,80.3100,100
QUIG.TO,20250103,84.5200,84.5200,84.5200,84.5200,0
QUS.TO,20250103,61.6900,61.6900,61.6000,61.6000,200
QUU.TO,20250103,246.5300,247.1000,246.5300,246.9600,1600
QXM.TO,20250103,31.3600,31.3600,31.3600,31.3600,0
RATE.TO,20250103,21.1600,21.1600,21.1600,21.1600,100
RBA.TO,20250103,130.4400,133.9000,130.4200,133.2000,138500
RBNK.TO,20250103,28.0800,28.2100,28.0500,28.1900,7700
RBO.TO,20250103,18.7200,18.7200,18.7200,18.7200,400
RBOT.TO,20250103,31.2600,31.4200,31.2600,31.4200,700
RBY.TO,20250103,2.2500,2.3000,2.2500,2.2500,27300
RCD.TO,20250103,29.4200,29.4200,29.4200,29.4200,600
RCDC.TO,20250103,21.5000,21.5300,21.5000,21.5300,700
RCG.TO,20250103,7.6100,7.6100,7.5900,7.5900,300
RCH.TO,20250103,38.8600,39.0100,38.7100,38.7900,55402
RDBH.TO,20250103,20.3500,20.3500,20.3500,20.3500,182
REAL.TO,20250103,6.6100,6.8500,6.6100,6.7800,23900
RGQN.TO,20250103,20.5600,20.5600,20.5600,20.5600,0
RGQO.TO,20250103,20.6500,20.6500,20.6400,20.6400,800
RGQP.TO,20250103,20.4300,20.4300,20.4300,20.4300,0
RGQQ.TO,20250103,20.3200,20.3200,20.2700,20.2700,1100
RGQR.TO,20250103,20.1900,20.1900,20.1900,20.1900,0
RID.TO,20250103,26.5300,26.5300,26.5300,26.5300,200
RIDH.TO,20250103,28.8600,28.8600,28.8600,28.8600,400
RIFI.TO,20250103,18.0200,18.0200,18.0200,18.0200,0
RIIN.TO,20250103,21.0500,21.0500,21.0100,21.0100,400
RIRA.TO,20250103,17.9800,18.0600,17.9600,18.0600,1300
RIT.TO,20250103,15.7200,15.9000,15.7200,15.8400,33600
RMAX.TO,20250103,16.8400,17.0200,16.7800,16.9600,13600
ROOT.TO,20250103,2.2100,2.2400,2.2000,2.2400,3400
RPD.TO,20250103,25.2000,25.2000,25.2000,25.2000,0
RPDH.TO,20250103,26.0200,26.0200,26.0200,26.0200,0
RPF.TO,20250103,21.6800,21.8400,21.6800,21.8100,2800
RPSB.TO,20250103,20.0100,20.0100,20.0100,20.0100,0
RQO.TO,20250103,18.7800,18.7800,18.7400,18.7500,8300
RQP.TO,20250103,18.2700,18.3000,18.2700,18.2800,2100
RQQ.TO,20250103,21.9400,21.9900,21.9400,21.9700,3000
RQR.TO,20250103,21.9900,21.9900,21.9450,21.9450,10500
RS.TO,20250103,11.4900,11.6200,11.4300,11.5300,33106
RSI.TO,20250103,5.9400,6.0600,5.9100,6.0300,318460
RTG.TO,20250103,0.0300,0.0400,0.0300,0.0300,544500
RUBH.TO,20250103,19.8400,19.8400,19.8400,19.8400,100
RUBY.TO,20250103,25.1300,25.3000,25.1300,25.3000,400
RUD.TO,20250103,25.7000,25.9100,25.7000,25.9100,10800
RUDB.TO,20250103,22.0300,22.0300,22.0300,22.0300,0
RUDC.TO,20250103,22.6200,22.6200,22.6200,22.6200,0
RUDH.TO,20250103,25.0700,25.0700,25.0700,25.0700,0
RUP.TO,20250103,4.3200,4.3600,4.3100,4.3200,8609
RUQO.TO,20250103,21.6400,21.6400,21.6400,21.6400,200
RUQQ.TO,20250103,21.6300,21.6300,21.6300,21.6300,200
RUQS.TO,20250103,21.8300,21.8300,21.8300,21.8300,300
RUS.TO,20250103,42.0900,42.2700,41.6700,42.1800,114200
RUSB.TO,20250103,22.1200,22.1200,22.1200,22.1200,0
RVX.TO,20250103,0.0550,0.0550,0.0550,0.0550,36000
RXD.TO,20250103,21.5300,21.5300,21.5300,21.5300,0
RY.TO,20250103,172.8600,173.9500,171.8100,173.9100,2992000
S.TO,20250103,0.1600,0.1600,0.1600,0.1600,357500
SAM.TO,20250103,0.1300,0.1300,0.1300,0.1300,0
SAP.TO,20250103,25.0800,25.2400,24.8400,25.2200,715700
SAU.TO,20250103,0.0800,0.0800,0.0800,0.0800,0
SBC.TO,20250103,9.9700,10.0600,9.9500,10.0600,19400
SBI.TO,20250103,2.0400,2.1500,2.0400,2.1400,23800
SBT.TO,20250103,15.4500,15.4500,15.4500,15.4500,0
SCR.TO,20250103,31.4700,31.5000,31.1000,31.3200,22714
SCY.TO,20250103,0.0150,0.0150,0.0150,0.0150,24900
SDE.TO,20250103,3.5300,3.5800,3.5300,3.5800,121300
SEA.TO,20250103,17.3900,17.3900,17.0100,17.0200,48500
SEC.TO,20250103,395.0000,395.0000,395.0000,395.0000,100
SES.TO,20250103,16.2600,16.2700,16.0300,16.1500,877500
SFC.TO,20250103,6.2000,6.2100,6.1800,6.1800,23800
SFD.TO,20250103,0.1600,0.1600,0.1500,0.1600,9900
SFI.TO,20250103,0.2900,0.2900,0.2900,0.2900,11000
SGLD.TO,20250103,0.1700,0.1700,0.1700,0.1700,65800
SGY.TO,20250103,5.9800,6.1600,5.9800,6.1200,680000
SHLE.TO,20250103,16.6000,16.6900,15.7700,15.8000,9768
SHOP.TO,20250103,156.1500,158.1700,155.4000,157.8700,1381400
SIA.TO,20250103,15.6500,15.7100,15.5200,15.6400,138100
SII.TO,20250103,62.7400,62.7700,61.7300,61.9900,14052
SIL.TO,20250103,14.1600,14.2500,13.7800,13.8600,162400
SIS.TO,20250103,20.2400,20.3500,20.1000,20.3500,97800
SJ.TO,20250103,72.9900,74.4500,72.9700,73.5000,145900
SKE.TO,20250103,13.5100,13.6800,13.4100,13.5000,190000
SKYY.TO,20250103,30.7600,30.8900,30.5000,30.8300,1600
SLF.TO,20250103,85.0500,85.8200,84.9900,85.5400,971500
SLR.TO,20250103,0.8800,0.8800,0.8700,0.8700,2500
SLS.TO,20250103,4.6800,4.8200,4.6350,4.7800,284801
SMAX.TO,20250103,20.1900,20.3850,20.1700,20.3850,31667
SMC.TO,20250103,0.0150,0.0150,0.0150,0.0150,0
SMT.TO,20250103,0.8200,0.8200,0.8100,0.8100,80600
SOBO.TO,20250103,34.4800,35.3700,34.4800,34.9800,2307100
SOIL.TO,20250103,2.2700,2.2700,2.2100,2.2300,84900
SOLG.TO,20250103,0.1350,0.1400,0.1350,0.1350,14530
SOY.TO,20250103,11.2000,11.3700,11.1600,11.3200,17800
SPAY.TO,20250103,27.6600,27.8100,27.6600,27.7900,14851
SPB.TO,20250103,6.2800,6.3450,6.2300,6.2400,832522
SPLT.TO,20250103,11.0200,11.0400,11.0200,11.0400,63100
SPPP.TO,20250103,13.1000,13.1800,13.1000,13.1800,3130
SSL.TO,20250103,8.2100,8.2800,8.1500,8.2200,232235
SSRM.TO,20250103,10.4400,10.4400,10.2200,10.3000,284900
STC.TO,20250103,10.0500,10.0500,9.9700,10.0000,35700
STCK.TO,20250103,11.2000,11.2000,11.2000,11.2000,5500
STEP.TO,20250103,4.2500,4.3900,4.2300,4.3600,65753
STGO.TO,20250103,0.6100,0.6600,0.6100,0.6300,130871
STLR.TO,20250103,0.8800,0.8800,0.8600,0.8700,29800
STN.TO,20250103,113.1500,114.4300,113.1500,114.3600,124015
STPL.TO,20250103,23.0600,23.0600,22.9200,22.9700,900
SU.TO,20250103,52.1700,52.6600,51.8800,52.6400,3045700
SVA.TO,20250103,0.2300,0.2600,0.2300,0.2500,197000
SVB.TO,20250103,0.1300,0.1300,0.1300,0.1300,0
SVI.TO,20250103,3.9700,4.0200,3.9700,4.0000,210600
SVM.TO,20250103,4.5300,4.5600,4.4100,4.4200,344700
SVR.TO,20250103,14.2500,14.2500,14.1500,14.1800,5400
SWP.TO,20250103,3.7600,3.8000,3.7600,3.8000,1001
SXI.TO,20250103,1.7000,1.7000,1.7000,1.7000,1000
SXP.TO,20250103,3.8000,3.8000,3.6500,3.7600,11600
SYLD.TO,20250103,19.2000,19.2350,19.1900,19.2350,700
SYZ.TO,20250103,8.7400,8.8100,8.6700,8.6900,4500
T.TO,20250103,19.6900,20.0600,19.6600,19.9100,3853200
TA.TO,20250103,20.2200,20.7800,20.1900,20.4900,1750324
TAL.TO,20250103,0.5900,0.6400,0.5900,0.6400,1732700
TBAL.TO,20250103,19.1100,19.1500,19.0900,19.1200,18900
TBCE.TO,20250103,25.5000,25.5100,25.5000,25.5100,5100
TBCF.TO,20250103,25.7800,25.7800,25.7600,25.7800,5200
TBCG.TO,20250103,25.9400,25.9400,25.9100,25.9300,4900
TBIL.TO,20250103,50.0200,50.0300,50.0200,50.0300,3403
TBL.TO,20250103,3.8500,3.8500,3.7700,3.7700,3106
TBNK.TO,20250103,29.7500,29.9200,29.7000,29.8800,5500
TC.TO,20250103,24.2000,24.4300,23.7500,23.7500,2200
TCBN.TO,20250103,40.8600,40.8600,40.8600,40.8600,100
TCLB.TO,20250103,120.0700,120.0700,119.4500,119.4600,2200
TCLV.TO,20250103,21.8400,21.9000,21.8400,21.9000,400
TCON.TO,20250103,15.5500,15.5600,15.5200,15.5200,2300
TCS.TO,20250103,45.2100,45.2100,44.0400,44.5000,15400
TCSB.TO,20250103,14.7300,14.7400,14.7300,14.7300,23800
TCSH.TO,20250103,50.0600,50.0900,50.0500,50.0900,29184
TCW.TO,20250103,5.2200,5.3300,5.2100,5.3300,1130400
TD.TO,20250103,76.7700,77.8300,76.5800,77.7800,17948300
TDB.TO,20250103,13.1300,13.1300,13.0900,13.1100,76200
TDOC.TO,20250103,18.3000,18.6300,18.3000,18.5900,4400
TEC.TO,20250103,46.2500,46.8900,46.2500,46.8500,94400
TECH.TO,20250103,17.6500,17.6700,17.5000,17.6100,8400
TECI.TO,20250103,9.4200,9.4800,9.4200,9.4800,700
TECX.TO,20250103,30.0300,30.0300,30.0300,30.0300,200
TERM.TO,20250103,9.6800,9.7000,9.6800,9.7000,8200
TF.TO,20250103,7.1500,7.2700,7.1300,7.2300,118219
TFII.TO,20250103,190.7900,193.8100,189.7100,193.2000,143115
TFPM.TO,20250103,21.9300,22.0650,21.7600,21.9700,60100
TGAF.TO,20250103,24.4800,24.4800,24.4800,24.4800,400
TGED.TO,20250103,27.3900,27.5900,27.3900,27.5900,18419
TGFI.TO,20250103,20.2700,20.2700,20.2300,20.2300,1200
TGGR.TO,20250103,28.4000,28.5900,28.3900,28.5800,11200
TGO.TO,20250103,1.2000,1.2900,1.1900,1.1900,500
TGRE.TO,20250103,15.1000,15.1800,15.1000,15.1800,700
TGRO.TO,20250103,23.1400,23.2700,23.1400,23.2300,24700
TH.TO,20250103,2.6500,2.7900,2.6300,2.6800,105800
THNC.TO,20250103,3.1200,3.2900,3.0400,3.2900,21600
THU.TO,20250103,39.1900,39.4100,39.0200,39.3800,2300
TI.TO,20250103,0.3050,0.3050,0.3000,0.3000,122500
TIH.TO,20250103,113.4900,114.0000,113.0900,113.2800,84900
TILV.TO,20250103,16.6300,16.6300,16.6300,16.6300,200
TINF.TO,20250103,21.4900,21.5900,21.4900,21.5300,1900
TIXT.TO,20250103,5.7800,6.0600,5.7600,6.0300,299430
TKN.TO,20250103,26.0000,26.0000,26.0000,26.0000,300
TKO.TO,20250103,2.8900,2.9000,2.8000,2.8600,208000
TLF.TO,20250103,24.8200,25.0500,24.8200,25.0300,27200
TLG.TO,20250103,0.3200,0.3200,0.3000,0.3050,76995
TLO.TO,20250103,0.0950,0.0950,0.0900,0.0950,98476
TLRY.TO,20250103,2.1300,2.1500,2.0500,2.0900,1926560
TLV.TO,20250103,33.3400,33.3400,33.3400,33.3400,100
TMQ.TO,20250103,1.7200,1.7400,1.6700,1.6700,3000
TNZ.TO,20250103,14.3000,14.3000,13.7100,13.8700,46800
TOT.TO,20250103,11.7000,11.9400,11.5900,11.8200,51673
TOU.TO,20250103,67.4300,67.7500,66.6800,66.7900,2044349
TOWR.TO,20250103,28.4100,28.4100,28.4100,28.4100,100
TOY.TO,20250103,33.6900,34.0500,33.3900,33.6200,56300
TPE.TO,20250103,22.3900,22.4700,22.3300,22.4700,3300
TPRF.TO,20250103,11.1500,11.2000,11.1500,11.2000,10200
TPU.TO,20250103,48.2100,48.7100,48.2000,48.6600,55200
TPZ.TO,20250103,28.2900,28.3600,27.8950,28.2100,422387
TQCD.TO,20250103,19.5100,19.6200,19.5100,19.6000,31600
TQGD.TO,20250103,20.2500,20.4300,20.2500,20.3900,14600
TQGM.TO,20250103,19.3800,19.3900,19.3300,19.3300,1500
TQSM.TO,20250103,25.2400,25.3900,25.1400,25.3900,8800
TRI.TO,20250103,232.0600,235.3300,232.0600,234.3600,195900
TRP.TO,20250103,68.5600,69.2400,68.2500,68.5600,3761313
TRVI.TO,20250103,21.3800,21.5200,21.3800,21.5200,300
TRVL.TO,20250103,30.8000,30.9600,30.8000,30.9600,3556
TRX.TO,20250103,0.4700,0.4700,0.4600,0.4600,27600
TRZ.TO,20250103,1.9100,1.9900,1.8800,1.9800,66403
TSAT.TO,20250103,23.9500,25.5900,23.9500,25.0900,3400
TSK.TO,20250103,0.3200,0.3200,0.3200,0.3200,190500
TSL.TO,20250103,3.1000,3.1500,3.1000,3.1000,9300
TSND.TO,20250103,0.9800,1.0200,0.9600,0.9800,66100
TSU.TO,20250103,38.3000,38.5800,37.8800,38.5800,47800
TTNM.TO,20250103,2.3200,2.3200,2.3000,2.3000,4000
TTP.TO,20250103,28.5400,28.6500,28.5200,28.6200,34200
TTTX.TO,20250103,24.3200,24.3200,24.3200,24.3200,0
TUED.TO,20250103,31.3400,31.5300,31.2600,31.4700,34100
TUEX.TO,20250103,27.2000,27.2000,27.2000,27.2000,2400
TUHY.TO,20250103,20.7600,20.7700,20.6700,20.6700,9600
TULB.TO,20250103,114.5700,114.5700,114.3400,114.3400,300
TULV.TO,20250103,22.2000,22.2000,22.2000,22.2000,100
TUSB.TO,20250103,14.7300,14.7500,14.7300,14.7300,2900
TVE.TO,20250103,4.8700,4.9200,4.8400,4.8700,1064800
TVK.TO,20250103,112.8400,112.8400,111.1900,112.0000,33000
TWC.TO,20250103,17.8000,18.2000,17.8000,18.2000,1606
TWM.TO,20250103,0.1700,0.1700,0.1500,0.1500,541455
TXF.TO,20250103,21.0200,21.3000,21.0000,21.2600,15049
TXG.TO,20250103,29.1700,29.2000,28.4800,28.6200,125700
TXP.TO,20250103,0.5000,0.5000,0.4600,0.4600,175500
UDA.TO,20250103,16.7600,16.7600,16.7600,16.7600,0
UDEF.TO,20250103,10.1200,10.1200,10.1200,10.1200,0
UDIV.TO,20250103,13.1300,13.1800,13.1300,13.1800,1400
UMAX.TO,20250103,13.9700,14.0300,13.9200,13.9850,136300
UMI.TO,20250103,33.9000,33.9000,33.9000,33.9000,100
UNC.TO,20250103,130.0000,131.5000,130.0000,131.0000,500
UNI.TO,20250103,1.5500,1.5500,1.5500,1.5500,100
URB.TO,20250103,5.9000,5.9000,5.9000,5.9000,100
URC.TO,20250103,3.4300,3.4300,3.3200,3.3900,183800
URE.TO,20250103,1.8300,1.8300,1.7100,1.7800,130100
USA.TO,20250103,0.5900,0.5900,0.5600,0.5800,114900
USCC.TO,20250103,20.1800,20.3300,20.1700,20.2900,24700
USCL.TO,20250103,24.1500,24.2700,24.0000,24.2500,33600
USSL.TO,20250103,24.6000,24.6000,24.6000,24.6000,187
USSX.TO,20250103,32.6900,32.6900,32.6600,32.6600,4400
UTES.TO,20250103,9.1800,9.2900,9.1700,9.2500,48900
UTIL.TO,20250103,21.4100,21.5500,21.4100,21.5500,500
VA.TO,20250103,39.0200,39.3700,39.0200,39.3400,1100
VAB.TO,20250103,23.2300,23.2400,23.1700,23.1800,86800
VALT.TO,20250103,32.8000,32.8100,32.6300,32.6300,1860
VBAL.TO,20250103,33.4800,33.5300,33.3800,33.4850,97800
VBNK.TO,20250103,19.9300,19.9400,19.5300,19.8000,32800
VCB.TO,20250103,24.2900,24.2900,24.2300,24.2300,1524
VCE.TO,20250103,54.9300,55.1500,54.8500,55.1100,35400
VCIP.TO,20250103,26.1400,26.2400,26.1400,26.2000,7400
VCM.TO,20250103,15.5600,16.0000,15.5600,15.9700,1300
VCN.TO,20250103,51.1000,51.2800,51.0000,51.2300,103900
VCNS.TO,20250103,29.4800,29.5600,29.4800,29.5100,9100
VDU.TO,20250103,43.4600,43.6400,43.4600,43.6000,9700
VDY.TO,20250103,49.6500,49.8700,49.5200,49.7800,180500
VE.TO,20250103,35.6000,35.6000,35.5900,35.5900,800
VEE.TO,20250103,38.3100,38.4000,38.2000,38.3500,20600
VEF.TO,20250103,56.1500,56.2800,56.1500,56.2700,2200
VEQT.TO,20250103,45.5000,45.8800,45.4900,45.8800,308400
VET.TO,20250103,14.1900,14.3100,14.1100,14.2700,541700
VFV.TO,20250103,150.7900,152.4000,150.6100,152.2500,388900
VGG.TO,20250103,96.0700,96.6800,95.8000,96.3900,20200
VGH.TO,20250103,63.3600,63.7200,63.3600,63.7100,3600
VGRO.TO,20250103,37.6800,37.8900,37.6400,37.8500,177800
VGV.TO,20250103,22.6300,22.6300,22.6000,22.6000,6649
VGZ.TO,20250103,0.8100,0.8100,0.8100,0.8100,1000
VHI.TO,20250103,10.8100,10.9450,10.4500,10.7800,184300
VI.TO,20250103,39.2500,39.3300,39.2500,39.3300,9100
VIDY.TO,20250103,31.5000,31.5900,31.4000,31.5700,15200
VIU.TO,20250103,34.4800,34.6400,34.3950,34.6300,61700
VLB.TO,20250103,21.4100,21.4600,21.3100,21.3100,11200
VLE.TO,20250103,7.2300,7.3300,7.0900,7.3100,522500
VLN.TO,20250103,11.0000,11.2500,10.8000,10.9600,11100
VMO.TO,20250103,64.6900,65.4300,64.6900,65.4200,1600
VNP.TO,20250103,7.9700,8.0100,7.8200,7.9400,81300
VOXR.TO,20250103,3.5000,3.5100,3.4200,3.4400,1700
VQS.TO,20250103,0.2000,0.2200,0.2000,0.2200,85000
VRE.TO,20250103,31.7000,32.0900,31.7000,32.0800,7500
VRIF.TO,20250103,24.8400,24.9200,24.8400,24.9000,3100
VRN.TO,20250103,7.6200,7.6700,7.4600,7.4900,6260000
VRTS.TO,20250103,0.0250,0.0300,0.0250,0.0250,686115
VSB.TO,20250103,23.3100,23.3200,23.2900,23.2900,22900
VSC.TO,20250103,24.1000,24.1000,24.0700,24.0900,7900
VSP.TO,20250103,95.2000,96.0300,95.1300,95.9000,68500
VUN.TO,20250103,113.7800,115.1500,113.7800,115.0800,58800
VUS.TO,20250103,102.7100,103.6400,102.7100,103.6400,4400
VVL.TO,20250103,51.9800,52.2300,51.8200,52.2100,5100
VVO.TO,20250103,36.8000,36.8000,36.7400,36.7400,900
VVSG.TO,20250103,50.2700,50.2900,50.2700,50.2900,4100
VXC.TO,20250103,64.8600,65.3600,64.7500,65.3200,41600
VXM.TO,20250103,34.0500,34.0500,34.0500,34.0500,0
WCN.TO,20250103,245.0000,247.5500,244.2000,247.0700,169000
WCP.TO,20250103,10.4000,10.4700,10.3700,10.4200,1768798
WDO.TO,20250103,13.4400,13.5200,13.1700,13.2300,185153
WEED.TO,20250103,4.3100,4.3200,4.1700,4.2500,1581300
WEF.TO,20250103,0.4500,0.4550,0.4450,0.4525,128899
WELL.TO,20250103,7.0600,7.1600,7.0300,7.1600,1252900
WFC.TO,20250103,16.6000,16.6000,16.0000,16.5900,1900
WFG.TO,20250103,125.4000,126.8800,125.4000,126.2700,69060
WGX.TO,20250103,2.6300,2.6300,2.5650,2.5700,151300
WILD.TO,20250103,1.6900,1.7200,1.6800,1.6900,46800
WJX.TO,20250103,21.1700,21.1700,20.9000,21.1100,31800
WLLW.TO,20250103,0.0650,0.0650,0.0650,0.0650,303200
WM.TO,20250103,0.0700,0.0700,0.0600,0.0700,282000
WN.TO,20250103,223.7700,227.6800,223.6400,226.5000,126100
WNDR.TO,20250103,0.3100,0.3100,0.3000,0.3050,1906477
WOMN.TO,20250103,38.5000,38.5000,38.4300,38.4300,200
WPK.TO,20250103,46.1300,46.2400,45.8700,46.2400,35400
WPM.TO,20250103,83.8200,84.0700,83.0700,83.1700,567200
WPRT.TO,20250103,5.7200,5.7200,5.5700,5.6400,9100
WRG.TO,20250103,2.7000,2.7200,2.7000,2.7200,1200
WRN.TO,20250103,1.5700,1.5900,1.5600,1.5800,31900
WRX.TO,20250103,0.0400,0.0400,0.0400,0.0400,319000
WSP.TO,20250103,250.7000,254.8600,250.7000,254.6300,118647
WSRD.TO,20250103,29.4100,29.4800,29.4100,29.4800,1124
WSRI.TO,20250103,43.7100,43.8900,43.7100,43.8500,2115
WTE.TO,20250103,22.8500,22.8500,22.5700,22.8000,45840
WXM.TO,20250103,32.8100,33.0200,32.8100,33.0000,2942
X.TO,20250103,44.5000,44.8400,44.4500,44.5000,135800
XAD.TO,20250103,68.4600,68.4600,68.4100,68.4100,254
XAGG.TO,20250103,38.7700,38.7700,38.6700,38.6700,651
XAGH.TO,20250103,32.9600,32.9600,32.7500,32.7500,7126
XAM.TO,20250103,0.0450,0.0450,0.0450,0.0450,63600
XAU.TO,20250103,7.7100,7.8700,7.7100,7.8700,700
XAW.TO,20250103,44.9300,45.3700,44.9300,45.3250,68200
XBAL.TO,20250103,30.2400,30.3600,30.2200,30.3300,54100
XBB.TO,20250103,28.4400,28.4600,28.3500,28.3700,123900
XBM.TO,20250103,20.0200,20.0400,19.8100,19.9500,27400
XCB.TO,20250103,20.2000,20.2300,20.1800,20.1800,48800
XCBG.TO,20250103,37.7500,37.7600,37.7300,37.7300,455
XCD.TO,20250103,59.5800,59.5800,59.5800,59.5800,5300
XCG.TO,20250103,56.7200,56.9000,56.7000,56.9000,1200
XCH.TO,20250103,20.6700,20.8300,20.6700,20.8300,9300
XCHP.TO,20250103,55.0000,55.9200,55.0000,55.9000,2576
XCLN.TO,20250103,27.7800,27.7800,27.7800,27.7800,0
XCNS.TO,20250103,23.7800,23.7800,23.5900,23.6050,6800
XCS.TO,20250103,21.3800,21.3800,21.2700,21.3400,7000
XCSR.TO,20250103,75.5300,75.7600,75.5300,75.6800,1800
XCV.TO,20250103,39.3600,39.4600,39.3600,39.4200,1300
XDG.TO,20250103,27.2000,27.2800,27.2000,27.2400,4000
XDGH.TO,20250103,26.4200,26.4200,26.4200,26.4200,0
XDIV.TO,20250103,30.1100,30.3100,30.1000,30.2400,103300
XDNA.TO,20250103,33.7900,33.7900,33.7900,33.7900,0
XDRV.TO,20250103,40.1300,40.1300,40.1300,40.1300,0
XDSR.TO,20250103,58.1900,58.7400,58.1900,58.6600,2300
XDU.TO,20250103,31.8000,31.8200,31.5700,31.8200,1700
XDUH.TO,20250103,26.8300,27.0300,26.8300,27.0300,900
XDV.TO,20250103,31.9800,32.1400,31.9700,32.0800,31500
XEB.TO,20250103,15.6200,15.6200,15.6200,15.6200,0
XEC.TO,20250103,29.3500,29.5400,29.3500,29.5400,18400
XEF.TO,20250103,37.8300,38.0800,37.8100,38.0700,453800
XEG.TO,20250103,17.4700,17.5000,17.3800,17.4900,584780
XEH.TO,20250103,32.1000,32.1000,32.0800,32.0800,1600
XEI.TO,20250103,27.1900,27.4000,27.1800,27.3400,117200
XEM.TO,20250103,33.5600,33.5800,33.5600,33.5800,29900
XEMC.TO,20250103,48.0300,48.1500,48.0300,48.1500,500
XEN.TO,20250103,37.0400,37.2400,37.0400,37.2400,1600
XEQT.TO,20250103,33.8700,34.1500,33.8700,34.1200,393600
XESG.TO,20250103,30.6000,30.7200,30.6000,30.7200,6900
XEU.TO,20250103,29.9200,29.9700,29.9200,29.9400,2500
XEXP.TO,20250103,51.3800,51.3800,51.3800,51.3800,0
XFH.TO,20250103,32.0800,32.0900,31.9900,32.0900,14400
XFLB.TO,20250103,48.4900,48.4900,48.4900,48.4900,110
XFLX.TO,20250103,39.0100,39.0100,38.9900,38.9900,435
XFN.TO,20250103,59.8100,60.1400,59.8100,60.0900,132800
XFR.TO,20250103,20.0500,20.0700,20.0400,20.0400,53000
XGB.TO,20250103,19.5100,19.5100,19.4600,19.4600,26100
XGD.TO,20250103,22.0400,22.0400,21.8900,21.9000,965800
XGI.TO,20250103,53.3700,53.3700,53.3700,53.3700,1200
XGRO.TO,20250103,30.5600,30.7300,30.5300,30.7100,110100
XHAK.TO,20250103,52.1300,52.1300,52.1300,52.1300,300
XHB.TO,20250103,19.8300,19.8700,19.8100,19.8300,6200
XHC.TO,20250103,65.2500,65.6000,65.2500,65.5100,3200
XHD.TO,20250103,33.0800,33.2800,33.0800,33.2200,2500
XHU.TO,20250103,33.2500,33.3700,33.2500,33.3300,4100
XHY.TO,20250103,16.6400,16.7000,16.6400,16.6700,23800
XIC.TO,20250103,39.8500,39.9800,39.7700,39.9600,185200
XID.TO,20250103,56.5800,56.7000,56.5800,56.6200,1600
XIG.TO,20250103,19.5800,19.5900,19.5000,19.5000,4100
XIGS.TO,20250103,37.1500,37.1600,37.1300,37.1300,1200
XIN.TO,20250103,35.9300,36.0300,35.8900,36.0200,8429
XINC.TO,20250103,20.7000,20.7000,20.4500,20.4500,2200
XIT.TO,20250103,68.0300,69.3400,68.0300,69.3400,7415
XIU.TO,20250103,37.8900,38.0100,37.7900,37.9700,1623800
XLB.TO,20250103,19.5500,19.6100,19.4800,19.4900,48700
XLY.TO,20250103,0.0400,0.0450,0.0400,0.0450,943100
XMA.TO,20250103,21.7500,21.8500,21.7400,21.7600,22000
XMC.TO,20250103,34.4000,34.8700,34.3200,34.8500,45700
XMD.TO,20250103,38.5800,38.7600,38.5800,38.7500,6700
XMH.TO,20250103,27.9200,28.1400,27.8000,28.1000,6200
XMI.TO,20250103,38.6700,38.9100,38.6700,38.9100,1100
XML.TO,20250103,27.6500,27.6500,27.6500,27.6500,300
XMM.TO,20250103,29.8800,29.9300,29.8800,29.9200,1500
XMS.TO,20250103,36.6900,36.8600,36.6900,36.7900,1000
XMTM.TO,20250103,37.4800,37.4800,37.2500,37.2500,900
XMU.TO,20250103,85.7400,86.5200,85.7400,86.5200,800
XMV.TO,20250103,46.0700,46.3400,46.0700,46.2600,8900
XMW.TO,20250103,55.6800,55.8200,55.6700,55.6700,900
XMY.TO,20250103,30.8600,30.8600,30.8600,30.8600,800
XPF.TO,20250103,15.4000,15.4500,15.3900,15.4500,6400
XQB.TO,20250103,19.1400,19.1400,19.0800,19.0900,8737
XQLT.TO,20250103,42.1500,42.3900,42.1500,42.3300,13000
XQQ.TO,20250103,52.9000,53.5900,52.9000,53.4900,163000
XQQU.TO,20250103,72.1600,73.4000,72.1600,73.3300,16373
XRB.TO,20250103,22.9400,23.0300,22.8800,22.9900,1900
XRE.TO,20250103,15.0000,15.2000,14.9900,15.1600,374800
XSAB.TO,20250103,18.2300,18.2600,18.2300,18.2400,8700
XSB.TO,20250103,26.8700,26.8700,26.8200,26.8300,47310
XSC.TO,20250103,17.9000,17.9000,17.9000,17.9000,1500
XSE.TO,20250103,17.9600,17.9600,17.9600,17.9600,100
XSEA.TO,20250103,26.0100,26.1200,26.0100,26.1200,3100
XSEM.TO,20250103,21.2000,21.3100,21.2000,21.3100,3100
XSH.TO,20250103,19.0500,19.0500,19.0200,19.0400,30700
XSHG.TO,20250103,39.3000,39.3000,39.2900,39.2900,450
XSHU.TO,20250103,44.3300,44.3300,44.3300,44.3300,120
XSI.TO,20250103,17.1000,17.1000,17.1000,17.1000,0
XSMC.TO,20250103,33.3100,33.6300,33.1100,33.6300,28900
XSMH.TO,20250103,28.4200,28.6200,28.2400,28.6200,3800
XSP.TO,20250103,61.1200,61.6600,61.0500,61.5900,255683
XST.TO,20250103,54.5200,54.8000,54.5200,54.6100,4300
XSTB.TO,20250103,19.7300,19.7400,19.7300,19.7300,5500
XSTH.TO,20250103,37.2500,37.2500,37.2100,37.2100,11500
XSTP.TO,20250103,43.9500,43.9600,43.9300,43.9300,2300
XSU.TO,20250103,42.8200,43.3100,42.6900,43.2900,264600
XSUS.TO,20250103,45.1900,45.5800,45.1900,45.5800,600
XTC.TO,20250103,7.6400,7.7000,7.5500,7.6100,27400
XTD.TO,20250103,3.4000,3.6400,3.3500,3.4900,22207
XTG.TO,20250103,1.9500,1.9500,1.9500,1.9500,100
XTLH.TO,20250103,32.7100,32.7400,32.4900,32.5200,56200
XTLT.TO,20250103,35.9000,35.9300,35.7300,35.7300,7900
XTR.TO,20250103,11.2500,11.3000,11.2500,11.2900,8000
XTRA.TO,20250103,0.5900,0.6100,0.5600,0.5700,79430
XUH.TO,20250103,48.5400,48.8800,48.3600,48.7900,7300
XUS.TO,20250103,52.6000,53.2000,52.6000,53.1300,107900
XUSF.TO,20250103,75.2700,75.3000,75.2700,75.2800,471
XUSR.TO,20250103,93.0400,93.9700,93.0400,93.9700,1900
XUT.TO,20250103,28.0900,28.2200,28.0900,28.1500,116800
XUU.TO,20250103,62.7500,63.4200,62.6600,63.3200,42300
XVLU.TO,20250103,28.6100,28.8900,28.6100,28.8900,12500
XWD.TO,20250103,96.4500,97.3500,96.4500,97.2600,6700
Y.TO,20250103,12.1400,12.1400,11.6600,11.6600,1000
YCM.TO,20250103,5.0000,5.0000,5.0000,5.0000,0
YGR.TO,20250103,1.1200,1.1200,1.0600,1.0800,35300
YRB.TO,20250103,0.0400,0.0400,0.0400,0.0400,671000
ZACE.TO,20250103,50.0500,50.0500,50.0100,50.0100,200
ZAG.TO,20250103,13.9200,13.9500,13.8800,13.8800,225200
ZBAL.TO,20250103,40.3200,40.5800,40.3200,40.5700,13600
ZBBB.TO,20250103,28.7000,28.7000,28.7000,28.7000,400
ZBI.TO,20250103,30.3300,30.3400,30.3300,30.3300,1900
ZBK.TO,20250103,37.1800,37.7500,37.0000,37.7500,17100
ZCB.TO,20250103,47.2200,47.2200,47.2200,47.2200,1900
ZCDB.TO,20250103,30.4800,30.4800,30.4800,30.4800,0
ZCH.TO,20250103,15.3300,15.4700,15.3300,15.4300,2900
ZCLN.TO,20250103,12.8000,12.9500,12.8000,12.9100,3700
ZCM.TO,20250103,15.5800,15.6100,15.5600,15.5800,9000
ZDH.TO,20250103,26.9000,26.9300,26.9000,26.9300,300
ZDI.TO,20250103,23.8400,23.8600,23.7700,23.8500,4000
ZDJ.TO,20250103,65.6300,65.8600,65.4900,65.7700,5597
ZDM.TO,20250103,29.5300,29.6600,29.5300,29.6600,811
ZDV.TO,20250103,22.1600,22.3000,22.1600,22.2700,35300
ZDY.TO,20250103,46.5100,46.7100,46.4000,46.6800,7600
ZEA.TO,20250103,23.0600,23.1700,23.0400,23.1650,104800
ZEAT.TO,20250103,25.7100,25.7100,25.7100,25.7100,0
ZEB.TO,20250103,42.1200,42.3400,42.0600,42.2800,1373751
ZEF.TO,20250103,12.0700,12.1500,12.0700,12.1500,400
ZEM.TO,20250103,21.6200,21.7400,21.5800,21.7400,20235
ZEO.TO,20250103,74.0700,74.2900,74.0700,74.1300,8388
ZEQ.TO,20250103,29.5700,29.5700,29.4400,29.4500,5300
ZEQT.TO,20250103,52.3900,52.6000,52.2400,52.5600,3000
ZESG.TO,20250103,38.4000,38.5500,38.3900,38.5500,7700
ZFC.TO,20250103,46.7100,46.7100,46.6000,46.6000,300
ZFH.TO,20250103,15.0200,15.0200,14.9900,14.9900,7800
ZFL.TO,20250103,13.0700,13.1000,12.9900,13.0000,106500
ZFM.TO,20250103,14.7100,14.7100,14.6900,14.6900,800
ZFN.TO,20250103,56.1800,56.2300,56.1500,56.2300,1300
ZFS.TO,20250103,13.8400,13.8400,13.8300,13.8300,900
ZGB.TO,20250103,46.0300,46.0300,45.9400,45.9400,900
ZGD.TO,20250103,105.8600,106.0200,105.6000,105.6000,1300
ZGI.TO,20250103,51.6000,52.0900,51.6000,52.0800,1000
ZGLD.TO,20250103,41.1800,41.1800,41.0000,41.0000,2100
ZGLH.TO,20250103,37.7600,37.7600,37.4800,37.4800,1099
ZGQ.TO,20250103,70.4400,71.2500,70.4400,71.1200,3300
ZGRN.TO,20250103,40.1000,40.1000,40.1000,40.1000,0
ZGRO.TO,20250103,46.1300,46.3300,46.0800,46.3100,11200
ZGSB.TO,20250103,26.9600,27.0200,26.9600,26.9900,600
ZHP.TO,20250103,18.1600,18.1600,18.1600,18.1600,0
ZHU.TO,20250103,43.1500,43.1500,43.1500,43.1500,200
ZHY.TO,20250103,11.1500,11.2200,11.1500,11.2200,2464
ZIC.TO,20250103,18.5500,18.5600,18.4800,18.4800,1400
ZID.TO,20250103,51.2000,51.2100,51.0000,51.2100,8400
ZIN.TO,20250103,42.8100,42.8100,42.8100,42.8100,0
ZIU.TO,20250103,57.5800,57.7400,57.5800,57.7400,600
ZJG.TO,20250103,95.4000,95.4000,95.4000,95.4000,0
ZJK.TO,20250103,19.4600,19.5000,19.4600,19.4900,11000
ZJPN.TO,20250103,35.6900,36.0300,35.6900,36.0300,600
ZLB.TO,20250103,47.3600,47.7100,47.3600,47.6300,32900
ZLC.TO,20250103,15.5800,15.6100,15.5500,15.5600,77300
ZLD.TO,20250103,27.7000,27.7000,27.7000,27.7000,300
ZLE.TO,20250103,18.8400,18.8400,18.8400,18.8400,0
ZLH.TO,20250103,33.8200,33.8200,33.8100,33.8100,200
ZLI.TO,20250103,25.8600,25.8700,25.8600,25.8700,2100
ZLSC.TO,20250103,36.8400,36.9100,36.8300,36.9100,800
ZLU.TO,20250103,54.9500,55.1800,54.8200,55.0400,3700
ZMBS.TO,20250103,30.2800,30.2800,30.2800,30.2800,0
ZMI.TO,20250103,17.4300,17.5000,17.4300,17.4900,9600
ZMID.TO,20250103,48.0800,48.7900,48.0800,48.7500,4000
ZMMK.TO,20250103,49.9500,49.9500,49.9400,49.9500,129100
ZMP.TO,20250103,13.9600,13.9600,13.9550,13.9550,600
ZMSB.TO,20250103,28.6400,28.6400,28.6400,28.6400,0
ZMT.TO,20250103,66.1100,66.1100,66.1100,66.1100,0
ZMU.TO,20250103,12.4800,12.4900,12.4600,12.4900,19200
ZNQ.TO,20250103,98.2100,99.6500,98.2100,99.5300,8600
ZPAY.TO,20250103,33.0100,33.2700,33.0100,33.2300,7900
ZPH.TO,20250103,14.5200,14.5900,14.5000,14.5900,700
ZPL.TO,20250103,12.6000,12.6000,12.5400,12.5400,6100
ZPR.TO,20250103,10.9100,11.0300,10.9100,11.0200,169700
ZPS.TO,20250103,12.3600,12.3600,12.3400,12.3400,2500
ZPW.TO,20250103,16.2500,16.4600,16.2500,16.4600,2900
ZQB.TO,20250103,28.9700,28.9900,28.9700,28.9800,1700
ZQQ.TO,20250103,146.8800,148.6100,146.7100,148.3900,64000
ZRE.TO,20250103,20.6200,20.9700,20.6200,20.8900,19400
ZRR.TO,20250103,14.4600,14.5200,14.4600,14.4600,3500
ZSB.TO,20250103,48.5600,48.5600,48.5200,48.5200,500
ZSDB.TO,20250103,30.7200,30.7500,30.7200,30.7400,1000
ZSML.TO,20250103,44.9200,44.9200,44.4300,44.6800,600
ZSP.TO,20250103,92.9400,93.9500,92.8700,93.8300,765400
ZST.TO,20250103,49.0200,49.0200,48.9600,48.9600,48200
ZSU.TO,20250103,13.3200,13.3200,13.3200,13.3200,1000
ZTIP.TO,20250103,33.3000,33.3000,33.3000,33.3000,100
ZUAG.TO,20250103,32.2600,32.2600,32.2600,32.2600,1300
ZUB.TO,20250103,32.0400,32.5000,32.0000,32.5000,155200
ZUCM.TO,20250103,31.9900,31.9900,31.9900,31.9900,4900
ZUD.TO,20250103,30.5000,30.5000,30.5000,30.5000,300
ZUE.TO,20250103,81.3300,81.8800,81.1000,81.8800,17930
ZUH.TO,20250103,66.0500,66.7400,65.9600,66.6400,1600
ZUP.TO,20250103,22.1900,22.1900,22.1900,22.1900,126
ZUQ.TO,20250103,89.0200,89.8500,89.0200,89.7300,3500
ZUT.TO,20250103,22.2600,22.4500,22.2600,22.4000,21900
ZVC.TO,20250103,29.7600,29.8200,29.7600,29.8200,200
ZVU.TO,20250103,30.4400,30.4400,30.4400,30.4400,0
ZWA.TO,20250103,26.4000,26.5400,26.4000,26.5300,1200
ZWB.TO,20250103,19.8400,19.9300,19.8200,19.8900,97400
ZWC.TO,20250103,17.8800,18.0500,17.8800,18.0200,65800
ZWE.TO,20250103,19.7900,19.9500,19.7900,19.9300,8700
ZWEN.TO,20250103,29.1800,29.3300,29.1800,29.2800,3000
ZWG.TO,20250103,32.4800,32.7000,32.4800,32.6000,5000
ZWH.TO,20250103,24.7400,24.8400,24.7100,24.8200,14000
ZWHC.TO,20250103,29.0700,29.3000,29.0700,29.3000,1500
ZWK.TO,20250103,24.6800,25.1100,24.6300,25.1100,22700
ZWP.TO,20250103,17.7300,17.7800,17.7000,17.7200,7500
ZWQT.TO,20250103,17.2200,17.3100,17.2200,17.3100,700
ZWS.TO,20250103,20.2300,20.3000,20.2300,20.2700,2200
ZWT.TO,20250103,53.2600,53.7700,53.2300,53.6800,5400
ZWU.TO,20250103,10.6300,10.6800,10.6100,10.6400,195100
ZXM.TO,20250103,42.7000,42.7000,42.7000,42.7000,400
ZZZD.TO,20250103,28.1200,28.1200,28.1200,28.1200,200
