<ticker>,<date>,<open>,<high>,<low>,<close>,<vol>
AAB.TO,20240502,0.025,0.025,0.02,0.025,21858
AAUC.TO,20240502,3.6,3.61,3.5,3.5,243751
AAV.TO,20240502,10.61,10.8,10.61,10.74,263131
ABX.TO,20240502,22.25,22.81,22.18,22.66,2817741
AC.TO,20240502,19.25,19.42,18.38,18.75,10440140
ACB.TO,20240502,10.19,10.85,9.45,9.56,3570589
ACD.TO,20240502,4.52,4.52,4.4,4.47,1400
ACO.X.TO,20240502,37.48,37.92,37.48,37.8,169829
ACQ.TO,20240502,21.33,23.37,20.36,20.57,375479
AD.DB.A.TO,20240502,96.4,96.4,96.25,96.26,33000
AD.UN.TO,20240502,15.78,15.8,15.54,15.74,35854
ADEN.TO,20240502,42.78,42.78,41.82,42.03,52266
ADN.TO,20240502,17.63,17.7,17.57,17.67,9470
ADW.A.TO,20240502,3.8,3.84,3.76,3.81,65310
ADW.B.TO,20240502,4.53,4.53,4.25,4.43,3551
AEM.TO,20240502,87.77,89.48,87.7,89.05,1468320
AFN.TO,20240502,51.83,51.83,49.44,49.85,143052
AFN.DB.G.TO,20240502,99.2,99.2,99.2,99.2,6000
AFN.DB.H.TO,20240502,98.5,99,98.5,99,16000
AFN.DB.I.TO,20240502,124.22,124.24,124.01,124.15,205000
AFN.DB.J.TO,20240502,100.5,100.55,100.3,100.3,148000
AGF.B.TO,20240502,8.01,8.06,7.93,7.99,14982
AGI.TO,20240502,20.3,20.67,20.21,20.45,500952
AI.TO,20240502,11.08,11.08,10.97,11.02,9958
AI.DB.D.TO,20240502,96.67,97,96.67,97,44000
AI.DB.E.TO,20240502,97.96,97.96,97.96,97.96,25000
AI.DB.G.TO,20240502,90,90,86.7,86.7,15000
AIDX.TO,20240502,1.52,1.64,1.5,1.59,994367
AIF.TO,20240502,51.18,51.4,49.77,50.77,92185
AII.TO,20240502,0.63,0.64,0.63,0.64,100000
AIM.TO,20240502,2.34,2.35,2.33,2.35,117066
AIM.PR.C.TO,20240502,18.19,18.2,18.1,18.1,300
AKT.A.TO,20240502,1.46,1.49,1.46,1.47,4859
ALA.TO,20240502,30.3,30.53,29.51,30.4,865298
ALA.PR.A.TO,20240502,18.51,18.6,18.5,18.6,6300
ALA.PR.B.TO,20240502,20.85,20.85,20.85,20.85,348
ALA.PR.G.TO,20240502,23.99,24.3,23.99,24.3,37470
ALC.TO,20240502,14.67,14.73,14.54,14.59,12390
ALS.TO,20240502,21.7,21.73,21.4,21.52,22480
ALYA.TO,20240502,2.15,2.15,2.12,2.12,3729
AMAX.TO,20240502,18.12,18.25,18.12,18.21,908
AMC.TO,20240502,2.29,2.3,2.23,2.26,67635
AMM.TO,20240502,0.17,0.17,0.17,0.17,16827
AND.TO,20240502,42.23,42.54,41.87,41.87,16219
AOI.TO,20240502,2.45,2.48,2.42,2.44,276088
AOT.TO,20240502,0.72,0.72,0.68,0.68,197677
AP.UN.TO,20240502,16.94,16.99,16.66,16.83,600712
APLI.TO,20240502,0.035,0.035,0.03,0.035,980902
APR.UN.TO,20240502,9.84,10.07,9.82,10.06,19543
APS.TO,20240502,1.66,1.67,1.64,1.65,3109
AQN.TO,20240502,8.66,8.98,8.56,8.9,3659851
AQN.PR.A.TO,20240502,22.01,22.37,22.01,22.37,1976
ARA.TO,20240502,0.56,0.57,0.54,0.55,113783
ARB.TO,20240502,26.29,26.29,26.25,26.25,1500
ARE.TO,20240502,16.91,16.96,16.68,16.87,125290
ARG.TO,20240502,1.73,1.78,1.69,1.74,124491
ARIS.TO,20240502,5.54,5.89,5.52,5.77,907854
ARIS.WT.A.TO,20240502,0.41,0.56,0.41,0.51,254000
ARR.TO,20240502,9,9.29,9,9.21,3729
ARTI.TO,20240502,9.34,9.43,9.34,9.43,2217
ARX.TO,20240502,24.56,24.92,24.5,24.85,1708016
ASCU.TO,20240502,1.46,1.49,1.45,1.46,15100
ASM.TO,20240502,0.98,0.98,0.94,0.96,49204
ASND.TO,20240502,0.06,0.06,0.06,0.06,40500
ASTL.TO,20240502,10.61,10.72,10.45,10.72,11590
ASTL.WT.TO,20240502,1.5,1.5,1.5,1.5,200
ATCU.TO,20240502,0.6,0.6,0.58,0.6,50749
ATD.TO,20240502,75.82,76.11,74.81,75,1641048
ATH.TO,20240502,4.7,4.82,4.67,4.8,3717914
ATRL.TO,20240502,53.47,54.1,53.32,53.51,198540
ATS.TO,20240502,44.78,44.78,43.21,44.37,84891
ATZ.TO,20240502,35.58,36.55,35.44,36.13,444062
AUGB.F.TO,20240502,42.36,42.42,42.36,42.42,300
AUMN.TO,20240502,0.62,0.67,0.62,0.62,10108
AVCN.TO,20240502,0.36,0.36,0.335,0.35,69000
AVL.TO,20240502,0.07,0.07,0.07,0.07,205500
AVNT.TO,20240502,0.085,0.085,0.08,0.08,27162
AW.UN.TO,20240502,29.43,29.66,29.4,29.53,3922
AX.PR.E.TO,20240502,17.17,17.4,17.17,17.17,4700
AX.PR.I.TO,20240502,17.75,18,17.75,18,5400
AX.UN.TO,20240502,6.61,6.61,6.37,6.45,394770
AXIS.TO,20240502,0.06,0.06,0.06,0.06,33333
AYA.TO,20240502,13.14,13.58,13.13,13.4,124718
BABY.TO,20240502,0.25,0.255,0.25,0.255,101769
BAM.TO,20240502,53.04,53.05,52.24,52.78,2557775
BANK.TO,20240502,7.14,7.18,7.11,7.15,43220
BASE.TO,20240502,26,26.12,26,26.06,1404
BB.TO,20240502,3.98,4.06,3.89,3.99,2055333
BBD.A.TO,20240502,67.47,70.13,67.47,69.91,18511
BBD.B.TO,20240502,69,70,68.4,69.8,941891
BBD.PR.B.TO,20240502,17.27,17.3,17.05,17.3,1556
BBD.PR.C.TO,20240502,18.45,18.49,18.35,18.36,9645
BBD.PR.D.TO,20240502,19.2,19.2,19,19,2700
BBU.UN.TO,20240502,25.99,26.06,25.75,25.9,47510
BBUC.TO,20240502,27.87,28.37,27.72,28.37,11575
BCE.TO,20240502,45.86,45.89,44.43,45.14,6322523
BCE.PR.A.TO,20240502,17.12,17.39,17.1,17.39,11282
BCE.PR.B.TO,20240502,18.2,18.21,18.14,18.21,5070
BCE.PR.C.TO,20240502,17.41,17.85,17.38,17.48,2687
BCE.PR.D.TO,20240502,18.13,18.19,18.07,18.19,100656
BCE.PR.E.TO,20240502,18.05,18.1,18.04,18.1,86920
BCE.PR.F.TO,20240502,17.03,17.33,17.03,17.33,3650
BCE.PR.H.TO,20240502,18.1,18.23,18.1,18.23,3447
BCE.PR.I.TO,20240502,16,16.25,16,16.25,28007
BCE.PR.J.TO,20240502,18.15,18.15,18.15,18.15,100
BCE.PR.K.TO,20240502,15.1,15.19,15.1,15.17,72702
BCE.PR.M.TO,20240502,15.98,16.24,15.9,16.24,53682
BCE.PR.N.TO,20240502,17,17.22,17,17.22,400
BCE.PR.Q.TO,20240502,22.09,22.48,22.09,22.48,12762
BCE.PR.R.TO,20240502,16.05,16.23,16,16.23,5504
BCE.PR.S.TO,20240502,18.06,18.1,18.06,18.1,563
BCE.PR.T.TO,20240502,17.5,17.55,17.5,17.55,827
BCE.PR.Y.TO,20240502,18.05,18.1,18.05,18.1,2213
BCE.PR.Z.TO,20240502,17.9,17.93,17.9,17.93,600
BCT.TO,20240502,2.98,3.05,2.98,3.05,1000
BDGI.TO,20240502,45.48,46.56,44,44.12,57515
BDI.TO,20240502,8.41,8.58,8.41,8.45,24691
BDT.TO,20240502,19.18,19.28,18.97,19.14,51142
BEI.UN.TO,20240502,72.21,72.3,71.46,71.63,49991
BEP.PR.G.TO,20240502,24.25,24.49,24.1,24.49,6097
BEP.PR.M.TO,20240502,20.1,20.75,20.1,20.46,4322
BEP.PR.R.TO,20240502,18.02,18.33,18.02,18.33,3100
BEP.UN.TO,20240502,32.45,33.89,32.44,33.89,802052
BEPC.TO,20240502,35.67,37.07,35.67,36.92,329781
BEPR.TO,20240502,8.9,8.9,8.9,8.9,1000
BEPR.U.TO,20240502,9.2,9.2,9.2,9.2,1300
BESG.TO,20240502,15.35,15.35,15.35,15.35,2300
BGC.TO,20240502,30.98,30.98,30.97,30.97,250
BGI.UN.TO,20240502,4.18,4.24,4.18,4.2,20000
BGU.TO,20240502,41.64,41.81,41.64,41.69,2453
BHC.TO,20240502,11.79,12.06,10.8,11.05,780412
BIK.PR.A.TO,20240502,24.81,24.84,24.75,24.75,12600
BIP.PR.A.TO,20240502,20.32,20.39,20.32,20.39,12000
BIP.PR.B.TO,20240502,24.44,24.44,24.44,24.44,1795
BIP.PR.E.TO,20240502,21.75,21.82,21.75,21.82,2653
BIP.PR.F.TO,20240502,20.94,20.94,20.9,20.9,2854
BIP.UN.TO,20240502,38.49,39,37.9,38.95,392953
BIPC.TO,20240502,43.29,44.66,42.93,44.51,298675
BIR.TO,20240502,5.48,5.58,5.4,5.52,861175
BITF.TO,20240502,2.52,2.53,2.42,2.47,1431537
BITI.TO,20240502,5.47,5.54,5.4,5.41,162453
BITI.U.TO,20240502,4.01,4.01,3.95,3.96,16400
BK.TO,20240502,10.73,10.8,10.66,10.74,29170
BK.PR.A.TO,20240502,10.13,10.13,10.09,10.12,13594
BKCC.TO,20240502,13.8,13.83,13.79,13.8,1995
BKCL.TO,20240502,18.36,18.43,18.31,18.33,6704
BKI.TO,20240502,0.045,0.045,0.045,0.045,14000
BLCO.TO,20240502,18.95,18.97,18.11,18.95,6322
BLDP.TO,20240502,3.73,3.75,3.58,3.74,609397
BLN.TO,20240502,4.2,4.2,4.1,4.1,12000
BLX.TO,20240502,29.11,29.76,28.85,29.69,277304
BMAX.TO,20240502,13.11,13.11,12.97,13.05,3262
BMO.TO,20240502,123.86,123.95,122.3,122.92,2961141
BMO.PR.E.TO,20240502,25.4,25.48,25.31,25.48,39419
BMO.PR.W.TO,20240502,24.15,24.18,24,24.18,5295
BMO.PR.Y.TO,20240502,23.69,23.7,23.69,23.7,6262
BN.TO,20240502,56.59,57,55.97,56.96,1486121
BN.PF.A.TO,20240502,21.82,22.17,21.82,22.17,5321
BN.PF.B.TO,20240502,20,20.09,19.9,20.09,3819
BN.PF.C.TO,20240502,17.79,18,17.79,18,3715
BN.PF.D.TO,20240502,18.01,18.01,18.01,18.01,1913
BN.PF.E.TO,20240502,17.86,17.9,17.85,17.9,1200
BN.PF.F.TO,20240502,20.3,20.79,20.3,20.79,78944
BN.PF.G.TO,20240502,18.99,19.01,18.98,19.01,15663
BN.PF.H.TO,20240502,23.3,23.59,23.3,23.59,5626
BN.PF.I.TO,20240502,22,22.3,22,22.3,3434
BN.PF.J.TO,20240502,21.3,21.83,21.3,21.82,7798
BN.PR.B.TO,20240502,12.35,12.44,12.35,12.44,6097
BN.PR.C.TO,20240502,12.35,12.4,12.32,12.39,5296
BN.PR.K.TO,20240502,12.35,12.35,12.35,12.35,500
BN.PR.M.TO,20240502,17.67,17.95,17.67,17.95,2113
BN.PR.N.TO,20240502,17.36,17.76,17.36,17.76,5697
BN.PR.R.TO,20240502,16.18,16.42,16.18,16.42,10276
BN.PR.T.TO,20240502,16.11,16.51,16.11,16.51,3075
BN.PR.X.TO,20240502,15.8,16,15.8,16,3873
BN.PR.Z.TO,20240502,20.6,21.04,20.56,21.04,3817
BNC.TO,20240502,24.88,24.89,24.82,24.82,600
BND.TO,20240502,17.21,17.21,17.18,17.21,9641
BNE.TO,20240502,5.66,5.93,5.6,5.61,95888
BNG.TO,20240502,0.03,0.03,0.03,0.03,31000
BNK.TO,20240502,10.65,11.55,10.63,10.71,6000
BNS.TO,20240502,63.7,63.9,63,63.3,4193464
BOND.TO,20240502,19.88,19.94,19.88,19.93,102290
BOS.TO,20240502,5.8,5.95,5.8,5.9,4700
BPF.UN.TO,20240502,15.65,15.72,15.62,15.64,25044
BPO.PR.A.TO,20240502,13.6,13.61,13.6,13.61,3300
BPO.PR.C.TO,20240502,16,16,16,16,400
BPO.PR.E.TO,20240502,13.35,13.4,13.35,13.4,2600
BPO.PR.I.TO,20240502,14.05,14.25,14.05,14.25,2700
BPO.PR.N.TO,20240502,11.62,11.7,11.62,11.7,3600
BPO.PR.P.TO,20240502,11.85,11.95,11.85,11.95,2500
BPO.PR.R.TO,20240502,12.36,12.38,12.32,12.32,14800
BPO.PR.T.TO,20240502,14.81,14.9,14.8,14.88,7283
BPO.PR.W.TO,20240502,9.26,9.26,9.11,9.15,2000
BPO.PR.X.TO,20240502,9.84,9.87,9.84,9.87,300
BPO.PR.Y.TO,20240502,9.49,9.49,9.49,9.49,2000
BPRF.TO,20240502,22.22,22.22,22.22,22.22,800
BPYP.PR.A.TO,20240502,20,20.1,20,20.1,763
BRAG.TO,20240502,7.58,8.05,7.58,7.87,13027
BRE.TO,20240502,13.7,13.7,13.53,13.65,3784
BREA.TO,20240502,24.21,24.21,24.2,24.21,1100
BRF.PR.A.TO,20240502,17.07,17.1,17,17.1,3100
BRF.PR.B.TO,20240502,18.15,18.15,18.15,18.15,3800
BRF.PR.C.TO,20240502,20.1,20.34,20.09,20.34,13361
BRF.PR.E.TO,20240502,17.5,17.75,17.5,17.75,520
BRF.PR.F.TO,20240502,17.33,17.62,17.33,17.62,2025
BRMI.TO,20240502,0.86,0.86,0.86,0.86,1000
BRY.TO,20240502,0.32,0.33,0.32,0.33,10000
BSKT.TO,20240502,8.33,8.35,8.33,8.35,11250
BSX.TO,20240502,0.04,0.045,0.04,0.045,27000
BTB.DB.G.TO,20240502,98.89,98.89,98.89,98.89,1000
BTB.DB.H.TO,20240502,98.5,98.5,98.25,98.25,12000
BTB.UN.TO,20240502,3.16,3.19,3.15,3.15,51488
BTCC.TO,20240502,11.07,11.22,10.98,11.16,660195
BTCC.B.TO,20240502,11.5,11.64,11.43,11.6,479343
BTCC.U.TO,20240502,10.64,10.77,10.57,10.77,80691
BTCQ.TO,20240502,12.92,13.07,12.87,13.04,7605
BTCX.B.TO,20240502,11.89,12.04,11.82,12,262296
BTCX.U.TO,20240502,10.92,11.11,10.92,11.11,30141
BTCY.TO,20240502,5.98,5.98,5.88,5.97,7879
BTCY.B.TO,20240502,6.84,6.94,6.84,6.94,396
BTE.TO,20240502,4.87,4.96,4.81,4.86,6064121
BTO.TO,20240502,3.44,3.49,3.43,3.43,4313407
BU.TO,20240502,0.29,0.34,0.29,0.33,198208
BXF.TO,20240502,9.81,9.81,9.79,9.79,839
BYD.TO,20240502,264.86,270.49,263.29,267.46,75713
BYL.TO,20240502,0.25,0.25,0.25,0.25,5540
CACB.TO,20240502,19.23,19.23,19.23,19.23,7100
CAE.TO,20240502,27.16,27.63,27.15,27.61,509509
CAFR.TO,20240502,19.83,19.84,19.76,19.76,6900
CALL.TO,20240502,12.04,12.07,12.04,12.04,2682
CALL.B.TO,20240502,15.32,15.33,15.32,15.33,200
CANL.TO,20240502,21.57,21.61,21.57,21.61,2100
CAR.UN.TO,20240502,43.09,43.62,42.79,43.53,339597
CARB.TO,20240502,7.2,7.49,7.2,7.29,961
CARS.TO,20240502,19.04,19.29,19.04,19.29,822
CAS.TO,20240502,9.38,9.46,9.25,9.35,101552
CASH.TO,20240502,50.02,50.02,50.01,50.01,324319
CBH.TO,20240502,17.1,17.16,17.1,17.16,1600
CBIL.TO,20240502,49.96,49.97,49.96,49.96,81302
CBND.TO,20240502,8.79,8.79,8.77,8.77,3300
CBNK.TO,20240502,7.13,7.18,7.12,7.14,45412
CBO.TO,20240502,17.62,17.65,17.62,17.65,11928
CCA.TO,20240502,54.47,55.55,54.25,55.43,34086
CCEI.TO,20240502,23.5,23.5,23.5,23.5,1300
CCL.B.TO,20240502,71.19,71.49,70.32,70.5,161315
CCNS.TO,20240502,17.68,17.69,17.68,17.69,700
CCO.TO,20240502,64.58,67.09,64.36,66.24,981300
CCOM.TO,20240502,19.98,19.98,19.84,19.86,706
CCRE.TO,20240502,17.44,17.47,17.42,17.47,6930
CCS.PR.C.TO,20240502,18.99,19.02,18.4,18.53,9618
CDIV.TO,20240502,13.26,13.3,13.23,13.27,30926
CDR.TO,20240502,1.91,1.92,1.9,1.91,5450
CDZ.TO,20240502,30.87,30.98,30.77,30.86,12690
CEE.TO,20240502,2.07,2.08,2.05,2.05,43400
CEF.TO,20240502,28.91,29.14,28.89,29.1,4480
CEF.U.TO,20240502,21.29,21.29,21.29,21.29,200
CEU.TO,20240502,5.7,5.81,5.6,5.79,429984
CEW.TO,20240502,16.74,16.86,16.74,16.77,5669
CF.TO,20240502,8.57,8.6,8.47,8.5,24797
CF.PR.A.TO,20240502,14.1,14.15,14.1,14.15,2600
CF.PR.C.TO,20240502,19,19.16,18.85,19.16,2919
CFF.TO,20240502,0.61,0.61,0.61,0.61,780
CFP.TO,20240502,15.28,15.46,14.91,14.94,184222
CFW.TO,20240502,4.23,4.3,4.15,4.15,43080
CFX.TO,20240502,1.54,1.55,1.47,1.47,9911
CG.TO,20240502,8.35,8.41,8.23,8.28,357797
CGG.TO,20240502,8,8.02,7.98,8.02,1802
CGHY.TO,20240502,10.05,10.05,10.05,10.05,162
CGI.TO,20240502,37.2,37.2,37.2,37.2,500
CGL.TO,20240502,18.34,18.44,18.28,18.37,65159
CGL.C.TO,20240502,26.72,26.76,26.57,26.68,26946
CGLO.TO,20240502,27.28,27.39,27.28,27.35,2980
CGO.TO,20240502,51.93,52.57,51.25,52.02,10798
CGR.TO,20240502,27.55,27.66,27.35,27.66,654
CGX.TO,20240502,9,9.12,8.77,8.95,572277
CGXF.TO,20240502,9.85,9.85,9.7,9.8,11522
CGY.TO,20240502,55.06,55.06,54.12,54.16,3584
CHE.DB.E.TO,20240502,100.6,100.6,100.6,100.6,9000
CHE.DB.H.TO,20240502,100,100,99.6,99.6,69000
CHE.UN.TO,20240502,8.75,8.92,8.7,8.86,248200
CHNA.B.TO,20240502,21.07,21.11,20.96,20.96,2851
CHP.UN.TO,20240502,12.95,13.2,12.85,13.15,823350
CHPS.TO,20240502,35.46,36.28,35.01,35.79,4936
CHPS.U.TO,20240502,24.95,25.67,24.95,25.67,200
CHR.TO,20240502,2.16,2.17,2.14,2.16,129910
CHR.DB.A.TO,20240502,96.6,96.6,96.6,96.6,5000
CHR.DB.C.TO,20240502,82.25,82.25,82,82,50000
CIA.TO,20240502,6.12,6.23,6.11,6.23,175688
CIBR.TO,20240502,43.16,43.22,43.16,43.22,500
CIC.TO,20240502,10.74,10.77,10.73,10.74,13900
CIEI.TO,20240502,22.87,22.87,22.87,22.87,500
CIF.TO,20240502,41.75,41.88,41.65,41.84,2804
CIGI.TO,20240502,139.6,145.52,138.13,142.84,84454
CINT.TO,20240502,22.66,22.76,22.66,22.75,1600
CINV.TO,20240502,20.72,20.72,20.72,20.72,178
CIU.PR.A.TO,20240502,17.13,17.36,17.13,17.36,1650
CIU.PR.C.TO,20240502,14.25,14.25,14.25,14.25,1100
CIX.TO,20240502,16.48,16.49,16.23,16.3,285468
CJ.TO,20240502,6.95,6.99,6.86,6.88,445385
CJR.B.TO,20240502,0.5,0.52,0.5,0.5,427997
CJT.TO,20240502,118.86,120.74,117.06,118.77,54949
CJT.DB.E.TO,20240502,99.21,99.45,99.1,99.1,36000
CJT.DB.F.TO,20240502,97.98,97.99,97.55,97.55,67000
CKI.TO,20240502,20.77,20.79,20.77,20.79,900
CLF.TO,20240502,16.76,16.78,16.74,16.77,12141
CLG.TO,20240502,16.55,16.59,16.55,16.59,13400
CLML.U.TO,20240502,26.35,26.35,26.35,26.35,1500
CLS.TO,20240502,60.24,60.46,57.46,60.14,376675
CM.TO,20240502,64.6,64.88,64.29,64.7,4009491
CM.PR.P.TO,20240502,23.81,23.96,23.81,23.96,8780
CM.PR.Q.TO,20240502,23.82,23.94,23.81,23.94,14084
CM.PR.S.TO,20240502,23.9,24.5,23.8,24.5,18794
CMAG.TO,20240502,31.43,31.64,31.39,31.52,9400
CMAG.U.TO,20240502,23.61,23.61,23.61,23.61,400
CMCX.B.TO,20240502,12.71,12.71,12.71,12.71,1500
CMDO.TO,20240502,18.84,18.88,18.84,18.85,3700
CMDO.U.TO,20240502,19,19.01,19,19.01,400
CMG.TO,20240502,10.86,11.07,10.77,11.04,98278
CMGG.TO,20240502,26.19,26.21,26.19,26.21,450
CMGG.U.TO,20240502,27.05,27.05,27.05,27.05,100
CMNY.TO,20240502,50.06,50.06,50.06,50.06,400
CMOM.TO,20240502,22,22.17,22,22.17,41500
CMR.TO,20240502,50.06,50.06,50.05,50.06,28641
CNCC.TO,20240502,11.96,11.99,11.96,11.99,5335
CNCL.TO,20240502,19.36,19.39,19.36,19.39,2446
CNE.TO,20240502,4.88,5,4.84,4.9,14831
CNL.TO,20240502,4.2,4.36,4.12,4.12,14383
CNQ.TO,20240502,100.99,103.97,100.99,102.39,1968197
CNR.TO,20240502,167.33,167.6,166.2,166.8,638210
CNT.TO,20240502,0.03,0.03,0.03,0.03,1000
COMM.TO,20240502,31.48,31.68,31.48,31.68,200
COPP.TO,20240502,36.34,36.34,35.7,35.7,378
COW.TO,20240502,63.83,63.83,63.11,63.11,1562
CP.TO,20240502,107.64,109.06,107.14,108.85,1681650
CPD.TO,20240502,11.68,11.78,11.66,11.78,66820
CPH.TO,20240502,8.58,8.83,8.58,8.68,9687
CPX.TO,20240502,35.89,36.17,35.56,35.85,393661
CPX.PR.A.TO,20240502,15.15,15.15,15.15,15.15,600
CPX.PR.C.TO,20240502,22.14,22.14,22.14,22.14,1448
CPX.PR.E.TO,20240502,21.6,21.98,21.6,21.95,12261
CRDL.TO,20240502,2.88,2.88,2.66,2.74,130517
CRED.TO,20240502,19.55,19.55,19.55,19.55,333
CRON.TO,20240502,3.8,3.95,3.61,3.66,297436
CROP.TO,20240502,17.92,17.92,17.92,17.92,3000
CROP.U.TO,20240502,20,20,20,20,2000
CRP.TO,20240502,3.19,3.29,3.18,3.29,12330
CRR.UN.TO,20240502,12.85,12.9,12.71,12.84,144019
CRRX.TO,20240502,2.36,2.36,2.35,2.35,3300
CRT.UN.TO,20240502,13.53,13.61,13.41,13.6,140530
CRWN.NT.TO,20240502,90,90,90,90,12000
CS.TO,20240502,9.42,9.58,9.12,9.4,1914205
CSAV.TO,20240502,50.06,50.07,50.06,50.07,20352
CSE.PR.A.TO,20240502,13.51,13.51,13.5,13.51,890
CSH.UN.TO,20240502,12.48,12.61,12.4,12.54,273743
CSU.TO,20240502,3611.75,3635,3535,3544.54,33129
CSU.DB.TO,20240502,128,128.25,127.01,128.25,64400
CSW.A.TO,20240502,14.48,14.48,14,14.17,17702
CSW.B.TO,20240502,12.33,12.36,12.18,12.3,6980
CTC.A.TO,20240502,133.24,133.41,131.52,132.49,319107
CTF.UN.TO,20240502,2.33,2.33,2.33,2.33,100
CTS.TO,20240502,5.27,5.34,5.19,5.28,291426
CU.TO,20240502,30.46,30.53,30.13,30.3,640197
CU.PR.C.TO,20240502,20.35,20.48,20.35,20.48,5899
CU.PR.D.TO,20240502,18.81,18.96,18.81,18.91,3100
CU.PR.E.TO,20240502,19.09,19.36,19.09,19.36,3840
CU.PR.G.TO,20240502,17.37,17.4,17.36,17.4,1600
CU.PR.H.TO,20240502,20.41,20.55,20.41,20.45,621
CU.PR.I.TO,20240502,23.71,24.6,23.71,24.39,7627
CU.PR.J.TO,20240502,18.15,18.25,18.05,18.25,4900
CUD.TO,20240502,51.15,51.42,51.15,51.42,209
CUEH.TO,20240502,20.97,20.97,20.97,20.97,100
CUEI.TO,20240502,27.2,27.35,27.2,27.35,9200
CUP.U.TO,20240502,13.65,13.82,13.65,13.82,2200
CURA.TO,20240502,7.77,8.05,7.63,7.73,493064
CUTL.TO,20240502,19.47,19.47,19.47,19.47,100
CUTL.B.TO,20240502,20.11,20.11,20.11,20.11,100
CVD.TO,20240502,16.51,16.51,16.5,16.5,1250
CVE.TO,20240502,28.29,28.51,28.08,28.17,3644282
CVE.PR.A.TO,20240502,17.35,17.55,17.35,17.55,9901
CVE.PR.B.TO,20240502,18.5,18.5,18.5,18.5,800
CVE.PR.C.TO,20240502,24.1,24.33,24.06,24.33,5871
CVE.PR.E.TO,20240502,24,24.22,24,24.22,3968
CVE.PR.G.TO,20240502,23.68,23.68,23.68,23.68,1400
CVE.WT.TO,20240502,21.84,21.84,21.7,21.74,1446
CVG.TO,20240502,72.25,72.25,71.98,71.98,300
CVLU.B.TO,20240502,21.25,21.25,21.25,21.25,100
CVO.TO,20240502,8.41,8.51,8.05,8.11,106131
CWB.TO,20240502,27.12,27.23,26.89,26.98,113108
CWB.PR.B.TO,20240502,21.7,21.85,21.7,21.73,11698
CWB.PR.D.TO,20240502,25.3,25.83,25.3,25.83,3715
CWEB.TO,20240502,0.275,0.28,0.27,0.28,20525
CWW.TO,20240502,55.54,56.02,55.54,56.02,1001
CXB.TO,20240502,2.02,2.09,1.99,2,2722236
CXF.TO,20240502,9.68,9.68,9.68,9.68,100
CXI.TO,20240502,25.92,25.93,25.92,25.93,1687
CYB.TO,20240502,69.03,69.03,68.5,68.56,7165
CYBR.TO,20240502,45.69,45.69,45.51,45.51,2630
D.UN.TO,20240502,18.54,18.87,18.3,18.76,16411
DANC.TO,20240502,22.22,22.24,22.22,22.24,1700
DATA.TO,20240502,22.39,22.41,22.38,22.38,1200
DAY.TO,20240502,79.15,79.57,74.55,79.06,40549
DBM.TO,20240502,7.78,7.82,7.69,7.74,102383
DBO.TO,20240502,0.075,0.075,0.075,0.075,2000
DC.A.TO,20240502,1.4,1.41,1.4,1.41,71900
DCBO.TO,20240502,62.6,62.6,61.12,61.6,16602
DCG.TO,20240502,17.64,17.64,17.64,17.64,1400
DCM.TO,20240502,3.08,3.21,3.05,3.05,25055
DCU.TO,20240502,17.1,17.1,17.1,17.1,344
DF.TO,20240502,4.45,4.5,4.45,4.49,17658
DF.PR.A.TO,20240502,9.9,9.91,9.9,9.91,3709
DFN.TO,20240502,5.2,5.22,5.1,5.16,96433
DFN.PR.A.TO,20240502,9.83,9.84,9.83,9.83,81302
DFY.TO,20240502,46.54,46.54,45.8,46.01,70144
DGR.TO,20240502,42.18,42.36,42.18,42.36,1225
DGR.B.TO,20240502,47.35,47.41,47.32,47.32,500
DGRC.TO,20240502,37.5,37.8,37.5,37.68,3878
DGS.TO,20240502,5.9,5.96,5.87,5.9,60357
DGS.PR.A.TO,20240502,9.99,9.99,9.96,9.96,6900
DHT.U.TO,20240502,11.65,11.79,11.65,11.79,300
DHT.UN.TO,20240502,16.2,16.36,16.08,16.15,14594
DIAM.TO,20240502,0.075,0.08,0.075,0.075,126120
DII.B.TO,20240502,6.06,6.1,5.8,5.91,9890
DIR.UN.TO,20240502,12.56,12.72,12.47,12.67,496535
DISC.TO,20240502,36.8,36.8,36.8,36.8,100
DIV.TO,20240502,2.82,2.82,2.78,2.8,125979
DIV.DB.A.TO,20240502,96.3,96.3,96.3,96.3,15000
DLCG.TO,20240502,3,3.07,2.95,3.07,196600
DLR.TO,20240502,13.93,13.94,13.88,13.9,430839
DLR.U.TO,20240502,10.15,10.16,10.15,10.15,301541
DMEC.TO,20240502,20.11,20.11,20.11,20.11,305
DMEU.TO,20240502,19.89,19.89,19.89,19.89,300
DML.TO,20240502,2.82,2.92,2.76,2.89,1313054
DND.TO,20240502,14.77,14.85,14.45,14.75,35694
DNG.TO,20240502,5.29,5.29,5.2,5.24,31842
DNTL.TO,20240502,6.27,6.27,6.12,6.17,234438
DOL.TO,20240502,115.17,116.19,114.03,115.27,429868
DOO.TO,20240502,93.23,93.37,92.13,92.99,72895
DPM.TO,20240502,10.4,10.75,10.29,10.63,614435
DR.TO,20240502,11.26,11.3,11.18,11.24,24647
DRCU.TO,20240502,17.99,17.99,17.99,17.99,1000
DRFC.TO,20240502,27.4,27.53,27.38,27.48,11003
DRFE.TO,20240502,21.64,21.78,21.64,21.78,439
DRM.TO,20240502,18.61,18.61,18.12,18.39,26241
DRMC.TO,20240502,27.66,27.69,27.62,27.62,2808
DRMD.TO,20240502,27.06,27.07,27.06,27.07,209
DRME.TO,20240502,17.12,17.25,17.09,17.25,3500
DRMU.TO,20240502,36.72,36.8,36.72,36.8,1817
DRR.U.TO,20240502,6.23,6.76,6.22,6.48,6050
DRR.UN.TO,20240502,8.74,8.74,8.62,8.65,2319
DRT.TO,20240502,0.71,0.71,0.71,0.71,500
DRX.TO,20240502,13.7,14.71,13.68,14.24,119283
DS.TO,20240502,6.09,6.14,6.08,6.09,8409
DSG.TO,20240502,131.49,131.49,129.52,130.17,85473
DSV.TO,20240502,0.89,0.9,0.86,0.89,231165
DTOL.TO,20240502,8.55,8.59,8.49,8.5,10900
DXB.TO,20240502,17.62,17.67,17.62,17.67,8165
DXBC.TO,20240502,20.86,20.86,20.86,20.86,737
DXBU.TO,20240502,21.2,21.2,21.2,21.2,977
DXC.TO,20240502,34.7,34.75,34.49,34.65,16117
DXDB.TO,20240502,20.42,20.45,20.42,20.45,500
DXEM.TO,20240502,13.56,13.56,13.56,13.56,696
DXG.TO,20240502,58.37,58.37,57.6,57.98,2322
DXGE.TO,20240502,22.46,22.46,22.46,22.46,1046
DXN.TO,20240502,19.36,19.36,19.36,19.36,200
DXO.TO,20240502,18.84,19.06,18.84,19.03,910
DXP.TO,20240502,21.38,21.49,21.38,21.48,6801
DXQ.TO,20240502,24.24,24.25,24.18,24.24,331119
DXT.TO,20240502,5.97,5.99,5.87,5.9,11354
DXU.TO,20240502,54.74,54.74,54.74,54.74,217
DXUS.TO,20240502,24.42,24.51,24.42,24.51,4136
DXV.TO,20240502,19.61,19.62,19.61,19.62,438
DXW.TO,20240502,22.84,22.94,22.84,22.94,2447
DXZ.TO,20240502,12.14,12.14,12.14,12.14,2701
DYA.TO,20240502,0.14,0.145,0.14,0.14,5018
E.TO,20240502,1.12,1.25,1.1,1.21,250252
EAGR.TO,20240502,0.78,0.8,0.78,0.8,18802
EARN.TO,20240502,47.69,47.69,47.69,47.69,500
EBIT.TO,20240502,29.04,29.41,28.87,29.33,138497
EBIT.U.TO,20240502,21.43,21.43,21.37,21.37,520
EBNK.TO,20240502,11.18,11.18,11.18,11.18,100
EBNK.B.TO,20240502,10.67,10.71,10.67,10.7,1700
ECN.TO,20240502,1.77,1.87,1.77,1.8,469618
ECN.DB.TO,20240502,78,79.97,77,77,30000
ECN.DB.A.TO,20240502,68,69,68,69,6000
ECN.DB.B.TO,20240502,66.25,66.25,66.25,66.25,5000
ECN.PR.C.TO,20240502,15.59,16.08,15.59,16,2500
ECO.TO,20240502,4.82,4.82,4.47,4.7,57410
ECOR.TO,20240502,1.49,1.51,1.49,1.51,2050
EDGE.TO,20240502,34.05,34.31,34.05,34.31,2761
EDGE.U.TO,20240502,18.63,18.63,18.63,18.63,100
EDGF.TO,20240502,10.36,10.38,10.36,10.38,1900
EDR.TO,20240502,3.66,3.71,3.58,3.64,263925
EDT.TO,20240502,0.44,0.445,0.435,0.445,14000
EDV.TO,20240502,28.3,28.93,27.64,28.47,541960
EFN.TO,20240502,22.02,22.56,21.88,22.42,404015
EFR.TO,20240502,7.62,7.81,7.45,7.65,461862
EFX.TO,20240502,8.17,8.24,8.01,8.11,165561
EGLX.TO,20240502,0.17,0.17,0.16,0.16,70765
EIF.TO,20240502,46.65,46.88,45.95,46.1,60366
EIF.DB.J.TO,20240502,100.2,103,100.19,101,39000
EIF.DB.L.TO,20240502,99,99,99,99,10000
EIF.DB.M.TO,20240502,95.98,95.98,95.98,95.98,68000
EIT.UN.TO,20240502,13.74,13.74,13.65,13.72,167245
ELD.TO,20240502,19.61,20.26,19.39,20.03,322052
ELEF.TO,20240502,0.305,0.305,0.3,0.3,14050
ELF.PR.F.TO,20240502,20.08,20.09,20.01,20.08,1200
ELF.PR.G.TO,20240502,17.99,18.08,17.99,18.01,534
ELF.PR.H.TO,20240502,20.57,20.58,20.57,20.58,509
ELO.TO,20240502,1.69,1.69,1.61,1.63,20624
ELR.TO,20240502,0.155,0.16,0.155,0.155,29000
ELVA.TO,20240502,4.24,4.42,4.24,4.4,6300
EMA.TO,20240502,46.78,46.79,46.34,46.71,2209808
EMA.PR.A.TO,20240502,14.9,14.9,14.85,14.85,3100
EMA.PR.B.TO,20240502,17.25,17.28,17.25,17.25,1600
EMA.PR.C.TO,20240502,21.59,21.6,21.48,21.5,12429
EMA.PR.F.TO,20240502,18.55,18.87,18.55,18.87,20861
EMA.PR.H.TO,20240502,21.5,21.59,21.3,21.57,5820
EMA.PR.J.TO,20240502,20.27,20.45,20.27,20.45,2461
EMA.PR.L.TO,20240502,17.42,17.5,17.42,17.5,3513
EMAX.TO,20240502,17.63,17.74,17.63,17.66,1950
EMP.A.TO,20240502,32.04,32.23,31.92,32.23,381829
EMV.B.TO,20240502,28.7,28.7,28.66,28.66,900
ENB.TO,20240502,49.2,49.85,49.11,49.83,11044770
ENB.PF.A.TO,20240502,18.3,18.5,18.3,18.5,4350
ENB.PF.C.TO,20240502,17.57,17.78,17.57,17.78,8952
ENB.PF.E.TO,20240502,17.1,17.19,16.95,17.19,57526
ENB.PF.G.TO,20240502,16.75,17.13,16.75,17.13,8150
ENB.PF.K.TO,20240502,21,21.24,21,21.24,114841
ENB.PF.U.TO,20240502,20.68,20.68,20.68,20.68,1300
ENB.PF.V.TO,20240502,21.75,21.86,21.75,21.86,1837
ENB.PR.A.TO,20240502,20.59,20.93,20.59,20.93,1543
ENB.PR.B.TO,20240502,16.98,17.23,16.98,17.23,19005
ENB.PR.D.TO,20240502,17.35,17.39,17.35,17.39,19859
ENB.PR.F.TO,20240502,17.73,17.79,17.72,17.79,10747
ENB.PR.G.TO,20240502,20.3,20.3,20.3,20.3,200
ENB.PR.H.TO,20240502,18.75,19,18.75,19,8054
ENB.PR.J.TO,20240502,18.64,18.8,18.64,18.75,37070
ENB.PR.N.TO,20240502,20.55,20.84,20.55,20.84,8708
ENB.PR.P.TO,20240502,18.26,18.51,18.26,18.51,9001
ENB.PR.T.TO,20240502,19.1,19.2,19.1,19.19,5424
ENB.PR.V.TO,20240502,21.75,21.93,21.75,21.91,1542
ENB.PR.Y.TO,20240502,17.75,17.84,17.6,17.84,24741
ENCC.TO,20240502,11.27,11.37,11.27,11.31,83469
ENCL.TO,20240502,20.2,20.42,20.2,20.28,20917
ENGH.TO,20240502,30.01,30.06,29.33,29.35,127084
ENI.UN.TO,20240502,1.47,1.47,1.47,1.47,100
ENS.TO,20240502,11.47,11.5,11.37,11.5,42838
ENS.PR.A.TO,20240502,10.12,10.13,10.11,10.13,13900
EPRX.TO,20240502,3.7,3.8,3.69,3.72,15300
EQB.TO,20240502,84.83,85.22,83.99,84.7,23671
EQCL.TO,20240502,21.15,21.22,21.15,21.22,684
EQL.TO,20240502,33.76,33.76,33.46,33.62,24825
EQL.F.TO,20240502,28.7,28.83,28.58,28.76,13244
EQL.U.TO,20240502,24.41,24.58,24.41,24.58,1100
EQX.TO,20240502,7.37,7.61,7.3,7.46,620550
ERD.TO,20240502,0.41,0.41,0.4,0.41,44499
ERE.UN.TO,20240502,2.38,2.38,2.34,2.35,19311
ERO.TO,20240502,28.15,28.36,27.46,27.97,227352
ESG.TO,20240502,36.64,36.64,36.39,36.54,3810
ESG.F.TO,20240502,34.05,34.26,34.05,34.19,12100
ESGA.TO,20240502,34.61,34.69,34.61,34.63,13800
ESGC.TO,20240502,24.93,24.96,24.9,24.94,1000
ESGE.TO,20240502,33.73,33.82,33.7,33.71,1130
ESGG.TO,20240502,43.9,43.9,43.45,43.58,3734
ESGY.TO,20240502,49.18,49.38,49.18,49.38,567
ESGY.F.TO,20240502,38.94,38.94,38.94,38.94,100
ESI.TO,20240502,2.51,2.57,2.5,2.5,81272
ESM.TO,20240502,0.055,0.06,0.055,0.06,5001
ESP.TO,20240502,5.03,5.25,5,5.25,5500
ESPX.TO,20240502,22.59,22.7,22.53,22.67,10505
ESPX.B.TO,20240502,23.41,23.43,23.41,23.43,4702
ET.TO,20240502,13.97,13.98,13.76,13.9,3315
ETC.TO,20240502,12.62,12.95,12.62,12.92,1738
ETG.TO,20240502,1.54,1.55,1.54,1.55,46600
ETHH.TO,20240502,12.01,12.1,11.9,12.09,172188
ETHH.B.TO,20240502,14.12,14.21,14.03,14.17,107577
ETHH.U.TO,20240502,12.92,12.92,12.89,12.89,2900
ETHI.TO,20240502,49.07,49.26,49.02,49.26,520
ETHQ.TO,20240502,16.1,16.26,16.05,16.2,14347
ETHQ.U.TO,20240502,11.78,11.85,11.78,11.85,400
ETHR.TO,20240502,13.98,14.11,13.95,14.09,26629
ETHX.B.TO,20240502,14.72,14.78,14.59,14.75,159320
ETHX.U.TO,20240502,13.4,13.53,13.29,13.5,44391
ETHY.TO,20240502,3.83,3.9,3.83,3.9,5853
ETHY.B.TO,20240502,4.84,4.88,4.84,4.88,15569
ETSX.TO,20240502,19.5,19.58,19.5,19.58,1837
EVO.TO,20240502,19.85,19.85,19.85,19.85,100
EVT.TO,20240502,146.99,146.99,145.4,145.4,228
EXE.TO,20240502,7.36,7.46,7.33,7.41,92420
EXE.DB.C.TO,20240502,98.97,98.97,98.5,98.5,23000
EXN.TO,20240502,0.18,0.18,0.18,0.18,22502
EXRO.TO,20240502,0.76,0.76,0.73,0.76,9502
FAP.TO,20240502,2.55,2.58,2.55,2.55,15900
FAR.TO,20240502,2.91,2.91,2.81,2.83,48895
FBGO.TO,20240502,17.25,17.25,17.25,17.25,500
FBTC.TO,20240502,26.71,27.05,26.57,26.98,44432
FC.TO,20240502,10.87,10.87,10.71,10.76,12587
FC.DB.J.TO,20240502,96.99,97,96.99,97,15000
FCCD.TO,20240502,27.22,27.32,27.19,27.32,3133
FCCQ.TO,20240502,33.45,33.45,33.45,33.45,100
FCCV.TO,20240502,13.5,13.53,13.48,13.48,5134
FCD.UN.TO,20240502,4.96,4.99,4.95,4.99,4185
FCGI.TO,20240502,13.03,13.06,13.03,13.06,600
FCID.TO,20240502,26.62,26.62,26.58,26.58,1042
FCIQ.TO,20240502,36.43,36.59,36.37,36.59,6176
FCIQ.U.TO,20240502,26.49,26.76,26.49,26.76,400
FCIV.TO,20240502,34.54,34.71,34.54,34.68,8500
FCR.UN.TO,20240502,15.14,15.2,14.88,15.09,197723
FCRR.TO,20240502,37.28,37.28,37.17,37.17,300
FCRR.U.TO,20240502,24.95,24.95,24.95,24.95,100
FCU.TO,20240502,1.11,1.15,1.09,1.13,1315511
FCUD.TO,20240502,33.61,33.62,33.61,33.62,967
FCUH.TO,20240502,29.84,29.84,29.79,29.81,800
FCUQ.TO,20240502,53.48,53.48,52.87,53.07,1861
FCUQ.U.TO,20240502,38.79,38.79,38.79,38.79,500
FCUV.TO,20240502,17.19,17.19,17,17.12,19894
FCVH.TO,20240502,16.23,16.36,16.23,16.36,400
FDL.TO,20240502,31.42,31.42,31.42,31.42,1200
FDN.TO,20240502,22.09,22.24,22.09,22.18,6600
FDY.TO,20240502,0.72,0.72,0.68,0.68,46090
FEBB.F.TO,20240502,41.82,41.82,41.82,41.82,600
FEC.TO,20240502,9.18,9.35,9.11,9.13,13936
FEME.TO,20240502,19.96,20,19.96,20,203
FETH.TO,20240502,54.78,55.31,54.78,55.31,221
FF.TO,20240502,0.15,0.155,0.15,0.155,94750
FFH.TO,20240502,1528.34,1532.9,1511.2,1523.98,21605
FFH.PR.C.TO,20240502,22.44,22.45,22.25,22.4,4630
FFH.PR.D.TO,20240502,22.27,22.27,22.27,22.27,1000
FFH.PR.E.TO,20240502,17.45,17.47,17.45,17.47,4400
FFH.PR.G.TO,20240502,17.99,18.2,17.99,18.2,5597
FFH.PR.I.TO,20240502,18.5,18.74,18.5,18.74,4077
FFH.PR.J.TO,20240502,19.66,19.66,19.65,19.65,1200
FFH.PR.K.TO,20240502,21.24,21.26,21.15,21.26,6095
FFH.PR.M.TO,20240502,23.85,24,23.84,24,3752
FFN.TO,20240502,5.42,5.43,5.38,5.43,109190
FFN.PR.A.TO,20240502,10.12,10.12,10.11,10.11,100537
FGO.TO,20240502,9.76,9.76,9.76,9.76,3000
FGO.U.TO,20240502,9.91,9.91,9.91,9.91,5000
FGRW.TO,20240502,20.62,20.62,20.62,20.62,100
FHG.TO,20240502,49.75,49.75,49.75,49.75,102
FHI.TO,20240502,11.26,11.28,11.26,11.28,1246
FHIS.TO,20240502,20.57,20.58,20.56,20.58,15100
FHQ.TO,20240502,82.45,82.54,82.36,82.54,400
FIE.TO,20240502,7.04,7.06,7.02,7.05,251434
FIG.TO,20240502,9.09,9.12,9.09,9.12,21551
FIH.U.TO,20240502,14.8,14.8,14.7,14.8,7394
FIL.TO,20240502,24.4,24.79,23.88,24.43,187310
FINO.TO,20240502,21.38,21.38,21.38,21.38,467
FINT.TO,20240502,25.53,25.53,25.53,25.53,1000
FLCI.TO,20240502,17.25,17.25,17.25,17.25,200
FLCP.TO,20240502,17.18,17.19,17.18,17.19,1800
FLDM.TO,20240502,23.36,23.44,23.36,23.44,1200
FLGD.TO,20240502,25.99,25.99,25.88,25.88,400
FLI.TO,20240502,9.85,9.85,9.7,9.8,3447
FLNT.TO,20240502,0.03,0.03,0.025,0.025,81000
FLOW.TO,20240502,0.2,0.2,0.16,0.18,79000
FLX.B.TO,20240502,8.33,8.33,8.33,8.33,480
FM.TO,20240502,17.39,17.4,16.39,16.78,3460353
FMAX.TO,20240502,16.67,16.67,16.57,16.59,725
FN.TO,20240502,35.72,37.09,35.72,36.29,42988
FNV.TO,20240502,165.91,168.73,163.6,165.4,472914
FOM.TO,20240502,4.14,4.2,4.11,4.15,140004
FOOD.TO,20240502,0.305,0.315,0.305,0.31,24205
FORA.TO,20240502,7.79,7.92,7.72,7.92,7925
FRU.TO,20240502,14.05,14.12,13.97,14,209018
FSB.TO,20240502,9.52,9.55,9.52,9.55,9463
FSL.TO,20240502,16.95,16.95,16.95,16.95,900
FSV.TO,20240502,202.65,206.49,202.33,205.79,117306
FSY.TO,20240502,0.89,0.96,0.89,0.93,89922
FSZ.TO,20240502,6.8,6.84,6.69,6.73,243950
FSZ.DB.B.TO,20240502,101.5,101.5,100.5,100.5,31000
FT.TO,20240502,0.055,0.055,0.055,0.055,344714
FTG.TO,20240502,5.04,5.11,5,5.11,7376
FTN.TO,20240502,8.05,8.07,7.95,8.03,124325
FTN.PR.A.TO,20240502,10.18,10.22,10.18,10.22,13005
FTS.TO,20240502,54.76,54.78,54.33,54.38,1136529
FTS.PR.F.TO,20240502,19.49,19.99,19.49,19.79,5000
FTS.PR.G.TO,20240502,21.25,21.3,21.2,21.3,4663
FTS.PR.H.TO,20240502,15.15,15.25,15.12,15.25,488045
FTS.PR.I.TO,20240502,17.2,17.2,17.2,17.2,1300
FTS.PR.J.TO,20240502,18.81,19.06,18.69,19.06,9146
FTS.PR.K.TO,20240502,19.14,19.2,19,19.2,4670
FTS.PR.M.TO,20240502,19.73,19.89,19.73,19.89,15038
FTT.TO,20240502,41.83,41.83,40.55,40.79,776973
FTU.TO,20240502,0.42,0.42,0.42,0.42,500
FURY.TO,20240502,0.56,0.62,0.55,0.59,124219
FVI.TO,20240502,6.37,6.5,6.32,6.42,343810
FVL.TO,20240502,0.43,0.43,0.42,0.42,117918
FWCP.TO,20240502,16.39,16.39,16.39,16.39,500
FXM.TO,20240502,21.62,21.62,21.62,21.62,100
G.TO,20240502,1.03,1.05,1.02,1.05,12900
GATO.TO,20240502,13.1,13.45,13.1,13.35,1727
GAU.TO,20240502,2.3,2.4,2.25,2.28,295828
GBT.TO,20240502,14.35,14.35,14.35,14.35,175
GCBD.TO,20240502,17.49,17.51,17.49,17.5,1465
GCG.TO,20240502,45.8,45.8,45.7,45.7,240
GCG.A.TO,20240502,45.61,45.87,45.2,45.3,3800
GCL.TO,20240502,1.26,1.26,1.2,1.21,31925
GCSC.TO,20240502,24.01,24.02,24.01,24.02,607
GCTB.TO,20240502,50.07,50.07,50.07,50.07,10068
GDC.TO,20240502,3.09,3.09,3.07,3.07,300
GDI.TO,20240502,36.36,36.36,35.85,35.85,856
GDL.TO,20240502,15,15,14.81,15,1122
GDV.TO,20240502,9.59,9.65,9.58,9.61,8786
GDV.PR.A.TO,20240502,9.75,9.75,9.7,9.75,3938
GEI.TO,20240502,22.2,22.44,21.94,22.16,506454
GENM.TO,20240502,0.26,0.26,0.25,0.255,233735
GEO.TO,20240502,2.04,2.05,2.04,2.05,2200
GEQT.TO,20240502,55.24,55.24,54.9,55.13,996
GFL.TO,20240502,45.08,47.35,44.96,45.76,491558
GFP.TO,20240502,0.74,0.75,0.71,0.72,25500
GFR.TO,20240502,7.96,8,7.87,7.87,4863
GGD.TO,20240502,1.36,1.38,1.33,1.34,519541
GGRO.TO,20240502,50.32,50.48,50.27,50.48,684
GH.TO,20240502,10.35,10.4,10.3,10.35,4790
GIB.A.TO,20240502,139.95,141.11,138.86,139.68,324467
GIL.TO,20240502,50.02,50.02,44.23,45.89,537127
GIQG.TO,20240502,25.2,25.2,25.2,25.2,200
GIVX.TO,20240502,0.81,0.81,0.8,0.8,63000
GLCC.TO,20240502,24.29,24.56,24.21,24.46,9545
GLO.TO,20240502,2.16,2.32,2.16,2.3,525635
GLXY.TO,20240502,12.25,13.02,12.2,12.96,470793
GMIN.TO,20240502,2.13,2.14,2.09,2.1,174507
GMTN.TO,20240502,0.03,0.03,0.03,0.03,73260
GMX.TO,20240502,0.95,0.95,0.94,0.94,2000
GOLD.TO,20240502,1.12,1.16,1.12,1.14,36535
GOOS.TO,20240502,15.67,15.79,15.27,15.59,125869
GRA.TO,20240502,2.48,2.48,2.41,2.44,25992
GRID.TO,20240502,1.72,1.75,1.67,1.67,18061
GRN.TO,20240502,0.08,0.085,0.08,0.085,17918
GRT.UN.TO,20240502,68.42,70.1,68.42,69.61,245156
GSY.TO,20240502,180.84,182.46,178.17,181.71,40328
GTE.TO,20240502,10.83,12.15,10.83,11.9,137475
GTWO.TO,20240502,1.22,1.24,1.22,1.24,68804
GUD.TO,20240502,5.78,5.86,5.75,5.82,23127
GURU.TO,20240502,2.55,2.6,2.51,2.52,6994
GVC.TO,20240502,0.085,0.085,0.085,0.085,5000
GWO.TO,20240502,40.79,41.85,40.7,41.72,2339264
GWO.PR.G.TO,20240502,19.75,20.44,19.74,20.44,51476
GWO.PR.H.TO,20240502,18.54,18.65,18.54,18.65,5235
GWO.PR.I.TO,20240502,17.25,17.72,17.25,17.72,6395
GWO.PR.L.TO,20240502,21.3,21.68,21.3,21.68,3384
GWO.PR.M.TO,20240502,22.39,22.5,22.39,22.5,1811
GWO.PR.N.TO,20240502,14.8,15.34,14.8,15.29,64627
GWO.PR.P.TO,20240502,20.44,20.65,20.44,20.65,8371
GWO.PR.Q.TO,20240502,19.51,19.74,19.5,19.74,3256
GWO.PR.R.TO,20240502,18.15,18.41,18.15,18.41,2912
GWO.PR.S.TO,20240502,19.9,20.45,19.9,20.45,53755
GWO.PR.T.TO,20240502,19.4,19.76,19.4,19.76,6302
GWO.PR.Y.TO,20240502,17.4,17.54,17.34,17.54,1000
GXE.TO,20240502,0.74,0.76,0.71,0.71,1288049
H.TO,20240502,38.9,39.08,38.69,38.77,668312
HAB.TO,20240502,9.7,9.75,9.7,9.72,2111
HAC.TO,20240502,29.54,29.58,29.52,29.53,5665
HAF.TO,20240502,7.1,7.12,7.1,7.12,10513
HAI.TO,20240502,4.53,4.66,4.51,4.56,9023
HAL.TO,20240502,19.52,19.54,19.52,19.54,2948
HAZ.TO,20240502,33.03,33.2,33.03,33.09,7922
HBA.TO,20240502,23.78,24.02,23.78,23.85,4706
HBAL.TO,20240502,14.29,14.29,14.28,14.28,1168
HBB.TO,20240502,45.79,45.95,45.75,45.9,15736
HBD.TO,20240502,8.43,8.47,8.4,8.4,5008
HBF.TO,20240502,9.47,9.5,9.46,9.48,15663
HBF.B.TO,20240502,10.61,10.61,10.6,10.6,3400
HBF.U.TO,20240502,10.69,10.69,10.68,10.68,7600
HBGD.TO,20240502,24.5,24.83,24.5,24.83,517
HBIE.TO,20240502,23.68,23.68,23.57,23.57,943
HBIG.TO,20240502,23.6,23.67,23.6,23.67,215
HBLK.TO,20240502,14.46,14.69,14.46,14.69,1426
HBM.TO,20240502,11.37,11.55,11.11,11.38,1100812
HBND.TO,20240502,14.59,14.68,14.57,14.67,37351
HBNK.TO,20240502,21.09,21.16,21.02,21.06,4100
HBP.TO,20240502,0.22,0.22,0.19,0.21,198500
HBU.TO,20240502,13.97,14.15,13.93,14.12,8300
HCA.TO,20240502,21.24,21.29,21.18,21.18,5736
HCAL.TO,20240502,20.51,20.74,20.46,20.46,24944
HCLN.TO,20240502,8.42,8.52,8.42,8.49,3411
HCON.TO,20240502,12.78,12.78,12.78,12.78,444
HCRE.TO,20240502,24,24,23.96,23.96,403
HDGE.TO,20240502,25.97,25.97,25.97,25.97,174
HDGE.U.TO,20240502,18.98,18.98,18.98,18.98,500
HDIF.TO,20240502,8.07,8.07,8,8.07,69489
HDIV.TO,20240502,16.15,16.19,16.04,16.14,30952
HEB.TO,20240502,16.62,16.62,16.55,16.55,300
HED.TO,20240502,3.86,3.92,3.84,3.89,44130
HEQT.TO,20240502,15.84,15.84,15.75,15.82,37950
HERO.TO,20240502,29.15,29.15,29.15,29.15,1500
HEU.TO,20240502,32.29,32.93,32.28,32.39,9055
HEWB.TO,20240502,31.73,31.8,31.63,31.71,23801
HFD.TO,20240502,9.48,9.49,9.41,9.49,16100
HFIN.TO,20240502,15.36,15.42,15.36,15.41,2200
HFR.TO,20240502,9.87,9.89,9.87,9.89,9409
HFU.TO,20240502,20.89,21.13,20.89,20.94,2200
HGD.TO,20240502,4.17,4.21,4.06,4.11,489581
HGGG.TO,20240502,28.15,28.15,28.14,28.14,1055
HGR.TO,20240502,5.83,5.84,5.77,5.84,3089
HGRW.TO,20240502,22.43,22.43,22.43,22.43,150
HGU.TO,20240502,15.86,16.35,15.73,16.1,263171
HGY.TO,20240502,10.46,10.46,10.38,10.42,1978
HHL.TO,20240502,8.16,8.16,8.09,8.15,68088
HHL.U.TO,20240502,8.58,8.63,8.58,8.63,419
HHLE.TO,20240502,10.21,10.24,10.15,10.23,8187
HIG.TO,20240502,8.52,8.52,8.5,8.5,5100
HIND.TO,20240502,11.66,11.66,11.66,11.66,454
HISU.U.TO,20240502,100.11,100.11,100.11,100.11,992
HIU.TO,20240502,12.48,12.5,12.43,12.45,64200
HIX.TO,20240502,28.03,28.03,28,28,500
HLF.TO,20240502,13.18,13.34,13.12,13.29,5175
HLIF.TO,20240502,8.73,8.78,8.73,8.78,3681
HLIT.TO,20240502,20.9,21.21,20.85,21.21,478
HLPR.TO,20240502,25.7,25.7,25.69,25.69,2100
HLS.TO,20240502,4.65,4.66,4.65,4.65,467
HMAX.TO,20240502,13.55,13.61,13.51,13.57,116906
HMM.A.TO,20240502,11.11,11.11,10.75,10.83,21642
HMMJ.TO,20240502,11.1,11.27,10.86,10.86,39054
HMP.TO,20240502,9.28,9.29,9.28,9.28,4200
HND.TO,20240502,107.14,107.76,99.12,100.7,304694
HNU.TO,20240502,3.39,3.65,3.38,3.6,8479203
HOD.TO,20240502,6.92,7.05,6.87,6.95,789560
HOM.U.TO,20240502,10.75,10.99,10.75,10.75,11608
HOM.UN.TO,20240502,14.87,14.98,14.74,14.78,11512
HOT.U.TO,20240502,0.435,0.465,0.435,0.465,1500
HOT.UN.TO,20240502,0.65,0.65,0.61,0.64,6125
HOU.TO,20240502,14.21,14.29,13.94,14.13,457864
HPF.TO,20240502,3.52,3.52,3.51,3.52,13000
HPR.TO,20240502,8.56,8.62,8.54,8.61,56434
HPS.A.TO,20240502,102.61,106.99,99.77,105.96,167703
HPYM.TO,20240502,11.35,11.38,11.35,11.37,6600
HPYM.U.TO,20240502,11.34,11.34,11.34,11.34,200
HPYT.TO,20240502,10.76,10.85,10.76,10.84,92910
HPYT.U.TO,20240502,10.96,10.96,10.96,10.96,1068
HQD.TO,20240502,15.05,15.39,14.89,14.94,1824396
HQU.TO,20240502,17.6,17.84,17.25,17.78,1345182
HR.UN.TO,20240502,9.01,9.12,8.94,9.03,433847
HRAA.TO,20240502,11.75,11.75,11.75,11.75,1200
HRX.TO,20240502,18.74,19.53,18.74,19.53,7737
HSAV.TO,20240502,111.65,111.73,111.52,111.73,36029
HSD.TO,20240502,20.57,20.94,20.42,20.49,734031
HSH.TO,20240502,62.11,62.11,61.81,61.81,551
HSU.TO,20240502,19.9,20.02,19.55,19.95,254664
HSUV.U.TO,20240502,109.64,109.7,109.62,109.67,18286
HTA.TO,20240502,16.99,17.06,16.8,17,84196
HTA.U.TO,20240502,18.27,18.27,18.27,18.27,3000
HTAE.TO,20240502,15.15,15.28,15.11,15.24,7616
HTB.TO,20240502,54.37,54.41,54.37,54.41,813
HTB.U.TO,20240502,39.8,39.8,39.8,39.8,600
HTL.TO,20240502,1.36,1.39,1.36,1.39,34663
HUBL.TO,20240502,11.85,11.91,11.85,11.91,31110
HUBL.U.TO,20240502,13.18,13.23,13.18,13.23,12250
HUC.TO,20240502,22.01,22.12,21.92,22.03,3106
HUG.TO,20240502,18.16,18.16,18.16,18.16,200
HULC.TO,20240502,83.02,83.02,82.21,82.52,2006
HULC.U.TO,20240502,60.19,60.48,60.19,60.48,1600
HUM.TO,20240502,28.71,28.71,28.71,28.71,370
HUN.TO,20240502,8.54,8.55,8.5,8.5,3210
HURA.TO,20240502,39.2,39.72,39.02,39.41,15325
HUT.TO,20240502,11.26,11.43,10.97,11.2,884470
HUTE.TO,20240502,9.49,9.54,9.49,9.54,6365
HUTL.TO,20240502,16.23,16.32,16.22,16.32,7205
HUTS.TO,20240502,11.4,11.47,11.32,11.46,10962
HUV.TO,20240502,9.44,9.75,9.35,9.41,97636
HUZ.TO,20240502,11.86,12.07,11.86,12.07,6129
HWO.TO,20240502,1.3,1.3,1.3,1.3,6400
HWX.TO,20240502,7.36,7.48,7.36,7.38,1101379
HXCN.TO,20240502,35.11,35.23,35.07,35.17,13291
HXD.TO,20240502,6.09,6.14,6.03,6.06,124640
HXDM.TO,20240502,45.04,45.31,45,45.31,4543
HXE.TO,20240502,37.63,38.06,37.63,37.87,2161
HXEM.TO,20240502,35,35.36,35,35.35,5184
HXF.TO,20240502,67.12,67.23,67.09,67.23,5177
HXH.TO,20240502,48.03,48.03,48.03,48.03,5264
HXQ.TO,20240502,68.44,68.61,67.88,68.42,9958
HXQ.U.TO,20240502,49.93,50.17,49.8,50.17,2700
HXS.TO,20240502,70.61,70.61,70.1,70.5,69829
HXS.U.TO,20240502,51.44,51.44,51.3,51.3,719
HXT.TO,20240502,55.66,55.96,55.45,55.78,139751
HXU.TO,20240502,21.32,21.52,21.27,21.4,15008
HXX.TO,20240502,49.9,49.9,49.8,49.8,318
HYBR.TO,20240502,8.91,8.94,8.91,8.94,500
HYLD.TO,20240502,12.69,12.69,12.51,12.64,60826
HYLD.U.TO,20240502,13.08,13.08,12.87,13.02,1500
HZD.TO,20240502,11.54,11.55,11.11,11.18,73115
HZU.TO,20240502,22.85,23.8,22.8,23.57,90334
IAG.TO,20240502,84.67,84.95,84.11,84.56,152340
IAU.TO,20240502,1.69,1.73,1.65,1.71,813454
IAU.WT.TO,20240502,0.33,0.44,0.31,0.365,651550
ICPB.TO,20240502,9.3,9.3,9.26,9.26,1401
IDIV.B.TO,20240502,13.36,13.42,13.36,13.42,375
IE.TO,20240502,13.73,13.9,13.71,13.8,9865
IFA.TO,20240502,1.19,1.19,1.18,1.18,6200
IFC.TO,20240502,229.66,230.17,227.48,228.4,207879
IFC.PR.A.TO,20240502,19.02,19.15,19.02,19.15,4171
IFC.PR.C.TO,20240502,21.21,21.39,21.2,21.39,3084
IFC.PR.E.TO,20240502,20.2,20.21,20.2,20.21,2200
IFC.PR.F.TO,20240502,20.24,20.26,20.24,20.26,700
IFC.PR.G.TO,20240502,23.2,23.61,23.01,23.61,5154
IFC.PR.I.TO,20240502,20.87,20.88,20.84,20.88,46300
IFP.TO,20240502,18.5,18.56,18.21,18.32,93139
IFRF.TO,20240502,8.6,8.6,8.6,8.6,793
IGAF.TO,20240502,13.71,13.84,13.69,13.84,2288
IGB.TO,20240502,17.68,17.69,17.68,17.68,1499
IGBT.UN.TO,20240502,10.01,10.01,9.79,9.95,8370
IGM.TO,20240502,34.94,35.74,34.8,35.73,309818
IIAE.TO,20240502,22.75,23,22.75,23,250
IICE.TO,20240502,22.03,22.03,22.03,22.03,100
III.TO,20240502,2.54,2.65,2.54,2.6,33600
IIMF.TO,20240502,21.51,21.51,21.51,21.51,700
IIMF.F.TO,20240502,22.15,22.23,22.15,22.23,8900
IIP.UN.TO,20240502,12.07,12.07,11.86,11.93,173698
ILLM.TO,20240502,1.7,1.7,1.66,1.66,11961
IMG.TO,20240502,4.94,5.09,4.92,5.01,772567
IMO.TO,20240502,93.04,94.03,92.72,93.23,373371
INAI.TO,20240502,21.91,21.92,21.91,21.92,1450
INAI.F.TO,20240502,21.35,21.35,21.35,21.35,200
INE.TO,20240502,8.3,8.42,8.19,8.41,702008
INE.DB.B.TO,20240502,97,97,97,97,2000
INE.DB.C.TO,20240502,93.01,93.01,93.01,93.01,4000
INE.PR.A.TO,20240502,12.65,12.65,12.6,12.6,20899
INO.UN.TO,20240502,1.15,1.15,1.12,1.12,4602
INOC.TO,20240502,14.79,14.79,14.79,14.79,200
IPCO.TO,20240502,16.92,17.23,16.92,17.01,36377
IPO.TO,20240502,2.38,2.41,2.37,2.37,64844
IQD.TO,20240502,34.42,34.43,34.42,34.43,400
ISV.TO,20240502,25.74,25.8,25.67,25.8,2102
ITE.TO,20240502,0.185,0.19,0.18,0.18,46609
ITH.TO,20240502,0.89,0.91,0.89,0.91,4000
IUAE.TO,20240502,21.78,21.78,21.78,21.78,700
IUAE.F.TO,20240502,21.03,21.03,21.03,21.03,100
IUMF.TO,20240502,21.89,21.89,21.71,21.71,794
IUMF.F.TO,20240502,20.69,20.77,20.69,20.73,8800
IVN.TO,20240502,18.59,18.99,18.49,18.71,1676791
IVQ.TO,20240502,0.27,0.27,0.27,0.27,3500
IVQ.DB.U.TO,20240502,45.01,45.01,44.51,44.51,12000
IVQ.DB.V.TO,20240502,50,51,48,51,157000
JAG.TO,20240502,2.85,2.93,2.8,2.86,25926
JAPN.TO,20240502,48.27,48.3,48.17,48.27,1466
JAPN.B.TO,20240502,33.84,33.84,33.84,33.84,100
JFS.UN.TO,20240502,25.66,25.71,25.25,25.5,6275
JOY.TO,20240502,3.56,3.61,3.52,3.53,72040
JWEL.TO,20240502,26.24,26.31,25.87,25.92,18366
K.TO,20240502,8.85,9.08,8.84,8.96,2045174
KBL.TO,20240502,35.34,35.34,34.89,34.9,5195
KEC.TO,20240502,12.15,12.36,12.15,12.36,619
KEG.UN.TO,20240502,14.62,14.75,14.5,14.65,3845
KEI.TO,20240502,4.29,4.36,4.25,4.35,5402
KEL.TO,20240502,6.08,6.19,6.04,6.17,193614
KEY.TO,20240502,34.94,35.19,34.51,34.59,810354
KILO.TO,20240502,34.15,34.28,34.13,34.25,1021
KILO.B.TO,20240502,37.51,37.63,37.43,37.52,8225
KILO.U.TO,20240502,35.8,35.8,35.8,35.8,100
KITS.TO,20240502,5.96,6.04,5.8,5.8,5200
KLS.TO,20240502,0.165,0.175,0.165,0.17,36000
KMP.UN.TO,20240502,17.17,17.17,16.87,16.9,679393
KNT.TO,20240502,7.29,7.42,7.13,7.31,573241
KPT.TO,20240502,8.25,8.25,8.19,8.2,8300
KRN.TO,20240502,0.155,0.175,0.155,0.155,22500
KSI.TO,20240502,3.91,4.13,3.89,4.13,129870
KXS.TO,20240502,153.89,153.89,149.93,150.88,41729
L.TO,20240502,153.8,155.22,153.36,154.61,281818
L.PR.B.TO,20240502,21.55,21.82,21.55,21.82,3240
LAAC.TO,20240502,7.12,7.12,6.83,7.04,68151
LABS.TO,20240502,0.085,0.085,0.08,0.08,87693
LAC.TO,20240502,6.01,6.2,5.9,6.15,469996
LAM.TO,20240502,0.7,0.74,0.7,0.72,112489
LAS.A.TO,20240502,145.94,145.94,144.37,144.64,907
LB.TO,20240502,26.25,26.29,26.02,26.09,63252
LB.PR.H.TO,20240502,18.75,18.75,18.55,18.75,4700
LBS.TO,20240502,7.65,7.7,7.62,7.69,78727
LBS.PR.A.TO,20240502,10.14,10.18,10.14,10.18,3400
LCFS.TO,20240502,7.18,7.31,7.18,7.31,500
LCS.TO,20240502,6.24,6.34,6.2,6.34,7562
LCS.PR.A.TO,20240502,10.06,10.06,10.03,10.03,1600
LEAD.TO,20240502,18.53,18.53,18.53,18.53,600
LEV.TO,20240502,1.32,1.32,1.27,1.31,120403
LEV.WT.TO,20240502,0.04,0.04,0.04,0.04,1536
LEV.WT.A.TO,20240502,0.38,0.435,0.38,0.435,1000
LFE.TO,20240502,4.18,4.25,4.13,4.19,4700
LGD.TO,20240502,0.335,0.35,0.33,0.345,276957
LGO.TO,20240502,2.15,2.22,2.08,2.21,46346
LIF.TO,20240502,29.31,29.69,29.07,29.57,125832
LIFE.TO,20240502,21,21,20.85,20.89,4634
LIFE.B.TO,20240502,24.55,24.56,24.55,24.56,400
LIFE.U.TO,20240502,20.37,20.37,20.37,20.37,200
LIRC.TO,20240502,6.64,6.84,6.61,6.65,7494
LMAX.TO,20240502,15.45,15.45,15.36,15.4,9805
LN.TO,20240502,0.405,0.405,0.395,0.395,93000
LNF.TO,20240502,21.63,22.01,21.63,21.91,8863
LNR.TO,20240502,64.76,64.84,64,64.45,149041
LONG.TO,20240502,34.52,34.52,34.52,34.52,100
LPAY.TO,20240502,26.77,26.77,26.65,26.74,10787
LPAY.U.TO,20240502,19.57,19.57,19.57,19.57,7400
LSPD.TO,20240502,18.43,18.43,17.99,18.2,395493
LUC.TO,20240502,0.34,0.35,0.33,0.35,69329
LUG.TO,20240502,18.64,18.89,18.47,18.56,137304
LUN.TO,20240502,14.99,15.15,14.74,15.03,2682571
MAG.TO,20240502,16.85,17.17,16.71,16.93,96048
MAL.TO,20240502,7.97,8.09,7.94,7.95,11698
MARI.TO,20240502,3.89,3.89,3.7,3.7,7166
MATR.TO,20240502,16.64,16.92,16.44,16.63,58467
MCB.TO,20240502,1.89,1.94,1.88,1.92,39500
MCLC.TO,20240502,37.22,37.22,37.2,37.2,306
MCSB.TO,20240502,19.07,19.07,19.07,19.07,600
MCSM.TO,20240502,38.6,38.6,38.6,38.6,100
MDA.TO,20240502,14.72,14.75,14.3,14.59,145165
MDI.TO,20240502,9.58,9.61,9.43,9.53,70879
MDIV.TO,20240502,15.4,15.4,15.4,15.4,100
MDNA.TO,20240502,2.33,2.48,2.33,2.38,68688
MDP.TO,20240502,1.76,1.83,1.75,1.77,13350
MDS.UN.TO,20240502,13,13,13,13,100
MEG.TO,20240502,30.65,30.85,30.4,30.8,1128195
MEME.B.TO,20240502,28.92,28.93,28.72,28.9,1000
MEQ.TO,20240502,171.37,175.9,171.17,174.74,3768
MEQT.TO,20240502,21.88,21.88,21.88,21.88,4400
MFC.TO,20240502,32.56,32.68,32.24,32.42,5975750
MFC.PR.B.TO,20240502,18.88,19.09,18.88,19.09,9243
MFC.PR.C.TO,20240502,18.24,18.4,18.24,18.4,4893
MFC.PR.F.TO,20240502,17.29,17.3,17.29,17.3,35200
MFC.PR.I.TO,20240502,23.94,24.25,23.94,24.25,3470
MFC.PR.J.TO,20240502,23.8,24.03,23.62,24.03,7854
MFC.PR.K.TO,20240502,23.1,23.38,23.05,23.38,13954
MFC.PR.L.TO,20240502,22.01,22.15,22,22.15,31429
MFC.PR.M.TO,20240502,21.7,21.9,21.69,21.9,15785
MFC.PR.N.TO,20240502,21.19,21.48,21.19,21.48,10470
MFC.PR.P.TO,20240502,17.55,17.65,17.55,17.65,3100
MFC.PR.Q.TO,20240502,22.64,23.24,22.64,23.24,9477
MFI.TO,20240502,23.3,23.91,22.77,23.39,467325
MFT.TO,20240502,17.13,17.13,17.09,17.1,10792
MG.TO,20240502,66.55,66.66,65.82,66.2,897429
MGA.TO,20240502,0.41,0.425,0.405,0.405,730220
MGB.TO,20240502,15.99,15.99,15.97,15.97,3084
MGRW.TO,20240502,25.48,25.48,25.48,25.48,3900
MHC.U.TO,20240502,15.1,15.16,14.85,15,14380
MHC.UN.TO,20240502,20.7,20.7,20.5,20.5,200
MHCD.TO,20240502,11.39,11.41,11.36,11.36,2804
MI.UN.TO,20240502,14.63,14.84,14.59,14.69,32511
MIC.PR.A.TO,20240502,18.99,18.99,18.99,18.99,300
MID.UN.TO,20240502,6.86,6.87,6.76,6.83,3000
MIN.TO,20240502,0.22,0.23,0.22,0.23,1650
MINF.TO,20240502,9.17,9.17,9.14,9.14,6000
MINN.TO,20240502,18,18,18,18,150
MIVG.TO,20240502,30.76,30.79,30.75,30.79,3600
MKB.TO,20240502,18.46,18.52,18.44,18.52,12640
MKP.TO,20240502,15.7,15.77,15.67,15.67,9206
MKZ.UN.TO,20240502,0.31,0.31,0.31,0.31,500
MMP.UN.TO,20240502,1.7,1.73,1.7,1.73,5034
MND.TO,20240502,2.25,2.27,2.22,2.27,2500
MNO.TO,20240502,0.46,0.465,0.45,0.465,111250
MNS.TO,20240502,20.51,20.86,20.51,20.86,1254
MNS.U.TO,20240502,15.25,15.25,15.25,15.25,400
MNT.TO,20240502,32,32.24,31.93,32.21,5278
MNY.TO,20240502,100.09,100.09,100.09,100.09,28400
MOGO.TO,20240502,2.54,2.55,2.53,2.53,6065
MPAY.TO,20240502,26.85,26.86,26.85,26.86,2800
MPCT.UN.TO,20240502,4.11,4.14,4.1,4.11,1120
MPVD.TO,20240502,0.175,0.175,0.16,0.17,136050
MPY.TO,20240502,9.3,9.3,9.3,9.3,3100
MR.UN.TO,20240502,3.01,3.02,2.97,2.99,34001
MRC.TO,20240502,112.88,112.88,112.66,112.66,300
MRD.TO,20240502,11.42,11.44,11.35,11.35,2300
MRE.TO,20240502,11.48,11.57,11.31,11.35,148119
MREL.TO,20240502,11.37,11.45,11.3,11.4,27635
MRG.UN.TO,20240502,15,15.16,14.99,14.99,38029
MRT.DB.A.TO,20240502,95.03,95.05,93.65,93.65,172000
MRT.UN.TO,20240502,5.34,5.45,5.34,5.45,27248
MRU.TO,20240502,70.69,71.61,70.42,71.54,404435
MSA.TO,20240502,1.19,1.19,1.13,1.14,41129
MSCL.TO,20240502,0.425,0.44,0.41,0.41,148304
MSV.TO,20240502,0.225,0.23,0.225,0.23,4500
MTAV.TO,20240502,25.26,25.35,25.26,25.35,300
MTL.TO,20240502,12.55,12.63,12.47,12.54,260713
MTY.TO,20240502,48.62,48.62,47.15,47.64,235182
MUB.TO,20240502,17.81,17.96,17.81,17.95,26001
MULC.TO,20240502,47.04,47.04,47.04,47.04,100
MULC.B.TO,20240502,51.63,51.63,51.63,51.63,100
MUMC.B.TO,20240502,45.45,45.47,45.39,45.39,300
MUX.TO,20240502,15.74,16.17,15.73,15.88,12496
MWLV.TO,20240502,20.45,20.46,20.45,20.46,600
MX.TO,20240502,66.02,66.69,65.3,65.81,52421
MXG.TO,20240502,4.34,4.34,4.23,4.26,8195
NA.TO,20240502,111.99,113.1,111.66,112.63,1731491
NA.PR.C.TO,20240502,25.75,25.75,25.6,25.7,10785
NA.PR.E.TO,20240502,23.35,23.6,23.33,23.6,15241
NA.PR.G.TO,20240502,25.52,25.52,25.35,25.35,4088
NA.PR.S.TO,20240502,23.54,24.1,23.54,24.1,15147
NA.PR.W.TO,20240502,22,22.51,22,22.33,35695
NALT.TO,20240502,24.06,24.06,23.84,23.9,8994
NANO.TO,20240502,1.85,2.14,1.85,2.12,304696
NDM.TO,20240502,0.395,0.4,0.395,0.4,16857
NEO.TO,20240502,5.92,5.92,5.67,5.67,28341
NEXT.TO,20240502,0.65,0.71,0.64,0.64,73634
NFI.TO,20240502,11.22,11.31,11.16,11.28,89185
NFI.DB.TO,20240502,86.55,86.55,86,86.55,298000
NG.TO,20240502,4.15,4.19,4.07,4.11,93071
NGD.TO,20240502,2.58,2.63,2.49,2.5,1532169
NGEX.TO,20240502,9.85,9.85,9.25,9.31,281284
NGT.TO,20240502,55.42,56.54,55.33,56.18,119963
NHYB.TO,20240502,21.06,21.06,21.06,21.06,125
NINT.TO,20240502,24.84,24.9,24.84,24.9,900
NOA.TO,20240502,29.72,29.72,27.52,28.31,201235
NOA.DB.B.TO,20240502,122.75,122.75,122.75,122.75,75000
NOVC.TO,20240502,1.35,1.35,1.32,1.35,10707
NPI.TO,20240502,21.39,21.53,21.14,21.38,1003591
NPI.PR.A.TO,20240502,16.95,16.95,16.87,16.87,600
NPI.PR.B.TO,20240502,18.6,18.6,18.6,18.6,500
NPK.TO,20240502,0.82,0.82,0.8,0.8,29966
NPRF.TO,20240502,22,22.1,22,22.1,7400
NPS.TO,20240502,12.8,12.8,12.8,12.8,150
NPS.PR.A.TO,20240502,10.16,10.17,10.16,10.16,8900
NREA.TO,20240502,19.47,19.49,19.47,19.49,250
NRR.UN.TO,20240502,14.39,14.39,14.15,14.16,2328
NSCB.TO,20240502,21.56,21.62,21.56,21.62,600
NSCC.TO,20240502,21.53,21.54,21.53,21.54,1100
NSCE.TO,20240502,38.77,38.77,38.77,38.77,238
NSGE.TO,20240502,37.77,37.93,37.77,37.93,200
NTR.TO,20240502,72.05,72.18,70.81,71.96,1172312
NUAG.TO,20240502,2.79,2.8,2.71,2.72,38168
NUBF.TO,20240502,20.93,20.98,20.93,20.98,3500
NUMI.TO,20240502,0.075,0.075,0.07,0.07,69029
NUSA.TO,20240502,39.55,39.73,39.53,39.73,701
NVA.TO,20240502,12.26,12.7,12.17,12.61,257089
NVEI.TO,20240502,44.16,44.32,44.15,44.15,133883
NVO.TO,20240502,0.14,0.16,0.135,0.135,99002
NWC.TO,20240502,38.4,38.63,37.51,38.59,69353
NWH.DB.G.TO,20240502,100.35,101.25,100.35,101.25,11500
NWH.DB.H.TO,20240502,82,82,81.15,81.15,302000
NWH.DB.I.TO,20240502,86,86,84.5,84.5,28000
NWH.UN.TO,20240502,5.01,5.09,4.98,5.04,357804
NXE.TO,20240502,10.64,11.23,10.56,11.19,2873775
NXF.TO,20240502,6.38,6.43,6.38,6.41,25000
NXF.B.TO,20240502,8.37,8.37,8.37,8.37,100
NXR.UN.TO,20240502,7.04,7.09,6.98,7.07,64845
OBE.TO,20240502,11.23,11.41,10.74,10.91,277220
OGC.TO,20240502,3.04,3.08,2.98,3,1034966
OGI.TO,20240502,2.64,2.74,2.56,2.59,431183
OLA.TO,20240502,5.4,5.41,5.3,5.35,150958
ONC.TO,20240502,1.56,1.59,1.55,1.59,25283
ONEC.TO,20240502,21.43,21.43,21.36,21.39,7500
ONEQ.TO,20240502,38.69,38.69,38.69,38.69,200
ONEX.TO,20240502,98.58,99.68,98.53,99.42,45198
OR.TO,20240502,21.18,21.6,21.01,21.35,209757
ORA.TO,20240502,10.35,10.45,10.21,10.21,3459
ORE.TO,20240502,0.83,0.85,0.83,0.85,133414
ORV.TO,20240502,0.19,0.19,0.185,0.185,20000
OSK.TO,20240502,3.04,3.08,2.92,2.94,884079
OTEX.TO,20240502,48.88,49.1,48.29,48.54,442337
OVV.TO,20240502,70.02,70.83,69.71,69.86,74551
PAAS.TO,20240502,25.2,25.52,24.95,25.15,729364
PABF.TO,20240502,22.17,22.19,22.17,22.19,6093
PACF.TO,20240502,21.78,21.81,21.78,21.81,600
PAGF.TO,20240502,22.74,22.74,22.72,22.72,5000
PAY.TO,20240502,6.5,6.61,6.44,6.45,30067
PAYF.TO,20240502,18.47,18.51,18.47,18.51,500
PBD.TO,20240502,16.25,16.25,16.25,16.25,100
PBH.TO,20240502,88.97,89.42,88.11,88.11,30936
PBH.DB.G.TO,20240502,98.5,98.5,98.5,98.5,5000
PBH.DB.H.TO,20240502,91.77,91.77,91.5,91.75,174000
PBH.DB.I.TO,20240502,93.7,93.75,93.62,93.62,59000
PBL.TO,20240502,35.78,36.09,35.06,35.92,2027
PBY.UN.TO,20240502,14.88,14.99,14.88,14.99,4100
PCOR.TO,20240502,17.91,17.91,17.91,17.91,137
PD.TO,20240502,95.8,96.45,94.68,95.78,71444
PDC.TO,20240502,30.26,30.44,30.17,30.34,10362
PDF.TO,20240502,30.48,30.6,30.47,30.5,5899
PDIV.TO,20240502,9.23,9.25,9.21,9.24,2143
PDV.PR.A.TO,20240502,10.1,10.1,10.1,10.1,100
PEA.TO,20240502,0.385,0.4,0.385,0.4,4500
PET.TO,20240502,31.13,31.74,31.04,31.38,21380
PEY.TO,20240502,15.25,15.38,15.09,15.15,884011
PFAA.TO,20240502,10.96,10.96,10.93,10.93,2201
PFAE.TO,20240502,17.5,17.63,17.5,17.63,1800
PFH.F.TO,20240502,17.69,17.7,17.69,17.7,900
PFIA.TO,20240502,9.76,9.77,9.75,9.75,5802
PFL.TO,20240502,19.58,19.59,19.58,19.59,3202
PFLS.TO,20240502,16.41,16.62,16.41,16.55,1076
PFMN.TO,20240502,14.26,14.27,14.26,14.27,3400
PFSS.TO,20240502,9.17,9.17,9.17,9.17,100
PGI.UN.TO,20240502,7.41,7.51,7.41,7.49,16927
PHX.TO,20240502,8.9,9,8.74,8.78,52122
PHYS.TO,20240502,24.35,24.46,24.34,24.42,31521
PIC.A.TO,20240502,4.14,4.14,4.05,4.14,17116
PIC.PR.A.TO,20240502,14.25,14.28,14.25,14.26,14900
PID.TO,20240502,23.04,23.04,23.04,23.04,200
PIF.TO,20240502,11.65,12.15,11.65,12.05,63476
PIN.TO,20240502,17.14,17.14,17.14,17.14,540
PINC.TO,20240502,16.98,16.98,16.96,16.96,2100
PIX.UN.TO,20240502,7.97,8.03,7.97,8,30100
PKI.TO,20240502,43.03,43.15,41.14,41.59,1037313
PLZ.UN.TO,20240502,3.5,3.52,3.49,3.5,14184
PME.TO,20240502,2.1,2.21,2.1,2.21,1400
PMET.TO,20240502,6.97,6.97,6.73,6.97,95107
PMIF.TO,20240502,17.8,17.89,17.8,17.89,53339
PMIF.U.TO,20240502,19,19,19,19,8026
PMM.TO,20240502,22.03,22.03,21.9,21.9,400
PMNT.TO,20240502,19.16,19.16,19.16,19.16,348
PMT.TO,20240502,0.54,0.54,0.54,0.54,1500
PMZ.UN.TO,20240502,13.24,13.59,13.21,13.49,479528
PNC.A.TO,20240502,1.27,1.33,1.27,1.33,300
PNE.TO,20240502,0.99,1,0.98,0.99,215519
PNP.TO,20240502,5.88,5.88,5.73,5.74,4220
POU.TO,20240502,31.18,32.39,30.76,31.98,411115
POW.TO,20240502,37.08,37.59,37.03,37.41,5209060
POW.PR.A.TO,20240502,20.94,21.52,20.94,21.47,7822
POW.PR.B.TO,20240502,20.28,20.38,20.2,20.38,4854
POW.PR.C.TO,20240502,21.65,22.3,21.65,22.3,1563
POW.PR.D.TO,20240502,19.14,19.19,19.14,19.19,2728
POW.PR.G.TO,20240502,21.09,21.36,21.09,21.36,2263
PPL.TO,20240502,48.24,48.72,47.95,48.38,1796412
PPL.PF.A.TO,20240502,21.6,22.11,21.6,22.07,16691
PPL.PF.E.TO,20240502,22.41,22.79,22.4,22.74,14066
PPL.PR.A.TO,20240502,21.15,21.47,21.15,21.43,30436
PPL.PR.C.TO,20240502,20,20,20,20,1586
PPL.PR.E.TO,20240502,22.32,22.47,22.11,22.37,13069
PPL.PR.G.TO,20240502,20.15,20.25,20.15,20.25,18729
PPL.PR.I.TO,20240502,22.99,23,22.99,23,9812
PPL.PR.O.TO,20240502,21.39,21.49,21.38,21.49,2454
PPL.PR.Q.TO,20240502,21.99,22.2,21.99,22.2,18415
PPL.PR.S.TO,20240502,24,24.03,23.75,24.03,4854
PPLN.TO,20240502,10.66,10.66,10.64,10.64,2120
PPR.TO,20240502,0.07,0.07,0.065,0.065,35483
PPTA.TO,20240502,7.19,7.19,6.96,7,37985
PR.TO,20240502,9.2,9.26,9.2,9.25,3500
PRA.TO,20240502,27.67,27.77,27.67,27.77,313
PRB.TO,20240502,1.52,1.52,1.49,1.49,9150
PRL.TO,20240502,22.97,23.54,22.1,23.3,34189
PRMW.TO,20240502,26.25,26.92,26.23,26.87,99865
PRN.TO,20240502,10.15,10.15,10.01,10.01,3900
PRQ.TO,20240502,1.34,1.35,1.32,1.33,31373
PRU.TO,20240502,1.96,1.98,1.95,1.98,33397
PRV.DB.TO,20240502,97.5,97.5,97.25,97.25,36000
PRV.UN.TO,20240502,5.02,5.11,5.02,5.06,36939
PRYM.TO,20240502,2.16,2.18,2.04,2.06,76075
PSA.TO,20240502,50.05,50.05,50.04,50.04,86766
PSD.TO,20240502,2.15,2.16,2.13,2.16,2339
PSI.TO,20240502,15.9,16.02,15.72,15.97,62908
PSK.TO,20240502,25.92,26.18,25.74,25.79,416077
PSLV.TO,20240502,12.16,12.35,12.12,12.3,50977
PSLV.U.TO,20240502,8.83,9,8.83,9,3500
PSU.U.TO,20240502,100.09,100.09,100.08,100.09,11543
PTI.UN.TO,20240502,6.51,6.55,6.51,6.55,11000
PTM.TO,20240502,1.8,1.89,1.79,1.84,15310
PTO.UN.TO,20240502,7.1,7.15,7.1,7.14,1625
PVS.PR.G.TO,20240502,24.29,24.4,24.29,24.4,14500
PVS.PR.I.TO,20240502,24.45,24.45,24.4,24.4,2000
PVS.PR.J.TO,20240502,23,23.06,23,23,4300
PVS.PR.K.TO,20240502,22.75,23,22.4,22.4,19900
PWF.PF.A.TO,20240502,17.37,17.37,17.37,17.37,700
PWF.PR.A.TO,20240502,13.05,13.11,12.93,12.93,1400
PWF.PR.E.TO,20240502,20.71,20.99,20.71,20.99,1961
PWF.PR.F.TO,20240502,19.79,19.87,19.73,19.87,4456
PWF.PR.G.TO,20240502,22.39,22.39,22.39,22.39,1417
PWF.PR.H.TO,20240502,21.79,21.95,21.77,21.95,1750
PWF.PR.K.TO,20240502,18.65,18.76,18.59,18.76,17580
PWF.PR.L.TO,20240502,19.42,19.43,19.36,19.43,2063
PWF.PR.O.TO,20240502,21.93,22.21,21.93,22.21,2486
PWF.PR.P.TO,20240502,14.93,15.2,14.93,15.15,4381
PWF.PR.R.TO,20240502,20.76,20.77,20.75,20.77,4471
PWF.PR.S.TO,20240502,18.42,18.42,18.08,18.4,5184
PWF.PR.T.TO,20240502,22.28,22.28,22.28,22.28,1861
PWI.TO,20240502,7.36,7.41,7.36,7.4,2600
PXC.TO,20240502,37.13,37.13,37.13,37.13,100
PXS.TO,20240502,43.97,43.99,43.97,43.99,2300
PXT.TO,20240502,23.64,24.07,23.64,23.94,504653
PXU.F.TO,20240502,58.08,58.08,58.03,58.03,300
PYF.TO,20240502,17.24,17.24,17.24,17.24,671
PYF.B.TO,20240502,20.33,20.33,20.33,20.33,737
PYF.U.TO,20240502,19.5,19.5,19.5,19.5,900
PYR.TO,20240502,0.54,0.56,0.52,0.54,67972
PZA.TO,20240502,13.33,13.4,13.3,13.3,13050
QAH.TO,20240502,167.05,167.05,167.05,167.05,200
QASH.TO,20240502,50.08,50.08,50.08,50.08,4745
QBB.TO,20240502,89.54,89.7,89.54,89.69,1600
QBR.A.TO,20240502,28.59,28.64,28.5,28.5,951
QBR.B.TO,20240502,28.32,28.56,27.95,28.39,489171
QBTC.TO,20240502,81.08,82.66,81.08,82.06,13175
QBTC.U.TO,20240502,59.34,60.11,58.55,59.95,2900
QBTL.TO,20240502,19.2,19.2,19.12,19.13,23200
QCE.TO,20240502,132.5,132.72,132.5,132.72,364
QCLN.TO,20240502,14.61,14.92,14.61,14.92,4900
QCN.TO,20240502,133.13,133.51,133.13,133.25,1845
QDX.TO,20240502,115.81,115.82,115.67,115.81,2700
QDXB.TO,20240502,87.78,87.82,87.78,87.82,579
QEBL.TO,20240502,70.05,70.05,70.05,70.05,156
QEC.TO,20240502,0.205,0.205,0.205,0.205,16500
QETH.U.TO,20240502,47.56,47.56,47.56,47.56,275
QETH.UN.TO,20240502,65.84,66.09,65.03,65.11,5217
QIPT.TO,20240502,5.23,5.5,5.23,5.47,22072
QMAX.TO,20240502,18.76,18.8,18.57,18.77,10330
QQC.TO,20240502,28.57,28.58,28.25,28.55,29407
QQC.F.TO,20240502,138.48,140.01,137.85,139.86,22288
QQCC.TO,20240502,11.38,11.39,11.3,11.37,15088
QQCE.TO,20240502,23.99,24.16,23.99,24.1,2160
QQCL.TO,20240502,21.24,21.3,21.16,21.28,7404
QQEQ.TO,20240502,25.06,25.09,25.06,25.09,310
QQJR.TO,20240502,19.15,19.15,19.15,19.15,100
QQQT.TO,20240502,25.84,25.95,25.84,25.95,2200
QQQT.B.TO,20240502,27.12,27.14,27.01,27.14,400
QQQY.TO,20240502,24.21,24.3,23.96,24.29,6679
QSP.UN.TO,20240502,100.65,100.65,100.65,100.65,107
QSR.TO,20240502,100.97,102.35,100.12,101.51,395559
QTLT.TO,20240502,98,98.11,98,98.03,7200
QTRH.TO,20240502,1.71,1.75,1.7,1.74,32244
QTRH.DB.TO,20240502,88.99,88.99,88.99,88.99,24000
QUIG.TO,20240502,84,84.27,84,84.27,2900
QUS.TO,20240502,50.34,50.36,50.14,50.36,800
QUU.TO,20240502,197.67,198.83,197.67,198.83,2105
RATE.TO,20240502,20.99,20.99,20.99,20.99,450
RAV.UN.TO,20240502,16.19,16.2,16.19,16.2,200
RAY.A.TO,20240502,7.43,7.5,7.43,7.5,9940
RBA.TO,20240502,98.5,98.77,97.24,97.35,127735
RBN.UN.TO,20240502,7.66,7.66,7.66,7.66,12000
RBNK.TO,20240502,23.86,23.91,23.77,23.77,13066
RBO.TO,20240502,18.12,18.12,18.12,18.12,1068
RBOT.TO,20240502,29.15,29.4,29.15,29.38,2144
RBOT.U.TO,20240502,20.89,20.89,20.89,20.89,100
RBY.TO,20240502,2.57,2.63,2.54,2.59,33700
RCD.TO,20240502,25.83,25.95,25.83,25.92,8400
RCDC.TO,20240502,19.65,19.74,19.65,19.74,701
RCG.TO,20240502,6.84,7.17,6.8,7.14,9300
RCH.TO,20240502,39.99,39.99,38.88,39.52,53414
RCI.A.TO,20240502,56.3,56.39,56.3,56.39,533
RCI.B.TO,20240502,51.75,51.9,51.1,51.85,1912478
REAL.TO,20240502,5.17,5.27,5.11,5.15,16790
REI.UN.TO,20240502,17.61,18.04,17.49,17.63,1759408
RGQN.TO,20240502,20.09,20.09,20.09,20.09,100
RGQP.TO,20240502,19.67,19.67,19.67,19.67,153
RGQQ.TO,20240502,19.48,19.48,19.48,19.48,100
RIDH.TO,20240502,28.55,28.55,28.55,28.55,100
RIIN.TO,20240502,19.04,19.07,19.04,19.07,500
RIRA.TO,20240502,16.86,16.86,16.86,16.86,100
RIT.TO,20240502,15.13,15.27,15.11,15.2,17604
RLB.TO,20240502,18.09,18.12,18.09,18.12,900
ROOT.TO,20240502,2.31,2.31,2.26,2.26,1139
RPD.TO,20240502,25.14,25.14,25.14,25.14,100
RPDH.TO,20240502,26.43,26.43,26.43,26.43,500
RPF.TO,20240502,20.26,20.48,20.22,20.48,8147
RPI.UN.TO,20240502,32.46,32.5,32.44,32.45,1036
RQN.TO,20240502,20.11,20.12,20.11,20.11,7800
RQO.TO,20240502,18.15,18.16,18.15,18.16,11400
RQP.TO,20240502,17.6,17.63,17.6,17.63,4529
RQQ.TO,20240502,21.18,21.18,21.18,21.18,700
RQR.TO,20240502,20.94,20.95,20.94,20.95,4200
RS.TO,20240502,11.75,11.92,11.71,11.92,11565
RS.PR.A.TO,20240502,9.78,9.79,9.77,9.79,1500
RSI.TO,20240502,5.19,5.23,5.19,5.22,65816
RSI.DB.F.TO,20240502,99,99,98.61,98.61,5000
RUBH.TO,20240502,16.76,16.76,16.76,16.76,100
RUBY.TO,20240502,19.79,19.79,19.79,19.79,400
RUD.TO,20240502,62.23,62.23,61.84,62.06,3620
RUD.U.TO,20240502,45.32,45.46,45.32,45.35,600
RUP.TO,20240502,4.05,4.05,3.95,3.97,27897
RUQN.U.TO,20240502,14.63,14.63,14.63,14.63,4000
RUS.TO,20240502,39.18,40.1,38.32,39.74,222831
RUSB.U.TO,20240502,15.03,15.03,15.03,15.03,1700
RVX.TO,20240502,0.06,0.06,0.06,0.06,85000
RXD.TO,20240502,20.14,20.14,20.14,20.14,150
RY.TO,20240502,134.17,135.82,134.09,135.74,5130479
RY.PR.J.TO,20240502,23.81,24,23.81,23.95,144369
RY.PR.M.TO,20240502,23.3,23.4,23.3,23.4,15422
RY.PR.N.TO,20240502,22.84,22.85,22.75,22.85,1800
RY.PR.O.TO,20240502,22.82,22.82,22.8,22.8,630
RY.PR.S.TO,20240502,23.78,24.44,23.75,24.44,94349
S.TO,20240502,0.31,0.315,0.31,0.315,58250
SAM.TO,20240502,0.13,0.13,0.13,0.13,10312
SAP.TO,20240502,26.44,26.63,26.35,26.61,176877
SAU.TO,20240502,0.075,0.08,0.075,0.08,2110
SBC.TO,20240502,9,9.07,8.97,9,19809
SBC.PR.A.TO,20240502,10.08,10.1,10.07,10.1,10534
SBI.TO,20240502,1.15,1.15,1.15,1.15,4500
SCR.TO,20240502,30.12,31.38,30.12,31.04,21338
SCY.TO,20240502,0.02,0.025,0.02,0.025,51000
SDE.TO,20240502,4.01,4.03,3.95,3.96,391828
SEA.TO,20240502,20.58,20.78,20.39,20.56,130165
SES.TO,20240502,11.57,11.59,11.26,11.38,966929
SFC.TO,20240502,6.8,6.81,6.75,6.75,5800
SFI.TO,20240502,0.28,0.28,0.27,0.27,25000
SFTC.TO,20240502,17.54,17.54,17.21,17.21,79508
SGLD.TO,20240502,0.165,0.165,0.165,0.165,2500
SGNL.TO,20240502,0.12,0.12,0.11,0.11,100700
SGR.UN.TO,20240502,11.08,11.16,10.96,11.15,60376
SGY.TO,20240502,7.2,7.31,7.12,7.18,407631
SGY.DB.B.TO,20240502,101.1,101.1,101.1,101.1,5000
SHLE.TO,20240502,15.6,15.61,15.18,15.45,20107
SHOP.TO,20240502,99.75,99.88,96.4,98.49,2196447
SIA.TO,20240502,13.58,13.9,13.53,13.88,471049
SII.TO,20240502,54.93,55.77,54.9,55.3,19148
SIL.TO,20240502,11.39,11.56,11.26,11.37,242395
SIS.TO,20240502,16.68,16.84,16.61,16.81,34511
SJ.TO,20240502,80.04,81.16,79.76,80,94372
SKE.TO,20240502,6.75,6.75,6.42,6.49,521442
SKYY.TO,20240502,22,22,21.71,21.97,1959
SLF.TO,20240502,71.34,71.48,70.85,71.21,1411092
SLF.PR.C.TO,20240502,18.35,18.58,18.35,18.58,62585
SLF.PR.D.TO,20240502,18.35,18.48,18.35,18.48,15785
SLF.PR.E.TO,20240502,18.34,18.54,18.34,18.54,3429
SLF.PR.G.TO,20240502,16.49,16.5,16.49,16.5,6650
SLF.PR.H.TO,20240502,19,19.48,19,19.48,5917
SLF.PR.J.TO,20240502,16.93,17.2,16.93,17.2,8400
SLF.PR.K.TO,20240502,20.1,20.59,20.1,20.59,600
SLR.TO,20240502,1.06,1.06,1.02,1.03,7508
SLS.TO,20240502,5.14,5.28,5.05,5.25,132564
SMAX.TO,20240502,17.67,17.67,17.54,17.59,6480
SMT.TO,20240502,0.83,0.85,0.83,0.84,74629
SOIL.TO,20240502,2.66,2.71,2.63,2.65,69079
SOLG.TO,20240502,0.165,0.17,0.165,0.165,165476
SOT.DB.TO,20240502,66,66,62.01,62.01,20000
SOT.DB.A.TO,20240502,46.03,46.03,46.03,46.03,4000
SOT.DB.B.TO,20240502,44,44.1,44,44.1,23000
SOT.UN.TO,20240502,0.68,0.69,0.67,0.67,23000
SOY.TO,20240502,8.38,8.38,7.39,7.52,117641
SPAY.TO,20240502,27,27,26.95,26.95,200
SPAY.U.TO,20240502,19.7,19.7,19.7,19.7,5200
SPB.TO,20240502,9.47,9.5,9.33,9.39,598245
SPLT.TO,20240502,10.41,10.41,10.39,10.39,9452
SPPP.TO,20240502,12.88,13,12.88,13,5700
SRU.UN.TO,20240502,22.5,22.74,22.33,22.53,261101
SRV.UN.TO,20240502,13.49,13.49,13.4,13.4,1209
SSF.UN.TO,20240502,6.92,6.92,6.92,6.92,200
SSL.TO,20240502,7.62,7.8,7.55,7.58,453995
SSRM.TO,20240502,7.32,7.44,7.26,7.38,266051
STC.TO,20240502,6,6.05,5.97,5.97,10951
STCK.TO,20240502,9.79,9.8,9.65,9.65,939
STEP.TO,20240502,3.93,3.98,3.91,3.98,26747
STGO.TO,20240502,0.59,0.62,0.59,0.61,241716
STLC.TO,20240502,39.13,39.55,38.62,39.3,97608
STLR.TO,20240502,1.43,1.44,1.39,1.41,4183
STN.TO,20240502,112.87,114.58,111.51,114.45,309819
STPL.TO,20240502,23.43,23.48,23.43,23.45,5899
SU.TO,20240502,51.91,52.44,51.86,52.03,6649923
SVA.TO,20240502,0.415,0.415,0.4,0.405,21300
SVB.TO,20240502,0.155,0.155,0.155,0.155,3750
SVI.TO,20240502,4.78,4.84,4.73,4.75,290463
SVI.DB.TO,20240502,96.42,96.42,96.41,96.41,20000
SVM.TO,20240502,4.33,4.54,4.33,4.5,421508
SVR.TO,20240502,12.79,12.98,12.73,12.98,14311
SVR.C.TO,20240502,13.85,13.85,13.85,13.85,205
SWP.TO,20240502,3.95,4.16,3.95,4.1,14994
SXP.TO,20240502,4.03,4.12,4.02,4.06,25311
SYLD.TO,20240502,18.46,18.46,18.31,18.31,737
SYZ.TO,20240502,9.02,9.11,8.95,9,287866
T.TO,20240502,22.4,22.43,21.92,22.38,3286005
TA.TO,20240502,9.23,9.34,9.17,9.23,850099
TA.PR.D.TO,20240502,14.3,14.35,13.9,14.35,32727
TA.PR.E.TO,20240502,15.9,15.9,15.9,15.9,100
TA.PR.G.TO,20240502,19.61,19.61,19.61,19.61,100
TA.PR.H.TO,20240502,21.7,21.87,21.7,21.87,5600
TAL.TO,20240502,0.8,0.82,0.8,0.81,172588
TBAL.TO,20240502,17.19,17.26,17.15,17.2,28300
TBCE.TO,20240502,25.05,25.06,25.03,25.04,41900
TBCF.TO,20240502,25.01,25.03,24.99,25,17000
TBCG.TO,20240502,24.96,24.96,24.94,24.94,44899
TBIL.TO,20240502,50.01,50.01,50.01,50.01,401
TBL.TO,20240502,3.35,3.35,3.35,3.35,550
TBNK.TO,20240502,25.91,26.02,25.82,25.82,1309
TBUE.U.TO,20240502,24.98,24.99,24.96,24.96,3300
TBUF.U.TO,20240502,24.9,24.9,24.9,24.9,2500
TBUG.U.TO,20240502,24.86,24.86,24.86,24.86,100
TC.TO,20240502,24.72,25.75,24.72,25.62,3200
TCL.A.TO,20240502,13.93,13.98,13.73,13.84,121101
TCL.B.TO,20240502,13.91,13.91,13.72,13.72,2200
TCLB.TO,20240502,113.09,113.75,113.09,113.72,1700
TCLV.TO,20240502,19.52,19.64,19.52,19.64,6327
TCON.TO,20240502,14.53,14.53,14.53,14.53,9315
TCS.TO,20240502,37.66,37.66,36.83,36.83,1404
TCSB.TO,20240502,14.33,14.35,14.33,14.35,430
TCSH.TO,20240502,50.06,50.06,50.05,50.06,16338
TCW.TO,20240502,4.14,4.2,4.09,4.18,367402
TD.TO,20240502,80.5,80.9,79.28,79.44,5560759
TD.PF.A.TO,20240502,24.15,24.47,24.15,24.47,47435
TD.PF.C.TO,20240502,23.5,23.55,23.43,23.54,105541
TD.PF.D.TO,20240502,23.71,23.75,23.71,23.75,18760
TD.PF.E.TO,20240502,23.65,23.65,23.65,23.65,1861
TD.PF.I.TO,20240502,25.15,25.47,25.1,25.47,14105
TD.PF.J.TO,20240502,23.94,24.31,23.94,24.26,21508
TDB.TO,20240502,12.55,12.61,12.55,12.61,61553
TDOC.TO,20240502,17.8,17.8,17.8,17.8,160
TEC.TO,20240502,34.85,34.96,34.55,34.94,39767
TEC.U.TO,20240502,25.55,25.55,25.55,25.55,1000
TECH.TO,20240502,13.61,13.74,13.61,13.74,5345
TECH.B.TO,20240502,15.74,15.74,15.73,15.74,3450
TECI.TO,20240502,7.31,7.34,7.31,7.34,1200
TECK.A.TO,20240502,66.22,67.32,66.1,66.79,2605
TECK.B.TO,20240502,66.07,67.41,65.69,66.28,1199888
TERM.TO,20240502,9.31,9.32,9.31,9.32,10015
TF.TO,20240502,7.51,7.59,7.48,7.53,89920
TFII.TO,20240502,179.76,182.84,179,181.14,287503
TFPM.TO,20240502,22.15,22.51,22.12,22.44,130403
TGAF.TO,20240502,20.16,20.16,20.16,20.16,100
TGED.TO,20240502,22.99,23.03,22.81,23,72347
TGED.U.TO,20240502,16.68,16.75,16.68,16.75,3602
TGFI.TO,20240502,19.95,20.01,19.93,20.01,1500
TGGR.TO,20240502,24.94,25.02,24.94,25.02,3019
TGO.TO,20240502,1.9,2.03,1.9,1.93,4200
TGRE.TO,20240502,13.35,13.36,13.35,13.36,203
TGRO.TO,20240502,20.17,20.21,20.13,20.17,14877
TH.TO,20240502,1.8,1.8,1.76,1.77,2700
The.TO,20240502,25.05,25.07,25.01,25.06,5309
THNC.TO,20240502,3.39,3.41,3.35,3.4,34007
THU.TO,20240502,33.71,33.84,33.62,33.76,2112
TI.TO,20240502,0.33,0.385,0.325,0.325,9577
TIH.TO,20240502,122.01,123.72,119.94,122.71,185844
TILV.TO,20240502,15.47,15.49,15.47,15.49,2800
TINF.TO,20240502,18.6,18.63,18.54,18.59,15286
TIPS.TO,20240502,29,29,29,29,1000
TIPS.F.TO,20240502,28.04,28.04,28.04,28.04,1085
TIXT.TO,20240502,11.52,11.52,10.81,11.12,114975
TKN.TO,20240502,17.86,17.99,17.86,17.92,8400
TKO.TO,20240502,3.31,3.36,3.22,3.31,391347
TLF.TO,20240502,21.75,22.08,21.75,22.08,2102
TLG.TO,20240502,0.66,0.67,0.64,0.67,313642
TLO.TO,20240502,0.165,0.175,0.16,0.16,225314
TLRY.TO,20240502,2.83,3.01,2.74,2.77,3439916
TLV.TO,20240502,29.2,29.2,29.2,29.2,313
TMD.TO,20240502,0.06,0.065,0.055,0.06,19000
TMQ.TO,20240502,0.57,0.57,0.57,0.57,13000
TNT.UN.TO,20240502,9.31,9.52,9.31,9.45,16318
TNZ.TO,20240502,4.08,4.15,4.04,4.06,32188
TOT.TO,20240502,9.83,9.83,9.52,9.52,17499
TOU.TO,20240502,66.85,67.25,65.02,65.29,2806769
TOY.TO,20240502,30.34,30.75,30.09,30.73,67217
TPE.TO,20240502,21.65,21.69,21.57,21.67,30119
TPRF.TO,20240502,10.2,10.27,10.2,10.26,16173
TPU.TO,20240502,39.2,39.21,38.88,39.12,68604
TPU.U.TO,20240502,28.85,28.85,28.85,28.85,200
TPZ.TO,20240502,22.38,22.66,22.38,22.44,241989
TQCD.TO,20240502,16.38,16.46,16.34,16.41,29107
TQGD.TO,20240502,18.03,18.03,17.85,17.92,26717
TQSM.TO,20240502,22.2,22.27,22.18,22.25,6100
TRI.TO,20240502,211.55,226.93,210.47,222.72,592183
TRI.PR.B.TO,20240502,13.6,13.69,13.6,13.6,3300
TRP.TO,20240502,49.32,49.97,49.23,49.81,2231029
TRP.PR.A.TO,20240502,16.37,16.53,16.32,16.53,5384
TRP.PR.B.TO,20240502,12.93,13.1,12.93,13.1,6200
TRP.PR.C.TO,20240502,13.25,13.25,13.25,13.25,2811
TRP.PR.D.TO,20240502,18.8,18.8,18.69,18.74,13141
TRP.PR.E.TO,20240502,18.16,18.21,17.99,18.2,8612
TRP.PR.F.TO,20240502,17.1,17.1,16.8,16.8,3300
TRP.PR.G.TO,20240502,19.25,19.25,19.25,19.25,2328
TRP.PR.H.TO,20240502,14.19,14.19,14.19,14.19,1000
TRVI.TO,20240502,19.5,19.5,19.5,19.5,100
TRVL.TO,20240502,24.14,24.21,24.14,24.21,900
TRX.TO,20240502,0.62,0.62,0.6,0.6,12300
TRZ.TO,20240502,3.6,3.62,3.52,3.54,31733
TSAT.TO,20240502,9.69,9.93,9.69,9.93,740
TSK.TO,20240502,0.53,0.55,0.53,0.54,74500
TSL.TO,20240502,3.2,3.2,3.16,3.17,13000
TSND.TO,20240502,2.46,2.5,2.35,2.4,295121
TSU.TO,20240502,42.26,42.96,42.12,42.63,51420
TTNM.TO,20240502,2.23,2.29,2.22,2.22,2205
TTP.TO,20240502,24.86,25,24.84,24.94,60675
TUED.TO,20240502,24.87,24.87,24.6,24.8,22720
TUED.U.TO,20240502,17.95,18.09,17.95,18.09,3800
TUEX.TO,20240502,22.77,22.77,22.77,22.77,100
TUHY.TO,20240502,20.55,20.67,20.55,20.67,1875
TULB.TO,20240502,109.26,110.2,109.26,110.18,2800
TULV.TO,20240502,19.51,19.51,19.45,19.5,4100
TVE.TO,20240502,3.64,3.75,3.64,3.68,2330531
TVK.TO,20240502,72,73.65,71.17,73,9473
TWC.TO,20240502,17,17,16,16.82,2301
TWM.TO,20240502,0.7,0.73,0.7,0.73,197416
TXF.TO,20240502,19.94,20.05,19.75,19.98,31545
TXF.B.TO,20240502,24.8,24.8,24.75,24.77,800
TXG.TO,20240502,19.29,19.55,18.91,19.22,227066
TXP.TO,20240502,0.68,0.68,0.67,0.67,86863
U.U.TO,20240502,22.36,23,22.14,22.97,114821
U.UN.TO,20240502,30.5,31.49,30.5,31.41,1013553
UBIL.U.TO,20240502,49.98,49.98,49.97,49.98,7548
UCSH.U.TO,20240502,50.02,50.03,50.02,50.03,2146
UDA.TO,20240502,15.75,15.75,15.75,15.75,125
UDIV.TO,20240502,12.25,12.34,12.25,12.31,14916
UDIV.B.TO,20240502,13.03,13.04,13.03,13.04,1900
ULV.F.TO,20240502,46.09,46.22,46.09,46.15,300
UMAX.TO,20240502,14.24,14.27,14.14,14.25,37023
UMI.B.TO,20240502,37.87,37.87,37.87,37.87,100
UNC.TO,20240502,116.05,116.05,116,116,700
UNC.PR.A.TO,20240502,33,33,33,33,200
UNC.PR.B.TO,20240502,29.3,29.3,29.3,29.3,500
UNI.TO,20240502,1.37,1.41,1.37,1.4,2500
URB.TO,20240502,5.37,5.37,5.37,5.37,331
URB.A.TO,20240502,4.67,4.72,4.6,4.6,47259
URC.TO,20240502,3.3,3.41,3.24,3.36,190596
URC.WT.TO,20240502,1.3,1.45,1.3,1.41,44499
URE.TO,20240502,2.45,2.49,2.41,2.43,164930
USA.TO,20240502,0.35,0.35,0.345,0.35,13760
USCC.TO,20240502,17.83,18.13,17.77,17.83,8367
USCL.TO,20240502,20.75,20.77,20.65,20.73,14838
UTIL.TO,20240502,19.61,19.61,19.61,19.61,1043
VA.TO,20240502,38,38.18,38,38.17,5849
VAB.TO,20240502,22.05,22.15,22.05,22.15,39547
VALT.TO,20240502,28.63,28.81,28.63,28.81,2204
VALT.U.TO,20240502,22.79,22.93,22.79,22.93,13700
VBAL.TO,20240502,30.15,30.27,30.11,30.24,33642
VBNK.TO,20240502,13.64,13.64,13.54,13.54,828
VCB.TO,20240502,23.1,23.16,23.09,23.16,4884
VCE.TO,20240502,47.85,48.04,47.72,47.9,13401
VCIP.TO,20240502,24.65,24.91,24.65,24.91,4593
VCM.TO,20240502,20.3,20.3,19.8,19.8,901
VCN.TO,20240502,44.44,44.62,44.2,44.49,51371
VCNS.TO,20240502,27.29,27.33,27.22,27.32,5561
VDU.TO,20240502,42.12,42.26,42.05,42.23,5996
VDY.TO,20240502,43.36,43.6,43.23,43.39,103152
VE.TO,20240502,35,35,35,35,605
VEE.TO,20240502,35.18,35.62,35.18,35.59,25422
VEF.TO,20240502,55.44,55.44,55.22,55.27,4504
VEQT.TO,20240502,39.46,39.57,39.25,39.56,129076
VET.TO,20240502,16,16.95,15.96,16.06,1689600
VFV.TO,20240502,123.06,123.12,122.05,122.85,201741
VGG.TO,20240502,82.18,82.18,81.28,81.55,14250
VGH.TO,20240502,57.36,57.43,56.99,57.32,3650
VGRO.TO,20240502,33.25,33.39,33.14,33.39,90621
VGV.TO,20240502,21.51,21.51,21.51,21.51,161
VGZ.TO,20240502,0.66,0.68,0.66,0.68,21500
VHI.TO,20240502,6.38,6.6,6.38,6.49,60926
VI.TO,20240502,39.12,39.12,38.97,39,4259
VIDY.TO,20240502,30.46,30.67,30.46,30.53,16908
VIU.TO,20240502,33.7,33.83,33.64,33.79,39626
VLB.TO,20240502,19.96,20.14,19.96,20.14,1686
VLE.TO,20240502,5.49,5.69,5.49,5.53,171516
VLN.TO,20240502,6.29,6.29,5.92,5.92,5000
VMO.TO,20240502,54.9,55.36,54.9,55.36,461
VNP.TO,20240502,4.64,4.71,4.61,4.61,59439
VOXR.TO,20240502,2.75,2.77,2.65,2.77,7710
VRE.TO,20240502,28.49,28.9,28.49,28.79,4236
VRIF.TO,20240502,23.69,23.77,23.69,23.77,6200
VRTS.TO,20240502,0.025,0.025,0.025,0.025,8779
VSB.TO,20240502,22.53,22.57,22.53,22.57,5540
VSC.TO,20240502,23.19,23.2,23.19,23.2,950
VSP.TO,20240502,82.36,82.55,81.76,82.36,23824
VUN.TO,20240502,93.25,93.25,92.43,93.13,37671
VUS.TO,20240502,89.09,89.37,88.5,89.22,6983
VVL.TO,20240502,48.2,48.5,48.19,48.5,3840
VVO.TO,20240502,34.57,34.57,34.54,34.55,601
VXC.TO,20240502,55.96,56.17,55.72,56.16,31932
VXM.TO,20240502,33.71,33.71,33.69,33.69,700
VXM.B.TO,20240502,30.1,30.1,30.1,30.1,601
WCN.TO,20240502,222.37,223.87,222,223.5,203414
WCP.TO,20240502,10,10.13,9.98,10.03,2383047
WDO.TO,20240502,10.23,10.61,10.18,10.25,263945
WEED.TO,20240502,15.62,17.79,13.88,14.19,6783178
WEF.TO,20240502,0.55,0.55,0.53,0.53,217364
WELL.TO,20240502,3.63,3.65,3.56,3.59,440168
WELL.DB.TO,20240502,93,93,93,93,2000
WFC.TO,20240502,21.2,21.45,20.18,20.2,4900
WFG.TO,20240502,106.94,107.71,106.09,107.15,121322
WILD.TO,20240502,0.99,1.08,0.99,1.06,34410
WJX.TO,20240502,30.02,30.18,26.86,28.03,257302
WJX.DB.TO,20240502,100.25,100.25,100.25,100.25,6000
WM.TO,20240502,0.105,0.105,0.1,0.105,479216
WN.TO,20240502,183.63,184.82,183.55,184.63,98627
WN.PR.A.TO,20240502,21.9,22.24,21.88,22.24,6462
WN.PR.C.TO,20240502,19.65,19.98,19.65,19.98,2256
WN.PR.D.TO,20240502,19.61,19.94,19.59,19.93,5456
WN.PR.E.TO,20240502,18.25,18.31,18.15,18.15,2500
WNDR.TO,20240502,0.255,0.255,0.2425,0.25,704175
WNDR.WT.B.TO,20240502,0.035,0.035,0.035,0.035,1000
WOMN.TO,20240502,32.48,32.48,32.48,32.48,300
WPK.TO,20240502,43.96,44.78,42.62,44.24,49541
WPM.TO,20240502,71.99,72.89,71.63,72.52,1119212
WPRT.TO,20240502,7.24,7.97,7.24,7.85,12201
WRN.TO,20240502,2.02,2.05,1.98,2,211760
WRX.TO,20240502,0.13,0.13,0.13,0.13,2000
WSP.TO,20240502,211.44,214.09,210.67,214,248030
WSRD.TO,20240502,28.1,28.13,28.03,28.13,4417
WTE.TO,20240502,26.45,26.78,26.36,26.43,42447
WXM.TO,20240502,26.11,26.14,26.11,26.14,300
X.TO,20240502,36.34,36.78,36.01,36.51,180259
XAD.TO,20240502,58.13,58.3,58.13,58.3,200
XAGH.TO,20240502,32.65,32.66,32.65,32.66,2400
XAM.TO,20240502,0.06,0.06,0.06,0.06,31519
XAU.TO,20240502,7.77,7.87,7.77,7.87,1901
XAW.TO,20240502,39.15,39.22,38.96,39.21,31530
XBAL.TO,20240502,27.51,27.58,27.45,27.58,38129
XBB.TO,20240502,27.05,27.16,27.02,27.14,74341
XBM.TO,20240502,21.84,21.84,21.55,21.69,22037
XCB.TO,20240502,19.2,19.28,19.2,19.28,41848
XCBU.TO,20240502,34.32,34.32,34.32,34.32,100
XCD.TO,20240502,51.97,52.17,51.81,52.17,900
XCG.TO,20240502,48.88,49.01,48.88,48.93,888
XCH.TO,20240502,17.22,17.74,17.22,17.66,136714
XCHP.TO,20240502,50,50.33,50,50.33,565
XCLN.TO,20240502,30.33,30.33,30.33,30.33,263
XCNS.TO,20240502,21.75,21.86,21.74,21.85,15922
XCS.TO,20240502,19.28,19.29,19.28,19.29,1879
XCSR.TO,20240502,63.41,63.41,63.24,63.28,1773
XCV.TO,20240502,34.59,34.71,34.59,34.66,5946
XDG.TO,20240502,25.12,25.12,24.97,25.03,7394
XDGH.TO,20240502,25.42,25.54,25.41,25.46,2702
XDIV.TO,20240502,26.32,26.46,26.26,26.32,50405
XDSR.TO,20240502,56.29,56.53,56.29,56.53,500
XDU.TO,20240502,28.38,28.43,28.37,28.37,1150
XDUH.TO,20240502,25.79,25.79,25.79,25.79,172
XDV.TO,20240502,26.87,26.98,26.75,26.87,37500
XEB.TO,20240502,15.46,15.51,15.46,15.51,800
XEC.TO,20240502,27.57,27.89,27.55,27.87,57314
XEC.U.TO,20240502,20.99,20.99,20.92,20.92,500
XEF.TO,20240502,36.85,36.99,36.8,36.94,193391
XEG.TO,20240502,18.57,18.79,18.55,18.62,1221729
XEH.TO,20240502,32.51,32.59,32.51,32.59,909
XEI.TO,20240502,24.85,24.98,24.75,24.88,53094
XEM.TO,20240502,31.46,31.82,31.44,31.8,1306
XEMC.TO,20240502,46.44,46.56,46.44,46.47,700
XEN.TO,20240502,33.45,33.53,33.45,33.53,815
XEQT.TO,20240502,29.62,29.72,29.48,29.68,159315
XESG.TO,20240502,26.48,26.56,26.48,26.52,2095
XETM.TO,20240502,42.58,42.58,42.58,42.58,300
XEU.TO,20240502,29.61,29.64,29.61,29.64,1188
XEXP.TO,20240502,46.27,46.27,46.18,46.18,3134
XFH.TO,20240502,31.73,31.73,31.55,31.59,3840
XFN.TO,20240502,48.87,49.02,48.62,48.8,212317
XFR.TO,20240502,20.09,20.11,20.09,20.11,2662
XGB.TO,20240502,18.55,18.62,18.55,18.61,69534
XGD.TO,20240502,19.4,19.65,19.3,19.57,291711
XGI.TO,20240502,51.44,51.45,51.37,51.4,702
XGRO.TO,20240502,27.15,27.22,27.03,27.19,48301
XHAK.TO,20240502,46,46,46,46,822
XHB.TO,20240502,18.91,18.95,18.9,18.9,2705
XHC.TO,20240502,70.21,70.21,69.58,69.75,3447
XHD.TO,20240502,31.92,31.94,31.9,31.9,1509
XHU.TO,20240502,30.3,30.3,30.06,30.06,1600
XHY.TO,20240502,16.2,16.3,16.16,16.28,35439
XIC.TO,20240502,34.79,34.94,34.6,34.83,330895
XID.TO,20240502,53.09,53.36,53.09,53.36,1163
XIG.TO,20240502,19.44,19.52,19.44,19.52,5874
XIN.TO,20240502,35.93,35.93,35.85,35.87,7833
XINC.TO,20240502,19.31,19.34,19.31,19.34,2400
XIT.TO,20240502,52.36,52.36,51.72,51.83,4718
XIU.TO,20240502,33.12,33.29,32.97,33.18,1939415
XLB.TO,20240502,18.28,18.44,18.28,18.43,122327
XLY.TO,20240502,0.055,0.055,0.05,0.055,197159
XMA.TO,20240502,19.54,19.66,19.54,19.62,5407
XMC.TO,20240502,30.01,30.46,30.01,30.42,8298
XMC.U.TO,20240502,22.18,22.26,22.18,22.26,300
XMD.TO,20240502,33.63,33.67,33.62,33.67,800
XMH.TO,20240502,25.92,26.16,25.87,26.1,9200
XML.TO,20240502,26.46,26.46,26.46,26.46,239
XMM.TO,20240502,27.74,27.74,27.74,27.74,100
XMS.TO,20240502,33.59,33.66,33.55,33.58,700
XMTM.TO,20240502,29.62,29.62,29.62,29.62,1550
XMU.TO,20240502,74.08,74.15,73.95,73.97,2073
XMV.TO,20240502,40.85,41.08,40.85,40.99,2903
XMW.TO,20240502,49.63,49.7,49.63,49.63,600
XMY.TO,20240502,28.93,28.94,28.93,28.94,600
XPF.TO,20240502,14.7,14.75,14.7,14.75,852
XQB.TO,20240502,18.23,18.23,18.23,18.23,1838
XQLT.TO,20240502,35.2,35.2,35.08,35.13,1254
XQQ.TO,20240502,132.73,133.4,131.25,133.04,60875
XQQU.TO,20240502,57.8,57.8,57.04,57.19,636
XRB.TO,20240502,21.45,21.61,21.45,21.53,15494
XRE.TO,20240502,14.81,14.97,14.75,14.88,350633
XSAB.TO,20240502,17.41,17.44,17.41,17.42,702
XSB.TO,20240502,25.96,26,25.95,26,26422
XSC.TO,20240502,17.52,17.52,17.52,17.52,121
XSEA.TO,20240502,25.36,25.38,25.36,25.38,943
XSEM.TO,20240502,19.49,19.79,19.49,19.75,4302
XSH.TO,20240502,18.34,18.37,18.31,18.37,22205
XSHU.TO,20240502,41.13,41.17,41.13,41.17,1700
XSHU.U.TO,20240502,29.88,29.95,29.88,29.95,900
XSMC.TO,20240502,29.17,29.23,29,29.17,9919
XSMH.TO,20240502,26.4,26.48,26.14,26.48,1588
XSP.TO,20240502,53.03,53.2,52.58,53.15,289333
XST.TO,20240502,92.89,93.38,92.87,93.17,4950
XSTH.TO,20240502,37.08,37.08,37.07,37.07,2948
XSTP.TO,20240502,41.17,41.17,41.16,41.16,4300
XSU.TO,20240502,38.74,38.97,38.32,38.92,41929
XSUS.TO,20240502,36.64,36.76,36.56,36.68,8525
XTC.TO,20240502,7.21,7.27,7.05,7.24,32060
XTD.TO,20240502,2.59,2.61,2.58,2.59,10255
XTD.PR.A.TO,20240502,9.73,9.73,9.73,9.73,600
XTG.TO,20240502,1.26,1.26,1.26,1.26,2500
XTLH.TO,20240502,33.32,33.54,33.27,33.53,18805
XTLT.TO,20240502,34.4,34.63,34.4,34.59,6887
XTR.TO,20240502,10.5,10.52,10.48,10.52,10484
XTRA.TO,20240502,0.44,0.475,0.43,0.475,148375
XTRA.WT.TO,20240502,0.05,0.05,0.045,0.045,151000
XUH.TO,20240502,42.09,42.12,41.95,42.04,4922
XUS.TO,20240502,86.21,86.21,85.5,86.09,38750
XUS.U.TO,20240502,63.67,63.87,63.28,63.69,3300
XUSR.TO,20240502,74.81,74.89,74.41,74.69,2319
XUT.TO,20240502,24.8,24.95,24.66,24.89,468802
XUU.TO,20240502,51.33,51.35,50.97,51.33,18193
XUU.U.TO,20240502,37.63,37.63,37.63,37.63,1897
XWD.TO,20240502,82.67,82.78,82.35,82.64,6679
Y.TO,20240502,9.65,9.7,9.65,9.7,1200
YGR.TO,20240502,1.17,1.18,1.12,1.13,152501
ZACE.TO,20240502,39.51,39.51,39.28,39.31,772
ZAG.TO,20240502,13.26,13.31,13.25,13.31,89120
ZBAL.TO,20240502,36.72,36.72,36.53,36.62,822
ZBAL.T.TO,20240502,28.32,28.34,28.32,28.34,300
ZBI.TO,20240502,29.17,29.17,29.17,29.17,1000
ZBK.TO,20240502,29.24,29.34,29.01,29.15,19268
ZCB.TO,20240502,45.35,45.35,45.35,45.35,100
ZCH.TO,20240502,13.59,14.1,13.59,14.04,40977
ZCLN.TO,20240502,14.28,14.28,14.28,14.28,141
ZCM.TO,20240502,14.67,14.73,14.67,14.72,16574
ZCN.TO,20240502,29.18,29.29,29.12,29.22,55147
ZCS.TO,20240502,13.36,13.38,13.34,13.38,10463
ZDB.TO,20240502,14.31,14.37,14.3,14.37,8079
ZDH.TO,20240502,27.11,27.13,27,27,10805
ZDI.TO,20240502,23.54,23.6,23.54,23.6,917
ZDJ.TO,20240502,58.98,59.36,58.98,59.27,2395
ZDM.TO,20240502,29.17,29.21,29.14,29.15,3411
ZDV.TO,20240502,19.79,19.94,19.77,19.87,47589
ZDY.TO,20240502,40.13,40.13,39.66,39.67,1727
ZDY.U.TO,20240502,29.81,29.81,29.72,29.72,300
ZEA.TO,20240502,22.45,22.45,22.3,22.4,12266
ZEB.TO,20240502,35.51,35.65,35.35,35.46,1054493
ZEF.TO,20240502,12.13,12.13,12.13,12.13,111
ZEM.TO,20240502,20.38,20.69,20.37,20.61,36775
ZEO.TO,20240502,70.6,71.17,70.53,70.78,4580
ZEQ.TO,20240502,30.77,30.77,30.71,30.72,6074
ZEQT.TO,20240502,45.18,45.36,45.18,45.3,714
ZESG.TO,20240502,34.3,34.3,34.3,34.3,100
ZFC.TO,20240502,41.97,41.97,41.84,41.84,200
ZFH.TO,20240502,14.67,14.67,14.6,14.63,6179
ZFL.TO,20240502,12.29,12.38,12.26,12.37,41353
ZFM.TO,20240502,14.03,14.03,14.02,14.03,650
ZFN.TO,20240502,46.36,46.5,46.35,46.5,1638
ZFS.TO,20240502,13.37,13.4,13.37,13.4,18050
ZGD.TO,20240502,86.05,86.6,86.05,86.6,617
ZGI.TO,20240502,42.54,42.7,42.54,42.68,2623
ZGQ.TO,20240502,60.97,61.38,60.95,61.38,4718
ZGRO.TO,20240502,40.8,40.82,40.72,40.76,2138
ZGRO.T.TO,20240502,32.21,32.21,32.2,32.21,1268
ZHP.TO,20240502,18.01,18.01,18.01,18.01,100
ZHY.TO,20240502,11.09,11.09,11,11.02,12486
ZIC.TO,20240502,17.17,17.17,17.16,17.16,2278
ZIC.U.TO,20240502,12.71,12.73,12.71,12.73,8400
ZID.TO,20240502,46.84,46.99,46.84,46.97,3500
ZIU.TO,20240502,50.49,50.49,50.49,50.49,132
ZJK.TO,20240502,18,18,17.95,17.95,3794
ZJPN.F.TO,20240502,46.25,46.25,46.1,46.1,414
ZLB.TO,20240502,42.85,43.19,42.79,43.1,54510
ZLC.TO,20240502,14.59,14.66,14.53,14.66,18609
ZLD.TO,20240502,26.28,26.46,26.26,26.46,2138
ZLE.TO,20240502,17.93,18.01,17.93,18.01,20600
ZLH.TO,20240502,31.92,32.03,31.92,31.94,5000
ZLU.TO,20240502,49.02,49.14,48.88,48.93,9002
ZLU.U.TO,20240502,36.63,36.73,36.59,36.66,2187
ZMBS.TO,20240502,29.18,29.18,29.18,29.18,200
ZMI.TO,20240502,16.24,16.26,16.22,16.25,1305
ZMID.TO,20240502,42.33,42.49,42.33,42.49,370
ZMMK.TO,20240502,49.93,49.93,49.92,49.93,73376
ZMP.TO,20240502,13.25,13.26,13.25,13.26,20999
ZMT.TO,20240502,66.89,66.89,66.81,66.81,3300
ZMU.TO,20240502,12.35,12.36,12.35,12.36,16619
ZNQ.TO,20240502,77.53,77.62,76.97,77.45,8901
ZNQ.U.TO,20240502,38,38.26,37.82,38.18,1106
ZPAY.TO,20240502,30.79,30.79,30.64,30.66,5648
ZPAY.F.TO,20240502,28.27,28.27,28.27,28.27,303
ZPAY.U.TO,20240502,29.12,29.14,29.12,29.13,14600
ZPH.TO,20240502,14.71,14.71,14.64,14.7,700
ZPL.TO,20240502,11.76,11.86,11.76,11.85,15966
ZPR.TO,20240502,10.1,10.19,10.09,10.18,252002
ZPS.TO,20240502,11.95,11.95,11.94,11.94,7100
ZPW.U.TO,20240502,15.32,15.32,15.32,15.32,200
ZQQ.TO,20240502,122.76,123.38,121.5,123.14,20896
ZRE.TO,20240502,19.86,19.91,19.68,19.83,13421
ZRR.TO,20240502,13.68,13.75,13.62,13.69,13797
ZSDB.TO,20240502,29.37,29.37,29.37,29.37,500
ZSML.TO,20240502,38.48,38.48,38.48,38.48,181
ZSP.TO,20240502,75.78,75.8,75.24,75.73,97338
ZSP.U.TO,20240502,54.85,55.4,54.85,55.4,11807
ZST.TO,20240502,48.76,48.77,48.75,48.76,25917
ZST.L.TO,20240502,58.49,58.5,58.48,58.5,25116
ZSU.TO,20240502,13.12,13.14,13.12,13.14,2800
ZTIP.TO,20240502,31.25,31.25,31.25,31.25,200
ZUAG.F.TO,20240502,28.75,28.75,28.75,28.75,193
ZUAG.U.TO,20240502,29.16,29.16,29.16,29.16,1500
ZUB.TO,20240502,26.56,26.78,26.5,26.64,16986
ZUD.TO,20240502,27.73,27.73,27.42,27.51,27200
ZUE.TO,20240502,69.95,70.44,69.74,70.24,15813
ZUH.TO,20240502,68.43,68.43,67.94,68.07,2471
ZUQ.TO,20240502,74.25,74.3,73.85,74.24,7543
ZUQ.F.TO,20240502,46.26,46.26,46.26,46.26,100
ZUQ.U.TO,20240502,47.96,47.96,47.96,47.96,103
ZUS.U.TO,20240502,46.78,46.8,46.78,46.8,2292
ZUS.V.TO,20240502,55.58,55.58,55.58,55.58,1700
ZUT.TO,20240502,19.02,19.2,18.95,19.17,70682
ZUVE.TO,20240502,16.26,16.26,16.26,16.26,100
ZVC.TO,20240502,27.6,27.63,27.53,27.55,1535
ZVU.TO,20240502,27.54,27.54,27.53,27.54,27800
ZWA.TO,20240502,24.86,25.01,24.86,25,880
ZWB.TO,20240502,17.69,17.77,17.64,17.69,89820
ZWC.TO,20240502,16.91,17.03,16.9,17.03,55170
ZWE.TO,20240502,20.65,20.74,20.6,20.74,13108
ZWEN.TO,20240502,30.3,30.4,30.3,30.39,892
ZWG.TO,20240502,29.66,29.66,29.45,29.55,3768
ZWH.TO,20240502,22.68,22.75,22.6,22.67,4115
ZWH.U.TO,20240502,22.67,22.67,22.64,22.64,200
ZWHC.TO,20240502,28.58,28.58,28.58,28.58,100
ZWK.TO,20240502,20.88,20.88,20.69,20.76,22044
ZWP.TO,20240502,17.96,18.01,17.82,18.01,9598
ZWQT.TO,20240502,16,16.07,15.99,16.05,1645
ZWS.TO,20240502,19.72,19.72,19.64,19.65,1307
ZWT.TO,20240502,41.39,41.49,41.2,41.49,5860
ZWU.TO,20240502,10.07,10.09,10.01,10.09,177273
ZXM.TO,20240502,41.8,41.8,41.8,41.8,100
ZZZD.TO,20240502,28.45,28.5,28.42,28.5,5763
