<ticker>,<date>,<open>,<high>,<low>,<close>,<vol>
AAB.TO,20230911,0.03,0.03,0.025,0.03,460333
AAUC.TO,20230911,5.25,5.9,5.25,5.25,500
AAV.TO,20230911,9.39,9.51,9.3,9.31,261193
ABX.TO,20230911,21.65,21.84,21.53,21.82,1238354
AC.TO,20230911,21.28,21.51,21.18,21.2,1422774
ACB.TO,20230911,0.76,1.27,0.76,1.25,21200580
ACB.WS.U.TO,20230911,0.0475,0.065,0.0475,0.06,313000
ACD.TO,20230911,5.63,5.66,5.63,5.66,800
ACO.X.TO,20230911,36.31,36.43,36.07,36.12,211839
ACO.Y.TO,20230911,36.51,36.51,36.21,36.21,400
ACQ.TO,20230911,25.86,26.1,25.76,25.85,9504
AD.DB.TO,20230911,97.93,97.95,97.93,97.95,15000
AD.DB.A.TO,20230911,93.5,93.5,93.5,93.5,13000
AD.UN.TO,20230911,15.2,15.34,15.12,15.26,37432
ADEN.TO,20230911,32.86,33.36,32.74,32.89,13077
ADN.TO,20230911,17.12,18.29,17.12,18.29,10761
ADW.A.TO,20230911,4.06,4.21,4.06,4.16,15326
ADW.B.TO,20230911,4.12,4.63,4.12,4.6,2463
AEM.TO,20230911,65.04,65.43,64.68,65.24,1207204
AEZS.TO,20230911,3.4,3.4,3.36,3.36,390
AFN.TO,20230911,57.52,58.54,57.38,57.62,27600
AFN.DB.F.TO,20230911,98,98,98,98,3000
AFN.DB.G.TO,20230911,98,98,98,98,35000
AFN.DB.H.TO,20230911,95.27,96,95.27,96,14000
AFN.DB.J.TO,20230911,105,105,104,104,59000
AGF.B.TO,20230911,7.77,7.79,7.67,7.74,28632
AGI.TO,20230911,16.16,16.27,15.92,16.04,624141
AI.TO,20230911,11.05,11.05,10.82,10.94,12236
AI.DB.E.TO,20230911,95.1,95.1,95,95,25000
AI.DB.F.TO,20230911,85,85,85,85,2000
AI.DB.G.TO,20230911,85,85,85,85,9000
AIF.TO,20230911,51.5,52.23,51.4,52.14,25390
AII.TO,20230911,0.495,0.495,0.46,0.47,315505
AIM.TO,20230911,3.02,3.05,2.99,3.03,29454
AKT.A.TO,20230911,1.91,1.91,1.89,1.91,279072
ALA.TO,20230911,26.9,27.01,26.74,26.87,323827
ALA.PR.A.TO,20230911,14.75,14.75,14.7,14.7,2500
ALA.PR.B.TO,20230911,17.85,17.85,17.47,17.47,2300
ALA.PR.G.TO,20230911,17.06,17.06,17.06,17.06,100
ALC.TO,20230911,15.05,15.1,14.89,15.03,15611
ALC.DB.A.TO,20230911,102.69,102.69,102.69,102.69,30000
ALS.TO,20230911,20.96,21.33,20.95,21.04,59953
ALYA.TO,20230911,2.38,2.43,2.32,2.43,28710
AMC.TO,20230911,2.82,2.82,2.65,2.71,206802
AND.TO,20230911,40.65,41.49,40.65,41.35,5445
AOI.TO,20230911,3.24,3.28,3.24,3.24,260421
AOT.TO,20230911,0.455,0.455,0.42,0.42,309470
AP.UN.TO,20230911,20.53,20.66,20.33,20.33,172605
APLI.TO,20230911,0.05,0.055,0.05,0.055,70000
APR.UN.TO,20230911,10.48,10.58,10.43,10.53,13197
APS.TO,20230911,5.03,5.07,4.8,4.8,6049
AQN.TO,20230911,9.7,9.9,9.67,9.74,1940372
AQN.PR.A.TO,20230911,18.85,18.9,18.8,18.8,4400
AQN.PR.D.TO,20230911,18.7,18.79,18.37,18.37,3400
AR.TO,20230911,0.66,0.68,0.62,0.65,2239689
ARA.TO,20230911,0.385,0.385,0.385,0.385,5000
ARB.TO,20230911,25.88,25.88,25.88,25.88,400
ARE.TO,20230911,10.99,11.03,10.83,10.92,179179
ARG.TO,20230911,1.39,1.44,1.39,1.44,113089
ARIS.TO,20230911,2.92,3.22,2.92,3.19,338441
ARIS.WT.A.TO,20230911,0.165,0.165,0.165,0.165,1000
ARKG.TO,20230911,13.8,13.8,13.65,13.65,200
ARKK.TO,20230911,17.62,17.76,17.54,17.69,1205
ARKW.TO,20230911,19.44,19.44,19.34,19.34,400
ARR.TO,20230911,8.41,8.43,8.29,8.29,2822
ARX.TO,20230911,21.13,21.34,20.9,21,4045889
ASCU.TO,20230911,1.62,1.69,1.6,1.69,115765
ASM.TO,20230911,0.83,0.85,0.78,0.85,78782
ASND.TO,20230911,0.095,0.105,0.09,0.095,161525
ASTL.TO,20230911,9.59,9.88,9.57,9.57,42800
ASTL.WT.TO,20230911,1.62,1.62,1.62,1.62,100
ATD.TO,20230911,71.58,72.32,71.36,72.1,1222870
ATH.TO,20230911,3.97,3.97,3.78,3.8,3463753
ATS.TO,20230911,58.38,58.97,57.42,58.7,191706
ATZ.TO,20230911,23.43,24.14,23.4,24.02,270543
AUMN.TO,20230911,0.9,0.91,0.9,0.91,8274
AVCN.TO,20230911,0.415,0.465,0.415,0.465,162740
AVL.TO,20230911,0.125,0.13,0.125,0.125,662322
AVNT.TO,20230911,0.195,0.205,0.19,0.2,196354
AW.UN.TO,20230911,33.45,33.45,33.07,33.09,5863
AX.PR.E.TO,20230911,17,17,17,17,100
AX.PR.I.TO,20230911,17.32,17.5,17,17.1,3900
AX.UN.TO,20230911,6.77,6.91,6.74,6.79,612983
AXIS.TO,20230911,0.11,0.11,0.1,0.1,31013
AYA.TO,20230911,7.9,8.1,7.88,7.95,166982
BABY.TO,20230911,0.385,0.395,0.37,0.395,135117
BAM.TO,20230911,48,48.64,47.97,48.58,675309
BANK.TO,20230911,7.13,7.21,7.11,7.18,37811
BASE.TO,20230911,25.67,25.67,25.65,25.65,501
BB.TO,20230911,6.3,7.2,6.28,7.08,2517046
BBD.A.TO,20230911,51.93,52.27,50.89,51.09,3804
BBD.B.TO,20230911,52,52.56,50.62,51.16,279985
BBD.PR.B.TO,20230911,16.22,16.5,16.22,16.41,2300
BBD.PR.C.TO,20230911,17.85,17.85,17.81,17.82,918
BBU.UN.TO,20230911,20.96,21.45,20.96,21,7169
BBUC.TO,20230911,23.41,24.45,23.41,23.92,8730
BCE.TO,20230911,55.29,55.85,55.24,55.62,1177348
BCE.PR.A.TO,20230911,15.61,15.61,15.45,15.55,10628
BCE.PR.B.TO,20230911,17.7,17.73,17.6,17.62,8948
BCE.PR.C.TO,20230911,15.72,16,15.72,15.86,900
BCE.PR.D.TO,20230911,17.55,17.6,17.5,17.52,9800
BCE.PR.E.TO,20230911,17.47,17.47,17.45,17.46,3050
BCE.PR.F.TO,20230911,15.58,15.61,15.56,15.56,3800
BCE.PR.G.TO,20230911,14.37,14.37,14.33,14.33,1100
BCE.PR.H.TO,20230911,17.61,17.61,17.61,17.61,300
BCE.PR.I.TO,20230911,14.27,14.27,14.25,14.26,1100
BCE.PR.K.TO,20230911,13.56,13.6,13.55,13.59,2100
BCE.PR.M.TO,20230911,14.11,14.25,14.11,14.12,2900
BCE.PR.Q.TO,20230911,20.57,20.58,20.57,20.57,300
BCE.PR.R.TO,20230911,14.31,14.5,14.31,14.4,2200
BCE.PR.S.TO,20230911,17.58,17.58,17.5,17.5,8500
BCE.PR.T.TO,20230911,16.9,16.9,16.83,16.85,1300
BCE.PR.Y.TO,20230911,17.6,17.6,17.5,17.5,1600
BCE.PR.Z.TO,20230911,16.45,16.85,16.45,16.85,1120
BCT.TO,20230911,8.8,8.9,8.56,8.56,3010
BDGI.TO,20230911,35.12,35.3,34.61,34.79,17769
BDI.TO,20230911,6.37,6.58,6.35,6.39,72715
BDT.TO,20230911,10.79,10.87,10.73,10.8,68165
BEI.UN.TO,20230911,69.64,70.41,69.64,69.89,86971
BEK.B.TO,20230911,12.7,13,12.7,13,400
BEP.PR.G.TO,20230911,20.5,20.55,20.5,20.51,3500
BEP.PR.M.TO,20230911,18.11,18.57,18.11,18.3,7100
BEP.PR.R.TO,20230911,17.5,17.61,17.4,17.61,3331
BEP.UN.TO,20230911,33.86,34.06,33.41,33.68,182626
BEPC.TO,20230911,36.27,36.51,35.94,36.11,99260
BEPR.U.TO,20230911,8.65,8.65,8.65,8.65,500
BESG.TO,20230911,15.22,15.22,15.11,15.15,1505
BGI.UN.TO,20230911,4.24,4.24,4.21,4.21,13609
BGU.TO,20230911,37.31,37.31,37.31,37.31,2000
BGU.U.TO,20230911,27.41,27.41,27.37,27.37,10900
BHC.TO,20230911,11.8,11.86,11.58,11.8,238479
BIK.PR.A.TO,20230911,20.99,21,20.95,20.95,800
BIP.PR.A.TO,20230911,16.25,16.3,16.25,16.29,3200
BIP.PR.B.TO,20230911,21.25,21.26,21.25,21.26,2400
BIP.PR.E.TO,20230911,20.4,20.4,20.27,20.27,7100
BIP.PR.F.TO,20230911,19.24,19.24,18.7,18.7,4400
BIP.UN.TO,20230911,43.29,43.52,42.61,43.15,167225
BIPC.TO,20230911,50.03,51.17,49.84,50.99,68421
BIR.TO,20230911,8.54,8.58,8.42,8.5,824729
BITF.TO,20230911,1.66,1.66,1.5,1.53,1260277
BITI.TO,20230911,13.73,14.2,13.73,14.15,56476
BITI.U.TO,20230911,10.32,10.4,10.32,10.4,4603
BK.TO,20230911,10.85,11.32,10.85,11.21,173628
BK.PR.A.TO,20230911,10.04,10.04,10.02,10.02,49429
BKCC.TO,20230911,13.88,13.95,13.85,13.94,7965
BKCL.TO,20230911,18.7,18.82,18.55,18.79,18019
BKI.TO,20230911,0.08,0.08,0.075,0.075,71508
BLB.UN.TO,20230911,7.64,7.64,7.63,7.63,3400
BLCO.TO,20230911,22.98,24.11,22.98,23.87,1206
BLDP.TO,20230911,5.49,5.58,5.34,5.53,378689
BLN.TO,20230911,3.33,3.4,3.33,3.36,13569
BLOV.TO,20230911,21,21,20.92,20.92,200
BLX.TO,20230911,31.88,32.59,31.86,32.51,185226
BMAX.TO,20230911,12.23,12.23,12.18,12.19,3501
BMO.TO,20230911,114.39,115.75,114.05,115.6,953340
BMO.PR.E.TO,20230911,21.75,21.8,21.7,21.72,4050
BMO.PR.T.TO,20230911,16.48,16.54,16.46,16.46,800
BMO.PR.W.TO,20230911,16.15,16.16,16.15,16.15,6500
BMO.PR.Y.TO,20230911,17.21,17.21,17.2,17.2,200
BN.TO,20230911,46.75,47.55,46.18,47.33,939608
BN.PF.A.TO,20230911,19.8,19.8,19.62,19.62,4600
BN.PF.B.TO,20230911,16.34,16.34,16.3,16.3,500
BN.PF.C.TO,20230911,17.2,17.29,17.2,17.25,6568
BN.PF.D.TO,20230911,17.64,17.64,17.5,17.5,2600
BN.PF.E.TO,20230911,14.14,14.14,13.87,13.87,1302
BN.PF.F.TO,20230911,16.1,16.1,16.05,16.07,6100
BN.PF.G.TO,20230911,14.45,14.45,14.4,14.45,1700
BN.PF.H.TO,20230911,19.71,19.73,19.7,19.73,1400
BN.PF.I.TO,20230911,18.71,18.8,18.6,18.6,3200
BN.PF.J.TO,20230911,18.75,18.89,18.75,18.76,5210
BN.PR.B.TO,20230911,11.55,11.55,11.41,11.41,15213
BN.PR.C.TO,20230911,11.45,11.45,11.45,11.45,500
BN.PR.K.TO,20230911,11.41,11.41,11.4,11.4,2900
BN.PR.M.TO,20230911,17.21,17.21,17.09,17.1,2240
BN.PR.N.TO,20230911,17.12,17.12,16.98,16.98,600
BN.PR.R.TO,20230911,12.95,13.02,12.95,13.02,6054
BN.PR.T.TO,20230911,13.13,13.13,13.05,13.05,21033
BN.PR.X.TO,20230911,13.96,13.96,13.37,13.37,4300
BN.PR.Z.TO,20230911,17.75,17.77,17.75,17.75,4720
BNC.TO,20230911,23.43,23.53,23.43,23.53,250
BND.TO,20230911,16.9,16.9,16.85,16.85,3400
BNE.TO,20230911,7.54,7.61,7.3,7.34,44847
BNG.TO,20230911,0.05,0.05,0.05,0.05,3115
BNK.TO,20230911,9.81,9.87,9.76,9.82,1100
BNKL.TO,20230911,18.93,18.93,18.93,18.93,125
BNRE.TO,20230911,46.82,47.74,46.42,47.41,12902
BNS.TO,20230911,63.53,64.15,63.21,63.92,3032427
BOS.TO,20230911,4.91,4.91,4.67,4.78,27632
BPF.UN.TO,20230911,15.76,15.86,15.66,15.86,24899
BPO.PR.A.TO,20230911,10.19,10.19,10,10,18279
BPO.PR.C.TO,20230911,15.35,15.36,15.35,15.35,4200
BPO.PR.E.TO,20230911,11.6,11.6,11.35,11.4,9550
BPO.PR.G.TO,20230911,13.36,13.44,13.35,13.35,2220
BPO.PR.I.TO,20230911,13.15,13.22,13.01,13.04,9100
BPO.PR.N.TO,20230911,9.02,9.03,8.89,8.92,5600
BPO.PR.P.TO,20230911,9.45,9.45,9.22,9.22,9782
BPO.PR.R.TO,20230911,9.56,9.56,9.54,9.55,1400
BPO.PR.T.TO,20230911,13.35,13.35,13.13,13.13,2000
BPO.PR.W.TO,20230911,9,9,9,9,300
BPO.PR.X.TO,20230911,8.99,8.99,8.85,8.93,1400
BPO.PR.Y.TO,20230911,9.02,9.02,9.02,9.02,300
BPRF.TO,20230911,21.16,21.16,21.16,21.16,400
BPS.PR.A.TO,20230911,25,25,25,25,2000
BPYP.PR.A.TO,20230911,19.55,19.67,19.5,19.5,4250
BR.TO,20230911,1.6,1.6,1.6,1.6,300
BRAG.TO,20230911,7.2,7.2,6.74,6.96,77054
BRE.TO,20230911,13.97,14.12,13.97,14.01,6136
BREA.TO,20230911,22.03,22.03,22.02,22.03,400
BRF.PR.A.TO,20230911,14.23,14.3,14.23,14.29,1400
BRF.PR.B.TO,20230911,16.45,16.45,16.25,16.25,1300
BRF.PR.C.TO,20230911,16.15,16.15,16.13,16.13,1200
BRF.PR.E.TO,20230911,16.75,16.78,16.72,16.74,5403
BRF.PR.F.TO,20230911,16.77,16.78,16.74,16.74,3005
BRMI.TO,20230911,1.73,1.73,1.73,1.73,200
BRY.TO,20230911,0.465,0.465,0.465,0.465,9000
BSKT.TO,20230911,8.17,8.17,8.17,8.17,3500
BSX.TO,20230911,0.06,0.065,0.055,0.06,119870
BTB.UN.TO,20230911,3.22,3.23,3.18,3.18,59222
BTCC.TO,20230911,4.92,4.93,4.79,4.81,94015
BTCC.B.TO,20230911,5.03,5.04,4.89,4.91,454522
BTCC.U.TO,20230911,4.7,4.7,4.57,4.57,104085
BTCQ.TO,20230911,5.68,5.68,5.52,5.52,29314
BTCQ.U.TO,20230911,4.15,4.15,4.15,4.15,500
BTCX.B.TO,20230911,5.17,5.17,5.02,5.03,86890
BTCX.U.TO,20230911,4.81,4.81,4.68,4.69,33201
BTCY.TO,20230911,3.36,3.36,3.25,3.26,33577
BTCY.B.TO,20230911,3.79,3.79,3.69,3.69,2747
BTCY.U.TO,20230911,3.12,3.14,3.12,3.12,1637
BTE.TO,20230911,5.76,5.84,5.62,5.65,4603258
BTO.TO,20230911,4.17,4.26,4.16,4.22,3282355
BU.TO,20230911,0.17,0.18,0.155,0.165,78323
BXF.TO,20230911,9.72,9.73,9.72,9.73,11594
BYD.TO,20230911,243.49,247.29,243.49,245.44,42066
BYL.TO,20230911,0.31,0.315,0.31,0.315,5500
CACB.TO,20230911,18.69,18.69,18.69,18.69,3003
CAE.TO,20230911,32.62,32.78,32.26,32.54,254186
CAFR.TO,20230911,19.75,19.75,19.74,19.74,625
CALL.TO,20230911,10.48,10.6,10.48,10.49,4822
CAR.UN.TO,20230911,49.27,49.29,48.71,48.97,144744
CARS.TO,20230911,25.95,25.96,25.95,25.96,1500
CARS.B.TO,20230911,29.54,29.54,29.54,29.54,200
CAS.TO,20230911,12.71,12.77,12.49,12.62,93556
CASH.TO,20230911,50.09,50.09,50.08,50.08,242217
CBCX.TO,20230911,11.6,11.6,11.42,11.42,627
CBH.TO,20230911,16.78,16.78,16.77,16.77,3700
CBIL.TO,20230911,50.08,50.09,50.06,50.06,16188
CBND.TO,20230911,8.47,8.47,8.47,8.47,200
CBNK.TO,20230911,6.77,6.77,6.75,6.75,5302
CBO.TO,20230911,17.13,17.13,17.12,17.13,8751
CCA.TO,20230911,63.86,65.15,63.86,64.65,26691
CCEI.TO,20230911,21.8,21.82,21.77,21.82,2055
CCL.B.TO,20230911,58.87,60.32,58.34,58.39,101197
CCM.TO,20230911,0.225,0.225,0.22,0.225,92064
CCNS.TO,20230911,17.44,17.44,17.44,17.44,250
CCO.TO,20230911,50.36,51.15,50.2,50.88,795187
CCOM.TO,20230911,20.6,20.6,20.6,20.6,444
CCS.PR.C.TO,20230911,19.05,19.19,19,19.19,1105
CDIV.TO,20230911,12.48,12.51,12.48,12.48,9527
CDR.TO,20230911,1.01,1.11,1.01,1.09,94961
CDZ.TO,20230911,29.32,29.43,29.3,29.34,17992
CEE.TO,20230911,1.49,1.59,1.45,1.45,5000
CEF.TO,20230911,24.5,24.52,24.38,24.41,4731
CET.TO,20230911,0.92,0.94,0.9,0.9,177057
CEU.TO,20230911,3.97,3.98,3.94,3.97,361397
CEW.TO,20230911,15.22,15.37,15.22,15.37,2518
CF.TO,20230911,8.12,8.34,8.05,8.3,79276
CF.PR.A.TO,20230911,12.61,12.61,12.61,12.61,100
CFF.TO,20230911,1.07,1.07,1.03,1.03,171298
CFP.TO,20230911,18.69,18.91,18.47,18.61,209262
CFW.TO,20230911,5.95,6.02,5.85,6.02,11525
CFX.TO,20230911,1.97,1.98,1.88,1.9,64496
CG.TO,20230911,7.71,7.83,7.69,7.7,301487
CGDV.TO,20230911,20.13,20.13,20.13,20.13,156
CGG.TO,20230911,5.77,5.96,5.77,5.94,12467
CGHY.TO,20230911,9.42,9.51,9.42,9.51,350
CGI.TO,20230911,36,36.27,36,36.27,1802
CGL.TO,20230911,15.49,15.49,15.42,15.46,9052
CGL.C.TO,20230911,22.2,22.22,22.18,22.19,4231
CGLO.TO,20230911,24.74,24.76,24.74,24.76,4320
CGO.TO,20230911,48.72,49.19,48.45,49.06,29683
CGR.TO,20230911,26.34,26.34,26.3,26.32,1122
CGRA.TO,20230911,20.33,20.33,20.21,20.21,6500
CGRE.TO,20230911,20.08,20.08,20.08,20.08,1300
CGX.TO,20230911,7.96,8.06,7.95,7.99,134968
CGX.DB.B.TO,20230911,96.02,96.02,96.02,96.02,10000
CGXF.TO,20230911,9.79,9.85,9.79,9.83,3927
CGY.TO,20230911,51.51,51.91,51.51,51.6,6305
CHE.DB.E.TO,20230911,99.01,99.01,99.01,99.01,10000
CHE.DB.F.TO,20230911,122.84,122.84,122.84,122.84,2000
CHE.DB.G.TO,20230911,100.99,101,100.52,101,240000
CHE.DB.H.TO,20230911,100,100,100,100,90000
CHE.UN.TO,20230911,8.55,8.7,8.55,8.66,101121
CHNA.B.TO,20230911,21.28,21.35,21.28,21.35,869
CHP.UN.TO,20230911,13.01,13.17,13.01,13.04,134608
CHPS.TO,20230911,26.5,26.73,26.45,26.73,5644
CHR.TO,20230911,2.54,2.58,2.51,2.52,279630
CHR.DB.B.TO,20230911,93.9,93.9,92,92,20999
CHW.TO,20230911,6.98,7.01,6.98,7,1906
CIA.TO,20230911,5.16,5.28,5.16,5.28,197744
CIBR.TO,20230911,37.38,37.46,37.38,37.46,342
CIC.TO,20230911,10.19,10.26,10.13,10.26,1261
CIEM.TO,20230911,17.29,17.29,17.29,17.29,309
CIF.TO,20230911,36.77,36.77,36.47,36.53,6115
CIGI.TO,20230911,155.79,158.51,155.73,156.99,39891
CINF.TO,20230911,23.28,23.28,23.23,23.23,400
CINT.TO,20230911,20.94,20.97,20.94,20.97,1538
CIU.PR.A.TO,20230911,16.65,16.65,16.65,16.65,300
CIX.TO,20230911,16.66,16.83,16.59,16.75,182282
CJ.TO,20230911,7.36,7.39,7.21,7.21,568787
CJR.B.TO,20230911,1.27,1.31,1.26,1.3,273687
CJT.TO,20230911,97.38,99.55,97.36,98.81,27592
CJT.DB.E.TO,20230911,98,98,97.35,97.35,20000
CJT.DB.F.TO,20230911,94.35,94.35,94.35,94.35,28000
CKI.TO,20230911,13.9,13.9,13.9,13.9,100
CLF.TO,20230911,16.5,16.5,16.48,16.5,1450
CLG.TO,20230911,16.38,16.38,16.37,16.38,9587
CLS.TO,20230911,32.16,32.97,32.13,32.71,317219
CM.TO,20230911,53.4,53.91,53.09,53.86,1724658
CM.PR.O.TO,20230911,17,17.03,16.95,16.95,2300
CM.PR.P.TO,20230911,16.19,16.2,16.19,16.2,800
CM.PR.Q.TO,20230911,17.09,17.1,17,17,1700
CM.PR.S.TO,20230911,20.2,20.2,20.15,20.15,2900
CM.PR.Y.TO,20230911,23.32,23.48,23.32,23.36,4275
CMAG.TO,20230911,25.89,25.89,25.89,25.89,1600
CMAR.TO,20230911,17.72,17.72,17.65,17.66,7505
CMAR.U.TO,20230911,17.89,17.89,17.89,17.89,3000
CMDO.TO,20230911,18.85,18.88,18.85,18.87,18401
CMG.TO,20230911,8.89,9.07,8.89,8.95,96072
CMGG.TO,20230911,20.72,20.72,20.72,20.72,250
CMNY.TO,20230911,50.14,50.14,50.14,50.14,600
CMR.TO,20230911,50.12,50.12,50.08,50.09,14350
CNCC.TO,20230911,11.99,12,11.96,12,3979
CNCL.TO,20230911,19.57,19.62,19.57,19.62,3731
CNE.TO,20230911,11.7,11.7,11.5,11.53,2284
CNL.TO,20230911,6.37,6.37,6.24,6.24,26760
CNQ.TO,20230911,88.74,89.26,85.94,86.06,20599180
CNR.TO,20230911,147.47,148.9,147.12,148.34,1396589
COMM.TO,20230911,28.61,28.61,28.61,28.61,176
COW.TO,20230911,63.24,63.24,63.04,63.04,2406
CP.TO,20230911,104.3,106.19,103.89,105.26,646225
CPD.TO,20230911,10.13,10.14,10.1,10.13,117285
CPH.TO,20230911,4.49,4.58,4.4,4.58,71038
CPLF.TO,20230911,5.63,5.83,5.61,5.83,42460
CPX.TO,20230911,40.63,41.11,40.63,41.01,141025
CPX.PR.A.TO,20230911,12.74,12.75,12.74,12.75,1200
CPX.PR.C.TO,20230911,20.85,20.96,20.82,20.82,3550
CPX.PR.E.TO,20230911,19.9,19.9,19.83,19.83,1750
CPX.PR.K.TO,20230911,23.45,23.45,23.31,23.31,1000
CR.TO,20230911,6.51,6.58,6.38,6.39,270722
CRDL.TO,20230911,1.28,1.35,1.21,1.27,223575
CRED.TO,20230911,18.84,18.84,18.84,18.84,500
CRON.TO,20230911,3.06,3.3,3.01,3.28,731662
CROP.TO,20230911,17.33,17.33,17.32,17.32,2168
CRP.TO,20230911,2.26,2.27,2.25,2.27,1826
CRR.UN.TO,20230911,13.47,13.51,13.31,13.39,130635
CRRX.TO,20230911,1.98,1.98,1.94,1.94,9311
CRT.UN.TO,20230911,14.48,14.59,14.46,14.51,82508
CRWN.TO,20230911,8,8,7.51,7.51,3600
CS.TO,20230911,5.97,6.04,5.84,5.89,941650
CSAV.TO,20230911,50.13,50.13,50.12,50.12,26232
CSE.PR.A.TO,20230911,12.29,12.29,12.14,12.27,3600
CSH.UN.TO,20230911,10.06,10.14,10,10,253064
CSU.TO,20230911,2777.38,2805.2,2740,2800.57,12027
CSU.DB.TO,20230911,138,141,138,141,2000
CSW.A.TO,20230911,14.9,14.93,14.77,14.93,6049
CSW.B.TO,20230911,13.5,13.51,13.31,13.33,2480
CTC.A.TO,20230911,153.04,155.09,152.41,154.22,112659
CTF.UN.TO,20230911,3.19,3.19,3.15,3.16,21199
CTS.TO,20230911,2.87,3.02,2.84,2.97,639814
CTX.TO,20230911,0.7,0.7,0.7,0.7,2197
CU.TO,20230911,31.55,31.73,31,31.04,450192
CU.PR.C.TO,20230911,16.91,16.93,16.9,16.9,1386
CU.PR.D.TO,20230911,18,18,17.99,17.99,200
CU.PR.E.TO,20230911,17.9,17.9,17.81,17.9,7100
CU.PR.F.TO,20230911,16.63,16.72,16.63,16.72,300
CU.PR.G.TO,20230911,16.75,16.75,16.7,16.7,3718
CU.PR.H.TO,20230911,19.31,19.31,19.31,19.31,500
CU.PR.I.TO,20230911,20.93,21.14,20.85,20.85,1200
CU.PR.J.TO,20230911,17.25,17.25,17.17,17.2,3800
CUD.TO,20230911,48.72,48.76,48.72,48.75,1977
CVD.TO,20230911,16.37,16.45,16.37,16.37,1243
CVE.TO,20230911,28.02,28.18,27.29,27.31,2869063
CVE.PR.A.TO,20230911,12.2,12.54,12.2,12.39,6039
CVE.PR.C.TO,20230911,18.05,18.13,18.05,18.12,2360
CVE.PR.E.TO,20230911,18.37,18.59,18.37,18.58,1800
CVE.PR.G.TO,20230911,18.45,18.6,18.45,18.54,4400
CVE.WT.TO,20230911,21.22,21.59,20.76,20.76,851
CVG.TO,20230911,79,79,78,78,261
CVO.TO,20230911,11.21,11.22,10.98,11.18,59596
CWB.TO,20230911,28.9,29.16,28.86,29.01,283904
CWB.PR.B.TO,20230911,16.69,16.69,16.52,16.52,3100
CWB.PR.D.TO,20230911,23.96,23.96,23.96,23.96,100
CWEB.TO,20230911,0.51,0.53,0.495,0.495,218162
CWW.TO,20230911,48.67,48.78,48.67,48.78,625
CXB.TO,20230911,1.42,1.46,1.4,1.44,486202
CXF.TO,20230911,9.31,9.36,9.31,9.36,1600
CXI.TO,20230911,23.75,23.75,23.03,23.5,2404
CYB.TO,20230911,60.96,61,60.4,60.4,1738
CYBR.TO,20230911,38.83,39.4,38.83,39.4,1379
CYBR.B.TO,20230911,44.89,44.89,44.89,44.89,137
D.UN.TO,20230911,11.76,12.17,11.53,11.96,440041
DANC.TO,20230911,21.6,21.6,21.6,21.6,1650
DATA.TO,20230911,19.9,20.01,19.88,20.01,909
DATA.B.TO,20230911,21.37,21.58,21.37,21.58,400
DBM.TO,20230911,7.45,7.5,7.4,7.4,59782
DBO.TO,20230911,0.105,0.105,0.1,0.1,249001
DC.A.TO,20230911,1.26,1.26,1.26,1.26,12301
DCBO.TO,20230911,55.49,56.04,54.74,55.67,38282
DCM.TO,20230911,3.05,3.25,3.05,3.13,102945
DCS.TO,20230911,17.98,17.98,17.98,17.98,200
DCU.TO,20230911,16.94,16.94,16.94,16.94,4011
DF.TO,20230911,3.29,3.35,3.24,3.35,43407
DF.PR.A.TO,20230911,9.74,9.74,9.66,9.67,3300
DFN.TO,20230911,4.61,4.66,4.57,4.62,495027
DFN.PR.A.TO,20230911,9.49,9.49,9.47,9.47,103244
DFY.TO,20230911,36.83,37.36,36.07,36.98,35295
DGR.TO,20230911,38.56,38.66,38.56,38.66,1000
DGR.B.TO,20230911,42.66,42.69,42.66,42.69,342
DGRC.TO,20230911,34.98,34.99,34.98,34.99,515
DGS.TO,20230911,4.4,4.6,4.4,4.52,64215
DGS.PR.A.TO,20230911,9.7,9.7,9.68,9.68,19436
DHT.UN.TO,20230911,12,12.09,11.79,11.86,14084
DIAM.TO,20230911,0.085,0.085,0.08,0.08,168251
DII.B.TO,20230911,5.48,5.6,5.46,5.5,10872
DIR.UN.TO,20230911,13.69,13.81,13.63,13.68,319630
DISC.TO,20230911,33.85,34,33.85,34,5281
DIV.TO,20230911,2.83,2.84,2.81,2.84,1046904
DIV.DB.A.TO,20230911,93,93.25,93,93.25,25000
DIVS.TO,20230911,13.56,13.57,13.56,13.56,1100
DLR.TO,20230911,13.95,13.97,13.93,13.95,252607
DLR.U.TO,20230911,10.28,10.28,10.27,10.27,248245
DML.TO,20230911,1.95,1.98,1.93,1.98,1511395
DN.TO,20230911,0.05,0.05,0.045,0.05,100333
DND.TO,20230911,18.12,19.74,18.12,19.7,190266
DNG.TO,20230911,3.15,3.16,3.11,3.15,35720
DNTL.TO,20230911,6.65,6.76,6.41,6.45,81701
DOL.TO,20230911,87.75,88.85,87.55,88.65,460936
DOO.TO,20230911,102.34,102.52,99.52,100.01,176622
DPM.TO,20230911,8.54,8.68,8.38,8.48,327317
DR.TO,20230911,9.37,9.45,9.35,9.43,36120
DRCU.TO,20230911,17.65,17.65,17.65,17.65,2502
DRM.TO,20230911,22.64,22.64,21.5,21.67,30785
DRMC.TO,20230911,25.2,25.31,25.18,25.31,700
DRMU.TO,20230911,32.59,32.59,32.59,32.59,148
DRR.U.TO,20230911,7.31,7.31,7.16,7.16,5800
DRT.TO,20230911,0.45,0.45,0.395,0.405,41636
DRX.TO,20230911,4.88,5,4.83,4.95,49875
DS.TO,20230911,6.27,6.28,6.19,6.28,5388
DSG.TO,20230911,102.2,102.2,99.73,101.2,84808
DSV.TO,20230911,0.75,0.79,0.75,0.79,154135
DTOL.TO,20230911,8.05,8.09,7.94,8,16822
DXB.TO,20230911,17.82,17.82,17.82,17.82,2900
DXC.TO,20230911,32.6,32.82,32.6,32.79,9484
DXDB.TO,20230911,19.89,19.91,19.89,19.91,10123
DXF.TO,20230911,31.17,31.19,31.17,31.19,1000
DXG.TO,20230911,47.77,47.88,47.66,47.84,8069
DXIF.TO,20230911,19.63,19.67,19.63,19.66,1138
DXP.TO,20230911,18.13,18.31,18.13,18.17,4460
DXQ.TO,20230911,22.57,22.58,22.56,22.56,6105
DXT.TO,20230911,5.79,5.8,5.69,5.7,10549
DXU.TO,20230911,44.67,44.92,44.67,44.92,1213
DXV.TO,20230911,19.82,19.82,19.73,19.75,2605
DYA.TO,20230911,0.18,0.19,0.18,0.19,8859
E.TO,20230911,0.47,0.47,0.47,0.47,1150
EAGR.TO,20230911,0.47,0.51,0.47,0.51,18850
EBIT.TO,20230911,12.72,12.75,12.36,12.36,40331
EBIT.U.TO,20230911,9.38,9.38,9.2,9.2,505
ECN.TO,20230911,2.44,2.44,2.33,2.35,441218
ECN.DB.A.TO,20230911,82.5,83,81,83,31000
ECN.DB.B.TO,20230911,76,76,76,76,28000
ECN.PR.C.TO,20230911,18.51,18.51,18.51,18.51,100
ECO.TO,20230911,4.07,4.12,4.04,4.1,32400
ECOR.TO,20230911,1.87,1.87,1.8,1.8,10930
EDGE.TO,20230911,31,31.35,31,31.35,1411
EDGF.TO,20230911,9.47,9.47,9.47,9.47,100
EDR.TO,20230911,3.56,3.62,3.49,3.49,152678
EDT.TO,20230911,0.4,0.4,0.395,0.395,3500
EDV.TO,20230911,26.74,26.74,26.15,26.67,500531
EFN.TO,20230911,20.38,20.51,20.16,20.34,944813
EFN.PR.C.TO,20230911,24.88,24.88,24.48,24.48,15300
EFN.PR.E.TO,20230911,24,24,24,24,100
EFR.TO,20230911,10.06,10.22,10.01,10.18,278768
EFX.TO,20230911,8.39,8.41,8.16,8.2,217264
EGIF.TO,20230911,20.11,20.11,20.08,20.09,2100
EGLX.TO,20230911,0.52,0.58,0.52,0.55,54520
EIF.TO,20230911,47.07,47.32,46.48,46.52,89238
EIF.DB.M.TO,20230911,96,96.75,96,96.75,41000
EIT.PR.A.TO,20230911,24.68,24.7,24.68,24.68,1100
EIT.PR.B.TO,20230911,24.25,24.3,24.25,24.3,1800
EIT.UN.TO,20230911,12.9,12.96,12.85,12.95,203528
ELD.TO,20230911,13,13.51,12.87,13.29,232387
ELEF.TO,20230911,0.255,0.27,0.255,0.27,5043
ELF.TO,20230911,916.49,921.24,916.49,920,331
ELF.PR.F.TO,20230911,19.7,19.85,19.7,19.85,9041
ELF.PR.G.TO,20230911,17.6,17.77,17.6,17.77,1900
ELF.PR.H.TO,20230911,20.22,20.23,20.2,20.23,2800
ELO.TO,20230911,2.15,2.15,2.06,2.08,203208
ELR.TO,20230911,0.1,0.1,0.1,0.1,1000
ELVA.TO,20230911,4.36,4.36,4.16,4.19,10200
EMA.TO,20230911,50.05,50.64,50.05,50.44,419295
EMA.PR.C.TO,20230911,19,19.25,19,19.25,22100
EMA.PR.F.TO,20230911,16.5,16.5,16.45,16.45,800
EMA.PR.H.TO,20230911,19.9,19.9,19.75,19.76,3700
EMA.PR.J.TO,20230911,17.99,18,17.77,17.77,6500
EMA.PR.L.TO,20230911,16.76,16.76,16.7,16.7,8400
EMP.A.TO,20230911,34.85,34.97,34.23,34.79,156696
ENB.TO,20230911,45.77,46.15,45.76,45.79,3099773
ENB.PF.A.TO,20230911,14.6,14.61,14.6,14.6,3000
ENB.PF.C.TO,20230911,14.15,14.15,14.1,14.1,1431
ENB.PF.E.TO,20230911,13.5,13.58,13.5,13.51,3950
ENB.PF.G.TO,20230911,13.42,13.42,13.4,13.4,4345
ENB.PF.K.TO,20230911,18.75,18.75,18.5,18.53,18307
ENB.PF.U.TO,20230911,18.01,18.09,17.98,18.09,2896
ENB.PF.V.TO,20230911,19.34,19.39,19.25,19.25,3225
ENB.PR.A.TO,20230911,20.88,20.88,20.85,20.85,4300
ENB.PR.B.TO,20230911,14.96,15,14.9,15,6830
ENB.PR.D.TO,20230911,15.37,15.37,15.23,15.27,9975
ENB.PR.F.TO,20230911,15.68,15.68,15.59,15.6,6800
ENB.PR.H.TO,20230911,16.95,16.95,16.88,16.88,6502
ENB.PR.J.TO,20230911,15.85,15.87,15.83,15.87,4690
ENB.PR.N.TO,20230911,17.6,17.65,17.59,17.65,1254
ENB.PR.P.TO,20230911,15.84,15.86,15.72,15.72,6233
ENB.PR.T.TO,20230911,15.2,15.21,15.2,15.2,1300
ENB.PR.V.TO,20230911,19.23,19.56,19.23,19.5,10102
ENB.PR.Y.TO,20230911,14.31,14.4,14.3,14.38,6300
ENCC.TO,20230911,11.28,11.28,11.13,11.13,108910
ENGH.TO,20230911,31.7,31.95,31.25,31.86,49172
ENI.UN.TO,20230911,1.67,1.67,1.58,1.58,6600
ENS.TO,20230911,12.45,12.59,12.45,12.58,132332
ENS.PR.A.TO,20230911,9.75,9.75,9.72,9.72,7300
EPRX.TO,20230911,7.83,7.91,7.78,7.89,47543
EQB.TO,20230911,76.4,78.08,76.4,77.33,24921
EQB.PR.C.TO,20230911,22.57,22.57,22.57,22.57,200
EQL.TO,20230911,30.64,30.68,30.52,30.52,4304
EQL.F.TO,20230911,26.55,26.6,26.55,26.56,12445
EQL.U.TO,20230911,22.54,22.54,22.51,22.51,2200
EQX.TO,20230911,6.37,6.51,6.34,6.45,268044
ERD.TO,20230911,0.32,0.325,0.315,0.315,14500
ERE.UN.TO,20230911,2.5,2.5,2.43,2.46,79422
ERO.TO,20230911,25.93,26.31,25.64,26,219489
ESG.TO,20230911,32.28,32.31,32.23,32.31,793
ESGA.TO,20230911,31.92,31.99,31.92,31.99,388
ESGB.TO,20230911,25.89,25.89,25.83,25.83,5249
ESGC.TO,20230911,23.5,23.5,23.5,23.5,2400
ESGE.TO,20230911,30.67,30.67,30.66,30.66,434
ESGF.TO,20230911,23.75,23.75,23.75,23.75,100
ESGG.TO,20230911,38.57,38.63,38.56,38.63,2775
ESGY.TO,20230911,43.23,43.46,43.23,43.46,2601
ESI.TO,20230911,3.55,3.64,3.49,3.55,642638
ESM.TO,20230911,0.035,0.035,0.035,0.035,565153
ESPX.TO,20230911,21.61,21.61,21.57,21.57,850
ET.TO,20230911,12.36,12.44,12.36,12.44,2409
ETC.TO,20230911,5.99,5.99,5.75,5.75,4900
ETG.TO,20230911,1.35,1.35,1.3,1.3,12800
ETHH.TO,20230911,6.55,6.55,6.32,6.34,8568
ETHH.B.TO,20230911,7.52,7.56,7.28,7.29,80810
ETHH.U.TO,20230911,6.96,6.96,6.72,6.72,20880
ETHI.TO,20230911,43.6,43.68,43.6,43.68,623
ETHQ.TO,20230911,8.57,8.57,8.25,8.29,7390
ETHQ.U.TO,20230911,6.16,6.16,6.11,6.11,600
ETHR.TO,20230911,7.51,7.51,7.26,7.26,11943
ETHR.U.TO,20230911,6.74,6.74,6.68,6.68,2500
ETHX.B.TO,20230911,7.79,7.8,7.51,7.52,233533
ETHX.U.TO,20230911,7.18,7.19,6.91,6.91,13033
ETHY.TO,20230911,2.59,2.59,2.48,2.48,44404
ETHY.B.TO,20230911,3.17,3.17,3.05,3.05,6587
ETHY.U.TO,20230911,2.45,2.45,2.4,2.4,984
EVT.TO,20230911,130.71,131.13,130,130,300
EXE.TO,20230911,6.25,6.27,6.15,6.18,150834
EXE.DB.C.TO,20230911,95,95,95,95,8000
EXN.TO,20230911,0.095,0.095,0.09,0.095,20000
EXRO.TO,20230911,2.3,2.32,2.23,2.24,163129
EXRO.WT.TO,20230911,1.08,1.08,1.08,1.08,100
FANS.TO,20230911,0.055,0.055,0.05,0.05,211805
FAP.TO,20230911,2.57,2.57,2.57,2.57,9691
FAR.TO,20230911,1.93,1.97,1.91,1.94,73900
FBT.TO,20230911,25.92,25.92,25.92,25.92,200
FBTC.TO,20230911,11.66,11.67,11.35,11.38,5827
FBTC.U.TO,20230911,8.38,8.38,8.38,8.38,500
FC.TO,20230911,10.59,10.59,10.42,10.49,14027
FCCD.TO,20230911,26.4,26.43,26.3,26.3,2002
FCCQ.TO,20230911,30.39,30.51,30.39,30.44,300
FCCV.TO,20230911,13.38,13.42,13.38,13.38,3434
FCD.UN.TO,20230911,5.26,5.3,5.25,5.25,9643
FCID.TO,20230911,23.94,23.99,23.94,23.99,553
FCIQ.TO,20230911,32.99,32.99,32.93,32.96,1000
FCIV.TO,20230911,31.18,31.44,31.18,31.44,1525
FCQH.TO,20230911,45.21,45.21,45.21,45.21,100
FCR.UN.TO,20230911,13.89,14.04,13.72,13.88,273834
FCRR.TO,20230911,33.83,33.86,33.83,33.86,200
FCU.TO,20230911,0.77,0.8,0.76,0.8,4528800
FCUD.TO,20230911,30.6,30.61,30.58,30.58,838
FCUH.TO,20230911,27.49,27.49,27.49,27.49,200
FCUQ.TO,20230911,48.22,48.22,48.22,48.22,1363
FCUV.TO,20230911,14.42,14.42,14.38,14.38,2129
FCUV.U.TO,20230911,10.6,10.6,10.6,10.6,100
FDY.TO,20230911,0.67,0.7,0.66,0.66,131190
FEC.TO,20230911,10.12,10.2,9.99,10.01,62508
FF.TO,20230911,0.14,0.14,0.135,0.14,341212
FFH.TO,20230911,1108.01,1126.99,1108.01,1120,14687
FFH.PR.C.TO,20230911,17.99,17.99,17.85,17.86,2895
FFH.PR.D.TO,20230911,19.5,19.5,19.3,19.3,5849
FFH.PR.E.TO,20230911,14,14.03,14,14,3400
FFH.PR.F.TO,20230911,16.63,16.64,16.63,16.63,1650
FFH.PR.G.TO,20230911,14.11,14.11,14.07,14.1,1400
FFH.PR.H.TO,20230911,16.8,16.8,16.8,16.8,283
FFH.PR.I.TO,20230911,15.02,15.06,14.94,14.94,2955
FFH.PR.J.TO,20230911,17.77,17.77,17.77,17.77,100
FFH.PR.K.TO,20230911,17.9,17.9,17.8,17.8,1100
FFH.PR.M.TO,20230911,20.24,20.24,19.9,19.99,1350
FFN.TO,20230911,3.24,3.38,3.24,3.34,57509
FFN.PR.A.TO,20230911,9.72,9.74,9.72,9.74,32242
FGB.TO,20230911,17.54,17.54,17.54,17.54,1100
FGGE.TO,20230911,21.8,21.8,21.77,21.8,1138
FGO.TO,20230911,9.75,9.76,9.75,9.76,1500
FHH.TO,20230911,37,37.41,37,37.4,768
FHI.TO,20230911,11.44,11.55,11.44,11.55,1404
FHIS.TO,20230911,20.32,20.32,20.3,20.32,5102
FHQ.TO,20230911,74.43,74.77,74.43,74.68,1000
FIE.TO,20230911,6.45,6.49,6.45,6.49,57238
FIG.TO,20230911,9,9,8.97,8.97,16238
FIH.U.TO,20230911,13.38,13.38,13,13,100233
FIL.TO,20230911,21.1,21.24,19.95,20.09,287527
FLCI.TO,20230911,16.69,16.69,16.69,16.69,467
FLI.TO,20230911,9.68,9.73,9.66,9.67,5914
FLNT.TO,20230911,0.025,0.025,0.025,0.025,3050
FLOW.TO,20230911,0.35,0.35,0.34,0.35,6522
FLSD.TO,20230911,18.42,18.42,18.38,18.38,242
FLUS.TO,20230911,35.49,35.49,35.46,35.46,1500
FLX.TO,20230911,6.8,6.8,6.79,6.79,1805
FM.TO,20230911,35.17,36,34.83,35.19,2685119
FN.TO,20230911,37.53,37.85,37.46,37.57,13705
FNV.TO,20230911,191.29,192.19,190.47,191.76,183405
FOM.TO,20230911,4.03,4.18,3.98,4.04,374621
FOOD.TO,20230911,0.42,0.42,0.385,0.39,60622
FPR.TO,20230911,18.85,18.85,18.83,18.83,1700
FRU.TO,20230911,14.82,14.89,14.58,14.6,225031
FSB.TO,20230911,9.52,9.52,9.48,9.48,4722
FSL.TO,20230911,17.02,17.02,17.01,17.01,400
FSV.TO,20230911,205.76,209.9,205.3,208.48,79229
FSY.TO,20230911,0.54,0.58,0.54,0.55,182703
FSZ.TO,20230911,5.7,5.77,5.65,5.73,118813
FSZ.DB.B.TO,20230911,104,104,104,104,127000
FT.TO,20230911,0.035,0.035,0.03,0.035,75160
FTG.TO,20230911,3.37,3.37,3.29,3.31,5238
FTN.TO,20230911,7.48,7.64,7.43,7.6,220345
FTN.PR.A.TO,20230911,9.56,9.57,9.55,9.56,67772
FTS.TO,20230911,53.39,54.01,53.38,53.95,846699
FTS.PR.F.TO,20230911,19.45,19.64,19.45,19.52,1900
FTS.PR.G.TO,20230911,18.53,18.53,18.48,18.48,9369
FTS.PR.H.TO,20230911,12.1,12.1,12.03,12.03,5600
FTS.PR.I.TO,20230911,15.13,15.13,15.13,15.13,175
FTS.PR.J.TO,20230911,18.65,18.7,18.56,18.56,2628
FTS.PR.K.TO,20230911,16.75,16.75,16.45,16.46,1846
FTS.PR.M.TO,20230911,16.48,16.5,16.47,16.47,6100
FTT.TO,20230911,42.41,42.99,42.26,42.74,172770
FTU.TO,20230911,0.23,0.24,0.23,0.24,2500
FTU.PR.B.TO,20230911,5.71,5.8,5.71,5.75,2910
FURY.TO,20230911,0.52,0.56,0.52,0.52,49959
FVI.TO,20230911,3.82,3.89,3.8,3.82,286678
FVL.TO,20230911,0.42,0.43,0.405,0.405,37300
FXM.TO,20230911,20.95,21,20.95,20.98,500
G.TO,20230911,0.7,0.7,0.7,0.7,23499
GATO.TO,20230911,6.9,7.06,6.9,7.01,2034
GAU.TO,20230911,0.85,0.86,0.84,0.85,4400
GBAL.TO,20230911,42.26,42.27,42.26,42.27,1801
GBT.TO,20230911,14.82,15,14.82,15,1150
GCBD.TO,20230911,17.15,17.15,17.15,17.15,1297
GCG.TO,20230911,43.6,43.6,42.49,42.49,627
GCG.A.TO,20230911,41.2,43,41.2,42.45,3900
GCL.TO,20230911,1.12,1.12,1.09,1.11,14413
GCSC.TO,20230911,21.44,21.44,21.44,21.44,197
GCTB.TO,20230911,50.1,50.16,50.07,50.15,17300
GDC.TO,20230911,2.32,2.32,2.32,2.32,1507
GDEP.TO,20230911,20,20,20,20,1000
GDI.TO,20230911,42.83,42.83,42.39,42.39,10955
GDL.TO,20230911,14.41,14.41,14.27,14.27,1001
GDPY.TO,20230911,20.81,20.81,20.81,20.81,1010
GDV.TO,20230911,8.49,8.76,8.41,8.64,46132
GDV.PR.A.TO,20230911,9.52,9.54,9.52,9.52,13400
GEC.TO,20230911,0.4,0.4,0.4,0.4,11510
GEI.TO,20230911,20.23,20.36,20.18,20.18,687725
GENM.TO,20230911,0.41,0.41,0.39,0.4,33714
GEO.TO,20230911,2.49,2.5,2.48,2.48,7686
GEQT.TO,20230911,48.21,48.31,48.2,48.31,1561
GFL.TO,20230911,44.05,44.97,43.91,44.91,108879
GFP.TO,20230911,1.14,1.14,1.09,1.12,19172
GGD.TO,20230911,1.35,1.39,1.32,1.32,212686
GGRO.TO,20230911,45.24,45.31,45.24,45.31,864
GH.TO,20230911,8.67,8.87,8.67,8.7,3406
GIB.A.TO,20230911,139.4,140.84,138.96,140.61,152230
GIL.TO,20230911,38.68,38.76,38.38,38.49,306338
GIVX.TO,20230911,0.44,0.44,0.425,0.425,17752
GLCC.TO,20230911,22.68,22.79,22.67,22.72,4795
GLO.TO,20230911,1.84,2.04,1.83,2.02,1071737
GLXY.TO,20230911,5.08,5.08,4.81,4.82,248921
GMTN.TO,20230911,0.1,0.1,0.09,0.095,309997
GMX.TO,20230911,0.77,0.77,0.76,0.77,24000
GOLD.TO,20230911,1.12,1.13,1.1,1.12,134476
GOOS.TO,20230911,20.95,21.05,20.5,20.52,344141
GRA.TO,20230911,3.01,3.27,2.96,3.23,142567
GRC.TO,20230911,0.085,0.095,0.085,0.095,3500
GRID.TO,20230911,0.88,0.88,0.86,0.86,1500
GRN.TO,20230911,0.235,0.235,0.225,0.225,26802
GRNI.TO,20230911,26.08,26.08,26.08,26.08,1000
GRT.UN.TO,20230911,74.6,75.47,74.41,74.69,47644
GSY.TO,20230911,120.36,122.3,119.78,121.45,15274
GTE.TO,20230911,8.6,8.66,8.4,8.44,49866
GUD.TO,20230911,4.48,4.58,4.45,4.48,57603
GURU.TO,20230911,2.25,2.27,2.21,2.21,10780
GUTB.U.TO,20230911,50.1,50.1,50.1,50.1,1985
GVC.TO,20230911,0.125,0.125,0.12,0.12,62225
GWO.TO,20230911,39.73,40.36,39.73,40.16,2551158
GWO.PR.G.TO,20230911,18.7,18.9,18.7,18.72,2288
GWO.PR.H.TO,20230911,17.65,17.65,17.65,17.65,400
GWO.PR.I.TO,20230911,16.5,16.6,16.45,16.6,13600
GWO.PR.L.TO,20230911,20.34,20.46,20.27,20.46,750
GWO.PR.M.TO,20230911,21.24,21.25,21.24,21.25,400
GWO.PR.N.TO,20230911,11.85,11.9,11.85,11.85,3700
GWO.PR.P.TO,20230911,19.5,19.5,19.45,19.5,1100
GWO.PR.Q.TO,20230911,18.51,18.51,18.49,18.49,2600
GWO.PR.R.TO,20230911,17.41,17.41,17.31,17.4,2160
GWO.PR.S.TO,20230911,18.9,19,18.9,19,10269
GWO.PR.T.TO,20230911,18.83,18.84,18.83,18.84,528
GWO.PR.Y.TO,20230911,16.49,17.14,16.47,16.99,9113
GXE.TO,20230911,0.85,0.86,0.83,0.84,963154
H.TO,20230911,35.42,35.9,35.35,35.79,1480325
HAB.TO,20230911,9.45,9.45,9.45,9.45,6323
HAI.TO,20230911,3.6,3.6,3.32,3.54,6650
HAL.TO,20230911,18.62,18.66,18.61,18.64,1305
HAZ.TO,20230911,29.59,29.6,29.56,29.58,8118
HBA.TO,20230911,21.54,21.54,21.35,21.41,4554
HBAL.TO,20230911,13.4,13.4,13.37,13.37,715
HBB.TO,20230911,44.56,44.6,44.5,44.57,26673
HBF.TO,20230911,9.35,9.37,9.35,9.36,8409
HBFE.TO,20230911,10.05,10.05,10.05,10.05,200
HBGD.TO,20230911,19.68,19.68,19.5,19.5,530
HBLK.TO,20230911,10.62,10.62,10.61,10.62,960
HBM.TO,20230911,6.54,6.64,6.45,6.47,1705041
HBNK.TO,20230911,19.18,19.22,18.98,19.2,11907
HBP.TO,20230911,0.24,0.25,0.24,0.24,4600
HBU.TO,20230911,10.66,10.66,10.66,10.66,200
HCA.TO,20230911,19.41,19.58,19.35,19.58,2320
HCAL.TO,20230911,18.57,18.73,18.45,18.73,47147
HCLN.TO,20230911,10.14,10.14,10.12,10.13,4595
HCON.TO,20230911,12.23,12.23,12.23,12.23,469
HCRE.TO,20230911,24.07,24.15,24.07,24.15,600
HDIF.TO,20230911,7.76,7.76,7.72,7.74,56594
HDIV.TO,20230911,15.39,15.4,15.32,15.37,58463
HEB.TO,20230911,15.02,15.15,15.02,15.15,7051
HED.TO,20230911,4.87,5.04,4.87,5.04,17838
HEQT.TO,20230911,14.18,14.24,14.18,14.23,8983
HERO.TO,20230911,27.3,27.3,27.3,27.3,175
HEU.TO,20230911,28.93,29.15,27.61,27.67,56746
HEWB.TO,20230911,27.75,27.98,27.75,27.97,1571
HFD.TO,20230911,11.8,11.85,11.63,11.65,4144
HFG.TO,20230911,20.07,20.08,20.06,20.08,798
HFIN.TO,20230911,13.23,13.39,13.2,13.37,829
HFR.TO,20230911,9.77,9.77,9.75,9.75,27560
HFU.TO,20230911,16.94,17.22,16.85,17.17,6555
HGD.TO,20230911,6.27,6.41,6.18,6.35,156615
HGGG.TO,20230911,25.52,25.52,25.52,25.52,1500
HGR.TO,20230911,6.1,6.14,6.1,6.12,2111
HGU.TO,20230911,12.53,12.7,12.49,12.61,160272
HGY.TO,20230911,9.51,9.51,9.5,9.5,1980
HHL.TO,20230911,7.97,8,7.93,7.99,71413
HHL.B.TO,20230911,8.69,8.69,8.68,8.68,200
HHL.U.TO,20230911,8.36,8.39,8.36,8.38,1055
HHLE.TO,20230911,10.07,10.1,10.07,10.09,653
HIG.TO,20230911,8.22,8.31,8.22,8.31,297
HISU.U.TO,20230911,100.19,100.19,100.18,100.19,8011
HIU.TO,20230911,13.53,13.56,13.51,13.51,35861
HIX.TO,20230911,29.64,29.64,29.64,29.64,3000
HLF.TO,20230911,11.51,11.6,11.25,11.25,17956
HLIF.TO,20230911,8.68,8.71,8.68,8.71,710
HLIT.TO,20230911,32.71,32.86,32.71,32.77,381
HLPR.TO,20230911,20.63,20.66,20.63,20.66,500
HLS.TO,20230911,4.75,4.82,4.75,4.82,302
HMAX.TO,20230911,13.91,13.95,13.8,13.94,117697
HMM.A.TO,20230911,8.86,9.3,8.86,9.3,49885
HMMJ.TO,20230911,10.55,11.54,10.55,11.39,39716
HMP.TO,20230911,9.07,9.08,9.07,9.08,4400
HND.TO,20230911,55.38,55.38,53.43,54.3,235487
HNU.TO,20230911,12.73,13.21,12.71,13,2319800
HOD.TO,20230911,7.21,7.35,7.16,7.32,699423
HOM.U.TO,20230911,12.03,12.25,12,12,16380
HOM.UN.TO,20230911,16.27,16.59,16.27,16.27,25908
HOT.UN.TO,20230911,2.03,2.03,2.01,2.01,37663
HOU.TO,20230911,16.88,16.96,16.54,16.63,373008
HPF.TO,20230911,3.61,3.61,3.61,3.61,103
HPR.TO,20230911,7.16,7.16,7.08,7.09,38041
HPS.A.TO,20230911,53.34,55.4,53.27,54.55,31020
HQD.TO,20230911,18.78,18.98,18.6,18.66,469231
HQU.TO,20230911,14.64,14.77,14.49,14.73,761349
HR.UN.TO,20230911,10.28,10.41,10.27,10.3,429567
HRX.TO,20230911,15.75,16,15.75,15.99,8205
HSAV.TO,20230911,108.5,108.65,108.45,108.51,25586
HSD.TO,20230911,24.98,25.16,24.92,24.95,192632
HSH.TO,20230911,54.67,54.67,54.67,54.67,175
HSU.TO,20230911,16.4,16.48,16.34,16.47,357312
HSUV.U.TO,20230911,106.23,106.36,106.15,106.24,12163
HTA.TO,20230911,15.44,15.44,15.28,15.37,10243
HTA.B.TO,20230911,15.77,15.77,15.74,15.74,601
HTAE.TO,20230911,13.66,13.66,13.43,13.55,40207
HTB.TO,20230911,53.76,53.76,53.69,53.73,700
HTL.TO,20230911,1.44,1.44,1.44,1.44,2000
HUBL.U.TO,20230911,11.14,11.14,11.14,11.14,100
HUC.TO,20230911,22.39,22.39,22.34,22.34,200
HUG.TO,20230911,15.36,15.36,15.36,15.36,1100
HULC.TO,20230911,71.83,71.99,71.72,71.99,4831
HULC.U.TO,20230911,53.04,53.04,52.8,52.94,10599
HUM.TO,20230911,24.16,24.16,24.02,24.02,200
HUN.TO,20230911,11.4,11.4,11.32,11.35,803
HURA.TO,20230911,28.8,29.2,28.8,29.19,1076
HUT.TO,20230911,3.01,3.05,2.88,2.91,1512189
HUTL.TO,20230911,16.19,16.21,16.1,16.1,12769
HUTS.TO,20230911,11.85,11.89,11.85,11.86,977
HUV.TO,20230911,14.85,15.05,14.69,14.77,71729
HUZ.TO,20230911,10.63,10.63,10.6,10.6,768
HWO.TO,20230911,1.37,1.38,1.34,1.35,3700
HWX.TO,20230911,7.2,7.35,7.19,7.19,419953
HXCN.TO,20230911,31.9,31.91,31.85,31.86,3000
HXD.TO,20230911,7.01,7.07,6.97,7,138520
HXDM.TO,20230911,40.56,40.7,40.56,40.7,9615
HXE.TO,20230911,34.45,34.45,33.64,33.64,985
HXEM.TO,20230911,32.09,32.11,32.09,32.11,355
HXF.TO,20230911,59.1,59.1,59.09,59.09,1375
HXH.TO,20230911,43.86,43.95,43.86,43.9,1553
HXQ.TO,20230911,59.6,59.93,59.37,59.93,17783
HXQ.U.TO,20230911,43.88,44.11,43.88,44.11,810
HXS.TO,20230911,61.59,61.69,61.48,61.63,21798
HXS.U.TO,20230911,45.39,45.39,45.25,45.39,946
HXT.TO,20230911,50.41,50.58,50.23,50.5,161266
HXT.U.TO,20230911,37.19,37.19,37.19,37.19,100
HXU.TO,20230911,18.49,18.61,18.37,18.55,23866
HXX.TO,20230911,42.62,42.62,42.62,42.62,135
HYBR.TO,20230911,7.32,7.32,7.29,7.29,1717
HYLD.TO,20230911,12.29,12.31,12.26,12.31,51371
HYLD.U.TO,20230911,12.49,12.51,12.49,12.51,822
HZD.TO,20230911,15.26,15.46,15.23,15.34,20302
HZU.TO,20230911,19.99,20,19.69,19.84,63900
IAF.PR.B.TO,20230911,18.34,18.42,18.34,18.4,1400
IAG.TO,20230911,84.4,85.57,84.4,85.06,136976
IAU.TO,20230911,2.5,2.56,2.46,2.49,415441
ICPB.TO,20230911,9.14,9.16,9.14,9.16,16100
IDIV.B.TO,20230911,11.9,11.9,11.9,11.9,600
IE.TO,20230911,21.43,21.43,21.23,21.23,480
IFA.TO,20230911,1.2,1.2,1.2,1.2,21600
IFC.TO,20230911,193.25,194.53,192.56,194.29,231014
IFC.PR.A.TO,20230911,15.88,15.93,15.86,15.86,3450
IFC.PR.C.TO,20230911,17.81,17.81,17.55,17.55,1900
IFC.PR.F.TO,20230911,19.55,19.55,19.5,19.5,1560
IFC.PR.G.TO,20230911,19.55,19.55,19.47,19.47,7850
IFC.PR.I.TO,20230911,20,20,19.88,19.99,1000
IFC.PR.K.TO,20230911,19.62,19.62,19.62,19.62,200
IFP.TO,20230911,21.67,21.78,21.23,21.26,154627
IFRF.TO,20230911,8.76,8.76,8.73,8.73,200
IGAF.TO,20230911,12.3,12.3,12.3,12.3,500
IGB.TO,20230911,17.29,17.29,17.29,17.29,800
IGM.TO,20230911,37.49,38.04,37.49,37.64,130186
III.TO,20230911,2.2,2.2,2.18,2.18,26700
IIP.UN.TO,20230911,12.63,12.75,12.58,12.59,101658
ILGB.TO,20230911,8.38,8.39,8.36,8.37,1722
ILLM.TO,20230911,2.2,2.21,2.09,2.16,133556
IMG.TO,20230911,3.05,3.09,3.02,3.03,426020
IMO.TO,20230911,79.5,79.97,78.06,78.19,966031
INC.UN.TO,20230911,7.87,8.3,7.87,8,4229
INE.TO,20230911,12.37,12.52,12.25,12.42,326617
INE.DB.B.TO,20230911,95.25,95.25,94,94,44000
INE.DB.C.TO,20230911,92.82,92.82,92.6,92.6,20999
INO.UN.TO,20230911,3.27,3.28,3.2,3.24,16991
INOC.TO,20230911,12.98,12.98,12.98,12.98,800
IPCO.TO,20230911,13.21,13.25,13.04,13.04,39730
IPO.TO,20230911,2.7,2.74,2.68,2.68,177896
IQD.TO,20230911,30.89,30.95,30.89,30.95,3400
IQD.B.TO,20230911,26.99,27.04,26.96,27.04,1000
ISV.TO,20230911,24.04,24.46,23.52,24.3,15997
ITE.TO,20230911,0.22,0.22,0.22,0.22,306119
IVN.TO,20230911,11.78,11.92,11.74,11.87,752754
IVQ.TO,20230911,0.54,0.67,0.54,0.55,65479
IVQ.DB.U.TO,20230911,70,72,65,72,117000
IVQ.DB.V.TO,20230911,61.01,65,60,65,32000
IVQ.U.TO,20230911,0.435,0.52,0.42,0.42,50650
JAG.TO,20230911,1.4,1.42,1.37,1.37,16165
JAPN.TO,20230911,39.38,39.52,39.13,39.52,2811
JAPN.B.TO,20230911,29.69,29.8,29.69,29.79,1200
JFS.UN.TO,20230911,23.87,23.91,23.8,23.91,1900
JOY.TO,20230911,5.71,5.79,5.58,5.59,214090
JWEL.TO,20230911,25.5,25.87,25.37,25.66,61859
K.TO,20230911,6.54,6.57,6.46,6.53,1520323
KBL.TO,20230911,33.57,34.24,33.29,34.12,3817
KEC.TO,20230911,12.97,13.27,12.97,13.27,2836
KEG.UN.TO,20230911,14.48,14.51,14.37,14.4,7190
KEI.TO,20230911,5.81,5.9,5.81,5.9,5381
KEL.TO,20230911,7.31,7.38,7.25,7.32,333975
KEY.TO,20230911,33,33.1,32.71,32.78,1202731
KILO.TO,20230911,28.78,28.8,28.72,28.72,7172
KILO.B.TO,20230911,31.16,31.16,31.16,31.16,104
KILO.U.TO,20230911,29.89,29.89,29.89,29.89,400
KITS.TO,20230911,4.94,4.95,4.94,4.95,432
KLS.TO,20230911,0.325,0.34,0.32,0.34,6500
KMP.UN.TO,20230911,18.26,18.47,18.17,18.28,102739
KNT.TO,20230911,6.05,6.16,5.98,6.1,537605
KPT.TO,20230911,10.16,10.16,10.07,10.11,1935
KRN.TO,20230911,0.25,0.27,0.25,0.27,34735
KRR.TO,20230911,4.14,4.2,4.08,4.14,466408
KSI.TO,20230911,3.04,3.08,3.02,3.08,3540
KXS.TO,20230911,162.28,165.23,160.76,164.3,47027
L.TO,20230911,118.66,119.1,117.85,118.58,150550
L.PR.B.TO,20230911,20.75,21.1,20.75,21.1,6079
LABS.TO,20230911,0.085,0.095,0.085,0.09,1430399
LAC.TO,20230911,24.9,26.71,24.87,25.99,827884
LAM.TO,20230911,0.58,0.59,0.57,0.59,121390
LAS.A.TO,20230911,127.61,127.61,127.61,127.61,463
LB.TO,20230911,36.72,36.75,35.69,35.8,263441
LB.PR.H.TO,20230911,15.61,15.65,15.6,15.6,2200
LBS.TO,20230911,7.68,7.74,7.5,7.7,49257
LBS.PR.A.TO,20230911,10.02,10.05,10.02,10.05,50282
LCFS.TO,20230911,8.2,8.31,8.12,8.3,4904
LCS.TO,20230911,5.7,5.88,5.7,5.86,16033
LCS.PR.A.TO,20230911,9.97,10.32,9.91,9.99,17400
LEV.TO,20230911,2.95,3.08,2.91,3.03,460647
LEV.WT.TO,20230911,0.24,0.24,0.24,0.24,2500
LEV.WT.A.TO,20230911,0.75,0.86,0.75,0.86,2000
LFE.TO,20230911,3.11,3.25,3.11,3.22,8701
LFE.PR.B.TO,20230911,10.2,10.5,10.13,10.5,11347
LGD.TO,20230911,0.3,0.3,0.29,0.295,1900803
LGO.TO,20230911,4.56,4.58,4.39,4.44,55879
LIF.TO,20230911,31.33,31.79,31.3,31.69,61764
LIFE.TO,20230911,21.03,21.18,21,21.15,5206
LIRC.TO,20230911,11.79,11.97,11.5,11.84,46791
LN.TO,20230911,0.28,0.285,0.27,0.27,21233
LNF.TO,20230911,19.32,19.39,18.8,19.15,9225
LNR.TO,20230911,68.79,69.65,68.65,69.02,46255
LPEN.TO,20230911,0.52,0.52,0.5,0.5,21522
LSPD.TO,20230911,21.84,22.17,21.31,22,365932
LUC.TO,20230911,0.405,0.4125,0.39,0.405,29500
LUG.TO,20230911,14.92,15.19,14.91,15.03,192206
LUN.TO,20230911,10.63,10.72,10.52,10.59,1542151
LYCT.TO,20230911,10.23,10.23,10.23,10.23,2085
LYFR.TO,20230911,10.12,10.12,10.12,10.12,737
MAG.TO,20230911,14.22,14.55,14.22,14.47,176413
MAL.TO,20230911,7.26,7.4,7.2,7.25,5278
MARI.TO,20230911,4.14,4.15,4.02,4.15,2400
MATR.TO,20230911,18.54,18.96,18.26,18.34,226168
MBX.TO,20230911,0.305,0.31,0.305,0.305,13197
MCB.TO,20230911,1.51,1.51,1.5,1.5,9200
MCLC.TO,20230911,33.88,33.88,33.88,33.88,100
MCON.TO,20230911,19.66,19.66,19.66,19.66,1400
MCSB.TO,20230911,18.7,18.71,18.7,18.7,900
MCSM.TO,20230911,36.58,36.58,36.58,36.58,351
MDA.TO,20230911,10.95,11.4,10.95,11.34,236814
MDI.TO,20230911,8.59,8.73,8.58,8.61,63089
MDNA.TO,20230911,0.41,0.425,0.405,0.42,191077
MDP.TO,20230911,3.39,3.45,3.31,3.35,67791
MEE.TO,20230911,24.14,24.14,24.12,24.12,555
MEG.TO,20230911,26,26,25.18,25.25,1661841
MEQ.TO,20230911,136.24,136.24,135,135.58,900
MEU.TO,20230911,21.27,21.29,21.27,21.29,300
MFC.TO,20230911,25.26,25.74,25.25,25.52,3430957
MFC.PR.B.TO,20230911,17.18,17.51,17.18,17.28,25025
MFC.PR.C.TO,20230911,16.76,17.06,16.76,17,4918
MFC.PR.F.TO,20230911,12.4,12.42,12.4,12.4,700
MFC.PR.I.TO,20230911,20.1,20.1,20.1,20.1,600
MFC.PR.J.TO,20230911,19.95,19.95,19.85,19.85,1400
MFC.PR.K.TO,20230911,19.9,19.9,19.8,19.8,5700
MFC.PR.L.TO,20230911,17,17.2,16.85,16.85,3000
MFC.PR.M.TO,20230911,16.95,17.02,16.9,16.9,1300
MFC.PR.N.TO,20230911,16.83,16.91,16.82,16.88,37100
MFC.PR.Q.TO,20230911,19.57,19.57,19.55,19.55,3200
MFI.TO,20230911,28.07,28.2,27.69,27.86,86505
MFT.TO,20230911,17.47,17.52,17.47,17.47,9062
MG.TO,20230911,78.47,78.62,77.32,78.16,325273
MGA.TO,20230911,0.295,0.3,0.285,0.3,726736
MGB.TO,20230911,16.05,16.07,15.99,16.07,10080
MGRW.TO,20230911,23.44,23.44,23.44,23.44,100
MHC.U.TO,20230911,16,16,15.85,15.85,600
MHC.UN.TO,20230911,21.8,21.8,21.5,21.5,700
MHCD.TO,20230911,11,11.03,11,11.01,2250
MI.UN.TO,20230911,13.12,13.33,13.07,13.1,85621
MIC.PR.A.TO,20230911,18.3,18.31,18.2,18.31,2600
MID.UN.TO,20230911,7,7,7,7,100
MIN.TO,20230911,0.175,0.18,0.175,0.18,48522
MINN.TO,20230911,14.24,14.24,14.24,14.24,150
MIVG.TO,20230911,28.8,28.8,28.8,28.8,200
MKB.TO,20230911,18.18,18.21,18.18,18.18,18566
MKC.TO,20230911,29.8,29.9,29.8,29.9,1100
MKP.TO,20230911,16.3,16.39,16.27,16.32,14411
MKZ.UN.TO,20230911,0.39,0.4,0.39,0.39,4000
MMP.UN.TO,20230911,2,2,2,2,140
MND.TO,20230911,1.44,1.55,1.44,1.54,14277
MNO.TO,20230911,0.39,0.39,0.37,0.385,200000
MNS.TO,20230911,17.19,17.19,17.19,17.19,200
MNT.TO,20230911,26.28,26.3,26.13,26.13,3978
MNU.U.TO,20230911,100.04,100.04,100.04,100.04,4000
MNY.TO,20230911,100.16,100.17,100.15,100.17,4163
MOGO.TO,20230911,2.22,2.25,2.13,2.15,38522
MPCT.UN.TO,20230911,9.8,9.8,9.3,9.41,20741
MPVD.TO,20230911,0.415,0.425,0.4,0.415,250757
MR.DB.B.TO,20230911,89.35,89.35,87,87,20000
MR.UN.TO,20230911,4.68,4.69,4.62,4.62,1001
MRC.TO,20230911,102.49,102.66,102.12,102.12,761
MRD.TO,20230911,12.17,12.28,12.16,12.16,11109
MRE.TO,20230911,13.37,13.65,13.37,13.47,123042
MREL.TO,20230911,11.81,11.84,11.78,11.78,8494
MRG.UN.TO,20230911,15.56,15.69,15.52,15.68,22121
MRT.DB.A.TO,20230911,91.27,91.27,91.27,91.27,10000
MRT.UN.TO,20230911,5.54,5.57,5.54,5.57,4202
MRU.TO,20230911,70.84,71.04,70.47,70.56,333138
MSA.TO,20230911,0.6,0.6,0.6,0.6,6100
MTL.TO,20230911,14.07,14.27,14.02,14.18,130893
MTY.TO,20230911,64.69,64.9,63.35,63.97,29466
MUB.TO,20230911,17.76,17.81,17.76,17.76,13788
MULC.TO,20230911,41.76,41.76,41.76,41.76,3400
MULC.B.TO,20230911,45.57,45.59,45.57,45.59,228
MUS.TO,20230911,32.24,32.3,32.24,32.26,2700
MUSA.TO,20230911,15.25,15.27,15.25,15.27,4200
MUX.TO,20230911,9.65,9.7,9.39,9.47,9627
MWD.TO,20230911,26.53,26.71,26.53,26.71,10525
MX.TO,20230911,56.5,56.98,55.21,55.21,50464
MXG.TO,20230911,5.07,5.07,4.95,4.95,13279
MXU.TO,20230911,21.26,21.27,21.26,21.27,1000
NA.TO,20230911,92.73,93.56,92.21,93.37,1115841
NA.PR.C.TO,20230911,24.62,24.7,24.62,24.66,3000
NA.PR.E.TO,20230911,20.27,20.35,20.27,20.29,2600
NA.PR.G.TO,20230911,21.3,21.55,21.3,21.5,600
NA.PR.S.TO,20230911,17.11,17.2,17.11,17.15,1110
NA.PR.W.TO,20230911,15.96,15.96,15.91,15.91,1000
NALT.TO,20230911,23.94,23.97,23.9,23.97,2345
NANO.TO,20230911,2.39,2.48,2.37,2.42,60984
NCP.TO,20230911,0.025,0.025,0.025,0.025,31900
NCU.TO,20230911,0.15,0.155,0.145,0.15,183481
NDM.TO,20230911,0.39,0.445,0.39,0.44,281935
NEO.TO,20230911,8.75,9,8.71,8.84,68407
NEXT.TO,20230911,1.6,1.6,1.54,1.56,25685
NFI.TO,20230911,12.49,12.9,12.31,12.85,170688
NFI.DB.TO,20230911,80.9,80.9,80.9,80.9,25000
NG.TO,20230911,5.43,5.55,5.32,5.35,109708
NGD.TO,20230911,1.35,1.39,1.34,1.35,400131
NGT.TO,20230911,53.07,53.23,52.64,52.81,89854
NOA.TO,20230911,32.87,32.87,31.9,32.03,29263
NOVB.F.TO,20230911,37.11,37.11,37.11,37.11,174
NOVC.TO,20230911,0.54,0.55,0.52,0.52,16910
NPI.TO,20230911,24.05,24.54,23.78,24.39,660381
NPI.PR.A.TO,20230911,14.18,14.27,14.18,14.27,4100
NPI.PR.B.TO,20230911,17.18,17.18,17,17,517
NPK.TO,20230911,2.9,2.95,2.8,2.87,25741
NPRF.TO,20230911,18.65,18.66,18.61,18.66,1000
NRR.UN.TO,20230911,12.11,12.11,11.95,11.95,2632
NSCB.TO,20230911,21.43,21.43,21.33,21.35,1444
NSCC.TO,20230911,20.79,20.8,20.79,20.8,300
NSCE.TO,20230911,34.41,34.45,34.41,34.45,872
NSSB.TO,20230911,9.51,9.52,9.48,9.48,1437
NTR.TO,20230911,85.81,86.46,85.2,85.29,782985
NUAG.TO,20230911,3.13,3.27,3.11,3.11,20736
NUBF.TO,20230911,20.62,20.62,20.56,20.56,1675
NUMI.TO,20230911,0.195,0.195,0.185,0.195,325796
NUSA.TO,20230911,35.56,35.56,35.56,35.56,100
NVA.TO,20230911,13.08,13.19,12.88,12.95,307301
NVEI.TO,20230911,24.87,24.87,24.16,24.58,224864
NVO.TO,20230911,0.2,0.21,0.19,0.19,141365
NWC.TO,20230911,29.92,30.09,29.58,29.98,84777
NWH.DB.G.TO,20230911,99.23,99.23,99.23,99.23,6000
NWH.DB.H.TO,20230911,88.78,89.66,88.01,89.4,50000
NWH.DB.I.TO,20230911,96.25,96.25,95.75,96,49000
NWH.UN.TO,20230911,6.75,6.79,6.65,6.68,1496620
NXE.TO,20230911,7.49,7.73,7.46,7.72,1998667
NXF.TO,20230911,6.48,6.5,6.39,6.39,33484
NXF.B.TO,20230911,8.34,8.34,8.23,8.23,1351
NXF.U.TO,20230911,11.72,11.72,11.72,11.72,100
NXR.UN.TO,20230911,7.78,7.9,7.73,7.85,101690
OBE.TO,20230911,10.3,10.34,10.05,10.1,168880
OGC.TO,20230911,2.99,2.99,2.79,2.82,1494185
OGD.TO,20230911,0.67,0.68,0.67,0.68,12936
OGI.TO,20230911,2.14,2.59,2.14,2.53,446614
OLA.TO,20230911,6.07,6.3,5.99,6.04,717006
OLY.TO,20230911,93.76,94,93.75,93.75,1035
ONC.TO,20230911,3,3.15,2.99,3.12,68491
ONEX.TO,20230911,84.01,85.43,84.01,85.21,81724
OR.TO,20230911,17.46,17.59,17.32,17.4,157942
ORA.TO,20230911,8.72,8.8,8.62,8.7,5353
ORE.TO,20230911,0.91,0.95,0.91,0.94,175967
ORV.TO,20230911,0.175,0.175,0.175,0.175,1000
OSK.TO,20230911,2.71,2.77,2.67,2.73,690587
OTEX.TO,20230911,53.6,53.79,53.02,53.55,244311
OVV.TO,20230911,62.62,63,61.46,61.99,304493
PAAS.TO,20230911,21.33,21.52,21.2,21.41,263265
PAY.TO,20230911,7.13,7.18,7.09,7.11,53663
PAYF.TO,20230911,18.39,18.39,18.18,18.19,2050
PBH.TO,20230911,102.62,104.16,102.62,103.68,17229
PBH.DB.G.TO,20230911,97.5,97.5,97.25,97.25,48000
PBH.DB.H.TO,20230911,92,92,92,92,25000
PBH.DB.I.TO,20230911,94.19,94.4,93.7,93.7,46999
PBL.TO,20230911,26.6,26.6,26.6,26.6,263
PBY.UN.TO,20230911,14.11,14.4,14.11,14.32,3725
PCOR.TO,20230911,17.6,17.6,17.53,17.53,800
PD.TO,20230911,96.89,97,93.57,93.63,77777
PDC.TO,20230911,29.01,29.16,28.96,29.08,17613
PDF.TO,20230911,29.25,29.27,29.19,29.24,4000
PDIV.TO,20230911,9.76,9.76,9.58,9.6,15571
PDV.TO,20230911,4.69,4.8,4.53,4.53,918
PDV.PR.A.TO,20230911,10.02,10.02,10.02,10.02,700
PEA.TO,20230911,0.6,0.6,0.58,0.58,33232
PET.TO,20230911,25.6,26,25.55,25.76,60325
PEY.TO,20230911,12.74,12.89,12.68,12.74,915870
PFAA.TO,20230911,10.36,10.36,10.36,10.36,2527
PFH.F.TO,20230911,17.2,17.2,17.2,17.2,100
PFIA.TO,20230911,9.6,9.64,9.6,9.6,17900
PFL.TO,20230911,19.68,19.68,19.66,19.68,3497
PFLS.TO,20230911,15.57,15.61,15.49,15.5,2262
PFMN.TO,20230911,13.68,13.74,13.68,13.71,42450
PGI.UN.TO,20230911,7.05,7.11,7.05,7.06,49640
PHR.TO,20230911,18.33,18.33,18.33,18.33,100
PHX.TO,20230911,7.81,7.87,7.67,7.75,226387
PHYS.TO,20230911,20.38,20.45,20.34,20.4,14922
PHYS.U.TO,20230911,15.05,15.05,15,15,200
PIC.A.TO,20230911,4,4.01,3.99,4,20260
PIC.PR.A.TO,20230911,13.41,13.47,13.33,13.37,25357
PID.TO,20230911,20.84,20.97,20.84,20.93,9009
PIF.TO,20230911,15.21,15.63,15.15,15.59,34544
PINC.TO,20230911,17.16,17.16,17.16,17.16,1300
PIX.UN.TO,20230911,7.7,7.7,7.62,7.62,18800
PKI.TO,20230911,39.5,39.88,38.97,39.47,358669
PLC.TO,20230911,21.87,22.35,21.52,21.53,43933
PLC.DB.TO,20230911,98,98,98,98,10000
PLV.TO,20230911,21.88,21.88,21.88,21.88,112
PLZ.UN.TO,20230911,3.86,3.9,3.84,3.86,39967
PME.TO,20230911,2.39,2.42,2.38,2.4,2210
PMIF.TO,20230911,17.86,17.87,17.84,17.87,33945
PMIF.U.TO,20230911,18.82,18.92,18.82,18.92,8400
PMM.TO,20230911,20.6,20.6,20.56,20.56,1200
PMNT.TO,20230911,19.19,19.19,19.19,19.19,1300
PMT.TO,20230911,0.59,0.65,0.59,0.65,67366
PMZ.UN.TO,20230911,13.63,13.77,13.57,13.64,246597
PNE.TO,20230911,1.39,1.39,1.37,1.37,152214
PNP.TO,20230911,4.2,4.25,4.2,4.24,900
POU.TO,20230911,33.38,33.7,32.88,32.94,110221
POW.TO,20230911,37.09,37.63,37.09,37.49,1607951
POW.PR.A.TO,20230911,20.82,20.82,20.75,20.8,834
POW.PR.B.TO,20230911,19.45,19.45,19.45,19.45,200
POW.PR.C.TO,20230911,21.62,21.63,21.62,21.63,500
POW.PR.D.TO,20230911,18.6,18.6,18.45,18.5,4550
POW.PR.G.TO,20230911,20.49,20.5,20.49,20.5,2700
PPL.TO,20230911,41.92,42.13,41.67,41.73,2149125
PPL.PF.A.TO,20230911,19.5,19.65,19.4,19.4,5644
PPL.PF.E.TO,20230911,20.4,20.5,20.32,20.33,5200
PPL.PR.A.TO,20230911,17.35,17.45,17.35,17.41,6400
PPL.PR.C.TO,20230911,16.39,16.67,16.37,16.39,1500
PPL.PR.E.TO,20230911,16.55,16.76,16.54,16.54,31338
PPL.PR.G.TO,20230911,16.03,16.03,15.86,15.86,5899
PPL.PR.I.TO,20230911,18.05,18.05,18.05,18.05,500
PPL.PR.O.TO,20230911,18.35,18.46,18.35,18.39,2100
PPL.PR.Q.TO,20230911,17.52,17.52,17.52,17.52,200
PPL.PR.S.TO,20230911,20.2,20.23,20.2,20.23,2400
PPR.TO,20230911,0.105,0.105,0.1,0.105,103014
PPTA.TO,20230911,4.47,4.72,4.4,4.65,7858
PR.TO,20230911,7.81,7.81,7.78,7.78,2300
PRA.TO,20230911,27,27.01,26.9,26.9,2578
PRB.TO,20230911,1.52,1.53,1.49,1.5,33804
PRL.TO,20230911,9.14,9.16,9.1,9.1,5005
PRMW.TO,20230911,20.31,20.45,20.17,20.19,130696
PRN.TO,20230911,12.26,12.26,12.02,12.02,856
PRQ.TO,20230911,1.52,1.52,1.48,1.48,12191
PRU.TO,20230911,1.52,1.52,1.51,1.52,103700
PRV.UN.TO,20230911,4.76,4.91,4.76,4.86,65715
PSA.TO,20230911,50.09,50.09,50.08,50.09,44747
PSB.TO,20230911,16.59,16.63,16.59,16.63,1602
PSD.TO,20230911,1.99,2.01,1.96,1.97,11016
PSI.TO,20230911,14.31,14.45,14.07,14.2,63002
PSK.TO,20230911,25.8,25.8,25.13,25.2,200863
PSLV.TO,20230911,10.74,10.74,10.63,10.67,52220
PSLV.U.TO,20230911,7.85,7.85,7.84,7.84,4602
PSU.U.TO,20230911,100.18,100.19,100.18,100.19,2143
PTI.UN.TO,20230911,6.37,6.39,6.3,6.39,19500
PTM.TO,20230911,1.68,1.68,1.66,1.68,2646
PTO.UN.TO,20230911,6.9,6.92,6.9,6.92,4300
PVS.PR.F.TO,20230911,24.27,24.27,24.27,24.27,400
PVS.PR.G.TO,20230911,23.85,23.95,23.85,23.95,600
PVS.PR.H.TO,20230911,22.82,22.9,22.5,22.5,3200
PVS.PR.I.TO,20230911,23.96,23.96,23.72,23.72,1600
PVS.PR.J.TO,20230911,21.54,21.54,21.54,21.54,700
PVS.PR.K.TO,20230911,21.1,21.1,20.9,20.9,1000
PWF.PF.A.TO,20230911,16.55,16.55,16.5,16.5,1746
PWF.PR.A.TO,20230911,12.5,12.5,12.4,12.4,1200
PWF.PR.E.TO,20230911,19.84,19.86,19.8,19.85,2948
PWF.PR.F.TO,20230911,18.96,19.05,18.96,19,1200
PWF.PR.G.TO,20230911,21.26,21.26,21.26,21.26,100
PWF.PR.H.TO,20230911,20.66,20.66,20.65,20.65,500
PWF.PR.K.TO,20230911,18,18,17.98,17.99,610
PWF.PR.L.TO,20230911,18.5,18.53,18.5,18.53,494
PWF.PR.O.TO,20230911,20.9,20.94,20.88,20.89,2700
PWF.PR.P.TO,20230911,11.85,11.85,11.81,11.81,4800
PWF.PR.Q.TO,20230911,15.05,15.2,15.05,15.2,500
PWF.PR.R.TO,20230911,19.85,19.85,19.8,19.8,700
PWF.PR.S.TO,20230911,17.45,17.61,17.4,17.51,4300
PWF.PR.T.TO,20230911,18.27,18.3,18.27,18.3,1200
PWF.PR.Z.TO,20230911,18.7,18.7,18.69,18.7,1700
PWI.TO,20230911,5.89,6,5.83,6,4900
PXC.TO,20230911,34.44,34.46,34.36,34.36,2200
PXT.TO,20230911,26.13,26.31,25.5,25.54,193640
PYF.TO,20230911,17.25,17.25,17.25,17.25,1064
PYR.TO,20230911,0.82,0.82,0.8,0.81,77645
PZA.TO,20230911,14.16,14.4,14.16,14.33,34035
QBB.TO,20230911,88.46,88.55,88.41,88.41,2600
QBR.A.TO,20230911,29.75,29.75,29.75,29.75,120
QBR.B.TO,20230911,29.53,29.86,29.42,29.44,575353
QBTC.TO,20230911,34.45,34.7,33.34,33.77,12555
QBTC.U.TO,20230911,25.6,25.69,24.62,24.83,2725
QBTL.TO,20230911,18.07,18.1,18.01,18.1,12302
QCE.TO,20230911,122.47,122.47,122.47,122.47,100
QCN.TO,20230911,123.24,123.89,123.24,123.89,593
QDX.TO,20230911,104.8,105,104.71,105,2406
QDXB.TO,20230911,85.48,85.48,85.45,85.45,300
QDXH.TO,20230911,117.65,117.65,117.64,117.64,700
QEBL.TO,20230911,79.11,79.11,79.11,79.11,109
QEC.TO,20230911,0.21,0.21,0.21,0.21,1870
QEE.TO,20230911,85.71,85.71,85.71,85.71,197
QETH.U.TO,20230911,24.1,24.1,23.42,23.58,4099
QETH.UN.TO,20230911,33.6,33.6,31.7,32,6344
QIE.TO,20230911,28.88,28.91,28.88,28.91,1200
QIPT.TO,20230911,7.52,7.93,7.5,7.7,131085
QQC.TO,20230911,24.88,25.08,24.88,25.07,1597
QQC.F.TO,20230911,124.07,124.49,123.36,124.48,6165
QQCC.TO,20230911,11.02,11.03,10.99,11.03,21188
QQCE.TO,20230911,20.97,21.04,20.92,21.04,500
QQEQ.TO,20230911,22.89,22.89,22.89,22.89,2000
QRC.TO,20230911,0.65,0.65,0.65,0.65,8900
QSB.TO,20230911,94.3,94.3,94.29,94.29,1500
QSR.TO,20230911,91.96,92.24,90.14,90.82,770066
QTRH.TO,20230911,1.46,1.49,1.46,1.49,39883
QTRH.DB.TO,20230911,85.9,85.9,85.5,85.52,26000
QUB.TO,20230911,80.01,80.01,80.01,80.01,300
QUU.TO,20230911,173.67,174.39,173.67,174.34,1795
QXM.TO,20230911,26.05,26.22,26.05,26.22,313
RA.UN.TO,20230911,7.68,7.68,7.68,7.68,5899
RAY.A.TO,20230911,5.06,5.19,5.05,5.18,12738
RAY.B.TO,20230911,5.04,5.35,5.04,5.1,2700
RBA.TO,20230911,90.26,90.59,89.61,90.42,105060
RBN.UN.TO,20230911,7.5,7.57,7.5,7.57,1100
RBNK.TO,20230911,21.74,21.91,21.65,21.91,6355
RBOT.TO,20230911,25.22,25.22,25.22,25.22,344
RBY.TO,20230911,2.25,2.53,2.25,2.43,267895
RCD.TO,20230911,23.83,23.84,23.82,23.84,1046
RCG.TO,20230911,6.43,6.43,6.34,6.34,7672
RCG.PR.B.TO,20230911,10.46,10.5,10.45,10.5,600
RCH.TO,20230911,41.83,42.07,41.37,41.77,42469
RCI.A.TO,20230911,53.7,54,53.7,54,1150
RCI.B.TO,20230911,52.9,53.88,52.89,53.83,2955378
REAL.TO,20230911,6.25,6.43,6.16,6.22,70460
REI.UN.TO,20230911,19.15,19.31,19.06,19.13,250886
RGQL.TO,20230911,19.97,19.98,19.97,19.98,1360
RGQN.TO,20230911,19.7,19.7,19.7,19.7,525
RGQO.TO,20230911,19.5,19.5,19.5,19.5,697
RGQP.TO,20230911,19.33,19.33,19.33,19.33,122
RGQR.TO,20230911,19.03,19.03,19.03,19.03,390
RID.TO,20230911,23.14,23.14,23.14,23.14,130
RIIN.TO,20230911,18.06,18.1,18.06,18.1,1000
RIT.TO,20230911,15.59,15.66,15.57,15.57,18265
RLB.TO,20230911,17.72,17.72,17.72,17.72,175
ROOT.TO,20230911,2.94,2.94,2.9,2.9,4300
RPF.TO,20230911,16.9,16.9,16.86,16.88,7138
RPI.UN.TO,20230911,31.97,31.97,31.9,31.9,505
RQL.TO,20230911,19.95,19.96,19.93,19.94,200315
RQN.TO,20230911,19.65,19.66,19.65,19.66,12194
RQO.TO,20230911,17.6,17.63,17.59,17.61,179000
RQP.TO,20230911,17.07,17.08,17.07,17.07,900
RQQ.TO,20230911,20.41,20.41,20.41,20.41,600
RS.TO,20230911,13.53,13.53,13.21,13.22,7143
RS.PR.A.TO,20230911,9.61,9.61,9.59,9.6,621
RSI.TO,20230911,5.62,5.66,5.62,5.66,59152
RSI.DB.F.TO,20230911,96.51,96.51,96,96,11000
RUD.TO,20230911,53.58,53.58,53.1,53.12,1471
RUD.U.TO,20230911,39.14,39.14,39.14,39.14,100
RUDH.TO,20230911,37.39,37.39,37.39,37.39,111
RUP.TO,20230911,3.36,3.48,3.18,3.22,99988
RUS.TO,20230911,38.52,38.73,38.18,38.48,130405
RUSB.U.TO,20230911,14.88,14.88,14.88,14.88,2438
RVX.TO,20230911,0.07,0.075,0.07,0.075,111563
RY.TO,20230911,120.21,120.8,119.39,120.4,1138104
RY.PR.H.TO,20230911,17,17.08,16.95,17.02,9400
RY.PR.J.TO,20230911,17.33,17.49,17.33,17.37,1900
RY.PR.M.TO,20230911,16.53,16.79,16.53,16.63,3140
RY.PR.N.TO,20230911,21.2,21.2,21.2,21.2,500
RY.PR.O.TO,20230911,21.2,21.2,21.2,21.2,4004
RY.PR.S.TO,20230911,19.9,19.94,19.85,19.86,4600
S.TO,20230911,0.445,0.455,0.44,0.45,91291
SAP.TO,20230911,29.06,29.53,28.95,29.38,376445
SAU.TO,20230911,0.075,0.075,0.075,0.075,10265
SBC.TO,20230911,8.39,8.55,8.3,8.55,26166
SBC.PR.A.TO,20230911,9.52,9.54,9.51,9.51,18300
SCY.TO,20230911,0.035,0.035,0.03,0.03,34038
SDE.TO,20230911,4.21,4.24,4.06,4.1,439276
SEA.TO,20230911,15.06,15.28,14.87,14.91,15160
SEC.TO,20230911,300,310,300,310,715
SES.TO,20230911,7.82,7.93,7.78,7.87,606241
SFC.TO,20230911,4.56,4.65,4.52,4.58,8748
SFD.TO,20230911,0.245,0.28,0.205,0.265,128013
SFI.TO,20230911,0.27,0.27,0.27,0.27,10001
SFTC.TO,20230911,15.1,15.48,15,15.44,6840
SGLD.TO,20230911,0.135,0.135,0.135,0.135,750
SGNL.TO,20230911,0.215,0.215,0.205,0.205,26638
SGR.U.TO,20230911,9.42,9.42,9.42,9.42,400
SGR.UN.TO,20230911,12.86,12.86,12.72,12.77,28694
SGY.TO,20230911,8.75,8.82,8.59,8.66,423564
SHLE.TO,20230911,4.73,4.81,4.61,4.81,15705
SHOP.TO,20230911,86.23,87.93,85.34,87.69,3252558
SIA.TO,20230911,11.44,11.49,11.27,11.29,252392
SIH.UN.TO,20230911,9.68,9.68,9.67,9.67,2200
SII.TO,20230911,44.64,44.64,44.18,44.53,10519
SIL.TO,20230911,6.3,6.35,6.19,6.24,282187
SIS.TO,20230911,14.26,14.3,14.18,14.19,139894
SJ.TO,20230911,62.5,63.32,62.42,62.44,117322
SKE.TO,20230911,6.27,6.41,6.18,6.39,172451
SLF.TO,20230911,65.67,66.81,65.62,66.52,1497935
SLF.PR.C.TO,20230911,17.5,17.51,17.35,17.35,1631
SLF.PR.D.TO,20230911,17.33,17.36,17.25,17.26,2579
SLF.PR.E.TO,20230911,17.48,17.61,17.34,17.34,20197
SLF.PR.G.TO,20230911,12.51,12.51,12.31,12.31,2500
SLF.PR.H.TO,20230911,14.86,14.9,14.86,14.87,5400
SLF.PR.J.TO,20230911,14.59,14.6,14.31,14.31,1850
SLR.TO,20230911,0.81,0.81,0.8,0.8,12900
SLS.TO,20230911,5.4,5.59,5.31,5.32,110958
SMC.TO,20230911,0.04,0.04,0.04,0.04,936212
SMT.TO,20230911,0.39,0.4,0.39,0.4,363237
SOIL.TO,20230911,2.82,2.88,2.82,2.82,325928
SOIL.WT.A.TO,20230911,0.39,0.45,0.39,0.45,38838
SOLG.TO,20230911,0.245,0.255,0.245,0.255,115518
SOT.DB.TO,20230911,71,71.5,71,71,50000
SOT.DB.A.TO,20230911,62,62,62,62,25000
SOT.DB.B.TO,20230911,62.5,62.5,62.4,62.4,40000
SOT.UN.TO,20230911,1.58,1.62,1.58,1.62,67852
SOY.TO,20230911,5.21,5.3,5.1,5.16,51640
SPB.TO,20230911,10.25,10.46,10.23,10.39,1351195
SPLT.TO,20230911,10.08,10.08,10.05,10.05,19737
SPPP.TO,20230911,14.92,14.92,14.46,14.46,2240
SRU.UN.TO,20230911,23.9,24.09,23.88,23.93,120241
SRV.UN.TO,20230911,16.58,16.69,16.45,16.45,538
SSF.UN.TO,20230911,6.64,6.65,6.61,6.65,7100
SSL.TO,20230911,7.08,7.13,7.01,7.03,160932
SSRM.TO,20230911,19.94,20.24,19.88,20.04,116007
STC.TO,20230911,5.37,5.41,5.31,5.41,20717
STCK.TO,20230911,7.97,8.07,7.55,7.55,8490
STEP.TO,20230911,4.48,4.61,4.26,4.3,240587
STGO.TO,20230911,0.7,0.7,0.67,0.67,82726
STLC.TO,20230911,38.63,38.83,37.63,37.85,141385
STN.TO,20230911,89.29,89.52,88.75,89.33,282210
STPL.TO,20230911,23.44,23.44,23.44,23.44,688
SU.TO,20230911,46.98,47.16,45.72,45.82,12288970
SVA.TO,20230911,0.8,0.83,0.79,0.79,217733
SVB.TO,20230911,0.14,0.14,0.115,0.115,30352
SVI.TO,20230911,4.63,4.72,4.61,4.68,280210
SVI.DB.TO,20230911,93.37,93.5,93.35,93.5,72677
SVI.DB.C.TO,20230911,88,88,88,88,1000
SVM.TO,20230911,3.27,3.32,3.26,3.29,88865
SVR.TO,20230911,11.45,11.45,11.45,11.45,500
SVR.C.TO,20230911,12.06,12.06,11.96,11.96,205
SWP.TO,20230911,2.7,2.7,2.64,2.65,10000
SXP.TO,20230911,4.24,4.42,4.24,4.39,24621
SYLD.TO,20230911,17.8,17.81,17.79,17.81,4659
SYZ.TO,20230911,7.72,7.86,7.72,7.85,9808
T.TO,20230911,22.86,23.1,22.84,22.92,2265476
TA.TO,20230911,13.03,13.24,12.99,13.16,325477
TA.PR.D.TO,20230911,11.66,11.66,11.65,11.65,5800
TA.PR.E.TO,20230911,14.74,14.74,14.74,14.74,400
TA.PR.F.TO,20230911,16.55,16.55,16.4,16.43,9950
TA.PR.G.TO,20230911,17.75,17.75,17.75,17.75,100
TA.PR.H.TO,20230911,19.75,19.8,19.6,19.7,3900
TA.PR.J.TO,20230911,18.67,18.71,18.67,18.68,2800
TAIG.TO,20230911,1.37,1.37,1.31,1.33,26138
TAL.TO,20230911,0.77,0.78,0.76,0.77,131885
TBAL.TO,20230911,16.09,16.09,16.09,16.09,710
TBL.TO,20230911,2.89,2.9,2.8,2.9,22602
TBNK.TO,20230911,23.25,23.43,23.25,23.43,1703
TC.TO,20230911,27.91,28.06,27.1,28.06,7569
TCBN.TO,20230911,45.85,45.85,45.81,45.81,4404
TCL.A.TO,20230911,12.6,12.67,12.18,12.29,181123
TCLB.TO,20230911,114.43,114.8,114.43,114.67,11203
TCON.TO,20230911,13.97,13.97,13.97,13.97,684
TCS.TO,20230911,28.44,29.25,28.44,28.64,10833
TCSB.TO,20230911,14.12,14.12,14.09,14.09,2600
TCW.TO,20230911,5.25,5.33,5.18,5.24,1186752
TD.TO,20230911,80.85,81.99,80.71,81.88,4258233
TD.PF.A.TO,20230911,16.73,16.76,16.72,16.76,40625
TD.PF.B.TO,20230911,17.15,17.18,17.13,17.14,3500
TD.PF.C.TO,20230911,16.39,16.45,16.37,16.45,7275
TD.PF.D.TO,20230911,17.26,17.51,17.24,17.24,1900
TD.PF.E.TO,20230911,17.22,17.26,17.21,17.26,900
TD.PF.I.TO,20230911,22.18,22.34,22.18,22.3,4370
TD.PF.J.TO,20230911,20.81,21.04,20.81,20.95,4100
TD.PF.M.TO,20230911,23.49,23.51,23.45,23.45,7851
TDB.TO,20230911,12.53,12.55,12.53,12.55,11594
TDOC.TO,20230911,17.36,17.45,17.3,17.4,3100
TEC.TO,20230911,29.57,29.73,29.48,29.72,18033
TEC.U.TO,20230911,21.79,21.95,21.79,21.95,500
TECH.TO,20230911,11.15,11.31,11.15,11.28,7376
TECH.B.TO,20230911,12.74,12.81,12.74,12.81,5210
TECH.U.TO,20230911,11.53,11.53,11.53,11.53,2600
TECK.A.TO,20230911,56.65,57.89,56.65,57.89,6090
TECK.B.TO,20230911,55.88,57.14,55.87,57.06,670941
TERM.TO,20230911,9.05,9.05,9.02,9.02,21185
TF.TO,20230911,7.12,7.19,7.08,7.19,146303
TF.DB.D.TO,20230911,85.5,85.5,85.5,85.5,10000
TFII.TO,20230911,179.68,180.62,178.28,180.04,207002
TFPM.TO,20230911,17.89,18.02,17.74,17.82,45240
TGED.TO,20230911,19.66,19.66,19.58,19.64,4505
TGGR.TO,20230911,22.08,22.08,22.08,22.08,250
TGO.TO,20230911,2.07,2.07,1.69,1.72,5554
TGRE.TO,20230911,13.29,13.29,13.29,13.29,125
TGRO.TO,20230911,18.32,18.35,18.32,18.35,4022
TH.TO,20230911,3.22,3.99,3.15,3.7,387178
The.TO,20230911,22.39,22.49,22.39,22.49,2152
THNC.TO,20230911,1.94,1.98,1.94,1.95,8622
TI.TO,20230911,0.415,0.42,0.415,0.42,4584
TIH.TO,20230911,110.62,111.56,108.98,110.3,54959
TINF.TO,20230911,17.35,17.36,17.28,17.32,3600
TIPS.F.TO,20230911,28.58,28.62,28.58,28.62,3597
TIXT.TO,20230911,11.2,11.61,11.12,11.5,209563
TKN.TO,20230911,10.61,10.61,10.61,10.61,151
TKO.TO,20230911,1.84,1.85,1.79,1.84,153465
TLF.TO,20230911,20.39,20.39,20.3,20.3,200
TLG.TO,20230911,0.39,0.39,0.36,0.38,182998
TLO.TO,20230911,0.265,0.2675,0.26,0.26,145047
TLRY.TO,20230911,4.18,4.57,4.15,4.47,6044011
TLV.TO,20230911,27.32,27.32,27.32,27.32,815
TMD.TO,20230911,0.17,0.185,0.17,0.175,47842
TMEC.TO,20230911,17.51,17.52,17.51,17.52,259
TML.TO,20230911,0.215,0.22,0.215,0.22,10787
TNT.UN.TO,20230911,2.4,2.42,2.36,2.39,79576
TNZ.TO,20230911,3.54,3.54,3.41,3.48,101794
TOT.TO,20230911,10.26,10.28,10.1,10.16,59925
TOU.TO,20230911,70.28,70.64,68.83,69.01,2356067
TOY.TO,20230911,35.31,35.68,35.26,35.28,22163
TPE.TO,20230911,19.73,19.74,19.7,19.73,1806
TPRF.TO,20230911,8.54,8.56,8.54,8.56,513
TPU.TO,20230911,34.4,34.4,34.28,34.38,27451
TPU.U.TO,20230911,25.56,25.59,25.56,25.59,3200
TPX.B.TO,20230911,87,88,86.99,86.99,838
TPZ.TO,20230911,22.22,22.31,21.88,21.92,97595
TQCD.TO,20230911,15.5,15.5,15.46,15.46,41522
TQGD.TO,20230911,16.43,16.43,16.37,16.37,23982
TQSM.TO,20230911,19.6,19.6,19.51,19.51,7500
TRI.TO,20230911,174.74,175.34,173.6,175.15,143188
TRI.PR.B.TO,20230911,13.2,13.2,13.2,13.2,600
TRP.TO,20230911,49.16,49.36,48.81,48.93,4017289
TRP.PR.A.TO,20230911,12.82,12.82,12.8,12.8,6801
TRP.PR.B.TO,20230911,9.7,9.78,9.58,9.65,1600
TRP.PR.C.TO,20230911,10.2,10.2,10.12,10.12,2903
TRP.PR.D.TO,20230911,14.89,14.9,14.88,14.88,11799
TRP.PR.E.TO,20230911,14.06,14.1,14.06,14.07,11068
TRP.PR.F.TO,20230911,13.8,14,13.8,13.82,7710
TRP.PR.G.TO,20230911,15.03,15.1,14.99,15,6255
TRP.PR.H.TO,20230911,12.2,12.4,12.11,12.4,6600
TRP.PR.I.TO,20230911,14.08,14.08,13.45,13.45,3700
TRVI.TO,20230911,19.66,19.66,19.66,19.66,100
TRVL.TO,20230911,22.11,22.14,22.03,22.11,8843
TRVL.U.TO,20230911,20.76,20.76,20.76,20.76,300
TRZ.TO,20230911,4.06,4.15,4.01,4.09,42013
TSAT.TO,20230911,23.51,23.94,21.99,23.22,9023
TSK.TO,20230911,0.33,0.33,0.31,0.31,286812
TSL.TO,20230911,3.08,3.22,3.07,3.22,51016
TSND.TO,20230911,3.08,3.13,2.93,3.01,320521
TSU.TO,20230911,30.81,31.99,30.6,31.77,195997
TTNM.TO,20230911,2.66,2.67,2.66,2.67,2705
TTP.TO,20230911,23,23.13,23,23.1,20416
TUED.TO,20230911,20.86,20.89,20.82,20.87,6758
TUHY.TO,20230911,20.31,20.31,20.31,20.31,100
TULB.TO,20230911,113.71,113.81,113.71,113.73,1956
TUSB.TO,20230911,13.58,13.58,13.58,13.58,200
TVA.B.TO,20230911,1.85,1.87,1.85,1.87,5008
TVE.TO,20230911,3.79,3.85,3.74,3.77,1712625
TVK.TO,20230911,39.35,39.35,36.97,37.45,7622
TWC.TO,20230911,17.98,17.98,17.98,17.98,209
TWM.TO,20230911,1.07,1.09,1.06,1.07,120491
TWM.DB.TO,20230911,97.03,97.03,97,97,20000
TXF.TO,20230911,17.97,17.97,17.8,17.94,22305
TXG.TO,20230911,15.13,15.74,14.88,14.92,225520
TXP.TO,20230911,1.17,1.18,1.16,1.16,106780
U.U.TO,20230911,14.98,15.2,14.78,14.79,10693
U.UN.TO,20230911,20.24,20.72,20.04,20.05,785618
UBIL.U.TO,20230911,50.07,50.1,50.07,50.08,1586
UDIV.TO,20230911,11.8,11.8,11.76,11.77,6440
UDIV.B.TO,20230911,12.39,12.39,12.27,12.27,1713
ULV.C.TO,20230911,30.25,30.26,30.21,30.26,500
ULV.F.TO,20230911,44.16,44.49,44.16,44.38,1400
ULV.U.TO,20230911,22.25,22.25,22.25,22.25,100
UMAX.TO,20230911,15.13,15.13,15,15.09,46967
UNC.TO,20230911,103.01,103.61,103.01,103.45,1400
URB.TO,20230911,4.66,4.66,4.66,4.66,492
URB.A.TO,20230911,4.34,4.34,4.3,4.34,3650
URC.TO,20230911,3.36,3.56,3.36,3.47,48421
URC.WT.TO,20230911,1.45,1.61,1.45,1.52,33000
URE.TO,20230911,1.9,2.02,1.9,2,153514
USA.TO,20230911,0.52,0.54,0.51,0.53,56321
USCC.TO,20230911,17.54,17.54,17.39,17.41,3097
USCC.U.TO,20230911,12.79,12.8,12.79,12.8,14601
USCL.TO,20230911,20.33,20.33,20.23,20.27,17610
UTIL.TO,20230911,19.89,19.89,19.89,19.89,500
VA.TO,20230911,35.48,35.48,35.48,35.48,200
VAB.TO,20230911,21.88,21.91,21.86,21.9,74766
VALT.TO,20230911,24.13,24.13,24.13,24.13,5000
VALT.B.TO,20230911,26.01,26.01,26.01,26.01,1100
VBAL.TO,20230911,28.46,28.46,28.37,28.45,24393
VBNK.TO,20230911,10.81,10.82,10.8,10.8,1668
VBNK.PR.A.TO,20230911,9.4,9.45,9.4,9.41,601
VCB.TO,20230911,22.49,22.5,22.45,22.45,8490
VCE.TO,20230911,43.7,43.95,43.67,43.87,8447
VCIP.TO,20230911,24.4,24.4,24.33,24.33,1302
VCM.TO,20230911,17,17,16.5,16.5,6154
VCN.TO,20230911,41.07,41.23,40.97,41.16,57475
VCNS.TO,20230911,26.17,26.2,26.15,26.2,13666
VDU.TO,20230911,38.74,38.81,38.74,38.81,4447
VDY.TO,20230911,40.47,40.67,40.38,40.5,71750
VE.TO,20230911,31.56,31.56,31.56,31.56,269
VEE.TO,20230911,33.13,33.19,33.04,33.19,18763
VEF.TO,20230911,49.84,49.91,49.84,49.9,678
VEQT.TO,20230911,35.8,35.88,35.76,35.88,46913
VET.TO,20230911,20.5,21.03,20.28,20.31,1025516
VFV.TO,20230911,108.3,108.42,107.99,108.35,145058
VGCX.TO,20230911,6.37,6.68,6.3,6.57,240265
VGG.TO,20230911,75.06,75.06,74.82,74.88,10330
VGH.TO,20230911,53.51,53.51,53.25,53.39,5325
VGRO.TO,20230911,30.78,30.78,30.68,30.75,96202
VGV.TO,20230911,21.48,21.48,21.48,21.48,255
VHI.TO,20230911,2.8,2.85,2.79,2.85,10200
VI.TO,20230911,34.79,34.9,34.79,34.89,4540
VIDY.TO,20230911,27.53,27.6,27.47,27.59,3636
VIU.TO,20230911,30.72,30.74,30.64,30.74,26438
VLB.TO,20230911,20.19,20.28,20.15,20.2,23380
VLE.TO,20230911,2.24,2.28,2.14,2.15,568643
VLN.TO,20230911,10.4,10.4,10.3,10.3,901
VMO.TO,20230911,46.36,46.45,46.36,46.45,2293
VNP.TO,20230911,3.5,3.56,3.5,3.56,65209
VOXR.TO,20230911,2.79,2.79,2.76,2.76,500
VPH.TO,20230911,0.315,0.315,0.31,0.31,8050
VQS.TO,20230911,0.335,0.335,0.32,0.325,48850
VRE.TO,20230911,29.48,29.69,29.47,29.5,2847
VRIF.TO,20230911,23.13,23.13,23.05,23.05,7026
VSB.TO,20230911,22.14,22.15,22.14,22.14,3861
VSC.TO,20230911,22.56,22.59,22.56,22.58,2811
VSP.TO,20230911,73.65,73.79,73.43,73.77,38670
VUN.TO,20230911,82.16,82.27,81.98,82.26,41623
VUS.TO,20230911,79.97,80.04,79.72,80.02,9947
VVL.TO,20230911,43.18,43.37,43.18,43.22,6614
VVO.TO,20230911,32.49,32.55,32.49,32.54,2680
VXC.TO,20230911,50.14,50.26,50.1,50.26,17421
WCN.TO,20230911,187.3,189.51,186.6,189,89279
WCP.TO,20230911,11.66,11.72,11.46,11.55,1481602
WDO.TO,20230911,8.03,8.28,7.93,8.08,249787
WEED.TO,20230911,1.4,2.43,1.39,2.3,38647660
WEF.TO,20230911,0.9,0.9,0.86,0.86,197472
WELL.TO,20230911,4.56,4.56,4.45,4.45,713052
WFC.TO,20230911,19.13,19.2,19.02,19.1,5913
WFG.TO,20230911,96.19,96.78,95.54,96.01,241629
WILD.TO,20230911,1.75,1.75,1.7,1.72,19586
WILD.DB.TO,20230911,88.9,88.9,88.9,88.9,9000
WJX.TO,20230911,29.18,29.4,29.11,29.3,18633
WJX.DB.TO,20230911,99,99,99,99,3000
WLLW.TO,20230911,0.075,0.085,0.075,0.085,190501
WM.TO,20230911,0.13,0.135,0.125,0.1275,373260
WN.TO,20230911,152.15,153,151.83,152.42,81744
WN.PR.A.TO,20230911,21.86,21.86,21.7,21.7,2035
WN.PR.C.TO,20230911,19.04,19.28,19.04,19.28,1738
WN.PR.D.TO,20230911,19.05,19.2,19.05,19.2,2525
WN.PR.E.TO,20230911,17.67,17.67,17.5,17.5,578
WNDR.TO,20230911,0.145,0.15,0.145,0.15,180065
WPK.TO,20230911,39.97,40.17,39.91,40.09,19563
WPM.TO,20230911,58.25,58.8,58.17,58.58,398347
WPRT.TO,20230911,9.32,10.11,9.32,9.9,26954
WRG.TO,20230911,3.36,3.36,3.36,3.36,900
WRN.TO,20230911,1.95,1.95,1.85,1.85,15857
WRX.TO,20230911,0.215,0.215,0.21,0.21,19062
WSP.TO,20230911,190,192.51,189.49,192.07,148392
WSRD.TO,20230911,26.17,26.3,26.17,26.3,11330
WSRI.TO,20230911,35.51,35.65,35.51,35.65,1456
WTE.TO,20230911,28.63,28.63,28.44,28.5,22251
WXM.TO,20230911,23.97,24.01,23.97,24,600
X.TO,20230911,29.75,30.08,29.65,30.07,220043
XAGG.TO,20230911,35.78,35.78,35.78,35.78,100
XAGH.TO,20230911,32.83,32.83,32.77,32.77,500
XAM.TO,20230911,0.085,0.085,0.08,0.08,19835
XAU.TO,20230911,9.2,9.28,9.2,9.24,1380
XAW.TO,20230911,34.87,34.95,34.87,34.95,17111
XBAL.TO,20230911,25.79,25.8,25.74,25.79,13049
XBB.TO,20230911,26.81,26.84,26.78,26.82,115819
XBM.TO,20230911,19.53,19.75,19.53,19.67,6894
XCB.TO,20230911,18.75,18.75,18.72,18.73,52091
XCBG.TO,20230911,35.14,35.14,35.09,35.09,600
XCD.TO,20230911,49.03,49.4,49.03,49.4,846
XCG.TO,20230911,44.07,44.24,44.02,44.24,1701
XCH.TO,20230911,17.68,17.68,17.59,17.63,5475
XCNS.TO,20230911,20.78,20.78,20.76,20.78,62651
XCS.TO,20230911,17.97,18.05,17.97,18.01,1098
XCSR.TO,20230911,58.1,58.39,58,58.39,897
XCV.TO,20230911,32.17,32.23,32.17,32.17,555
XDG.TO,20230911,23.58,23.62,23.55,23.56,19155
XDIV.TO,20230911,24.79,24.94,24.75,24.87,43453
XDSR.TO,20230911,50.08,50.14,50.08,50.09,944
XDU.TO,20230911,26.49,26.49,26.45,26.45,3504
XDUH.TO,20230911,24.33,24.36,24.33,24.35,864
XDV.TO,20230911,26.48,26.64,26.48,26.59,37288
XEB.TO,20230911,15.03,15.03,15.03,15.03,1001
XEC.TO,20230911,25.58,25.64,25.55,25.62,13235
XEF.TO,20230911,33.35,33.45,33.35,33.43,20055
XEF.U.TO,20230911,24.63,24.66,24.63,24.66,1900
XEG.TO,20230911,17.41,17.49,17.02,17.03,708267
XEH.TO,20230911,29.17,29.28,29.17,29.28,1700
XEI.TO,20230911,24.3,24.3,24.13,24.17,61866
XEM.TO,20230911,29.36,29.44,29.36,29.44,6400
XEMC.TO,20230911,41.47,41.52,41.47,41.52,800
XEN.TO,20230911,30.88,30.94,30.83,30.94,792
XEQT.TO,20230911,26.68,26.75,26.67,26.74,92398
XESG.TO,20230911,24.63,24.69,24.63,24.68,2731
XEU.TO,20230911,26.58,26.7,26.58,26.66,2021
XFH.TO,20230911,28.23,28.24,28.19,28.23,106844
XFN.TO,20230911,43.99,44.37,43.85,44.32,234727
XFR.TO,20230911,20.17,20.18,20.16,20.18,21894
XGB.TO,20230911,18.48,18.5,18.46,18.5,26120
XGD.TO,20230911,16.9,17.03,16.88,16.97,198812
XGI.TO,20230911,43.86,43.95,43.8,43.95,445
XGRO.TO,20230911,24.92,24.95,24.9,24.95,24667
XHB.TO,20230911,18.19,18.22,18.19,18.19,6320
XHC.TO,20230911,67.04,67.28,67.04,67.14,2011
XHD.TO,20230911,30.65,30.67,30.59,30.59,1515
XHU.TO,20230911,28.6,28.6,28.33,28.33,1186
XHY.TO,20230911,15.93,15.95,15.9,15.93,11741
XIC.TO,20230911,32.19,32.28,32.09,32.22,159676
XID.TO,20230911,48.13,48.18,48.05,48.09,2569
XIG.TO,20230911,19.5,19.52,19.5,19.52,904
XIGS.TO,20230911,36.43,36.43,36.43,36.43,200
XIN.TO,20230911,31.91,31.96,31.82,31.95,8323
XINC.TO,20230911,18.76,18.76,18.76,18.76,1350
XIT.TO,20230911,46.32,46.87,46.17,46.79,8029
XIU.TO,20230911,30.49,30.59,30.37,30.54,1995443
XLB.TO,20230911,18.51,18.54,18.46,18.54,40658
XLVE.TO,20230911,8.72,8.72,8.72,8.72,120
XLY.TO,20230911,0.015,0.02,0.015,0.02,1556647
XMA.TO,20230911,18.16,18.26,18.16,18.22,9593
XMC.TO,20230911,26.9,26.96,26.81,26.82,8600
XMD.TO,20230911,31.19,31.24,31.18,31.18,4820
XMF.PR.B.TO,20230911,4.77,4.77,4.77,4.77,100
XMH.TO,20230911,23.4,23.4,23.4,23.4,112
XMI.TO,20230911,34.69,34.69,34.69,34.69,200
XML.TO,20230911,24.74,24.74,24.74,24.74,500
XMM.TO,20230911,26.53,26.56,26.52,26.56,2500
XMS.TO,20230911,31.49,31.58,31.49,31.58,432
XMU.TO,20230911,68.28,68.62,68.28,68.57,513
XMV.TO,20230911,37.39,37.5,37.37,37.5,678
XMW.TO,20230911,46.8,46.97,46.79,46.97,2600
XPF.TO,20230911,13.42,13.44,13.42,13.42,1465
XQB.TO,20230911,17.99,18.02,17.99,18.01,14911
XQLT.TO,20230911,30.53,30.59,30.53,30.59,977
XQQ.TO,20230911,117.91,118.42,117.29,118.28,34398
XRB.TO,20230911,21.36,21.36,21.29,21.3,6413
XRE.TO,20230911,15.98,16.1,15.97,15.98,168302
XSAB.TO,20230911,17.23,17.23,17.21,17.23,4818
XSB.TO,20230911,25.48,25.5,25.48,25.49,36345
XSC.TO,20230911,17.38,17.38,17.38,17.38,1500
XSE.TO,20230911,17.35,17.35,17.33,17.33,9700
XSEA.TO,20230911,23.03,23.03,23.03,23.03,1380
XSEM.TO,20230911,18.46,18.5,18.45,18.5,13619
XSH.TO,20230911,17.82,17.85,17.82,17.83,28050
XSHG.TO,20230911,36.78,36.78,36.78,36.78,200
XSI.TO,20230911,16.45,16.46,16.45,16.46,1150
XSMC.TO,20230911,26.61,26.65,26.55,26.55,764
XSMH.TO,20230911,24.56,24.62,24.54,24.54,700
XSP.TO,20230911,47.39,47.43,47.21,47.43,121871
XST.TO,20230911,85.23,85.66,85.23,85.44,4129
XSTB.TO,20230911,18.68,18.69,18.68,18.69,1742
XSTH.TO,20230911,36.48,36.5,36.48,36.5,200
XSTP.TO,20230911,40.06,40.07,40.02,40.03,4861
XSTP.U.TO,20230911,29.33,29.33,29.33,29.33,600
XSU.TO,20230911,36.4,36.49,36.22,36.23,113515
XSUS.TO,20230911,32.39,32.49,32.39,32.49,4131
XTC.TO,20230911,7.92,8,7.89,7.95,4206
XTD.TO,20230911,3.87,3.89,3.75,3.76,15283
XTD.PR.A.TO,20230911,9.57,9.57,9.57,9.57,700
XTG.TO,20230911,0.87,0.87,0.84,0.84,2036
XTLH.TO,20230911,35.65,35.65,35.65,35.65,4300
XTR.TO,20230911,10.2,10.2,10.15,10.16,8995
XTRA.TO,20230911,0.7,0.71,0.66,0.67,152203
XUH.TO,20230911,37.73,37.73,37.72,37.72,732
XUS.TO,20230911,75.62,75.74,75.44,75.68,80045
XUS.U.TO,20230911,56.36,56.56,56.29,56.54,8300
XUSR.TO,20230911,63.95,63.95,63.58,63.58,1142
XUT.TO,20230911,25.79,25.96,25.79,25.96,5066
XUU.TO,20230911,45.31,45.39,45.15,45.28,20538
XWD.TO,20230911,73.4,73.45,73.23,73.42,19255
Y.TO,20230911,12.22,12.22,12.21,12.21,700
YCM.TO,20230911,1.05,1.1,1.05,1.1,1400
YCM.PR.A.TO,20230911,4.78,4.79,4.78,4.79,1500
YGR.TO,20230911,1.89,1.9,1.84,1.86,121822
YRB.TO,20230911,0.05,0.05,0.05,0.05,14000
ZACE.TO,20230911,33.64,33.64,33.64,33.64,100
ZAG.TO,20230911,13.17,13.18,13.15,13.17,112135
ZBAL.TO,20230911,34.38,34.38,34.28,34.28,590
ZBI.TO,20230911,27.17,27.17,27.17,27.17,800
ZBK.TO,20230911,22.55,22.61,22.37,22.39,12204
ZCB.TO,20230911,44.36,44.36,44.28,44.28,1100
ZCDB.TO,20230911,27.9,27.97,27.9,27.97,700
ZCH.TO,20230911,14.76,14.76,14.63,14.65,19000
ZCLN.TO,20230911,16.32,16.47,16.32,16.44,3831
ZCM.TO,20230911,14.25,14.25,14.22,14.22,15933
ZCN.TO,20230911,27.05,27.17,27.03,27.12,87300
ZCON.TO,20230911,31.3,31.3,31.3,31.3,100
ZCPB.TO,20230911,26.49,26.49,26.49,26.49,4311
ZCS.TO,20230911,12.99,12.99,12.97,12.98,45742
ZDB.TO,20230911,14.11,14.11,14.1,14.11,6754
ZDH.TO,20230911,24.78,24.78,24.68,24.75,2400
ZDI.TO,20230911,21.71,21.78,21.71,21.73,5586
ZDJ.TO,20230911,54.6,54.6,54.38,54.48,710
ZDM.TO,20230911,26.24,26.27,26.19,26.27,6075
ZDV.TO,20230911,18.7,18.78,18.67,18.73,28027
ZDY.TO,20230911,37.2,37.23,37.15,37.15,1202
ZDY.U.TO,20230911,28.05,28.06,28.05,28.06,300
ZEA.TO,20230911,20.38,20.49,20.38,20.49,11124
ZEB.TO,20230911,32.1,32.35,31.94,32.31,1426947
ZEF.TO,20230911,11.71,11.71,11.71,11.71,563
ZEM.TO,20230911,19.26,19.32,19.26,19.32,5792
ZEO.TO,20230911,65.71,65.71,64.65,64.65,8551
ZEQ.TO,20230911,28.11,28.14,28.11,28.11,2220
ZEQT.TO,20230911,41.05,41.05,40.93,40.93,5314
ZESG.TO,20230911,32.09,32.09,31.95,31.97,2902
ZFC.TO,20230911,40.15,40.15,40.15,40.15,401
ZFH.TO,20230911,14.23,14.23,14.17,14.17,2001
ZFL.TO,20230911,12.63,12.65,12.58,12.6,104294
ZFM.TO,20230911,13.89,13.89,13.89,13.89,5537
ZFN.TO,20230911,41.37,41.4,41.37,41.4,200
ZFS.TO,20230911,13.17,13.17,13.16,13.16,35954
ZGB.TO,20230911,43.71,43.71,43.66,43.66,1951
ZGD.TO,20230911,68.61,68.61,68.5,68.5,348
ZGI.TO,20230911,40.93,40.93,40.83,40.84,5324
ZGQ.TO,20230911,52.49,52.69,52.49,52.69,882
ZGRO.TO,20230911,37.62,37.62,37.5,37.51,4268
ZGSB.TO,20230911,25.66,25.66,25.48,25.48,295
ZHY.TO,20230911,10.69,10.79,10.69,10.78,8715
ZIC.TO,20230911,16.72,16.72,16.71,16.71,818
ZIC.U.TO,20230911,12.47,12.47,12.47,12.47,650
ZID.TO,20230911,40.75,40.82,40.75,40.8,4181
ZJK.TO,20230911,17.32,17.32,17.29,17.32,1905
ZJPN.F.TO,20230911,38.84,38.84,38.84,38.84,100
ZLB.TO,20230911,40.28,40.47,40.28,40.43,16688
ZLC.TO,20230911,14.37,14.4,14.31,14.39,13502
ZLH.TO,20230911,30.82,30.82,30.66,30.66,494
ZLI.TO,20230911,23.28,23.28,23.27,23.27,1725
ZLU.TO,20230911,46.27,46.41,46.26,46.33,7888
ZLU.U.TO,20230911,34.86,34.96,34.86,34.95,500
ZMI.TO,20230911,15.66,15.66,15.66,15.66,421
ZMMK.TO,20230911,49.97,49.98,49.96,49.98,34273
ZMP.TO,20230911,13.08,13.1,13.08,13.1,6508
ZMT.TO,20230911,54.57,55.26,54.57,55.11,631
ZMU.TO,20230911,12.22,12.22,12.2,12.2,610
ZNQ.TO,20230911,67.74,67.99,67.51,67.9,2511
ZNQ.U.TO,20230911,33.82,33.82,33.75,33.75,200
ZPAY.TO,20230911,30.21,30.21,30.16,30.19,8579
ZPAY.F.TO,20230911,28.19,28.27,28.19,28.22,1710
ZPH.TO,20230911,14.77,14.77,14.67,14.69,5601
ZPL.TO,20230911,12.03,12.04,12.02,12.04,15222
ZPR.TO,20230911,8.45,8.5,8.44,8.47,175452
ZPR.U.TO,20230911,13.89,13.89,13.89,13.89,400
ZPS.TO,20230911,11.8,11.8,11.8,11.8,200
ZPS.L.TO,20230911,20.81,20.81,20.81,20.81,7000
ZPW.TO,20230911,15.26,15.36,15.26,15.36,3352
ZQB.TO,20230911,27.18,27.18,27.17,27.17,1100
ZQQ.TO,20230911,109.21,109.72,108.77,109.62,20980
ZRE.TO,20230911,20.71,20.85,20.69,20.69,8080
ZRR.TO,20230911,13.9,13.91,13.87,13.91,9580
ZSP.TO,20230911,66.74,66.84,66.58,66.78,361721
ZSP.U.TO,20230911,49.14,49.24,49.1,49.24,1880
ZST.TO,20230911,48.65,48.66,48.64,48.65,31329
ZST.L.TO,20230911,56.36,56.36,56.36,56.36,984
ZSU.TO,20230911,12.95,12.95,12.95,12.95,400
ZUAG.F.TO,20230911,28.79,28.85,28.79,28.79,2781
ZUB.TO,20230911,21.02,21.19,20.85,20.85,9663
ZUD.TO,20230911,26.15,26.15,26.15,26.15,203
ZUE.TO,20230911,62.86,62.98,62.74,62.93,12587
ZUH.TO,20230911,66.95,67.45,66.95,67.28,1100
ZUP.TO,20230911,19.22,19.22,19.22,19.22,1010
ZUP.U.TO,20230911,18.19,18.19,18.19,18.19,3867
ZUQ.TO,20230911,64.04,64.04,63.57,63.79,5152
ZUQ.F.TO,20230911,40.3,40.41,40.3,40.41,5145
ZUS.U.TO,20230911,46.69,46.73,46.68,46.73,6400
ZUT.TO,20230911,20.9,21.07,20.9,21.02,17619
ZVC.TO,20230911,25.99,26.07,25.99,26.07,305
ZWA.TO,20230911,24.18,24.18,24.15,24.15,507
ZWB.TO,20230911,16.86,17.01,16.8,16.98,126288
ZWB.U.TO,20230911,21.44,21.44,21.44,21.44,1500
ZWC.TO,20230911,16.51,16.59,16.5,16.56,60071
ZWE.TO,20230911,19.54,19.54,19.46,19.47,7951
ZWEN.TO,20230911,29.92,29.92,29.92,29.92,122
ZWG.TO,20230911,28.7,28.88,28.7,28.81,7501
ZWH.TO,20230911,22.1,22.1,22.03,22.05,14008
ZWH.U.TO,20230911,22.31,22.31,22.31,22.31,200
ZWHC.TO,20230911,28.65,28.65,28.65,28.65,100
ZWK.TO,20230911,17.59,17.68,17.45,17.45,53350
ZWP.TO,20230911,16.97,16.99,16.88,16.99,7347
ZWQT.TO,20230911,15.35,15.35,15.35,15.35,501
ZWS.TO,20230911,19.44,19.44,19.44,19.44,603
ZWT.TO,20230911,34.53,34.71,34.37,34.71,5572
ZWU.TO,20230911,10.25,10.3,10.23,10.27,211682
ZZZ.TO,20230911,23.28,23.64,23.14,23.62,39114
ZZZD.TO,20230911,27.73,27.73,27.73,27.73,182
