<ticker>,<date>,<open>,<high>,<low>,<close>,<vol>
AAUC.TO,20240220,3.2,3.2,2.94,2.95,267912
AAV.TO,20240220,9.31,9.44,9.06,9.08,260905
ABX.TO,20240220,19.97,20.18,19.77,19.93,2953150
AC.TO,20240220,18,18.18,17.88,17.89,3393326
ACAA.TO,20240220,20.12,20.13,20,20,3300
ACB.TO,20240220,4.89,5.08,4.61,4.75,752422
ACD.TO,20240220,5.15,5.15,5.15,5.15,200
ACO.X.TO,20240220,36.7,37.34,36.7,37.23,322490
ACQ.TO,20240220,21.39,21.59,21.28,21.4,5371
AD.DB.TO,20240220,98.88,99.72,98.88,99.59,82000
AD.DB.A.TO,20240220,99,99,98,98,40000
AD.UN.TO,20240220,16.33,16.39,16.11,16.21,52101
ADCO.TO,20240220,0.185,0.185,0.175,0.185,19200
ADEN.TO,20240220,34.89,34.89,33.91,34.52,21347
ADN.TO,20240220,16.6,16.6,16.4,16.4,4397
ADW.A.TO,20240220,4.07,4.11,4.07,4.08,10741
AEM.TO,20240220,64.99,65.82,64.91,65.76,2091064
AFN.TO,20240220,56.61,56.93,55.51,55.67,43522
AFN.DB.F.TO,20240220,99.47,99.95,99.47,99.6,24000
AFN.DB.G.TO,20240220,98.98,99,98.95,98.95,75000
AFN.DB.H.TO,20240220,99,99.69,97.4,97.4,61000
AFN.DB.I.TO,20240220,134.4,134.5,132.45,132.45,576000
AFN.DB.J.TO,20240220,102.05,102.44,101.23,101.25,182000
AGF.B.TO,20240220,7.51,7.57,7.47,7.56,48285
AGI.TO,20240220,16,16.02,15.78,15.92,434897
AI.TO,20240220,11.31,11.32,11.05,11.07,42245
AI.DB.E.TO,20240220,98,99.99,98,99.99,19000
AI.DB.G.TO,20240220,91,91.72,91,91.72,20000
AIDX.TO,20240220,0.85,0.86,0.82,0.83,672370
AIF.TO,20240220,47,47.27,46.31,46.36,62508
AII.TO,20240220,0.63,0.69,0.63,0.66,204447
AIM.TO,20240220,3.19,3.29,3.18,3.22,69225
AIM.PR.A.TO,20240220,15.45,15.45,15.45,15.45,100
AIM.PR.C.TO,20240220,18,18.25,17.75,18.25,1000
AKT.A.TO,20240220,1.51,1.51,1.48,1.5,4700
ALA.TO,20240220,28.12,28.6,28.08,28.48,698229
ALA.PR.B.TO,20240220,20.39,20.39,20.37,20.37,748
ALA.PR.G.TO,20240220,22.6,22.66,22.6,22.65,1400
ALC.TO,20240220,15.16,15.18,15.03,15.05,3261
ALC.DB.A.TO,20240220,105,105.62,104.16,104.16,70000
ALS.TO,20240220,16.96,17.35,16.96,17.26,63016
ALYA.TO,20240220,2,2,1.77,1.77,49513
AMAX.TO,20240220,15.66,15.66,15.54,15.58,701
AMC.TO,20240220,1.95,1.95,1.86,1.9,904045
AND.TO,20240220,39.64,40.28,39.39,40.27,50833
ANRG.TO,20240220,0.28,0.29,0.275,0.29,9750
AOI.TO,20240220,2.3,2.32,2.26,2.27,283094
AOT.TO,20240220,0.6,0.6,0.53,0.56,1104575
AP.UN.TO,20240220,17.85,17.94,17.57,17.7,265333
APLI.TO,20240220,0.025,0.025,0.025,0.025,199207
APR.UN.TO,20240220,10.65,10.66,10.57,10.64,19220
APS.TO,20240220,2.63,2.63,2.58,2.61,14700
AQN.TO,20240220,8.05,8.15,7.97,8,1789931
AQN.PR.D.TO,20240220,21.87,22.07,21.87,22.07,400
AR.TO,20240220,0.39,0.395,0.385,0.385,1205269
AR.DB.U.TO,20240220,83.25,87.47,82.99,82.99,81000
ARA.TO,20240220,0.44,0.46,0.425,0.445,55822
ARB.TO,20240220,26.06,26.06,26.06,26.06,100
ARE.TO,20240220,13.78,13.9,13.69,13.82,308510
ARG.TO,20240220,1.3,1.31,1.28,1.28,115066
ARIS.TO,20240220,3.99,4.03,3.88,3.97,298041
ARIS.WT.B.TO,20240220,1.75,1.75,1.68,1.68,11454
ARKG.TO,20240220,13.26,13.31,13.23,13.23,1046
ARKK.TO,20240220,19.66,19.66,18.87,19.14,12090
ARKW.TO,20240220,24.11,24.24,23.83,23.84,3501
ARR.TO,20240220,7.8,8.06,7.7,8.06,8908
ARX.TO,20240220,22.24,22.5,21.95,21.99,1190166
ASCU.TO,20240220,1.44,1.45,1.38,1.41,9193
ASM.TO,20240220,0.61,0.63,0.61,0.62,34150
ASND.TO,20240220,0.06,0.06,0.06,0.06,12000
ASTL.TO,20240220,11.2,11.35,11.09,11.09,16944
ATCU.TO,20240220,0.38,0.39,0.355,0.355,29310
ATD.TO,20240220,82.01,85.25,82.01,85.07,1619791
ATE.TO,20240220,0.95,0.99,0.94,0.95,63509
ATH.TO,20240220,4.58,4.62,4.51,4.59,2297251
ATRL.TO,20240220,43.73,44.29,42.65,42.75,181758
ATS.TO,20240220,52.83,53.34,51.31,51.37,127770
ATSX.TO,20240220,23.85,23.85,23.85,23.85,322
ATZ.TO,20240220,36.48,36.52,35.35,36.02,275618
AUGB.F.TO,20240220,41.76,41.79,41.7,41.74,93599
AUMN.TO,20240220,0.71,0.71,0.67,0.68,24405
AVCN.TO,20240220,0.4,0.415,0.4,0.41,30400
AVL.TO,20240220,0.08,0.085,0.08,0.085,60338
AVNT.TO,20240220,0.11,0.11,0.105,0.11,396884
AW.UN.TO,20240220,30.65,30.85,30.55,30.61,13966
AX.PR.E.TO,20240220,16.62,16.62,16.6,16.6,3000
AX.PR.I.TO,20240220,17.01,17.08,16.95,16.95,9669
AX.UN.TO,20240220,6.11,6.17,6.07,6.08,95003
AXIS.TO,20240220,0.075,0.105,0.075,0.105,213518
AYA.TO,20240220,10.07,10.21,9.96,9.99,223510
BABY.TO,20240220,0.225,0.235,0.215,0.23,265400
BABY.WT.A.TO,20240220,0.04,0.04,0.04,0.04,58000
BAM.TO,20240220,54.73,55.31,54.71,55.15,1000316
BANK.TO,20240220,7.35,7.39,7.34,7.39,129726
BASE.TO,20240220,25.66,25.66,25.35,25.4,3661
BASE.B.TO,20240220,25.84,25.84,25.84,25.84,700
BB.TO,20240220,3.77,3.78,3.65,3.66,859366
BBD.A.TO,20240220,52.19,53.1,51.88,52.16,5041
BBD.B.TO,20240220,52.05,53.31,51.74,52.19,237921
BBD.PR.B.TO,20240220,17.24,17.25,17.17,17.21,1500
BBD.PR.C.TO,20240220,18.57,18.7,18.57,18.68,5267
BBIG.TO,20240220,25.88,25.88,25.88,25.88,590
BBU.UN.TO,20240220,31.06,31.21,30.4,30.5,7854
BBUC.TO,20240220,32.87,33.38,32.42,32.42,6151
BCE.TO,20240220,50.93,51.57,50.9,51.23,2502203
BCE.PR.A.TO,20240220,17.14,17.2,17.14,17.14,6998
BCE.PR.B.TO,20240220,18.76,18.88,18.72,18.72,7465
BCE.PR.C.TO,20240220,17.23,17.32,17.23,17.27,500
BCE.PR.D.TO,20240220,18.75,18.75,18.65,18.71,1625
BCE.PR.E.TO,20240220,18.8,18.8,18.65,18.65,300
BCE.PR.F.TO,20240220,17.2,17.21,17.15,17.2,3450
BCE.PR.G.TO,20240220,16.2,16.2,16.2,16.2,25000
BCE.PR.H.TO,20240220,18.8,18.85,18.79,18.8,1963
BCE.PR.I.TO,20240220,15.8,15.8,15.8,15.8,600
BCE.PR.J.TO,20240220,18.62,18.62,18.61,18.61,200
BCE.PR.K.TO,20240220,15.13,15.19,15.12,15.19,20800
BCE.PR.L.TO,20240220,17.09,17.49,17.09,17.34,4902
BCE.PR.N.TO,20240220,17.64,17.64,17.4,17.4,1600
BCE.PR.Q.TO,20240220,22.5,22.5,22.36,22.45,6409
BCE.PR.R.TO,20240220,16.24,16.26,16.24,16.25,15300
BCE.PR.S.TO,20240220,18.56,18.67,18.56,18.66,3450
BCE.PR.T.TO,20240220,17.69,17.69,17.69,17.69,200
BCE.PR.Y.TO,20240220,18.47,18.69,18.47,18.6,5993
BCE.PR.Z.TO,20240220,18.3,18.3,18.11,18.11,900
BCT.TO,20240220,4.22,4.62,4.14,4.62,3600
BDGI.TO,20240220,45.41,46.54,45.41,46.06,41420
BDI.TO,20240220,9.01,9.3,9.01,9.25,19333
BDIV.TO,20240220,19.26,19.26,19.26,19.26,240
BDT.TO,20240220,16.88,16.97,16.57,16.91,183271
BEI.UN.TO,20240220,72.62,73.65,72.62,73.5,151408
BEK.B.TO,20240220,11.92,12.56,11.92,12.56,2700
BEP.PR.G.TO,20240220,22.13,22.13,22.13,22.13,450
BEP.PR.M.TO,20240220,19.05,19.1,19.05,19.1,5425
BEP.PR.O.TO,20240220,23.9,23.9,23.78,23.78,702
BEP.PR.R.TO,20240220,17.61,17.77,17.61,17.7,1600
BEP.UN.TO,20240220,32.2,32.58,31.6,31.88,151439
BEPC.TO,20240220,34.22,34.43,33.55,33.78,399081
BEPR.TO,20240220,8.9,8.92,8.9,8.92,1466
BESG.TO,20240220,15.69,15.69,15.63,15.63,246
BFIN.TO,20240220,19.99,20.03,19.99,20.03,322
BGC.TO,20240220,31.87,31.87,31.87,31.87,100
BGI.UN.TO,20240220,4.09,4.09,4.06,4.07,10814
BHC.TO,20240220,11.41,11.63,11.35,11.63,199113
BIK.PR.A.TO,20240220,24.24,24.25,24.24,24.25,800
BIP.PR.A.TO,20240220,18.38,18.51,18.38,18.5,3759
BIP.PR.B.TO,20240220,22.4,22.41,22.4,22.4,2000
BIP.PR.E.TO,20240220,21.7,21.7,21.7,21.7,2781
BIP.PR.F.TO,20240220,21,21.15,21,21.05,7950
BIP.UN.TO,20240220,42.74,43.4,42.71,43.09,389094
BIPC.TO,20240220,48.82,49.95,48.82,49.79,152246
BIR.TO,20240220,5.28,5.3,5.15,5.22,1139716
BITF.TO,20240220,4.91,5.03,4.41,4.69,6926162
BITI.TO,20240220,6.42,6.62,6.42,6.49,203010
BK.TO,20240220,10.36,10.39,10.32,10.35,93570
BK.PR.A.TO,20240220,9.97,9.98,9.95,9.95,35977
BKCC.TO,20240220,13.94,14.03,13.94,14,4445
BKCL.TO,20240220,18.59,18.8,18.59,18.76,29244
BKI.TO,20240220,0.05,0.05,0.05,0.05,64250
BLB.UN.TO,20240220,8.18,8.18,7.68,7.71,4420
BLCK.TO,20240220,27.91,27.91,27.91,27.91,100
BLCO.TO,20240220,19.45,20.06,19.45,19.74,4393
BLDP.TO,20240220,4.28,4.29,4.15,4.2,542822
BLN.TO,20240220,4.3,4.44,4.3,4.4,20091
BLOV.TO,20240220,22.16,22.16,22.16,22.16,100
BLX.TO,20240220,30.36,30.65,29.76,29.76,145514
BMAX.TO,20240220,12.98,13.06,12.98,13.03,3517
BMO.TO,20240220,126.76,128.38,126.5,127.92,4286292
BMO.PR.E.TO,20240220,24.54,24.79,24.54,24.6,12726
BMO.PR.F.TO,20240220,24.71,24.82,24.71,24.73,15100
BMO.PR.S.TO,20240220,21.6,21.77,21.5,21.5,12717
BMO.PR.W.TO,20240220,19.16,19.45,19.16,19.16,1500
BN.TO,20240220,54.15,54.96,54.07,54.65,2590415
BN.PF.A.TO,20240220,21.55,21.55,21.45,21.45,200
BN.PF.B.TO,20240220,19.32,19.44,19.32,19.35,8927
BN.PF.C.TO,20240220,17.72,17.76,17.7,17.7,2350
BN.PF.D.TO,20240220,17.92,17.99,17.9,17.9,1122
BN.PF.E.TO,20240220,16.4,16.4,16.4,16.4,300
BN.PF.F.TO,20240220,19.06,19.06,19.05,19.05,500
BN.PF.G.TO,20240220,17.09,17.09,17.09,17.09,100
BN.PF.I.TO,20240220,20.45,20.6,20.41,20.41,1100
BN.PF.J.TO,20240220,20.7,20.7,20.6,20.6,1330
BN.PF.L.TO,20240220,10.75,10.75,10.73,10.73,1000
BN.PR.B.TO,20240220,12.05,12.05,11.91,11.91,1100
BN.PR.M.TO,20240220,17.8,17.8,17.75,17.75,15500
BN.PR.N.TO,20240220,17.52,17.52,17.5,17.5,2100
BN.PR.T.TO,20240220,15.2,15.21,15.2,15.2,1474
BN.PR.Z.TO,20240220,19.82,19.94,19.82,19.86,4100
BNC.TO,20240220,24.97,25.01,24.97,25.01,6600
BND.TO,20240220,17.43,17.43,17.3,17.32,17369
BNE.TO,20240220,4.76,4.76,4.65,4.67,28429
BNK.TO,20240220,10.63,10.63,10.63,10.63,335
BNKL.TO,20240220,20.79,20.79,20.79,20.79,150
BNRE.TO,20240220,54,54.93,54,54.93,11100
BNRE.A.TO,20240220,54.4,54.92,54.18,54.92,692
BNS.TO,20240220,63.74,64.31,63.73,64.13,4466300
BOND.TO,20240220,21.08,21.08,21.05,21.05,5386
BOS.TO,20240220,5.16,5.3,5.16,5.19,30269
BPF.UN.TO,20240220,15.74,15.74,15.47,15.48,51138
BPO.PR.A.TO,20240220,11.8,11.95,11.8,11.9,5540
BPO.PR.C.TO,20240220,15.35,15.57,15.3,15.5,3434
BPO.PR.E.TO,20240220,12.5,12.5,12.19,12.19,1409
BPO.PR.G.TO,20240220,13.97,13.99,13.85,13.85,3535
BPO.PR.I.TO,20240220,13.1,13.15,13.1,13.1,4819
BPO.PR.N.TO,20240220,9.91,9.95,9.88,9.9,6618
BPO.PR.P.TO,20240220,10.1,10.2,10.1,10.2,13941
BPO.PR.R.TO,20240220,10.2,10.34,10.2,10.3,13180
BPO.PR.T.TO,20240220,13.77,13.85,13.75,13.82,45500
BPO.PR.W.TO,20240220,9.6,9.6,9.52,9.55,3328
BPO.PR.X.TO,20240220,9.22,9.23,9.22,9.22,3200
BPO.PR.Y.TO,20240220,9.35,9.35,9.35,9.35,1300
BPRF.TO,20240220,22.26,22.26,22.26,22.26,2000
BPS.PR.C.TO,20240220,24.98,24.98,24.98,24.98,200
BPYP.PR.A.TO,20240220,17.6,17.65,17.56,17.56,8895
BR.TO,20240220,1.43,1.58,1.43,1.58,413
BRAG.TO,20240220,7.27,7.3,7.1,7.15,12275
BRE.TO,20240220,13.8,13.85,13.45,13.57,13938
BRF.PR.A.TO,20240220,16.47,16.47,16,16,2200
BRF.PR.C.TO,20240220,19.42,19.42,19.4,19.41,2200
BRF.PR.E.TO,20240220,17.5,17.5,17.3,17.4,1900
BRF.PR.F.TO,20240220,17.47,17.62,17.3,17.47,850
BRMI.TO,20240220,1.06,1.06,1,1,20700
BSKT.TO,20240220,8.46,8.46,8.46,8.46,2200
BSX.TO,20240220,0.045,0.045,0.045,0.045,78672
BTB.DB.G.TO,20240220,99,99.4,99,99.4,54000
BTB.UN.TO,20240220,2.99,3.01,2.98,2.99,100762
BTCC.TO,20240220,9.94,9.94,9.65,9.85,523395
BTCC.B.TO,20240220,10.11,10.13,9.84,10.07,749268
BTCC.U.TO,20240220,9.49,9.52,9.26,9.45,219133
BTCQ.TO,20240220,11.41,11.41,11.11,11.35,48161
BTCQ.U.TO,20240220,8.41,8.41,8.2,8.22,16300
BTCX.B.TO,20240220,10.48,10.48,10.19,10.4,506403
BTCX.U.TO,20240220,9.79,9.8,9.57,9.75,44983
BTCY.TO,20240220,5.74,5.75,5.62,5.75,26085
BTCY.B.TO,20240220,6.5,6.5,6.44,6.5,12068
BTCY.U.TO,20240220,5.48,5.48,5.48,5.48,1200
BTE.TO,20240220,4.44,4.5,4.39,4.43,2372691
BTO.TO,20240220,3.45,3.45,3.4,3.42,1672741
BU.TO,20240220,0.21,0.215,0.2,0.2,48035
BUI.TO,20240220,2.19,2.19,2.19,2.19,100
BXF.TO,20240220,9.87,9.87,9.85,9.85,16950
BYD.TO,20240220,310.33,312.46,303.77,306.23,27638
BYL.TO,20240220,0.23,0.23,0.21,0.21,19250
CACB.TO,20240220,19.36,19.42,19.36,19.41,386176
CAE.TO,20240220,25.71,26.32,25.71,26.05,840190
CAFR.TO,20240220,19.84,19.84,19.81,19.81,7101
CALL.TO,20240220,11.44,11.49,11.36,11.47,22355
CALL.B.TO,20240220,14.25,14.3,14.25,14.26,500
CANL.TO,20240220,21.27,21.27,21.27,21.27,120
CAR.UN.TO,20240220,49.7,50.29,49.48,50.28,427387
CARB.TO,20240220,5.54,5.6,5.54,5.6,1084
CARS.TO,20240220,21.01,21.01,20.69,20.82,1588
CARS.B.TO,20240220,23.94,23.94,23.94,23.94,700
CAS.TO,20240220,14.24,14.74,14.24,14.67,236161
CASH.TO,20240220,50.13,50.13,50.12,50.12,276769
CBCX.TO,20240220,20.2,20.2,18.62,19.22,850
CBH.TO,20240220,17.25,17.26,17.23,17.23,60608
CBIL.TO,20240220,50.09,50.1,50.09,50.1,30139
CBND.TO,20240220,8.83,8.84,8.83,8.84,300
CBNK.TO,20240220,7.13,7.15,7.12,7.13,26266
CBO.TO,20240220,17.65,17.68,17.65,17.68,28917
CBUG.TO,20240220,25.41,25.48,25.41,25.48,1100
CCA.TO,20240220,62.1,62.81,58.8,61.17,233138
CCBI.TO,20240220,17.66,17.66,17.65,17.66,9369
CCEI.TO,20240220,22.84,22.84,22.82,22.84,54600
CCL.A.TO,20240220,59.5,59.5,59.5,59.5,400
CCL.B.TO,20240220,58.12,59.38,58.12,58.63,173980
CCM.TO,20240220,0.19,0.195,0.19,0.195,23699
CCNS.TO,20240220,17.85,17.85,17.85,17.85,274
CCO.TO,20240220,56.86,57.66,55.53,56.05,1554624
CCRE.TO,20240220,17.68,17.69,17.64,17.64,5899
CCS.PR.C.TO,20240220,19.09,19.09,18.9,18.92,2980
CDIV.TO,20240220,13.1,13.1,13.07,13.08,9030
CDNA.TO,20240220,17.17,17.17,17.08,17.08,1900
CDR.TO,20240220,2.32,2.72,2.32,2.45,88395
CDZ.TO,20240220,31.34,31.47,31.34,31.39,17223
CEE.TO,20240220,1.57,1.6,1.54,1.6,1800
CEF.TO,20240220,25.23,25.23,25.08,25.1,9980
CEF.U.TO,20240220,18.63,18.63,18.61,18.61,300
CEMI.TO,20240220,17.18,17.28,17.18,17.28,300
CET.TO,20240220,0.88,0.89,0.87,0.89,39330
CEU.TO,20240220,4.18,4.18,4.08,4.16,120480
CEW.TO,20240220,16.79,16.97,16.79,16.9,16418
CF.TO,20240220,8.5,8.72,8.5,8.63,99441
CF.PR.A.TO,20240220,13.8,13.8,13.8,13.8,1350
CF.PR.C.TO,20240220,18.21,18.21,18.21,18.21,300
CFF.TO,20240220,0.72,0.75,0.72,0.75,9808
CFLX.TO,20240220,16.96,16.96,16.96,16.96,300
CFP.TO,20240220,16.23,16.44,15.95,16.41,157057
CFRT.TO,20240220,20.45,20.45,20.45,20.45,300
CFW.TO,20240220,5.16,5.25,5.15,5.22,7756
CFX.TO,20240220,1.59,1.59,1.52,1.57,7508
CG.TO,20240220,6.9,7.05,6.78,6.89,351880
CGBI.TO,20240220,17.42,17.43,17.41,17.41,52800
CGDV.TO,20240220,21.35,21.35,21.35,21.35,864
CGG.TO,20240220,5.7,6.06,5.7,6.04,36298
CGHY.TO,20240220,10,10,10,10,100
CGI.TO,20240220,36.1,36.1,35.57,35.74,1010
CGIN.TO,20240220,20.66,20.66,20.52,20.52,2834
CGL.TO,20240220,16.2,16.21,16.16,16.18,18788
CGL.C.TO,20240220,23.18,23.22,23.17,23.17,4252
CGLO.TO,20240220,27.18,27.22,27.16,27.21,1500
CGO.TO,20240220,59.94,59.94,57.75,58.29,17177
CGR.TO,20240220,27.41,27.52,27.4,27.4,3504
CGRE.TO,20240220,20.63,20.63,20.63,20.63,193
CGX.TO,20240220,8.15,8.21,8.02,8.2,345504
CGX.DB.B.TO,20240220,104.25,106.5,104.05,106.5,32000
CGXF.TO,20240220,8.57,8.57,8.38,8.42,10664
CGY.TO,20240220,60.11,60.84,59.82,60.42,6179
CHE.DB.E.TO,20240220,100.2,100.25,100.2,100.25,30000
CHE.DB.F.TO,20240220,124,124,124,124,12000
CHE.DB.G.TO,20240220,102.08,102.95,102,102.95,134000
CHE.DB.H.TO,20240220,99.5,100.19,99.15,100.19,50000
CHE.UN.TO,20240220,8.79,8.79,8.69,8.74,187907
CHNA.B.TO,20240220,18.84,18.84,18.84,18.84,103
CHP.UN.TO,20240220,13.58,13.72,13.54,13.7,535387
CHPS.TO,20240220,35.24,35.24,34.43,34.81,9697
CHR.TO,20240220,2.4,2.4,2.33,2.36,278603
CHR.DB.A.TO,20240220,96.13,96.13,96.11,96.11,15000
CHR.DB.B.TO,20240220,99.89,99.89,99.89,99.89,9000
CHW.TO,20240220,8.4,8.5,8.4,8.5,300
CIA.TO,20240220,7.16,7.24,6.95,6.99,337864
CIC.TO,20240220,10.64,10.7,10.64,10.68,3542
CIEH.TO,20240220,19.94,19.94,19.94,19.94,100
CIEI.TO,20240220,22.28,22.28,22.28,22.28,100
CIEM.TO,20240220,18.59,18.59,18.59,18.59,129
CIF.TO,20240220,39.47,39.47,38.65,38.7,15294
CIGI.TO,20240220,171.15,172.64,168.6,169.06,42487
CINF.TO,20240220,23.6,23.6,23.57,23.59,2500
CINT.TO,20240220,22.62,22.62,22.58,22.58,4079
CIQ.UN.TO,20240220,6.67,6.67,6.67,6.67,200
CIU.PR.A.TO,20240220,17.79,17.79,17.79,17.79,100
CIX.TO,20240220,16.09,16.19,15.99,16.04,145691
CJ.TO,20240220,6.55,6.58,6.44,6.49,429212
CJR.B.TO,20240220,0.81,0.82,0.79,0.8,354084
CJT.TO,20240220,119.85,120.73,119.21,119.21,42108
CJT.DB.F.TO,20240220,98.25,98.48,97.7,97.7,45000
CLF.TO,20240220,16.81,16.82,16.8,16.81,13052
CLG.TO,20240220,16.71,16.73,16.7,16.71,58621
CLMT.TO,20240220,15.62,15.67,15.62,15.67,1800
CLP.UN.TO,20240220,6.24,6.32,6.24,6.24,32300
CLS.TO,20240220,52.71,53,50.18,50.63,702864
CM.TO,20240220,61.9,63.09,61.9,62.82,2832510
CM.PR.O.TO,20240220,20.72,20.85,20.72,20.75,24913
CM.PR.P.TO,20240220,18.77,18.81,18.77,18.81,100621
CM.PR.Q.TO,20240220,19.7,19.7,19.64,19.64,3450
CM.PR.S.TO,20240220,22.05,22.05,21.8,21.8,5828
CM.PR.T.TO,20240220,24.89,24.89,24.72,24.8,6420
CM.PR.Y.TO,20240220,24.75,24.75,24.75,24.75,5600
CMAG.TO,20240220,30.51,30.51,30.18,30.3,1346
CMAG.U.TO,20240220,22.72,22.72,22.72,22.72,4500
CMAR.TO,20240220,17.81,17.93,17.81,17.93,2263
CMCX.B.TO,20240220,11.35,11.35,11.35,11.35,226
CMDO.TO,20240220,19.12,19.15,19.06,19.06,11339
CMG.TO,20240220,9.44,9.86,9.44,9.8,113801
CMGG.TO,20240220,25.09,25.09,24.71,24.71,30639
CMNY.TO,20240220,50.18,50.18,50.17,50.17,1615
CMR.TO,20240220,50.18,50.18,50.17,50.18,39751
CNAO.TO,20240220,24.69,24.69,24.69,24.69,3200
CNAO.U.TO,20240220,25.1,25.11,25.08,25.11,10000
CNCC.TO,20240220,12,12.05,12,12.02,17800
CNCL.TO,20240220,19.46,19.46,19.44,19.44,615
CNE.TO,20240220,5.86,5.86,5.42,5.44,57479
CNL.TO,20240220,3.89,3.89,3.78,3.84,13400
CNQ.TO,20240220,85,86.5,84.84,85.43,9201735
CNR.TO,20240220,174.59,175.48,172.58,173.12,1889366
COG.TO,20240220,0.42,0.42,0.41,0.41,40609
COMM.TO,20240220,31.88,31.96,31.88,31.91,1000
COW.TO,20240220,60.3,60.53,60.25,60.36,5878
CP.TO,20240220,115.02,115.97,114.24,114.79,1420091
CPD.TO,20240220,11.27,11.3,11.25,11.25,51640
CPG.TO,20240220,9.18,9.31,9.17,9.24,3638944
CPH.TO,20240220,7.74,7.75,7.14,7.44,47701
CPLF.TO,20240220,6.2,6.2,6.07,6.13,6140
CPLS.TO,20240220,17.69,17.69,17.69,17.69,500
CPX.TO,20240220,36.55,37.48,36.55,37.36,382303
CPX.PR.C.TO,20240220,22.6,22.6,22.59,22.6,2992
CPX.PR.E.TO,20240220,22,22,21.99,22,5200
CPX.PR.K.TO,20240220,24.77,24.99,24.77,24.92,6622
CR.TO,20240220,4.21,4.21,4.11,4.11,93885
CRDL.TO,20240220,1.99,2.3,1.98,2.25,428050
CRON.TO,20240220,3.03,3.05,2.96,2.97,147405
CROP.TO,20240220,17.75,17.76,17.73,17.75,5138
CRP.TO,20240220,2.51,2.81,2.45,2.64,27263
CRR.UN.TO,20240220,13.95,14,13.74,13.84,75194
CRRX.TO,20240220,1.56,1.58,1.55,1.58,2910
CRT.UN.TO,20240220,14.41,14.42,14.21,14.25,78516
CS.TO,20240220,6.99,7.11,6.96,7.04,1399529
CSAV.TO,20240220,50.18,50.18,50.17,50.18,31154
CSE.PR.A.TO,20240220,13.3,13.3,13.25,13.25,800
CSH.UN.TO,20240220,12.21,12.34,12.14,12.18,202817
CSU.TO,20240220,3630,3739.6,3630,3722.93,49334
CSU.DB.TO,20240220,129.5,129.5,129,129.01,34000
CSW.A.TO,20240220,13.2,13.25,12.85,13.07,24802
CSW.B.TO,20240220,11.85,11.95,11.84,11.89,2623
CTC.TO,20240220,244,244,244,244,154
CTC.A.TO,20240220,138.7,140,136.3,139.56,700310
CTF.UN.TO,20240220,2.49,2.51,2.29,2.51,15505
CTS.TO,20240220,4.49,4.57,4.42,4.48,295589
CTX.TO,20240220,0.44,0.44,0.44,0.44,5500
CU.TO,20240220,30.1,30.63,30.1,30.53,824713
CU.PR.C.TO,20240220,19.35,19.35,19.28,19.28,600
CU.PR.D.TO,20240220,19.29,19.29,19.25,19.25,2410
CU.PR.E.TO,20240220,19.02,19.25,19.02,19.2,3000
CU.PR.F.TO,20240220,17.75,17.76,17.75,17.75,9600
CU.PR.G.TO,20240220,17.78,17.78,17.75,17.75,2935
CU.PR.H.TO,20240220,21.15,21.15,21,21,400
CU.PR.I.TO,20240220,23.06,23.06,22.95,22.95,1000
CUD.TO,20240220,49.56,50,49.56,49.97,1501
CUEH.TO,20240220,20.48,20.48,20.38,20.41,1878
CUEI.TO,20240220,26.7,26.7,26.57,26.58,3161
CUP.U.TO,20240220,11.95,11.95,11.75,11.75,612
CURA.TO,20240220,6.75,6.85,6.64,6.75,116822
CVD.TO,20240220,16.5,16.79,16.5,16.78,1560
CVE.TO,20240220,23.5,23.77,23.14,23.24,5110292
CVE.PR.A.TO,20240220,15.02,15.23,15.02,15.23,300
CVE.PR.B.TO,20240220,16.89,16.89,16.89,16.89,800
CVE.PR.C.TO,20240220,22.95,22.95,22.9,22.93,4124
CVE.PR.E.TO,20240220,23.5,23.5,23.5,23.5,1000
CVE.PR.G.TO,20240220,22.6,22.75,22.6,22.75,19100
CVE.WT.TO,20240220,17.1,17.16,16.68,16.68,8902
CVG.TO,20240220,73.35,74.03,73.35,74.03,324
CVO.TO,20240220,10.71,10.92,10.54,10.72,81332
CWB.TO,20240220,28.69,29.55,28.69,29.2,406850
CWB.PR.B.TO,20240220,21.71,21.71,21.45,21.5,2600
CWB.PR.D.TO,20240220,24.97,24.97,24.85,24.85,461
CWEB.TO,20240220,0.185,0.2,0.18,0.19,18333
CWW.TO,20240220,52.22,52.55,52.22,52.55,2042
CXB.TO,20240220,1.56,1.58,1.5,1.51,1998168
CXF.TO,20240220,10,10.36,10,10.35,69783
CXI.TO,20240220,23.95,24.44,23.95,24.09,6445
CYB.TO,20240220,66.2,66.22,65.41,65.68,3663
CYBR.TO,20240220,48.21,48.22,47.8,48,4272
CYH.TO,20240220,19.74,19.74,19.7,19.7,1480
D.UN.TO,20240220,8,8.51,8,8.46,230103
DANC.TO,20240220,21.9,21.9,21.89,21.89,714
DATA.TO,20240220,22.75,22.75,22.54,22.63,1316
DAY.TO,20240220,97.21,97.72,96.55,96.89,7877
DBM.TO,20240220,7.96,7.96,7.74,7.75,159668
DBO.TO,20240220,0.08,0.08,0.08,0.08,3000
DC.A.TO,20240220,0.75,0.75,0.74,0.74,14000
DCBO.TO,20240220,62.49,63.99,61.71,62.21,36100
DCG.TO,20240220,17.67,17.69,17.67,17.69,4500
DCM.TO,20240220,3.27,3.29,3.1,3.2,24892
DCS.TO,20240220,18.34,18.36,18.34,18.36,407
DCU.TO,20240220,17.4,17.4,17.37,17.4,6176
DF.TO,20240220,4.22,4.34,4.21,4.26,91028
DF.PR.A.TO,20240220,9.96,9.96,9.94,9.94,11979
DFN.TO,20240220,5.25,5.32,5.22,5.3,390814
DFN.PR.A.TO,20240220,9.89,9.89,9.87,9.87,110530
DFY.TO,20240220,41.61,44.35,41.61,43.77,259566
DGR.TO,20240220,42.11,42.11,41.94,41.94,3003
DGR.B.TO,20240220,46.49,46.5,46.35,46.4,2944
DGRC.TO,20240220,36,36.04,35.93,35.97,2836
DGS.TO,20240220,5.57,5.62,5.52,5.61,97040
DGS.PR.A.TO,20240220,9.99,10,9.99,10,10708
DHT.U.TO,20240220,10.73,10.73,10.72,10.73,2100
DHT.UN.TO,20240220,14.4,14.54,14.34,14.51,15783
DIAM.TO,20240220,0.08,0.08,0.075,0.08,127000
DII.B.TO,20240220,5.37,5.52,5.37,5.48,3720
DIR.UN.TO,20240220,13.45,13.56,13.44,13.53,378115
DISC.TO,20240220,37.15,37.15,37.07,37.11,882
DIV.TO,20240220,2.79,2.8,2.75,2.75,259241
DIV.DB.A.TO,20240220,94.4,94.4,94,94.06,18000
DIVS.TO,20240220,14.67,14.76,14.67,14.74,900
DLCG.TO,20240220,2.79,2.8,2.79,2.8,200
DLR.TO,20240220,13.69,13.72,13.69,13.72,581329
DLR.U.TO,20240220,10.14,10.14,10.13,10.14,468847
DML.TO,20240220,2.58,2.6,2.42,2.44,2418168
DN.TO,20240220,0.025,0.025,0.025,0.025,199570
DND.TO,20240220,12.79,13.41,12.6,13.4,202556
DNG.TO,20240220,4.04,4.04,3.98,3.98,13788
DNTL.TO,20240220,7.3,7.3,7.04,7.06,145150
DOL.TO,20240220,103.59,104.75,103.59,104.42,487777
DOO.TO,20240220,88.98,90.34,87.85,90.34,81570
DPM.TO,20240220,8.65,9.16,8.65,8.78,2247046
DQD.TO,20240220,43.2,43.2,42.94,43.03,509
DR.TO,20240220,9.56,9.77,9.43,9.5,58709
DRCU.TO,20240220,18.23,18.26,18.23,18.26,478
DRFC.TO,20240220,26.98,27.13,26.98,27.02,7491
DRFD.TO,20240220,21.3,21.45,21.3,21.45,300
DRFE.TO,20240220,20.77,20.77,20.77,20.77,600
DRFG.TO,20240220,26.37,26.37,26.37,26.37,100
DRFU.TO,20240220,30.02,30.05,29.94,30.02,1275
DRM.TO,20240220,22.69,22.69,20.84,21.08,43109
DRMC.TO,20240220,26.74,26.83,26.74,26.75,1515
DRME.TO,20240220,16.26,16.36,16.26,16.34,434
DRMU.TO,20240220,35.95,35.95,35.71,35.76,1014
DRR.UN.TO,20240220,9.15,9.15,9.15,9.15,1400
DRT.TO,20240220,0.62,0.62,0.6,0.61,31307
DRX.TO,20240220,9,9.09,8.6,8.66,54320
DS.TO,20240220,6.17,6.23,6.15,6.22,7429
DSAE.TO,20240220,22.82,22.82,22.82,22.82,100
DSG.TO,20240220,117.14,117.7,115.98,116.85,83252
DSV.TO,20240220,0.61,0.62,0.59,0.61,502043
DTOL.TO,20240220,10.18,10.2,10.15,10.15,4211
DXB.TO,20240220,18.14,18.14,18.14,18.14,2240
DXBC.TO,20240220,21.2,21.2,21.2,21.2,2300
DXBU.TO,20240220,21.53,21.55,21.53,21.55,1400
DXC.TO,20240220,34.6,34.78,34.6,34.73,24630
DXDB.TO,20240220,20.46,20.58,20.46,20.55,12173
DXEM.TO,20240220,12.51,12.51,12.51,12.51,1000
DXG.TO,20240220,56.45,56.63,55.96,56.19,16776
DXGE.TO,20240220,22.17,22.17,22.12,22.12,14200
DXIF.TO,20240220,21.67,21.67,21.67,21.67,1102
DXN.TO,20240220,19,19,19,19,666
DXO.TO,20240220,19.09,19.2,19.09,19.2,2338
DXP.TO,20240220,20.5,20.59,20.43,20.54,8155
DXQ.TO,20240220,23.96,23.96,23.88,23.91,8518
DXT.TO,20240220,5.88,5.9,5.85,5.9,14155
DXU.TO,20240220,53.32,53.4,53.15,53.36,1617
DXUS.TO,20240220,23.8,23.8,23.65,23.65,5700
DXV.TO,20240220,19.63,19.69,19.63,19.68,8087
DXW.TO,20240220,21.91,22.06,21.91,21.92,2200
DXZ.TO,20240220,12.09,12.09,12.01,12.04,4000
DYA.TO,20240220,0.155,0.16,0.155,0.16,22800
E.TO,20240220,0.87,0.92,0.86,0.91,50440
EAGR.TO,20240220,0.54,0.55,0.54,0.55,11124
EBIT.TO,20240220,25.64,25.64,24.96,25.47,54391
EBIT.U.TO,20240220,18.98,18.98,18.49,18.97,4922
EBNK.TO,20240220,9.93,9.93,9.93,9.93,111
ECN.TO,20240220,2.66,2.76,2.6,2.65,161769
ECN.DB.A.TO,20240220,82.8,85,82.8,84.5,46999
ECN.DB.B.TO,20240220,85,85,85,85,25000
ECN.PR.C.TO,20240220,18.1,18.13,18,18,3200
ECO.TO,20240220,5.69,5.69,5.39,5.55,15644
ECOR.TO,20240220,1.4,1.4,1.34,1.34,7121
EDGE.TO,20240220,35.6,35.6,34.98,34.98,625
EDGF.TO,20240220,9.9,9.9,9.9,9.9,2420
EDR.TO,20240220,2.05,2.05,1.95,2,526239
EDT.TO,20240220,0.59,0.6,0.59,0.6,118333
EDV.TO,20240220,22.1,22.48,22,22.46,435560
EFN.TO,20240220,22.55,22.71,22.45,22.68,285534
EFN.DB.B.TO,20240220,193.28,193.28,193.28,193.28,15000
EFN.PR.C.TO,20240220,24.98,25.05,24.95,24.95,7250
EFN.PR.E.TO,20240220,24.77,24.77,24.77,24.77,100
EFR.TO,20240220,8.71,8.8,8.28,8.33,508764
EFX.TO,20240220,7.05,7.08,6.8,6.95,295015
EGLX.TO,20240220,0.17,0.18,0.165,0.18,77064
EIF.TO,20240220,46.6,46.8,45.8,46.05,83489
EIF.DB.J.TO,20240220,100.2,101.68,100.2,101.54,38000
EIF.DB.K.TO,20240220,101.05,101.05,101.05,101.05,5000
EIF.DB.L.TO,20240220,98.5,98.5,98.5,98.5,20000
EIF.DB.M.TO,20240220,94.5,96.5,94.47,96.5,133000
EIT.PR.A.TO,20240220,25.14,25.16,25.14,25.15,9800
EIT.PR.B.TO,20240220,24.79,24.8,24.76,24.77,500
EIT.UN.TO,20240220,13.25,13.29,13.21,13.25,197868
ELD.TO,20240220,14.92,15.31,14.79,15.27,416395
ELEF.TO,20240220,0.28,0.28,0.28,0.28,6301
ELF.PR.H.TO,20240220,21.26,21.35,21.25,21.25,7000
ELO.TO,20240220,1.38,1.38,1.3,1.3,153093
ELR.TO,20240220,0.125,0.13,0.125,0.13,22938
ELVA.TO,20240220,5.29,5.49,5.29,5.48,6302
EMA.TO,20240220,48.09,48.71,47.99,48.09,1170333
EMA.PR.B.TO,20240220,16.35,16.35,16.34,16.34,428
EMA.PR.C.TO,20240220,21.42,21.42,21.07,21.25,1800
EMA.PR.E.TO,20240220,17.32,17.32,17.1,17.1,3000
EMA.PR.F.TO,20240220,18.68,19,18.68,19,15426
EMA.PR.H.TO,20240220,21.5,21.5,21.37,21.37,6750
EMA.PR.J.TO,20240220,20.45,20.45,20.45,20.45,200
EMA.PR.L.TO,20240220,17.37,17.43,17.35,17.43,2800
EMAX.TO,20240220,16.4,16.45,16.32,16.33,9750
EMP.A.TO,20240220,34.48,34.71,34.2,34.31,353143
EMV.B.TO,20240220,27.39,27.51,27.39,27.51,2085
ENB.TO,20240220,46.13,46.86,46.13,46.56,12975510
ENB.PF.A.TO,20240220,17.37,17.37,17.35,17.35,1400
ENB.PF.C.TO,20240220,16.8,16.8,16.75,16.77,2577
ENB.PF.E.TO,20240220,16.35,16.35,16.23,16.24,4800
ENB.PF.G.TO,20240220,15.97,16.03,15.97,16.03,1213
ENB.PF.K.TO,20240220,20.9,20.9,20.75,20.75,2671
ENB.PF.U.TO,20240220,20.1,20.15,20.05,20.11,3200
ENB.PF.V.TO,20240220,21.65,21.74,21.5,21.5,3677
ENB.PR.A.TO,20240220,21.1,21.15,20.8,20.8,3628
ENB.PR.B.TO,20240220,16.42,16.48,16.42,16.44,3400
ENB.PR.D.TO,20240220,17.05,17.05,16.93,16.96,7126
ENB.PR.F.TO,20240220,17.62,17.62,17.4,17.4,2600
ENB.PR.G.TO,20240220,19.7,19.7,19.5,19.5,350
ENB.PR.H.TO,20240220,19.15,19.15,18.95,18.95,2550
ENB.PR.J.TO,20240220,18.55,18.7,18.47,18.5,13100
ENB.PR.N.TO,20240220,20.53,20.7,20.5,20.5,5921
ENB.PR.P.TO,20240220,18.65,18.65,18.31,18.33,5134
ENB.PR.T.TO,20240220,18.15,18.2,18.07,18.07,5484
ENB.PR.V.TO,20240220,21.7,21.71,21.7,21.7,2450
ENB.PR.Y.TO,20240220,16.8,16.85,16.73,16.73,3400
ENCC.TO,20240220,10.62,10.68,10.59,10.61,96076
ENCL.TO,20240220,18.84,18.93,18.78,18.86,54671
ENGH.TO,20240220,34.92,35,34.19,34.5,19188
ENI.UN.TO,20240220,1.5,1.5,1.5,1.5,4300
ENS.TO,20240220,11.55,11.66,11.49,11.52,43646
ENS.PR.A.TO,20240220,10.22,10.22,10.15,10.15,29888
EPRX.TO,20240220,7.39,7.43,7.15,7.17,45412
EPRX.WT.TO,20240220,0.81,0.81,0.81,0.81,500
EQB.TO,20240220,89.44,92.6,89.44,90.85,50980
EQB.PR.C.TO,20240220,24.5,24.55,24.5,24.5,1668
EQCL.TO,20240220,21.23,21.23,21.15,21.19,2982
EQL.TO,20240220,32.79,32.86,32.7,32.81,58267
EQL.F.TO,20240220,28.48,28.5,28.37,28.41,14907
EQL.U.TO,20240220,24.24,24.26,24.24,24.24,5000
EQX.TO,20240220,6.25,6.3,6.13,6.24,234339
ERD.TO,20240220,0.39,0.39,0.38,0.39,206341
ERE.UN.TO,20240220,2.36,2.38,2.34,2.34,73067
ERF.TO,20240220,21.93,22.06,21.65,21.85,533361
ERO.TO,20240220,21.69,21.73,20.87,21,183229
ESG.TO,20240220,35.54,35.54,35.28,35.31,2962
ESG.F.TO,20240220,33.6,33.6,33.46,33.54,800
ESGA.TO,20240220,34.36,34.36,34.28,34.28,688
ESGB.TO,20240220,26.73,26.8,26.73,26.8,200
ESGC.TO,20240220,24.5,24.5,24.45,24.5,1610
ESGE.TO,20240220,33.07,33.07,32.85,32.91,636
ESGF.TO,20240220,24.14,24.14,24.14,24.14,100
ESGH.TO,20240220,26.88,26.88,26.88,26.88,100
ESGY.TO,20240220,48.35,48.35,47.85,48,1968
ESI.TO,20240220,2.22,2.24,2.13,2.16,237341
ESM.TO,20240220,0.03,0.035,0.03,0.03,43186
ESP.TO,20240220,3.23,3.25,3.23,3.25,6500
ESPX.TO,20240220,22.8,22.8,22.72,22.78,1442
ET.TO,20240220,14.69,14.77,14.33,14.51,7893
ETC.TO,20240220,11.58,11.69,11.42,11.68,13083
ETC.U.TO,20240220,10.64,10.64,10.64,10.64,110
ETG.TO,20240220,1.18,1.19,1.18,1.18,1214
ETHH.TO,20240220,12.08,12.12,11.72,12.09,109308
ETHH.B.TO,20240220,13.94,14,13.03,13.98,354216
ETHH.U.TO,20240220,12.79,12.94,12.01,12.94,8033
ETHI.TO,20240220,49.98,49.98,49.34,49.37,3731
ETHQ.TO,20240220,15.81,15.9,15.45,15.89,18216
ETHQ.U.TO,20240220,11.58,11.75,11.51,11.75,500
ETHR.TO,20240220,13.55,13.91,13.51,13.89,35625
ETHR.U.TO,20240220,12.62,12.8,12.47,12.8,4900
ETHX.B.TO,20240220,14.29,14.57,14.05,14.54,569963
ETHX.U.TO,20240220,12.61,13.44,12.6,13.44,110733
ETHY.TO,20240220,4.1,4.19,4.07,4.18,44545
ETHY.B.TO,20240220,5,5.14,5,5.13,29063
ETHY.U.TO,20240220,3.99,4.02,3.99,4.02,325
ETSX.TO,20240220,19.63,19.63,19.62,19.62,1543
EXE.TO,20240220,6.88,6.91,6.69,6.77,181626
EXE.DB.C.TO,20240220,98.98,99,98.98,99,49000
EXN.TO,20240220,0.08,0.08,0.08,0.08,53751
EXRO.TO,20240220,0.9,0.9,0.87,0.89,113250
EXRO.WT.TO,20240220,0.185,0.2,0.185,0.2,16000
FANS.TO,20240220,0.04,0.045,0.04,0.045,85365
FAP.TO,20240220,2.72,2.73,2.71,2.72,55719
FAR.TO,20240220,2.68,2.71,2.62,2.68,98796
FBGO.TO,20240220,17.49,17.49,17.49,17.49,1000
FBTC.TO,20240220,23.51,23.51,22.88,23.5,54657
FBTC.U.TO,20240220,17.24,17.31,17.24,17.31,13750
FC.TO,20240220,11.36,11.49,11.35,11.45,18102
FCCB.TO,20240220,21.98,22.03,21.95,22,11742
FCCD.TO,20240220,26.51,26.62,26.49,26.51,6840
FCCM.TO,20240220,10.86,10.86,10.83,10.83,5200
FCCQ.TO,20240220,31.77,31.9,31.77,31.82,1281
FCCV.TO,20240220,13.25,13.3,13.25,13.28,25610
FCD.UN.TO,20240220,4.85,4.91,4.85,4.91,10089
FCGB.TO,20240220,21.58,21.66,21.58,21.61,17205
FCGI.TO,20240220,12.86,12.86,12.86,12.86,780
FCID.TO,20240220,25.5,25.5,25.47,25.47,960
FCIG.TO,20240220,21.45,21.45,21.34,21.35,9883
FCII.TO,20240220,19.97,19.97,19.97,19.97,309
FCIL.TO,20240220,28.03,28.12,27.98,28.12,2137
FCIM.TO,20240220,11.35,11.36,11.27,11.27,7800
FCIQ.TO,20240220,36.34,36.41,36.29,36.3,1645
FCIV.TO,20240220,32.75,33.11,32.75,33.09,13227
FCMI.TO,20240220,12.09,12.09,12.09,12.09,2770
FCMO.TO,20240220,12.04,12.04,12.04,12.04,2244
FCQH.TO,20240220,48.44,48.44,48.43,48.43,313
FCR.UN.TO,20240220,16.28,16.61,16.28,16.61,267688
FCRH.TO,20240220,33,33,33,33,697
FCRR.TO,20240220,36.48,36.5,36.48,36.5,1947
FCSB.TO,20240220,24.7,24.7,24.66,24.66,4900
FCSI.TO,20240220,19.75,19.75,19.75,19.75,100
FCU.TO,20240220,1.11,1.12,1.03,1.06,3615382
FCUD.TO,20240220,32.26,32.26,32.1,32.17,3079
FCUH.TO,20240220,28.94,28.94,28.87,28.89,1980
FCUL.TO,20240220,43.65,44.06,43.65,44.06,1306
FCUQ.TO,20240220,51.69,51.69,51.55,51.69,2079
FCUV.TO,20240220,15.73,15.75,15.68,15.7,11217
FCUV.U.TO,20240220,11.62,11.62,11.62,11.62,300
FCVH.TO,20240220,15.17,15.2,15.17,15.17,5700
FDGE.TO,20240220,0.34,0.345,0.34,0.34,4500
FDL.TO,20240220,30.58,30.58,30.58,30.58,200
FDN.TO,20240220,21.52,21.57,21.51,21.51,768
FDY.TO,20240220,0.5,0.5,0.485,0.49,142600
FEBB.F.TO,20240220,41.35,41.41,41.35,41.37,203850
FEC.TO,20240220,8.24,8.32,7.96,7.99,48947
FETH.TO,20240220,53.03,54.45,53.03,54.37,1379
FF.TO,20240220,0.115,0.125,0.115,0.12,596814
FFH.TO,20240220,1365.27,1380,1348.48,1361.73,72473
FFH.PR.C.TO,20240220,20.59,20.65,20.59,20.65,1314
FFH.PR.D.TO,20240220,20.7,20.88,20.7,20.87,4800
FFH.PR.E.TO,20240220,16,16,16,16,200
FFH.PR.G.TO,20240220,16.38,16.52,16.36,16.51,6355
FFH.PR.I.TO,20240220,17.3,17.38,17.3,17.38,4800
FFH.PR.K.TO,20240220,19.7,19.7,19.65,19.65,2100
FFH.PR.M.TO,20240220,22.85,22.85,22.85,22.85,100
FFN.TO,20240220,4.92,5,4.9,5,435902
FFN.PR.A.TO,20240220,10.18,10.18,10.16,10.17,32235
FGAA.U.TO,20240220,9.7,9.7,9.7,9.7,200
FGB.TO,20240220,17.86,17.86,17.86,17.86,300
FGGE.TO,20240220,23.35,23.36,23.35,23.36,2800
FGO.TO,20240220,9.9,9.9,9.9,9.9,8168
FGO.U.TO,20240220,10.05,10.05,10.04,10.04,1100
FHG.TO,20240220,47.45,47.56,47.4,47.54,1279
FHI.TO,20240220,11.92,11.92,11.92,11.92,440
FHIS.TO,20240220,20.59,20.59,20.54,20.56,11935
FHQ.TO,20240220,85.47,86.18,85.47,86.12,1200
FIE.TO,20240220,7,7.04,7,7.02,113090
FIG.TO,20240220,9.23,9.23,9.2,9.2,4300
FIH.U.TO,20240220,14.35,14.85,14.2,14.54,22925
FIL.TO,20240220,21.16,21.48,20.94,21.42,197458
FINE.TO,20240220,19.7,20.19,19.7,20.19,10614
FINO.TO,20240220,21.01,21.01,21.01,21.01,100
FLCI.TO,20240220,17.43,17.43,17.43,17.43,100
FLCP.TO,20240220,17.5,17.53,17.5,17.53,4500
FLDM.TO,20240220,22.33,22.33,22.32,22.32,300
FLGA.TO,20240220,18.61,18.73,18.61,18.72,900
FLGD.TO,20240220,25.17,25.17,25.11,25.11,600
FLI.TO,20240220,10.1,10.25,10.1,10.23,13577
FLNT.TO,20240220,0.025,0.03,0.025,0.025,16000
FLOW.TO,20240220,0.265,0.265,0.24,0.255,26269
FLSD.TO,20240220,18.72,18.72,18.72,18.72,500
FLUS.TO,20240220,39.76,39.76,39.41,39.48,1340
FM.TO,20240220,12,12.06,11.61,11.61,1582804
FMAX.TO,20240220,16.37,16.37,16.33,16.34,12490
FN.TO,20240220,40.6,40.88,40.4,40.66,17223
FN.PR.A.TO,20240220,12.22,12.22,12,12,1045
FN.PR.B.TO,20240220,14.5,14.5,14.5,14.5,200
FNV.TO,20240220,148,149.04,145.54,146.09,344892
FOM.TO,20240220,3.91,3.91,3.79,3.89,547706
FOOD.TO,20240220,0.26,0.27,0.26,0.265,9161
FORA.TO,20240220,4.39,4.4,4.39,4.39,5299
FORZ.TO,20240220,0.145,0.145,0.145,0.145,65600
FOUR.TO,20240220,49.08,49.08,49.08,49.08,405
FR.TO,20240220,6.2,6.24,6.02,6.12,364576
FRU.TO,20240220,13.9,13.95,13.61,13.66,440937
FRX.TO,20240220,12.02,12.02,12.02,12.02,100
FSB.TO,20240220,9.59,9.6,9.59,9.6,8130
FSB.U.TO,20240220,9.76,9.76,9.76,9.76,500
FSF.TO,20240220,24.01,24.23,24.01,24.15,5456
FST.TO,20240220,46.6,46.6,46.49,46.49,5100
FSV.TO,20240220,222.39,224.18,220.17,222.4,44443
FSY.TO,20240220,0.99,1.04,0.96,0.98,580467
FSZ.TO,20240220,7.63,7.65,7.47,7.48,172133
FSZ.DB.B.TO,20240220,102.5,102.5,102.5,102.5,4000
FT.TO,20240220,0.04,0.04,0.035,0.035,9647
FTG.TO,20240220,4.97,5.09,4.91,5.01,19658
FTN.TO,20240220,7.71,7.75,7.68,7.71,217546
FTN.PR.A.TO,20240220,10.26,10.28,10.25,10.26,51276
FTS.TO,20240220,52.92,53.89,52.9,53.61,2591770
FTS.PR.F.TO,20240220,20.53,20.54,20.3,20.47,1700
FTS.PR.G.TO,20240220,21.1,21.2,21,21.08,5888
FTS.PR.H.TO,20240220,13.98,13.98,13.92,13.93,12000
FTS.PR.I.TO,20240220,15.9,15.9,15.9,15.9,1201
FTS.PR.J.TO,20240220,19.6,19.7,19.48,19.49,5899
FTS.PR.K.TO,20240220,18.86,19.1,18.86,18.96,5034
FTS.PR.M.TO,20240220,19,19.05,18.7,18.7,10499
FTT.TO,20240220,35.4,35.55,34.47,34.55,567386
FTU.TO,20240220,0.175,0.175,0.175,0.175,9000
FTU.PR.B.TO,20240220,6.19,6.2,6.19,6.2,500
FURY.TO,20240220,0.48,0.48,0.46,0.46,28710
FVI.TO,20240220,3.84,3.85,3.75,3.78,286791
FVL.TO,20240220,0.405,0.41,0.4,0.405,40626
FXM.TO,20240220,20.43,20.48,20.43,20.47,2547
G.TO,20240220,0.61,0.61,0.58,0.6,30460
GATO.TO,20240220,8.07,8.07,7.86,7.96,2475
GAU.TO,20240220,1.26,1.4,1.26,1.36,223345
GBAL.TO,20240220,45.36,45.5,45.36,45.47,922
GBT.TO,20240220,14.26,14.26,14.07,14.07,2300
GCBD.TO,20240220,17.75,17.79,17.74,17.78,7900
GCG.A.TO,20240220,49.69,49.7,49.06,49.06,3422
GCL.TO,20240220,1.19,1.2,1.19,1.2,11600
GCNS.TO,20240220,41.32,41.32,41.32,41.32,110
GCSC.TO,20240220,23.08,23.08,23.08,23.08,913
GCTB.TO,20240220,50.2,50.22,50.2,50.22,12700
GDC.TO,20240220,2.34,2.6,2.34,2.6,8047
GDI.TO,20240220,38.82,38.85,38.39,38.5,1888
GDL.TO,20240220,14.3,15,14.3,14.9,3799
GDPY.TO,20240220,21.24,21.24,21.24,21.24,471
GDPY.B.TO,20240220,20.37,20.37,20.37,20.37,500
GDV.TO,20240220,9.49,9.55,9.49,9.53,15829
GDV.PR.A.TO,20240220,9.77,9.81,9.77,9.81,20457
GEC.TO,20240220,0.375,0.375,0.375,0.375,10499
GEI.TO,20240220,20.86,21.01,20.74,20.88,378795
GENM.TO,20240220,0.24,0.24,0.225,0.24,32041
GEO.TO,20240220,1.57,1.65,1.55,1.65,26272
GEQT.TO,20240220,54.03,54.03,53.84,53.92,4900
GFL.TO,20240220,49.38,50.15,48.62,49.26,270453
GFP.TO,20240220,0.83,0.83,0.79,0.82,11150
GGAC.TO,20240220,21.4,21.4,21.4,21.4,200
GGD.TO,20240220,1.16,1.16,1.06,1.08,1090602
GGEM.TO,20240220,14.86,14.86,14.86,14.86,238
GGRO.TO,20240220,49.8,49.8,49.52,49.64,5069
GH.TO,20240220,9.52,9.52,9.5,9.5,750
GIB.A.TO,20240220,154.12,155.25,152.48,152.88,428362
GIL.TO,20240220,46.4,46.57,45.69,45.78,314162
GIVX.TO,20240220,0.64,0.64,0.64,0.64,7500
GLCC.TO,20240220,20.39,20.39,20.11,20.27,36017
GLG.TO,20240220,0.04,0.04,0.04,0.04,12000
GLO.TO,20240220,3.3,3.35,3.08,3.1,983283
GLXY.TO,20240220,13.25,13.5,12.63,12.92,646091
GMIN.TO,20240220,1.79,1.83,1.78,1.81,114904
GMTN.TO,20240220,0.015,0.015,0.015,0.015,178528
GMX.TO,20240220,0.83,0.83,0.8,0.8,5608
GOLD.TO,20240220,1.08,1.08,1.05,1.06,23290
GOOS.TO,20240220,17.63,18.54,17.47,18.52,449631
GRA.TO,20240220,2.08,2.13,2.08,2.13,18910
GRC.TO,20240220,0.07,0.07,0.065,0.07,34500
GRCC.TO,20240220,20.97,20.97,20.97,20.97,200
GRID.TO,20240220,0.84,0.84,0.84,0.84,500
GRN.TO,20240220,0.12,0.13,0.12,0.125,145471
GRT.UN.TO,20240220,74.98,74.98,73.48,74.13,51564
GSY.TO,20240220,176.11,176.11,171.49,172.48,50099
GTE.TO,20240220,7.13,7.14,6.78,6.97,85846
GUD.TO,20240220,5.56,5.56,5.37,5.4,64214
GURU.TO,20240220,2.43,2.43,2.22,2.22,7944
GVC.TO,20240220,0.105,0.11,0.105,0.105,13651
GWO.TO,20240220,41.65,42.37,41.61,42.3,10716680
GWO.PR.G.TO,20240220,20.2,20.3,20.15,20.15,2700
GWO.PR.H.TO,20240220,19.01,19.11,19.01,19.1,3700
GWO.PR.I.TO,20240220,17.91,18,17.9,18,30625
GWO.PR.L.TO,20240220,21.71,21.76,21.71,21.76,2800
GWO.PR.M.TO,20240220,22.86,22.87,22.85,22.87,1653
GWO.PR.N.TO,20240220,13.9,13.9,13.9,13.9,600
GWO.PR.P.TO,20240220,20.8,20.83,20.71,20.83,3700
GWO.PR.Q.TO,20240220,19.82,19.82,19.81,19.81,5950
GWO.PR.R.TO,20240220,18.8,18.88,18.71,18.88,700
GWO.PR.S.TO,20240220,20.35,20.35,20.35,20.35,3729
GWO.PR.T.TO,20240220,20,20.02,20,20,2350
GWO.PR.Y.TO,20240220,18,18,17.97,17.97,243
GXE.TO,20240220,0.66,0.66,0.65,0.66,126680
H.TO,20240220,40.56,41.15,40.56,40.71,584827
HAB.TO,20240220,9.83,9.84,9.8,9.8,24022
HAC.TO,20240220,28.73,28.73,28.67,28.67,19980
HAD.TO,20240220,8.83,8.83,8.83,8.83,2500
HAF.TO,20240220,7.2,7.24,7.2,7.21,3000
HAI.TO,20240220,4.54,4.63,4.53,4.53,100113
HAL.TO,20240220,18.94,19.06,18.94,19,6520
HARB.TO,20240220,10.01,10.01,10.01,10.01,3047
HARC.TO,20240220,24.13,24.13,24.13,24.13,100
HAZ.TO,20240220,32.87,32.87,32.72,32.83,5525
HBA.TO,20240220,23.96,23.96,23.91,23.91,375
HBAL.TO,20240220,14.1,14.14,14.1,14.12,12565
HBB.TO,20240220,46.12,46.39,46.12,46.31,22604
HBD.TO,20240220,10.62,10.62,10.61,10.61,1900
HBF.TO,20240220,9.62,9.62,9.59,9.6,13502
HBF.B.TO,20240220,10.58,10.58,10.58,10.58,1500
HBF.U.TO,20240220,10.77,10.77,10.77,10.77,300
HBGD.TO,20240220,26.85,26.85,26.02,26.55,3195
HBKU.TO,20240220,19.68,19.68,19.68,19.68,4300
HBLK.TO,20240220,16.61,16.75,15.72,16.09,13372
HBM.TO,20240220,7.4,7.45,7.27,7.28,627360
HBND.TO,20240220,15.42,15.49,15.42,15.44,24951
HBNK.TO,20240220,20.75,20.88,20.73,20.82,5902
HBP.TO,20240220,0.18,0.18,0.18,0.18,500
HBU.TO,20240220,11.22,11.22,11.18,11.18,1960
HCA.TO,20240220,20.96,21.01,20.96,20.97,702
HCAL.TO,20240220,20.15,20.43,20.15,20.37,70279
HCLN.TO,20240220,8.58,8.63,8.58,8.59,3200
HCON.TO,20240220,12.64,12.76,12.64,12.75,3334
HCRE.TO,20240220,24.96,24.96,24.75,24.75,2533
HDIF.TO,20240220,8.07,8.07,8.03,8.05,122944
HDIV.TO,20240220,15.88,15.91,15.83,15.87,51135
HEB.TO,20240220,16.36,16.44,16.33,16.43,15700
HED.TO,20240220,5.41,5.46,5.33,5.46,16875
HEQT.TO,20240220,15.47,15.47,15.38,15.42,14605
HERO.TO,20240220,30.45,30.45,30.25,30.26,359
HEU.TO,20240220,23.78,24.08,23.46,23.57,16411
HEWB.TO,20240220,30.8,31.06,30.8,30.92,11076
HFD.TO,20240220,9.68,9.68,9.52,9.59,26930
HFG.TO,20240220,22.45,22.45,22.45,22.45,100
HFIN.TO,20240220,15.14,15.3,15.14,15.24,10089
HFPC.U.TO,20240220,2.68,2.69,2.68,2.69,2467
HFR.TO,20240220,9.87,9.89,9.87,9.88,35822
HFU.TO,20240220,20.3,20.75,20.3,20.64,7500
HGD.TO,20240220,6.92,6.92,6.69,6.77,64127
HGGB.TO,20240220,21.5,21.5,21.5,21.5,300
HGGG.TO,20240220,22.94,22.95,22.75,22.75,10015
HGR.TO,20240220,5.95,5.96,5.95,5.96,3400
HGU.TO,20240220,10.33,10.48,10.17,10.34,198161
HGY.TO,20240220,9.65,9.69,9.65,9.69,1605
HHL.TO,20240220,8.39,8.45,8.38,8.4,101119
HHL.B.TO,20240220,9.22,9.22,9.17,9.17,300
HHL.U.TO,20240220,8.93,8.93,8.89,8.89,6524
HHLE.TO,20240220,10.66,10.74,10.66,10.66,6247
HIG.TO,20240220,8.75,8.75,8.75,8.75,350
HISU.U.TO,20240220,100.3,100.31,100.3,100.3,33926
HIU.TO,20240220,12.5,12.55,12.5,12.52,14700
HIX.TO,20240220,28.27,28.34,28.25,28.34,7850
HLF.TO,20240220,12.27,12.27,11.95,11.95,8054
HLFE.TO,20240220,9.71,9.71,9.71,9.71,100
HLIF.TO,20240220,8.71,8.73,8.71,8.73,10522
HLIT.TO,20240220,20.47,20.47,19.8,19.8,2678
HLPR.TO,20240220,24.06,24.11,23.91,23.91,2269
HLS.TO,20240220,4.11,4.11,4.11,4.11,1115
HMAX.TO,20240220,13.86,13.95,13.85,13.93,239936
HMM.A.TO,20240220,13.61,13.65,12.45,12.88,31579
HMMJ.TO,20240220,9.09,9.11,8.98,8.98,11030
HMP.TO,20240220,9.34,9.34,9.29,9.33,9125
HND.TO,20240220,131.28,133.92,128,130.99,110056
HNU.TO,20240220,3.59,3.67,3.5,3.6,3875416
HOD.TO,20240220,7.49,7.78,7.49,7.72,989991
HOG.TO,20240220,10.6,10.6,10.6,10.6,245
HOM.U.TO,20240220,11.4,11.4,11.12,11.12,9825
HOM.UN.TO,20240220,15.44,15.45,15.3,15.31,13279
HOT.DB.V.TO,20240220,84,84.9,84,84.9,9000
HOT.UN.TO,20240220,0.9,0.91,0.89,0.91,22766
HOU.TO,20240220,13.57,13.57,13.06,13.19,897166
HPF.TO,20240220,3.36,3.36,3.33,3.33,706
HPR.TO,20240220,8.09,8.15,8.09,8.11,33054
HPS.A.TO,20240220,105.65,106.77,104.51,106.01,45300
HPYM.TO,20240220,11.75,11.76,11.73,11.73,12113
HPYT.TO,20240220,11.52,11.54,11.5,11.51,82665
HPYT.U.TO,20240220,11.68,11.71,11.67,11.7,19272
HQD.TO,20240220,14.72,15.07,14.66,14.84,588997
HQU.TO,20240220,18.29,18.4,17.85,18.15,1840283
HR.UN.TO,20240220,9.57,9.64,9.45,9.46,361169
HRAA.TO,20240220,11.3,11.35,11.3,11.33,1040
HRED.TO,20240220,16.01,16.01,16.01,16.01,120
HRIF.TO,20240220,15.41,15.43,15.41,15.42,1010
HRX.TO,20240220,18.25,18.45,18,18.25,9541
HSAV.TO,20240220,110.48,110.49,110.18,110.26,45294
HSD.TO,20240220,20.83,21.09,20.76,20.91,432266
HSH.TO,20240220,61,61.14,60.97,61.03,3909
HSU.TO,20240220,19.67,19.71,19.42,19.58,310760
HSUV.U.TO,20240220,108.57,108.63,108.55,108.57,14055
HTA.TO,20240220,17.38,17.38,17.08,17.28,61551
HTA.B.TO,20240220,17.64,17.64,17.64,17.64,100
HTAE.TO,20240220,15.75,15.75,15.34,15.53,45963
HTB.TO,20240220,54.45,54.54,54.45,54.53,800
HTB.U.TO,20240220,40.4,40.4,40.4,40.4,227
HTL.TO,20240220,1.31,1.33,1.3,1.3,26666
HUBL.TO,20240220,11.14,11.15,11.14,11.15,1500
HUC.TO,20240220,21.44,21.44,21.13,21.19,11245
HUF.U.TO,20240220,10.07,10.07,10.06,10.06,1490
HUG.TO,20240220,16.05,16.05,16.03,16.03,1246
HULC.TO,20240220,80.17,80.19,79.89,80.19,1324
HULC.U.TO,20240220,59.53,59.62,59.05,59.24,21852
HUN.TO,20240220,7.91,8,7.89,7.93,6276
HURA.TO,20240220,37.35,37.48,36.39,36.5,8851
HUT.TO,20240220,13.61,13.9,12.07,12.8,1557637
HUTE.TO,20240220,9.25,9.26,9.2,9.2,2517
HUTL.TO,20240220,15.86,15.87,15.77,15.81,13221
HUTS.TO,20240220,12,12.08,12,12.01,15258
HUV.TO,20240220,10.38,10.8,10.35,10.58,90143
HUZ.TO,20240220,10.54,10.54,10.48,10.48,2875
HWO.TO,20240220,1.07,1.09,1.06,1.09,8400
HWX.TO,20240220,6.45,6.57,6.43,6.5,800450
HXCN.TO,20240220,33.91,34.06,33.9,34,45625
HXD.TO,20240220,6.23,6.28,6.21,6.27,465568
HXDM.TO,20240220,44.07,44.07,43.84,43.95,8241
HXDM.U.TO,20240220,32.45,32.45,32.45,32.45,635
HXE.TO,20240220,31.96,32.15,31.85,31.91,1267
HXEM.TO,20240220,33.36,33.36,33.26,33.3,1411
HXF.TO,20240220,66.18,66.18,66.18,66.18,2036
HXH.TO,20240220,46.16,46.34,46.16,46.34,2435
HXQ.TO,20240220,67.89,68.05,67.19,67.7,37000
HXQ.U.TO,20240220,49.94,50.04,49.75,50.02,1522
HXS.TO,20240220,68.52,68.58,68.17,68.37,64270
HXS.U.TO,20240220,50.74,50.74,50.48,50.55,9000
HXT.TO,20240220,54.5,54.57,54.23,54.32,273061
HXT.U.TO,20240220,40.15,40.15,40.15,40.15,162
HXU.TO,20240220,20.77,20.82,20.57,20.61,51321
HXX.TO,20240220,47.95,47.95,47.86,47.89,729
HYBR.TO,20240220,8.38,8.38,8.31,8.31,10822
HYDR.TO,20240220,8.55,8.55,8.55,8.55,275
HYI.TO,20240220,7.44,7.48,7.44,7.47,13083
HYLD.TO,20240220,12.86,12.86,12.7,12.79,109870
HYLD.U.TO,20240220,13.09,13.09,13,13.06,6417
HZD.TO,20240220,15,15.14,14.95,15.14,4147
HZM.TO,20240220,0.06,0.07,0.055,0.065,913158
HZU.TO,20240220,18.46,18.46,18.2,18.22,11075
IAF.PR.B.TO,20240220,21.65,21.81,21.65,21.81,2400
IAG.TO,20240220,92.07,93.84,92.07,93.75,173896
IAU.TO,20240220,1.8,1.8,1.72,1.76,321323
IBG.DB.E.TO,20240220,100,100,100,100,12000
ICPB.TO,20240220,9.33,9.41,9.33,9.41,6980
IDG.TO,20240220,2.08,2.08,2.03,2.04,9429
IDIV.B.TO,20240220,12.82,12.82,12.64,12.64,6100
IE.TO,20240220,10.47,10.47,10.13,10.13,901
IFA.TO,20240220,1.01,1.01,1.01,1.01,4000
IFC.TO,20240220,227.51,231.38,227.51,227.58,444957
IFC.PR.A.TO,20240220,19.17,19.19,19.17,19.17,9365
IFC.PR.C.TO,20240220,19.73,19.73,19.65,19.65,1142
IFC.PR.E.TO,20240220,20.97,20.97,20.7,20.8,3500
IFC.PR.F.TO,20240220,20.81,20.95,20.81,20.85,3800
IFC.PR.G.TO,20240220,22.5,22.5,22.15,22.15,5324
IFC.PR.I.TO,20240220,21.8,21.8,21.7,21.7,2700
IFC.PR.K.TO,20240220,21.01,21.01,20.88,21,4000
IFP.TO,20240220,19.83,19.83,19.1,19.36,229000
IFRF.TO,20240220,8.76,8.76,8.73,8.73,900
IGB.TO,20240220,17.83,17.84,17.83,17.84,3200
IGBT.UN.TO,20240220,10.01,10.01,10.01,10.01,4700
IGM.TO,20240220,35.04,35.57,34.76,35.3,357151
IGX.TO,20240220,0.19,0.2,0.19,0.2,38069
IICE.TO,20240220,21.32,21.32,21.32,21.32,4800
III.TO,20240220,2.22,2.25,2.21,2.25,27700
IIMF.F.TO,20240220,21.46,21.46,21.38,21.38,2800
IIP.UN.TO,20240220,13.8,13.96,13.75,13.95,302665
ILGB.TO,20240220,8.72,8.72,8.72,8.72,4200
ILLM.TO,20240220,1.7,1.7,1.64,1.68,39102
IMG.TO,20240220,3.5,3.61,3.4,3.47,953928
IMO.TO,20240220,80.89,81.24,79.28,79.84,881891
IMP.TO,20240220,0.84,0.87,0.84,0.86,8356
INC.UN.TO,20240220,7.39,7.39,7.3,7.3,2685
INE.TO,20240220,7.36,7.45,7.05,7.13,845378
INE.DB.B.TO,20240220,95.41,96.9,95.25,96.9,63000
INE.DB.C.TO,20240220,90.01,90.6,89.8,89.8,194000
INE.PR.A.TO,20240220,12.2,12.25,12.2,12.25,2509
INE.PR.C.TO,20240220,18.32,18.32,18.24,18.3,5000
INO.UN.TO,20240220,1.26,1.3,1.26,1.29,23533
INOC.TO,20240220,15.18,15.18,15.18,15.18,335
IPCO.TO,20240220,14.99,15.06,14.65,14.67,76225
IPO.TO,20240220,2.33,2.33,2.27,2.29,49032
IQD.TO,20240220,33.96,34.08,33.9,34.08,12300
IQD.B.TO,20240220,29.52,29.52,29.52,29.52,100
ISV.TO,20240220,23,23.12,23,23.12,5260
ITE.TO,20240220,0.15,0.155,0.15,0.15,88290
ITH.TO,20240220,0.77,0.79,0.75,0.75,4400
IUMF.TO,20240220,20.88,20.89,20.85,20.85,3700
IUMF.F.TO,20240220,20.15,20.2,20.15,20.16,7400
IUTE.TO,20240220,20.95,20.95,20.95,20.95,2400
IVN.TO,20240220,14.6,14.83,14.44,14.48,1781006
IVQ.TO,20240220,0.3,0.3,0.3,0.3,8000
IVQ.DB.U.TO,20240220,54.49,54.5,54.49,54.5,100000
IVQ.DB.V.TO,20240220,58,58,58,58,100000
IVQ.U.TO,20240220,0.22,0.22,0.22,0.22,3118
IWBE.TO,20240220,17.67,17.67,17.55,17.62,4300
IXTE.TO,20240220,19.47,19.47,19.36,19.36,1100
JAG.TO,20240220,1.56,1.6,1.52,1.56,15233
JAPN.TO,20240220,45.72,45.72,45.46,45.46,209
JFS.UN.TO,20240220,25.4,25.5,25.31,25.5,7600
JOY.TO,20240220,3.49,3.5,3.4,3.41,41852
JWEL.TO,20240220,30.03,31.41,29.8,31.23,82103
K.TO,20240220,6.88,7,6.85,6.86,3066375
KBL.TO,20240220,34,34.28,33.31,33.5,8647
KEC.TO,20240220,11.05,11.08,11.05,11.05,36700
KEG.UN.TO,20240220,14.75,14.75,14.5,14.55,45082
KEI.TO,20240220,3.98,4.19,3.98,4.19,7301
KEL.TO,20240220,5.64,5.7,5.46,5.47,133442
KEY.TO,20240220,32.69,33.27,32.69,33.23,1464187
KILO.TO,20240220,30.13,30.21,30.09,30.09,17466
KILO.B.TO,20240220,32.63,32.69,32.63,32.69,454
KITS.TO,20240220,5.65,5.89,5.65,5.87,7605
KLS.TO,20240220,0.2,0.2,0.195,0.2,3000
KMP.UN.TO,20240220,19.25,19.45,19.14,19.43,312667
KNT.TO,20240220,6.46,6.54,6.33,6.49,382620
KPT.TO,20240220,8.42,8.48,8.35,8.36,6826
KRN.TO,20240220,0.2,0.2,0.2,0.2,1000
KRR.TO,20240220,4.08,4.13,3.88,4.03,355082
KSI.TO,20240220,3.69,3.85,3.64,3.76,137226
KXS.TO,20240220,159.44,159.44,153.08,153.97,50794
L.TO,20240220,137.7,140.18,137.43,139.02,305361
L.PR.B.TO,20240220,22.2,22.34,22.2,22.26,1700
LAAC.TO,20240220,5.78,5.78,5.32,5.43,378265
LABS.TO,20240220,0.065,0.07,0.065,0.07,317903
LAC.TO,20240220,6.21,6.22,5.72,5.8,480055
LAM.TO,20240220,0.83,0.83,0.77,0.79,534924
LAS.A.TO,20240220,156.49,157.23,156.49,157.23,728
LB.TO,20240220,26.8,27.1,26.67,26.71,116056
LB.PR.H.TO,20240220,16.46,16.75,16.45,16.65,14008
LBS.TO,20240220,7.75,7.8,7.71,7.78,55609
LBS.PR.A.TO,20240220,10.16,10.19,10.15,10.19,24500
LCFS.TO,20240220,6.2,6.32,6.2,6.31,14461
LCS.TO,20240220,7.04,7.15,7,7.08,68771
LCS.PR.A.TO,20240220,10.06,10.06,10.06,10.06,100
LEAD.TO,20240220,18.61,18.61,18.51,18.51,729
LEV.TO,20240220,2.43,2.43,2.35,2.36,306989
LEV.WT.A.TO,20240220,0.56,0.56,0.49,0.49,1000
LFE.TO,20240220,5.1,5.1,5.04,5.1,23533
LFE.PR.B.TO,20240220,10.24,10.24,10.24,10.24,2000
LGD.TO,20240220,0.25,0.25,0.24,0.245,355685
LGO.TO,20240220,2.6,2.73,2.6,2.64,36766
LIF.TO,20240220,30.65,30.98,29.77,30.35,220862
LIFE.TO,20240220,21.59,21.8,21.59,21.67,14575
LIFE.B.TO,20240220,25.21,25.23,25.1,25.13,6654
LIFE.U.TO,20240220,21.26,21.33,21.26,21.33,2100
LIRC.TO,20240220,7.36,7.43,7.13,7.2,17367
LMAX.TO,20240220,16.05,16.17,16.05,16.07,3600
LN.TO,20240220,0.335,0.34,0.325,0.335,7500
LNF.TO,20240220,20.53,20.87,20.29,20.65,7415
LNR.TO,20240220,66.81,66.81,65.64,66.37,86611
LPAY.TO,20240220,27.82,27.84,27.82,27.84,200
LPAY.U.TO,20240220,20.59,20.59,20.59,20.59,200
LPEN.TO,20240220,0.17,0.175,0.17,0.175,14938
LSPD.TO,20240220,19.25,19.38,18.15,18.37,1310301
LSPK.TO,20240220,0.6,0.6,0.53,0.6,11502
LUC.TO,20240220,0.37,0.39,0.37,0.39,41322
LUG.TO,20240220,15.92,16.19,15.68,15.79,279559
LUN.TO,20240220,11.59,11.65,11.2,11.36,1077659
MAG.TO,20240220,11.92,11.93,11.6,11.71,88098
MAL.TO,20240220,8.02,8.13,8.02,8.13,7293
MARI.TO,20240220,3.32,3.54,3.32,3.51,8500
MATR.TO,20240220,15.88,15.88,15.45,15.48,98893
MBAL.TO,20240220,22.68,22.68,22.62,22.62,7565
MBX.TO,20240220,0.415,0.415,0.395,0.405,139770
MCB.TO,20240220,2.3,2.3,2.26,2.26,27520
MCLC.TO,20240220,35.77,35.77,35.59,35.59,1100
MCSB.TO,20240220,19.02,19.15,19.02,19.15,7165
MDA.TO,20240220,14.2,14.2,13.87,13.98,203438
MDF.TO,20240220,3.61,3.62,3.51,3.55,32344
MDI.TO,20240220,8.16,8.29,8,8.03,130576
MDIV.TO,20240220,14.87,14.95,14.81,14.93,4700
MDNA.TO,20240220,1.01,1.05,0.95,1.02,104007
MDP.TO,20240220,1.75,1.75,1.64,1.64,26466
MDVD.TO,20240220,22.81,22.82,22.48,22.48,1400
MEE.TO,20240220,25.37,25.39,25.37,25.39,600
MEG.TO,20240220,25.87,25.9,25.51,25.8,1079800
MEME.B.TO,20240220,27.31,27.43,27.31,27.43,480
MEQ.TO,20240220,169.89,169.9,169.28,169.9,1954
MEQT.TO,20240220,21.36,21.43,21.36,21.43,346
MESH.TO,20240220,7.6,7.6,7.5,7.53,2600
MEU.TO,20240220,21.87,21.88,21.83,21.84,4100
MFC.TO,20240220,33.13,33.3,32.8,32.99,11416970
MFC.PR.B.TO,20240220,19.75,19.78,19.7,19.76,12219
MFC.PR.C.TO,20240220,19.36,19.36,19.36,19.36,200
MFC.PR.F.TO,20240220,14.81,14.81,14.81,14.81,300
MFC.PR.I.TO,20240220,22.79,22.79,22.79,22.79,700
MFC.PR.J.TO,20240220,22.65,22.65,22.65,22.65,350
MFC.PR.K.TO,20240220,22.6,22.65,22.5,22.5,2200
MFC.PR.L.TO,20240220,19.77,19.77,19.77,19.77,1600
MFC.PR.M.TO,20240220,19.32,19.32,19.32,19.32,100
MFC.PR.N.TO,20240220,19.2,19.2,19.19,19.2,1500
MFC.PR.P.TO,20240220,16.56,16.56,16.56,16.56,300
MFC.PR.Q.TO,20240220,22.11,22.23,22.1,22.1,2691
MFI.TO,20240220,25.95,26.03,25.58,25.69,139741
MFT.TO,20240220,17.43,17.43,17.38,17.41,26600
MG.TO,20240220,74.47,74.47,72.54,73.43,3326983
MGA.TO,20240220,0.43,0.43,0.4,0.4,1275175
MGB.TO,20240220,16.28,16.28,16.27,16.27,3878
MGRW.TO,20240220,24.98,24.98,24.98,24.98,200
MHC.U.TO,20240220,15.8,15.8,15.3,15.45,20544
MHC.UN.TO,20240220,21.2,21.2,20.73,20.77,2000
MHCD.TO,20240220,11.53,11.56,11.47,11.48,1597
MI.UN.TO,20240220,17.09,17.1,16.84,16.85,36635
MIC.PR.A.TO,20240220,19.47,19.47,19.25,19.25,550
MID.UN.TO,20240220,6.43,6.43,6.36,6.36,3880
MIN.TO,20240220,0.13,0.13,0.125,0.13,12483
MINN.TO,20240220,17.81,17.81,17.81,17.81,100
MINT.TO,20240220,36.01,36.01,36.01,36.01,227
MKB.TO,20240220,18.65,18.76,18.65,18.72,30123
MKC.TO,20240220,32.35,32.43,32.31,32.31,3330
MKP.TO,20240220,16.62,16.73,16.54,16.71,38389
MKZ.UN.TO,20240220,0.33,0.33,0.33,0.33,1636
MMP.UN.TO,20240220,1.54,1.54,1.51,1.51,2900
MND.TO,20240220,1.47,1.51,1.45,1.48,7968
MNO.TO,20240220,0.315,0.315,0.3,0.3,145438
MNS.TO,20240220,16.1,16.1,16.06,16.06,368
MNT.TO,20240220,27.02,27.5,27.02,27.5,11536
MNU.U.TO,20240220,100.27,100.3,100.27,100.3,14701
MNY.TO,20240220,100.28,100.29,100.28,100.29,5105
MOGO.TO,20240220,2.41,2.41,2.31,2.31,7333
MPAY.TO,20240220,27.37,27.37,27.37,27.37,100
MPCT.UN.TO,20240220,4.31,4.31,4.24,4.25,33710
MPVD.TO,20240220,0.255,0.255,0.24,0.24,59179
MR.UN.TO,20240220,4.06,4.06,3.98,4,16491
MRC.TO,20240220,111.01,111.01,110.5,110.5,2134
MRD.TO,20240220,11.88,11.88,11.87,11.88,2046
MRE.TO,20240220,13.9,14,13.8,13.96,164167
MREL.TO,20240220,12.14,12.15,12.11,12.11,5831
MRG.UN.TO,20240220,15.78,15.94,15.75,15.86,21642
MRT.DB.A.TO,20240220,93.9,93.98,93.9,93.98,11000
MRT.UN.TO,20240220,5.32,5.35,5.32,5.34,6115
MRU.TO,20240220,70.94,71.84,70.9,71.23,1166717
MSA.TO,20240220,0.68,0.68,0.62,0.66,583481
MSCL.TO,20240220,0.58,0.8,0.58,0.75,152332
MSRE.UN.TO,20240220,7.25,7.25,7.25,7.25,3500
MTL.TO,20240220,14.87,15.12,14.69,14.83,170958
MTL.DB.TO,20240220,115,117.5,115,117.5,11000
MTY.TO,20240220,50.4,50.58,49,49.14,74652
MUB.TO,20240220,18.07,18.2,18.07,18.2,74503
MULC.TO,20240220,45.86,45.91,45.86,45.91,600
MULC.B.TO,20240220,50.18,50.18,50.03,50.03,348
MUMC.B.TO,20240220,44.03,44.03,44.03,44.03,195
MUS.TO,20240220,34.85,34.86,34.75,34.75,5199
MUSA.TO,20240220,17.28,17.28,17.28,17.28,5899
MUX.TO,20240220,8.4,8.42,8.23,8.35,14347
MVP.TO,20240220,1.69,1.7,1.69,1.7,6212
MWD.TO,20240220,28.15,28.24,28.15,28.19,9958
MX.TO,20240220,60.52,60.52,56.78,56.81,275852
MXG.TO,20240220,4.34,4.34,4.3,4.3,7294
MXU.TO,20240220,21.58,21.6,21.54,21.55,2673
NA.TO,20240220,103.7,104.54,103.7,104.48,576385
NA.PR.C.TO,20240220,25.5,25.55,25.5,25.55,3400
NA.PR.E.TO,20240220,22.11,22.2,22.11,22.12,3350
NA.PR.G.TO,20240220,24.85,24.9,24.85,24.86,7002
NA.PR.S.TO,20240220,20.93,20.93,20.88,20.88,10499
NA.PR.W.TO,20240220,19.15,19.15,19.05,19.05,359
NALT.TO,20240220,23.2,23.26,23.18,23.26,6104
NANO.TO,20240220,1.69,1.69,1.55,1.6,111330
NB.TO,20240220,3.8,3.8,3.35,3.35,24177
NBLY.TO,20240220,18.36,18.4,18.36,18.4,65809
NCF.TO,20240220,0.025,0.025,0.025,0.025,10000
NCP.TO,20240220,0.015,0.015,0.015,0.015,964700
NCU.TO,20240220,0.07,0.07,0.065,0.065,317701
NDIV.TO,20240220,29.63,29.63,29.63,29.63,100
NDM.TO,20240220,0.34,0.34,0.325,0.325,35933
NEO.TO,20240220,7.45,7.49,7.3,7.33,22144
NEXT.TO,20240220,0.8,0.8,0.77,0.79,26698
NFI.TO,20240220,12.31,12.31,11.75,11.95,91970
NFI.DB.TO,20240220,85.6,86,85.5,86,154000
NG.TO,20240220,3.27,3.28,3.09,3.23,378401
NGD.TO,20240220,1.6,1.6,1.55,1.56,756233
NGPE.TO,20240220,43.36,43.36,42.76,43.11,414
NGT.TO,20240220,45.58,45.61,44.68,44.84,207031
NHYB.TO,20240220,21.13,21.13,21.13,21.13,100
NINT.TO,20240220,24.87,24.88,24.87,24.88,5400
NOA.TO,20240220,32.91,32.91,32.06,32.46,50728
NOA.DB.A.TO,20240220,140,140,139.69,139.69,9000
NOA.DB.B.TO,20240220,137.45,137.45,136,136,20999
NOVB.F.TO,20240220,39.64,39.65,39.64,39.64,111532
NOVC.TO,20240220,1.35,1.36,1.25,1.35,24976
NPI.TO,20240220,23.96,24.27,23.46,23.6,662339
NPI.PR.A.TO,20240220,16.28,16.3,16.28,16.3,1600
NPK.TO,20240220,1.25,1.29,1.16,1.19,72585
NPRF.TO,20240220,20.97,20.97,20.75,20.75,2800
NREA.TO,20240220,18.74,18.84,18.72,18.84,10448
NRR.UN.TO,20240220,14.1,14.1,14,14,6662
NSCB.TO,20240220,21.96,21.98,21.96,21.97,909
NSCC.TO,20240220,21.71,21.73,21.62,21.62,500
NSCE.TO,20240220,38.53,38.53,38.49,38.49,723
NSGE.TO,20240220,38.41,38.41,38.14,38.14,1735
NSSB.TO,20240220,9.88,9.88,9.77,9.77,1402
NTR.TO,20240220,68.86,69.09,68.1,68.42,776818
NUAG.TO,20240220,1.46,1.46,1.37,1.39,128406
NUBF.TO,20240220,21.3,21.31,21.29,21.31,1106
NUMI.TO,20240220,0.125,0.125,0.115,0.12,610516
NUSA.TO,20240220,39.85,39.85,39.54,39.55,6187
NVA.TO,20240220,10.74,10.83,10.64,10.67,204836
NVEI.TO,20240220,33.62,33.9,32.6,32.8,316289
NVO.TO,20240220,0.135,0.14,0.135,0.135,35539
NWC.TO,20240220,39.35,39.85,39.33,39.34,32172
NWH.DB.G.TO,20240220,99.96,99.96,99.6,99.6,50000
NWH.DB.H.TO,20240220,80.01,82.49,80.01,81,76000
NWH.DB.I.TO,20240220,80,80,79.5,79.5,48000
NWH.UN.TO,20240220,4.39,4.42,4.3,4.38,523475
NXE.TO,20240220,9.97,10.08,9.39,9.46,2523504
NXF.TO,20240220,6,6,5.97,5.97,67140
NXF.B.TO,20240220,7.76,7.76,7.7,7.7,3353
NXR.UN.TO,20240220,7.9,7.98,7.85,7.94,162420
OBE.TO,20240220,9.21,9.3,9.08,9.21,100159
OGC.TO,20240220,2.78,2.82,2.75,2.78,1967376
OGD.TO,20240220,0.5,0.51,0.5,0.5,10691
OGI.TO,20240220,2.9,2.9,2.75,2.78,227872
OLA.TO,20240220,4.67,4.82,4.55,4.81,1417288
OLY.TO,20240220,117.25,117.5,117,117.5,644
ONC.TO,20240220,1.54,1.55,1.48,1.51,45917
ONEQ.TO,20240220,37.29,37.29,37.29,37.29,301
ONEX.TO,20240220,101.53,102.73,101.53,102.65,107301
OPT.TO,20240220,6.76,9.28,6.76,7,24983
OR.TO,20240220,19.25,19.28,18.82,19.06,345130
ORA.TO,20240220,8.53,8.56,8.52,8.53,1703
ORE.TO,20240220,0.75,0.76,0.73,0.74,100414
ORV.TO,20240220,0.13,0.13,0.12,0.12,1500
OSK.TO,20240220,2.55,2.57,2.49,2.55,442985
OTEX.TO,20240220,53.79,54.36,52.79,53.01,504547
OVV.TO,20240220,60.42,60.74,59.7,59.94,78766
PAAS.TO,20240220,17.78,17.88,17.42,17.49,618581
PABF.TO,20240220,21.79,21.79,21.74,21.77,11764
PACF.TO,20240220,21.49,21.49,21.49,21.49,5000
PAGF.TO,20240220,22.11,22.15,22.11,22.15,7300
PAY.TO,20240220,7.03,7.05,6.84,7.05,86905
PBH.TO,20240220,91.35,92.29,90.66,90.73,25666
PBH.DB.G.TO,20240220,99,99.4,98.36,99,98000
PBH.DB.H.TO,20240220,93,94.38,93,93.5,86000
PBH.DB.I.TO,20240220,94.8,95,94.05,94.85,201000
PBI.TO,20240220,39.83,39.83,39.45,39.45,300
PBI.B.TO,20240220,49.25,49.3,49.07,49.25,900
PBL.TO,20240220,33.7,34,32.75,32.75,12483
PBY.UN.TO,20240220,14.65,14.73,14.65,14.66,7700
PCOR.TO,20240220,18.08,18.08,18.08,18.08,500
PD.TO,20240220,83.9,84.1,80.77,80.78,129083
PDC.TO,20240220,30.08,30.31,30.08,30.19,11554
PDF.TO,20240220,30.58,30.58,30.51,30.51,1800
PDIV.TO,20240220,9.42,9.46,9.42,9.42,7498
PDV.TO,20240220,6.55,6.6,6.55,6.6,2054
PDV.PR.A.TO,20240220,10.27,10.27,10.05,10.05,4200
PEA.TO,20240220,0.35,0.35,0.335,0.345,24347
PET.TO,20240220,32.02,32.51,31,31.52,104188
PEY.TO,20240220,13.47,13.55,13.24,13.37,543027
PFAE.TO,20240220,16.79,16.89,16.78,16.78,2700
PFH.F.TO,20240220,17.78,17.78,17.78,17.78,100
PFIA.TO,20240220,9.73,9.73,9.69,9.73,27211
PFL.TO,20240220,19.68,19.68,19.64,19.65,41290
PFLS.TO,20240220,16.05,16.13,16.05,16.07,1400
PFMN.TO,20240220,13.85,13.85,13.81,13.85,14200
PGI.UN.TO,20240220,7.52,7.58,7.49,7.56,14529
PHE.TO,20240220,32.68,32.68,32.66,32.66,1600
PHE.B.TO,20240220,35.43,35.44,35.43,35.44,2300
PHX.TO,20240220,9.28,9.28,8.98,9.04,34402
PHYS.TO,20240220,21.08,21.14,20.99,20.99,49935
PHYS.U.TO,20240220,15.6,15.6,15.54,15.55,40400
PIC.A.TO,20240220,4.07,4.16,4.07,4.16,64869
PIC.PR.A.TO,20240220,13.88,13.92,13.85,13.9,29900
PID.TO,20240220,21.74,21.86,21.74,21.86,1802
PIF.TO,20240220,12.6,12.6,12.05,12.1,79385
PIN.TO,20240220,17.1,17.1,17.1,17.1,2900
PINC.TO,20240220,17.21,17.3,17.21,17.27,1756
PIX.UN.TO,20240220,7.83,7.83,7.65,7.73,24577
PKI.TO,20240220,45.71,46.95,45.71,46.65,280762
PLC.TO,20240220,20.09,20.31,19.81,19.9,60142
PLC.DB.TO,20240220,100,100,100,100,197000
PLDI.TO,20240220,18.93,18.93,18.92,18.92,3200
PLV.TO,20240220,22.84,22.84,22.8,22.8,2600
PLZ.UN.TO,20240220,3.58,3.58,3.54,3.58,14869
PMB.UN.TO,20240220,6.95,6.95,6.95,6.95,2800
PME.TO,20240220,1.91,1.96,1.9,1.9,4508
PMET.TO,20240220,7.66,7.66,7.06,7.16,107770
PMIF.TO,20240220,18.03,18.09,18.01,18.03,825217
PMIF.U.TO,20240220,19.14,19.14,19.12,19.13,2500
PMM.TO,20240220,21.47,21.47,21.46,21.46,300
PMNT.TO,20240220,19.23,19.23,19.23,19.23,288
PMT.TO,20240220,0.4,0.415,0.37,0.415,33000
PMZ.UN.TO,20240220,13.77,13.94,13.63,13.79,235192
PNE.TO,20240220,1.2,1.21,1.18,1.2,262502
PNP.TO,20240220,4.2,4.78,4.2,4.7,9504
POU.TO,20240220,27.21,27.49,27.1,27.28,185802
POW.TO,20240220,37.99,38.68,37.99,38.67,2534176
POW.PR.A.TO,20240220,21.22,21.43,21.22,21.22,2850
POW.PR.B.TO,20240220,20.29,20.34,20.27,20.27,4575
POW.PR.C.TO,20240220,22.39,22.63,22.39,22.6,4309
POW.PR.D.TO,20240220,19.35,19.35,19.35,19.35,400
POW.PR.G.TO,20240220,20.88,21.05,20.88,21,11002
PPL.TO,20240220,45.82,46.1,45.45,45.5,4421350
PPL.PF.A.TO,20240220,21.5,21.5,21.5,21.5,200
PPL.PF.E.TO,20240220,22.24,22.3,22.23,22.24,2235
PPL.PR.A.TO,20240220,20.5,20.5,20.48,20.48,4950
PPL.PR.C.TO,20240220,19.3,19.61,19.3,19.6,7101
PPL.PR.E.TO,20240220,20.27,20.39,20.25,20.35,5800
PPL.PR.G.TO,20240220,18.85,18.9,18.75,18.8,1750
PPL.PR.I.TO,20240220,21.21,21.26,21.2,21.26,5500
PPL.PR.O.TO,20240220,20.48,20.57,20.48,20.57,1400
PPL.PR.Q.TO,20240220,21.2,21.2,21.2,21.2,100
PPL.PR.S.TO,20240220,23.4,23.4,23.35,23.35,3800
PPL.R.TO,20240220,45.6,45.72,45.04,45.12,97427
PPR.TO,20240220,0.055,0.06,0.055,0.055,215363
PPTA.TO,20240220,3.96,3.98,3.88,3.96,5371
PR.TO,20240220,8.77,8.77,8.76,8.76,1200
PRA.TO,20240220,25.93,25.96,25.93,25.96,500
PRB.TO,20240220,1.32,1.32,1.3,1.31,19000
PRL.TO,20240220,17,17.61,16.92,17.13,73378
PRM.TO,20240220,14.5,14.5,14.5,14.5,177
PRM.PR.A.TO,20240220,9.42,9.42,9.42,9.42,400
PRMW.TO,20240220,20.6,20.74,20.25,20.42,177064
PRN.TO,20240220,12.14,12.14,11.16,11.19,1731
PRQ.TO,20240220,1.26,1.26,1.24,1.25,33794
PRU.TO,20240220,1.52,1.52,1.49,1.5,31701
PRV.UN.TO,20240220,5.35,5.47,5.35,5.43,68934
PRYM.TO,20240220,2.05,2.05,1.95,2,63979
PSA.TO,20240220,50.15,50.15,50.14,50.14,141901
PSB.TO,20240220,17.13,17.16,17.13,17.14,13969
PSD.TO,20240220,2.02,2.08,1.96,1.98,13030
PSI.TO,20240220,14.53,14.53,14.11,14.2,68872
PSK.TO,20240220,23.24,23.38,23.01,23.18,227070
PSLV.TO,20240220,10.5,10.5,10.36,10.41,78435
PSU.U.TO,20240220,100.29,100.3,100.29,100.3,10621
PTI.UN.TO,20240220,6.5,6.58,6.48,6.55,31701
PTM.TO,20240220,1.41,1.41,1.35,1.35,4796
PTO.UN.TO,20240220,7.23,7.23,6.97,7,32767
PVS.PR.F.TO,20240220,24.89,24.98,24.89,24.9,2400
PVS.PR.G.TO,20240220,24.29,24.29,24.25,24.25,1200
PVS.PR.H.TO,20240220,23.68,23.75,23.68,23.75,3255
PVS.PR.I.TO,20240220,24.19,24.2,24.12,24.12,2400
PVS.PR.J.TO,20240220,23.1,23.1,23.1,23.1,2800
PVS.PR.K.TO,20240220,22.36,22.5,22.25,22.3,8000
PWF.PR.A.TO,20240220,13.45,13.45,13.22,13.22,1900
PWF.PR.E.TO,20240220,20.85,20.86,20.82,20.82,4100
PWF.PR.F.TO,20240220,19.9,19.91,19.83,19.83,3700
PWF.PR.G.TO,20240220,22.99,22.99,22.5,22.5,750
PWF.PR.H.TO,20240220,21.64,21.68,21.64,21.65,4275
PWF.PR.K.TO,20240220,18.65,18.65,18.65,18.65,100
PWF.PR.O.TO,20240220,21.79,21.8,21.79,21.8,810
PWF.PR.P.TO,20240220,14.54,14.55,14.4,14.4,1800
PWF.PR.Q.TO,20240220,16.01,16.01,16,16,1050
PWF.PR.R.TO,20240220,20.58,20.71,20.58,20.71,2045
PWF.PR.S.TO,20240220,18.04,18.4,18.04,18.4,200
PWF.PR.T.TO,20240220,20.3,20.3,20.25,20.25,5100
PWF.PR.Z.TO,20240220,19.31,19.5,19.31,19.4,3000
PWI.TO,20240220,6.64,6.7,6.5,6.54,17413
PWI.PR.A.TO,20240220,9.65,9.65,9.5,9.65,6400
PXC.TO,20240220,35.74,35.94,35.74,35.79,2110
PXT.TO,20240220,20.95,21.83,20.95,21.19,1196458
PXU.F.TO,20240220,56.69,56.97,56.69,56.97,394
PYF.TO,20240220,17.13,17.13,17.12,17.12,3152
PYF.B.TO,20240220,20.06,20.06,20.06,20.06,2000
PYF.U.TO,20240220,19.51,19.51,19.51,19.51,300
PYR.TO,20240220,0.5,0.5,0.47,0.47,88714
PZA.TO,20240220,14.31,14.35,14.19,14.2,44064
QAH.TO,20240220,164.82,164.82,164.31,164.31,400
QASH.TO,20240220,50.2,50.2,50.19,50.19,4100
QBB.TO,20240220,90.82,91.09,90.82,90.99,1018
QBR.A.TO,20240220,33.42,33.89,32.15,32.15,1500
QBR.B.TO,20240220,31.7,32.01,31.7,31.93,318454
QBTC.TO,20240220,71.43,71.43,69.38,70.89,18243
QBTC.U.TO,20240220,52.47,52.67,51.41,52.42,7208
QBTL.TO,20240220,18.74,18.76,18.74,18.76,50061
QCD.TO,20240220,32.89,32.89,32.89,32.89,200
QCE.TO,20240220,130.39,130.39,129.9,130.14,600
QCLN.TO,20240220,16.25,16.25,16,16.01,4315
QCN.TO,20240220,129.45,129.69,129.2,129.2,847
QDX.TO,20240220,112.62,112.62,112.12,112.29,509
QDXB.TO,20240220,87.65,88.17,87.65,87.91,400
QEBH.TO,20240220,75.95,75.95,75.86,75.86,800
QEBL.TO,20240220,70.83,71.45,70.83,71.45,200
QEC.TO,20240220,0.245,0.245,0.245,0.245,500
QEM.TO,20240220,24.15,24.15,24.15,24.15,100
QETH.U.TO,20240220,46.12,47.2,45.6,47.2,3517
QETH.UN.TO,20240220,61.84,63.89,61.84,63.89,9269
QHY.TO,20240220,85.26,85.26,85.26,85.26,600
QINF.TO,20240220,109.28,109.7,109.28,109.3,601
QIPT.TO,20240220,5.96,6.14,5.96,6.07,36904
QLB.TO,20240220,102.36,102.36,102.36,102.36,3000
QMAX.TO,20240220,19.05,19.1,18.77,18.99,80166
QQC.TO,20240220,28.34,28.38,28,28.25,71707
QQC.F.TO,20240220,140.71,140.71,139.1,139.85,7969
QQCC.TO,20240220,11.52,11.53,11.44,11.5,58407
QQCE.TO,20240220,24.04,24.04,23.78,23.9,6350
QQCE.F.TO,20240220,21.34,21.34,21.34,21.34,1500
QQCL.TO,20240220,21.69,21.69,21.5,21.56,19166
QQEQ.TO,20240220,25.27,25.27,25.27,25.27,205
QQJE.TO,20240220,18.01,18.02,17.94,18.02,400
QQQT.TO,20240220,25.83,25.83,25.33,25.55,3046
QQQT.B.TO,20240220,26.1,26.22,26.1,26.22,500
QQQY.TO,20240220,24.71,24.71,24.33,24.39,22952
QRC.TO,20240220,0.86,0.88,0.86,0.88,116327
QRET.TO,20240220,102.77,102.77,102.77,102.77,100
QSR.TO,20240220,104.02,104.77,102.82,103.22,375222
QTRH.TO,20240220,1.71,1.75,1.69,1.74,33405
QTRH.DB.TO,20240220,94.11,94.11,94.11,94.11,2000
QUB.TO,20240220,81.38,81.39,81.28,81.28,700
QUS.TO,20240220,48.81,48.81,48.69,48.79,500
QUU.TO,20240220,193.42,193.42,192.48,192.91,2125
QXM.TO,20240220,27.28,27.28,27.28,27.28,137
RA.UN.TO,20240220,7.24,7.24,7.24,7.24,200
RATE.TO,20240220,20.86,20.87,20.86,20.87,2456
RAY.A.TO,20240220,7.2,7.31,7.2,7.28,57297
RAY.B.TO,20240220,7.25,7.25,7.15,7.25,2000
RBA.TO,20240220,92.47,92.79,91.24,91.59,126183
RBN.UN.TO,20240220,7.79,7.81,7.79,7.81,2400
RBNK.TO,20240220,23.51,23.76,23.51,23.65,14349
RBO.TO,20240220,18.16,18.17,18.14,18.14,29400
RBOT.TO,20240220,29.3,29.3,28.85,28.85,717
RBY.TO,20240220,2.25,2.25,2.24,2.24,7800
RCD.TO,20240220,25.44,25.46,25.4,25.42,2635
RCG.TO,20240220,8.42,8.45,8.31,8.34,2700
RCG.PR.B.TO,20240220,11.6,11.6,11.6,11.6,800
RCH.TO,20240220,44.26,44.6,43.34,43.57,42505
RCI.A.TO,20240220,61.35,62.25,61.35,62.25,719
RCI.B.TO,20240220,61.4,62,61.4,61.54,716518
RDBH.TO,20240220,20.12,20.12,20.12,20.12,350
REAL.TO,20240220,6.89,6.89,6.68,6.76,66841
REI.UN.TO,20240220,18.5,18.56,18.33,18.5,887385
RGQL.TO,20240220,20.28,20.29,20.27,20.27,7400
RGQN.TO,20240220,20.04,20.04,20.02,20.02,2544
RGQO.TO,20240220,19.93,19.93,19.93,19.93,500
RGQP.TO,20240220,19.72,19.72,19.72,19.72,662
RGQR.TO,20240220,19.49,19.49,19.49,19.49,500
RIB.UN.TO,20240220,12.9,12.97,12.9,12.97,300
RIDH.TO,20240220,27.47,27.47,27.29,27.42,1000
RIFI.TO,20240220,17.55,17.55,17.55,17.55,500
RIIN.TO,20240220,18.2,18.22,18.16,18.16,600
RIT.TO,20240220,16.2,16.25,16.15,16.21,23505
RLB.TO,20240220,18.17,18.19,18.15,18.15,9500
ROOT.TO,20240220,2.36,2.37,2.36,2.37,903
RPD.TO,20240220,24.5,24.5,24.5,24.5,200
RPF.TO,20240220,19.06,19.18,19.04,19.18,12787
RQL.TO,20240220,20.27,20.27,20.25,20.25,6500
RQN.TO,20240220,20.05,20.08,20.05,20.07,5425
RQO.TO,20240220,18.16,18.17,18.14,18.16,22600
RQP.TO,20240220,17.67,17.68,17.65,17.66,10851
RQQ.TO,20240220,21.21,21.24,21.19,21.23,11443
RQR.TO,20240220,21.05,21.07,21.03,21.03,500
RS.TO,20240220,12.87,12.92,12.85,12.91,15716
RS.PR.A.TO,20240220,9.8,9.85,9.8,9.85,6183
RSI.TO,20240220,5.62,5.68,5.6,5.63,119045
RSI.DB.E.TO,20240220,99,99.25,99,99,40000
RSI.DB.F.TO,20240220,98,98,98,98,63000
RUBY.TO,20240220,18.63,18.63,18.63,18.63,1105
RUD.TO,20240220,59.44,59.44,59.03,59.07,4568
RUDB.U.TO,20240220,14.94,14.94,14.94,14.94,1250
RUDC.TO,20240220,20.55,20.55,20.55,20.55,111
RUDH.TO,20240220,42.09,42.09,41.83,41.83,200
RUP.TO,20240220,3.08,3.1,2.95,3,89659
RUS.TO,20240220,46.13,46.5,45.12,45.27,231338
RUSB.TO,20240220,20.51,20.51,20.51,20.51,1200
RUSB.U.TO,20240220,15.17,15.17,15.17,15.17,500
RVX.TO,20240220,0.06,0.06,0.06,0.06,29960
RXD.TO,20240220,19.49,19.49,19.49,19.49,532
RY.TO,20240220,131.22,133.34,131.1,132.55,8807246
RY.PR.H.TO,20240220,20.14,20.15,20.05,20.15,21071
RY.PR.J.TO,20240220,20.03,20.03,19.95,19.95,9500
RY.PR.M.TO,20240220,19.19,19.2,19.1,19.11,5700
RY.PR.N.TO,20240220,22.25,22.36,22.2,22.35,14050
RY.PR.O.TO,20240220,22.42,22.43,22.24,22.43,4100
RY.PR.S.TO,20240220,22.45,22.59,22.45,22.54,7201
RY.PR.Z.TO,20240220,21.15,21.2,20.95,21.06,23719
S.TO,20240220,0.275,0.285,0.265,0.28,193514
SAM.TO,20240220,0.09,0.09,0.09,0.09,6800
SAP.TO,20240220,28.09,28.42,27.86,28.05,318071
SAU.TO,20240220,0.085,0.085,0.075,0.08,108000
SBC.TO,20240220,8.84,8.89,8.84,8.85,18622
SBC.PR.A.TO,20240220,9.99,10,9.99,10,4100
SBI.TO,20240220,0.87,0.87,0.81,0.82,2000
SBT.TO,20240220,12.17,12.17,12.17,12.17,600
SCR.TO,20240220,24.5,24.7,24.32,24.52,11835
SCY.TO,20240220,0.025,0.025,0.025,0.025,10201
SDE.TO,20240220,3.2,3.2,3.14,3.14,106953
SEA.TO,20240220,15.29,15.7,15.25,15.7,71216
SES.TO,20240220,10.67,10.72,10.55,10.63,333480
SFC.TO,20240220,6.29,6.34,6.29,6.34,2500
SFTC.TO,20240220,18.13,18.13,17,17,4854
SGLD.TO,20240220,0.09,0.09,0.09,0.09,5052
SGNL.TO,20240220,0.095,0.1,0.09,0.095,29000
SGR.U.TO,20240220,8.76,8.76,8.73,8.73,500
SGR.UN.TO,20240220,11.99,12.08,11.78,11.81,93746
SGY.TO,20240220,6.75,6.83,6.66,6.72,346146
SGY.DB.B.TO,20240220,101,101,101,101,15000
SHLE.TO,20240220,8.77,8.77,8.05,8.43,4478
SHOP.TO,20240220,107.95,108.85,105.16,106.3,4104526
SIA.TO,20240220,12.02,12.2,12.02,12.19,147213
SIH.UN.TO,20240220,11.31,11.31,11.31,11.31,100
SII.TO,20240220,51.3,51.56,50.94,51.02,17640
SIL.TO,20240220,7.1,7.1,6.9,7.01,115594
SIS.TO,20240220,16.71,16.92,16.69,16.77,100032
SJ.TO,20240220,79.84,80.19,78.46,79.73,84839
SKE.TO,20240220,5.19,5.19,4.83,4.99,341950
SKYY.TO,20240220,21.68,21.74,21.62,21.71,2301
SLF.TO,20240220,72.45,73.47,72.45,73.43,4787694
SLF.PR.C.TO,20240220,19.5,19.59,19.5,19.59,3275
SLF.PR.D.TO,20240220,19.27,19.3,19.27,19.3,4220
SLF.PR.E.TO,20240220,19.75,19.75,19.43,19.43,1250
SLF.PR.G.TO,20240220,15.23,15.24,15.23,15.24,1400
SLF.PR.H.TO,20240220,19.28,19.29,19.24,19.24,8300
SLF.PR.J.TO,20240220,16.35,16.35,16.35,16.35,400
SLF.PR.K.TO,20240220,20.55,20.55,20.4,20.4,600
SLR.TO,20240220,0.7,0.7,0.7,0.7,500
SLS.TO,20240220,3.98,3.98,3.73,3.73,78316
SMAX.TO,20240220,17.75,17.75,17.62,17.68,39604
SMC.TO,20240220,0.025,0.025,0.025,0.025,259005
SMT.TO,20240220,0.84,0.84,0.8,0.83,102729
SOIL.TO,20240220,2.35,2.35,2.27,2.27,164316
SOIL.WT.A.TO,20240220,0.26,0.26,0.18,0.195,97000
SOLG.TO,20240220,0.13,0.14,0.13,0.135,143846
SOT.DB.TO,20240220,79.9,80,79.9,80,69000
SOT.DB.A.TO,20240220,61,62,59.1,59.1,39000
SOT.DB.B.TO,20240220,58.15,58.15,58.05,58.05,79000
SOT.UN.TO,20240220,0.88,0.89,0.87,0.87,19441
SOY.TO,20240220,8.05,8.08,7.91,7.96,23921
SPAY.TO,20240220,27.02,27.03,27.02,27.02,6000
SPB.TO,20240220,9.36,9.49,9.34,9.37,243527
SPLT.TO,20240220,10.39,10.41,10.39,10.41,20346
SPPP.TO,20240220,12.7,12.76,12.68,12.7,1175
SRU.UN.TO,20240220,23.95,24.08,23.82,23.98,195515
SRV.UN.TO,20240220,15.7,15.77,15.62,15.64,3697
SSF.UN.TO,20240220,6.85,6.89,6.85,6.89,7030
SSL.TO,20240220,5.64,5.67,5.53,5.62,225854
SSRM.TO,20240220,5.93,6.31,5.78,6.24,1085591
STC.TO,20240220,5.16,5.3,5.16,5.19,10686
STCK.TO,20240220,8.78,8.84,8.64,8.68,626
STEP.TO,20240220,4.62,4.64,4.48,4.5,27908
STGO.TO,20240220,0.67,0.67,0.65,0.66,173155
STLC.TO,20240220,39.24,40.81,39.24,40.2,149690
STLR.TO,20240220,1.26,1.3,1.2,1.2,86049
STN.TO,20240220,111.96,112.48,109.79,111.8,225175
STPL.TO,20240220,23.35,23.41,23.32,23.38,7534
SU.TO,20240220,44.46,44.83,44.11,44.12,15157400
SVA.TO,20240220,0.69,0.7,0.65,0.68,186993
SVB.TO,20240220,0.165,0.19,0.165,0.185,150109
SVI.TO,20240220,5.35,5.38,5.3,5.31,86309
SVI.DB.TO,20240220,97.75,97.75,97.75,97.75,5000
SVI.DB.C.TO,20240220,92,92.16,92,92,46999
SVM.TO,20240220,3.29,3.3,3.19,3.24,73346
SVR.TO,20240220,11.36,11.36,11.16,11.22,3350
SVR.C.TO,20240220,11.88,11.9,11.82,11.9,1800
SWP.TO,20240220,2.76,2.79,2.73,2.79,1400
SXP.TO,20240220,4.38,4.5,4.37,4.44,33914
SYLD.TO,20240220,18.2,18.2,18.19,18.19,522
SYZ.TO,20240220,8.99,9.27,8.99,9.22,184407
SZLS.TO,20240220,0.04,0.04,0.04,0.04,3531
T.TO,20240220,23.87,24.32,23.87,24.2,2501364
TA.TO,20240220,9.29,9.36,9.23,9.26,483510
TA.PR.E.TO,20240220,16.05,16.05,16,16.01,1500
TA.PR.F.TO,20240220,18.41,18.5,18.41,18.5,5200
TA.PR.H.TO,20240220,21.5,21.55,21.45,21.52,2736
TA.PR.J.TO,20240220,21.23,21.34,21.23,21.34,2648
TAIG.TO,20240220,0.88,0.91,0.88,0.89,57597
TAL.TO,20240220,0.76,0.76,0.72,0.72,585222
TBAL.TO,20240220,17.03,17.03,17.01,17.03,8320
TBL.TO,20240220,3,3.01,2.96,2.96,5615
TBNK.TO,20240220,25.36,25.65,25.36,25.65,7308
TC.TO,20240220,29.01,29.69,29.01,29.55,2451
TCL.A.TO,20240220,13.67,13.86,13.44,13.74,93023
TCLB.TO,20240220,118,118.33,117.97,117.97,2300
TCLV.TO,20240220,19.69,19.69,19.66,19.66,1300
TCN.TO,20240220,14.9,15,14.9,15,551614
TCON.TO,20240220,14.58,14.58,14.58,14.58,3023
TCS.TO,20240220,35.35,35.35,34.33,34.36,2406
TCSB.TO,20240220,14.44,14.45,14.44,14.44,6122
TCW.TO,20240220,4.22,4.24,4.1,4.1,339463
TD.TO,20240220,80.44,81.25,80.44,80.66,2987908
TD.PF.A.TO,20240220,20.82,21.47,20.82,21.47,7085
TD.PF.B.TO,20240220,22.54,22.54,21.75,21.83,36373
TD.PF.C.TO,20240220,19.9,19.95,19.89,19.9,16500
TD.PF.D.TO,20240220,20.17,20.17,20.1,20.12,5288
TD.PF.I.TO,20240220,24.65,24.75,24.6,24.65,5605
TD.PF.J.TO,20240220,22.01,22.1,21.96,22.02,27867
TD.PF.L.TO,20240220,24.8,24.82,24.8,24.82,4200
TD.PF.M.TO,20240220,24.78,24.78,24.65,24.65,8444
TDB.TO,20240220,12.8,12.85,12.8,12.84,74779
TDOC.TO,20240220,18.16,18.35,18.16,18.22,57196
TEC.TO,20240220,34.3,34.34,33.86,34.18,112871
TEC.U.TO,20240220,25.15,25.22,25.02,25.2,17330
TECH.TO,20240220,13.42,13.5,13.37,13.43,14299
TECH.B.TO,20240220,15.17,15.24,15.15,15.24,1351
TECH.U.TO,20240220,13.84,13.87,13.84,13.87,400
TECI.TO,20240220,7.88,7.88,7.7,7.73,18752
TECK.A.TO,20240220,51.86,51.86,50.7,50.7,1951
TECK.B.TO,20240220,52.12,52.26,50.53,51.26,1051446
TECX.TO,20240220,23.69,23.69,23.47,23.57,750
TERM.TO,20240220,9.34,9.34,9.31,9.32,50647
TF.TO,20240220,7.28,7.32,7.2,7.2,152484
TF.DB.D.TO,20240220,93.95,93.95,93.95,93.95,3000
TFII.TO,20240220,195.99,196.29,193.73,195.42,105331
TFPM.TO,20240220,16.94,16.94,16.61,16.71,57196
TGAF.TO,20240220,19.89,19.89,19.89,19.89,300
TGED.TO,20240220,22.15,22.16,22.02,22.11,55254
TGFI.TO,20240220,20.36,20.42,20.26,20.42,4762
TGGR.TO,20240220,24.93,24.93,24.8,24.86,11540
TGO.TO,20240220,1.42,1.49,1.38,1.42,13621
TGRE.TO,20240220,13.64,13.64,13.57,13.57,9386
TGRO.TO,20240220,19.74,19.75,19.69,19.69,4865
TH.TO,20240220,2.3,2.3,2.22,2.27,24602
The.TO,20240220,24.29,24.36,24.2,24.36,13735
THNC.TO,20240220,3.77,3.77,3.48,3.53,20064
THU.TO,20240220,33.34,33.34,33.21,33.29,1534
TI.TO,20240220,0.27,0.27,0.26,0.26,54710
TIH.TO,20240220,124.77,124.98,122.97,124.78,86719
TILV.TO,20240220,15.37,15.37,15.32,15.34,37010
TINF.TO,20240220,17.02,17.57,17.02,17.5,3913
TIPS.F.TO,20240220,28.39,28.39,28.39,28.39,1200
TIXT.TO,20240220,15.25,15.29,15,15.15,172222
TKN.TO,20240220,17,17,17,17,834
TKO.TO,20240220,2.07,2.07,2.01,2.03,100953
TLF.TO,20240220,23.08,23.17,22.8,22.99,6359
TLF.U.TO,20240220,24.8,24.93,24.71,24.93,1300
TLG.TO,20240220,0.57,0.6,0.56,0.57,512993
TLO.TO,20240220,0.15,0.15,0.145,0.1475,527654
TLRY.TO,20240220,2.55,2.58,2.44,2.46,803122
TLV.TO,20240220,29.24,29.32,29.19,29.26,8922
TMCC.TO,20240220,9.19,9.19,9.17,9.17,2000
TMD.TO,20240220,0.095,0.095,0.095,0.095,9537
TMEC.TO,20240220,18.87,18.9,18.84,18.86,1460
TMEU.TO,20240220,20.8,20.8,20.62,20.67,1610
TML.TO,20240220,0.125,0.125,0.12,0.12,505931
TMQ.TO,20240220,0.56,0.62,0.56,0.62,13500
TMUC.TO,20240220,8.35,8.35,8.35,8.35,11018
TNT.UN.TO,20240220,9.22,9.22,9.01,9.08,13365
TNZ.TO,20240220,3.83,3.95,3.72,3.76,30100
TOT.TO,20240220,9.51,9.51,9.36,9.43,27836
TOU.TO,20240220,57.07,57.84,56.7,57,3095658
TOY.TO,20240220,34.95,34.99,34.11,34.36,120405
TPE.TO,20240220,21.03,21.11,21.02,21.08,23429
TPRF.TO,20240220,9.77,9.79,9.75,9.76,14594
TPU.TO,20240220,38.15,38.15,37.89,38.02,57135
TPU.U.TO,20240220,28.61,28.61,28.42,28.42,2600
TPX.A.TO,20240220,84.5,85.42,84.5,84.78,2301
TPX.B.TO,20240220,84.24,85.41,84.24,85.41,425
TPZ.TO,20240220,19.35,19.65,19.3,19.55,202563
TQCD.TO,20240220,16.2,16.28,16.2,16.24,80233
TQGD.TO,20240220,17.51,17.55,17.47,17.53,96220
TQSM.TO,20240220,21.64,21.66,21.56,21.6,22300
TRI.TO,20240220,214.53,216.79,212.17,213.34,475195
TRI.PR.B.TO,20240220,13.6,13.6,13.6,13.6,540
TRP.TO,20240220,53.27,54,53.27,53.69,3510232
TRP.PR.A.TO,20240220,15.44,15.44,15.32,15.32,2605
TRP.PR.B.TO,20240220,12,12,11.9,11.9,700
TRP.PR.C.TO,20240220,12.12,12.12,12,12.1,2800
TRP.PR.D.TO,20240220,18.22,18.3,18.05,18.05,9780
TRP.PR.E.TO,20240220,16.95,17,16.94,16.95,5328
TRP.PR.F.TO,20240220,16.15,16.24,16.1,16.2,2901
TRP.PR.G.TO,20240220,18,18,17.97,17.97,9300
TRP.PR.H.TO,20240220,13.93,13.93,13.76,13.8,3922
TRVI.TO,20240220,19.9,19.92,19.9,19.91,1100
TRVL.TO,20240220,23.89,23.99,23.89,23.94,2428
TRX.TO,20240220,0.49,0.49,0.46,0.46,21440
TRZ.TO,20240220,4.1,4.2,4.1,4.2,56038
TSAT.TO,20240220,12.42,12.61,12.38,12.46,706
TSK.TO,20240220,0.335,0.335,0.33,0.335,7000
TSL.TO,20240220,3.48,3.49,3.46,3.47,4572
TSND.TO,20240220,2.26,2.34,2.21,2.29,240762
TSU.TO,20240220,42.1,42.1,41.33,41.75,78909
TTNM.TO,20240220,2.21,2.25,2.2,2.21,28536
TTP.TO,20240220,24.2,24.31,24.2,24.23,40907
TUED.TO,20240220,23.71,23.71,23.53,23.61,22816
TUED.U.TO,20240220,17.51,17.51,17.51,17.51,300
TUHY.TO,20240220,20.75,20.87,20.75,20.87,3504
TULB.TO,20240220,112.99,113.06,112.99,113.05,500
TULV.TO,20240220,19.2,19.2,19.2,19.2,1400
TUSB.TO,20240220,13.76,13.76,13.76,13.76,140
TVA.B.TO,20240220,1.33,1.37,1.33,1.33,2700
TVE.TO,20240220,3.2,3.21,3.1,3.12,1703647
TVK.TO,20240220,56.49,57.39,56.35,56.7,9558
TWC.TO,20240220,16.8,16.8,16.75,16.75,1000
TWM.TO,20240220,0.85,0.85,0.84,0.84,101475
TWM.DB.TO,20240220,99.7,99.7,99.7,99.7,12000
TXF.TO,20240220,20.61,20.61,20.28,20.44,37132
TXF.B.TO,20240220,24.99,24.99,24.99,24.99,150
TXG.TO,20240220,14.07,14.25,13.71,14.02,302555
TXP.TO,20240220,0.87,0.9,0.87,0.89,87900
TXT.UN.TO,20240220,2.82,2.82,2.82,2.82,500
U.U.TO,20240220,23.06,23.21,22.09,22.27,38096
U.UN.TO,20240220,31.26,31.37,29.84,30.09,1032841
UBIL.U.TO,20240220,50.1,50.11,50.1,50.11,4968
UCSH.U.TO,20240220,50.14,50.14,50.14,50.14,4250
UDIV.TO,20240220,12.08,12.08,12.04,12.04,8381
UDIV.B.TO,20240220,12.63,12.63,12.55,12.6,16533
ULV.C.TO,20240220,31.33,31.4,31.33,31.4,200
ULV.F.TO,20240220,46.12,46.12,46.02,46.1,600
UMAX.TO,20240220,15.15,15.25,15.15,15.16,43172
UNC.TO,20240220,112.68,112.68,112.68,112.68,103
URB.TO,20240220,5.44,5.44,5.27,5.27,4709
URB.A.TO,20240220,4.59,4.7,4.57,4.7,4101
URC.TO,20240220,3.82,3.89,3.66,3.67,322237
URC.WT.TO,20240220,2,2,1.75,1.8,20350
URE.TO,20240220,2.24,2.29,2.17,2.18,90698
USA.TO,20240220,0.295,0.3,0.29,0.295,129247
USCC.TO,20240220,17.85,17.85,17.74,17.8,56989
USCC.U.TO,20240220,13.21,13.21,13.16,13.16,26561
USCL.TO,20240220,20.81,20.81,20.67,20.7,39102
VA.TO,20240220,37.44,37.44,37.44,37.44,717
VAB.TO,20240220,22.43,22.51,22.43,22.48,81175
VALT.TO,20240220,25.34,25.34,25.34,25.34,1046
VBAL.TO,20240220,29.95,29.95,29.88,29.92,105346
VBNK.TO,20240220,15.24,15.28,15.24,15.25,4002
VCB.TO,20240220,23.31,23.36,23.31,23.34,8904
VCE.TO,20240220,46.94,47.04,46.82,46.87,38494
VCIP.TO,20240220,24.96,25.04,24.96,25.04,1546
VCM.TO,20240220,17,17,16.73,16.89,3638
VCN.TO,20240220,43.41,43.41,43.21,43.29,85535
VCNS.TO,20240220,27.29,27.29,27.23,27.25,102603
VDU.TO,20240220,40.99,41.06,40.92,40.99,19779
VDY.TO,20240220,42.27,42.66,42.27,42.49,109663
VE.TO,20240220,33.85,33.85,33.71,33.75,3747
VEE.TO,20240220,33.36,33.55,33.36,33.45,69826
VEF.TO,20240220,53.33,53.35,53.25,53.28,4290
VEQT.TO,20240220,38.27,38.29,38.15,38.2,203983
VET.TO,20240220,14.44,14.52,14.11,14.32,628272
VFV.TO,20240220,119.75,119.81,119.07,119.46,272658
VGCX.TO,20240220,6.15,6.2,5.86,5.96,272446
VGG.TO,20240220,80.63,80.82,80.58,80.65,12425
VGH.TO,20240220,57.54,57.59,57.35,57.41,8254
VGRO.TO,20240220,32.74,32.76,32.66,32.7,209546
VGV.TO,20240220,21.96,22,21.96,22,8105
VGZ.TO,20240220,0.485,0.485,0.475,0.48,3500
VHI.TO,20240220,6,6,5.7,5.75,57963
VI.TO,20240220,37.59,37.64,37.48,37.64,23870
VIDY.TO,20240220,28.88,28.96,28.7,28.96,39716
VIU.TO,20240220,32.7,32.81,32.69,32.79,53791
VLB.TO,20240220,20.92,21.01,20.89,20.97,20941
VLE.TO,20240220,3.97,4.25,3.94,4.1,897974
VLN.TO,20240220,5.2,5.2,5.2,5.2,1800
VMO.TO,20240220,53.59,53.59,53.13,53.13,1202
VNP.TO,20240220,4.3,4.38,4.27,4.36,33276
VOXR.TO,20240220,2.59,2.69,2.59,2.69,5044
VPH.TO,20240220,0.195,0.195,0.18,0.195,29005
VQS.TO,20240220,0.155,0.155,0.155,0.155,17025
VRE.TO,20240220,30.72,30.85,30.65,30.71,11267
VRIF.TO,20240220,23.7,23.79,23.7,23.77,6402
VRTS.TO,20240220,0.015,0.02,0.015,0.02,161833
VSB.TO,20240220,22.62,22.63,22.6,22.62,35950
VSC.TO,20240220,23.22,23.26,23.22,23.25,20265
VSP.TO,20240220,81.62,81.62,80.88,81.21,77435
VUN.TO,20240220,90.87,90.94,90.38,90.59,148190
VUS.TO,20240220,88.3,88.39,87.84,88.11,16283
VVL.TO,20240220,46.11,46.11,45.95,46.05,1359
VXC.TO,20240220,54.46,54.52,54.25,54.45,33850
VXM.TO,20240220,31.16,31.16,31.16,31.16,100
WCM.A.TO,20240220,4.35,4.35,4.35,4.35,300
WCN.TO,20240220,225.61,228.38,225.61,226.16,221854
WCP.TO,20240220,8.88,9.07,8.83,8.97,3795822
WDO.TO,20240220,9.13,9.17,8.76,8.8,267631
WEED.TO,20240220,5.13,5.13,4.73,4.79,1216679
WEF.TO,20240220,0.65,0.66,0.64,0.66,154979
WELL.TO,20240220,3.8,3.83,3.72,3.75,457774
WELL.DB.TO,20240220,93.9,93.9,93.89,93.89,31000
WFC.TO,20240220,24.49,24.5,23.5,23.99,2894
WFG.TO,20240220,105.76,106.97,104,106.37,241154
WFS.TO,20240220,1.45,1.5,1.45,1.5,5100
WFS.PR.A.TO,20240220,9.11,9.11,9.11,9.11,500
WILD.TO,20240220,1.1,1.17,1.1,1.15,40300
WILD.DB.TO,20240220,95.99,95.99,95.99,95.99,14000
WJX.TO,20240220,31.08,33.14,31.08,32.42,34779
WJX.DB.TO,20240220,100,100.25,100,100.25,108000
WLLW.TO,20240220,0.135,0.135,0.135,0.135,918
WM.TO,20240220,0.08,0.08,0.07,0.07,666056
WN.TO,20240220,173.86,176.23,173.74,175.99,109034
WN.PR.A.TO,20240220,22.46,22.5,22.06,22.07,2775
WN.PR.C.TO,20240220,20.21,20.22,20.01,20.02,3613
WN.PR.D.TO,20240220,20.06,20.2,20.02,20.02,5000
WN.PR.E.TO,20240220,18.41,18.5,18.41,18.5,2000
WNDR.TO,20240220,0.25,0.26,0.25,0.255,1044012
WOMN.TO,20240220,32.3,32.38,32.3,32.38,200
WPK.TO,20240220,40.01,41.67,40.01,41.14,25766
WPM.TO,20240220,60.37,60.67,59.52,59.78,685860
WPRT.TO,20240220,7.77,7.82,7.68,7.82,10308
WRG.TO,20240220,2.55,2.55,2.55,2.55,425
WRN.TO,20240220,1.35,1.38,1.28,1.29,90351
WRX.TO,20240220,0.14,0.14,0.14,0.14,6826
WSP.TO,20240220,207.49,209.47,205.61,208.26,119072
WSRD.TO,20240220,27.77,27.77,27.77,27.77,286
WSRI.TO,20240220,38.61,38.61,38.57,38.6,1150
WTE.TO,20240220,25.52,25.68,25.37,25.61,43204
WXM.TO,20240220,25.44,25.5,25.41,25.41,2126
X.TO,20240220,34.01,34.51,33.85,34.19,686980
XAD.TO,20240220,54.8,54.8,54.8,54.8,225
XAGH.TO,20240220,33.22,33.22,33.22,33.22,307
XAM.TO,20240220,0.04,0.04,0.04,0.04,1781
XAU.TO,20240220,7.95,7.95,7.82,7.85,19220
XAW.TO,20240220,37.8,37.91,37.74,37.82,24809
XAW.U.TO,20240220,28.4,28.4,28.3,28.3,550
XBAL.TO,20240220,27.16,27.2,27.15,27.15,34295
XBB.TO,20240220,27.52,27.61,27.52,27.57,129472
XBM.TO,20240220,18.04,18.04,17.54,17.57,9837
XCB.TO,20240220,19.42,19.51,19.42,19.48,47700
XCBG.TO,20240220,36.43,36.45,36.41,36.44,1805
XCD.TO,20240220,51,51,50.97,50.97,775
XCG.TO,20240220,48.71,48.71,48.53,48.63,1663
XCH.TO,20240220,14.85,14.85,14.7,14.77,19227
XCHP.TO,20240220,48.44,48.44,48.44,48.44,211
XCNS.TO,20240220,21.74,21.74,21.73,21.73,3497
XCS.TO,20240220,18.11,18.14,17.92,17.96,13694
XCSR.TO,20240220,62.26,62.4,62.22,62.22,3781
XCV.TO,20240220,33.37,33.6,33.37,33.48,12036
XDG.TO,20240220,24.35,24.39,24.34,24.34,10254
XDGH.TO,20240220,25.01,25.01,24.95,24.95,1452
XDIV.TO,20240220,25.81,26.03,25.81,25.91,66163
XDSR.TO,20240220,55.37,55.44,55.34,55.44,759
XDU.TO,20240220,27.85,27.86,27.78,27.78,3086
XDUH.TO,20240220,25.55,25.61,25.55,25.57,430
XDV.TO,20240220,27.3,27.53,27.3,27.48,56760
XEB.TO,20240220,15.41,15.41,15.4,15.4,834
XEC.TO,20240220,26.09,26.3,26.09,26.23,28224
XEF.TO,20240220,35.7,35.77,35.67,35.75,80382
XEG.TO,20240220,15.89,16.01,15.77,15.81,620708
XEH.TO,20240220,31.19,31.19,31.17,31.17,439
XEI.TO,20240220,24.57,24.77,24.55,24.68,57877
XEM.TO,20240220,30.05,30.05,29.92,29.97,6373
XEN.TO,20240220,32.39,32.44,32.26,32.26,21449
XEQT.TO,20240220,28.81,28.85,28.72,28.79,341794
XESG.TO,20240220,25.54,25.61,25.51,25.51,10637
XEU.TO,20240220,28.51,28.56,28.51,28.56,2538
XEXP.TO,20240220,47.4,47.4,47.17,47.17,325
XFH.TO,20240220,30.34,30.41,30.31,30.35,17405
XFLB.TO,20240220,47.66,47.94,47.63,47.83,26400
XFN.TO,20240220,48.29,48.75,48.28,48.6,356366
XFR.TO,20240220,20.17,20.17,20.16,20.17,29502
XGB.TO,20240220,18.88,18.97,18.88,18.94,24205
XGD.TO,20240220,15.87,15.96,15.74,15.81,225918
XGI.TO,20240220,49.21,49.21,49.21,49.21,108
XGRO.TO,20240220,26.58,26.61,26.54,26.59,95943
XHB.TO,20240220,18.99,19.06,18.98,19.02,2154
XHC.TO,20240220,70.85,71.11,70.56,70.56,6973
XHD.TO,20240220,30.95,31.21,30.95,31.04,4840
XHU.TO,20240220,28.89,29.06,28.84,28.85,2200
XHY.TO,20240220,16.21,16.34,16.21,16.31,6968
XIC.TO,20240220,33.9,33.97,33.82,33.89,198463
XID.TO,20240220,52.5,52.5,52.08,52.14,7322
XIG.TO,20240220,19.98,19.98,19.95,19.95,1700
XIGS.TO,20240220,37.01,37.01,37.01,37.01,1900
XIN.TO,20240220,34.52,34.52,34.4,34.48,7537
XINC.TO,20240220,19.25,19.36,19.25,19.36,1614
XIT.TO,20240220,54.66,54.7,54.04,54.25,49703
XIU.TO,20240220,32.67,32.72,32.51,32.57,1817915
XLB.TO,20240220,19.09,19.19,19.06,19.13,52491
XLVE.TO,20240220,8.8,8.8,8.8,8.8,341
XLY.TO,20240220,0.015,0.015,0.015,0.015,2131166
XMA.TO,20240220,16.23,16.23,16.1,16.12,97559
XMC.TO,20240220,29.1,29.1,28.97,29.01,14427
XMD.TO,20240220,31.68,31.68,31.57,31.6,2020
XMF.PR.B.TO,20240220,4.97,4.97,4.96,4.96,894
XMH.TO,20240220,25.23,25.3,25.18,25.29,4020
XMI.TO,20240220,35.85,35.85,35.74,35.77,1000
XMM.TO,20240220,27.06,27.39,27.06,27.35,2363
XMS.TO,20240220,33.4,33.65,33.4,33.55,872
XMU.TO,20240220,72.95,73.2,72.93,72.93,2351
XMV.TO,20240220,40.16,40.39,40.16,40.24,3319
XMW.TO,20240220,48.95,49.18,48.95,49.08,1394
XPF.TO,20240220,14.51,14.64,14.51,14.64,7200
XQB.TO,20240220,18.46,18.55,18.46,18.52,4331
XQLT.TO,20240220,34.41,34.44,34.33,34.34,7144
XQQ.TO,20240220,133.7,134.07,132.25,133.19,103426
XQQU.TO,20240220,56.72,56.72,56.11,56.42,2196
XQQU.U.TO,20240220,41.65,41.72,41.55,41.7,1206
XRB.TO,20240220,21.66,21.83,21.66,21.79,7099
XRE.TO,20240220,16.01,16.08,15.96,16.03,364970
XSAB.TO,20240220,17.71,17.71,17.66,17.66,6909
XSB.TO,20240220,26.04,26.06,26.03,26.04,71434
XSE.TO,20240220,17.71,17.71,17.68,17.69,913
XSEA.TO,20240220,24.62,24.62,24.6,24.61,1100
XSEM.TO,20240220,18.9,18.9,18.9,18.9,296
XSH.TO,20240220,18.34,18.39,18.34,18.38,15793
XSHG.TO,20240220,37.95,37.96,37.95,37.96,700
XSI.TO,20240220,16.82,16.82,16.82,16.82,203
XSMC.TO,20240220,28.78,28.87,28.78,28.82,2600
XSMH.TO,20240220,26.48,26.53,26.39,26.39,2630
XSP.TO,20240220,52.3,52.34,51.96,52.15,267415
XST.TO,20240220,92.35,93.74,92.35,93.54,7483
XSTB.TO,20240220,19.13,19.13,19.12,19.12,5425
XSTH.TO,20240220,36.76,36.76,36.76,36.76,175
XSTP.TO,20240220,40.38,40.38,40.38,40.38,341
XSU.TO,20240220,38.81,38.87,38.59,38.72,48316
XSUS.TO,20240220,35.82,35.83,35.63,35.71,5633
XTC.TO,20240220,7.46,7.46,7.22,7.22,27135
XTD.TO,20240220,2.72,2.73,2.64,2.65,7487
XTD.PR.A.TO,20240220,9.95,9.95,9.82,9.92,4472
XTG.TO,20240220,0.98,0.99,0.98,0.98,12500
XTLH.TO,20240220,35.07,35.17,35.04,35.04,18166
XTLT.TO,20240220,35.43,35.75,35.43,35.65,18916
XTR.TO,20240220,10.42,10.46,10.42,10.43,57477
XTRA.TO,20240220,0.75,0.75,0.72,0.75,114609
XUH.TO,20240220,41.77,41.77,41.39,41.41,7080
XUS.TO,20240220,83.52,83.62,83.15,83.43,84278
XUS.U.TO,20240220,62.76,62.76,62.36,62.58,6075
XUSF.TO,20240220,57.23,57.36,57.13,57.16,2055
XUSR.TO,20240220,73.29,73.3,72.76,73.01,2515
XUT.TO,20240220,25.18,25.37,25.18,25.26,102746
XUU.TO,20240220,50.1,50.1,49.75,49.88,42189
XUU.U.TO,20240220,37.15,37.16,37.09,37.16,658
XVLU.TO,20240220,25.71,25.76,25.71,25.76,600
XWD.TO,20240220,80.17,80.22,79.93,80.11,12869
Y.TO,20240220,10.99,10.99,10.28,10.39,4675
YCM.PR.A.TO,20240220,5.02,5.03,5,5.03,3072
YCM.PR.B.TO,20240220,5,5.4,5,5.12,3643
YGR.TO,20240220,1.15,1.16,1.14,1.14,14227
YRB.TO,20240220,0.035,0.035,0.035,0.035,151520
YXM.TO,20240220,23.17,23.17,23.17,23.17,100
YXM.B.TO,20240220,33.64,33.64,33.64,33.64,1100
ZACE.TO,20240220,38.28,38.28,37.9,37.98,1600
ZAG.TO,20240220,13.51,13.55,13.51,13.52,192642
ZBAL.TO,20240220,36.06,36.21,36.06,36.14,8354
ZBAL.T.TO,20240220,28.22,28.22,28.22,28.22,103
ZBBB.TO,20240220,27.62,27.62,27.6,27.6,575
ZBK.TO,20240220,26.47,26.72,26.46,26.62,5048
ZCB.TO,20240220,45.78,45.78,45.73,45.73,1851
ZCH.TO,20240220,12.28,12.28,12.11,12.13,25165
ZCLN.TO,20240220,15.14,15.14,14.99,15,2396
ZCM.TO,20240220,14.81,14.86,14.81,14.86,6600
ZCN.TO,20240220,28.55,28.59,28.4,28.44,102776
ZCPB.TO,20240220,27.23,27.28,27.23,27.24,2352
ZCS.TO,20240220,13.37,13.38,13.37,13.38,18591
ZCS.L.TO,20240220,22.96,22.96,22.9,22.9,417
ZDB.TO,20240220,14.55,14.57,14.53,14.54,70086
ZDH.TO,20240220,26.19,26.19,26.07,26.17,1676
ZDI.TO,20240220,22.92,22.94,22.86,22.94,6627
ZDJ.TO,20240220,59.89,60.19,59.89,60.04,18813
ZDM.TO,20240220,28.29,28.29,28.18,28.27,10237
ZDV.TO,20240220,19.58,19.72,19.58,19.66,42252
ZDY.TO,20240220,38.99,39.19,38.99,39.02,2406
ZDY.U.TO,20240220,29.58,29.58,29.58,29.58,200
ZEA.TO,20240220,21.87,21.87,21.77,21.83,42038
ZEB.TO,20240220,34.78,35.15,34.77,35.05,1621216
ZEF.TO,20240220,12.05,12.05,12.05,12.05,901
ZEM.TO,20240220,19.42,19.5,19.41,19.5,16977
ZEO.TO,20240220,64.1,64.41,63.88,63.9,14679
ZEQ.TO,20240220,30.59,30.59,30.5,30.53,8976
ZEQT.TO,20240220,44.22,44.22,43.96,44,6513
ZESG.TO,20240220,34.03,34.09,34.03,34.08,1438
ZFC.TO,20240220,41.31,41.31,41.31,41.31,200
ZFH.TO,20240220,14.63,14.63,14.57,14.63,8554
ZFL.TO,20240220,12.81,12.94,12.81,12.88,45501
ZFM.TO,20240220,14.21,14.24,14.2,14.2,10592
ZFN.TO,20240220,46.47,46.5,46.47,46.5,300
ZFS.TO,20240220,13.41,13.41,13.41,13.41,17400
ZGB.TO,20240220,44.63,44.71,44.63,44.65,2310
ZGD.TO,20240220,65.97,66.19,65.97,66.19,697
ZGI.TO,20240220,40.87,41.18,40.87,41.01,4174
ZGQ.TO,20240220,60.15,60.15,59.72,60.09,6294
ZGRN.TO,20240220,33.61,33.61,33.58,33.58,400
ZGRO.TO,20240220,40.1,40.1,39.9,39.94,8401
ZGRO.T.TO,20240220,31.83,31.83,31.77,31.78,900
ZGSB.TO,20240220,26.46,26.46,26.44,26.44,500
ZHP.TO,20240220,18.39,18.39,18.37,18.37,200
ZHU.TO,20240220,42.85,42.85,42.85,42.85,292
ZHY.TO,20240220,11.01,11.08,11.01,11.06,5328
ZIC.TO,20240220,17.25,17.25,17.25,17.25,700
ZIC.U.TO,20240220,12.96,12.96,12.94,12.95,1084
ZID.TO,20240220,45.86,45.86,45.76,45.76,3075
ZJG.TO,20240220,60.01,60.01,59.8,59.86,938
ZJK.TO,20240220,17.66,17.88,17.66,17.87,8532
ZJK.U.TO,20240220,17.13,17.13,17.13,17.13,300
ZJPN.TO,20240220,33.68,33.73,33.68,33.73,814
ZJPN.F.TO,20240220,44.2,44.21,44.2,44.21,351
ZLB.TO,20240220,42.69,42.97,42.69,42.83,51715
ZLC.TO,20240220,15.01,15.11,14.99,15.06,24114
ZLD.TO,20240220,26.17,26.3,26.17,26.3,475
ZLE.TO,20240220,17.47,17.47,17.47,17.47,1225
ZLH.TO,20240220,31.67,31.67,31.5,31.5,400
ZLI.TO,20240220,23.99,24.15,23.99,24.15,2354
ZLSU.TO,20240220,33.46,33.46,33.43,33.43,200
ZLU.TO,20240220,47.34,47.98,47.34,47.61,14326
ZLU.U.TO,20240220,36.26,36.26,35.96,36.09,4009
ZMBS.TO,20240220,29.1,29.1,29.1,29.1,100
ZMI.TO,20240220,16.29,16.29,16.26,16.26,8008
ZMID.TO,20240220,40.89,40.89,40.67,40.73,761
ZMMK.TO,20240220,50.07,50.07,50.06,50.07,82382
ZMP.TO,20240220,13.39,13.44,13.39,13.44,4855
ZMT.TO,20240220,54.83,54.83,53.69,53.69,925
ZMU.TO,20240220,12.51,12.57,12.51,12.56,2367
ZNQ.TO,20240220,76.82,76.95,76.08,76.5,11088
ZNQ.U.TO,20240220,38.12,38.19,37.95,38.17,1993
ZPAY.TO,20240220,30.75,30.76,30.68,30.76,5709
ZPAY.F.TO,20240220,28.71,28.73,28.71,28.73,600
ZPAY.U.TO,20240220,29.7,29.7,29.63,29.63,225
ZPH.TO,20240220,15.25,15.25,15.24,15.24,392
ZPL.TO,20240220,12.27,12.37,12.27,12.35,28538
ZPR.TO,20240220,9.64,9.64,9.6,9.6,116626
ZPR.U.TO,20240220,15.73,15.73,15.7,15.7,1000
ZPS.TO,20240220,12.01,12.01,12.01,12.01,220
ZPW.TO,20240220,15.94,15.94,15.94,15.94,710
ZQB.TO,20240220,28.04,28.04,27.99,28.01,1650
ZQQ.TO,20240220,123.86,124.04,122.27,123.38,64439
ZRE.TO,20240220,20.82,20.96,20.77,20.82,15977
ZRR.TO,20240220,13.91,14.09,13.91,14.09,3225
ZSB.TO,20240220,47.14,47.14,47.14,47.14,377
ZSML.TO,20240220,38.45,38.45,38.07,38.08,802
ZSML.F.TO,20240220,35.02,35.02,35.02,35.02,100
ZSP.TO,20240220,73.7,73.79,73.35,73.61,234619
ZSP.U.TO,20240220,54.62,54.67,54.33,54.5,8377
ZST.TO,20240220,48.86,48.91,48.86,48.91,28213
ZST.L.TO,20240220,57.9,57.9,57.88,57.88,9811
ZSU.TO,20240220,13.23,13.23,13.23,13.23,3000
ZUAG.F.TO,20240220,29.18,29.34,29.18,29.3,3322
ZUB.TO,20240220,24.58,24.79,24.53,24.69,11897
ZUCM.U.TO,20240220,30.15,30.15,30.15,30.15,8920
ZUD.TO,20240220,27.42,27.46,27.39,27.41,1800
ZUE.TO,20240220,69.52,69.52,68.99,69.27,14044
ZUGE.TO,20240220,17.3,17.3,17.3,17.3,100
ZUH.TO,20240220,70.41,70.6,70.41,70.54,8940
ZUP.TO,20240220,20.63,20.63,20.56,20.58,1080
ZUP.U.TO,20240220,19.6,19.6,19.6,19.6,100
ZUQ.TO,20240220,73.33,73.33,72.73,72.91,11346
ZUQ.F.TO,20240220,46.15,46.15,45.94,45.95,1000
ZUQ.U.TO,20240220,47.68,47.68,47.57,47.62,507
ZUS.U.TO,20240220,46.9,46.9,46.9,46.9,114
ZUT.TO,20240220,19.16,19.3,19.15,19.18,29802
ZVC.TO,20240220,26.84,26.84,26.74,26.74,500
ZVU.TO,20240220,27.56,27.56,27.56,27.56,100
ZWA.TO,20240220,25.38,25.53,25.38,25.48,12015
ZWB.TO,20240220,17.59,17.75,17.59,17.7,135164
ZWB.U.TO,20240220,22.21,22.47,22.21,22.41,3209
ZWC.TO,20240220,16.99,17.08,16.98,17.05,110305
ZWE.TO,20240220,20.14,20.4,20.14,20.3,18027
ZWEN.TO,20240220,28.42,28.44,28.31,28.31,11675
ZWG.TO,20240220,29.52,29.65,29.52,29.61,4847
ZWH.TO,20240220,22.34,22.53,22.34,22.44,89181
ZWH.U.TO,20240220,22.85,22.89,22.8,22.8,1932
ZWHC.TO,20240220,29.49,29.51,29.49,29.51,6000
ZWK.TO,20240220,19.2,19.32,19.11,19.26,46704
ZWP.TO,20240220,17.62,17.84,17.62,17.73,10046
ZWS.TO,20240220,19.74,19.81,19.71,19.73,11500
ZWT.TO,20240220,40.66,40.88,40.26,40.54,50440
ZWU.TO,20240220,10.13,10.21,10.13,10.14,152257
ZXM.TO,20240220,39.39,39.39,39.34,39.34,939
ZZZ.TO,20240220,27.39,27.62,27,27.53,32176
ZZZD.TO,20240220,28,28.2,28,28.1,2231
