<ticker>,<date>,<open>,<high>,<low>,<close>,<vol>
AAB.TO,20230303,0.045,0.045,0.04,0.04,6590
AAV.TO,20230303,8.18,8.54,8.17,8.45,518776
ABX.TO,20230303,22.55,22.59,22.26,22.47,2652222
AC.TO,20230303,20.2,20.53,20.2,20.25,1621251
ACAA.TO,20230303,19.97,20.22,19.97,20.22,4700
ACB.TO,20230303,1.14,1.17,1.13,1.17,1001920
ACD.TO,20230303,7.35,7.35,7.35,7.35,600
ACD.DB.TO,20230303,99.75,99.75,99.75,99.75,10000
ACO.X.TO,20230303,40.61,40.85,40.32,40.45,384178
ACO.Y.TO,20230303,40.6,40.98,40.56,40.56,7311
ACQ.TO,20230303,24.78,24.78,22.9,23.26,186693
AD.DB.TO,20230303,99,99,99,99,15000
AD.DB.A.TO,20230303,96.75,97.85,96.4,96.5,46000
AD.UN.TO,20230303,17.99,18.11,17.99,18.04,29639
ADEN.TO,20230303,31.7,32.56,31.61,32.29,77072
ADN.TO,20230303,15.81,15.93,15.63,15.84,5558
ADW.A.TO,20230303,4.9,4.99,4.9,4.98,6097
ADW.B.TO,20230303,6.06,6.06,5.91,5.91,1500
AEG.TO,20230303,0.48,0.54,0.48,0.5,36502
AEM.TO,20230303,64.77,65.03,64.35,64.84,2178428
AEZS.TO,20230303,4.48,4.56,4.48,4.56,250
AFN.TO,20230303,55,56.28,54.99,56.23,59661
AFN.DB.F.TO,20230303,99.6,99.6,99.16,99.16,45000
AFN.DB.I.TO,20230303,134.6,135.06,134.4,135.01,170000
AFN.DB.J.TO,20230303,102,103.5,102,103.09,86000
AGF.B.TO,20230303,9.43,9.5,9.32,9.49,231005
AGI.TO,20230303,14.17,14.22,14.01,14.21,749344
AI.TO,20230303,12.31,12.4,12.3,12.36,27623
AI.DB.C.TO,20230303,98.75,98.75,98.11,98.11,15000
AI.DB.E.TO,20230303,98.34,98.35,98.34,98.35,12000
AIF.TO,20230303,59.22,59.9,58.67,59.23,63210
AII.TO,20230303,0.68,0.7,0.66,0.66,176781
AIM.TO,20230303,4.09,4.21,4.09,4.16,61880
AKT.A.TO,20230303,1.6,1.65,1.59,1.6,60200
ALA.TO,20230303,23.61,24.22,23.57,23.89,1471549
ALA.PR.A.TO,20230303,15.82,15.93,15.82,15.92,2000
ALA.PR.B.TO,20230303,18.96,18.96,18.71,18.71,700
ALA.PR.G.TO,20230303,18.97,18.98,18.9,18.9,3500
ALC.TO,20230303,15.92,16.2,15.92,16.06,11336
ALC.DB.A.TO,20230303,109.5,110.27,109.5,109.57,54000
ALS.TO,20230303,22.88,23.72,22,23.59,81840
ALYA.TO,20230303,2.47,2.5,2.47,2.48,25011
AMC.TO,20230303,4.68,4.8,4.66,4.66,40863
AMM.TO,20230303,0.275,0.275,0.27,0.27,50728
AND.TO,20230303,49.98,49.98,48,49.15,18877
AOI.TO,20230303,2.85,2.95,2.82,2.94,1349147
AOT.TO,20230303,0.65,0.66,0.62,0.64,70300
AP.UN.TO,20230303,27.87,28.18,27.75,27.96,263341
APLI.TO,20230303,0.045,0.045,0.035,0.04,66750
APR.UN.TO,20230303,12.6,12.68,12.58,12.59,10211
APS.TO,20230303,0.79,0.8,0.79,0.79,4234
AQN.TO,20230303,10.41,10.77,10.4,10.64,2237662
AQN.PR.A.TO,20230303,22.08,22.08,20.8,20.8,1300
AR.TO,20230303,0.485,0.49,0.46,0.465,3938187
ARA.TO,20230303,0.445,0.48,0.445,0.48,65350
ARB.TO,20230303,25.62,25.62,25.62,25.62,200
ARE.TO,20230303,11.5,12.39,11.41,12.23,996973
ARG.TO,20230303,1.63,1.66,1.6,1.62,218502
ARIS.TO,20230303,4,4.03,3.94,3.99,117384
ARKG.TO,20230303,13.35,13.51,13.35,13.51,860
ARKK.TO,20230303,15.54,16.02,15.54,15.93,6525
ARKW.TO,20230303,17.22,17.22,17.22,17.22,154
ARR.TO,20230303,9.11,9.11,8.87,8.87,15558
ARX.TO,20230303,15.05,15.83,14.98,15.75,3660985
ASCU.TO,20230303,1.93,2.06,1.93,2.01,618175
ASM.TO,20230303,0.96,0.97,0.96,0.97,9354
ASND.TO,20230303,0.24,0.24,0.23,0.24,31050
ASTL.TO,20230303,11.64,12.52,11.64,12.34,316676
ASTL.WT.TO,20230303,2.77,3,2.77,2.95,6300
ATD.TO,20230303,63.7,65.47,63.57,65.3,869958
ATH.TO,20230303,3.1,3.25,3.1,3.19,8502653
ATS.TO,20230303,55.63,55.97,54.8,55.85,62048
ATSX.TO,20230303,23.87,23.87,23.8,23.8,1600
ATZ.TO,20230303,41.18,41.78,41.18,41.7,404062
AUMN.TO,20230303,0.3,0.31,0.3,0.305,2642
AVCN.TO,20230303,0.395,0.395,0.38,0.38,4500
AVL.TO,20230303,0.13,0.13,0.125,0.125,189965
AVNT.TO,20230303,0.225,0.225,0.215,0.215,55718
AW.UN.TO,20230303,37.77,37.77,36.91,37.03,32260
AX.PR.E.TO,20230303,23.61,23.61,23.61,23.61,300
AX.UN.TO,20230303,8.7,8.89,8.7,8.74,710496
AXIS.TO,20230303,0.425,0.425,0.425,0.425,3000
AYA.TO,20230303,8.04,8.07,7.88,8.04,210363
BABY.TO,20230303,0.82,0.86,0.81,0.86,153904
BAM.TO,20230303,46.19,46.92,46.13,46.57,818382
BANK.TO,20230303,8.1,8.15,8.1,8.14,13487
BASE.TO,20230303,28.16,28.41,28.16,28.41,4900
BASE.B.TO,20230303,28.78,28.79,28.78,28.79,4000
BB.TO,20230303,5.42,5.63,5.42,5.62,1384003
BBD.A.TO,20230303,69.99,70.35,69.22,69.22,6640
BBD.B.TO,20230303,69,70.29,68.96,69.06,715466
BBD.PR.B.TO,20230303,18.75,18.75,18.75,18.75,1400
BBD.PR.C.TO,20230303,18.38,18.5,18.38,18.5,6572
BBD.PR.D.TO,20230303,19.75,19.9,19.74,19.89,8900
BBU.UN.TO,20230303,24.76,25.56,24.75,25.49,39816
BBUC.TO,20230303,27.02,27.51,27,27.35,8029
BCE.TO,20230303,60.06,60.63,59.97,60.5,1917234
BCE.PR.A.TO,20230303,18,18.05,17.95,17.95,1200
BCE.PR.B.TO,20230303,18.73,18.73,18.68,18.68,2210
BCE.PR.C.TO,20230303,18.3,18.4,18.3,18.3,700
BCE.PR.D.TO,20230303,18.71,18.73,18.71,18.72,1455
BCE.PR.E.TO,20230303,18.61,18.68,18.61,18.67,2217
BCE.PR.F.TO,20230303,16.55,16.85,16.55,16.85,400
BCE.PR.G.TO,20230303,15.91,15.92,15.89,15.89,1300
BCE.PR.H.TO,20230303,18.64,18.67,18.64,18.67,1300
BCE.PR.I.TO,20230303,15.78,15.78,15.78,15.78,1000
BCE.PR.J.TO,20230303,18.71,18.71,18.7,18.7,1905
BCE.PR.K.TO,20230303,14.67,14.7,14.62,14.7,5100
BCE.PR.M.TO,20230303,15.18,15.24,15.18,15.23,1669
BCE.PR.N.TO,20230303,16.45,17.65,16.45,17.14,900
BCE.PR.Q.TO,20230303,20.8,20.88,20.8,20.85,5700
BCE.PR.R.TO,20230303,15.64,15.89,15.64,15.86,8500
BCE.PR.S.TO,20230303,18.7,18.7,18.64,18.64,1300
BCE.PR.T.TO,20230303,18.47,18.48,18.47,18.48,500
BCE.PR.Y.TO,20230303,18.64,18.64,18.63,18.64,800
BCE.PR.Z.TO,20230303,19.28,19.28,19.2,19.2,1818
BCT.TO,20230303,9.8,10.2,9.8,10.18,47175
BDGI.TO,20230303,30.97,31.28,30.67,31.21,44221
BDI.TO,20230303,6.9,7.29,6.89,7.12,1351372
BDIV.TO,20230303,17.7,17.7,17.7,17.7,500
BDT.TO,20230303,9.03,9.17,9.02,9.1,72010
BEI.UN.TO,20230303,59.36,60.06,58.9,59.82,159310
BEK.B.TO,20230303,13.16,13.16,13.16,13.16,331
BEP.PR.G.TO,20230303,22.98,22.98,22.84,22.91,2388
BEP.PR.M.TO,20230303,23.2,23.2,22.9,22.9,1910
BEP.PR.R.TO,20230303,20.2,20.25,19.89,19.98,4450
BEP.UN.TO,20230303,36.54,37.3,36.54,36.78,177170
BEPC.TO,20230303,39.52,40.19,39.4,39.88,395521
BEPR.TO,20230303,9.43,9.43,9.41,9.42,3894
BESG.TO,20230303,15.51,15.54,15.51,15.54,800
BGI.UN.TO,20230303,4.72,4.72,4.68,4.71,24244
BGU.TO,20230303,33.8,33.8,33.8,33.8,123
BHC.TO,20230303,12.67,12.78,12.44,12.46,414261
BIP.PR.A.TO,20230303,18,18,17.49,17.5,12362
BIP.PR.B.TO,20230303,24,24,24,24,3010
BIP.PR.E.TO,20230303,23.2,23.2,23.05,23.05,4356
BIP.PR.F.TO,20230303,21.26,21.26,21,21.13,13300
BIP.UN.TO,20230303,45.57,46.25,45.12,45.78,291756
BIPC.TO,20230303,60.19,60.25,59.17,59.71,74952
BIR.TO,20230303,8.52,8.79,8.44,8.77,1246846
BITF.TO,20230303,1.2,1.22,1.19,1.2,844787
BITI.TO,20230303,17.84,17.96,17.8,17.87,29625
BITI.U.TO,20230303,13,13,13,13,304
BK.TO,20230303,13.63,13.68,13.5,13.61,69905
BK.PR.A.TO,20230303,10.16,10.16,10.14,10.15,12733
BKCC.TO,20230303,15.74,15.74,15.74,15.74,225
BLB.UN.TO,20230303,8.37,8.37,8.37,8.37,100
BLCO.TO,20230303,24.08,24.28,24.07,24.11,1395
BLDP.TO,20230303,7.53,8,7.47,7.96,684041
BLN.TO,20230303,2.4,2.47,2.4,2.42,7425
BLOV.TO,20230303,21.75,21.95,21.75,21.93,1900
BLX.TO,20230303,36.4,37.21,36.13,36.92,153803
BMAX.TO,20230303,12.54,12.71,12.5,12.63,10470
BMO.TO,20230303,129.27,131.05,129.26,130.71,1286420
BMO.PR.E.TO,20230303,21.8,21.85,21.8,21.85,43700
BMO.PR.T.TO,20230303,17.89,17.9,17.75,17.76,1102
BMO.PR.W.TO,20230303,17.96,17.96,17.96,17.96,100
BMO.PR.Y.TO,20230303,19.19,19.19,19.19,19.19,600
BN.TO,20230303,45.81,46.36,45.45,46.32,1577879
BN.PF.A.TO,20230303,21.02,21.15,21.02,21.15,11200
BN.PF.B.TO,20230303,18.25,18.44,18.24,18.35,3800
BN.PF.C.TO,20230303,19.37,19.37,19.21,19.3,3450
BN.PF.D.TO,20230303,19.36,19.36,19.18,19.18,35850
BN.PF.E.TO,20230303,15.87,16.19,15.87,16.17,6200
BN.PF.F.TO,20230303,17.7,17.7,17.7,17.7,111
BN.PF.G.TO,20230303,16.64,16.67,16.64,16.67,230
BN.PF.H.TO,20230303,23.85,23.86,23.85,23.85,5299
BN.PF.I.TO,20230303,22.7,22.75,22.7,22.75,41399
BN.PF.J.TO,20230303,23.44,23.55,23.34,23.47,2385
BN.PF.K.TO,20230303,15.81,15.89,15.81,15.88,2700
BN.PR.B.TO,20230303,13.33,13.33,13.32,13.32,200
BN.PR.C.TO,20230303,13.41,13.41,13.4,13.4,300
BN.PR.K.TO,20230303,13.37,13.37,13.37,13.37,1000
BN.PR.M.TO,20230303,18.86,19,18.8,18.8,6800
BN.PR.N.TO,20230303,18.77,18.88,18.74,18.88,6000
BN.PR.T.TO,20230303,15.3,15.3,15.3,15.3,200
BN.PR.X.TO,20230303,16.21,16.3,16.2,16.2,2500
BN.PR.Z.TO,20230303,21.46,21.5,21.45,21.5,1400
BNC.TO,20230303,25.58,25.68,25.58,25.68,200
BND.TO,20230303,17.19,17.24,17.19,17.23,10894
BNE.TO,20230303,6.65,7.05,6.65,6.94,211229
BNK.TO,20230303,11.8,12.06,11.8,12.06,2579
BNK.PR.A.TO,20230303,9.92,9.92,9.92,9.92,800
BNRE.TO,20230303,45.59,46.45,45.53,46.45,8044
BNS.TO,20230303,69.29,70.26,69.25,69.96,6454896
BOS.TO,20230303,9.08,9.35,9.08,9.14,33392
BPF.UN.TO,20230303,16.41,16.57,16.38,16.51,38313
BPO.PR.A.TO,20230303,15.24,15.25,15.19,15.25,3918
BPO.PR.C.TO,20230303,21.58,21.63,21.58,21.61,700
BPO.PR.E.TO,20230303,18.33,18.45,18.33,18.45,11799
BPO.PR.G.TO,20230303,20.19,20.19,19.81,19.9,1100
BPO.PR.I.TO,20230303,19.11,19.3,19.11,19.25,6100
BPO.PR.N.TO,20230303,13.5,13.5,13.45,13.5,2187
BPO.PR.P.TO,20230303,13.99,14,13.91,13.96,800
BPO.PR.R.TO,20230303,14.19,14.27,14.17,14.25,3900
BPO.PR.T.TO,20230303,17.25,17.25,17.03,17.03,1300
BPRF.TO,20230303,22.55,22.55,22.55,22.55,600
BPS.PR.B.TO,20230303,24.97,24.98,24.97,24.98,200
BPS.PR.C.TO,20230303,24.92,24.92,24.92,24.92,100
BPYP.PR.A.TO,20230303,24.12,24.27,24.12,24.27,286
BRAG.TO,20230303,5.38,5.4,5.25,5.32,38951
BRE.TO,20230303,13.88,13.91,13.76,13.8,9437
BREA.TO,20230303,22.49,22.49,22.49,22.49,200
BRF.PR.B.TO,20230303,17.4,17.4,17.4,17.4,1000
BRF.PR.C.TO,20230303,17,17.01,16.97,16.97,47250
BRF.PR.E.TO,20230303,18.36,18.36,18.17,18.17,263
BRF.PR.F.TO,20230303,18.36,18.4,18.25,18.25,7570
BRY.TO,20230303,0.6,0.6,0.58,0.58,28642
BSKT.TO,20230303,8.32,8.32,8.29,8.29,3200
BSX.TO,20230303,0.07,0.07,0.065,0.065,564310
BTB.DB.H.TO,20230303,105,105,105,105,5000
BTB.UN.TO,20230303,3.8,3.85,3.8,3.84,93775
BTCC.TO,20230303,4.38,4.38,4.34,4.35,211327
BTCC.B.TO,20230303,4.45,4.45,4.4,4.41,378657
BTCC.U.TO,20230303,4.13,4.14,4.1,4.12,71163
BTCQ.TO,20230303,5.01,5.04,4.99,4.99,12130
BTCX.B.TO,20230303,4.52,4.54,4.5,4.51,162907
BTCX.U.TO,20230303,4.22,4.22,4.18,4.2,74022
BTCY.TO,20230303,3.21,3.21,3.14,3.16,27132
BTCY.B.TO,20230303,3.64,3.64,3.59,3.59,377
BTE.TO,20230303,5.41,5.71,5.35,5.64,8736957
BTO.TO,20230303,4.93,4.94,4.81,4.85,2396515
BU.TO,20230303,0.27,0.36,0.265,0.355,262847
BUI.TO,20230303,2.51,2.51,2.49,2.49,800
BYD.TO,20230303,211.81,213.89,211.53,213.89,22657
BYL.TO,20230303,0.385,0.39,0.385,0.39,4025
CAE.TO,20230303,30.74,31.44,30.71,31.38,284410
CAFR.TO,20230303,19.63,19.63,19.63,19.63,1400
CAGG.TO,20230303,42.75,42.76,42.75,42.76,7700
CALL.TO,20230303,15.33,15.42,15.33,15.4,1210
CAR.UN.TO,20230303,49,49.24,48.67,48.86,292234
CARB.TO,20230303,10,10,10,10,100
CARS.TO,20230303,28.8,28.8,28.8,28.8,135
CARS.B.TO,20230303,32.71,32.71,32.71,32.71,100
CAS.TO,20230303,10.78,11.18,10.78,11.12,396832
CASH.TO,20230303,50.04,50.05,50.04,50.05,140269
CBH.TO,20230303,16.92,16.95,16.92,16.94,22446
CBNK.TO,20230303,8.14,8.14,7.96,7.97,3500
CBO.TO,20230303,17.23,17.26,17.22,17.26,18896
CCA.TO,20230303,68.11,68.3,67.49,67.63,142152
CCBI.TO,20230303,17.54,17.55,17.54,17.55,12716
CCEI.TO,20230303,22.15,22.15,22.15,22.15,1800
CCL.B.TO,20230303,65.16,65.5,64.31,65.37,156351
CCM.TO,20230303,0.215,0.215,0.215,0.215,3001
CCO.TO,20230303,38.13,38.82,38,38.45,946625
CCOM.TO,20230303,20.55,20.57,20.55,20.57,533
CCRE.TO,20230303,17.52,17.52,17.52,17.52,100
CCS.PR.C.TO,20230303,20.12,20.29,20.1,20.1,3300
CDIV.TO,20230303,13.26,13.35,13.23,13.34,16670
CDR.TO,20230303,0.32,0.32,0.32,0.32,14900
CDZ.TO,20230303,30.98,31.22,30.96,31.19,17533
CEE.TO,20230303,1.72,1.74,1.71,1.71,6200
CEF.TO,20230303,23.33,23.5,23.27,23.43,5400
CEF.U.TO,20230303,17.07,17.19,17.07,17.19,200
CEMI.TO,20230303,16.8,16.8,16.8,16.8,1200
CET.TO,20230303,1.22,1.25,1.21,1.23,832241
CEU.TO,20230303,2.98,3.07,2.98,3.04,560119
CEW.TO,20230303,16.36,16.43,16.34,16.43,49352
CF.TO,20230303,11.5,11.54,11.28,11.32,283876
CF.PR.A.TO,20230303,14.1,14.1,14.1,14.1,1500
CF.PR.C.TO,20230303,19.86,19.86,19.86,19.86,200
CFF.TO,20230303,1.66,1.7,1.66,1.7,3500
CFLX.TO,20230303,16.9,16.9,16.9,16.9,1400
CFP.TO,20230303,22.64,23.16,22.51,23.04,188538
CFW.TO,20230303,5.48,5.48,5.33,5.37,67933
CFX.TO,20230303,3.73,3.91,3.73,3.91,14536
CG.TO,20230303,8.97,9.03,8.8,8.92,672716
CGBI.TO,20230303,17.06,17.06,17.06,17.06,3900
CGG.TO,20230303,4.68,4.73,4.68,4.72,1411
CGHY.TO,20230303,9.49,9.5,9.46,9.46,419
CGI.TO,20230303,33.16,33.46,33.15,33.46,351
CGIN.TO,20230303,20.3,20.3,20.3,20.3,700
CGL.TO,20230303,14.86,14.98,14.86,14.97,4468
CGL.C.TO,20230303,21.4,21.46,21.36,21.46,9062
CGLO.TO,20230303,23.27,23.28,23.27,23.28,313
CGO.TO,20230303,60.12,60.4,59.19,59.23,19891
CGR.TO,20230303,27.96,28.23,27.96,28.18,1923
CGRE.TO,20230303,21.79,21.79,21.79,21.79,400
CGRN.TO,20230303,20.67,20.67,20.67,20.67,805
CGX.TO,20230303,8.28,8.58,8.28,8.44,469874
CGXF.TO,20230303,10.08,10.16,10.04,10.16,15779
CGY.TO,20230303,59.64,61.95,59.64,61.91,10398
CHE.DB.E.TO,20230303,97.95,97.95,97.5,97.5,33000
CHE.DB.G.TO,20230303,103.5,103.5,103.16,103.16,115000
CHE.UN.TO,20230303,9.07,9.16,8.98,9,285790
CHNA.B.TO,20230303,24.89,25,24.89,25,425
CHP.UN.TO,20230303,14.75,14.86,14.75,14.78,275560
CHPS.TO,20230303,22.4,22.78,22.35,22.78,3302
CHR.TO,20230303,3.23,3.29,3.21,3.26,481426
CHR.DB.A.TO,20230303,95.5,97,95.5,97,35000
CHR.DB.C.TO,20230303,86.3,87.3,86.3,86.32,59000
CHW.TO,20230303,11.35,11.58,11.35,11.57,7119
CIA.TO,20230303,7.17,7.38,7.17,7.38,750036
CIBR.TO,20230303,33.51,33.54,33.5,33.54,532
CIC.TO,20230303,11.62,11.68,11.58,11.68,3729
CIEM.TO,20230303,17.35,17.35,17.35,17.35,226
CIF.TO,20230303,34.73,34.94,34.73,34.88,7286
CIGI.TO,20230303,155.05,155.05,153.04,154.55,43500
CINF.TO,20230303,23.51,23.51,23.51,23.51,173
CINT.TO,20230303,20.71,20.74,20.71,20.74,2018
CIQ.UN.TO,20230303,7.23,7.23,7.23,7.23,400
CIU.PR.C.TO,20230303,12.99,12.99,12.78,12.78,959
CIX.TO,20230303,15.24,15.42,15.11,15.34,392164
CJ.TO,20230303,7.18,7.35,7.15,7.31,1944046
CJR.B.TO,20230303,1.89,1.91,1.88,1.89,448814
CJT.TO,20230303,122.01,125.36,121.52,124.99,41148
CJT.DB.E.TO,20230303,100,100,99.75,99.75,12000
CJT.DB.F.TO,20230303,98.93,99.45,98.93,99.45,13000
CKI.TO,20230303,13.5,13.75,13.5,13.5,4429
CLF.TO,20230303,16.58,16.63,16.58,16.61,6804
CLG.TO,20230303,16.59,16.63,16.59,16.62,18200
CLS.TO,20230303,17.82,18.14,17.82,17.95,179328
CM.TO,20230303,62.24,63.12,62.2,63.08,3323814
CM.PR.O.TO,20230303,18.12,18.22,18.12,18.22,7400
CM.PR.Q.TO,20230303,19.19,19.2,19.15,19.2,1600
CM.PR.S.TO,20230303,22.1,22.1,21.96,22.06,8550
CM.PR.Y.TO,20230303,24.51,24.51,24.51,24.51,100
CMAG.TO,20230303,23.21,23.33,23.21,23.33,13566
CMAG.U.TO,20230303,17.46,17.5,17.46,17.5,42800
CMAR.TO,20230303,18.09,18.09,18.09,18.09,124
CMDO.TO,20230303,19.08,19.11,19.07,19.11,13400
CMDO.U.TO,20230303,19.12,19.15,19.1,19.1,6200
CMG.TO,20230303,7.08,7.4,7.08,7.32,110691
CMR.TO,20230303,50.04,50.06,50.04,50.06,23642
CNCC.TO,20230303,12.64,12.68,12.64,12.68,860
CNE.TO,20230303,10.75,11.3,10.74,11.27,47140
CNQ.TO,20230303,79.42,82.16,79.25,81.86,9314442
CNR.TO,20230303,160.8,162.43,160.22,162.17,1836266
CNT.TO,20230303,0.075,0.075,0.075,0.075,1000
COG.TO,20230303,0.26,0.26,0.26,0.26,7000
COMM.TO,20230303,25.26,25.26,25.26,25.26,5899
COPP.TO,20230303,28.89,28.89,28.89,28.89,103
COW.TO,20230303,72,72.5,71.95,72.35,65679
CP.TO,20230303,106.83,106.99,105.43,106.85,1002309
CPD.TO,20230303,11.38,11.4,11.34,11.39,44980
CPH.TO,20230303,3.75,3.79,3.71,3.78,14344
CPLF.TO,20230303,5.36,5.48,5.32,5.48,25508
CPLS.TO,20230303,17.46,17.46,17.46,17.46,275
CPX.TO,20230303,41.8,42.41,41.42,42.24,604441
CPX.PR.A.TO,20230303,13.8,13.8,13.8,13.8,1400
CPX.PR.C.TO,20230303,22.91,23.08,22.91,23.08,855
CPX.PR.E.TO,20230303,22.61,22.9,22.61,22.9,11123
CR.TO,20230303,4.87,5.11,4.84,5.02,463756
CRDL.TO,20230303,0.73,0.76,0.7,0.7,108425
CRED.TO,20230303,18.8,18.8,18.8,18.8,3200
CRON.TO,20230303,2.88,2.9,2.84,2.87,154820
CROP.TO,20230303,17.8,17.91,17.8,17.91,33560
CROP.U.TO,20230303,19.95,19.95,19.95,19.95,5299
CRP.TO,20230303,2.53,2.55,2.53,2.55,400
CRR.UN.TO,20230303,16.05,16.2,16.05,16.05,64844
CRRX.TO,20230303,2.42,2.42,2.39,2.4,8784
CRT.UN.TO,20230303,16.59,16.74,16.58,16.59,113638
CRWN.TO,20230303,8.1,8.1,8,8,1600
CS.TO,20230303,6.69,7.09,6.68,6.95,2637679
CSAV.TO,20230303,50.09,50.09,50.08,50.08,17209
CSH.UN.TO,20230303,9,9.39,8.84,9.19,540418
CSU.TO,20230303,2299.97,2306.52,2260.04,2295.88,23291
CSU.DB.TO,20230303,139.5,139.5,139.5,139.5,25000
CSW.A.TO,20230303,15.54,15.54,15.42,15.46,3434
CSW.B.TO,20230303,13.96,14.1,13.96,14.1,1280
CTC.A.TO,20230303,169.78,171.5,168.89,170.8,213283
CTS.TO,20230303,4.49,4.71,4.47,4.67,1831846
CTX.TO,20230303,0.7,0.7,0.7,0.7,5500
CU.TO,20230303,34.97,35.41,34.63,35.13,1056258
CU.PR.D.TO,20230303,19.95,19.95,19.95,19.95,1000
CU.PR.E.TO,20230303,20.03,20.03,20,20,900
CU.PR.F.TO,20230303,18.43,18.43,18.43,18.43,200
CU.PR.G.TO,20230303,18.43,18.63,18.43,18.63,1250
CU.PR.H.TO,20230303,21.54,21.55,21.47,21.55,6000
CU.PR.I.TO,20230303,24.86,24.95,24.86,24.91,2231
CU.PR.J.TO,20230303,19.3,19.32,19.15,19.15,4100
CUD.TO,20230303,51.37,51.8,51.2,51.8,3831
CUEI.TO,20230303,21.73,21.75,21.73,21.75,6400
CUP.U.TO,20230303,13.75,14.35,13.35,14.35,1472
CVD.TO,20230303,16.87,16.9,16.87,16.88,1900
CVE.TO,20230303,25.61,26.47,25.53,26.3,5225112
CVE.PR.A.TO,20230303,15.24,15.24,15.15,15.15,1500
CVE.PR.B.TO,20230303,16.99,17,16.95,16.95,2900
CVE.PR.C.TO,20230303,20.81,20.81,20.8,20.8,3800
CVE.PR.E.TO,20230303,21.69,21.69,21.62,21.65,2003
CVE.PR.G.TO,20230303,21.11,21.11,21.11,21.11,247
CVE.WT.TO,20230303,19.3,19.88,19.3,19.87,26707
CVG.TO,20230303,80.88,80.88,80.88,80.88,146
CVO.TO,20230303,7.9,8.05,7.85,7.89,57425
CWB.TO,20230303,26.49,26.95,26.44,26.75,670531
CWB.PR.B.TO,20230303,18.1,18.19,18.1,18.19,400
CWB.PR.D.TO,20230303,24.9,25,24.9,25,2900
CWEB.TO,20230303,0.52,0.56,0.52,0.52,173169
CWL.TO,20230303,1.7,1.72,1.56,1.58,22900
CWW.TO,20230303,49.02,49.35,49.02,49.35,1357
CXB.TO,20230303,1.14,1.16,1.1,1.1,393700
CXF.TO,20230303,9.59,9.61,9.59,9.6,4708
CXI.TO,20230303,25.44,25.9,25.44,25.9,1200
CYB.TO,20230303,60.7,61.25,60.7,61.2,3149
CYBR.TO,20230303,33.83,34.8,33.83,34.79,881
CYBR.B.TO,20230303,40.16,40.16,40.16,40.16,100
CYH.TO,20230303,20.29,20.45,20.29,20.45,984
D.UN.TO,20230303,16.24,16.53,16.24,16.36,154250
DANC.TO,20230303,21.6,21.6,21.59,21.59,23200
DATA.TO,20230303,15.69,15.69,15.69,15.69,800
DBM.TO,20230303,7.18,7.28,7.18,7.21,177168
DBO.TO,20230303,0.1,0.11,0.095,0.11,113395
DC.A.TO,20230303,1.36,1.36,1.36,1.36,2500
DC.PR.B.TO,20230303,17.8,17.8,17.8,17.8,100
DCBO.TO,20230303,48.7,49.47,48.7,49.13,31767
DCM.TO,20230303,1.89,2.08,1.88,2.03,362831
DCS.TO,20230303,18.06,18.06,18.06,18.06,100
DF.TO,20230303,4.33,4.48,4.33,4.48,43316
DF.PR.A.TO,20230303,9.49,9.5,9.49,9.5,10250
DFN.TO,20230303,7.79,7.8,7.77,7.8,157946
DFN.PR.A.TO,20230303,9.4,9.42,9.4,9.41,252612
DFY.TO,20230303,35.57,35.7,35.24,35.37,65138
DGR.TO,20230303,35.74,36.15,35.74,36.14,977
DGR.B.TO,20230303,39.78,39.81,39.64,39.8,5015
DGRC.TO,20230303,35.05,35.4,35.05,35.38,1996
DGS.TO,20230303,5.83,6.02,5.83,5.97,135378
DGS.PR.A.TO,20230303,9.5,9.5,9.48,9.49,16461
DHT.UN.TO,20230303,7.51,7.54,7.41,7.5,15772
DIAM.TO,20230303,0.105,0.105,0.1,0.1,35501
DII.B.TO,20230303,4.73,4.83,4.61,4.61,97801
DIR.UN.TO,20230303,14.86,14.94,14.78,14.84,340344
DISC.TO,20230303,30.61,30.74,30.61,30.74,200
DIV.TO,20230303,3.29,3.32,3.28,3.31,244326
DIV.DB.A.TO,20230303,95,96,95,95,77000
DIVS.TO,20230303,14.86,14.86,14.86,14.86,1700
DLCG.TO,20230303,3.01,3.14,3.01,3.14,1763
DLR.TO,20230303,13.96,13.97,13.92,13.92,339211
DLR.U.TO,20230303,10.24,10.25,10.24,10.24,284130
DML.TO,20230303,1.69,1.75,1.69,1.74,782991
DN.TO,20230303,0.095,0.095,0.08,0.085,176608
DND.TO,20230303,19,19.23,18.96,19.15,125268
DNG.TO,20230303,3,3.01,2.98,3,28313
DNTL.TO,20230303,9.22,9.78,9.22,9.71,164552
DOL.TO,20230303,76.75,77.79,76.54,76.95,630994
DOO.TO,20230303,117.55,117.92,115.35,116.5,163064
DPM.TO,20230303,9.15,9.3,9.1,9.15,421604
DR.TO,20230303,8.43,8.61,8.28,8.57,21836
DRFC.TO,20230303,24.63,24.63,24.57,24.57,300
DRM.TO,20230303,25.81,26.57,25.81,26.33,45310
DRMC.TO,20230303,25.31,25.5,25.31,25.5,2406
DRMU.TO,20230303,29.01,29.4,29.01,29.4,777
DRR.U.TO,20230303,9.75,9.75,9.25,9.25,8050
DRT.TO,20230303,0.82,0.82,0.79,0.81,37939
DRX.TO,20230303,2.1,2.11,2.1,2.1,2185
DS.TO,20230303,7.6,7.6,7.51,7.52,18071
DSG.TO,20230303,103.89,105.57,103.86,104.42,142460
DSV.TO,20230303,1.16,1.17,1.12,1.15,132210
DTOL.TO,20230303,8.63,8.63,8.45,8.55,5050
DXB.TO,20230303,18.03,18.16,18.03,18.16,2850
DXC.TO,20230303,33.23,33.38,33.22,33.36,6086
DXDB.TO,20230303,20.28,20.33,20.28,20.33,7118
DXG.TO,20230303,44.77,45.3,44.77,45.16,11663
DXN.TO,20230303,19.65,19.78,19.62,19.78,7500
DXP.TO,20230303,19.8,19.97,19.8,19.84,38226
DXQ.TO,20230303,21.23,21.26,21.23,21.26,715
DXR.TO,20230303,21.61,21.64,21.61,21.61,1538
DXT.TO,20230303,5.59,5.72,5.57,5.72,9556
DXU.TO,20230303,43.17,43.38,43.17,43.38,2953
DXV.TO,20230303,19.88,19.88,19.81,19.82,13894
DXW.TO,20230303,21,21,21,21,1500
DXZ.TO,20230303,11.32,11.34,11.32,11.34,1200
DYA.TO,20230303,0.195,0.195,0.185,0.185,81210
E.TO,20230303,0.36,0.37,0.36,0.37,9000
EAGR.TO,20230303,0.88,0.88,0.85,0.85,5000
EBIT.TO,20230303,11.28,11.28,11.18,11.18,19407
EBIT.U.TO,20230303,8.24,8.24,8.23,8.23,1800
EBNK.TO,20230303,10.15,10.24,10.15,10.24,10700
EBNK.B.TO,20230303,9.72,9.84,9.72,9.83,21099
EBNK.U.TO,20230303,9.23,9.23,8.97,8.97,3800
ECN.TO,20230303,2.95,3.11,2.94,3.07,1313946
ECN.DB.TO,20230303,94,95,94,95,28000
ECN.DB.A.TO,20230303,92,92,92,92,9000
ECN.DB.B.TO,20230303,87,87,86.6,86.6,20000
ECN.PR.C.TO,20230303,23.45,23.45,23.45,23.45,1200
ECO.TO,20230303,4.08,4.08,3.91,3.96,28857
ECOR.TO,20230303,2.27,2.32,2.26,2.32,1200
EDGE.TO,20230303,29.32,29.33,29.32,29.33,300
EDGF.TO,20230303,9.61,9.61,9.61,9.61,100
EDR.TO,20230303,4.02,4.19,4.02,4.19,249964
EDT.TO,20230303,0.31,0.32,0.31,0.31,80500
EDV.TO,20230303,29.22,29.52,28.99,29.2,358040
EFN.TO,20230303,19.34,19.63,19.34,19.48,335786
EFN.PR.C.TO,20230303,24.45,24.45,24.4,24.45,28225
EFN.PR.E.TO,20230303,24.2,24.2,24.13,24.15,201931
EFR.TO,20230303,8.89,9.15,8.89,9.06,177914
EFX.TO,20230303,9.37,9.44,9.14,9.24,750238
EGLX.TO,20230303,0.89,0.91,0.86,0.91,163997
EIF.TO,20230303,50.88,51.91,50.84,51.65,62241
EIF.DB.J.TO,20230303,105.5,108.05,105.5,108.05,111000
EIF.DB.K.TO,20230303,107.93,107.93,107.93,107.93,15000
EIF.DB.L.TO,20230303,104,104,104,104,22000
EIF.DB.M.TO,20230303,99,99,99,99,7000
EIT.PR.A.TO,20230303,24.5,24.51,24.5,24.5,819
EIT.PR.B.TO,20230303,24.35,24.35,24.35,24.35,1000
EIT.UN.TO,20230303,13.21,13.34,13.19,13.34,129954
ELD.TO,20230303,12.99,13.39,12.8,13.36,431607
ELEF.TO,20230303,0.5,0.51,0.5,0.51,1500
ELF.TO,20230303,932.61,947.55,932.61,939.99,890
ELF.PR.F.TO,20230303,21.23,21.23,21.19,21.2,12300
ELF.PR.G.TO,20230303,19.23,19.3,19.2,19.21,5800
ELF.PR.H.TO,20230303,22.1,22.1,21.99,21.99,2700
ELR.TO,20230303,0.14,0.14,0.14,0.14,4500
EMA.TO,20230303,53.06,53.94,52.91,53.82,783328
EMA.PR.B.TO,20230303,16.26,16.26,16.26,16.26,200
EMA.PR.C.TO,20230303,20.19,20.2,20.15,20.15,5200
EMA.PR.E.TO,20230303,19.08,19.08,19.08,19.08,500
EMA.PR.F.TO,20230303,18.26,18.26,18.2,18.25,4800
EMA.PR.H.TO,20230303,21.38,21.5,21.3,21.3,1000
EMA.PR.J.TO,20230303,23.14,23.15,23,23.15,1900
EMA.PR.L.TO,20230303,18.34,18.38,18.24,18.28,9500
EMP.A.TO,20230303,35.91,36.35,35.9,36.14,325316
EMV.B.TO,20230303,25.36,25.4,25.36,25.4,428
ENB.TO,20230303,52.65,52.99,52.58,52.83,13150520
ENB.PF.A.TO,20230303,16.6,16.6,16.6,16.6,500
ENB.PF.C.TO,20230303,16.22,16.23,16.03,16.16,3300
ENB.PF.E.TO,20230303,15.44,15.44,15.39,15.39,1300
ENB.PF.G.TO,20230303,15.26,15.27,15.26,15.27,1900
ENB.PF.K.TO,20230303,23.76,24.19,23.75,24.09,11000
ENB.PF.U.TO,20230303,20.4,20.5,20.4,20.5,8901
ENB.PF.V.TO,20230303,21.1,21.1,21.1,21.1,6800
ENB.PR.A.TO,20230303,22.11,22.12,22.09,22.12,2600
ENB.PR.B.TO,20230303,18.03,18.07,18.03,18.05,3081
ENB.PR.D.TO,20230303,18.55,18.61,18.5,18.61,3629
ENB.PR.F.TO,20230303,19.05,19.05,18.96,19.01,8600
ENB.PR.H.TO,20230303,17.08,17.08,16.95,17.01,3900
ENB.PR.J.TO,20230303,17.03,17.1,16.94,17.06,1014
ENB.PR.N.TO,20230303,18.39,18.49,18.35,18.37,71989
ENB.PR.P.TO,20230303,16.78,16.78,16.72,16.72,674
ENB.PR.T.TO,20230303,16.5,16.52,16.5,16.5,1268
ENB.PR.V.TO,20230303,23.25,23.45,23.25,23.45,55400
ENB.PR.Y.TO,20230303,15.67,15.68,15.67,15.68,1000
ENCC.TO,20230303,11.26,11.43,11.24,11.38,37927
ENGH.TO,20230303,43.75,43.77,41.89,43.4,117657
ENI.UN.TO,20230303,1.52,1.52,1.48,1.48,3219
ENS.TO,20230303,15.46,15.61,15.46,15.52,54232
ENS.PR.A.TO,20230303,10.02,10.02,10.02,10.02,2380
EPRX.TO,20230303,4.19,4.24,4.06,4.06,36950
EPRX.WT.TO,20230303,0.385,0.39,0.385,0.39,30000
EPRX.WT.A.TO,20230303,2.25,2.25,2.25,2.25,4000
EQB.TO,20230303,63.14,64.25,62.53,63.25,185643
EQL.TO,20230303,30.64,30.93,30.64,30.91,8125
EQL.F.TO,20230303,26.76,27.02,26.68,27.02,12266
EQX.TO,20230303,5.26,5.41,5.22,5.3,438885
ERD.TO,20230303,0.37,0.385,0.36,0.385,200651
ERE.UN.TO,20230303,3.63,3.68,3.63,3.66,34266
ERO.TO,20230303,23.51,25.08,23.48,24.74,392392
ESG.TO,20230303,28.57,28.68,28.57,28.68,700
ESG.F.TO,20230303,27.19,27.34,27.19,27.34,200
ESGA.TO,20230303,32.58,32.62,32.58,32.62,400
ESGC.TO,20230303,24.52,24.52,24.52,24.52,1762
ESGE.TO,20230303,30.51,30.55,30.51,30.55,300
ESGG.TO,20230303,35.33,35.33,35.33,35.33,100
ESGH.F.TO,20230303,24.4,24.4,24.4,24.4,771
ESGY.TO,20230303,38.12,38.12,38.12,38.12,100
ESGY.F.TO,20230303,30.77,30.77,30.77,30.77,100
ESI.TO,20230303,3.59,3.8,3.54,3.75,470835
ESM.TO,20230303,0.07,0.07,0.06,0.07,458520
ESPX.TO,20230303,20.52,20.52,20.52,20.52,100
ET.TO,20230303,12.05,12.05,11.54,11.79,36197
ETC.TO,20230303,5.66,5.66,5.45,5.46,5576
ETC.U.TO,20230303,5.25,5.25,5.09,5.09,1000
ETG.TO,20230303,1.29,1.3,1.26,1.28,23350
ETHH.TO,20230303,6.59,6.59,6.5,6.53,50890
ETHH.B.TO,20230303,7.52,7.55,7.43,7.47,128503
ETHH.U.TO,20230303,6.88,6.94,6.85,6.87,376110
ETHI.TO,20230303,40.75,40.75,40.75,40.75,307
ETHQ.TO,20230303,8.59,8.59,8.47,8.47,12204
ETHR.TO,20230303,7.55,7.55,7.43,7.43,20711
ETHR.U.TO,20230303,6.89,6.9,6.85,6.85,6000
ETHX.B.TO,20230303,7.77,7.77,7.65,7.67,115240
ETHX.U.TO,20230303,7.13,7.13,7.03,7.05,9204
ETHY.TO,20230303,2.69,2.7,2.63,2.65,13758
ETHY.B.TO,20230303,3.32,3.32,3.28,3.28,913
ETHY.U.TO,20230303,2.63,2.63,2.63,2.63,244
ETSX.TO,20230303,20.42,20.44,20.42,20.44,3355
EVT.TO,20230303,136,136,136,136,100
EXE.TO,20230303,6.44,6.55,6.41,6.55,122495
EXE.DB.C.TO,20230303,95.5,96,95.5,96,65000
EXN.TO,20230303,0.4,0.405,0.4,0.4,26735
EXRO.TO,20230303,2.48,2.59,2.48,2.57,129414
EXRO.WT.TO,20230303,1.2,1.2,1.15,1.16,4900
FANS.TO,20230303,0.075,0.085,0.075,0.085,194603
FAP.TO,20230303,2.66,2.68,2.65,2.67,25610
FAR.TO,20230303,1.88,1.92,1.88,1.89,4670
FBGO.TO,20230303,17.19,17.19,17.19,17.19,800
FBTC.TO,20230303,10.35,10.35,10.19,10.2,8108
FC.TO,20230303,11.77,11.8,11.74,11.77,19651
FC.DB.J.TO,20230303,96,96,96,96,10000
FC.DB.L.TO,20230303,85,85,85,85,35000
FCCD.TO,20230303,28.17,28.18,28.14,28.18,908
FCCV.TO,20230303,13.65,13.7,13.62,13.69,5303
FCD.UN.TO,20230303,5.98,5.98,5.8,5.82,8959
FCID.TO,20230303,24.17,24.17,24.16,24.16,600
FCIQ.TO,20230303,32.61,32.97,32.61,32.97,2017
FCIV.TO,20230303,30.82,30.89,30.82,30.89,4300
FCMI.TO,20230303,12.08,12.08,12.08,12.08,100
FCR.UN.TO,20230303,17.54,17.9,17.36,17.39,538072
FCRR.TO,20230303,32.35,32.36,32.35,32.36,538
FCU.TO,20230303,0.85,0.86,0.82,0.83,758285
FCUD.TO,20230303,30.46,30.51,30.46,30.51,366
FCUH.TO,20230303,27.5,27.5,27.37,27.49,300
FCUQ.TO,20230303,43.51,43.52,43.48,43.52,627
FCUV.TO,20230303,13.71,13.82,13.69,13.8,7300
FDY.TO,20230303,0.92,0.97,0.89,0.96,340555
FEC.TO,20230303,12.85,13.32,12.84,13.1,114514
FETH.TO,20230303,29.09,29.09,29.02,29.02,300
FF.TO,20230303,0.185,0.185,0.18,0.18,80225
FFH.TO,20230303,935.02,940.24,926.87,932.71,27504
FFH.PR.C.TO,20230303,19.39,19.4,19.15,19.21,5363
FFH.PR.D.TO,20230303,21.05,21.05,20.6,20.61,500
FFH.PR.F.TO,20230303,17.48,17.48,17.48,17.48,500
FFH.PR.G.TO,20230303,15.33,15.51,15.33,15.51,700
FFH.PR.H.TO,20230303,18.48,18.48,18.48,18.48,200
FFH.PR.I.TO,20230303,16.72,16.9,16.69,16.84,8451
FFH.PR.J.TO,20230303,19.06,19.06,19.04,19.04,900
FFH.PR.K.TO,20230303,20.34,20.34,20.15,20.15,4375
FFH.PR.M.TO,20230303,22.32,22.33,22.26,22.26,5550
FFH.U.TO,20230303,684.88,684.88,684.88,684.88,100
FFN.TO,20230303,5.41,5.52,5.41,5.46,219996
FFN.PR.A.TO,20230303,9.7,9.7,9.67,9.68,53909
FGB.TO,20230303,17.66,17.66,17.66,17.66,200
FGGE.TO,20230303,21,21.05,21,21.05,1340
FGO.TO,20230303,9.87,9.9,9.86,9.89,4004
FHG.TO,20230303,41.93,41.93,41.93,41.93,100
FHIS.TO,20230303,20.2,20.2,20.2,20.2,1000
FIE.TO,20230303,7.06,7.09,7.04,7.07,72898
FIG.TO,20230303,9.17,9.19,9.17,9.19,11637
FIH.U.TO,20230303,12.98,13.1,12.8,12.86,14547
FIL.TO,20230303,22.18,22.63,22.05,22.26,135021
FLDM.TO,20230303,20.65,20.65,20.65,20.65,100
FLGA.TO,20230303,18.39,18.43,18.37,18.43,23900
FLGD.TO,20230303,23.75,23.75,23.75,23.75,608
FLI.TO,20230303,10.39,10.4,10.38,10.4,2110
FLNT.TO,20230303,0.035,0.04,0.035,0.04,171500
FLOW.TO,20230303,0.63,0.63,0.63,0.63,8572
FLSD.TO,20230303,18.48,18.48,18.48,18.48,150
FLUS.TO,20230303,31.82,32.02,31.8,32.02,1400
FLX.TO,20230303,6.73,6.73,6.7,6.73,1700
FM.TO,20230303,31.02,31.76,30.99,31.46,1412364
FN.TO,20230303,40.2,40.41,39.13,39.28,39058
FN.PR.B.TO,20230303,15.15,15.15,15.15,15.15,100
FNV.TO,20230303,185.21,186.3,183.82,185.91,403339
FOOD.TO,20230303,0.57,0.58,0.57,0.58,18623
FORA.TO,20230303,6.56,7.49,6.54,7.49,5779
FRU.TO,20230303,16.06,16.1,15.9,15.97,527206
FRX.TO,20230303,12.43,12.43,12.43,12.43,500
FSB.TO,20230303,9.52,9.52,9.5,9.5,4725
FSF.TO,20230303,23.32,23.47,23.32,23.47,2400
FSL.TO,20230303,16.87,16.91,16.87,16.91,553
FST.TO,20230303,44.7,44.7,44.7,44.7,175
FSV.TO,20230303,184.95,187.94,184.71,187.65,74288
FSY.TO,20230303,0.47,0.49,0.465,0.49,48663
FSZ.TO,20230303,8.82,8.92,8.79,8.84,251705
FT.TO,20230303,0.07,0.07,0.07,0.07,45000
FTG.TO,20230303,3.05,3.08,3.03,3.06,6400
FTN.TO,20230303,9.63,9.77,9.63,9.77,48853
FTN.PR.A.TO,20230303,9.83,9.83,9.81,9.82,110806
FTS.TO,20230303,53.81,54.56,53.68,54.5,2326620
FTS.PR.F.TO,20230303,20.3,20.31,20.05,20.05,3600
FTS.PR.G.TO,20230303,18.74,18.74,18.2,18.2,5684
FTS.PR.H.TO,20230303,12.99,13,12.87,12.9,3800
FTS.PR.I.TO,20230303,16.41,16.51,16.41,16.51,200
FTS.PR.J.TO,20230303,19.74,19.74,19.51,19.55,4972
FTS.PR.K.TO,20230303,16.89,16.9,16.89,16.9,550
FTS.PR.M.TO,20230303,17.65,17.7,17.62,17.7,1300
FTT.TO,20230303,34.4,35.33,34.13,35.15,412229
FTU.PR.B.TO,20230303,6.71,6.71,6.7,6.7,2000
FURY.TO,20230303,0.82,0.84,0.82,0.84,156728
FVI.TO,20230303,4.6,4.69,4.58,4.69,463140
FVL.TO,20230303,0.43,0.475,0.43,0.475,432600
FXM.TO,20230303,21.33,21.45,21.33,21.41,1834
G.TO,20230303,1.4,1.41,1.32,1.36,47244
GATO.TO,20230303,6.2,6.38,6.15,6.38,500
GAU.TO,20230303,0.73,0.73,0.7,0.71,9815
GBAL.TO,20230303,41.08,41.08,41.07,41.07,527
GBT.TO,20230303,14.2,14.2,14.2,14.2,1275
GCBD.TO,20230303,17.51,17.59,17.51,17.59,45900
GCG.TO,20230303,40.5,40.5,40.5,40.5,100
GCG.A.TO,20230303,39.4,40.57,39.14,40.36,5508
GCL.TO,20230303,0.8,0.8,0.79,0.79,11375
GCSC.TO,20230303,20.92,20.95,20.92,20.95,500
GDC.TO,20230303,2.27,2.27,2.22,2.24,700
GDI.TO,20230303,48.01,48.01,46.7,47,9599
GDL.TO,20230303,14.2,14.32,14.15,14.22,4222
GDPY.B.TO,20230303,19.2,19.2,19.2,19.2,100
GDV.TO,20230303,10.45,10.56,10.4,10.5,22516
GDV.PR.A.TO,20230303,9.6,9.61,9.6,9.6,3900
GEI.TO,20230303,23.4,23.81,23.38,23.7,517006
GENM.TO,20230303,0.66,0.66,0.64,0.64,8825
GEO.TO,20230303,2.84,2.9,2.78,2.9,35400
GEQT.TO,20230303,45.41,45.52,45.41,45.52,588
GFL.TO,20230303,42.73,43.08,42.23,42.81,699532
GFP.TO,20230303,1.67,1.68,1.62,1.67,53958
GGD.TO,20230303,2.08,2.11,2.06,2.09,379608
GH.TO,20230303,8.07,8.09,7.95,8.09,10540
GIB.A.TO,20230303,123.99,124.92,123.46,124.75,298286
GIL.TO,20230303,44.85,45.84,44.68,45.71,571706
GIVX.TO,20230303,0.63,0.63,0.63,0.63,500
GLCC.TO,20230303,23.56,23.56,23.4,23.54,6988
GLO.TO,20230303,2.95,3,2.91,3,234185
GLXY.TO,20230303,4.51,4.59,4.39,4.48,553829
GMTN.TO,20230303,0.245,0.275,0.215,0.27,1672398
GMX.TO,20230303,0.74,0.76,0.74,0.74,493900
GOLD.TO,20230303,1.44,1.45,1.42,1.44,78757
GOOS.TO,20230303,25.99,26.38,25.9,26.34,211383
GRA.TO,20230303,2.89,3.11,2.89,3.06,118715
GRC.TO,20230303,0.11,0.125,0.11,0.125,5910
GRID.TO,20230303,1.01,1.01,1.01,1.01,2000
GRN.TO,20230303,0.43,0.45,0.42,0.45,237004
GRNI.TO,20230303,29.22,29.22,29.22,29.22,401
GRT.UN.TO,20230303,82.7,82.7,82.04,82.25,74608
GSY.TO,20230303,123.2,125.98,123.2,124.06,32439
GTE.TO,20230303,1.13,1.22,1.12,1.19,1190783
GUD.TO,20230303,5.1,5.18,5.1,5.12,83915
GURU.TO,20230303,3.75,3.75,3.7,3.75,13113
GWO.TO,20230303,36.04,36.72,35.9,36.52,4429880
GWO.PR.G.TO,20230303,21.3,21.31,21.11,21.13,12308
GWO.PR.H.TO,20230303,19.52,19.62,19.52,19.6,1900
GWO.PR.I.TO,20230303,18.42,18.42,18.42,18.42,600
GWO.PR.L.TO,20230303,22.54,22.63,22.5,22.63,1800
GWO.PR.M.TO,20230303,23.09,23.09,23.09,23.09,400
GWO.PR.N.TO,20230303,12.66,12.66,12.66,12.66,900
GWO.PR.P.TO,20230303,21.5,21.5,21.32,21.32,27644
GWO.PR.R.TO,20230303,19.38,19.73,19.38,19.73,7200
GWO.PR.S.TO,20230303,20.84,20.88,20.71,20.88,2346
GWO.PR.T.TO,20230303,20.69,20.7,20.69,20.7,4000
GWO.PR.Y.TO,20230303,18.5,18.66,18.5,18.63,2975
GXE.TO,20230303,1.08,1.13,1.08,1.11,3531653
H.TO,20230303,35.4,35.72,35.28,35.62,840185
HAB.TO,20230303,9.61,9.64,9.6,9.64,2565
HAC.TO,20230303,25.52,25.92,25.52,25.92,1518
HAF.TO,20230303,6.86,6.86,6.86,6.86,1825
HAI.TO,20230303,3.8,3.85,3.71,3.71,6520
HAL.TO,20230303,19.95,20.21,19.95,20.18,13336
HAZ.TO,20230303,27.45,27.64,27.45,27.64,973
HBAL.TO,20230303,12.78,12.78,12.78,12.78,4009
HBB.TO,20230303,44.66,45,44.66,44.97,6747
HBD.TO,20230303,11.71,11.73,11.71,11.73,1001
HBF.TO,20230303,9.4,9.48,9.4,9.48,13027
HBF.B.TO,20230303,10.3,10.3,10.3,10.3,100
HBF.U.TO,20230303,10.45,10.46,10.45,10.46,1400
HBFE.TO,20230303,10.29,10.3,10.29,10.3,700
HBLK.TO,20230303,9.32,9.61,9.32,9.59,1333
HBM.TO,20230303,7.18,7.41,7.18,7.35,931925
HBP.TO,20230303,0.21,0.21,0.21,0.21,2027
HBU.TO,20230303,10.45,10.57,10.45,10.57,7376
HCA.TO,20230303,22.36,22.56,22.36,22.53,8250
HCAL.TO,20230303,21.71,22.06,21.71,22.02,37162
HCLN.TO,20230303,12.5,12.73,12.49,12.67,9666
HCON.TO,20230303,12,12.01,12,12.01,2000
HDGE.TO,20230303,22.61,22.61,22.61,22.61,500
HDIF.TO,20230303,8.16,8.24,8.15,8.24,142926
HDIV.TO,20230303,15.7,15.85,15.65,15.85,44246
HED.TO,20230303,6.28,6.3,5.96,5.97,264421
HEU.TO,20230303,24.66,26.05,24.63,25.87,163890
HEWB.TO,20230303,30.31,30.61,30.31,30.58,8784
HFD.TO,20230303,10.3,10.31,10.21,10.22,2628
HFG.TO,20230303,20.38,20.38,20.37,20.38,901
HFIN.TO,20230303,14.2,14.3,14.15,14.27,4742
HFR.TO,20230303,9.79,9.8,9.78,9.79,29257
HFU.TO,20230303,19.5,19.89,19.5,19.81,9550
HGD.TO,20230303,6.81,6.87,6.71,6.71,231312
HGGG.TO,20230303,26.19,26.19,26.19,26.19,300
HGR.TO,20230303,6.7,6.75,6.7,6.75,3023
HGU.TO,20230303,13.06,13.2,12.9,13.18,285994
HGY.TO,20230303,9.41,9.46,9.41,9.46,15470
HHL.TO,20230303,7.81,7.87,7.79,7.87,104577
HHL.U.TO,20230303,8.23,8.23,8.23,8.23,1600
HHLE.TO,20230303,9.89,9.97,9.85,9.97,14801
HIG.TO,20230303,8.38,8.38,8.38,8.38,125
HISU.U.TO,20230303,100.07,100.07,100.06,100.07,6879
HIU.TO,20230303,14.77,14.8,14.6,14.61,65110
HIX.TO,20230303,28.78,28.78,28.59,28.61,1060
HLF.TO,20230303,14.76,14.99,14.76,14.93,7155
HLFE.TO,20230303,10.7,10.76,10.7,10.76,29300
HLIF.TO,20230303,9.33,9.38,9.33,9.37,4888
HLIT.TO,20230303,38.02,39,38.02,39,675
HLPR.TO,20230303,22.96,23.01,22.96,22.99,1700
HLS.TO,20230303,8.38,8.45,8.3,8.4,6200
HMAX.TO,20230303,15.91,16.02,15.9,16,142367
HMM.A.TO,20230303,5.47,5.61,5.47,5.61,11552
HMMJ.TO,20230303,11.68,11.87,11.68,11.85,7476
HMP.TO,20230303,9.25,9.25,9.25,9.25,100
HND.TO,20230303,47.52,48.55,40.4,41.37,1074177
HNU.TO,20230303,33.89,38.52,33.3,37.8,1423091
HOD.TO,20230303,11.02,11.05,10.18,10.2,1477782
HOM.U.TO,20230303,13.94,14.04,13.9,13.91,8330
HOM.UN.TO,20230303,18.94,19.15,18.94,19.1,20843
HOT.DB.V.TO,20230303,87,87.5,87,87.5,45000
HOT.UN.TO,20230303,2.66,2.73,2.64,2.73,81896
HOU.TO,20230303,13.73,14.9,13.73,14.87,849325
HPF.TO,20230303,3.56,3.6,3.56,3.6,10254
HPR.TO,20230303,7.86,7.88,7.8,7.84,81838
HPS.A.TO,20230303,27.95,28.51,27.75,28.19,51578
HQD.TO,20230303,29.97,30.07,29.04,29.08,666811
HQU.TO,20230303,9.54,9.82,9.51,9.81,857129
HR.UN.TO,20230303,13.18,13.25,13.1,13.1,317082
HRAA.TO,20230303,11.06,11.06,11.06,11.06,11876
HRED.TO,20230303,13.09,13.09,13.09,13.09,238
HRX.TO,20230303,13.51,13.62,13.5,13.52,17115
HSAV.TO,20230303,106.63,106.63,105.6,105.62,34875
HSD.TO,20230303,30.54,30.64,29.82,29.85,542747
HSH.TO,20230303,49.01,49.12,49.01,49.12,964
HSU.TO,20230303,13.55,13.9,13.54,13.88,350395
HSUV.U.TO,20230303,103.14,103.14,103.11,103.11,81359
HTA.TO,20230303,12.78,12.95,12.78,12.94,14044
HTA.U.TO,20230303,13.69,13.69,13.69,13.69,2804
HTAE.TO,20230303,10.88,11.06,10.84,11.06,11829
HTB.TO,20230303,53.97,54.03,53.97,54.03,348
HUBL.TO,20230303,14.03,14.21,14.03,14.21,3900
HUC.TO,20230303,20.23,20.86,20.23,20.84,7584
HUG.TO,20230303,14.87,14.88,14.87,14.88,210
HULC.TO,20230303,64.13,64.2,64.13,64.2,428
HUM.TO,20230303,26.3,26.5,26.3,26.5,1700
HUN.TO,20230303,13.06,13.43,13,13.4,48333
HURA.TO,20230303,24.04,24.06,23.93,24.05,2481
HUT.TO,20230303,2.1,2.18,2.06,2.14,3352058
HUTE.TO,20230303,10.6,10.6,10.6,10.6,1001
HUTL.TO,20230303,17.47,17.58,17.37,17.58,6722
HUTS.TO,20230303,13.61,13.81,13.61,13.8,2962
HUV.TO,20230303,31.59,31.62,30.86,30.96,46157
HUZ.TO,20230303,9.77,9.9,9.77,9.9,480
HWO.TO,20230303,1.47,1.48,1.43,1.48,13597
HWX.TO,20230303,6.17,6.45,6.17,6.37,912483
HXD.TO,20230303,6.75,6.76,6.62,6.63,648694
HXDM.TO,20230303,39.74,39.97,39.71,39.96,7844
HXE.TO,20230303,30.64,31.52,30.64,31.46,11519
HXEM.TO,20230303,32.1,32.16,32.1,32.16,505
HXH.TO,20230303,45,45,45,45,12938
HXQ.TO,20230303,46.97,47.51,46.97,47.5,5105
HXQ.U.TO,20230303,34.63,34.91,34.63,34.91,608
HXS.TO,20230303,54.84,55.27,54.79,55.24,18655
HXS.U.TO,20230303,40.36,40.68,40.36,40.68,2678
HXT.TO,20230303,50.29,50.84,50.29,50.77,279506
HXU.TO,20230303,19.25,19.62,19.25,19.61,49306
HYBR.TO,20230303,8.01,8.01,8,8,6350
HYLD.TO,20230303,11.76,11.85,11.72,11.85,102326
HYLD.U.TO,20230303,11.93,12.01,11.9,12.01,6690
HZD.TO,20230303,19.6,19.88,19.05,19.05,22678
HZU.TO,20230303,17.75,18.24,17.49,18.2,66336
IAF.PR.B.TO,20230303,19.6,19.85,19.6,19.85,31200
IAG.TO,20230303,88.26,89,86.69,87.59,529933
IAU.TO,20230303,3.14,3.23,3.14,3.21,845495
IBG.DB.E.TO,20230303,100.25,100.25,100.25,100.25,2000
IDIV.B.TO,20230303,11.74,11.74,11.74,11.74,1000
IE.TO,20230303,20.79,21.54,20.79,21.54,20400
IFA.TO,20230303,0.87,0.91,0.87,0.91,2500
IFC.TO,20230303,196.37,196.76,193.41,195.54,383717
IFC.PR.A.TO,20230303,18.21,18.25,18.21,18.25,800
IFC.PR.C.TO,20230303,18.6,18.64,18.6,18.6,4800
IFC.PR.E.TO,20230303,21.35,21.4,21.35,21.4,1900
IFC.PR.F.TO,20230303,21.72,21.78,21.71,21.72,700
IFC.PR.G.TO,20230303,22.01,22.26,21.86,22,5411
IFC.PR.K.TO,20230303,21.75,21.75,21.7,21.7,1700
IFP.TO,20230303,23.09,24.17,23.09,24.04,187078
IFRF.TO,20230303,8.78,8.82,8.77,8.82,6000
IGAF.TO,20230303,11.36,11.49,11.36,11.49,665
IGB.TO,20230303,17.68,17.7,17.62,17.64,4467
IGCF.TO,20230303,16.46,16.46,16.46,16.46,171
IGM.TO,20230303,42.2,42.73,42.13,42.52,399231
III.TO,20230303,1.84,1.9,1.83,1.85,18475
IIP.UN.TO,20230303,14.63,14.75,14.59,14.62,187231
ILGB.TO,20230303,8.52,8.52,8.52,8.52,250
IMG.TO,20230303,3.17,3.22,3.15,3.22,1033373
IMO.TO,20230303,68.65,70.72,68.46,70.07,1379535
IMP.TO,20230303,0.86,0.86,0.85,0.85,5004
INC.UN.TO,20230303,11.75,11.97,11.66,11.95,4302
INE.TO,20230303,14.62,14.91,14.57,14.8,457406
INE.DB.B.TO,20230303,99,99,98.75,98.75,24500
INE.DB.C.TO,20230303,96,96.5,95.13,96.5,83999
INE.PR.C.TO,20230303,21.85,21.85,21.85,21.85,100
INO.UN.TO,20230303,4.03,4.11,3.9,4.11,185293
IPCO.TO,20230303,13.64,13.96,13.62,13.79,126805
IPO.TO,20230303,2.87,2.96,2.85,2.94,299222
IQD.TO,20230303,29.95,30.25,29.95,30.25,935
IQD.B.TO,20230303,26.43,26.43,26.37,26.37,1811
ISV.TO,20230303,22.63,22.65,22.5,22.51,2500
ITE.TO,20230303,0.34,0.345,0.335,0.34,433075
ITH.TO,20230303,0.76,0.77,0.74,0.75,18400
IVN.TO,20230303,12.08,12.6,12.02,12.43,2153057
IVQ.DB.U.TO,20230303,72.5,72.5,72.5,72.5,4000
JAG.TO,20230303,2.59,2.61,2.55,2.6,31092
JFS.UN.TO,20230303,24.18,24.18,24.18,24.18,236
JOY.TO,20230303,5.7,6.22,5.7,6.04,744125
JWEL.TO,20230303,31.7,31.93,31.54,31.78,80291
K.TO,20230303,5.15,5.17,5.08,5.1,2311416
KBL.TO,20230303,29.5,30.12,29.5,30.09,39245
KEC.TO,20230303,12.9,13.06,12.9,13.03,2809
KEG.UN.TO,20230303,16.32,16.32,16.06,16.16,7368
KEI.TO,20230303,5.96,6.89,5.88,6.75,90877
KEL.TO,20230303,4.88,5.08,4.87,4.97,1397899
KEY.TO,20230303,30.4,31.1,30.39,30.86,989615
KILO.TO,20230303,27.71,27.75,27.71,27.75,2648
KILO.B.TO,20230303,30.15,30.15,30.15,30.15,5102
KITS.TO,20230303,4.08,4.13,4,4.01,37904
KLS.TO,20230303,0.48,0.52,0.48,0.52,20700
KMP.UN.TO,20230303,18.04,18.25,18.03,18.09,189032
KNT.TO,20230303,7.51,7.66,7.39,7.55,872890
KPT.TO,20230303,10.3,10.37,10.26,10.26,3853
KRN.TO,20230303,0.275,0.275,0.27,0.27,10000
KRR.TO,20230303,4.54,4.62,4.48,4.58,529187
KSI.TO,20230303,2.79,2.8,2.56,2.7,30552
KXS.TO,20230303,167.01,170.34,166.98,169.35,85995
L.TO,20230303,115.75,116.92,115.6,116.8,658897
L.PR.B.TO,20230303,22.2,22.31,22.2,22.28,1213
LABS.TO,20230303,0.08,0.085,0.08,0.085,273518
LAC.TO,20230303,31.99,33.2,30.9,33.09,763060
LAM.TO,20230303,0.47,0.47,0.45,0.46,242829
LAS.A.TO,20230303,109.87,109.87,108.94,108.94,476
LB.TO,20230303,34.31,34.68,34.31,34.4,100366
LB.PR.H.TO,20230303,17,17,16.75,16.97,2064
LBS.TO,20230303,8.95,9.06,8.94,9.05,43047
LBS.PR.A.TO,20230303,9.95,9.97,9.95,9.97,34900
LCFS.TO,20230303,10.9,11.02,10.9,11.02,2500
LCS.TO,20230303,6.15,6.18,6.09,6.16,37610
LEAD.TO,20230303,14.93,14.98,14.93,14.98,1300
LEV.TO,20230303,3.02,3.19,3.02,3.12,353166
LEV.WT.TO,20230303,0.4,0.4,0.39,0.39,8100
LEV.WT.A.TO,20230303,1,1.09,0.99,1.09,3100
LFE.TO,20230303,3.96,3.97,3.86,3.92,20574
LFE.PR.B.TO,20230303,10.15,10.15,10.03,10.05,14811
LGD.TO,20230303,0.58,0.59,0.56,0.58,82478
LGO.TO,20230303,8.76,9.05,8.76,8.88,28254
LIF.TO,20230303,37.9,38.55,37.75,38.44,436720
LIFE.TO,20230303,21.11,21.12,20.98,21.12,6754
LN.TO,20230303,0.41,0.41,0.41,0.41,5033
LNF.TO,20230303,19.39,19.52,19.01,19.4,6565
LNR.TO,20230303,75.96,76.86,75.81,75.88,152302
LPEN.TO,20230303,1.05,1.05,1.02,1.03,13725
LSPD.TO,20230303,20.94,21.34,20.78,21.26,774870
LUC.TO,20230303,0.58,0.58,0.56,0.56,12000
LUG.TO,20230303,14.95,15.21,14.89,15.14,627542
LUN.TO,20230303,9.06,9.37,9.06,9.31,3092058
MAG.TO,20230303,16.63,16.83,16.57,16.73,151822
MAL.TO,20230303,9.24,9.24,8.93,8.93,11280
MARI.TO,20230303,3.59,3.83,3.59,3.79,14300
MBX.TO,20230303,0.34,0.34,0.34,0.34,50500
MCB.TO,20230303,1.1,1.1,1.1,1.1,1000
MCLC.TO,20230303,34.5,34.5,34.5,34.5,714
MCSB.TO,20230303,18.8,18.8,18.8,18.8,700
MDA.TO,20230303,8.07,8.18,7.97,8,293070
MDI.TO,20230303,10.55,11.43,10.55,11.17,721829
MDIV.TO,20230303,12.79,12.84,12.79,12.84,5084
MDNA.TO,20230303,0.82,0.82,0.81,0.81,3822
MDP.TO,20230303,1.8,1.8,1.76,1.77,14360
MDS.UN.TO,20230303,11.22,11.35,11.19,11.24,800
MEE.TO,20230303,23.14,23.14,23.13,23.13,200
MEG.TO,20230303,22.48,23.77,22.33,23.46,2769083
MEME.B.TO,20230303,26.11,26.11,26.1,26.1,642
MEQ.TO,20230303,137.68,137.68,136,136,1923
MFC.TO,20230303,27.15,27.5,27.13,27.38,11979900
MFC.PR.B.TO,20230303,19.32,19.32,19.21,19.32,2181
MFC.PR.C.TO,20230303,18.76,18.89,18.75,18.76,18180
MFC.PR.F.TO,20230303,13.3,13.3,13.3,13.3,4825
MFC.PR.I.TO,20230303,23.64,23.64,23.39,23.5,8237
MFC.PR.J.TO,20230303,22.8,22.85,22.74,22.75,6594
MFC.PR.K.TO,20230303,19.79,19.79,19.69,19.7,1870
MFC.PR.L.TO,20230303,17.75,17.75,17.55,17.56,16400
MFC.PR.M.TO,20230303,17.86,17.86,17.75,17.75,36200
MFC.PR.N.TO,20230303,17.6,17.6,17.4,17.43,35000
MFC.PR.Q.TO,20230303,22.5,22.51,21.41,21.6,1900
MFI.TO,20230303,27.87,28.1,27.8,28.09,67796
MFT.TO,20230303,17.46,17.51,17.46,17.51,20625
MG.TO,20230303,77.34,77.99,76.84,77.58,442055
MGA.TO,20230303,0.205,0.22,0.205,0.21,255536
MGAB.TO,20230303,16.97,16.97,16.97,16.97,1500
MGB.TO,20230303,16.63,16.7,16.63,16.7,5813
MHC.U.TO,20230303,18.79,19.27,18.75,19.14,1661
MHC.UN.TO,20230303,26.34,26.34,26.34,26.34,1800
MHCD.TO,20230303,10.84,10.85,10.84,10.85,1701
MI.UN.TO,20230303,16.02,16.31,16.02,16.25,107334
MIC.PR.A.TO,20230303,20.6,21,20.6,20.75,8618
MID.UN.TO,20230303,6.88,6.97,6.88,6.95,9700
MINF.TO,20230303,9.87,9.87,9.87,9.87,400
MINN.TO,20230303,12.24,12.24,12.21,12.21,1483
MINT.TO,20230303,32.66,32.96,32.66,32.96,41900
MINT.B.TO,20230303,29.51,29.51,29.51,29.51,200
MIVG.TO,20230303,26.75,26.75,26.75,26.75,826
MKB.TO,20230303,18.56,18.69,18.56,18.67,22227
MKC.TO,20230303,29.58,29.58,29.58,29.58,100
MKP.TO,20230303,16.59,16.75,16.59,16.75,19737
MKZ.UN.TO,20230303,0.57,0.57,0.57,0.57,25300
MND.TO,20230303,2.64,2.72,2.64,2.72,14402
MNO.TO,20230303,0.385,0.42,0.385,0.41,340900
MNS.TO,20230303,15.66,15.67,15.63,15.67,2020
MNT.TO,20230303,25.88,26.11,25.63,25.73,6431
MNY.TO,20230303,100.11,100.11,100.07,100.07,4797
MOGO.TO,20230303,0.89,0.91,0.89,0.91,20150
MPC.C.TO,20230303,7,7,7,7,800
MPCT.UN.TO,20230303,3.47,3.47,3.37,3.39,74310
MPVD.TO,20230303,0.54,0.55,0.54,0.55,11000
MR.UN.TO,20230303,5.76,5.76,5.75,5.76,6566
MRC.TO,20230303,110,112,110,111.15,27988
MRD.TO,20230303,12.12,12.12,11.81,12.01,2270
MRE.TO,20230303,14.9,15.37,14.67,15.04,830291
MREL.TO,20230303,13,13.17,13,13.17,3354
MRG.UN.TO,20230303,18.55,18.55,18.36,18.41,7893
MRT.UN.TO,20230303,5.55,5.57,5.55,5.55,19090
MRU.TO,20230303,70.07,70.29,69.71,70.24,275872
MSA.TO,20230303,0.59,0.64,0.59,0.63,50720
MTAV.TO,20230303,17.18,17.18,17.18,17.18,100
MTL.TO,20230303,14.47,14.87,14.45,14.74,312195
MTL.DB.TO,20230303,115.5,116,115.5,116,20000
MTY.TO,20230303,67.32,68.51,66.75,66.95,22000
MUB.TO,20230303,18.32,18.4,18.29,18.4,48460
MUMC.TO,20230303,37.81,38.03,37.81,38.03,805
MUMC.B.TO,20230303,41.61,41.64,41.61,41.64,2500
MUS.TO,20230303,32.88,32.88,32.86,32.86,300
MUX.TO,20230303,9.51,10,9.51,9.91,21902
MWD.TO,20230303,26.73,26.84,26.73,26.84,1138
MX.TO,20230303,73.86,74.68,72.66,73.94,245794
MXG.TO,20230303,4.61,4.9,4.55,4.85,22402
MXU.TO,20230303,21.63,21.63,21.63,21.63,200
NA.TO,20230303,102.11,103.12,102.09,102.74,1758508
NA.PR.C.TO,20230303,25.86,25.86,25.78,25.78,43150
NA.PR.E.TO,20230303,22,22,21.9,21.9,4352
NA.PR.G.TO,20230303,22.25,22.36,22.2,22.2,1500
NA.PR.S.TO,20230303,18.66,18.69,18.56,18.56,31863
NA.PR.W.TO,20230303,17.5,17.64,17.5,17.52,1500
NALT.TO,20230303,23.24,23.32,23.22,23.32,4900
NANO.TO,20230303,3.62,3.75,3.6,3.74,121121
NCP.TO,20230303,0.055,0.055,0.055,0.055,5500
NCU.TO,20230303,0.38,0.38,0.375,0.38,81608
NDIV.TO,20230303,28.59,28.72,28.59,28.72,300
NDM.TO,20230303,0.295,0.3,0.295,0.3,18733
NEO.TO,20230303,9.6,10.73,9.51,10.38,252745
NEXT.TO,20230303,2.78,2.78,2.65,2.68,43272
NFI.TO,20230303,10.15,10.42,9.81,9.84,297802
NFI.DB.TO,20230303,85,85,84,85,27000
NG.TO,20230303,7.85,7.91,7.77,7.9,68070
NGD.TO,20230303,1.28,1.33,1.27,1.28,1662100
NGPE.TO,20230303,33.93,33.93,33.8,33.8,807
NGT.TO,20230303,60.46,60.89,60.06,60.72,119397
NHYB.TO,20230303,20.83,20.83,20.83,20.83,250
NOA.TO,20230303,23.28,23.97,23.28,23.91,59240
NOA.DB.A.TO,20230303,115,115,115,115,232000
NOA.DB.B.TO,20230303,114.5,115,114.5,115,1163000
NOVC.TO,20230303,0.71,0.82,0.71,0.78,11580
NPI.TO,20230303,32.79,33.27,32.63,33.08,669796
NPI.PR.A.TO,20230303,17.09,17.09,17.07,17.09,1700
NPK.TO,20230303,6.58,6.88,6.58,6.7,52750
NPRF.TO,20230303,20.39,20.41,20.33,20.36,7200
NREA.TO,20230303,19.6,19.6,19.6,19.6,350
NSCB.TO,20230303,21.69,21.75,21.69,21.75,2376
NSCC.TO,20230303,21.13,21.16,21.13,21.16,300
NSCE.TO,20230303,34.07,34.07,34.07,34.07,926
NSGE.TO,20230303,34.23,34.23,34.23,34.23,325
NSSB.TO,20230303,9.51,9.52,9.51,9.52,1800
NTR.TO,20230303,111.51,113.27,110.11,112.57,834800
NUAG.TO,20230303,3.53,3.64,3.45,3.51,44225
NUBF.TO,20230303,21.35,21.35,21.24,21.25,1230
NUMI.TO,20230303,0.21,0.215,0.21,0.215,218292
NUSA.TO,20230303,30.73,30.73,30.73,30.73,200
NVA.TO,20230303,12.12,12.55,12.06,12.51,574810
NVEI.TO,20230303,44.25,46.22,43.71,46.16,305670
NVO.TO,20230303,0.33,0.33,0.32,0.325,39050
NWC.TO,20230303,35.45,35.78,35.23,35.38,64428
NWH.DB.G.TO,20230303,98.81,99,98.81,99,6000
NWH.DB.H.TO,20230303,98.7,98.87,98.4,98.4,164000
NWH.UN.TO,20230303,9.5,9.6,9.5,9.58,586095
NXE.TO,20230303,5.98,6.06,5.95,5.97,1270654
NXF.TO,20230303,6.13,6.26,6.11,6.25,61023
NXF.B.TO,20230303,7.88,7.88,7.88,7.88,4711
NXF.U.TO,20230303,10.62,11.14,10.62,11.12,36500
NXR.UN.TO,20230303,10.95,11.09,10.95,10.99,141792
OBE.TO,20230303,9.93,10.4,9.83,10.31,368926
OGC.TO,20230303,2.72,2.81,2.72,2.8,1560888
OGD.TO,20230303,0.82,0.82,0.77,0.78,37355
OGI.TO,20230303,1,1.04,1,1.04,286762
OLA.TO,20230303,5.89,6,5.88,6,189503
OLY.TO,20230303,70,74,70,74,1843
ONC.TO,20230303,2.29,2.29,2.16,2.18,35520
ONEQ.TO,20230303,32.98,32.98,32.98,32.98,100
ONEX.TO,20230303,74.59,76.04,74.59,75.44,138110
OR.TO,20230303,18.45,18.56,18.22,18.49,403461
ORA.TO,20230303,10.45,10.5,10.07,10.07,11900
ORE.TO,20230303,1.33,1.37,1.31,1.35,72877
ORV.TO,20230303,0.18,0.195,0.18,0.185,63797
OSK.TO,20230303,3.18,3.23,3.14,3.22,392639
OTEX.TO,20230303,47.01,48.18,46.9,47.97,652612
OVV.TO,20230303,61.49,63.57,61.01,62.66,184650
PAAS.TO,20230303,21.16,21.86,20.89,21.83,1108058
PAY.TO,20230303,6,6.19,6,6.17,31538
PBD.TO,20230303,16.38,16.38,16.38,16.38,100
PBH.TO,20230303,101.5,102.11,101.04,101.61,28397
PBH.DB.G.TO,20230303,98,98,98,98,2000
PBH.DB.H.TO,20230303,95.76,95.76,95.75,95.75,30000
PBH.DB.I.TO,20230303,97,97,96.98,96.98,16000
PBL.TO,20230303,18.03,18.24,17.99,18.11,14986
PBY.UN.TO,20230303,14.25,14.25,14.25,14.25,500
PCOR.TO,20230303,17.71,17.74,17.71,17.74,5899
PD.TO,20230303,79.57,82.3,78.79,81.58,119389
PDC.TO,20230303,31.01,31.32,31,31.27,33645
PDF.TO,20230303,30.77,30.88,30.77,30.88,407
PDV.TO,20230303,6.9,6.9,6.9,6.9,400
PEA.TO,20230303,0.75,0.8,0.74,0.77,274838
PET.TO,20230303,41.46,41.49,39.9,40,89308
PEY.TO,20230303,12.45,12.88,12.33,12.75,1118704
PFAA.TO,20230303,10.29,10.29,10.29,10.29,399
PFIA.TO,20230303,9.68,9.68,9.63,9.63,8100
PFL.TO,20230303,19.69,19.69,19.67,19.68,11878
PFLS.TO,20230303,15.23,15.23,15.23,15.23,100
PFMN.TO,20230303,13.34,13.35,13.34,13.34,2300
PGI.UN.TO,20230303,7.76,7.85,7.74,7.75,15025
PHE.B.TO,20230303,31.94,32.07,31.94,32.07,2600
PHX.TO,20230303,7.95,8.02,7.8,7.99,110710
PHYS.TO,20230303,19.39,19.45,19.33,19.44,22832
PIC.A.TO,20230303,6.54,6.59,6.49,6.5,21872
PIC.PR.A.TO,20230303,13.75,13.75,13.71,13.71,3100
PID.TO,20230303,20.3,20.3,20.29,20.29,1905
PIF.TO,20230303,13.78,14.06,13.6,13.92,54629
PIN.TO,20230303,17.41,17.47,17.41,17.47,1300
PIX.UN.TO,20230303,8.8,8.8,8.78,8.8,6758
PKI.TO,20230303,29.7,30.27,28.7,29.94,1229095
PLC.TO,20230303,27.5,28.82,27.24,28.62,229051
PLDI.TO,20230303,18.84,18.84,18.84,18.84,1100
PLZ.UN.TO,20230303,4.83,4.86,4.81,4.81,29755
PMB.UN.TO,20230303,7,7.14,7,7.14,2300
PME.TO,20230303,2.55,2.56,2.51,2.55,9600
PMIF.TO,20230303,17.88,17.91,17.82,17.9,53658
PMM.TO,20230303,19.77,19.8,19.77,19.8,2100
PMNT.TO,20230303,19.11,19.11,19.11,19.11,400
PMT.TO,20230303,0.63,0.7,0.63,0.66,67203
PMZ.UN.TO,20230303,15.4,15.58,15.3,15.51,179589
PNE.TO,20230303,1.28,1.34,1.28,1.33,814010
PNP.TO,20230303,4.1,4.15,4.1,4.15,700
POU.TO,20230303,31.1,31.53,31,31.37,175352
POW.TO,20230303,36.93,37.19,36.84,36.99,3556570
POW.PR.A.TO,20230303,22.59,22.59,22.48,22.56,3300
POW.PR.B.TO,20230303,21.5,21.5,21.32,21.35,1450
POW.PR.C.TO,20230303,23.31,23.54,23.31,23.54,2269
POW.PR.D.TO,20230303,20.22,20.22,20.22,20.22,500
POW.PR.G.TO,20230303,22.4,22.4,22.3,22.35,3150
PPL.TO,20230303,46.04,46.74,45.89,46.48,2761170
PPL.PF.A.TO,20230303,23.99,24.26,23.99,24.05,4072
PPL.PF.E.TO,20230303,24.8,24.8,24.7,24.7,6200
PPL.PR.A.TO,20230303,18.05,18.16,17.98,17.98,5000
PPL.PR.E.TO,20230303,18.63,18.69,18.63,18.69,500
PPL.PR.G.TO,20230303,18.05,18.05,18.01,18.01,2100
PPL.PR.I.TO,20230303,21.14,21.14,21.14,21.14,300
PPL.PR.O.TO,20230303,21.2,21.25,21.1,21.2,60577
PPL.PR.Q.TO,20230303,19.02,19.03,19.02,19.03,600
PPL.PR.S.TO,20230303,22.95,23.1,22.95,23.1,75800
PPR.TO,20230303,0.135,0.14,0.135,0.135,153492
PPTA.TO,20230303,4.85,4.98,4.77,4.94,7530
PR.TO,20230303,8.51,8.51,8.51,8.51,103
PRA.TO,20230303,28.27,28.45,28.27,28.45,3100
PRB.TO,20230303,1.34,1.34,1.29,1.34,20416
PRL.TO,20230303,7.75,7.75,7.55,7.57,8830
PRM.TO,20230303,13.89,13.89,13.89,13.89,184
PRMW.TO,20230303,20.87,20.95,20.75,20.86,49457
PRN.TO,20230303,17.15,17.47,16.77,16.93,18918
PRQ.TO,20230303,1.85,1.93,1.85,1.89,36619
PRU.TO,20230303,1.96,2.03,1.96,2.03,277769
PRV.UN.TO,20230303,6.24,6.33,6.22,6.31,61952
PSA.TO,20230303,50.03,50.05,50.03,50.05,47205
PSB.TO,20230303,16.69,16.76,16.69,16.76,5921
PSD.TO,20230303,1.73,1.83,1.73,1.83,2533
PSI.TO,20230303,14.79,14.79,13.71,14,425060
PSK.TO,20230303,22,22.38,22,22.21,470241
PSLV.TO,20230303,9.86,9.88,9.7,9.88,56744
PSLV.U.TO,20230303,7.13,7.13,7.13,7.13,150
PSU.U.TO,20230303,100.08,100.09,100.08,100.09,3740
PTI.UN.TO,20230303,7.47,7.5,7.35,7.39,29995
PTM.TO,20230303,1.94,2.04,1.94,2.01,20244
PTO.UN.TO,20230303,7.61,7.61,7.56,7.58,11550
PVS.PR.F.TO,20230303,24.25,24.25,24.21,24.21,4200
PVS.PR.G.TO,20230303,23.84,23.84,23.84,23.84,1400
PVS.PR.H.TO,20230303,23.22,23.22,23.2,23.2,1200
PVS.PR.J.TO,20230303,22.45,22.45,22.45,22.45,100
PVS.PR.K.TO,20230303,22.99,22.99,22.35,22.35,1624
PWF.PF.A.TO,20230303,18.26,18.55,18.21,18.5,26979
PWF.PR.E.TO,20230303,21.81,21.88,21.77,21.87,3595
PWF.PR.F.TO,20230303,20.73,20.76,20.73,20.75,1400
PWF.PR.G.TO,20230303,23.67,23.68,23.67,23.67,788
PWF.PR.H.TO,20230303,22.72,22.85,22.72,22.85,1100
PWF.PR.K.TO,20230303,20.28,20.28,19.83,19.86,5299
PWF.PR.L.TO,20230303,20.6,20.6,20.11,20.41,13800
PWF.PR.O.TO,20230303,23.19,23.19,22.95,23,10272
PWF.PR.P.TO,20230303,13.11,13.11,13.11,13.11,1125
PWF.PR.Q.TO,20230303,15.75,15.75,15.75,15.75,1000
PWF.PR.R.TO,20230303,21.85,21.9,21.75,21.8,2500
PWF.PR.S.TO,20230303,19.4,19.41,19.31,19.31,3445
PWF.PR.T.TO,20230303,19.3,19.31,19.05,19.05,5200
PWF.PR.Z.TO,20230303,20.52,20.61,20.5,20.61,6400
PWI.TO,20230303,7.97,8.07,7.96,8.07,11627
PWI.PR.A.TO,20230303,9.88,9.88,9.88,9.88,200
PXC.TO,20230303,35.78,35.78,35.75,35.75,1080
PXT.TO,20230303,22.73,23.47,22.63,23.26,1087745
PXU.F.TO,20230303,51.25,51.25,51.25,51.25,100
PYF.TO,20230303,17.49,17.49,17.41,17.41,30889
PYF.U.TO,20230303,19.3,19.3,19.29,19.29,4500
PYR.TO,20230303,1.25,1.33,1.22,1.3,426670
PZA.TO,20230303,13.93,14.1,13.93,14.05,57996
PZW.TO,20230303,30.86,30.86,30.86,30.86,1210
PZW.F.TO,20230303,22.56,22.56,22.56,22.56,1100
QAH.TO,20230303,133.03,133.58,133.03,133.58,600
QBB.TO,20230303,90.06,90.2,89.92,90.2,2000
QBR.A.TO,20230303,31.83,32.25,31.83,32.25,401
QBR.B.TO,20230303,32.5,32.74,32.19,32.43,232280
QBTC.TO,20230303,32.25,32.26,31.54,31.78,31835
QBTC.U.TO,20230303,23.17,23.57,23.17,23.38,20861
QBTL.TO,20230303,18.95,18.95,18.45,18.45,90164
QCLN.TO,20230303,24.43,24.43,24.43,24.43,203
QCN.TO,20230303,125.32,125.88,124.96,125.88,557
QDX.TO,20230303,103.72,103.85,103.34,103.85,4225
QDXH.TO,20230303,113.48,113.48,113.48,113.48,300
QEBL.TO,20230303,79.33,79.33,79.33,79.33,100
QEC.TO,20230303,0.255,0.26,0.255,0.26,12994
QETH.U.TO,20230303,25.88,25.91,25.63,25.63,8615
QETH.UN.TO,20230303,35.07,35.5,34.98,35.04,11319
QIE.TO,20230303,28.25,28.48,28.23,28.48,2600
QINF.TO,20230303,112.18,113.02,112.18,112.94,700
QQC.TO,20230303,19.81,20,19.78,19.92,12302
QQC.F.TO,20230303,97.99,99.39,97.99,99.39,2903
QQCC.TO,20230303,10.1,10.1,9.83,9.85,961
QRC.TO,20230303,0.73,0.73,0.73,0.73,5500
QSB.TO,20230303,94.68,94.68,94.68,94.68,300
QSP.UN.TO,20230303,88,88,87.64,87.64,209
QSR.TO,20230303,87.37,87.56,86.71,87.13,748729
QTRH.TO,20230303,1.95,1.98,1.92,1.96,32532
QUB.TO,20230303,80.56,80.6,80.45,80.6,34800
QUS.TO,20230303,40.77,40.88,40.67,40.88,400
QUU.TO,20230303,154.53,156.58,154.53,156.53,971
RA.UN.TO,20230303,8.31,8.31,8.31,8.31,300
RATE.TO,20230303,20.07,20.07,20.03,20.03,1318
RAV.UN.TO,20230303,14.5,14.5,14.49,14.5,5500
RAY.A.TO,20230303,6.05,6.05,5.98,6,14430
RBA.TO,20230303,80.17,80.84,79.57,80.3,232151
RBNK.TO,20230303,24.36,24.6,24.36,24.58,28805
RBOT.TO,20230303,23.85,23.85,23.85,23.85,125
RBY.TO,20230303,2.57,2.61,2.54,2.59,90389
RCD.TO,20230303,24.59,24.59,24.59,24.59,175
RCDC.TO,20230303,20.29,20.29,20.29,20.29,450
RCG.TO,20230303,13,13.1,13,13.02,13700
RCG.PR.B.TO,20230303,13.45,13.45,13.45,13.45,5200
RCH.TO,20230303,39.54,39.91,39.44,39.88,60602
RCI.A.TO,20230303,65.35,65.5,65.34,65.5,1000
RCI.B.TO,20230303,64.11,64.78,63.91,64.39,815687
REAL.TO,20230303,5.92,6.03,5.92,5.99,187068
REI.UN.TO,20230303,22,22.06,21.89,21.91,388000
RIFI.TO,20230303,17.73,17.73,17.73,17.73,561
RIIN.TO,20230303,19.18,19.18,19.14,19.14,3100
RIT.TO,20230303,17.37,17.5,17.37,17.47,20875
RLB.TO,20230303,17.82,17.82,17.82,17.82,2037
ROOT.TO,20230303,3.04,3.05,3.01,3.05,10000
RPF.TO,20230303,19.32,19.35,19.27,19.27,7555
RPI.UN.TO,20230303,38.2,38.24,38,38.24,1393
RPSB.TO,20230303,19.33,19.33,19.31,19.31,1800
RQL.TO,20230303,19.81,19.81,19.78,19.78,2081
RQN.TO,20230303,19.64,19.64,19.64,19.64,187
RQO.TO,20230303,17.6,17.63,17.6,17.62,5100
RQQ.TO,20230303,20.56,20.6,20.56,20.6,3400
RQR.TO,20230303,20.57,20.57,20.57,20.57,700
RS.TO,20230303,15.36,15.56,15.22,15.26,14702
RS.PR.A.TO,20230303,9.7,9.72,9.69,9.72,1553
RSI.TO,20230303,6.27,6.3,6.26,6.27,91271
RSI.DB.F.TO,20230303,99.25,99.25,99.25,99.25,28000
RTG.TO,20230303,0.055,0.065,0.045,0.065,45096
RUBY.TO,20230303,21.38,21.38,21.38,21.38,1000
RUD.TO,20230303,49.13,49.42,49.13,49.4,3250
RUD.U.TO,20230303,36.37,36.37,36.37,36.37,200
RUDH.TO,20230303,35.16,35.19,35.16,35.19,688
RUP.TO,20230303,4.83,4.83,4.7,4.76,9186
RUS.TO,20230303,35.88,36.3,35.64,36.25,393992
RUSB.TO,20230303,19.97,19.97,19.97,19.97,100
RVX.TO,20230303,0.16,0.16,0.15,0.155,214502
RY.TO,20230303,136.71,137.19,136.5,136.75,3257944
RY.PR.H.TO,20230303,17.99,18.16,17.99,18.07,13538
RY.PR.J.TO,20230303,19.13,19.21,19.12,19.21,3900
RY.PR.M.TO,20230303,18.3,18.3,18.14,18.15,3030
RY.PR.N.TO,20230303,22.3,22.3,22.18,22.25,3100
RY.PR.O.TO,20230303,22.3,22.4,22.3,22.4,3000
RY.PR.S.TO,20230303,20.91,20.91,20.5,20.75,19543
S.TO,20230303,0.5,0.52,0.5,0.5,363072
SAM.TO,20230303,0.195,0.195,0.195,0.195,3000
SAP.TO,20230303,36.56,36.75,36.13,36.41,344244
SBC.TO,20230303,11.65,11.74,11.57,11.7,20989
SBC.PR.A.TO,20230303,10,10.01,9.95,9.95,34400
SBN.TO,20230303,3.7,3.7,3.7,3.7,400
SBT.B.TO,20230303,15.37,15.51,15.37,15.51,1800
SCY.TO,20230303,0.055,0.055,0.055,0.055,5000
SDE.TO,20230303,12.58,13.33,12.52,13.2,806362
SEA.TO,20230303,15.43,15.59,15.38,15.49,27485
SEC.TO,20230303,327.06,327.06,327,327,373
SES.TO,20230303,8.53,8.58,8.42,8.43,1989491
SFC.TO,20230303,5,5.01,4.9,4.9,11124
SFD.TO,20230303,0.18,0.18,0.18,0.18,2518
SFI.TO,20230303,0.335,0.335,0.335,0.335,10000
SFTC.TO,20230303,16.65,16.75,16.5,16.75,43160
SGLD.TO,20230303,0.22,0.23,0.21,0.21,56666
SGNL.TO,20230303,0.29,0.31,0.29,0.31,39560
SGR.UN.TO,20230303,14.95,14.95,14.77,14.85,73215
SGY.TO,20230303,8.93,9.2,8.9,9.17,580595
SHLE.TO,20230303,3.18,3.4,3.18,3.32,19923
SHOP.TO,20230303,56.43,59.1,56.22,58.99,3318057
SIA.TO,20230303,11.04,11.12,10.96,11.08,207633
SIH.UN.TO,20230303,9.2,9.2,9.2,9.2,3375
SII.TO,20230303,49.04,49.76,48.5,49.58,26017
SIL.TO,20230303,7.61,7.74,7.57,7.67,250446
SIS.TO,20230303,16.51,16.73,16.4,16.66,109321
SJ.TO,20230303,50,51.32,49.99,50.77,116457
SKE.TO,20230303,7.33,7.5,7.33,7.39,76415
SLF.TO,20230303,66.43,67.09,66.09,67,5390150
SLF.PR.C.TO,20230303,18.91,18.91,18.81,18.9,1750
SLF.PR.D.TO,20230303,18.66,18.8,18.66,18.79,10200
SLF.PR.E.TO,20230303,18.85,18.98,18.79,18.98,7788
SLF.PR.G.TO,20230303,13.27,13.29,13.27,13.29,6050
SLF.PR.J.TO,20230303,15.6,15.76,15.5,15.76,7500
SLS.TO,20230303,6,6.2,6,6,85900
SMT.TO,20230303,0.47,0.495,0.47,0.49,125988
SOLG.TO,20230303,0.3,0.385,0.295,0.31,1015204
SOT.DB.TO,20230303,99.5,99.5,99.5,99.5,120000
SOT.DB.A.TO,20230303,87,87,87,87,8000
SOT.UN.TO,20230303,4.37,4.39,4.34,4.37,67884
SOY.TO,20230303,11.33,11.85,11.11,11.7,189631
SPB.TO,20230303,11.15,11.55,11.15,11.43,854507
SPPP.TO,20230303,16.25,16.25,16.07,16.24,513
SRU.UN.TO,20230303,27.73,27.85,27.64,27.64,170391
SRV.UN.TO,20230303,16.76,17.12,16.75,17.1,17636
SSF.UN.TO,20230303,6.78,6.78,6.78,6.78,3400
SSL.TO,20230303,7.2,7.25,7.12,7.17,252006
SSRM.TO,20230303,18.89,19,18.65,18.97,236709
STC.TO,20230303,6.08,6.12,5.71,6,62126
STCK.TO,20230303,6.92,7.16,6.92,7.15,9919
STCK.WT.TO,20230303,0.07,0.07,0.07,0.07,1000
STEP.TO,20230303,4.26,4.3,4.02,4.23,926196
STGO.TO,20230303,1.05,1.05,1.02,1.05,100122
STLC.TO,20230303,59.32,60.57,58.5,60.4,208579
STN.TO,20230303,79.06,79.95,78.78,79.82,227439
STPL.TO,20230303,23.56,23.71,23.5,23.71,4686
SU.TO,20230303,46.9,48.24,46.65,47.97,20953730
SVA.TO,20230303,1.01,1.02,1,1,167300
SVB.TO,20230303,0.2,0.2,0.195,0.195,4000
SVI.TO,20230303,6.19,6.38,6.19,6.33,308057
SVI.DB.TO,20230303,99.3,99.3,99.25,99.25,107000
SVI.DB.B.TO,20230303,97.25,98.99,97.25,98.99,44000
SVM.TO,20230303,4.41,4.42,4.35,4.42,144170
SVR.TO,20230303,10.35,10.53,10.35,10.53,2851
SWP.TO,20230303,2.73,2.73,2.66,2.66,3950
SXI.TO,20230303,2.29,2.29,2.29,2.29,200
SXP.TO,20230303,6.6,6.62,6.5,6.53,19033
SYZ.TO,20230303,5.7,5.74,5.64,5.64,13509
T.TO,20230303,27.2,27.37,27.08,27.31,2865275
TA.TO,20230303,11.36,11.55,11.34,11.48,449452
TA.PR.D.TO,20230303,13.72,13.84,13.65,13.65,3900
TA.PR.F.TO,20230303,19.79,19.85,19.78,19.85,4050
TA.PR.H.TO,20230303,22.83,22.83,22.64,22.64,3177
TA.PR.J.TO,20230303,21.72,21.72,21.72,21.72,175
TAIG.TO,20230303,2.85,2.85,2.7,2.7,3145
TAL.TO,20230303,0.67,0.69,0.67,0.68,523581
TBL.TO,20230303,2.95,3.01,2.95,3,30429
TC.TO,20230303,30.01,32.72,29.89,32.23,97034
TCL.A.TO,20230303,15.79,15.99,15.79,15.97,84872
TCLB.TO,20230303,119.3,119.39,119.19,119.39,8300
TCLV.TO,20230303,19.5,19.59,19.5,19.59,3904
TCS.TO,20230303,28.89,30.59,28.89,29.98,19033
TCSB.TO,20230303,14.27,14.3,14.27,14.3,3005
TCW.TO,20230303,3.52,3.66,3.5,3.6,1361050
TD.TO,20230303,89.08,89.68,88.6,89.05,3027203
TD.PF.A.TO,20230303,17.81,17.84,17.75,17.75,4988
TD.PF.B.TO,20230303,17.89,17.9,17.87,17.87,52963
TD.PF.C.TO,20230303,17.66,17.72,17.65,17.72,4500
TD.PF.D.TO,20230303,19.24,19.25,19.2,19.2,3208
TD.PF.E.TO,20230303,19.65,19.65,19.6,19.6,1961
TD.PF.I.TO,20230303,25.32,25.32,25.3,25.3,7400
TD.PF.J.TO,20230303,23.5,23.5,23.37,23.45,6500
TD.PF.M.TO,20230303,24.7,24.7,24.7,24.7,114
TDB.TO,20230303,12.87,12.91,12.85,12.91,55300
TDOC.TO,20230303,16.89,17.04,16.89,17.04,10757
TEC.TO,20230303,23.25,23.65,23.25,23.65,26001
TEC.U.TO,20230303,17.25,17.25,17.25,17.25,100
TECH.TO,20230303,7.87,8,7.87,7.99,29498
TECH.B.TO,20230303,9,9,9,9,3000
TECI.TO,20230303,6.12,6.16,6.1,6.16,1100
TECK.A.TO,20230303,92,92.98,91.5,92.69,2060
TECK.B.TO,20230303,57.34,57.92,57.08,57.85,1635348
TERM.TO,20230303,9.07,9.1,9.07,9.1,6190
TF.TO,20230303,8.29,8.3,8.17,8.26,125944
TF.DB.C.TO,20230303,98,98,98,98,15000
TF.DB.E.TO,20230303,88,88,88,88,15000
TFII.TO,20230303,170,170.86,168.13,170.56,154610
TFPM.TO,20230303,18.65,18.88,18.55,18.86,73976
TGED.TO,20230303,17.73,17.96,17.73,17.96,5700
TGFI.TO,20230303,20.2,20.21,20.07,20.21,2300
TGGR.TO,20230303,19.99,19.99,19.96,19.96,205
TGO.TO,20230303,3.61,3.61,3.5,3.5,9800
TGRE.TO,20230303,14.09,14.1,14.09,14.1,300
TH.TO,20230303,1.29,1.34,1.29,1.29,11500
The.TO,20230303,21.68,21.85,21.68,21.84,1601
THNC.TO,20230303,2.42,2.43,2.37,2.42,8105
THU.TO,20230303,27.03,27.09,27.03,27.09,1400
TIH.TO,20230303,114.51,114.51,111.85,113.21,133375
TILV.TO,20230303,14.67,14.69,14.67,14.69,1055
TINF.TO,20230303,18.09,18.25,18.09,18.25,2488
TIPS.F.TO,20230303,29.81,29.81,29.76,29.76,1661
TIXT.TO,20230303,29.41,29.91,29.28,29.83,88015
TKO.TO,20230303,2.42,2.48,2.41,2.42,384152
TLF.TO,20230303,16.72,16.82,16.72,16.82,913
TLG.TO,20230303,0.66,0.67,0.65,0.65,265000
TLO.TO,20230303,0.445,0.46,0.44,0.44,117094
TLRY.TO,20230303,3.73,3.82,3.7,3.79,776360
TLV.TO,20230303,29.05,29.24,29.05,29.24,200
TMD.TO,20230303,0.27,0.285,0.27,0.285,10043
TMEC.TO,20230303,18.03,18.08,17.93,18.06,745
TML.TO,20230303,0.32,0.33,0.32,0.32,28500
TMQ.TO,20230303,0.76,0.79,0.76,0.78,2703
TNT.UN.TO,20230303,6.04,6.08,6.03,6.04,89055
TNZ.TO,20230303,2.5,2.55,2.5,2.54,41820
TOT.TO,20230303,8.96,8.97,8.75,8.93,30782
TOU.TO,20230303,59.3,61.61,58.88,61.25,2042925
TOWR.TO,20230303,26.51,26.51,26.51,26.51,143
TOY.TO,20230303,37.08,37.98,36.9,37.21,46946
TPAY.TO,20230303,21.18,21.18,21.18,21.18,200
TPE.TO,20230303,19.39,19.55,19.39,19.54,3304
TPRF.TO,20230303,9.64,9.64,9.63,9.64,4894
TPU.TO,20230303,30.46,30.85,30.46,30.83,29879
TPX.B.TO,20230303,72.5,72.5,72.5,72.5,253
TPZ.TO,20230303,19.65,20.08,19.61,19.79,232187
TQCD.TO,20230303,16.08,16.24,16.08,16.21,45917
TQGD.TO,20230303,16.13,16.24,16.13,16.24,24879
TQSM.TO,20230303,19.24,19.34,19.24,19.33,19800
TRI.TO,20230303,165.45,166.09,164.27,164.76,206265
TRI.PR.B.TO,20230303,13.8,14.05,13.8,14.05,1300
TRP.TO,20230303,55.75,56.6,55.55,56.18,7778921
TRP.PR.A.TO,20230303,14.53,14.57,14.51,14.57,2721
TRP.PR.B.TO,20230303,11.57,11.65,11.57,11.65,1200
TRP.PR.C.TO,20230303,12.01,12.02,11.99,12,24700
TRP.PR.D.TO,20230303,16.51,16.54,16.5,16.5,1900
TRP.PR.E.TO,20230303,15.95,15.95,15.94,15.95,2800
TRP.PR.G.TO,20230303,17.73,17.73,17.73,17.73,300
TRP.PR.H.TO,20230303,14.45,14.45,14.45,14.45,200
TRP.PR.I.TO,20230303,15.5,15.55,15.39,15.39,4300
TRVL.TO,20230303,21.16,21.44,21.16,21.38,8155
TRVL.U.TO,20230303,20.1,20.1,20.1,20.1,400
TRZ.TO,20230303,3.3,3.38,3.3,3.38,55563
TSAT.TO,20230303,12,12,12,12,100
TSK.TO,20230303,0.1,0.1,0.095,0.1,155500
TSL.TO,20230303,3.42,3.5,3.25,3.37,78159
TSU.TO,20230303,37.48,37.48,36.14,36.54,196117
TTNM.TO,20230303,2.57,2.7,2.57,2.61,20022
TTP.TO,20230303,23.36,23.51,23.33,23.5,12858
TUED.TO,20230303,18.51,18.55,18.51,18.55,9024
TUHY.TO,20230303,20.34,20.34,20.34,20.34,1000
TULB.TO,20230303,121.58,121.87,121.46,121.76,678
TULV.TO,20230303,18.5,18.55,18.5,18.55,300
TUSB.TO,20230303,13.63,13.63,13.63,13.63,200
TVA.B.TO,20230303,2.38,2.4,2.2,2.34,40188
TVE.TO,20230303,4.27,4.37,4.19,4.32,5611075
TVK.TO,20230303,25.76,25.87,25.43,25.53,8080
TWC.TO,20230303,17.5,17.5,17.5,17.5,500
TWM.TO,20230303,1.06,1.1,1.06,1.1,359655
TWM.DB.TO,20230303,96.8,97,96.8,97,19000
TXF.TO,20230303,14.63,14.75,14.54,14.74,38396
TXG.TO,20230303,18.44,18.82,18.39,18.5,336943
TXP.TO,20230303,1.18,1.19,1.15,1.18,100986
TXT.UN.TO,20230303,2.88,2.88,2.88,2.88,100
U.U.TO,20230303,12.59,12.64,12.51,12.51,950
U.UN.TO,20230303,17.09,17.33,16.98,17.06,203904
UDIV.TO,20230303,12.26,12.34,12.25,12.33,8455
UDIV.B.TO,20230303,12.81,12.83,12.81,12.83,3100
ULV.C.TO,20230303,30.51,30.6,30.51,30.6,200
ULV.F.TO,20230303,45.04,45.04,44.92,44.92,463
UMI.TO,20230303,29.33,29.72,29.33,29.72,282
UNC.TO,20230303,102.5,102.5,102.5,102.5,125
URB.TO,20230303,4.1,4.18,4.1,4.18,33900
URB.A.TO,20230303,4.02,4.03,3.91,3.99,2900
URE.TO,20230303,1.48,1.52,1.48,1.52,84678
USA.TO,20230303,0.68,0.69,0.68,0.68,52252
USCC.TO,20230303,16.85,16.85,16.81,16.85,10842
UTIL.TO,20230303,22.04,22.14,22.04,22.14,1400
VA.TO,20230303,34.25,34.25,34.25,34.25,1155
VAB.TO,20230303,22.35,22.43,22.31,22.43,66455
VBAL.TO,20230303,27.87,28,27.83,27.99,53102
VBNK.TO,20230303,10.22,10.22,10.22,10.22,500
VCB.TO,20230303,22.82,22.82,22.81,22.82,300
VCE.TO,20230303,44.65,45,44.59,45,47223
VCIP.TO,20230303,24.46,24.46,24.35,24.45,4888
VCM.TO,20230303,21.3,21.3,21,21,6625
VCN.TO,20230303,41.47,41.85,41.44,41.79,69341
VCNS.TO,20230303,25.94,26.07,25.94,26.07,50461
VDU.TO,20230303,38.33,38.57,38.33,38.57,5070
VDY.TO,20230303,43.3,43.67,43.25,43.58,216393
VE.TO,20230303,31.89,32,31.89,32,2813
VEE.TO,20230303,33.1,33.28,33.1,33.26,32097
VEF.TO,20230303,48.44,48.65,48.44,48.65,3718
VEQT.TO,20230303,34,34.28,34,34.28,61969
VET.TO,20230303,18.62,19.38,18.53,19.23,1115941
VFV.TO,20230303,96.83,97.77,96.82,97.73,106238
VGCX.TO,20230303,8.42,8.7,8.36,8.55,1382724
VGG.TO,20230303,71.22,71.35,70.75,71.35,6686
VGH.TO,20230303,50.72,51.07,50.52,51.07,11181
VGRO.TO,20230303,29.78,29.98,29.68,29.96,129476
VGV.TO,20230303,21.91,21.91,21.91,21.91,153
VGZ.TO,20230303,0.7,0.71,0.7,0.7,5019
VHI.TO,20230303,2.64,2.65,2.62,2.62,19408
VI.TO,20230303,33.62,33.89,33.62,33.88,6233
VIDY.TO,20230303,27.24,27.38,27.22,27.38,16169
VIU.TO,20230303,30.45,30.6,30.4,30.59,39825
VLB.TO,20230303,21.11,21.18,21.1,21.18,1842
VLE.TO,20230303,2.32,2.54,2.3,2.54,362309
VLN.TO,20230303,12.75,12.75,12.72,12.73,81103
VMO.TO,20230303,45.25,45.6,45.25,45.6,1036
VNP.TO,20230303,2.77,3.07,2.77,3.05,718560
VPH.TO,20230303,0.55,0.55,0.5,0.55,191000
VQS.TO,20230303,0.5,0.51,0.48,0.5,56272
VRE.TO,20230303,31.44,31.57,31.39,31.55,4363
VRIF.TO,20230303,23.25,23.35,23.25,23.35,9818
VSB.TO,20230303,22.29,22.32,22.29,22.32,29373
VSC.TO,20230303,22.71,22.74,22.71,22.74,10463
VSP.TO,20230303,66.18,66.86,66,66.8,63904
VUN.TO,20230303,74.45,75.19,74.45,75.19,30257
VUS.TO,20230303,72.73,73.53,72.58,73.47,5658
VVL.TO,20230303,43.47,43.68,43.37,43.68,1764
VVO.TO,20230303,31.97,31.99,31.97,31.99,815
VXC.TO,20230303,46.93,47.43,46.91,47.43,28961
VXM.TO,20230303,27.62,27.65,27.54,27.65,1102
WCN.TO,20230303,182.45,182.49,179.96,182.3,217462
WCP.TO,20230303,10.7,11.04,10.65,10.95,2762933
WDO.TO,20230303,6.61,6.63,6.48,6.6,675179
WEED.TO,20230303,3.08,3.14,3.05,3.1,702029
WEF.TO,20230303,1.23,1.26,1.23,1.26,172880
WELL.TO,20230303,4.5,4.65,4.48,4.64,859533
WELL.DB.TO,20230303,90.75,90.75,90.75,90.75,3000
WFC.TO,20230303,16.15,16.16,15.98,16,2460
WFG.TO,20230303,103.54,106.61,103.54,105.2,229811
WILD.TO,20230303,2.42,2.46,2.42,2.45,17805
WJX.TO,20230303,24,24.26,24,24.1,28348
WJX.DB.TO,20230303,100.01,100.01,100.01,100.01,5000
WLLW.TO,20230303,0.105,0.105,0.105,0.105,124000
WM.TO,20230303,0.16,0.17,0.16,0.165,292544
WN.TO,20230303,168.42,172.75,165.91,167.06,297465
WN.PR.A.TO,20230303,23.64,23.65,23.33,23.33,1109
WN.PR.C.TO,20230303,20.85,20.97,20.85,20.96,3700
WN.PR.D.TO,20230303,20.78,20.88,20.78,20.88,400
WN.PR.E.TO,20230303,19.7,19.7,19.55,19.55,400
WNDR.TO,20230303,0.165,0.18,0.165,0.17,78285
WOMN.TO,20230303,27.46,27.46,27.46,27.46,100
WPK.TO,20230303,41.27,41.79,40.92,41.45,30327
WPM.TO,20230303,57.25,57.41,56.48,56.99,781237
WPRT.TO,20230303,1.47,1.55,1.47,1.53,12424
WRN.TO,20230303,2.27,2.41,2.24,2.38,164055
WRX.TO,20230303,0.26,0.26,0.26,0.26,32394
WSP.TO,20230303,170,173.23,169.67,172.95,134682
WSRD.TO,20230303,26.5,26.59,26.48,26.59,1935
WSRI.TO,20230303,34.68,34.68,34.68,34.68,102
WTE.TO,20230303,24.39,24.93,24.39,24.6,95594
WXM.TO,20230303,25.15,25.39,25.15,25.39,4988
X.TO,20230303,135.25,136.22,135.02,135.24,84348
XAGH.TO,20230303,33.15,33.32,33.15,33.32,817
XAM.TO,20230303,0.025,0.03,0.025,0.03,19400
XAU.TO,20230303,1.9,1.94,1.86,1.87,13741
XAW.TO,20230303,32.82,33.07,32.82,33.07,21110
XAW.U.TO,20230303,24.63,24.63,24.63,24.63,102
XBAL.TO,20230303,25.21,25.37,25.21,25.37,14466
XBB.TO,20230303,27.31,27.44,27.3,27.44,174346
XBM.TO,20230303,21.53,21.93,21.53,21.93,58579
XCB.TO,20230303,18.99,19.04,18.98,19.03,55377
XCBG.TO,20230303,35.46,35.57,35.46,35.57,250
XCD.TO,20230303,44.4,44.96,44.38,44.96,7100
XCH.TO,20230303,19.28,19.28,19.19,19.21,14288
XCNS.TO,20230303,20.68,20.68,20.68,20.68,304
XCS.TO,20230303,18.83,19.06,18.83,19.04,32676
XCSR.TO,20230303,58.8,59.4,58.8,59.4,807
XCV.TO,20230303,33.83,34.02,33.83,33.98,5659
XDG.TO,20230303,23.11,23.11,23.1,23.1,1502
XDGH.TO,20230303,23.47,23.51,23.47,23.51,484
XDIV.TO,20230303,25.06,25.25,25.06,25.2,70021
XDSR.TO,20230303,49.39,49.56,49.37,49.56,1269
XDU.TO,20230303,26.29,26.36,26.28,26.35,4411
XDUH.TO,20230303,24.15,24.41,24.15,24.38,16513
XDV.TO,20230303,28.8,29,28.77,28.96,38682
XEB.TO,20230303,14.98,15.22,14.98,15.22,1600
XEC.TO,20230303,25.41,25.53,25.41,25.53,14469
XEF.TO,20230303,33.29,33.52,33.27,33.52,60798
XEF.U.TO,20230303,24.43,24.47,24.42,24.47,1600
XEG.TO,20230303,15.9,16.38,15.86,16.33,1303645
XEH.TO,20230303,29.71,29.89,29.71,29.89,2220
XEI.TO,20230303,25.51,25.77,25.5,25.73,74696
XEM.TO,20230303,29.64,29.77,29.64,29.77,16438
XEN.TO,20230303,31.1,31.1,31.07,31.07,3272
XEQT.TO,20230303,25.59,25.81,25.57,25.8,74454
XESG.TO,20230303,24.99,25.19,24.99,25.19,13365
XEU.TO,20230303,26.97,27,26.93,27,10456
XFH.TO,20230303,27.59,27.65,27.59,27.63,7429
XFLB.TO,20230303,49.24,49.24,49.24,49.24,5000
XFN.TO,20230303,47.27,47.57,47.2,47.47,212897
XFR.TO,20230303,20.11,20.12,20.1,20.12,111695
XGB.TO,20230303,18.9,18.98,18.89,18.98,14168
XGD.TO,20230303,17.1,17.21,17.03,17.2,454389
XGI.TO,20230303,42.38,42.58,42.38,42.58,4420
XGRO.TO,20230303,24.14,24.3,24.12,24.3,46781
XHB.TO,20230303,18.5,18.53,18.45,18.53,952
XHC.TO,20230303,64.3,64.68,64.3,64.63,3809
XHD.TO,20230303,30.41,30.72,30.41,30.68,13271
XHU.TO,20230303,28.24,28.38,28.15,28.38,2621
XHY.TO,20230303,15.8,15.95,15.78,15.89,21681
XIC.TO,20230303,32.54,32.91,32.54,32.87,287791
XID.TO,20230303,43.31,43.69,43.31,43.69,697
XIG.TO,20230303,19.66,19.87,19.66,19.85,8140
XIGS.TO,20230303,36.3,36.3,36.3,36.3,200
XIN.TO,20230303,31,31.24,31,31.24,8629
XINC.TO,20230303,18.88,18.88,18.88,18.88,205
XIT.TO,20230303,37.6,38.12,37.39,38.12,9219
XIU.TO,20230303,30.98,31.28,30.94,31.23,1496587
XLB.TO,20230303,19.27,19.42,19.24,19.42,56284
XLVE.TO,20230303,9.56,9.56,9.56,9.56,100
XLY.TO,20230303,0.02,0.02,0.015,0.0175,269817
XMA.TO,20230303,19.01,19.18,19.01,19.16,4383
XMC.TO,20230303,27.3,27.53,27.3,27.52,40159
XMD.TO,20230303,31.01,31.35,31.01,31.33,3208
XMF.PR.C.TO,20230303,1.8,1.8,1.8,1.8,3000
XMH.TO,20230303,24.15,24.17,23.98,24.17,5159
XML.TO,20230303,23.58,23.58,23.58,23.58,242
XMM.TO,20230303,26.35,26.39,26.35,26.39,1300
XMS.TO,20230303,29.99,30.22,29.99,30.22,3000
XMU.TO,20230303,65.05,65.57,65.05,65.56,5550
XMV.TO,20230303,37.72,38,37.72,37.99,3477
XMW.TO,20230303,45.16,45.31,45.16,45.31,800
XPF.TO,20230303,14.78,14.88,14.75,14.88,3813
XQB.TO,20230303,18.31,18.39,18.3,18.36,56332
XQLT.TO,20230303,26.84,26.98,26.84,26.98,1976
XQQ.TO,20230303,93.18,94.61,93.13,94.55,51633
XRB.TO,20230303,22.44,22.82,22.43,22.81,14383
XRE.TO,20230303,17.98,18.09,17.98,18,332097
XSAB.TO,20230303,17.58,17.61,17.56,17.61,2167
XSB.TO,20230303,25.67,25.69,25.65,25.69,44928
XSC.TO,20230303,17.5,17.5,17.5,17.5,2000
XSE.TO,20230303,17.58,17.61,17.58,17.61,943
XSEA.TO,20230303,22.95,22.95,22.95,22.95,1246
XSEM.TO,20230303,18.5,18.5,18.47,18.47,1411
XSH.TO,20230303,17.93,17.96,17.92,17.95,157726
XSHG.TO,20230303,36.92,37.01,36.92,37.01,300
XSMC.TO,20230303,28.15,28.41,28.15,28.41,1027
XSMH.TO,20230303,25.99,26.02,25.93,25.93,405
XSP.TO,20230303,42.43,42.92,42.38,42.88,212959
XST.TO,20230303,85.2,86.06,85.2,86.06,4629
XSTB.TO,20230303,18.78,18.8,18.78,18.8,1225
XSTH.TO,20230303,36.58,36.67,36.58,36.67,400
XSTP.TO,20230303,40.19,40.2,40.15,40.15,3229
XSU.TO,20230303,37.52,37.95,37.4,37.85,13180
XSUS.TO,20230303,29.32,29.5,29.32,29.5,5751
XTC.TO,20230303,7.74,7.94,7.73,7.92,50560
XTD.TO,20230303,4.88,4.92,4.86,4.89,11900
XTG.TO,20230303,1,1.02,1,1.02,48400
XTLH.TO,20230303,38.5,38.96,38.5,38.96,1700
XTR.TO,20230303,10.38,10.47,10.38,10.47,18011
XTRA.TO,20230303,0.73,0.83,0.73,0.83,241256
XUH.TO,20230303,34.29,34.56,34.29,34.55,13450
XUS.TO,20230303,67.68,68.25,67.62,68.23,78116
XUS.U.TO,20230303,50.31,50.92,50.26,50.85,6400
XUSR.TO,20230303,56.85,57.17,56.65,57.17,908
XUT.TO,20230303,27.02,27.4,26.96,27.28,280466
XUU.TO,20230303,41.09,41.32,40.97,41.32,22858
XVLU.TO,20230303,24.35,24.38,24.35,24.37,5950
XWD.TO,20230303,67.89,68.38,67.82,68.38,7975
Y.TO,20230303,13.89,14.06,13.89,13.99,419
YGR.TO,20230303,2.34,2.41,2.34,2.4,168122
YRB.TO,20230303,0.06,0.075,0.06,0.075,548500
ZACE.TO,20230303,30.27,30.27,30.27,30.27,100
ZAG.TO,20230303,13.45,13.52,13.44,13.52,194234
ZBAL.TO,20230303,33.56,33.8,33.56,33.8,9636
ZBK.TO,20230303,30.54,31.01,30.54,30.99,1575
ZCB.TO,20230303,44.92,45,44.92,45,2500
ZCH.TO,20230303,16.03,16.09,16,16.01,3695
ZCLN.TO,20230303,20.51,20.9,20.51,20.82,4020
ZCM.TO,20230303,14.49,14.53,14.49,14.53,6286
ZCN.TO,20230303,27.4,27.72,27.4,27.69,64019
ZCON.TO,20230303,30.91,31.02,30.91,31.02,902
ZCPB.TO,20230303,26.93,26.93,26.93,26.93,1975
ZCS.TO,20230303,13.08,13.11,13.08,13.1,27304
ZCS.L.TO,20230303,21.69,21.71,21.69,21.71,3575
ZDB.TO,20230303,14.36,14.4,14.34,14.4,13213
ZDH.TO,20230303,23.75,23.92,23.75,23.92,321
ZDI.TO,20230303,21.1,21.25,21.1,21.24,13344
ZDJ.TO,20230303,52.26,52.72,52.26,52.72,20520
ZDM.TO,20230303,25.48,25.6,25.48,25.58,43100
ZDV.TO,20230303,19.83,20.03,19.83,19.99,38004
ZDY.TO,20230303,36.36,36.65,36.36,36.65,1544
ZEA.TO,20230303,20.23,20.35,20.23,20.35,7712
ZEAT.TO,20230303,30.75,30.83,30.74,30.76,16402
ZEB.TO,20230303,35.94,36.29,35.94,36.22,1203246
ZEF.TO,20230303,11.71,11.73,11.7,11.72,14701
ZEM.TO,20230303,19.17,19.37,19.17,19.36,15116
ZEO.TO,20230303,61.82,63.28,61.8,63,18963
ZEQ.TO,20230303,28.19,28.23,28.14,28.23,18385
ZESG.TO,20230303,30.94,30.94,30.94,30.94,125
ZFC.TO,20230303,40.19,40.19,40.19,40.19,9500
ZFH.TO,20230303,13.98,13.98,13.98,13.98,150
ZFL.TO,20230303,13.27,13.41,13.27,13.39,18601
ZFM.TO,20230303,14.17,14.24,14.17,14.23,39272
ZFN.TO,20230303,38.56,38.79,38.56,38.79,800
ZFS.TO,20230303,13.25,13.25,13.25,13.25,189
ZGB.TO,20230303,44.63,44.67,44.63,44.67,498
ZGD.TO,20230303,68.8,68.8,68.8,68.8,1400
ZGI.TO,20230303,43.34,43.63,43.34,43.56,3095
ZGRO.TO,20230303,36.31,36.52,36.31,36.52,653
ZGSB.TO,20230303,25.67,25.67,25.67,25.67,100
ZHU.TO,20230303,42.84,42.84,42.84,42.84,300
ZHY.TO,20230303,10.84,10.88,10.82,10.88,9649
ZIC.TO,20230303,16.84,16.86,16.84,16.86,1604
ZID.TO,20230303,37.39,37.6,37.39,37.6,569
ZIN.TO,20230303,36.01,36.01,36.01,36.01,522
ZJG.TO,20230303,65.09,65.1,65.09,65.1,1676
ZJK.TO,20230303,17.13,17.34,17.13,17.34,2795
ZLB.TO,20230303,41.1,41.32,41.06,41.27,36885
ZLC.TO,20230303,14.82,14.95,14.82,14.95,10707
ZLD.TO,20230303,24.7,24.78,24.7,24.78,8000
ZLE.TO,20230303,16.89,16.89,16.89,16.89,225
ZLH.TO,20230303,31.79,31.79,31.58,31.72,2710
ZLI.TO,20230303,22.83,22.83,22.83,22.83,131
ZLU.TO,20230303,47.72,47.77,47.51,47.77,11914
ZLU.U.TO,20230303,35.95,35.95,35.78,35.78,1906
ZMBS.TO,20230303,28.48,28.48,28.48,28.48,3100
ZMI.TO,20230303,15.89,15.89,15.81,15.81,1203
ZMID.TO,20230303,38.71,38.71,38.71,38.71,100
ZMMK.TO,20230303,49.96,49.98,49.95,49.98,89120
ZMP.TO,20230303,13.36,13.38,13.36,13.38,2745
ZMT.TO,20230303,59.25,60,59.15,60,1341
ZMU.TO,20230303,12.37,12.4,12.37,12.4,8909
ZNQ.TO,20230303,53.28,53.94,53.28,53.94,592
ZNQ.U.TO,20230303,26.12,26.36,26.12,26.34,2720
ZPAY.TO,20230303,28.5,28.61,28.5,28.61,8412
ZPAY.F.TO,20230303,26.81,26.91,26.8,26.91,2202
ZPH.TO,20230303,14.2,14.25,14.17,14.25,2243
ZPL.TO,20230303,12.62,12.71,12.59,12.71,9768
ZPR.TO,20230303,9.49,9.52,9.46,9.51,171207
ZPS.TO,20230303,11.94,11.96,11.94,11.96,10000
ZPW.TO,20230303,14.62,14.77,14.62,14.77,4404
ZQQ.TO,20230303,86.2,87.54,86.2,87.47,43179
ZRE.TO,20230303,23.66,23.8,23.66,23.73,19672
ZRR.TO,20230303,14.96,15.14,14.94,15.14,14419
ZSB.TO,20230303,46.54,46.54,46.54,46.54,108
ZSP.TO,20230303,59.83,60.34,59.78,60.34,813806
ZSP.U.TO,20230303,44.06,44.45,43.94,44.43,6003
ZST.TO,20230303,48.61,48.66,48.61,48.66,8800
ZST.L.TO,20230303,55.08,55.08,55.08,55.08,1606
ZSU.TO,20230303,12.92,12.95,12.92,12.95,300
ZTIP.TO,20230303,31.43,31.43,31.43,31.43,500
ZTIP.F.TO,20230303,28.93,29,28.93,29,3200
ZTIP.U.TO,20230303,29.09,29.15,29.09,29.15,5700
ZUAG.F.TO,20230303,29.05,29.23,29.05,29.23,2802
ZUB.TO,20230303,28.79,29.05,28.66,29.04,4084
ZUD.TO,20230303,25.63,25.88,25.63,25.87,1652
ZUE.TO,20230303,56.52,57.11,56.52,57.11,2642
ZUH.TO,20230303,70.15,70.98,69.99,70.98,5170
ZUP.TO,20230303,22.47,22.48,22.47,22.48,2601
ZUQ.TO,20230303,53.5,53.53,53.27,53.53,3113
ZUQ.F.TO,20230303,34.17,34.17,34.16,34.16,200
ZUS.U.TO,20230303,46.75,46.8,46.75,46.78,1703
ZUS.V.TO,20230303,52.41,52.41,52.41,52.41,100
ZUT.TO,20230303,21.79,22.08,21.79,22.02,17947
ZVC.TO,20230303,26.26,26.4,26.26,26.4,1213
ZWA.TO,20230303,23.7,23.9,23.69,23.9,10490
ZWB.TO,20230303,19.05,19.26,19.05,19.25,194316
ZWB.U.TO,20230303,24.15,24.28,24.15,24.28,400
ZWC.TO,20230303,17.8,18,17.8,17.97,71441
ZWE.TO,20230303,19.75,19.8,19.71,19.74,18947
ZWG.TO,20230303,28.25,28.39,28.25,28.39,2603
ZWH.TO,20230303,21.86,21.99,21.83,21.99,19184
ZWH.U.TO,20230303,22.06,22.06,22.06,22.06,1517
ZWK.TO,20230303,26.24,26.69,26.23,26.67,19621
ZWP.TO,20230303,16.92,17.11,16.92,17.09,3354
ZWS.TO,20230303,19.32,19.34,19.29,19.34,3484
ZWT.TO,20230303,26.37,26.49,26.37,26.49,2405
ZWU.TO,20230303,11.21,11.3,11.15,11.27,181492
ZXM.TO,20230303,35.32,35.32,35.32,35.32,636
ZXM.B.TO,20230303,33.63,33.63,33.63,33.63,200
ZZZ.TO,20230303,23.86,25.68,23.86,25.14,137518
ZZZD.TO,20230303,28.16,28.27,28.16,28.27,5167
