<ticker>,<date>,<open>,<high>,<low>,<close>,<vol>
AAB.TO,20241120,0.045,0.045,0.045,0.045,65400
AAV.TO,20241120,8.55,8.69,8.5,8.56,414146
AAV-DB.TO,20241120,101,101,101,101,3000
ABX.TO,20241120,24.37,24.82,24.24,24.76,2737845
AC.TO,20241120,23.5,23.91,23.28,23.4,3780974
ACAA.TO,20241120,21.75,22,21.75,22,600
ACB.TO,20241120,5.95,5.95,5.825,5.83,226076
ACQ.TO,20241120,18.65,18.77,18.38,18.64,29996
ACX.TO,20241120,6.08,6.08,6,6.08,34600
AD-DBA.TO,20241120,101,101,101,101,24000
ACO-Y.TO,20241120,49.55,49.55,49.55,49.55,200
ADCO.TO,20241120,0.175,0.175,0.175,0.175,6630
ACB-WSU.TO,20241120,0.005,0.005,0.005,0.005,300
ADEN.TO,20241120,38.51,38.51,36.97,37.24,91198
ACO-X.TO,20241120,47.74,48.46,47.53,48.38,300558
ADW-A.TO,20241120,4.03,4.04,4,4.04,13613
AEG.TO,20241120,0.37,0.37,0.355,0.36,312250
ADW-B.TO,20241120,4.97,5.05,4.97,4.91,8500
AEM.TO,20241120,113.77,115.305,112.925,115.19,885679
AFN.TO,20241120,51.39,53.45,51.39,52.98,40700
AG.TO,20241120,9.27,9.3,9.03,9.3,532817
AGF-B.TO,20241120,10.85,10.975,10.85,11,80486
AFN-DBI.TO,20241120,128,128,128,129,25000
AGI.TO,20241120,25.95,26.295,25.63,26.26,703513
AGRI-WTU.TO,20241120,0.005,0.005,0.005,0.005,6000
AGG.TO,20241120,19.75,19.75,19.72,19.73,14200
AI.TO,20241120,11.22,11.25,11.15,11.23,150444
AI-DBD.TO,20241120,99.75,100.01,100,99.89,6000
AI-DBF.TO,20241120,96.21,96.75,96.21,96.75,141000
AI-DBG.TO,20241120,95.87,96,95.87,96,85000
AIDX.TO,20241120,1.48,1.48,1.38,1.4,653060
AIF.TO,20241120,55.28,56.75,55.28,56.66,77555
AII.TO,20241120,0.86,0.89,0.83,0.87,284794
AIM.TO,20241120,2.61,2.61,2.53,2.53,21512
AIM-PA.TO,20241120,16.31,16.31,16.3,16.3,7400
AIGO.TO,20241120,23.25,23.25,23.12,23.14,54
AIM-PC.TO,20241120,17.5,17.5,17.5,17.5,100
AKTAF,20241120,1.18,1.2,1.18,1.195,3700
AKT-B.TO,20241120,2.22,2.22,2.22,2.22,200
ALA.TO,20241120,34.22,34.635,34.19,34.62,458340
ALA-PA.TO,20241120,18.46,18.75,18.46,18.75,1425
ALA-PG.TO,20241120,22.56,22.56,22.56,22.56,153
ALA-PB.TO,20241120,20.7,21,20.7,21,462
ALA-PH.TO,20241120,22.5,22.5,22.5,22.5,300
ALS.TO,20241120,26.25,26.29,25.77,26.1,97258
ALC.TO,20241120,15.04,15.19,15.04,15.19,6951
AMAX.TO,20241120,19.94,19.97,19.75,19.965,9506
AMC.TO,20241120,1.71,1.76,1.68,1.76,95964
AMHE.TO,20241120,13.69,13.92,13.69,13.91,6820
AMHE-U.TO,20241120,13.32,13.32,13.32,13.32,104
AMM.TO,20241120,0.07,0.07,0.055,0.055,52010
AMZH.TO,20241120,13.43,13.65,13.41,13.58,12330
AMZH-U.TO,20241120,13.25,13.25,13.25,13.25,200
ALYA.TO,20241120,1.65,1.65,1.62,1.62,23427
ANRG.TO,20241120,0.93,0.95,0.91,0.94,20957
AND.TO,20241120,42.03,42.24,41.9,42.15,20206
AOT.TO,20241120,0.225,0.225,0.205,0.215,4704028
AOI.TO,20241120,1.96,2,1.955,1.96,348270
APLI.TO,20241120,0.035,0.035,0.03,0.03,253714
APR-UN.TO,20241120,11.82,11.89,11.61,11.65,47470
APS.TO,20241120,0.51,0.51,0.5,0.5,4000
AP-UN.TO,20241120,18.09,18.13,17.91,18.06,314147
AQN-PA.TO,20241120,21.74,21.74,21.66,21.74,6006
AQN-PD.TO,20241120,23.02,23.22,23.02,23.15,9800
ARA.TO,20241120,0.43,0.445,0.42,0.42,108300
ARB.TO,20241120,26.19,26.2,26.19,26.19,50
AQN.TO,20241120,6.71,6.71,6.6,6.66,1958055
ARE.TO,20241120,28.52,29.21,28.52,29.1,196014
ARG.TO,20241120,1.71,1.73,1.71,1.73,94499
ARIS.TO,20241120,5.79,5.81,5.71,5.8,220297
ARIS-WTA.TO,20241120,0.45,0.45,0.42,0.43,60000
ARTI.TO,20241120,11.2,11.2,11.17,11.17,48
ARX.TO,20241120,25.7,25.78,25.35,25.57,888059
ASCU.TO,20241120,1.31,1.36,1.31,1.34,120250
ARR.TO,20241120,11.91,11.91,11.91,11.91,900
ASM.TO,20241120,1.63,1.63,1.57,1.63,117109
ASND.TO,20241120,0.05,0.05,0.05,0.05,10000
ASTL.TO,20241120,15.38,15.89,15.38,15.89,33240
ASTL-WT.TO,20241120,2.9,2.95,2.9,2.95,1500
ATD.TO,20241120,78.13,78.4,77.47,77.59,1003083
ATH.TO,20241120,5.07,5.18,5.06,5.15,1283272
ACD.TO,20241120,4.09,4.09,4,4,2100
ATCU.TO,20241120,0.49,0.49,0.49,0.49,818
ATSX.TO,20241120,26.11,26.11,26.11,26.11,100
ATZ.TO,20241120,45.02,45.25,44.56,44.64,149059
ATS.TO,20241120,40.2,41.26,39.75,41,262707
ATRL.TO,20241120,70.89,72.37,69.85,72.14,321924
AVCN.TO,20241120,0.265,0.265,0.23,0.245,30000
AUMN.TO,20241120,0.395,0.405,0.395,0.405,5925
AVL.TO,20241120,0.04,0.045,0.04,0.04,252000
AVNT.TO,20241120,0.65,0.65,0.65,0.65,1533
AW.TO,20241120,37.1,37.1,36.92,36.94,12428
AX-PE.TO,20241120,20.3,20.7,20.3,20.7,5300
AW-UN.TO,20241120,36.46,37.1,36.46,36.93,76741
AX-PI.TO,20241120,21.3,21.75,21.3,21.52,2584
AX-UN.TO,20241120,7.84,7.87,7.74,7.84,117725
AYA.TO,20241120,13.85,13.91,13.06,13.8,1233290
AXIS.TO,20241120,0.005,0.005,0.005,0.005,403000
BABY.TO,20241120,0.025,0.03,0.025,0.025,586201
BABY-WTA.TO,20241120,0.005,0.005,0.005,0.005,1000
BAM.TO,20241120,76.96,77.8,76.76,77.75,730065
BANK.TO,20241120,8.21,8.27,8.15,8.27,122329
BASE-B.TO,20241120,25.63,25.63,25.63,25.63,100
BASE.TO,20241120,24.13,24.2,24.11,24.18,4106
BB.TO,20241120,3.35,3.35,3.26,3.27,1240823
BBD-A.TO,20241120,93,94.49,91.5,94.06,11523
BBD-B.TO,20241120,92.39,94.65,91.65,94.18,370775
BBD-PB.TO,20241120,18.3,18.47,18.23,18.23,2701
BBD-PD.TO,20241120,15.75,15.95,15.51,15.95,3300
BBD-PC.TO,20241120,20.98,20.98,20.9,20.97,4985
BBUC.TO,20241120,37.07,37.07,35.805,36.46,27199
BBU-UN.TO,20241120,34.06,34.25,33.41,33.81,100364
BCE.TO,20241120,38,38.365,37.815,38.14,4394202
BCE-PB.TO,20241120,16.19,16.25,16.19,16.22,3100
BCE-PA.TO,20241120,15.55,15.67,15.55,15.62,6538
BCE-PD.TO,20241120,15.95,16,15.95,16,3000
BCE-PC.TO,20241120,16,16.03,15.89,16,6500
BCE-PE.TO,20241120,15.9,15.97,15.84,15.94,3159
AUGB-F.TO,20241120,46.33,46.33,46.33,46.33,500
BCE-PG.TO,20241120,14.66,14.66,14.59,14.59,1300
BCE-PH.TO,20241120,15.85,15.89,15.85,15.87,12655
BCE-PJ.TO,20241120,15.8,15.88,15.8,15.88,1700
BCE-PF.TO,20241120,15.47,15.7,15.47,15.7,3200
BCE-PL.TO,20241120,15.46,15.46,15.1,15.1,2500
BCE-PK.TO,20241120,14.25,14.37,14.25,14.37,9041
BCE-PN.TO,20241120,15.98,16.44,15.98,16.44,2500
BCE-PQ.TO,20241120,22.06,22.24,22,22.24,5500
BCE-PM.TO,20241120,15.1,15.12,15.1,15.12,1100
BCE-PR.TO,20241120,14.51,14.77,14.51,14.77,2300
BCE-PS.TO,20241120,16,16.55,15.87,16.01,5640
BCE-PY.TO,20241120,15.97,15.97,15.97,15.85,4953
BCE-PZ.TO,20241120,16.45,16.49,16.4,16.45,400
BCE-PI.TO,20241120,14.33,14.49,14.33,14.49,1600
BDGI.TO,20241120,38.66,38.68,37.83,38.5,99842
BCE-PT.TO,20241120,16.2,16.2,15.89,15.75,700
BCT.TO,20241120,0.81,0.82,0.78,0.8,11280
BDIV.TO,20241120,22.27,22.27,22.27,22.27,105
BDI.TO,20241120,8.62,8.89,8.62,8.73,8692
BDT.TO,20241120,28.75,29.45,28.75,29.39,82679
BEK-B.TO,20241120,12.74,12.74,12.56,12.56,452
BEP-PG.TO,20241120,24.27,24.48,24.27,24.48,800
BEP-PM.TO,20241120,21.55,21.76,21.55,21.76,1650
BEI-UN.TO,20241120,69.85,70.8,69.65,70.17,94858
BEP-UN.TO,20241120,34.73,35.37,33.98,35.37,329155
BEPC.TO,20241120,41.71,42.93,40.905,42.91,416252
BEPR-U.TO,20241120,9.72,9.73,9.72,9.73,400
BEPR.TO,20241120,9.21,9.21,9.21,9.21,300
BESG.TO,20241120,16.19,16.21,16.18,16.18,5900
BFIN-U.TO,20241120,24.62,24.62,24.46,24.47,1500
BGC.TO,20241120,34.4,34.4,34.4,34.4,75
BGI-UN.TO,20241120,4.96,5.06,4.95,5.02,9654
BGU.TO,20241120,47.99,47.99,47.84,47.84,1444
BFIN.TO,20241120,25.79,25.79,25.73,25.75,1020
BHC.TO,20241120,11.61,11.65,11.38,11.45,186153
BGU-U.TO,20241120,34.42,34.42,34.41,34.41,200
BIK-PA.TO,20241120,27,27.11,27,27,14800
BIP-PB.TO,20241120,24.77,24.95,24.71,24.95,2485
BIP-PE.TO,20241120,23.48,23.54,23.48,23.54,1700
BIP-PA.TO,20241120,21.7,22.05,21.69,22.05,12950
BIP-PF.TO,20241120,23.16,23.54,23.16,23.4,5800
BIP-UN.TO,20241120,47.58,48.11,46.745,47.91,255339
BIPC.TO,20241120,60.36,60.36,58.1,59.82,156099
BIR.TO,20241120,5.06,5.175,4.97,5,1572490
BITF.TO,20241120,2.98,3.205,2.87,3.11,4068220
BITI.TO,20241120,3.21,3.23,3.125,3.18,196457
BK.TO,20241120,11.7,11.74,11.68,11.71,78484
BK-PA.TO,20241120,10.32,10.43,10.32,10.43,40450
BITI-U.TO,20241120,2.25,2.25,2.25,2.25,3102
BKCL.TO,20241120,19.84,19.98,19.81,19.98,15828
BKI.TO,20241120,0.1,0.105,0.095,0.095,549646
BLB-UN.TO,20241120,8.14,8.14,7.79,7.79,900
BLCK.TO,20241120,32.22,32.29,32.22,32.29,10
BEP-PR.TO,20241120,19.78,19.97,19.6,19.65,4500
BLDP.TO,20241120,1.88,1.91,1.85,1.86,386644
BLCO.TO,20241120,27.47,27.54,27.27,27.31,2104
BKCC.TO,20241120,14.77,14.86,14.77,14.86,17053
BLOV.TO,20241120,23.33,23.33,23.33,23.33,400
BLX.TO,20241120,30.15,30.2,29.5,30,324387
BMAX.TO,20241120,14.05,14.16,14.05,14.15,35972
BMO.TO,20241120,129.17,131.44,128.52,131.41,1635392
BMO-PW.TO,20241120,24.97,24.99,24.97,24.99,300
BMO-PE.TO,20241120,26.24,26.24,26.15,26.19,6711
BN.TO,20241120,77.78,79.51,77.51,79.3,1127773
BMO-PY.TO,20241120,24.4,24.4,24.4,24.4,3300
BN-PFA.TO,20241120,22.9,23.05,22.9,23.05,2853
BN-PFB.TO,20241120,20.5,20.52,20.39,20.51,10915
BN-PFD.TO,20241120,19.39,19.5,19.39,19.5,205
BN-PFE.TO,20241120,18.68,18.68,18.67,18.67,2100
BN-PFC.TO,20241120,19.15,19.23,19.15,19.22,1000
BN-PFF.TO,20241120,20.23,20.23,20.23,20.23,3100
BN-PFH.TO,20241120,24.5,24.7,24.5,24.63,4410
BN-PFG.TO,20241120,19.42,19.5,19.42,19.42,2100
BN-PFI.TO,20241120,22.75,22.9,22.705,22.9,26353
BN-PFJ.TO,20241120,22.96,23.15,22.91,23.15,9859
BN-PFK.TO,20241120,14.48,14.51,14.5,14.5,3300
BN-PFL.TO,20241120,12.77,12.77,12.77,12.77,2000
BN-PC.TO,20241120,11.44,11.5,11.44,11.5,822
BN-PB.TO,20241120,11.54,11.54,11.37,11.5,9665
BN-PK.TO,20241120,11.45,11.52,11.41,11.52,13263
BN-PN.TO,20241120,18.92,19,18.92,19,1100
BN-PM.TO,20241120,18.86,18.9,18.86,18.9,2900
BN-PR.TO,20241120,16.65,16.7,16.63,16.7,62600
BN-PX.TO,20241120,15.71,15.71,15.71,15.71,100
BN-PT.TO,20241120,16.66,16.74,16.62,16.74,12129
BN-PZ.TO,20241120,20.7,20.88,20.69,20.88,1000
BNC.TO,20241120,29.17,29.17,29.17,29.17,300
BNE.TO,20241120,3.44,3.44,3.36,3.41,32038
BNG.TO,20241120,0.01,0.01,0.01,0.01,1000
BND.TO,20241120,17.9,17.9,17.85,17.87,27900
BNK-PA.TO,20241120,10.35,10.35,10.35,10.35,2100
BNK.TO,20241120,12.26,12.33,12.2,12.2,1278
BNKL.TO,20241120,25.71,25.76,25.71,25.76,202
BNS.TO,20241120,77.64,78.58,77.44,78.38,3591875
BNT.TO,20241120,78.56,79.41,77.65,79.44,18688
BOND-B.TO,20241120,20.47,20.47,20.47,20.47,3400
BOND.TO,20241120,19.4,19.5,19.4,19.44,14009
BOS.TO,20241120,4.35,4.35,4.23,4.23,6820
BPF-UN.TO,20241120,17.54,17.6,17.48,17.51,60688
BOND-U.TO,20241120,19.82,19.82,19.82,19.82,60
BPO-PA.TO,20241120,15.47,15.51,15.42,15.42,8000
BPO-PE.TO,20241120,15.65,15.68,15.65,15.68,4700
BPO-PC.TO,20241120,20,20,19.91,19.95,7800
BPO-PG.TO,20241120,16.26,16.26,16.26,16.26,1101
BPO-PI.TO,20241120,15.74,15.76,15.65,15.65,6860
BPO-PN.TO,20241120,13.62,13.66,13.54,13.54,9645
BPO-PP.TO,20241120,13.46,13.64,13.37,13.4,12434
BPO-PT.TO,20241120,16.75,16.8,16.68,16.8,4207
BPO-PR.TO,20241120,14.3,14.31,14.3,14.31,1299
BPO-PX.TO,20241120,9.61,9.7,9.61,9.7,400
BPO-PY.TO,20241120,9.59,9.59,9.59,9.59,100
BPO-PW.TO,20241120,9.49,9.49,9.45,9.45,2700
BPRF.TO,20241120,23.08,23.08,23.08,23.08,17
BPRF-U.TO,20241120,22.9,22.9,22.9,22.9,100
BPS-PA.TO,20241120,24.97,24.97,24.97,24.97,100
BPS-PB.TO,20241120,24.85,24.85,24.84,24.84,1300
BPS-PU.TO,20241120,25.02,25.02,25.02,25.02,100
BPYP-PA.TO,20241120,23.78,23.78,23.1,23.16,658
BR.TO,20241120,1.04,1.05,0.97,1.05,4200
BPS-PC.TO,20241120,24.85,24.85,24.85,24.85,900
BRAG.TO,20241120,4.48,4.75,4.48,4.63,29200
BREA.TO,20241120,28.05,28.32,28.04,28.32,4000
BRE.TO,20241120,14.8,15.22,14.8,15.13,7663
BRF-PB.TO,20241120,18.45,18.45,18.45,18.45,3000
BRF-PA.TO,20241120,18.21,18.4,18.21,18.4,3800
BRF-PC.TO,20241120,22.21,22.23,22.21,22.23,900
BRF-PE.TO,20241120,18.88,18.92,18.87,18.87,4400
BRMI.TO,20241120,0.655,0.7,0.61,0.61,41001
BLN.TO,20241120,6.48,6.49,6.44,6.48,56111
BSKT.TO,20241120,8.705,8.71,8.69,8.69,15942
BRY.TO,20241120,0.205,0.205,0.2,0.2,10253
BTB-UN.TO,20241120,3.62,3.62,3.58,3.6,46232
BTB-DBH.TO,20241120,102.5,102.5,102.01,102.01,31000
BTCC.TO,20241120,17.08,17.57,17.04,17.28,1460419
BTCC-B.TO,20241120,18.2,18.66,18.11,18.31,957223
BTCC-J.TO,20241120,16.18,16.18,16.18,16.18,200
BRF-PF.TO,20241120,18.82,18.85,18.8,18.85,5155
BTCC-U.TO,20241120,16.5,16.94,16.48,16.67,73534
BTCQ.TO,20241120,20.37,20.9,20.3,20.56,23178
BTCQ-U.TO,20241120,14.64,14.95,14.64,14.87,4180
BTCX-B.TO,20241120,18.89,19.37,18.8,19.06,951379
BTCY.TO,20241120,8.38,8.63,8.38,8.5,148167
BTCY-B.TO,20241120,10.14,10.25,9.96,10.17,14158
BTCY-U.TO,20241120,8.25,8.25,8.25,8.25,400
BTE.TO,20241120,4.16,4.23,4.13,4.13,2032425
BTO.TO,20241120,3.98,3.98,3.89,3.92,3166345
BTCX-U.TO,20241120,17.06,17.52,17.04,17.26,61439
BU.TO,20241120,0.145,0.15,0.145,0.15,12000
BUI.TO,20241120,2.88,2.95,2.88,2.95,1715
BYD.TO,20241120,226.33,228.06,220.34,220.61,96825
BYL.TO,20241120,0.46,0.475,0.455,0.475,16100
BYL-DB.TO,20241120,110,0,0,110,0
CACB.TO,20241120,19.98,20.02,19.98,20.02,1200
CAE.TO,20241120,30.96,31.52,30.95,31.37,1268024
BXF.TO,20241120,10.08,10.08,10.08,10.08,210
CAGG.TO,20241120,44.34,44.34,44.33,44.33,200
CAGS.TO,20241120,47.29,47.29,47.29,47.29,1
CAFR.TO,20241120,19.9,19.9,19.9,19.9,300
CALL-B.TO,20241120,18.95,18.98,18.95,18.98,1475
CALL.TO,20241120,14.36,14.41,14.3,14.39,31129
CANL.TO,20241120,25.24,25.45,25.24,25.45,3102
CAPG.TO,20241120,24.9,25.06,24.9,25.04,11979
CAPI.TO,20241120,23.88,23.88,23.88,23.88,4000
CALL-U.TO,20241120,16.36,16.36,16.31,16.31,400
CAPW.TO,20241120,24.91,24.93,24.91,24.93,1700
CAPM.TO,20241120,25.11,25.11,25.11,25.11,12000
CARB.TO,20241120,7.09,7.09,7.09,7.09,100
CARS.TO,20241120,19.46,19.46,19.46,19.46,361
CAR-UN.TO,20241120,44.67,45.02,44.23,44.77,409143
CARS-U.TO,20241120,19.51,19.51,19.51,19.51,1100
CARS-B.TO,20241120,23.79,23.79,23.79,23.79,16
CASH.TO,20241120,50.09,50.1,50.09,50.1,350159
CBAL.TO,20241120,23,23,23,23,1000
CBCX.TO,20241120,36.98,38.12,36.94,38.12,1148
CAS.TO,20241120,11.01,11.24,11.01,11.08,71306
CBGR.TO,20241120,23.81,23.81,23.81,23.81,70
CBIN.TO,20241120,22.12,22.12,22.12,22.12,72
CBH.TO,20241120,17.73,17.75,17.73,17.73,6302
CBND.TO,20241120,9.15,9.15,9.14,9.14,900
CBIL.TO,20241120,50.05,50.06,50.05,50.05,55561
CBUG.TO,20241120,27.47,27.47,27.41,27.45,13200
CCA.TO,20241120,68.38,69.43,68.3,69.23,20455
CBO.TO,20241120,18.22,18.22,18.2,18.2,1110
CCBI.TO,20241120,18.1,18.1,18.1,18.1,2600
CCBD.TO,20241120,19.06,19.06,19.06,19.06,100
CCL-A.TO,20241120,77,77,77,77,100
CCEI.TO,20241120,26.86,27.02,26.86,27.02,620
CCL-B.TO,20241120,76,76.33,75.39,76.11,417477
CCM.TO,20241120,0.3,0.3,0.3,0.3,21000
CCNS.TO,20241120,18.23,18.23,18.22,18.22,6000
CBNK.TO,20241120,8.3,8.5,8.3,8.5,860
CCOM.TO,20241120,19.03,19.03,19.03,19.03,144
CCRE.TO,20241120,17.96,17.97,17.88,17.92,81500
CCS-PC.TO,20241120,21,21,20.8,20.8,2372
CDEF.TO,20241120,11.34,11.34,11.34,11.34,200
CDIV.TO,20241120,14.94,15.05,14.915,15.05,3233
CCNV.TO,20241120,21.19,21.2,21.19,21.19,60
CCO.TO,20241120,78.63,80.7,77.97,80.22,1315499
CDR.TO,20241120,2.09,2.1,2.02,2.07,27602
CDZ.TO,20241120,36.52,36.76,36.44,36.76,10015
CDNA.TO,20241120,17.5,17.57,17.5,17.53,10000
CEE.TO,20241120,2.61,2.61,2.58,2.58,3099
CEF-U.TO,20241120,24.55,24.55,24.55,24.55,100
CEMI.TO,20241120,19.26,19.26,19.26,19.26,3800
CEMX.TO,20241120,0.265,0.265,0.24,0.26,176600
CEQT.TO,20241120,25.24,25.34,25.24,25.34,200
CEF.TO,20241120,34.35,34.35,34.25,34.3,152824
CEU.TO,20241120,8.87,9.085,8.76,9,694338
CF.TO,20241120,10.32,10.42,10.22,10.4,45000
CEW.TO,20241120,20.75,20.89,20.75,20.89,4418
CF-PC.TO,20241120,21.6,21.6,21.58,21.58,100
CF-PA.TO,20241120,16.2,16.2,16.2,16.2,600
CFF.TO,20241120,0.39,0.39,0.37,0.37,15500
CFP.TO,20241120,17.23,17.45,16.98,17.13,103804
CFLX.TO,20241120,17.1,17.1,17.07,17.1,72900
CFW.TO,20241120,3.86,4,3.86,3.94,52210
CFX.TO,20241120,0.85,0.86,0.84,0.86,39200
CFRT.TO,20241120,20.77,20.77,20.77,20.77,5
CGAA.TO,20241120,27.48,27.48,27.48,27.48,100
CDLB.TO,20241120,16.77,16.77,16.77,16.77,155
CG.TO,20241120,8.43,8.48,8.34,8.43,754399
CGDV-B.TO,20241120,23.32,23.32,23.32,23.32,36
CGBI.TO,20241120,17.61,17.61,17.6,17.6,915
CGHY.TO,20241120,10.33,10.33,10.33,10.33,100
CGG.TO,20241120,6.7,6.99,6.7,6.99,29076
CGHY-U.TO,20241120,10.38,10.38,10.38,10.38,100
CGIN.TO,20241120,21.27,21.27,21.2,21.2,2363
CGL.TO,20241120,20.79,20.89,20.77,20.89,84637
CGDV.TO,20241120,22.53,22.53,22.53,22.53,1200
CGLO.TO,20241120,29.79,29.94,29.79,29.93,2805
CGO.TO,20241120,60.36,61.34,60.2,60.98,19909
CGQD-B.TO,20241120,21.29,21.3,21.26,21.26,2150
CGR.TO,20241120,31.14,31.42,31.14,31.38,5069
CGL-C.TO,20241120,31.02,31.04,30.95,31.04,16380
CGRB.TO,20241120,21.5,21.5,21.5,21.5,500
CGRA.TO,20241120,22.58,22.58,22.58,22.58,1600
CGRE.TO,20241120,21.92,21.93,21.91,21.91,3200
CGRB-U.TO,20241120,21.4,21.4,21.4,21.4,100
CGRN-U.TO,20241120,21.9,22.3,21.9,22.3,2200
CGRO.TO,20241120,24.32,24.32,24.3,24.3,28
CGRN.TO,20241120,21.78,21.78,21.78,21.78,2000
CGX-DBB.TO,20241120,119.3,119.3,119.3,119.3,14000
CGX.TO,20241120,10.02,10.13,9.94,10.05,290528
CGXF-U.TO,20241120,8.29,8.29,8.25,8.26,6908
CGXF.TO,20241120,10.94,11.01,10.885,11.01,7772
CGY.TO,20241120,48.5,48.5,47.61,47.88,14583
CHE-DBG.TO,20241120,120,120.1,120,120.1,1042000
CHE-UN.TO,20241120,11.54,11.63,11.48,11.5,277285
CHE-DBH.TO,20241120,109,109,106.77,106.77,34000
CHP-UN.TO,20241120,13.77,13.89,13.67,13.87,389181
CHNA-B.TO,20241120,23.2,23.2,23.2,23.2,15
CHPS.TO,20241120,37.2,37.55,37.1,37.53,10680
CHPS-U.TO,20241120,26.54,26.54,26.54,26.54,125
CHR-DBB.TO,20241120,100.75,100.75,100.25,100.25,9000
CHR.TO,20241120,3.18,3.32,3.17,3.32,458120
CIA.TO,20241120,5.03,5.07,5,5.05,1102271
CHR-DBC.TO,20241120,100.5,100.5,100.5,100.5,30000
CIBR.TO,20241120,49.6,50.11,49.6,50.11,4700
CIAI.TO,20241120,24.65,25.12,24.65,25.12,39092
CIEH.TO,20241120,20.76,20.76,20.76,20.76,100
CIC.TO,20241120,12.085,12.085,12.08,12.08,2405
CIEM.TO,20241120,19.38,19.45,19.38,19.42,5700
CIEI.TO,20241120,23.26,23.26,23.26,23.26,25700
CIF.TO,20241120,49.1,49.75,49.07,49.72,16708
CIEM-U.TO,20241120,19.71,19.73,19.71,19.73,3200
CINF.TO,20241120,27.15,27.28,27.15,27.28,200
CIGI.TO,20241120,199.07,203.31,199.07,200.71,40037
CINV.TO,20241120,26.01,26.01,26.01,26.01,100
CINT.TO,20241120,22.67,22.87,22.67,22.84,31900
CIU-PA.TO,20241120,19.18,19.2,18.94,18.94,20
CIU-PC.TO,20241120,14.4,14.4,14.4,14.4,2600
CINV-U.TO,20241120,25.96,25.96,25.84,25.84,3900
CJ.TO,20241120,6.43,6.51,6.425,6.49,425876
CIX.TO,20241120,23.75,24.09,23.65,24,209009
CGI.TO,20241120,40.72,40.72,40.35,40.35,3940
CJR-B.TO,20241120,0.11,0.115,0.11,0.11,466387
CJT-DBF.TO,20241120,100.1,100.2,100.07,100.08,93000
CKI.TO,20241120,23.6,23.6,23.6,23.6,100
CLG.TO,20241120,17.17,17.17,17.14,17.14,9454
CLML.TO,20241120,33.7,33.7,33.7,33.7,1
CLML-U.TO,20241120,33.98,33.98,33.98,33.98,1
CLS.TO,20241120,117.25,121.96,116.77,121.18,558250
CJT.TO,20241120,126.3,127.48,124.99,126.82,54040
CM-PP.TO,20241120,24.77,24.77,24.77,24.77,400
CM.TO,20241120,89.24,90.03,88.86,89.85,1444571
CM-PS.TO,20241120,25.05,25.1,25.05,25.06,4400
CLF.TO,20241120,17.28,17.29,17.26,17.26,5360
CMAG.TO,20241120,35.96,36.75,35.96,36.75,7138
CMAR.TO,20241120,18.12,18.12,18.12,18.12,20
CMAR-U.TO,20241120,18.48,18.48,18.48,18.48,300
CMAG-U.TO,20241120,27.32,27.32,27.32,27.32,200
CM-PQ.TO,20241120,24.45,24.5,24.45,24.5,1035
CMDO.TO,20241120,19.42,19.45,19.42,19.45,3100
CMCX-U.TO,20241120,10.85,10.85,10.84,10.85,25
CMCX-B.TO,20241120,14.49,14.49,14.31,14.49,4285
CMDO-U.TO,20241120,19.72,19.71,19.69,19.71,711
ACD-DB.TO,20241120,96.78,0,0,106,0
CMG.TO,20241120,10.21,10.21,9.825,10.07,186059
CMGG-U.TO,20241120,32.5,32.5,32.5,32.5,100
CMGG.TO,20241120,31.55,32.05,31.55,32.05,3740
CMOM.TO,20241120,26.55,26.55,26.51,26.51,200
CMOM-B.TO,20241120,27.97,27.97,27.97,27.97,1600
CMNY.TO,20241120,50.21,50.22,50.21,50.22,800
CMEY.TO,20241120,19.63,19.63,19.63,19.63,40
CMVX.TO,20241120,29.24,29.24,29.24,29.24,1
CNCC.TO,20241120,12.54,12.59,12.53,12.59,3608
CNCL.TO,20241120,20.4,20.48,20.4,20.48,1272
CNAO.TO,20241120,28.41,28.41,28.38,28.38,5300
CNDX.TO,20241120,27.96,28.15,27.88,28.15,2500
CNE.TO,20241120,3.03,3.46,3.03,3.41,75199
CNL.TO,20241120,4.81,5,4.81,4.85,97040
CNQ.TO,20241120,46.8,47.28,46.42,47.04,7225163
CNR.TO,20241120,150.9,151.43,148.63,149.08,1106140
COG.TO,20241120,0.385,0.445,0.385,0.445,37212
COP-U.TO,20241120,7.15,7.35,7.15,7.35,2500
COP-UN.TO,20241120,10.05,10.7,10,10.29,6077
CNT.TO,20241120,0.025,0.025,0.025,0.025,4000
COPR.TO,20241120,0.31,0.33,0.305,0.305,453796
COPP.TO,20241120,34.4,34.5,34.4,34.5,362
COMM.TO,20241120,39.04,39.35,39,39.35,2212
CP.TO,20241120,102.76,103.53,101.76,103.07,1276569
COW.TO,20241120,65.26,65.42,65.19,65.19,1905
CPH.TO,20241120,14.5,14.69,14.25,14.65,36053
CPLS.TO,20241120,17.87,17.87,17.87,17.87,100
CPX.TO,20241120,58.38,59.59,58.19,59.42,279750
CPX-PA.TO,20241120,15.7,15.85,15.7,15.85,650
CORE.TO,20241120,20.01,20.01,20.01,20.01,3800
CPX-PE.TO,20241120,23.51,23.51,23.4,23.46,800
CR.TO,20241120,7.26,7.5,7.26,7.4,2285609
CPX-PC.TO,20241120,24.4,24.55,24.4,24.47,3000
CRED.TO,20241120,20.17,20.17,20.17,20.17,1900
CRON.TO,20241120,2.83,2.86,2.805,2.83,104849
CROP.TO,20241120,18.72,18.79,18.72,18.79,3831
CRDL.TO,20241120,2.53,2.53,2.25,2.29,195339
CRP.TO,20241120,3.23,3.23,3.06,3.12,6900
CROP-U.TO,20241120,20.78,20.78,20.78,20.78,11
CRRX.TO,20241120,1.8,1.81,1.8,1.81,8300
CRR-UN.TO,20241120,14.41,14.47,14.25,14.36,167193
CRWN.TO,20241120,1.04,1.27,1,1.27,3800
CRWN-NT.TO,20241120,50,50,50,50,22000
CRT-UN.TO,20241120,15.07,15.19,14.97,15.18,78288
CSAV.TO,20241120,50.14,50.14,50.13,50.135,30044
CS.TO,20241120,9.88,10.245,9.87,10.2,2385860
CPD.TO,20241120,12.13,12.23,12.13,12.21,32626
CSBI.TO,20241120,20.51,20.51,20.51,20.51,2100
CSH-UN.TO,20241120,16.14,16.225,15.85,16.14,293963
CSCI.TO,20241120,4.03,4.47,4.03,4.18,6160
CSU-DB.TO,20241120,114.76,0,0,127.5,0
CSE-PA.TO,20241120,14.5,14.5,14.5,14.5,60
CSW-B.TO,20241120,12.35,12.5,12.27,12.33,8204
CSW-A.TO,20241120,12.49,12.54,12.45,12.5,18169
CTC.TO,20241120,222.25,222.25,222.25,222.25,200
BSX.TO,20241120,0.05,0.05,0.05,0.05,87500
CSU.TO,20241120,4400,4490.97,4398.9,4436.1,19356
CTC-A.TO,20241120,151.46,152.2,150.52,152.14,165424
CU.TO,20241120,35,35.53,34.74,35.46,446734
CTX.TO,20241120,0.58,0.58,0.58,0.58,2000
CTF-UN.TO,20241120,2.79,2.79,2.69,2.72,800
CU-PD.TO,20241120,20.1,20.17,20.1,20.12,2500
CU-PE.TO,20241120,20.1,20.13,20.1,20.1,2300
CU-PC.TO,20241120,20.6,20.6,20.54,20.55,2000
CU-PG.TO,20241120,18.58,18.58,18.58,18.58,2700
CU-PH.TO,20241120,21.65,21.74,21.65,21.74,3000
CU-PF.TO,20241120,18.62,18.62,18.62,18.62,300
CU-PJ.TO,20241120,19.5,19.5,19.32,19.35,6214
CTS.TO,20241120,3.55,3.55,3.36,3.36,697370
CUBD.TO,20241120,20.42,20.42,20.42,20.42,300
CUDV.TO,20241120,24.12,24.12,24.12,24.12,60
CUEH.TO,20241120,23.89,24.14,23.88,24.14,3035
CUD.TO,20241120,55.61,55.66,55.59,55.59,926
CUP-RTU.TO,20241120,0.005,0.005,0.005,0.005,20001
CUP-U.TO,20241120,13.61,13.73,13.6,13.73,10200
CU-PI.TO,20241120,24.19,24.26,24.19,24.25,12233
CUTL.TO,20241120,22.59,22.59,22.59,22.59,89
CUTL-B.TO,20241120,22.46,22.46,22.46,22.46,1200
CVE.TO,20241120,22.16,22.51,21.97,22.42,4287902
CURA.TO,20241120,3,3.01,2.8,2.9,615535
CVE-PB.TO,20241120,19.18,19.18,19.18,19.18,400
CVD.TO,20241120,17.47,17.47,17.47,17.47,228
CVE-PE.TO,20241120,24.5,24.5,24.5,24.5,195
CVE-PG.TO,20241120,24.6,24.6,24.6,24.6,1800
CVE-PC.TO,20241120,24.55,24.7,24.55,24.7,9742
CVE-PA.TO,20241120,18.04,18.25,18.04,18.23,5700
CVE-WT.TO,20241120,15.78,15.89,15.76,15.87,3301
CVLU.TO,20241120,23.92,23.92,23.92,23.92,65
CVLU-B.TO,20241120,24.59,24.64,24.59,24.64,1073
CVG.TO,20241120,68.95,69,68.95,68.95,400
CVO.TO,20241120,6.74,7.1,6.65,7,125067
CWB.TO,20241120,57.8,58.795,57.8,58.77,153433
CWB-PD.TO,20241120,27.22,27.56,27.22,27.5,8732
CWB-PB.TO,20241120,25.16,25.25,25.16,25.16,2100
CWL.TO,20241120,1.11,1.11,1.07,1.07,6010
CWEB.TO,20241120,0.185,0.19,0.185,0.19,5300
CXB.TO,20241120,2.27,2.29,2.235,2.28,1412264
CXF.TO,20241120,10.11,10.11,10.11,10.11,600
CXI.TO,20241120,23.5,23.55,22.74,23.55,713
CYB.TO,20241120,75.72,75.72,74.35,74.69,5019
CWW.TO,20241120,59.28,59.28,59.03,59.28,1924
CYBR-B.TO,20241120,60.51,60.51,60.51,60.51,115
CYBR-U.TO,20241120,59.4,59.4,59.4,59.4,15
CYH.TO,20241120,22.26,22.26,22.26,22.26,1910
CYBR.TO,20241120,50.39,50.92,50.39,50.92,783
CUEI.TO,20241120,32.51,32.7,32.48,32.67,10452
D-UN.TO,20241120,19.65,19.74,19.43,19.43,9861
DAMG.TO,20241120,20.64,20.64,20.64,20.64,200
DANC.TO,20241120,22.71,22.72,22.71,22.72,750
DANC-U.TO,20241120,20.86,20.86,20.86,20.86,100
DAY.TO,20241120,103.38,104.81,101.96,104.355,15628
DBM.TO,20241120,9.1,9.35,9.07,9.29,228511
DATA-B.TO,20241120,29.98,29.98,29.98,29.98,200
DATA.TO,20241120,26.79,27.29,26.79,27.29,1380
DC-A.TO,20241120,1.8,1.8,1.69,1.78,61190
DC-PD.TO,20241120,24.99,24.99,24.99,24.99,15000
DCBC.TO,20241120,20.87,20.87,20.87,20.87,200
DBO.TO,20241120,0.125,0.135,0.125,0.13,188080
DCC.TO,20241120,18.84,18.84,18.84,18.84,2000
DCBO.TO,20241120,65.01,66.92,64.99,66.39,44848
DCM.TO,20241120,1.83,1.9,1.79,1.81,167742
DCS.TO,20241120,18.85,18.85,18.85,18.85,300
DCU.TO,20241120,17.865,17.865,17.83,17.83,8500
DCG.TO,20241120,18.21,18.21,18.21,18.21,500
DCP.TO,20241120,18.89,18.91,18.89,19.08,3382
DF.TO,20241120,6.33,6.39,6.31,6.37,28636
DFN-PA.TO,20241120,10.51,10.51,10.46,10.49,205320
DFN.TO,20241120,6.3,6.37,6.29,6.37,254046
DGR.TO,20241120,48.19,48.19,48.12,48.15,1197
DFY.TO,20241120,56.74,58.8,56.58,57.6,200971
DGR-B.TO,20241120,55.37,55.43,55.07,55.26,1608
DGRC.TO,20241120,39.84,40.06,39.84,40.06,6155
DGS.TO,20241120,7.08,7.1,7.05,7.08,56926
DGR-U.TO,20241120,22.33,22.33,22.33,22.33,800
DHT-U.TO,20241120,9.2,9.2,9.19,9.2,1100
DGS-PA.TO,20241120,10.47,10.53,10.47,10.52,32100
DIAM.TO,20241120,0.03,0.035,0.03,0.035,63740
DII-A.TO,20241120,4,4,3.99,3.99,1300
DII-B.TO,20241120,3.98,3.98,3.81,3.91,26975
DHT-UN.TO,20241120,13,13.03,12.88,12.98,13449
DISC.TO,20241120,41.31,41.65,41.31,41.65,1600
DIR-UN.TO,20241120,12.8,12.83,12.66,12.77,312787
DIV-DBA.TO,20241120,100,100,100,100,25000
DIV.TO,20241120,3,3,2.97,2.98,208125
DIVS.TO,20241120,16.05,16.05,16.05,16.05,900
DLR.TO,20241120,14.3,14.3,14.26,14.27,646684
DLCG.TO,20241120,5.72,5.97,5.72,5.89,8000
DMEC.TO,20241120,23.01,23.17,23.01,23.17,24664
DLR-U.TO,20241120,10.22,10.22,10.21,10.21,549205
DMEU.TO,20241120,23.74,23.86,23.74,23.86,44441
DMEI.TO,20241120,20.38,20.41,20.3,20.39,21659
DND.TO,20241120,16.61,18.11,16.61,17.99,242102
DML.TO,20241120,3.17,3.33,3.12,3.29,3510845
DNTL.TO,20241120,9.25,9.3,8.8,9.19,983884
DOL.TO,20241120,147.62,149.33,147.32,148.75,373770
DOO.TO,20241120,67.41,68.12,66.77,67.88,146721
DNG.TO,20241120,5.55,5.69,5.54,5.66,69887
DR.TO,20241120,15.62,15.96,15.62,15.73,81975
DRCU.TO,20241120,18.76,18.76,18.76,18.76,200
DRFC.TO,20241120,32.37,32.54,32.26,32.49,1700
DPM.TO,20241120,12.84,12.84,12.61,12.76,613748
DRFD.TO,20241120,23.28,23.28,23.28,23.28,127
DRFE.TO,20241120,23.05,23.1,23.04,23.1,1800
DRFU.TO,20241120,37.25,37.25,37.12,37.19,2
DRM.TO,20241120,24.74,25.95,24.57,25.19,170333
DRFG.TO,20241120,30.89,30.92,30.83,30.92,500
DRMC.TO,20241120,31.96,31.96,31.96,31.96,125
DRMD.TO,20241120,24.88,24.89,24.88,24.89,200
DF-PA.TO,20241120,10.5,10.5,10.48,10.48,13883
DRME.TO,20241120,18.09,18.09,18.09,18.09,168
DRR-U.TO,20241120,7,7,7,7,1520
DRR-UN.TO,20241120,9.6,9.6,9.6,9.6,100
DRT.TO,20241120,0.96,0.96,0.92,0.92,20700
DRMU.TO,20241120,44.02,44.02,44.02,44.02,113
DRT-DB.TO,20241120,89.8,89.8,89.8,89.8,15000
DRX.TO,20241120,9.25,9.91,9.09,9.68,117505
DRT-DBA.TO,20241120,88.5,88.5,88.5,88.5,23000
DS.TO,20241120,6.77,6.77,6.7,6.72,3103
DSG.TO,20241120,156.74,159.23,156.63,158.69,82951
DSV.TO,20241120,0.92,0.92,0.85,0.86,302964
DSAE.TO,20241120,25.86,25.86,25.86,25.86,100
DXAU.TO,20241120,23.68,23.68,23.68,23.68,700
DXB.TO,20241120,17.8,17.82,17.8,17.82,500
DXBC.TO,20241120,21.71,21.71,21.66,21.66,3600
DXBU.TO,20241120,21.79,21.79,21.79,21.79,1800
DXC.TO,20241120,38.07,38.3,38.07,38.295,7066
DXDB.TO,20241120,21.17,21.21,21.17,21.185,10000
DXEM.TO,20241120,13.05,13.05,13.05,13.05,335
DXET.TO,20241120,18.58,18.58,18.48,18.48,3
DTOL.TO,20241120,14.85,14.85,14.79,14.79,201
DXG.TO,20241120,65.62,67.05,65.6,67,8741
DXF.TO,20241120,45.6,45.63,45.59,45.63,2500
DXIF.TO,20241120,24.61,24.61,24.61,24.61,20
DXGE.TO,20241120,24.27,24.27,24.26,24.26,9500
DXMO.TO,20241120,20.1,20.14,20.05,20.11,18000
DXO.TO,20241120,19.54,19.55,19.53,19.53,4200
DXP.TO,20241120,22.19,22.36,22.2,22.32,13312
DXQ.TO,20241120,25.33,25.54,25.33,25.54,33490
DXR.TO,20241120,22.93,22.93,22.93,22.93,7
DXRE.TO,20241120,22.27,22.27,22.27,22.27,600
DXT.TO,20241120,6.46,6.61,6.46,6.61,21164
DXN.TO,20241120,21.32,21.51,21.32,21.51,500
DXUS.TO,20241120,29.51,29.67,29.5,29.67,9890
DXU.TO,20241120,62.21,63.45,62.21,63.58,980
DXV.TO,20241120,19.65,19.66,19.64,19.65,14057
DXW.TO,20241120,21.66,21.82,21.66,21.82,5500
DXUS-U.TO,20241120,20.39,20.39,20.39,20.39,100
DYA.TO,20241120,0.205,0.21,0.2,0.2,7040
DXZ.TO,20241120,14.02,14.02,13.99,13.99,800
CMR.TO,20241120,50.14,50.14,50.13,50.135,42227
E.TO,20241120,1.87,1.9,1.86,1.87,93580
EBIT.TO,20241120,45.88,47.05,45.7,46.26,212338
EBIT-U.TO,20241120,32.89,33.53,33.06,33.06,697
EBNK.TO,20241120,11.18,11.18,11.18,11.18,106
EARN.TO,20241120,48.86,48.86,48.86,48.86,79
EBNK-B.TO,20241120,10.71,10.73,10.71,10.78,2135
ECN.TO,20241120,2.84,2.95,2.82,2.9,240287
EAGR.TO,20241120,0.67,0.67,0.65,0.67,69400
ECN-DBA.TO,20241120,91.54,91.54,91.52,91.52,25000
ECN-DBB.TO,20241120,92.96,92.96,90.2,90.2,10000
ECN-PC.TO,20241120,21.21,21.21,21.21,21.21,252
ECO.TO,20241120,4,4.01,3.94,3.96,2306
ECOR.TO,20241120,1.15,1.2,1.15,1.2,81973
EDGE.TO,20241120,40.12,40.12,38.61,38.89,2570
EDGE-U.TO,20241120,20.07,20.07,20.07,20.07,100
EDGF.TO,20241120,10.59,10.59,10.52,10.57,1316
EDR.TO,20241120,6.92,6.93,6.73,6.89,441348
EDT.TO,20241120,0.54,0.55,0.54,0.54,19979
EDV.TO,20241120,27.99,28.27,27.9,28.08,344515
EFN.TO,20241120,28.06,28.99,28.06,28.84,1025227
EFN-PE.TO,20241120,24.99,24.99,24.99,24.99,2600
EFR.TO,20241120,10.24,10.24,10,10.11,530416
EFX.TO,20241120,12.28,12.51,12.11,12.25,764289
ECN-DB.TO,20241120,98,98.75,98,98.75,148000
EGIF.TO,20241120,22.61,22.61,22.61,22.61,50
EHE.TO,20241120,31.16,31.16,31.16,31.16,200
EGLX.TO,20241120,0.175,0.175,0.165,0.17,201518
EIF.TO,20241120,55.75,55.8,55.16,55.42,90792
EIF-DBJ.TO,20241120,97.5,0,0,97.5,0
EIF-DBL.TO,20241120,111,111,110.5,110.75,53000
EIT-PA.TO,20241120,25.24,25.24,25.24,25.24,100
EIT-PB.TO,20241120,25.21,25.21,25.21,25.21,800
EIT-UN.TO,20241120,15.5,15.595,15.49,15.58,205410
ELEF.TO,20241120,0.49,0.5,0.475,0.49,11303
ELF.TO,20241120,1475,1475,1475,1475,102
ELF-PF.TO,20241120,21.1,21.1,21.1,21.1,500
ELD.TO,20241120,22.76,22.82,22.36,22.79,294912
ELF-PH.TO,20241120,22,22,21.99,22,3200
ELO.TO,20241120,0.9,0.9,0.85,0.87,33350
ELR.TO,20241120,0.175,0.18,0.175,0.18,30000
ELVA.TO,20241120,3.37,3.38,3.1,3.2,19015
EBNK-U.TO,20241120,9.61,9.66,9.61,9.66,200
EMA-PA.TO,20241120,15.45,15.45,15.45,15.45,1
EMA-PB.TO,20241120,16.72,16.9,16.72,16.9,1900
EMA-PC.TO,20241120,22.6,22.7,22.6,22.6,13
EMA-PE.TO,20241120,18.4,18.4,18.18,18.39,1200
EMA-PF.TO,20241120,19.42,19.65,19.4,19.65,3625
EMA-PH.TO,20241120,22.9,22.9,22.66,22.66,5100
EMA-PJ.TO,20241120,21.25,21.28,21.25,21.28,700
ELF-PG.TO,20241120,19.26,19.26,19.25,19.25,600
EMA.TO,20241120,51.11,51.95,50.84,51.92,1195456
EMP-A.TO,20241120,40.66,40.9,40.23,40.56,288419
EMV-B.TO,20241120,29.39,29.57,29.39,29.54,829
EMAX.TO,20241120,16.21,16.29,16.17,16.17,14023
ENB-PFA.TO,20241120,19.01,19.05,19.01,19.05,2700
ENB-PFC.TO,20241120,18.2,18.35,18.2,18.35,12394
ENB-PFE.TO,20241120,17.94,18.05,17.87,17.92,8800
EMA-PL.TO,20241120,18.6,18.6,18.6,18.6,3200
ENB-PFK.TO,20241120,23.15,23.15,23.05,23.05,4700
ENB-PFU.TO,20241120,22.09,22.09,22.09,22.09,100
ENB-PFV.TO,20241120,24,24,23.99,23.99,4500
ENB-PA.TO,20241120,22.18,22.2,21.56,21.85,13490
ENB-PB.TO,20241120,17.53,17.57,17.52,17.56,6504
ENB-PD.TO,20241120,17.97,17.97,17.83,17.84,6000
ENB-PF.TO,20241120,18.53,18.53,18.3,18.4,4512
ENB.TO,20241120,59.51,60.18,59.25,59.95,28749221
ENB-PG.TO,20241120,22.8,22.8,22.15,22.15,1100
ENB-PH.TO,20241120,19.8,19.92,19.8,19.92,13825
ENB-PFG.TO,20241120,17.77,17.91,17.76,17.84,3499
ENB-PI.TO,20241120,24.09,26,24.09,24.45,938
ENB-PJ.TO,20241120,19.33,19.47,19.33,19.47,30300
ENB-PN.TO,20241120,21.38,21.38,21.26,21.26,17326
ENB-PP.TO,20241120,19.27,19.28,19.19,19.25,12767
ENB-PV.TO,20241120,23.85,23.99,23.85,23.89,1800
ENB-PY.TO,20241120,17.66,17.66,17.55,17.62,3053
ENB-PZ.TO,20241120,18.1,18.1,18.1,18.1,200
ENCC.TO,20241120,11.4,11.44,11.33,11.44,57088
ENCL.TO,20241120,20.35,20.4,20.2,20.39,90484
ENI-UN.TO,20241120,1.74,1.74,1.74,1.74,100
ENS.TO,20241120,13.49,13.57,13.35,13.56,55030
ENS-PA.TO,20241120,10.85,10.85,10.84,11.05,20400
ENB-PT.TO,20241120,20.08,20.15,20.08,20.1,5250
EPRX-WT.TO,20241120,0.3,0.3,0.3,0.3,2000
EQB.TO,20241120,108.46,108.46,107,108.29,54315
EQB-PC.TO,20241120,24.99,25,24.99,25,2
EPRX.TO,20241120,4.31,4.6,4.3,4.6,31435
EQCL.TO,20241120,22.4,22.45,22.24,22.42,5319
EQL.TO,20241120,38.25,38.49,38.23,38.415,30232
EQL-F.TO,20241120,31.87,32.07,31.84,32.02,21425
EQL-U.TO,20241120,27.32,27.53,27.32,27.46,1200
EQLI.TO,20241120,21.75,21.76,21.68,21.72,31350
EQCC.TO,20241120,20.52,20.52,20.51,20.51,10
EQY.TO,20241120,21.93,21.93,21.93,21.93,100
ERD.TO,20241120,0.61,0.62,0.61,0.62,103965
ERE-UN.TO,20241120,3.58,3.58,3.54,3.57,124318
ERO.TO,20241120,22.1,22.57,21.96,22.49,190551
EQX.TO,20241120,7.7,7.71,7.51,7.68,556244
ESG-F.TO,20241120,39.84,39.84,39.73,39.77,800
ESGA.TO,20241120,40.16,40.17,40.16,40.17,4600
ESG.TO,20241120,43.25,43.62,43.25,43.61,2561
ESGC.TO,20241120,28.6,28.6,28.6,28.6,353
ESGE.TO,20241120,33.85,33.85,33.82,33.85,2435
ESGB.TO,20241120,27.61,27.66,27.61,27.66,200
ESGG.TO,20241120,49.5,49.63,49.5,49.63,310
ESGF.TO,20241120,24.21,24.21,24.21,24.21,100
ESGH.TO,20241120,29.08,29.08,29.08,29.08,200
ESGH-F.TO,20241120,25.89,25.89,25.89,25.89,2373
ESGY-F.TO,20241120,44.65,44.65,44.65,44.65,100
ESI.TO,20241120,3.02,3.03,2.95,2.99,60257
ESM.TO,20241120,0.04,0.045,0.04,0.045,1
ESP.TO,20241120,6.24,6.45,6.23,6.25,14661
ESP-PA.TO,20241120,10.6,10.6,10.6,10.6,200
ESPX.TO,20241120,25.15,25.38,25.15,25.35,1689
ESPX-B.TO,20241120,27.3,27.3,27.3,27.3,211
ESPX-U.TO,20241120,25.36,25.36,25.36,25.36,184
ET.TO,20241120,12.23,12.23,12,12.17,13170
ETC.TO,20241120,18.78,19.15,18.78,18.86,3615
ETC-U.TO,20241120,16.82,17.25,16.82,17.24,3000
ETG.TO,20241120,2.05,2.06,2.05,2.05,47344
ETHH.TO,20241120,12.36,12.52,12.31,12.36,53117
ETHH-B.TO,20241120,14.9,15.09,14.82,14.89,122732
ETHH-U.TO,20241120,13.32,13.52,13.32,13.34,9579
ETHI.TO,20241120,53.8,54.12,53.8,54.12,619
ETHQ.TO,20241120,17.06,17.23,17,17,16590
ETHQ-U.TO,20241120,11.94,12.18,11.92,12.18,1800
ETHR.TO,20241120,14.7,14.9,14.64,14.67,46052
ETHR-U.TO,20241120,13.43,13.28,13.11,13.13,7674
ETHX-B.TO,20241120,15.53,15.73,15.44,15.51,295529
ETHX-U.TO,20241120,13.87,13.97,13.8,13.87,21599
ETHY.TO,20241120,3.77,3.78,3.72,3.73,187942
ETHY-B.TO,20241120,4.87,4.87,4.79,4.79,15981
ETHY-U.TO,20241120,3.65,3.65,3.65,3.67,1500
ETP.TO,20241120,17.5,17.5,17.5,17.5,721
ETSX.TO,20241120,21.35,21.35,21.3,21.3,27
EVO.TO,20241120,21.97,22.03,21.97,22.03,400
EVT.TO,20241120,177.71,177.71,176.11,176.11,300
EXE.TO,20241120,10.26,10.27,10.09,10.09,214723
EXE-DBC.TO,20241120,99.7,0,0,101.9,0
EXN.TO,20241120,0.1,0.105,0.1,0.105,32200
EXRO.TO,20241120,0.16,0.175,0.16,0.17,233115
EXRO-WT.TO,20241120,0.01,0.01,0.005,0.005,6000
EXRO-WTA.TO,20241120,0.05,0.05,0.04,0.05,199000
FAP.TO,20241120,2.78,2.79,2.77,2.79,6799
FAR.TO,20241120,2.16,2.2,2.1,2.1,22209
FBGO.TO,20241120,17.58,17.58,17.58,17.58,6364
FBT.TO,20241120,28.76,28.76,28.62,28.62,1100
ESGY.TO,20241120,58.57,58.91,58.57,58.87,1219
FBTC.TO,20241120,42.37,43.45,42.22,42.79,164279
FC.TO,20241120,11.37,11.49,11.33,11.48,50267
FC-DBI.TO,20241120,97.4,0,0,98,0
FC-DBJ.TO,20241120,97,0,0,96.81,0
FC-DBK.TO,20241120,97.75,97.75,97.75,97.75,10000
FC-DBL.TO,20241120,96.5,96.5,96.5,96.5,20000
FCCQ.TO,20241120,37.76,37.99,37.76,37.92,1606
ENGH.TO,20241120,29.6,29.68,29.28,29.31,43230
FCCV.TO,20241120,15.06,15.15,15.06,15.15,6430
FCD-UN.TO,20241120,5.91,6.1,5.91,5.93,38878
FCCD.TO,20241120,30.42,30.59,30.42,30.58,3217
FCEM.TO,20241120,10.39,10.39,10.23,10.25,8450
FCGI.TO,20241120,13.97,13.97,13.97,13.97,600
FCID.TO,20241120,26.52,26.52,26.52,26.52,770
FCIQ.TO,20241120,38.18,38.38,38.12,38.24,12000
ADN.TO,20241120,17.7,17.76,17.51,17.67,3227
FCII.TO,20241120,21.99,22.05,21.99,22.03,7
FCIQ-U.TO,20241120,28.29,28.29,28.29,28.29,1000
FCMI.TO,20241120,13.25,13.25,13.25,13.25,5
FCRR.TO,20241120,44.42,44.44,44.4,44.44,5
FCRR-U.TO,20241120,31.51,31.51,31.51,31.51,200
FCIV.TO,20241120,33.58,33.82,33.575,33.82,9550
FCR-UN.TO,20241120,17.85,17.94,17.61,17.83,253872
FCU.TO,20241120,0.81,0.88,0.8,0.87,4802378
FCSI.TO,20241120,21.91,21.91,21.91,21.91,100
FCUD.TO,20241120,38,38.06,37.83,38.02,12095
FCUH.TO,20241120,32.85,32.85,32.85,32.85,200
FBTC-U.TO,20241120,30.56,31.05,30.56,30.61,7340
FCUQ.TO,20241120,63.75,64.03,63.59,63.9,4152
FCUQ-U.TO,20241120,46.45,46.45,46.45,46.45,150
FCUV.TO,20241120,19.79,19.82,19.69,19.77,20908
FCVH.TO,20241120,18.38,18.38,18.38,18.38,400
FDL.TO,20241120,34.99,35.12,34.99,35.11,71
FDN.TO,20241120,26.38,26.38,26.38,26.38,100
FDY.TO,20241120,0.89,0.93,0.87,0.93,128550
FEBB-F.TO,20241120,46.6,46.6,46.6,46.6,900
FEC.TO,20241120,8.04,8.04,7.81,7.82,7841
FETH.TO,20241120,58.39,58.86,57.98,58.08,2895
FETH-U.TO,20241120,42.59,42.59,42.59,42.59,1
FF.TO,20241120,0.145,0.145,0.135,0.135,959281
FFH.TO,20241120,1917.21,1939.4,1912.54,1922.73,22172
FFH-PC.TO,20241120,23.7,25.18,23.7,25.1,41950
FFH-PD.TO,20241120,23.77,25.21,23.77,25.13,228320
FFH-PE.TO,20241120,17.65,20.35,17.65,20.2,46790
FFH-PF.TO,20241120,17.8,20.2,17.85,20.15,5100
FFH-PG.TO,20241120,17.8,20.41,17.8,20.37,100846
FFH-PH.TO,20241120,18.6,20.5,18.6,20.5,15060
FFH-PI.TO,20241120,18.87,21.54,18.8,21.54,100742
FFH-PJ.TO,20241120,19.48,21.56,19.65,21.55,16226
FFH-PK.TO,20241120,22.71,23.98,22.71,23.95,20861
FFH-PM.TO,20241120,24.72,25.1,24.72,25.05,9900
FFN.TO,20241120,7.35,7.41,7.26,7.41,435666
FFN-PA.TO,20241120,10.6,10.63,10.59,10.63,40531
FGB.TO,20241120,18.33,18.33,18.33,18.33,100
AD-UN.TO,20241120,19.1,19.44,19.1,19.38,33159
FGEB.TO,20241120,10.64,10.65,10.64,10.65,3200
FCUV-U.TO,20241120,14.25,14.25,14.25,14.25,1
FGEP.TO,20241120,10.81,10.81,10.7,10.79,19571
FGGE.TO,20241120,26.15,26.15,26.15,26.15,80
FGO.TO,20241120,10.01,10.01,10.01,10.01,1025
FGO-U.TO,20241120,10.2,10.2,10.19,10.19,900
FGOV.TO,20241120,20.69,20.69,20.69,20.69,100
FGRW.TO,20241120,22.78,22.78,22.78,22.78,1
FHG.TO,20241120,58.87,58.87,58.8,58.8,15
FHH.TO,20241120,39.85,40.28,39.85,40.28,200
FHI.TO,20241120,11.07,11.16,11.07,11.16,8100
FHI-B.TO,20241120,12.71,12.71,12.71,12.71,100
FHIS.TO,20241120,20.84,20.85,20.83,20.85,4800
FHQ.TO,20241120,98.29,98.29,98.29,98.29,100
FHQ-F.TO,20241120,51.85,51.85,51.85,51.85,100
FIE.TO,20241120,8.14,8.2,8.12,8.19,122479
FIG.TO,20241120,9.39,9.39,9.39,9.39,3447
FIG-U.TO,20241120,9.12,9.12,9.12,9.12,400
FIH-U.TO,20241120,15.76,15.895,15.34,15.44,28705
FIL.TO,20241120,32.29,32.8,32.28,32.8,134461
FINC.TO,20241120,21.62,21.62,21.62,21.62,400
FINO.TO,20241120,25.62,25.62,25.62,25.62,75
FINT.TO,20241120,25.35,25.35,25.35,25.35,1000
FLCI.TO,20241120,17.95,17.95,17.95,17.95,100
FLCP.TO,20241120,17.93,17.93,17.91,17.91,3000
FLDM.TO,20241120,23.34,23.34,23.33,23.33,1600
FLGA.TO,20241120,18.75,18.84,18.75,18.83,428
FLGD.TO,20241120,29.27,29.27,29.23,29.23,900
FLI.TO,20241120,11.53,11.605,11.53,11.605,3109
FLNT.TO,20241120,0.025,0.025,0.025,0.025,1300
FLOW.TO,20241120,0.15,0.17,0.145,0.165,229472
FLSD.TO,20241120,19.17,19.17,19.16,19.16,1700
FLUS.TO,20241120,47.79,47.79,47.79,47.79,100
FLX.TO,20241120,7.29,7.29,7.28,7.28,601
FLX-B.TO,20241120,8.92,8.95,8.92,8.95,5400
FLX-U.TO,20241120,6.16,6.16,6.16,6.16,100
FM.TO,20241120,18.03,18.47,17.92,18.37,1533163
FMAX.TO,20241120,19.63,19.64,19.56,19.56,8140
FN.TO,20241120,43.28,43.7,42.74,43.69,58353
FN-PA.TO,20241120,13.1,13.1,13,13,2901
FN-PB.TO,20241120,14.55,14.6,14.5,14.6,1900
FNV.TO,20241120,167.67,169.49,167.31,169.42,240173
FOM.TO,20241120,4.15,4.34,4.15,4.32,711829
FOOD.TO,20241120,0.47,0.47,0.43,0.46,49738
FOOD-DBA.TO,20241120,45,45,45,45,25000
FOUR.TO,20241120,53.95,55,53.95,55,12820
FPR.TO,20241120,22.43,22.44,22.26,22.26,600
FRU.TO,20241120,14.03,14.13,14,14.04,283677
FRX.TO,20241120,5.68,5.69,5.68,5.69,298
FSB.TO,20241120,9.66,9.68,9.66,9.675,2351
FSB-U.TO,20241120,9.9,9.9,9.9,9.9,100
FSF.TO,20241120,30.5,30.5,30.5,30.5,1200
FEME.TO,20241120,21.02,21.02,21.02,21.02,100
FSL.TO,20241120,16.95,17.05,16.95,17.05,539
FORA.TO,20241120,8.39,8.5,8.32,8.41,90673
FST.TO,20241120,55.85,56.43,55.85,56.31,2454
FSV.TO,20241120,257.52,261.07,255.66,260.03,55925
FSY.TO,20241120,0.69,0.71,0.66,0.7,107663
FSZ.TO,20241120,9.7,9.8,9.63,9.74,221536
FSZ-DBB.TO,20241120,102.3,102.3,102.24,102.24,30000
FT.TO,20241120,0.05,0.055,0.05,0.055,483295
FTG.TO,20241120,7.52,7.7,7.52,7.66,13522
FTHI.TO,20241120,10.8,10.91,10.84,10.91,2100
FTN.TO,20241120,9.46,9.54,9.46,9.53,201192
FTS.TO,20241120,61.72,62.585,61.41,62.5,1572252
FTS-PF.TO,20241120,21,21,20.91,20.91,300
FTS-PG.TO,20241120,21.98,21.98,21.85,21.85,3002
FTS-PH.TO,20241120,15.54,15.55,15.45,15.48,75500
FTS-PI.TO,20241120,16.3,16.3,16.25,16.25,306
FTS-PJ.TO,20241120,20.25,20.25,20.15,20.24,2300
FTS-PK.TO,20241120,19.7,19.9,19.7,19.9,3745
FTS-PM.TO,20241120,20.35,20.35,20.19,20.2,3672
FTT.TO,20241120,37.81,37.88,37.03,37.22,594130
FTU.TO,20241120,0.65,0.65,0.64,0.64,1
FTN-PA.TO,20241120,10.7,10.71,10.65,10.68,38610
FTU-PB.TO,20241120,7.49,7.62,7.45,7.62,3400
FURY.TO,20241120,0.58,0.58,0.56,0.56,5000
FVI.TO,20241120,6.88,6.88,6.63,6.75,572518
FVL.TO,20241120,0.9,0.91,0.89,0.9,283416
FWCP.TO,20241120,17.15,17.15,17.15,17.15,700
FXM.TO,20241120,25.58,25.6,25.58,25.6,571
FCQH.TO,20241120,57.74,57.74,57.74,57.74,100
G.TO,20241120,0.96,1.03,0.96,1.02,114111
GAU.TO,20241120,2.07,2.08,1.99,2.01,509210
GBAL.TO,20241120,51.18,51.18,51.01,51.01,611
GATO.TO,20241120,23.19,23.42,22.75,23.42,6997
GCBD.TO,20241120,18.28,18.28,18.28,18.28,3409
GCFE.TO,20241120,28.51,28.51,28.1,28.1,514
GCG.TO,20241120,41.5,41.5,41.5,41.5,252
GCG-A.TO,20241120,40.59,40.97,40.5,40.6,1425
GBT.TO,20241120,13.16,13.5,13.16,13.5,3476
GCL.TO,20241120,0.98,1,0.98,1,24202
GCSC.TO,20241120,26.74,26.74,26.74,26.74,100
GCTB.TO,20241120,50.12,50.13,50.12,50.125,2533
GCNS.TO,20241120,44.86,44.86,44.7,44.7,2780
GDEP.TO,20241120,19.88,20.21,19.88,20.21,33100
GDC.TO,20241120,4.16,4.17,4.16,4.16,4710
GDI.TO,20241120,35.5,35.74,35.07,35.11,3099
GDEP-B.TO,20241120,19.93,19.93,19.93,19.93,100
GDL.TO,20241120,13.74,13.74,13.69,13.71,2636
GDPY.TO,20241120,21.25,21.25,21.25,21.25,101
GDPY-B.TO,20241120,21.38,21.38,21.38,21.38,1
GDV.TO,20241120,12.17,12.17,12.01,12.06,23701
GEC.TO,20241120,0.25,0.25,0.2,0.2,96500
GEI.TO,20241120,23.11,23.3,22.95,23.24,619512
GEO.TO,20241120,2.79,2.83,2.69,2.69,37207
GEQT.TO,20241120,63.96,64.21,63.68,64.21,1068
GENM.TO,20241120,0.19,0.1975,0.185,0.19,1165687
GFP.TO,20241120,5.62,5.64,5.6,5.61,9692
GFR.TO,20241120,9.6,9.74,9.57,9.73,9654
GDV-PA.TO,20241120,10.54,10.55,10.5,10.5,11400
GGD.TO,20241120,1.31,1.32,1.25,1.31,842165
GGRO.TO,20241120,57.48,57.61,57.48,57.61,305
GH.TO,20241120,10.75,10.85,10.75,10.84,30700
GIES.TO,20241120,22.22,22.22,22.22,22.22,100
GIB-A.TO,20241120,151.89,154.31,151.39,153.3,286728
GIL.TO,20241120,67.64,68.41,67.44,68.3,402292
GIGC.TO,20241120,21.45,21.45,21.45,21.45,100
GIQG-B.TO,20241120,31.71,31.71,31.69,31.69,800
GIQU.TO,20241120,29.77,29.77,29.77,29.77,7
GIQU-B.TO,20241120,33.55,33.59,33.55,33.59,2200
GIQG.TO,20241120,29.87,29.87,29.71,29.73,4800
GIVX.TO,20241120,1.49,1.49,1.49,1.49,841
GLCC.TO,20241120,27.57,27.71,27.35,27.71,27885
GLXY.TO,20241120,25.99,28.29,25.74,27.25,1186469
GMIN.TO,20241120,10.93,11.14,10.78,11.05,257361
GMX.TO,20241120,1.07,1.07,1.06,1.07,6210
GMTN.TO,20241120,0.045,0.045,0.045,0.045,18133
GOLD.TO,20241120,1.28,1.29,1.26,1.27,69603
GLO.TO,20241120,1.09,1.11,1.08,1.09,616941
GPMD.TO,20241120,10.23,10.23,10.23,10.23,2
GOOS.TO,20241120,13.14,13.24,12.92,13.04,295255
GRC.TO,20241120,0.09,0.09,0.09,0.09,20000
GRA.TO,20241120,2.26,2.32,2.26,2.27,27742
GFL.TO,20241120,62.17,63.75,62.17,63.65,157705
GRID.TO,20241120,1.74,1.76,1.69,1.69,11250
GRCC.TO,20241120,21.95,21.95,21.95,21.95,100
GRN.TO,20241120,0.11,0.115,0.09,0.09,286686
GRT-UN.TO,20241120,74.48,75,73.455,74.22,103436
GTE.TO,20241120,8.66,8.69,8.55,8.55,11977
GTWO.TO,20241120,2.03,2.1,1.96,2.01,257992
GUD.TO,20241120,5.27,5.32,5.15,5.15,108458
GURU.TO,20241120,1.52,1.68,1.52,1.64,7295
GUTB-U.TO,20241120,50.17,50.17,50.17,50.17,58
GRNI.TO,20241120,29.02,29.08,29.02,29.08,1227
GWO.TO,20241120,48.98,49.64,48.92,49.56,6581997
GWO-PG.TO,20241120,21.47,21.51,21.47,21.51,2280
GWO-PH.TO,20241120,20.22,20.22,20.22,20.22,200
GWO-PI.TO,20241120,19.19,19.19,19.11,19.11,1820
GVC.TO,20241120,0.17,0.17,0.17,0.17,502
GWO-PL.TO,20241120,23.31,23.31,23.31,23.31,300
GWO-PM.TO,20241120,23.85,24,23.85,23.86,3200
GWO-PN.TO,20241120,14.69,14.69,14.69,14.69,400
GWO-PP.TO,20241120,22.2,22.215,22.14,22.14,3500
GWO-PQ.TO,20241120,21.16,21.16,21.16,21.16,1986
GWO-PS.TO,20241120,21.56,21.56,21.56,21.56,200
GWO-PT.TO,20241120,21.3,21.3,21.26,21.26,700
GXE.TO,20241120,0.53,0.53,0.51,0.52,844157
GWO-PR.TO,20241120,20.2,20.2,19.96,19.97,1800
HAB.TO,20241120,10.18,10.18,10.17,10.18,7776
HAC.TO,20241120,31.59,31.59,31.55,31.55,620
HAD.TO,20241120,9.07,9.07,9.07,9.07,900
H.TO,20241120,44.17,45.07,44.04,45.01,907674
HAF.TO,20241120,7.17,7.19,7.15,7.19,2801
HAL.TO,20241120,22.41,22.47,22.41,22.47,922
HAZ.TO,20241120,37.1,37.31,37.1,37.21,20905
HBA.TO,20241120,29.82,29.82,29.82,29.82,221
HAI.TO,20241120,5.1,5.18,5,5.18,13170
HBAL.TO,20241120,15.58,15.58,15.58,15.58,362
HBD.TO,20241120,6.605,6.605,6.585,6.585,1215
HBF.TO,20241120,10.06,10.13,10.06,10.09,22920
HBF-B.TO,20241120,11.62,11.62,11.62,11.62,300
HBGD.TO,20241120,31.93,31.93,31.93,31.93,252
HBF-U.TO,20241120,11.47,11.51,11.47,11.51,8400
HBB.TO,20241120,48.53,48.53,48.39,48.39,8385
HBGD-U.TO,20241120,22.1,22.1,22.1,22.1,200
HBIG.TO,20241120,24.55,24.61,24.55,24.61,1
HBIL.TO,20241120,15.7,15.7,15.66,15.67,21022
HBIE.TO,20241120,24.53,24.63,24.53,24.63,54
HBKD.TO,20241120,15.05,15.06,14.81,14.81,100
HBKU.TO,20241120,28.3,28.3,28.22,28.22,1590
HBLK.TO,20241120,19.76,20.16,19.61,19.97,4263
HBIL-U.TO,20241120,15.7,15.7,15.69,15.69,2100
HBND.TO,20241120,14.3,14.37,14.3,14.31,12161
HBM.TO,20241120,12.33,12.72,12.33,12.72,892807
HBNK.TO,20241120,24.89,25.05,24.88,25.05,4870
HBND-U.TO,20241120,14.66,14.67,14.66,14.67,1137
HBU.TO,20241120,17.06,17.14,16.99,17.14,67733
HBUG.TO,20241120,25.31,25.31,25.31,25.31,40
HBP.TO,20241120,0.74,0.74,0.71,0.71,1500
HCAL.TO,20241120,24.79,24.99,24.69,24.98,67797
HCLN.TO,20241120,7.79,7.89,7.79,7.89,813
HCON.TO,20241120,13.75,13.73,13.73,13.73,600
HCRE.TO,20241120,26.98,26.98,26.93,26.93,1500
HCA.TO,20241120,23.74,23.88,23.74,23.88,374
HDGE-U.TO,20241120,20.36,20.36,20.36,20.36,1000
HDGE.TO,20241120,28.13,28.13,28.12,28.12,11
HDIV.TO,20241120,17.87,17.97,17.78,17.97,41186
HEB.TO,20241120,19.55,19.55,19.55,19.55,291
HDIF.TO,20241120,8.94,8.98,8.84,8.98,57811
HEQL.TO,20241120,26.95,26.96,26.93,26.93,17845
HEQT.TO,20241120,17.74,17.79,17.67,17.79,19357
HED.TO,20241120,3.83,3.93,3.83,3.88,21260
HEU.TO,20241120,29.13,29.55,29.01,29.46,48678
HEWB.TO,20241120,38.26,38.58,38.2,38.55,18015
HFD.TO,20241120,6.42,6.45,6.315,6.315,21225
HERO.TO,20241120,33.7,33.89,33.7,33.89,1055
HFG.TO,20241120,27.3,27.3,27.26,27.26,524
HFIN.TO,20241120,19.43,19.59,19.4,19.62,6609
HFPC-U.TO,20241120,2.8,2.9,2.8,2.9,1800
HFU.TO,20241120,30.69,31.17,30.65,31.15,3060
HGD.TO,20241120,2.38,2.43,2.355,2.36,444108
HGGB.TO,20241120,21.67,21.67,21.67,21.67,43
HGGG.TO,20241120,34.1,34.62,34.1,34.62,700
HGR.TO,20241120,6.18,6.28,6.18,6.28,1800
HGRW.TO,20241120,24.7,24.7,24.7,24.7,610
HGU.TO,20241120,22.94,23.32,22.57,23.28,267486
HGY.TO,20241120,11.34,11.38,11.34,11.38,4421
HHL.TO,20241120,7.94,7.98,7.9,7.96,236669
HHL-B.TO,20241120,9.07,9.08,9.05,9.075,608
HHL-U.TO,20241120,8.5,8.5,8.44,8.49,6882
HFR.TO,20241120,10.05,10.055,10.05,10.05,3863
GWO-PY.TO,20241120,18.92,18.92,18.85,18.85,3370
HIND.TO,20241120,12.58,12.58,12.58,12.58,507
HISU-U.TO,20241120,100.28,100.28,100.28,100.28,682
HIU.TO,20241120,11.03,11.03,10.9,10.92,15540
HIX.TO,20241120,24.96,24.98,24.77,24.77,3721
HLF.TO,20241120,14.69,15.28,14.51,14.99,47566
HLIF.TO,20241120,9.71,9.71,9.71,9.75,100
HLIT.TO,20241120,17.09,17.17,17.09,17.15,1135
HLPR.TO,20241120,27.06,27.33,27.24,27.33,2400
HHLE.TO,20241120,9.86,9.9,9.79,9.86,43025
HIG.TO,20241120,7.99,7.99,7.93,7.985,7420
HLS.TO,20241120,3.17,3.23,3.15,3.21,2900
HMM-A.TO,20241120,9.68,9.73,9.6,9.61,7237
HMMJ.TO,20241120,9.66,9.78,9.65,9.7,14680
HMAX.TO,20241120,14.65,14.74,14.59,14.735,259797
HMMJ-U.TO,20241120,6.93,6.93,6.93,6.93,500
HND.TO,20241120,83.24,84.19,78.6,82.33,407829
HMP.TO,20241120,9.62,9.62,9.56,9.56,1361
HOD.TO,20241120,6.81,6.98,6.74,6.82,1740628
HNU.TO,20241120,2.36,2.5,2.34,2.39,7617764
HOM-DBU.TO,20241120,99.85,99.85,99.71,99.71,65000
GSY.TO,20241120,172.89,174.76,170.71,171.19,53043
HOM-U.TO,20241120,13,13.13,12.95,13.13,27260
HOT-DBV.TO,20241120,80,80,80,80,6000
HOT-U.TO,20241120,0.425,0.425,0.425,0.425,4060
HPF.TO,20241120,3.33,3.34,3.31,3.31,3601
HOM-UN.TO,20241120,18.15,18.23,18.06,18.16,25553
HOU.TO,20241120,11.69,11.76,11.35,11.63,881716
HPR.TO,20241120,8.91,8.96,8.91,8.96,21433
HPF-U.TO,20241120,4.08,4.08,4.08,4.08,2000
HPYM-U.TO,20241120,11.25,11.25,11.25,11.25,3800
HPYT-B.TO,20241120,10.64,10.64,10.61,10.61,3550
HPYM.TO,20241120,11.17,11.18,11.16,11.16,40150
HPYT.TO,20241120,10.32,10.33,10.28,10.3,168176
HQD-U.TO,20241120,7.8,7.9,7.8,7.89,1600
HQU.TO,20241120,22.69,23.31,22.68,23.27,811909
HR-UN.TO,20241120,10.05,10.05,9.88,9.91,700524
HRAA.TO,20241120,12.09,12.09,12.09,12.09,128
HQD.TO,20241120,11.06,11.065,10.78,10.8,1148255
HPS-A.TO,20241120,125.81,133.55,125.81,130.63,46008
HRIF.TO,20241120,16.96,16.96,16.96,16.96,450
HRX.TO,20241120,31.97,31.97,31.58,31.61,24503
HRED.TO,20241120,13.56,13.56,13.3,13.3,500
HREU.TO,20241120,16.6,16.6,16.6,16.6,901
HSH.TO,20241120,71.95,72.75,71.95,72.75,3329
HSU.TO,20241120,25.63,26.16,25.55,26.09,281045
HSAV.TO,20241120,113.75,113.94,113.75,113.83,27004
HSD.TO,20241120,15.73,15.76,15.41,15.44,934561
HTA-B.TO,20241120,20.54,20.54,20.54,20.54,100
HTA.TO,20241120,18.83,19.08,18.83,19.1,64284
HTAE.TO,20241120,17.3,17.44,17.23,17.44,11870
HTB.TO,20241120,57.75,57.77,57.68,57.68,1234
HSUV-U.TO,20241120,112.66,112.73,112.59,112.61,11499
HTL.TO,20241120,2.24,2.25,2.24,2.25,92
HUBL.TO,20241120,14.28,14.36,14.28,14.31,4523
HUBL-U.TO,20241120,16.08,16.08,16.05,16.05,1200
ZZZD.TO,20241120,28.87,28.97,28.87,28.97,295
HUC.TO,20241120,21.45,21.45,21.19,21.37,1503
HUG.TO,20241120,20.425,20.51,20.425,20.51,2173
HULC.TO,20241120,99.1,99.41,98.8,99.49,2077
ZZZ.TO,20241120,35,35.02,34.98,34.99,628753
HUM.TO,20241120,37,37.25,37,37.25,602
HULC-U.TO,20241120,72.25,72.25,70.69,70.69,374
ZXM-B.TO,20241120,38.23,38.23,38.23,38.23,600
HURA.TO,20241120,40.17,40.63,39.98,40.62,3100
HTB-U.TO,20241120,41.36,41.36,41.33,41.33,2060
HUN.TO,20241120,7.26,7.35,7.26,7.3,12631
HUTE.TO,20241120,10.65,10.71,10.61,10.71,4719
HUTL.TO,20241120,17.75,17.99,17.75,17.95,5578
HUT.TO,20241120,34.52,35.41,33.14,35.36,2035141
HUV.TO,20241120,8.63,8.63,8,8.21,303395
HUZ.TO,20241120,13.9,13.9,13.895,13.895,421
HWO.TO,20241120,1.15,1.19,1.15,1.17,13300
HWX.TO,20241120,7.01,7.1,6.98,7.02,629028
ZXM.TO,20241120,41.56,41.92,41.56,41.92,1505
HXD.TO,20241120,4.74,4.74,4.66,4.66,139357
ZWU.TO,20241120,11.04,11.08,10.97,11.075,128272
HXDM.TO,20241120,46.31,46.56,46.23,46.5,7562
ZWT.TO,20241120,49.6,50.19,49.6,50.15,4284
HXDM-U.TO,20241120,33.15,33.15,33.15,33.15,15
HXCN.TO,20241120,40.72,40.935,40.72,40.925,8805
ZWS.TO,20241120,20.83,20.85,20.78,20.85,1705
HXEM.TO,20241120,37.26,37.32,37.26,37.32,1100
HXE.TO,20241120,37.14,37.37,37,37.2,2421
HXF.TO,20241120,83.47,83.47,83.47,83.47,100
HXH.TO,20241120,54.07,54.07,54.07,54.07,153
HXQ.TO,20241120,81.82,82.7,81.76,82.63,14789
HXQ-U.TO,20241120,58.52,59.21,58.52,59.21,11900
HXS.TO,20241120,83.97,84.73,83.92,84.59,22510
HXS-U.TO,20241120,60.42,60.52,60.42,60.49,3663
HXT.TO,20241120,64.5,65.07,64.46,65.03,373982
HXT-U.TO,20241120,46.2,46.5,46.44,46.5,900
HXU.TO,20241120,27.37,27.84,27.35,27.82,20808
HXX.TO,20241120,48.85,49.27,48.85,49.27,1047
HYBR.TO,20241120,9.2,9.2,9.19,9.19,1250
HYLD.TO,20241120,14,14.13,13.97,14.11,116237
HYLD-U.TO,20241120,14.53,14.63,14.47,14.6,23154
HZD.TO,20241120,7.17,7.25,7.14,7.16,39636
HZU.TO,20241120,28.52,28.66,28.19,28.61,147505
IAU.TO,20241120,0.67,0.78,0.635,0.77,3986992
IAU-WT.TO,20241120,0.15,0.2,0.15,0.2,15500
IBG-DBE.TO,20241120,100.5,100.5,100.5,100.5,12000
ICAE.TO,20241120,22.86,22.86,22.86,22.86,100
ICCB.TO,20241120,19.92,19.92,19.92,19.92,5019
ICE.TO,20241120,4.1,4.1,4.1,4.1,80
IAG.TO,20241120,130.18,133.27,129.76,133.09,1502281
ICPB.TO,20241120,9.5,9.5,9.5,9.5,11075
ZWQT.TO,20241120,17.18,17.18,17.17,17.17,700
ZWP.TO,20241120,17.57,17.57,17.5,17.51,37467
HUTS.TO,20241120,13.03,13.19,13,13.19,2406
ZWK.TO,20241120,25.52,25.7,25.5,25.6,27935
IDIV-B.TO,20241120,13.29,13.29,13.29,13.29,900
IDEF-B.TO,20241120,12.04,12.05,12.04,12.05,300
ICTE.TO,20241120,22.8,22.8,22.77,22.77,300
IFC.TO,20241120,266.37,269.69,265.78,269.07,158876
IFC-PA.TO,20241120,19.19,19.41,19.19,19.29,1900
IFC-PC.TO,20241120,20.06,20.06,20.06,20.06,100
IFC-PE.TO,20241120,21.8,21.85,21.75,21.75,3500
IFC-PF.TO,20241120,21.89,22.03,21.88,22.03,3700
IFC-PG.TO,20241120,24.18,24.22,24.18,24.21,2079
IFC-PI.TO,20241120,22.61,22.61,22.61,22.61,500
IFA.TO,20241120,1.15,1.15,1.15,1.15,19500
IE.TO,20241120,12.81,13.1,12.81,12.91,1495
IFP.TO,20241120,19.88,19.88,19.08,19.12,104636
IFC-PK.TO,20241120,21.75,21.75,21.74,21.75,1200
IGAF.TO,20241120,15.42,15.42,15.42,15.42,2900
ZWHC.TO,20241120,29,29.15,29,29.15,1115
IGBT-UN.TO,20241120,10.4,10.54,10.4,10.54,8700
ZWH-U.TO,20241120,24.21,24.25,24.17,24.19,2837
IGCF.TO,20241120,16.4,16.4,16.4,16.4,1200
IGB.TO,20241120,18.37,18.37,18.37,18.37,6115
ZWH.TO,20241120,24.75,24.75,24.6,24.68,8919
IGM.TO,20241120,45.8,46.67,45.69,46.36,435119
IGEO.TO,20241120,14.42,14.42,14.42,14.32,100
ZWG.TO,20241120,31.85,31.85,31.69,31.8,6964
IIAE-F.TO,20241120,24.21,24.21,24.21,24.21,1000
ZWEN.TO,20241120,30.29,30.32,30.14,30.205,6447
IICE.TO,20241120,22.48,22.48,22.48,22.48,200
IIAE.TO,20241120,24.57,24.57,24.57,24.57,85
III.TO,20241120,2.06,2.085,2.03,2.05,25901
ZWE.TO,20241120,19.95,19.95,19.8,19.84,44750
IIMF.TO,20241120,21.02,21.02,21,21,500
IFRF.TO,20241120,8.29,8.29,8.29,8.29,2100
IIMF-F.TO,20241120,21.37,21.37,21.37,21.37,715
IITE.TO,20241120,20.74,20.74,20.74,20.74,594
IIP-UN.TO,20241120,10.81,10.92,10.75,10.84,317754
ZWC.TO,20241120,18.24,18.37,18.23,18.37,27114
ILLM.TO,20241120,1.76,1.76,1.75,1.75,9695
ILGB.TO,20241120,8.89,8.89,8.89,8.89,715
IMG.TO,20241120,7.59,7.765,7.41,7.72,1714549
ZWB-U.TO,20241120,24.24,24.24,24.24,24.24,500
IMP.TO,20241120,1.53,1.7,1.51,1.67,192767
IMO.TO,20241120,104.62,106.6,104.32,105.98,485390
INAI.TO,20241120,26.83,27.13,26.83,27.13,500
ZWB.TO,20241120,19.83,19.94,19.78,19.94,146522
INAI-F.TO,20241120,25.73,25.98,25.73,25.98,1170
ZWA.TO,20241120,27,27.14,27,27.13,8451
INCM.TO,20241120,18.99,19,18.99,19,2464
INC-UN.TO,20241120,8.6,8.65,8.56,8.65,2544
INCM-U.TO,20241120,13.55,13.55,13.55,13.55,36900
ZVU.TO,20241120,31.43,31.47,31.39,31.39,1195
INE-DBB.TO,20241120,96.54,0,0,99.99,0
INE.TO,20241120,8.45,8.51,8.39,8.48,495210
ZVC.TO,20241120,29.88,29.97,29.88,29.97,286
ZUVE.TO,20241120,18.49,18.49,18.49,18.49,13
ZUT.TO,20241120,21.81,21.99,21.68,21.98,18997
ZUS-V.TO,20241120,57.3,57.31,57.3,57.31,1400
ZUS-U.TO,20241120,46.84,46.92,46.84,46.9,4000
ZUQ-U.TO,20241120,54.66,54.83,54.66,54.83,200
INE-PA.TO,20241120,14.86,14.9,14.86,14.9,2300
ZUQ-F.TO,20241120,52.41,52.64,52.15,52.64,492
INE-PC.TO,20241120,20.28,20.28,20.24,20.24,400
ZUQ.TO,20241120,86.42,86.78,86.25,86.68,6218
ZUP-U.TO,20241120,20.16,20.16,20.12,20.12,203
ZUP.TO,20241120,21.84,21.84,21.84,21.84,100
ZUH.TO,20241120,66.67,67.37,66.67,67.2,2425
INO-UN.TO,20241120,0.81,0.83,0.81,0.81,8586
ZUGE.TO,20241120,20.81,20.81,20.81,20.81,108
ZUE.TO,20241120,80.98,81.82,80.88,81.72,140581
INOC.TO,20241120,16,15.96,15.96,15.96,700
ZUD.TO,20241120,31,31.04,30.97,31,16600
ZUCM-U.TO,20241120,30.07,30.07,30.07,30.06,360
IPCO.TO,20241120,14.6,14.72,14.54,14.64,46267
ZUCM.TO,20241120,31.12,31.12,31.06,31.06,4202
ZUB.TO,20241120,34.01,34.43,34.01,34.32,17954
IPO.TO,20241120,1.78,1.78,1.75,1.76,71853
ZUAG-U.TO,20241120,30.07,30.07,30.03,30.03,500
ZUAG-F.TO,20241120,29.56,29.56,29.54,29.54,500
ZUAG.TO,20241120,31.45,31.45,31.44,31.44,205
HTA-U.TO,20241120,20.71,20.72,20.71,20.72,810
IQD.TO,20241120,33.33,33.33,33.33,33.35,900
ZTIP-U.TO,20241120,29.35,29.35,29.35,29.35,300
ZTIP-F.TO,20241120,28.72,28.72,28.72,28.72,700
ZTIP.TO,20241120,32.51,32.51,32.51,32.51,200
ZSU.TO,20241120,13.3,13.37,13.3,13.37,6527
ZST-L.TO,20241120,60.18,60.185,60.18,60.18,8959
IQD-B.TO,20241120,29.09,29.27,29.09,29.25,1166
ZST.TO,20241120,49,49.02,49,49.01,28880
ZSP-U.TO,20241120,64.14,64.8,64.14,64.7,24246
ZSP.TO,20241120,89.7,90.51,89.64,90.37,313628
ZSML-U.TO,20241120,43.63,43.63,43.63,43.63,688
IS.TO,20241120,15.06,15.18,15.06,15.08,1700
ZSML-F.TO,20241120,39.46,39.46,39.46,39.46,220
ZSML.TO,20241120,44.74,44.74,44.15,44.64,1150
IS-PA.TO,20241120,10.83,10.83,10.83,11.03,4200
ZSDB.TO,20241120,30.53,30.53,30.53,30.53,2281
ZSB.TO,20241120,48.4,48.4,48.4,48.4,202
ZRR.TO,20241120,14.35,14.39,14.35,14.39,2138
ZRE.TO,20241120,21.72,21.8,21.6,21.76,20211
ZQQ.TO,20241120,142.8,144.7,142.8,144.59,32931
ISCB.TO,20241120,10.78,10.78,10.78,10.78,1600
ZQB.TO,20241120,28.9,28.93,28.9,28.93,50
ISO.TO,20241120,3.28,3.53,3.24,3.47,243970
ZPW-U.TO,20241120,15.35,15.36,15.35,15.36,20
ISV.TO,20241120,27.25,27.55,27.25,27.55,2517
ZPW.TO,20241120,15.92,15.92,15.87,15.87,1476
IUAE.TO,20241120,23.97,23.97,23.9,23.9,200
ITE.TO,20241120,0.225,0.23,0.225,0.23,82500
ZPS-L.TO,20241120,22.39,22.39,22.39,22.39,300
ZPS.TO,20241120,12.27,12.27,12.27,12.27,10470
IUCE.TO,20241120,28.45,28.45,28.4,28.4,200
ZPR-U.TO,20241120,16.39,16.39,16.39,16.39,25
IUAE-F.TO,20241120,22.64,22.64,22.64,22.64,600
ZPR.TO,20241120,10.45,10.52,10.43,10.5,90014
ZPL.TO,20241120,12.53,12.55,12.47,12.47,45258
ZPH.TO,20241120,14.63,14.63,14.58,14.59,4495
ZPAY-U.TO,20241120,30.13,30.13,30.13,30.13,195
ZPAY-F.TO,20241120,28.96,29.07,28.96,29.05,2400
ITH.TO,20241120,0.62,0.62,0.62,0.62,1500
IUCE-F.TO,20241120,23.03,23.08,23.03,23.08,200
ZPAY.TO,20241120,32.35,32.39,32.3,32.34,13659
ZNQ-U.TO,20241120,45.04,45.04,45.04,45.04,100
ZNQ.TO,20241120,92.56,93.51,92.53,93.5,4308
ZMU.TO,20241120,12.58,12.65,12.58,12.635,27607
ZMT.TO,20241120,71.56,72,71.56,72,420
IUMF-F.TO,20241120,21.35,21.36,21.35,21.36,1800
ZMSB.TO,20241120,28.9,28.9,28.9,28.9,400
IUTE.TO,20241120,25.94,25.94,25.92,25.92,600
ZMP.TO,20241120,13.83,13.83,13.81,13.81,9200
ZMMK.TO,20241120,50.04,50.04,50.03,50.04,152877
IUFR-U.TO,20241120,20.18,20.18,20.18,20.18,300
IUMF.TO,20241120,22.96,22.96,22.96,22.96,200
ZMID-F.TO,20241120,42.7,42.7,42.7,42.7,250
ZMID.TO,20241120,48.22,48.22,47.89,48.125,5980
IUTE-F.TO,20241120,22.28,22.28,22.28,22.28,400
ZMI-U.TO,20241120,28.47,28.47,28.47,28.47,6
HOT-UN.TO,20241120,0.56,0.62,0.56,0.59,31000
ZMI.TO,20241120,17.36,17.41,17.36,17.4,12673
ZMBS.TO,20241120,30.09,30.09,30.09,30.09,1400
ZLU-U.TO,20241120,40.43,40.43,40.34,40.34,700
ZLU.TO,20241120,54.86,55.09,54.77,54.95,17127
ZLSU.TO,20241120,39.69,39.69,39.69,39.69,433
ZLSC.TO,20241120,36.78,36.78,36.78,36.78,100
IVN.TO,20241120,18.17,18.88,18.14,18.69,1250371
ZLI.TO,20241120,25.39,25.39,25.39,25.39,764
ZLH.TO,20241120,34.8,35.04,34.8,35.04,1400
ZLE.TO,20241120,19.25,19.25,19.25,19.25,100
ZLD.TO,20241120,27.35,27.35,27.35,27.35,173
ZLC.TO,20241120,15.41,15.41,15.35,15.35,30128
ZLB.TO,20241120,47.63,47.86,47.46,47.83,48570
ZJPN-F.TO,20241120,46.98,46.98,46.98,46.98,103
IVQ.TO,20241120,0.105,0.105,0.105,0.105,13000
IVQ-DBU.TO,20241120,99,0,0,88.25,0
ZJPN.TO,20241120,34.72,34.72,34.63,34.63,2438
ZJK-U.TO,20241120,17.76,17.76,17.7,17.7,91
IVQ-DBV.TO,20241120,97.8,0,0,82.7,0
ZJK.TO,20241120,19.02,19.02,18.95,18.97,5837
IVQ-U.TO,20241120,0.075,0.08,0.075,0.08,9100
ZJG.TO,20241120,95.48,95.48,94.28,95.46,1216
IWEB.TO,20241120,10.82,10.82,10.82,10.82,18
ZIU.TO,20241120,57.43,57.81,57.43,57.81,850
ZIN.TO,20241120,42.54,42.54,42.54,42.54,591
JAG.TO,20241120,3.93,4.08,3.88,4.02,44390
ZID.TO,20241120,50.04,50.05,49.86,50,19424
JAPN.TO,20241120,48.31,48.78,48.31,48.78,1703
JAPN-B.TO,20241120,33.84,33.84,33.8,33.83,3200
ZIC-U.TO,20241120,12.96,12.96,12.96,12.96,2503
ZIC.TO,20241120,18.09,18.13,18.09,18.105,795
JEPI.TO,20241120,26.23,26.23,26.08,26.09,5101
ZHY.TO,20241120,11.3,11.33,11.29,11.33,7059
ZHU.TO,20241120,42.54,42.58,42.54,42.58,600
ZHP.TO,20241120,18.79,18.74,18.72,18.72,400
JEPQ.TO,20241120,26.68,26.79,26.59,26.79,17516
ZGSB.TO,20241120,27.44,27.44,27.43,27.44,1200
ZGRO-T.TO,20241120,35.2,35.26,35.06,35.26,2091
ZGRO.TO,20241120,45.38,45.54,45.23,45.46,11866
ZGRN.TO,20241120,38.87,38.87,38.87,38.87,100
ZGQ.TO,20241120,68.82,69.17,68.59,69.15,11906
IXTE.TO,20241120,22.39,22.39,22.39,22.39,100
ZGLH.TO,20241120,36.85,36.85,36.85,36.85,10
ZGLD-U.TO,20241120,38.35,38.36,38.35,38.36,404
ZGLD.TO,20241120,39.57,39.57,39.45,39.57,10609
ZGI.TO,20241120,53.18,53.3,53.02,53.3,4779
JFS-UN.TO,20241120,24.77,24.77,24.52,24.52,12575
ZGD.TO,20241120,105.32,105.88,104.28,105.88,7767
ZGB.TO,20241120,45.76,45.76,45.76,45.76,416
ZFS-L.TO,20241120,21.9,21.9,21.9,21.9,2
JOY.TO,20241120,2.1,2.1,2,2.06,165402
ZFS.TO,20241120,13.75,13.76,13.75,13.75,10706
ZFN.TO,20241120,54.84,55.26,54.84,55.16,4000
ZFM.TO,20241120,14.585,14.6,14.56,14.56,23565
JWEL.TO,20241120,35.02,35.86,35.02,35.25,65035
K.TO,20241120,13.8,13.96,13.72,13.94,3201346
ZFL.TO,20241120,13.1,13.105,12.975,12.975,31710
ZFH.TO,20241120,15.03,15.05,15.02,15.03,7534
KBL.TO,20241120,34.81,35.2,34.81,35.19,2395
ZFC.TO,20241120,45.45,45.45,45.45,45.45,100
ZESG.TO,20241120,37.59,37.92,37.59,37.92,4525
KEC.TO,20241120,15.1,15.2,15.1,15.2,200
ZEQT.TO,20241120,51.34,51.45,51.11,51.45,4481
ZEQ.TO,20241120,29.06,29.24,29.06,29.24,6803
ZEO.TO,20241120,76.29,76.41,76.04,76.41,3203
ZEM.TO,20241120,22,22,21.91,21.96,22409
ZEF.TO,20241120,12.35,12.35,12.35,12.35,900
KEI.TO,20241120,5.08,5.19,5.05,5.19,5159
ZEB.TO,20241120,41.77,42.165,41.74,42.15,2010291
KEG-UN.TO,20241120,15.21,15.345,15.2,15.3,6333
ZEAT.TO,20241120,25.16,25.16,25.16,25.16,2
ZEA.TO,20241120,22.65,22.79,22.62,22.76,22144
ZDY-U.TO,20241120,33.93,33.93,33.79,33.79,97
ZDY.TO,20241120,45.92,45.92,45.64,45.77,1572
ZDV.TO,20241120,22.41,22.58,22.39,22.58,29113
ZDM.TO,20241120,29.14,29.4,29.14,29.37,13024
ZDJ.TO,20241120,66.51,67.04,66.5,66.89,6917
ZDI.TO,20241120,23.39,23.5,23.36,23.46,7593
ZDH.TO,20241120,26.58,26.75,26.58,26.74,5820
ZDB.TO,20241120,15.02,15.02,14.97,14.97,2107
ZCS-L.TO,20241120,24.26,24.26,24.26,24.26,200
KEY.TO,20241120,44.9,45.09,44.77,45.13,1229887
KEL.TO,20241120,6.67,6.76,6.62,6.67,251893
ZCS.TO,20241120,13.82,13.83,13.82,13.82,25224
KILO.TO,20241120,38.8,38.91,38.76,38.91,11828
KILO-B.TO,20241120,43.76,43.78,43.65,43.78,8253
ZCPB.TO,20241120,28.05,28.05,27.97,27.97,4100
KILO-U.TO,20241120,40.52,40.52,40.5,40.5,300
ZCON.TO,20241120,35.15,35.15,35.15,35.15,6410
ZCN.TO,20241120,33.39,33.52,33.23,33.52,51548
ZCM.TO,20241120,15.4,15.42,15.39,15.39,14629
KITS.TO,20241120,8.73,8.93,8.73,8.85,9801
ZCLN.TO,20241120,13.17,13.2,13.14,13.13,5020
ZCH.TO,20241120,15.42,15.42,15.28,15.29,32667
KMP-UN.TO,20241120,18.27,18.365,18.055,18.27,166963
ZCDB.TO,20241120,30.3,30.3,30.24,30.24,1650
ZCB.TO,20241120,47.16,47.13,47.05,47.05,1694
KLS.TO,20241120,0.135,0.15,0.125,0.125,77000
ZBK.TO,20241120,38.26,38.41,38.04,38.37,21169
ZBI.TO,20241120,30.23,30.25,30.23,30.25,3448
ZBBB.TO,20241120,28.51,28.58,28.51,28.58,3000
KNGC.TO,20241120,10.48,10.48,10.48,10.48,1
ZBAL-T.TO,20241120,30.5,30.5,30.44,30.44,202
ZBAL.TO,20241120,40.03,40.1,40,40.04,8600
ZAG.TO,20241120,13.84,13.84,13.79,13.79,199494
KNGU.TO,20241120,10.83,10.83,10.81,10.81,200
ZACE.TO,20241120,48.88,48.89,48.86,48.89,300
YRB.TO,20241120,0.045,0.045,0.045,0.045,22522
KNGX.TO,20241120,9.58,9.58,9.58,9.58,13
YGR.TO,20241120,0.97,0.97,0.95,0.95,78600
YCM-PB.TO,20241120,5.11,5.11,5.11,5.11,1200
KNT.TO,20241120,9,9.1,8.85,8.95,422724
YCM-PA.TO,20241120,5.09,5.09,5.09,5.09,100
YCM.TO,20241120,4.7,4.7,4.7,4.7,1900
Y.TO,20241120,11.08,11.08,10.12,11.04,9127
XWD.TO,20241120,94.01,94.7,93.97,94.64,6841
XVLU.TO,20241120,29.07,29.16,29.05,29.05,875
XUU-U.TO,20241120,43.82,43.82,43.82,43.82,5000
KPT.TO,20241120,8.2,8.22,8.18,8.18,20513
XUU.TO,20241120,60.8,61.29,60.68,61.2,20809
XUT.TO,20241120,28.04,28.38,27.94,28.37,73761
XUSR.TO,20241120,90.89,91.47,90.89,91.47,1572
XUSF.TO,20241120,74.45,74.45,74.3,74.3,237
XUSC-U.TO,20241120,31.54,31.54,31.54,31.54,493
XUSC.TO,20241120,44.03,44.12,44.01,44.12,712
XUS-U.TO,20241120,37.01,37.28,37,37.24,1751
XUS.TO,20241120,51,51.41,50.96,51.35,81559
KRN.TO,20241120,0.1,0.1,0.1,0.13,15600
KSI.TO,20241120,5,5.14,4.97,5.06,88075
KXS.TO,20241120,165.72,168.11,164.8,168,51625
XUH.TO,20241120,48.53,48.92,48.49,48.92,2075
L-PB.TO,20241120,22.86,22.86,22.82,22.82,82009
L.TO,20241120,177,177,173.84,175.2,336100
XTRA-WT.TO,20241120,0.225,0.23,0.225,0.23,18500
XTRA.TO,20241120,0.68,0.7,0.68,0.69,46363
XTR.TO,20241120,11.33,11.33,11.31,11.32,2600
XTLT-U.TO,20241120,25.94,25.94,25.89,25.89,9800
XTLT.TO,20241120,36.06,36.24,36.06,36.08,14110
XTLH.TO,20241120,34.07,34.13,34,34.03,52610
XTG.TO,20241120,1.6,1.65,1.57,1.65,38800
XTD-PA.TO,20241120,10.34,10.43,10.25,10.25,3500
XTD.TO,20241120,1.98,1.98,1.97,1.99,2700
XTC.TO,20241120,8.44,8.46,8.41,8.46,7106
XSUS.TO,20241120,43.82,43.84,43.81,43.84,2345
LAAC.TO,20241120,4.31,4.54,4.31,4.38,142672
LAC.TO,20241120,5,5.33,4.98,5.2,586748
XSU.TO,20241120,44,44.78,43.97,44.76,68061
LABS.TO,20241120,0.07,0.07,0.07,0.07,148592
LAM.TO,20241120,0.8,0.81,0.77,0.77,141612
LAS-A.TO,20241120,176.5,177,176,177,1110
LB.TO,20241120,28.09,28.56,28.03,28.39,199266
LB-PH.TO,20241120,20.9,20.9,20.77,20.89,3528
LBS.TO,20241120,9.32,9.41,9.29,9.41,51656
XSTP.TO,20241120,42.71,42.71,42.65,42.65,2161
XSTH.TO,20241120,37.41,37.41,37.4,37.4,4590
LBS-PA.TO,20241120,10.85,10.85,10.8,10.85,14000
XSTB.TO,20241120,19.63,19.63,19.62,19.62,641
XST.TO,20241120,52.87,52.87,52.13,52.38,8270
LCFS.TO,20241120,0.94,0.94,0.81,0.87,28952
XSPC.TO,20241120,42.86,42.96,42.9,42.94,2300
XSP.TO,20241120,61.19,61.84,61.15,61.73,331412
LCS.TO,20241120,9.93,10.09,9.91,10.07,22435
XSMH.TO,20241120,29.66,29.99,29.66,29.99,2632
XSMC.TO,20241120,33.66,33.95,33.66,33.94,2089
XSI.TO,20241120,17.16,17.16,17.16,17.16,3100
XSHU-U.TO,20241120,30.63,30.63,30.63,30.63,162
LCS-PA.TO,20241120,10.55,10.61,10.55,10.57,14800
XSHU.TO,20241120,43,43,43,43,500
XSHG.TO,20241120,39.09,39.09,39.03,39.03,300
XSH.TO,20241120,18.93,18.94,18.93,18.94,18659
LEAD.TO,20241120,23.65,23.65,23.65,23.65,1300
XSEM.TO,20241120,21.08,21.13,21.07,21.135,4320
LEAD-B.TO,20241120,25.33,25.35,25.33,25.35,1500
XSEA.TO,20241120,25.6,25.75,25.6,25.75,4000
LEV.TO,20241120,0.38,0.39,0.31,0.335,2315969
XSE.TO,20241120,17.98,18.03,17.98,18.01,3573
LEV-WT.TO,20241120,0.01,0.01,0.01,0.01,15000
XSC.TO,20241120,17.94,17.95,17.94,17.94,835
XSB.TO,20241120,26.67,26.71,26.67,26.68,31138
LEV-WTA.TO,20241120,0.035,0.035,0.035,0.035,8000
LFE.TO,20241120,7.12,7.15,7.06,7.15,31010
XSAB.TO,20241120,18.14,18.14,18.1,18.1,811
XRE.TO,20241120,15.83,15.86,15.68,15.82,386543
XRB.TO,20241120,22.8,22.89,22.74,22.74,7025
XQQU-U.TO,20241120,48.84,49.28,48.84,49.23,1906
XQQU.TO,20241120,68.31,68.8,68.15,68.8,3884
XQQ.TO,20241120,51.39,52.03,51.35,51.99,78955
LFE-PB.TO,20241120,10.5,10.5,10.5,10.5,13100
XQLT.TO,20241120,40.98,41.25,40.98,41.17,5556
XQB.TO,20241120,18.99,19,18.95,18.95,6171
LGD.TO,20241120,0.3,0.325,0.295,0.315,143518
XPF.TO,20241120,15.22,15.25,15.22,15.25,1694
XMY.TO,20241120,31.49,31.49,31.49,31.49,900
XMW.TO,20241120,55.32,55.38,55.32,55.38,664
XMV.TO,20241120,46.28,46.57,46.26,46.55,3649
XMU.TO,20241120,85.89,85.89,85.52,85.55,1470
LGO.TO,20241120,2.7,2.93,2.7,2.85,30230
XMTM.TO,20241120,35.91,36.01,35.91,36.01,200
XMS.TO,20241120,37.85,37.85,37.79,37.79,4930
XMM.TO,20241120,29.85,29.85,29.84,29.85,1975
LIF.TO,20241120,29.3,29.37,29.15,29.25,229415
XML.TO,20241120,27.6,27.62,27.595,27.62,3605
XMI.TO,20241120,38.5,38.5,38.5,38.5,300
XMH.TO,20241120,28.7,28.94,28.62,28.92,14667
XMF-PC.TO,20241120,4.75,4.75,4.75,4.75,1200
XMF-PB.TO,20241120,5.13,5.13,5.13,5.13,4900
LIFE.TO,20241120,19.81,20,19.81,19.97,17356
XMF-A.TO,20241120,0.55,0.55,0.48,0.48,3000
LIFE-B.TO,20241120,24.3,24.3,24.15,24.22,2410
XMD.TO,20241120,38.27,38.59,38.27,38.56,2444
XMC-U.TO,20241120,24.75,24.93,24.75,24.93,2000
LIFE-U.TO,20241120,19.55,19.55,19.55,19.55,300
XMC.TO,20241120,34.34,34.59,34.19,34.53,27249
XMA.TO,20241120,21.81,22.06,21.81,22.06,21902
LIRC.TO,20241120,5.89,5.9,5.69,5.88,7000
XLY.TO,20241120,0.035,0.04,0.035,0.04,2037444
XLVE.TO,20241120,7.57,7.6,7.57,7.6,926
XLB.TO,20241120,19.42,19.46,19.3,19.3,112131
XIU.TO,20241120,37.75,38.08,37.7,38.07,1932183
XIT.TO,20241120,65.62,66.445,65.26,66.19,13950
XINC.TO,20241120,20.35,20.36,20.34,20.35,5600
LLHE.TO,20241120,9.04,9.21,8.99,9.21,78494
XIN.TO,20241120,35.69,35.98,35.69,35.96,88654
XIGS.TO,20241120,37.42,37.44,37.42,37.44,300
LLHE-U.TO,20241120,8.53,8.95,8.53,8.95,617
LLYH.TO,20241120,9.97,9.97,9.86,9.96,2304
XIG.TO,20241120,19.99,20.02,19.99,19.99,9693
LLYH-U.TO,20241120,9.66,9.66,9.66,9.66,102
XID.TO,20241120,54.96,55.1,54.9,55.07,3883
LMAX.TO,20241120,15.33,15.33,15.21,15.25,16489
XIC.TO,20241120,39.66,39.94,39.58,39.93,228310
XHY.TO,20241120,16.69,16.83,16.69,16.83,10949
LN.TO,20241120,0.475,0.475,0.465,0.475,34000
LNF.TO,20241120,27.2,27.2,26.94,27.16,19587
XHU.TO,20241120,33.75,33.75,33.63,33.63,419
LNR.TO,20241120,59.82,60.22,59.3,59.76,97282
XHD.TO,20241120,34.68,34.79,34.66,34.75,3841
LPAY.TO,20241120,26.76,26.78,26.7,26.7,6400
XHC.TO,20241120,68.68,69.2,68.6,69.07,18311
LPAY-U.TO,20241120,19.05,19.05,19.05,19.05,1500
LSPD.TO,20241120,24.3,24.76,24.3,24.66,313805
LSPK.TO,20241120,0.39,0.42,0.38,0.38,25500
LUC.TO,20241120,0.425,0.475,0.425,0.475,454880
LUG.TO,20241120,31.89,32.02,31.01,31.85,293099
LUN.TO,20241120,13.81,14.26,13.81,14.24,1587150
LYCT.TO,20241120,10.7,10.7,10.7,10.7,1000
LYFR.TO,20241120,10.19,10.18,10.18,10.19,1100
MAG.TO,20241120,22.34,22.34,21.63,22.05,135480
XHB.TO,20241120,19.67,19.71,19.67,19.69,4156
MAL.TO,20241120,10.92,10.96,10.17,10.78,25155
MARI.TO,20241120,4.8,5.89,4.69,4.9,120993
XHAK.TO,20241120,49.82,49.84,49.82,49.84,520
LONG.TO,20241120,38,38,38,38,33
XGRO.TO,20241120,30.06,30.23,30.03,30.18,115894
XGI.TO,20241120,55.67,55.82,55.49,55.82,1427
XGD.TO,20241120,22.4,22.55,22.2,22.53,566720
IWBE.TO,20241120,17.91,17.91,17.91,17.91,1
XGB.TO,20241120,19.35,19.37,19.3,19.31,103516
XFR.TO,20241120,20.08,20.09,20.07,20.07,44939
XFN.TO,20241120,59.11,59.65,58.985,59.64,156324
XFLX.TO,20241120,39.59,39.61,39.59,39.61,2962
MATR.TO,20241120,13.03,13.32,13,13.15,203225
XFLI-U.TO,20241120,29.3,29.3,29.3,29.3,65
XFLI.TO,20241120,41.05,41.05,41.01,41.01,4100
MBAL.TO,20241120,25.29,25.29,25.22,25.22,40
XFLB.TO,20241120,48.53,48.55,48.4,48.4,1000
MAYB-F.TO,20241120,44.31,44.35,44.31,44.35,1200
MCAD.TO,20241120,100.24,100.24,100.24,100.24,610
XFH.TO,20241120,31.69,31.81,31.69,31.81,3024
XEXP.TO,20241120,49.87,49.87,49.87,49.87,160
MBX.TO,20241120,0.315,0.315,0.3125,0.315,16009
XEU.TO,20241120,29.32,29.49,29.28,29.47,3559
MCB.TO,20241120,3.07,3.08,2.99,3.02,64905
XETM.TO,20241120,43.39,43.39,43.39,43.39,175
XESG.TO,20241120,30.28,30.48,30.28,30.48,3472
XEQT.TO,20241120,33.3,33.56,33.25,33.52,194725
XEN.TO,20241120,37.16,37.29,37.16,37.16,154
XEMC.TO,20241120,48.08,48.25,48.08,48.2,592
XEM.TO,20241120,33.45,33.49,33.45,33.49,600
XEI.TO,20241120,27.77,27.95,27.69,27.95,61966
XEH.TO,20241120,31.57,31.85,31.57,31.83,6693
XEG.TO,20241120,17.88,18.08,17.84,17.99,436291
XEF-U.TO,20241120,26.68,26.87,26.65,26.87,3500
XEF.TO,20241120,37.31,37.58,37.29,37.51,63483
MCLC.TO,20241120,42.04,42.04,42.04,42.04,100
XEC-U.TO,20241120,21.5,21.5,21.5,21.5,200
XEC.TO,20241120,29.19,29.26,29.19,29.23,17888
MCLV.TO,20241120,22.63,22.71,22.63,22.71,4600
XEB.TO,20241120,15.92,15.925,15.88,15.925,4297
XDV.TO,20241120,31.86,32.11,31.81,32.11,21913
XDUH.TO,20241120,28.17,28.17,28.17,28.17,500
XDU-U.TO,20241120,22.86,22.86,22.78,22.78,82
XDU.TO,20241120,32.27,32.27,32.01,32.02,10515
XDSR.TO,20241120,57.36,57.75,57.36,57.7,4425
XDRV.TO,20241120,40.3,40.3,40.3,40.3,30
XDNA.TO,20241120,33.46,33.46,33.46,33.46,100
XDIV.TO,20241120,30.67,30.91,30.6,30.91,70100
MCON.TO,20241120,22.17,22.17,22.17,22.19,600
XDGH.TO,20241120,27.12,27.14,27.12,27.14,1000
MCSB.TO,20241120,19.69,19.69,19.69,19.69,2800
XDG-U.TO,20241120,19.61,19.61,19.61,19.61,100
XDG.TO,20241120,27.25,27.25,27.15,27.19,5401
MCSM.TO,20241120,42.23,42.23,42.23,42.23,2700
XCV.TO,20241120,39.51,39.52,39.51,39.52,2432
XCSR.TO,20241120,74.61,75.01,74.41,74.99,1738
MDA.TO,20241120,25.7,26.6,25.7,26.37,821302
XCS.TO,20241120,21.15,21.21,21.1,21.21,1181
XCNS.TO,20241120,23.32,23.39,23.32,23.39,12317
XCLN.TO,20241120,28.05,28.05,28.05,28.05,100
XCHP.TO,20241120,51.87,52.06,51.87,52.01,1694
XCH.TO,20241120,20.21,20.25,20.18,20.18,36375
XCG.TO,20241120,55.49,55.82,55.43,55.82,1305
XCD.TO,20241120,57.4,57.81,57.4,57.68,604
MDI.TO,20241120,8.58,8.58,8.45,8.53,30133
XCBU-U.TO,20241120,25.86,25.86,25.86,25.86,2400
XCBU.TO,20241120,36.3,36.3,36.3,36.3,200
MDIV.TO,20241120,18.24,18.28,18.2,18.2,2762
MDNA.TO,20241120,1.61,1.65,1.6,1.62,54797
XCBG.TO,20241120,37.5,37.5,37.43,37.43,4500
XCB.TO,20241120,20.06,20.06,20.02,20.02,78596
XBM.TO,20241120,21.35,21.72,21.35,21.72,25077
XBB.TO,20241120,28.24,28.25,28.17,28.17,126229
XBAL.TO,20241120,29.99,30.1,29.95,30.07,47465
MDP.TO,20241120,2.24,2.24,2.07,2.11,41267
XAW-U.TO,20241120,31.84,31.84,31.84,31.84,100
XAW.TO,20241120,44.04,44.23,43.98,44.24,40818
MDVD.TO,20241120,26.63,26.67,26.33,26.67,1200
MDS-UN.TO,20241120,13.25,13.25,13.25,13.25,700
XAU.TO,20241120,8.4,8.4,8.17,8.22,4599
XAM.TO,20241120,0.05,0.05,0.05,0.05,50200
XAGH.TO,20241120,33.29,33.29,33.26,33.26,1717
MEE.TO,20241120,26.18,26.32,26.14,26.16,12400
XAGG-U.TO,20241120,26.85,26.85,26.85,26.85,3000
MEG.TO,20241120,25.56,25.66,25.29,25.36,1141702
XAGG.TO,20241120,38.09,38.09,38.09,38.09,100
XAD.TO,20241120,68.37,68.47,68.27,68.27,1199
X.TO,20241120,43.01,43.81,43.01,43.47,335186
MEME-B.TO,20241120,30.08,30.4,30.04,30.04,4600
WXM.TO,20241120,31.94,32.28,31.94,32.26,1019
HPYT-U.TO,20241120,10.55,10.57,10.54,10.54,15600
WTE.TO,20241120,23.32,23.62,23.1,23.44,40343
WSRI.TO,20241120,43.9,43.9,43.69,43.88,1275
WSRD.TO,20241120,28.84,28.93,28.81,28.93,700
WSP-R.TO,20241120,237,238.09,236.47,238.09,800
MEQ.TO,20241120,197.98,198,195.84,196.18,2054
WSP.TO,20241120,234.98,240.15,234.01,239.44,228865
MEQT.TO,20241120,25.16,25.22,25.16,25.22,4300
WRX.TO,20241120,0.055,0.055,0.055,0.055,1000
WRN.TO,20241120,1.64,1.64,1.57,1.58,72110
WRG.TO,20241120,2.7,2.7,2.58,2.58,138
WPRT.TO,20241120,6.19,6.22,6,6.21,6688
WPM.TO,20241120,86.11,87.45,85.45,87.4,880183
MFC.TO,20241120,44.8,45.55,44.44,45.51,6974281
WPK.TO,20241120,48.27,48.35,47.82,48.07,44474
WOMN.TO,20241120,37.67,37.67,37.67,37.67,104
MFC-PB.TO,20241120,20.18,20.18,20.18,20.18,100
WNDR-WTB.TO,20241120,0.005,0.005,0.005,0.005,10800
WNDR.TO,20241120,0.195,0.195,0.18,0.195,1287940
WN-PE.TO,20241120,19.6,19.7,19.6,19.7,2500
MFC-PC.TO,20241120,19.89,19.89,19.86,19.89,1800
WN-PD.TO,20241120,21.64,21.64,21.39,21.39,2948
MFC-PF.TO,20241120,16.5,16.54,16.38,16.54,2008
WN-PC.TO,20241120,21.45,21.45,21.4,21.45,3281
MFC-PI.TO,20241120,24.34,24.43,24.28,24.43,3167
WN-PA.TO,20241120,24.15,24.18,24.1,24.18,400
WN.TO,20241120,221.51,221.51,212.77,215.1,264959
MFC-PK.TO,20241120,24.27,24.6,24.27,24.6,6445
WM.TO,20241120,0.065,0.065,0.06,0.06,71618
MFC-PJ.TO,20241120,24.2,24.28,24.2,24.28,2100
WLLW.TO,20241120,0.08,0.085,0.075,0.075,331621
MFC-PL.TO,20241120,23.22,23.36,23.22,23.36,64500
WJX.TO,20241120,21.53,21.53,21.05,21.12,35021
MFC-PM.TO,20241120,21.94,22.19,21.94,22.19,5806
WILD.TO,20241120,0.99,1.05,0.99,1.05,10800
WGX.TO,20241120,2.52,2.53,2.48,2.53,155177
MFC-PP.TO,20241120,17.1,17.1,17,17.1,6500
WFG.TO,20241120,129.93,130.22,128.48,129.1,88732
MFC-PN.TO,20241120,21.58,21.58,21.58,21.58,452
WFC.TO,20241120,18.56,18.94,18.56,18.6,58
WELL-DB.TO,20241120,100.1,100.1,100,100,79000
WELL.TO,20241120,4.88,5.04,4.85,5.03,909833
WEF.TO,20241120,0.45,0.45,0.44,0.45,286174
WEED.TO,20241120,5.31,5.41,5.27,5.36,787130
WDO.TO,20241120,12.07,12.07,11.66,11.86,340244
MFI.TO,20241120,22.51,22.74,22.38,22.64,157054
WCP.TO,20241120,10.32,10.42,10.27,10.37,924155
MFT.TO,20241120,17.14,17.21,17.14,17.2,29184
WCN.TO,20241120,259.33,262.66,257.95,261.85,186899
WCM-A.TO,20241120,2.81,2.81,2.81,2.81,710
VXM-B.TO,20241120,29.99,30.09,29.99,30.09,200
VXM.TO,20241120,33.28,33.28,33.28,33.28,59
VXC.TO,20241120,63.18,63.56,63.07,63.51,12515
VVSG.TO,20241120,50.21,50.21,50.21,50.21,800
VVO.TO,20241120,38.11,38.11,38.11,38.11,110
VVL.TO,20241120,53.08,53.24,52.91,53.12,6576
MFC-PQ.TO,20241120,24.15,24.28,24.15,24.28,2305
VUS.TO,20241120,103.46,103.83,102.8,103.76,4965
VUN.TO,20241120,110.04,111.25,110.04,111.08,34191
VSP.TO,20241120,94.98,95.96,94.9,95.8,28729
VSC.TO,20241120,23.93,23.95,23.91,23.91,9999
MGA.TO,20241120,0.37,0.39,0.37,0.375,1647074
VSB.TO,20241120,23.17,23.18,23.16,23.165,22952
VRTS.TO,20241120,0.015,0.015,0.015,0.015,50000
VRN.TO,20241120,7.4,7.41,7.26,7.35,5836879
VRIF.TO,20241120,24.77,24.86,24.77,24.83,6881
MGAB.TO,20241120,16.97,16.97,16.97,16.97,7
VRE.TO,20241120,32.81,32.96,32.65,32.86,3174
MGB.TO,20241120,16.36,16.37,16.28,16.32,12116
VQS.TO,20241120,0.22,0.225,0.185,0.2,109700
VPH.TO,20241120,0.045,0.045,0.045,0.045,51000
VOXR.TO,20241120,3.7,3.88,3.7,3.84,14120
MGDV.TO,20241120,21.62,21.78,21.62,21.74,11761
VNP.TO,20241120,6.48,6.58,6.45,6.55,46112
MGQE.TO,20241120,22.32,22.34,22.3,22.3,5800
VMO.TO,20241120,64.2,64.83,64.2,64.7,2748
VLN.TO,20241120,12.2,12.2,11.3,11.42,9232
MHC-U.TO,20241120,15.4,15.41,15.03,15.37,19618
MGRW.TO,20241120,28.75,28.75,28.63,28.63,1705
MHC-UN.TO,20241120,21.5,21.5,21.05,21.5,5048
VLE.TO,20241120,5.22,5.37,5.11,5.23,225565
VLB.TO,20241120,21.29,21.3,21.13,21.13,28973
VIU.TO,20241120,33.88,34.07,33.81,34.02,48677
VIDY.TO,20241120,31.1,31.35,31.1,31.3,9455
VI.TO,20241120,38.82,38.99,38.7,38.94,19972
VHI.TO,20241120,10.28,10.37,10.03,10.09,88715
VGZ.TO,20241120,0.8,0.8,0.79,0.79,2291
VGV.TO,20241120,22.42,22.42,22.42,22.42,860
VGRO.TO,20241120,37,37.255,36.99,37.2,161110
MHCD.TO,20241120,11.44,11.54,11.44,11.54,11801
VGH.TO,20241120,64.58,64.8,64.39,64.65,2107
VGG.TO,20241120,94.5,94.74,94.2,94.41,17499
VFV.TO,20241120,145.64,146.96,145.45,146.66,183570
VET.TO,20241120,14.19,14.41,14.055,14.15,602494
VEQT.TO,20241120,45.19,45.46,45.05,45.4,138729
VEF.TO,20241120,56.13,56.25,56.13,56.25,3109
MI-UN.TO,20241120,14.18,14.31,14.12,14.14,217477
VEE.TO,20241120,38.13,38.33,38.13,38.24,20886
MIC-PA.TO,20241120,21.25,21.26,21.25,21.26,500
VE.TO,20241120,34.69,34.91,34.69,34.91,1631
VDY.TO,20241120,49.94,50.3,49.79,50.3,110993
VDU.TO,20241120,43.08,43.36,43.06,43.3,37235
MID-UN.TO,20241120,7.6,7.68,7.6,7.66,2602
MIN.TO,20241120,0.135,0.145,0.135,0.14,108470
VCNS.TO,20241120,29.22,29.35,29.22,29.33,18160
VCN.TO,20241120,50.89,51.27,50.8,51.24,53475
VCM.TO,20241120,17.16,17.25,16.5,16.5,3200
VCIP.TO,20241120,26.23,26.23,26.17,26.2,3665
VCE.TO,20241120,54.84,55.24,54.75,55.24,10193
VCB.TO,20241120,24.06,24.07,24.02,24.02,15069
MINF.TO,20241120,9.91,9.91,9.88,9.88,600
MG.TO,20241120,60.32,60.57,59.65,59.76,1838477
VBNK-PA.TO,20241120,9.99,9.99,9.99,9.99,2300
VBNK.TO,20241120,23.6,24.25,23.33,24.01,70075
VBAL.TO,20241120,33.04,33.13,32.95,33.1,128602
MINN.TO,20241120,22.01,22.01,22.01,22.01,799
VALT-U.TO,20241120,26.11,26.11,26.11,26.11,160
MINT.TO,20241120,37.505,37.505,37.43,37.43,23
VALT-B.TO,20241120,36.51,36.51,36.51,36.51,119
VALT.TO,20241120,32.56,32.64,32.56,32.64,3390
VAB.TO,20241120,23.01,23.04,22.98,22.98,87698
VA.TO,20241120,38.71,38.89,38.7,38.89,953
UTIL.TO,20241120,22.24,22.24,22.23,22.23,508
UTES.TO,20241120,9.84,9.91,9.77,9.91,38843
MINT-B.TO,20241120,33.28,33.29,33.28,33.29,4000
USSX-U.TO,20241120,22.33,22.56,22.32,22.54,10700
MIQE.TO,20241120,20.26,20.33,20.26,20.33,1900
USSX.TO,20241120,31.34,31.45,31.34,31.45,1400
MKB.TO,20241120,19.27,19.28,19.22,19.22,7413
MIVG.TO,20241120,35.62,35.62,35.62,35.62,100
USSL.TO,20241120,23.25,23.25,23.25,23.25,150
USCL.TO,20241120,23.17,23.37,23.17,23.37,25861
USCC-U.TO,20241120,14.04,14.08,14.04,14.08,710
USCC.TO,20241120,19.58,19.72,19.58,19.715,5135
USA.TO,20241120,0.56,0.56,0.54,0.545,185727
MKP.TO,20241120,19.53,19.71,19.41,19.7,38272
URE.TO,20241120,1.92,1.95,1.865,1.91,202270
MKZ-UN.TO,20241120,0.43,0.47,0.43,0.47,12600
URC-WT.TO,20241120,1.8,1.9,1.74,1.86,86300
URC.TO,20241120,3.84,3.92,3.73,3.84,308651
URB-A.TO,20241120,5.48,5.49,5.4,5.46,4589
URB.TO,20241120,5.63,5.63,5.63,5.63,149
MMP-UN.TO,20241120,1.85,1.89,1.85,1.89,4133
UNI.TO,20241120,1.4,1.45,1.38,1.42,26800
UNC-PB.TO,20241120,52,52,52,52,100
MND.TO,20241120,3.39,3.5,3.35,3.46,31874
UNC-PA.TO,20241120,53,53,53,53,100
UNC.TO,20241120,130.11,130.11,130.1,130.1,200
UMNY-U.TO,20241120,50.18,50.18,50.18,50.18,130
MNO.TO,20241120,0.415,0.425,0.41,0.42,378200
UMI-B.TO,20241120,44.39,44.39,44.29,44.29,502
MNS.TO,20241120,24.1,24.1,23.9,23.9,627
MNS-U.TO,20241120,19.45,19.45,19.45,19.45,100
MNT.TO,20241120,37.5,38.41,37.5,38.09,13165
UMI.TO,20241120,35.77,35.77,35.77,35.77,6
UMAX.TO,20241120,14.6,14.655,14.515,14.655,158376
ULV-U.TO,20241120,26.42,26.49,26.42,26.49,200
MNT-U.TO,20241120,27.27,27.3,27.27,27.29,400
ULV-F.TO,20241120,52.11,52.11,52.1,52.1,10500
MNU-U.TO,20241120,100.29,100.29,100.29,100.29,500
ULV-C.TO,20241120,36.97,37,36.97,37,1200
MNXT.TO,20241120,21.18,21.34,21.17,21.34,14112
UDIV-U.TO,20241120,11.79,11.79,11.79,11.79,100
MNY.TO,20241120,100.23,100.24,100.23,100.24,6288
MOGO.TO,20241120,2.04,2.13,1.91,2.1,112142
UDIV-B.TO,20241120,14.74,14.74,14.73,14.74,1100
UDIV.TO,20241120,13.49,13.62,13.49,13.58,4090
MORE.TO,20241120,21.48,21.54,21.48,21.51,24900
UDEF.TO,20241120,10.21,10.21,10.21,10.21,8000
UDA.TO,20241120,17.61,17.66,17.61,17.66,520
UCSH-U.TO,20241120,50.125,50.125,50.12,50.12,1885
UBIL-U.TO,20241120,50.08,50.08,50.07,50.075,20356
U-UN.TO,20241120,26.92,27.25,26.43,27.25,458635
U-U.TO,20241120,19.07,19.62,18.9,19.62,60350
MPAY-U.TO,20241120,19.25,19.25,19.25,19.25,200
TXP.TO,20241120,0.55,0.55,0.53,0.54,132775
TXG.TO,20241120,29.01,29.76,28.53,29.51,329893
TXF-U.TO,20241120,11.38,11.38,11.37,11.37,350
TXF-B.TO,20241120,27.38,27.38,27.38,27.38,102
MPC.TO,20241120,5.44,5.44,5.3,5.3,400
TXF.TO,20241120,21.35,21.62,21.35,21.61,7115
TWM-DBA.TO,20241120,91.03,91.03,89.51,62,46000
TWM.TO,20241120,0.13,0.135,0.125,0.13,1463452
TWC.TO,20241120,17.43,17.43,17.42,17.42,200
MPC-C.TO,20241120,4.5,4.5,4.5,4.4,2500
TVK.TO,20241120,120.73,125.72,120.73,122.94,42961
TVE.TO,20241120,4.42,4.49,4.35,4.37,1738777
MPCT-DBA.TO,20241120,94.5,94.5,94.5,94.5,10000
TVA-B.TO,20241120,1,1,1,1,2000
MPCT-UN.TO,20241120,4.36,4.36,4.2,4.29,39917
MPVD.TO,20241120,0.125,0.125,0.125,0.125,1006
TUSB-U.TO,20241120,9.99,9.99,9.99,9.99,100
MPY.TO,20241120,10.15,10.15,10.15,10.15,1700
TUSB.TO,20241120,14.37,14.37,14.32,14.32,2200
TULV.TO,20241120,21.99,21.99,21.95,21.95,300
TULB.TO,20241120,114.74,115.1,114.74,114.93,4300
MPAY.TO,20241120,26.98,26.98,26.93,26.93,1800
TUHY.TO,20241120,20.98,20.98,20.86,20.88,300
MR-UN.TO,20241120,4.81,4.82,4.8,4.81,35400
TUEX.TO,20241120,27.14,27.43,27.14,27.43,721
TUED-U.TO,20241120,21.77,21.86,21.77,21.86,2900
TUED.TO,20241120,30.35,30.54,30.29,30.59,43033
TTTX.TO,20241120,23.26,23.27,23.25,23.25,7322
TTP.TO,20241120,28.4,28.63,28.37,28.62,129996
MRD.TO,20241120,13.29,13.35,13.25,13.35,10452
TTNM.TO,20241120,2.55,2.56,2.48,2.54,30396
MRC.TO,20241120,116.82,118.38,116.59,118.38,21077
TSU.TO,20241120,39.3,39.49,38.85,39.07,60518
MRE.TO,20241120,9.78,9.85,9.7,9.76,134260
TSND.TO,20241120,1.24,1.26,1.15,1.15,112818
MREL.TO,20241120,12.56,12.61,12.56,12.61,5357
TSL.TO,20241120,2.95,2.95,2.89,2.91,12605
TSK.TO,20241120,0.455,0.455,0.435,0.445,4504
TSAT.TO,20241120,16.31,16.5,15.39,15.4,10424
MRG-DBB.TO,20241120,102.5,102.5,102.5,102.5,22000
TRZ.TO,20241120,1.8,1.8,1.77,1.8,16995
TRX.TO,20241120,0.49,0.49,0.49,0.49,500
MRG-UN.TO,20241120,18.55,18.55,18.31,18.38,19775
MRT-DBA.TO,20241120,98.5,98.5,98.5,98.5,65000
TRVL-U.TO,20241120,27.55,27.55,27.55,27.55,130
TRVL.TO,20241120,29.73,30.28,29.73,30.28,5899
TRVI.TO,20241120,21.84,22.12,21.84,22.12,800
MRT-UN.TO,20241120,5.5,5.55,5.5,5.55,2100
TRP-W.TO,20241120,58.5,59.5,58.5,59.46,19500
MRU.TO,20241120,85.58,87.08,84.71,86.28,530381
TRP-PI.TO,20241120,15.09,15.09,14.53,14.85,3520
TRP-PH.TO,20241120,14.42,14.42,14.21,14.42,3005
TRP-PG.TO,20241120,20.4,20.59,20.4,20.4,113340
TRP-PF.TO,20241120,17.4,17.5,17.4,17.49,57600
TRP-PE.TO,20241120,18.44,18.45,18.4,18.4,7100
MSA.TO,20241120,1.32,1.34,1.32,1.33,50597
TRP-PD.TO,20241120,20.47,20.47,20.2,20.25,7768
MSCL.TO,20241120,0.82,0.82,0.76,0.76,87569
TRP-PC.TO,20241120,14,14.05,14,14.05,15780
MSFH.TO,20241120,11.93,12.01,11.93,12.01,1536
TRP-PB.TO,20241120,13.67,13.8,13.67,13.8,9794
TRP-PA.TO,20241120,17.3,17.36,17.26,17.31,15991
TRP.TO,20241120,69.57,69.72,68.94,69.6,2187489
TRI-PB.TO,20241120,13.64,13.85,13.64,13.67,7300
TRI.TO,20241120,224.2,225,222.59,224.48,326725
MSFH-U.TO,20241120,11.73,11.73,11.64,11.64,3400
TQSM.TO,20241120,25.14,25.52,25.14,25.49,29552
MSHE.TO,20241120,11.88,11.97,11.82,11.96,7876
TQGM.TO,20241120,18.73,18.81,18.73,18.81,400
MSHE-U.TO,20241120,11.63,11.68,11.6,11.68,1207
TQGD.TO,20241120,19.72,20.03,19.72,20.01,33820
TQCD.TO,20241120,19.4,19.5,19.36,19.5,54505
TPZ.TO,20241120,28.23,28.57,28.18,28.2,246963
MSV.TO,20241120,0.185,0.185,0.18,0.18,64600
TPX-B.TO,20241120,85.73,85.73,85.73,85.73,100
TPU-U.TO,20241120,33.78,34.03,33.72,34.02,7300
TPU.TO,20241120,46.59,47,46.55,46.94,55139
TPRF.TO,20241120,10.67,10.75,10.66,10.75,1500
TPE.TO,20241120,21.95,22.08,21.9,22.06,10858
MTAV.TO,20241120,30.09,30.09,30.09,30.09,132
TOY.TO,20241120,30.67,31.78,30.38,31.57,104134
MTL.TO,20241120,15.48,15.48,15.28,15.32,108283
TOWR.TO,20241120,29.07,29.07,29.07,29.07,200
TOU.TO,20241120,62.53,63.44,62.2,62.65,2378794
TOT.TO,20241120,11.75,11.75,11.49,11.54,250392
TNZ.TO,20241120,14.67,14.98,14.31,14.41,69093
TNT-UN.TO,20241120,11.28,11.47,11.27,11.33,30567
TMQ.TO,20241120,1.61,1.8,1.61,1.75,123559
MTY.TO,20241120,46.42,46.43,44.16,44.51,93515
TMD.TO,20241120,0.05,0.05,0.045,1.125,117220
MUB.TO,20241120,18.45,18.5,18.45,18.5,23702
TLV.TO,20241120,33.22,33.52,33.22,33.52,611
TLRY.TO,20241120,1.84,1.85,1.79,1.84,701733
TLO.TO,20241120,0.095,0.095,0.085,0.085,401961
TLG.TO,20241120,0.29,0.29,0.27,0.27,501597
MULC.TO,20241120,53.02,53.19,53.02,53.19,200
TLF-U.TO,20241120,27.04,27.07,27.04,27.07,3000
TLF.TO,20241120,24.84,25.07,24.79,25.03,1948
TKO.TO,20241120,2.86,2.93,2.83,2.91,255559
MULC-B.TO,20241120,60.16,60.29,60.16,60.29,200
TKN-U.TO,20241120,17.54,17.54,17.54,17.54,130
TKN.TO,20241120,24.36,24.45,24.34,24.34,405
TIXT.TO,20241120,4.92,4.92,4.75,4.87,331486
