<ticker>,<date>,<open>,<high>,<low>,<close>,<vol>
AAB.TO,20231018,0.025,0.025,0.025,0.025,2251
AAUC.TO,20231018,3.75,4,3.75,3.9,132009
AAV.TO,20231018,9.57,9.64,9.48,9.56,303659
ABX.TO,20231018,22.58,22.86,22.46,22.66,4240769
AC.TO,20231018,17.65,17.65,17,17.13,3278923
ACB.TO,20231018,0.7,0.7,0.65,0.65,875379
ACD.TO,20231018,5.6,5.6,5.3,5.35,3300
ACD.DB.TO,20231018,98,98,98,98,300000
ACO.X.TO,20231018,35.11,35.11,34.78,34.82,149571
ACO.Y.TO,20231018,35.11,35.11,34.86,34.93,1703
ACQ.TO,20231018,25.98,25.98,24.37,24.47,33526
AD.DB.TO,20231018,97.25,97.6,97.25,97.6,20000
AD.UN.TO,20231018,13.81,13.81,13.53,13.57,79095
ADCO.TO,20231018,0.215,0.215,0.2,0.2,7500
ADEN.TO,20231018,27.01,27.08,26.45,26.48,14402
ADN.TO,20231018,16.59,16.59,16.43,16.47,6997
ADW.A.TO,20231018,4.1,4.17,4.1,4.16,7600
AEM.TO,20231018,68.37,68.91,67.24,67.56,1199291
AEZS.TO,20231018,2.31,2.31,2.31,2.31,981
AFN.TO,20231018,50.66,50.72,49.8,50.3,92085
AFN.DB.F.TO,20231018,98,98,98,98,5000
AFN.DB.G.TO,20231018,97.01,97.01,97,97,11000
AFN.DB.H.TO,20231018,93,93,93,93,5000
AFN.DB.I.TO,20231018,124,124,124,124,50000
AFN.DB.J.TO,20231018,97.51,97.51,97.32,97.32,77000
AGF.B.TO,20231018,6.89,6.89,6.68,6.7,105481
AGI.TO,20231018,17.41,17.57,17.13,17.31,643879
AI.TO,20231018,11.08,11.09,10.72,10.72,33777
AI.DB.D.TO,20231018,91.52,95.2,91.52,95.2,29000
AIDX.TO,20231018,0.75,0.83,0.73,0.77,723615
AIF.TO,20231018,48.63,48.63,47.81,48.13,32832
AII.TO,20231018,0.56,0.56,0.54,0.54,27200
AIM.TO,20231018,3.45,3.47,3.44,3.44,44776
AIM.PR.C.TO,20231018,19.25,19.25,18.75,18.75,1200
AKT.A.TO,20231018,1.72,1.72,1.72,1.72,988
ALA.TO,20231018,26.59,26.81,26.07,26.09,528558
ALA.PR.B.TO,20231018,17.1,17.1,17.05,17.1,900
ALA.PR.G.TO,20231018,17.15,17.35,17.15,17.15,6502
ALC.TO,20231018,14.7,14.7,14.55,14.55,4706
ALC.DB.A.TO,20231018,100.67,100.67,100.4,100.4,13000
ALS.TO,20231018,20.84,21.41,20.84,21.08,81302
ALYA.TO,20231018,2.26,2.26,2.18,2.18,15188
AMC.TO,20231018,2.75,2.81,2.73,2.74,181427
AMM.TO,20231018,0.19,0.21,0.19,0.19,84501
AND.TO,20231018,40.37,40.37,39.15,39.5,11992
AOI.TO,20231018,2.71,2.73,2.68,2.73,260508
AOT.TO,20231018,0.355,0.375,0.35,0.37,202540
AP.UN.TO,20231018,17.88,17.93,17.45,17.65,228355
APLI.TO,20231018,0.04,0.04,0.035,0.035,47991
APR.UN.TO,20231018,10.31,10.36,10.16,10.18,30275
APS.TO,20231018,3.4,3.4,3.4,3.4,126
AQN.TO,20231018,7.55,7.55,7.11,7.22,6789378
AQN.PR.A.TO,20231018,18.34,18.38,18.26,18.34,8962
AQN.PR.D.TO,20231018,18.51,18.51,18.45,18.45,1100
AR.TO,20231018,0.55,0.56,0.54,0.54,1095037
ARA.TO,20231018,0.385,0.4,0.385,0.4,37026
ARB.TO,20231018,25.62,25.63,25.58,25.58,6300
ARE.TO,20231018,10.66,10.66,10.27,10.3,176427
ARG.TO,20231018,1.17,1.19,1.14,1.15,147243
ARIS.TO,20231018,3.46,3.55,3.4,3.44,345312
ARIS.WT.A.TO,20231018,0.15,0.21,0.15,0.165,18500
ARKG.TO,20231018,10.9,10.9,10.9,10.9,100
ARKK.TO,20231018,15.38,15.38,15.05,15.06,680
ARKW.TO,20231018,17.67,17.67,17.67,17.67,500
ARR.TO,20231018,7.5,7.51,7.38,7.4,25594
ARX.TO,20231018,22,22.35,21.9,22.24,3262015
ASCU.TO,20231018,1.56,1.56,1.53,1.54,26817
ASM.TO,20231018,0.7,0.75,0.7,0.72,121295
ASND.TO,20231018,0.095,0.095,0.085,0.09,158500
ASTL.TO,20231018,9.13,9.14,8.99,9.02,23705
ATCU.TO,20231018,0.385,0.395,0.345,0.395,40775
ATD.TO,20231018,74.08,74.95,73.91,73.93,892828
ATH.TO,20231018,4.3,4.3,4.19,4.24,3431775
ATRL.TO,20231018,40.24,40.41,39.16,39.82,486776
ATS.TO,20231018,52.37,52.44,49.31,49.44,297814
ATSX.TO,20231018,21.82,21.82,21.82,21.82,100
ATZ.TO,20231018,24.4,24.64,24.1,24.22,260833
AUGB.F.TO,20231018,37.99,37.99,37.99,37.99,300
AUMN.TO,20231018,1.3,2.15,1.3,1.89,214026
AVCN.TO,20231018,0.5,0.5,0.475,0.49,43300
AVL.TO,20231018,0.115,0.115,0.11,0.115,23000
AVNT.TO,20231018,0.18,0.18,0.17,0.17,142182
AW.UN.TO,20231018,30.78,31.09,30.66,30.7,8359
AX.PR.I.TO,20231018,17.25,17.26,17.25,17.25,1300
AX.UN.TO,20231018,6.11,6.15,5.93,6.07,488127
AYA.TO,20231018,7.49,7.74,7.48,7.62,271259
BABY.TO,20231018,0.23,0.265,0.23,0.255,73821
BABY.WT.A.TO,20231018,0.05,0.05,0.05,0.05,15000
BAM.TO,20231018,44.12,44.15,43.18,43.24,488945
BANK.TO,20231018,6.85,6.85,6.72,6.72,14461
BASE.TO,20231018,24.56,24.56,24.51,24.51,1465
BASE.B.TO,20231018,25.07,25.09,25.07,25.09,200
BB.TO,20231018,5.02,5.05,4.82,4.87,1224963
BBD.A.TO,20231018,44.52,44.81,43.89,44.81,7706
BBD.B.TO,20231018,44.2,44.95,42.85,44.57,933216
BBD.PR.C.TO,20231018,17.08,17.2,17.05,17.2,4450
BBD.PR.D.TO,20231018,19.86,20.18,19.5,20.18,15950
BBU.UN.TO,20231018,20.49,20.49,20.19,20.43,31635
BBUC.TO,20231018,23.37,23.37,22.74,22.75,14232
BCE.TO,20231018,52.12,52.13,51.29,51.32,1512734
BCE.PR.A.TO,20231018,14.69,14.69,14.45,14.48,20127
BCE.PR.B.TO,20231018,17.59,17.59,17.42,17.42,3600
BCE.PR.C.TO,20231018,15,15,14.74,14.77,14861
BCE.PR.D.TO,20231018,17.5,17.55,17.5,17.51,33950
BCE.PR.E.TO,20231018,17.1,17.13,16.96,17.13,4379
BCE.PR.F.TO,20231018,14.7,14.78,14.58,14.58,3743
BCE.PR.G.TO,20231018,13.48,13.48,13.36,13.37,14816
BCE.PR.I.TO,20231018,13.49,13.59,13.26,13.26,15987
BCE.PR.J.TO,20231018,17.35,17.35,17.22,17.22,10300
BCE.PR.K.TO,20231018,13.74,13.77,13.69,13.7,5400
BCE.PR.M.TO,20231018,14.08,14.1,13.93,14,10255
BCE.PR.Q.TO,20231018,19.4,19.53,19.4,19.53,7779
BCE.PR.R.TO,20231018,13.88,13.88,13.75,13.75,1400
BCE.PR.S.TO,20231018,17.34,17.34,17.33,17.33,900
BCE.PR.T.TO,20231018,15.6,15.69,15.3,15.3,2496
BCE.PR.Y.TO,20231018,17.25,17.25,17.2,17.2,3900
BCE.PR.Z.TO,20231018,15.61,15.61,15.6,15.6,913
BCT.TO,20231018,7.74,7.8,7.37,7.37,800
BDGI.TO,20231018,35.1,35.16,34.36,34.36,65983
BDI.TO,20231018,6.48,6.51,6.38,6.42,44071
BDT.TO,20231018,10.52,10.53,10.44,10.5,35820
BEI.UN.TO,20231018,67.78,67.92,67.24,67.58,61082
BEP.PR.G.TO,20231018,20.12,20.12,19.99,20,4125
BEP.PR.M.TO,20231018,17.59,17.6,17.26,17.48,3679
BEP.PR.R.TO,20231018,15.44,15.6,15.2,15.21,11000
BEP.UN.TO,20231018,29.17,29.17,28.01,28.87,317797
BEPC.TO,20231018,31.61,31.81,30.29,31.16,309343
BEPR.TO,20231018,8.1,8.1,8.1,8.1,900
BESG.TO,20231018,14.74,14.74,14.72,14.72,5702
BGI.UN.TO,20231018,3.84,3.84,3.75,3.75,29063
BGU.TO,20231018,36.36,36.37,36.22,36.23,1525
BGU.U.TO,20231018,26.52,26.52,26.45,26.45,2700
BHC.TO,20231018,10.55,10.73,10.38,10.61,399725
BIK.PR.A.TO,20231018,20.82,20.82,20.6,20.6,3500
BIP.PR.B.TO,20231018,21.25,21.25,21.05,21.05,600
BIP.PR.E.TO,20231018,18.8,18.8,18.8,18.8,2800
BIP.PR.F.TO,20231018,18.8,18.8,18.6,18.76,6298
BIP.UN.TO,20231018,35.48,35.48,33.51,33.52,796791
BIPC.TO,20231018,41.8,41.94,40.95,41.57,167831
BIR.TO,20231018,7.95,7.98,7.79,7.87,963209
BITF.TO,20231018,1.42,1.43,1.33,1.35,985301
BITI.TO,20231018,12.45,12.58,12.45,12.58,29779
BK.TO,20231018,10.17,10.17,9.88,9.89,121534
BK.PR.A.TO,20231018,10.03,10.05,10.03,10.05,23856
BKCC.TO,20231018,13.44,13.44,13.23,13.23,10726
BKCL.TO,20231018,17.96,17.96,17.54,17.54,22508
BKI.TO,20231018,0.055,0.055,0.055,0.055,40000
BLCO.TO,20231018,23.24,23.5,23.24,23.28,400
BLDP.TO,20231018,4.95,4.95,4.73,4.79,801231
BLN.TO,20231018,3.65,3.9,3.65,3.87,28863
BLX.TO,20231018,27.18,27.4,26.47,27.04,450450
BMAX.TO,20231018,11.76,11.85,11.76,11.76,1286
BMO.TO,20231018,111.25,111.47,109.36,109.44,1597899
BMO.PR.E.TO,20231018,23.23,23.25,23.02,23.02,10326
BMO.PR.T.TO,20231018,17.38,17.38,17.27,17.28,2500
BMO.PR.W.TO,20231018,16.69,16.89,16.66,16.69,16141
BMO.PR.Y.TO,20231018,17.27,17.37,17.25,17.25,2600
BN.TO,20231018,44.47,44.82,43.65,43.94,2072330
BN.PF.A.TO,20231018,18.56,18.56,18.45,18.45,4390
BN.PF.B.TO,20231018,17.01,17.01,16.77,16.87,1700
BN.PF.C.TO,20231018,16.5,16.5,16.48,16.48,1500
BN.PF.D.TO,20231018,16.75,16.75,16.66,16.67,2700
BN.PF.E.TO,20231018,14.23,14.23,14.09,14.09,1100
BN.PF.F.TO,20231018,16.45,16.46,16.45,16.46,3400
BN.PF.G.TO,20231018,14.5,14.5,14.5,14.5,700
BN.PF.H.TO,20231018,19,19,18.61,18.61,4225
BN.PF.I.TO,20231018,17.25,17.25,17.25,17.25,1600
BN.PF.J.TO,20231018,18.01,18.01,17.9,17.9,2151
BN.PF.K.TO,20231018,14.21,14.21,14.21,14.21,1500
BN.PR.B.TO,20231018,11.21,11.24,11.21,11.24,300
BN.PR.C.TO,20231018,11.2,11.2,11.2,11.2,300
BN.PR.K.TO,20231018,11.27,11.27,11.14,11.14,5795
BN.PR.M.TO,20231018,16.31,16.31,16.21,16.21,7100
BN.PR.N.TO,20231018,16.15,16.15,16.14,16.14,600
BN.PR.R.TO,20231018,12.83,12.83,12.79,12.79,1280
BN.PR.T.TO,20231018,12.96,12.96,12.85,12.9,6039
BN.PR.X.TO,20231018,12.9,12.9,12.86,12.86,400
BN.PR.Z.TO,20231018,16.71,16.9,16.71,16.76,9126
BNC.TO,20231018,22.8,22.87,22.69,22.69,900
BND.TO,20231018,16.31,16.33,16.29,16.3,10549
BNE.TO,20231018,7.32,7.4,7.3,7.33,45124
BNG.TO,20231018,0.04,0.04,0.04,0.04,3000
BNK.TO,20231018,9.38,9.38,8.84,8.9,5404
BNRE.TO,20231018,44.46,44.82,43.81,44.27,9890
BNS.TO,20231018,59.65,59.65,58.62,58.65,2430915
BOND.TO,20231018,19.92,19.92,19.92,19.92,500
BOS.TO,20231018,4.41,4.41,4.08,4.09,40397
BPF.UN.TO,20231018,15.29,15.29,15.13,15.14,13379
BPO.PR.A.TO,20231018,9.68,9.68,9.51,9.55,3400
BPO.PR.C.TO,20231018,13.4,13.65,13.31,13.54,5100
BPO.PR.E.TO,20231018,10.45,10.45,10.2,10.3,13269
BPO.PR.G.TO,20231018,11.19,11.2,11.11,11.2,9376
BPO.PR.I.TO,20231018,11.12,11.2,11.12,11.2,5399
BPO.PR.N.TO,20231018,8.53,8.53,8.25,8.26,12822
BPO.PR.P.TO,20231018,8.81,8.81,8.63,8.72,4500
BPO.PR.R.TO,20231018,8.88,8.88,8.65,8.65,14326
BPO.PR.T.TO,20231018,12.36,12.37,12.15,12.15,6650
BPO.PR.X.TO,20231018,8.9,8.9,8.9,8.9,375
BPRF.TO,20231018,20.67,20.67,20.67,20.67,101
BPS.PR.A.TO,20231018,24.76,24.76,24.76,24.76,100
BPS.PR.U.TO,20231018,24.75,24.75,24.75,24.75,400
BPYP.PR.A.TO,20231018,17.97,17.97,17.54,17.54,2800
BR.TO,20231018,1.61,1.61,1.6,1.6,1200
BRAG.TO,20231018,6.09,6.24,5.99,6.07,37123
BRE.TO,20231018,12.25,12.25,12,12.11,12738
BRF.PR.A.TO,20231018,15.4,15.43,15.4,15.4,1100
BRF.PR.C.TO,20231018,17.65,17.65,17.33,17.34,51600
BRF.PR.E.TO,20231018,16.28,16.28,16.05,16.05,680
BRF.PR.F.TO,20231018,16.1,16.1,16.09,16.09,900
BRMI.TO,20231018,1.73,1.73,1.73,1.73,196
BRY.TO,20231018,0.42,0.42,0.405,0.41,64500
BSX.TO,20231018,0.06,0.06,0.06,0.06,21099
BTB.UN.TO,20231018,3.02,3.02,2.97,2.98,64134
BTCC.TO,20231018,5.43,5.45,5.4,5.41,53335
BTCC.B.TO,20231018,5.57,5.62,5.55,5.58,764235
BTCC.U.TO,20231018,5.18,5.2,5.17,5.17,14080
BTCQ.TO,20231018,6.3,6.31,6.27,6.3,6783
BTCQ.U.TO,20231018,4.62,4.62,4.61,4.61,28500
BTCX.B.TO,20231018,5.75,5.76,5.72,5.74,65927
BTCX.U.TO,20231018,5.33,5.33,5.3,5.31,34254
BTCY.TO,20231018,3.59,3.6,3.57,3.6,27716
BTCY.U.TO,20231018,3.45,3.45,3.45,3.45,1480
BTE.TO,20231018,6.04,6.12,6,6.04,5750548
BTO.TO,20231018,4.55,4.63,4.55,4.59,3312658
BU.TO,20231018,0.14,0.14,0.125,0.13,30100
BYD.TO,20231018,235.15,239,235.15,238.48,37669
CACB.TO,20231018,18.28,18.28,18.28,18.28,1200
CAE.TO,20231018,30.74,30.74,29.49,29.5,444901
CAFR.TO,20231018,19.77,19.77,19.73,19.73,2200
CALL.TO,20231018,10.18,10.18,9.94,9.94,16894
CAR.UN.TO,20231018,45.58,45.67,44.61,44.72,244211
CARS.TO,20231018,22.95,22.95,22.66,22.66,4605
CARS.B.TO,20231018,26.25,26.25,26.11,26.11,300
CAS.TO,20231018,11.42,11.53,11.35,11.49,113363
CASH.TO,20231018,50.14,50.14,50.13,50.13,202522
CBH.TO,20231018,16.57,16.57,16.54,16.54,500
CBIL.TO,20231018,50.12,50.13,50.12,50.12,13136
CBND.TO,20231018,8.35,8.35,8.32,8.32,2815
CBNK.TO,20231018,6.47,6.47,6.31,6.31,18673
CBO.TO,20231018,16.97,16.99,16.97,16.98,15513
CCA.TO,20231018,60.46,60.92,59.6,59.62,46285
CCBI.TO,20231018,16.84,16.84,16.84,16.84,300
CCEI.TO,20231018,20.89,20.89,20.88,20.88,4118
CCL.B.TO,20231018,55.56,55.78,54.85,55.25,171005
CCM.TO,20231018,0.205,0.24,0.205,0.24,37000
CCNS.TO,20231018,17.27,17.27,17.27,17.27,100
CCO.TO,20231018,51.6,52.45,51.11,51.9,1360070
CCOM.TO,20231018,20.29,20.41,20.29,20.41,2229
CCRE.TO,20231018,17.09,17.1,17.05,17.05,8200
CCS.PR.C.TO,20231018,18.67,18.75,18.67,18.75,400
CDIV.TO,20231018,12.02,12.02,11.9,11.9,10894
CDNA.TO,20231018,15.9,15.9,15.78,15.8,15000
CDR.TO,20231018,1.2,1.23,1.2,1.22,3880
CDZ.TO,20231018,28.63,28.63,28.24,28.25,8979
CEE.TO,20231018,1.4,1.42,1.39,1.39,6400
CEF.TO,20231018,24.75,25,24.75,24.81,34410
CEF.U.TO,20231018,18.29,18.29,18.09,18.19,567
CET.TO,20231018,0.84,0.87,0.84,0.85,306422
CEU.TO,20231018,3.72,3.72,3.66,3.68,151696
CEW.TO,20231018,14.95,14.95,14.73,14.73,3597
CF.TO,20231018,7.51,7.56,7.32,7.32,83547
CF.PR.A.TO,20231018,11.58,11.58,11.56,11.56,800
CF.PR.C.TO,20231018,16.66,16.66,16.57,16.57,1388
CFF.TO,20231018,0.76,0.76,0.75,0.75,5700
CFP.TO,20231018,14.93,15.01,14.44,14.69,235943
CFRT.TO,20231018,20.2,20.2,20.2,20.2,100
CFW.TO,20231018,5.4,5.4,5.28,5.3,32139
CFX.TO,20231018,1.86,1.96,1.86,1.94,27007
CG.TO,20231018,6.81,6.92,6.75,6.8,442605
CGBI.TO,20231018,16.64,16.64,16.64,16.64,2000
CGG.TO,20231018,6.16,6.16,5.94,5.95,17443
CGHY.TO,20231018,9.32,9.32,9.32,9.32,100
CGHY.U.TO,20231018,9.38,9.38,9.38,9.38,300
CGI.TO,20231018,34,34.22,33.76,34.05,1968
CGIN.TO,20231018,19.3,19.31,19.3,19.31,1000
CGIN.U.TO,20231018,19.39,19.39,19.38,19.38,1400
CGL.TO,20231018,15.63,15.73,15.59,15.65,28657
CGL.C.TO,20231018,22.56,22.7,22.56,22.64,31063
CGLO.TO,20231018,23.94,23.94,23.92,23.92,1778
CGO.TO,20231018,49.75,50.84,49,50.21,17686
CGR.TO,20231018,24.83,24.83,24.73,24.73,1856
CGRE.TO,20231018,18.99,18.99,18.91,18.91,2700
CGX.TO,20231018,8.75,8.77,8.25,8.26,438658
CGX.DB.B.TO,20231018,99.75,99.75,99.45,99.45,102000
CGXF.TO,20231018,10.15,10.21,10.07,10.09,14463
CGY.TO,20231018,50,50.01,49.75,50.01,5741
CHE.DB.E.TO,20231018,97.8,97.8,97.5,97.5,20999
CHE.DB.F.TO,20231018,119.05,119.05,119.05,119.05,4000
CHE.DB.G.TO,20231018,99.1,99.1,99.1,99.1,1000
CHE.DB.H.TO,20231018,95,95,95,95,15000
CHE.UN.TO,20231018,8.59,8.59,8.44,8.45,211552
CHP.UN.TO,20231018,12.85,12.88,12.7,12.75,347187
CHPS.TO,20231018,25.85,26,25.84,25.94,1821
CHR.TO,20231018,2.27,2.29,2.25,2.25,294591
CHR.DB.A.TO,20231018,95.01,95.01,95.01,95.01,5500
CHR.DB.B.TO,20231018,91.5,91.5,91.5,91.5,5000
CHW.TO,20231018,6.07,6.13,6.07,6.1,3025
CIA.TO,20231018,5.4,5.47,5.38,5.39,237012
CIBR.TO,20231018,37.11,37.16,37.01,37.01,525
CIC.TO,20231018,9.71,9.71,9.63,9.63,20337
CIEM.TO,20231018,16.8,16.8,16.66,16.7,10017
CIEM.U.TO,20231018,16.81,16.83,16.81,16.83,7000
CIF.TO,20231018,35.39,35.39,34.72,34.72,2605
CIGI.TO,20231018,124.46,124.63,121.5,121.66,99264
CINT.TO,20231018,19.78,19.78,19.78,19.78,240
CIU.PR.A.TO,20231018,16.42,16.42,16.4,16.4,2600
CIX.TO,20231018,14.86,14.86,14.12,14.17,460666
CJ.TO,20231018,7.8,7.89,7.77,7.79,991932
CJR.B.TO,20231018,0.92,0.92,0.87,0.88,812808
CJT.TO,20231018,86.61,86.61,83.72,83.75,50753
CJT.DB.E.TO,20231018,94.76,94.76,94.76,94.76,5000
CKI.TO,20231018,13.46,13.75,13.45,13.75,5200
CLF.TO,20231018,16.36,16.36,16.33,16.36,6554
CLG.TO,20231018,16.1,16.12,16.1,16.11,20164
CLS.TO,20231018,36.79,37.38,35.78,35.88,337132
CM.TO,20231018,51.79,51.87,50.85,50.93,2034500
CM.PR.O.TO,20231018,17.8,17.81,17.8,17.8,5200
CM.PR.P.TO,20231018,16.5,16.52,16.3,16.3,5713
CM.PR.Q.TO,20231018,17.31,17.37,17.31,17.37,6300
CM.PR.S.TO,20231018,19.28,19.28,19.05,19.15,11224
CM.PR.Y.TO,20231018,23.72,23.75,23.55,23.55,5500
CMAG.TO,20231018,25.02,25.02,25.02,25.02,1529
CMAR.TO,20231018,16.96,17,16.96,16.98,2600
CMDO.TO,20231018,18.26,18.3,18.26,18.3,4400
CMDO.U.TO,20231018,18.35,18.35,18.35,18.35,2500
CMG.TO,20231018,9.34,9.63,9.25,9.46,146983
CMNY.TO,20231018,50.16,50.16,50.16,50.16,386
CMR.TO,20231018,50.15,50.16,50.15,50.16,14391
CNCC.TO,20231018,11.6,11.6,11.53,11.53,2303
CNCL.TO,20231018,18.87,18.87,18.61,18.62,4100
CNE.TO,20231018,10.25,10.29,10.19,10.25,13235
CNL.TO,20231018,4.8,4.94,4.78,4.83,15480
CNQ.TO,20231018,92.02,92.4,91.03,91.68,3881062
CNR.TO,20231018,147.86,147.91,144.42,144.51,1028133
COG.TO,20231018,0.325,0.325,0.325,0.325,1000
COPP.TO,20231018,25.36,25.36,25,25,557
COW.TO,20231018,61.2,61.2,61.03,61.03,1513
CP.TO,20231018,97.89,98.5,97.26,97.26,1392415
CPD.TO,20231018,10.04,10.06,10.02,10.02,116440
CPH.TO,20231018,4.5,4.5,4.35,4.49,19427
CPLF.TO,20231018,5.65,5.66,5.5,5.63,9751
CPLS.TO,20231018,17,17,17,17,200
CPX.TO,20231018,37.75,37.79,36.92,37.01,281564
CPX.PR.A.TO,20231018,12.9,12.9,12.9,12.9,1900
CPX.PR.C.TO,20231018,21.5,21.52,21.5,21.52,2400
CPX.PR.E.TO,20231018,18.7,18.81,18.51,18.81,700
CPX.PR.K.TO,20231018,23.5,23.73,23.5,23.52,4527
CR.TO,20231018,6.14,6.23,6.09,6.12,420259
CRDL.TO,20231018,1.1,1.13,1.05,1.05,46050
CRON.TO,20231018,2.56,2.56,2.46,2.46,87440
CROP.TO,20231018,17.12,17.12,17.06,17.09,4100
CRR.UN.TO,20231018,12.68,12.68,12.41,12.45,174556
CRRX.TO,20231018,1.72,1.72,1.64,1.65,115495
CRT.UN.TO,20231018,13.6,13.64,13.45,13.51,173106
CS.TO,20231018,5.22,5.27,5,5.02,1340769
CSAV.TO,20231018,50.16,50.17,50.16,50.17,15475
CSE.PR.A.TO,20231018,11.75,11.75,11.7,11.75,2710
CSH.UN.TO,20231018,10.65,10.67,10.51,10.58,185764
CSU.TO,20231018,2800.92,2845.61,2800.92,2830,19680
CSU.DB.TO,20231018,132.5,134,132.5,134,37000
CSW.A.TO,20231018,14.17,14.17,13.85,13.91,3995
CSW.B.TO,20231018,12.86,12.86,12.66,12.78,3088
CTC.A.TO,20231018,141.42,142.37,140.62,140.86,304188
CTF.UN.TO,20231018,3.15,3.15,3.12,3.12,20000
CTS.TO,20231018,2.52,2.54,2.3,2.33,796670
CTX.TO,20231018,0.62,0.62,0.58,0.58,5500
CU.TO,20231018,29.49,29.73,29.32,29.45,1282109
CU.PR.C.TO,20231018,16.73,16.8,16.73,16.73,76483
CU.PR.D.TO,20231018,17.76,17.76,17.75,17.75,1700
CU.PR.E.TO,20231018,17.62,17.65,17.59,17.65,4215
CU.PR.F.TO,20231018,16.51,16.51,16.37,16.37,4554
CU.PR.G.TO,20231018,16.4,16.4,16.3,16.3,9800
CU.PR.H.TO,20231018,19.03,19.03,18.87,18.87,1900
CU.PR.I.TO,20231018,21.46,21.46,21.2,21.25,7900
CU.PR.J.TO,20231018,17.15,17.15,16.91,16.91,12925
CUD.TO,20231018,46.36,46.47,46.23,46.23,3140
CUP.U.TO,20231018,12.07,12.13,12,12.13,1400
CVD.TO,20231018,15.54,15.54,15.46,15.46,32030
CVE.TO,20231018,29,29.13,28.85,29.05,3678487
CVE.PR.A.TO,20231018,12.33,12.75,12.33,12.49,10025
CVE.PR.B.TO,20231018,15,15,14.99,15,3400
CVE.PR.C.TO,20231018,19.41,19.41,19.28,19.28,3600
CVE.PR.E.TO,20231018,18.66,18.8,18.66,18.8,600
CVE.PR.G.TO,20231018,18.2,18.2,18.14,18.2,2000
CVE.WT.TO,20231018,22.55,22.57,22.52,22.52,1018
CVG.TO,20231018,73.11,73.11,73.11,73.11,600
CVO.TO,20231018,11.73,12.16,11.35,11.6,64976
CWB.TO,20231018,27.83,28.02,27.75,27.91,186758
CWB.PR.B.TO,20231018,18.1,18.1,18.03,18.09,819
CWB.PR.D.TO,20231018,24.07,24.07,24.07,24.07,1700
CWEB.TO,20231018,0.36,0.36,0.345,0.35,30601
CWL.TO,20231018,0.73,0.73,0.69,0.7,4209
CWW.TO,20231018,46.37,46.37,45.41,45.41,4108
CXB.TO,20231018,1.54,1.55,1.46,1.46,596360
CXF.TO,20231018,8.81,8.89,8.78,8.78,1900
CXI.TO,20231018,20.4,20.4,20.2,20.38,1450
CYB.TO,20231018,59.99,59.99,59.25,59.25,2125
CYBR.TO,20231018,39.43,39.43,39.05,39.15,448
CYBR.B.TO,20231018,45.24,45.24,45.24,45.24,100
CYH.TO,20231018,18.47,18.47,18.44,18.45,733
D.UN.TO,20231018,8.82,8.94,8.72,8.86,82714
DATA.TO,20231018,18.85,18.92,18.69,18.72,3250
DBM.TO,20231018,7.38,7.4,7.16,7.2,112363
DC.A.TO,20231018,1.12,1.15,1.12,1.13,72659
DCBO.TO,20231018,54.76,55.19,54.48,54.7,27066
DCC.TO,20231018,17.48,17.48,17.47,17.47,15000
DCM.TO,20231018,2.85,2.86,2.74,2.85,160690
DCS.TO,20231018,17.88,17.88,17.87,17.87,300
DF.TO,20231018,2.74,2.77,2.6,2.63,14234
DF.PR.A.TO,20231018,9.75,9.77,9.75,9.77,1450
DFN.TO,20231018,3.92,3.92,3.73,3.74,220982
DFN.PR.A.TO,20231018,9.56,9.58,9.54,9.57,117815
DFY.TO,20231018,38.59,38.97,38.54,38.61,81200
DGR.TO,20231018,37.38,37.38,37.18,37.18,2252
DGR.B.TO,20231018,41.51,41.55,41.47,41.47,3800
DGRC.TO,20231018,34.5,34.5,34.44,34.44,511
DGS.TO,20231018,4.45,4.45,4.35,4.36,21691
DGS.PR.A.TO,20231018,9.84,9.84,9.83,9.83,7055
DHT.UN.TO,20231018,10.72,10.75,10.55,10.6,26665
DIAM.TO,20231018,0.085,0.085,0.085,0.085,7000
DII.B.TO,20231018,5.79,5.85,5.79,5.85,2300
DIR.UN.TO,20231018,12.78,12.78,12.4,12.44,382375
DIV.TO,20231018,2.57,2.58,2.5,2.52,421881
DIV.DB.A.TO,20231018,91.05,91.05,91.02,91.02,35000
DIVS.TO,20231018,13.42,13.42,13.4,13.4,600
DLCG.TO,20231018,1.9,1.9,1.89,1.89,819
DLR.TO,20231018,13.97,14.04,13.97,14.04,376995
DLR.U.TO,20231018,10.24,10.24,10.23,10.24,253409
DML.TO,20231018,2.03,2.08,2.02,2.06,1934394
DND.TO,20231018,11.49,12.05,11.49,12.02,90545
DNG.TO,20231018,3.18,3.25,3.17,3.19,30085
DNTL.TO,20231018,6.13,6.15,6.05,6.11,276727
DOL.TO,20231018,95.09,95.69,94.62,94.81,362793
DOO.TO,20231018,103.35,103.52,95.69,97.24,299806
DPM.TO,20231018,8.71,8.85,8.57,8.61,416343
DR.TO,20231018,9.26,9.36,9.26,9.35,6597
DRCU.TO,20231018,17.22,17.22,17.22,17.22,101
DRFC.TO,20231018,24.48,24.48,24.31,24.31,775
DRFE.TO,20231018,18.77,18.77,18.77,18.77,220
DRFG.TO,20231018,23.76,23.76,23.76,23.76,135
DRFU.TO,20231018,26.51,26.51,26.51,26.51,100
DRM.TO,20231018,19.81,19.81,17.92,17.96,18968
DRMC.TO,20231018,24.33,24.33,24.19,24.19,2256
DRR.U.TO,20231018,5.91,6,5.78,5.78,31558
DRR.UN.TO,20231018,8.1,8.1,7.97,7.97,7550
DRT.TO,20231018,0.58,0.58,0.55,0.55,30372
DRT.DB.A.TO,20231018,50,50,50,50,138000
DRX.TO,20231018,5.15,5.35,5.06,5.06,51410
DS.TO,20231018,6.29,6.29,6.02,6.02,7961
DSG.TO,20231018,100.28,101.43,100.28,100.89,46729
DSV.TO,20231018,0.64,0.67,0.62,0.64,268253
DXB.TO,20231018,17.41,17.42,17.39,17.4,16900
DXC.TO,20231018,31.78,31.78,31.58,31.58,10201
DXDB.TO,20231018,19.62,19.62,19.58,19.61,14910
DXET.TO,20231018,15.5,15.5,15.5,15.5,100
DXF.TO,20231018,30.78,30.78,30.78,30.78,200
DXG.TO,20231018,46.76,46.76,46.2,46.2,25660
DXN.TO,20231018,17.52,17.52,17.52,17.52,100
DXO.TO,20231018,17.9,17.9,17.9,17.9,220
DXP.TO,20231018,18.37,18.37,18.22,18.22,16151
DXQ.TO,20231018,22.3,22.36,22.23,22.23,13713
DXR.TO,20231018,19.87,19.87,19.87,19.87,200
DXT.TO,20231018,5.83,5.83,5.7,5.73,6162
DXU.TO,20231018,43.77,43.77,43.34,43.34,8475
DXV.TO,20231018,19.79,19.79,19.75,19.75,2579
DXW.TO,20231018,20.26,20.26,20.26,20.26,100
DYA.TO,20231018,0.145,0.145,0.14,0.14,48500
E.TO,20231018,0.59,0.59,0.59,0.59,28000
EAGR.TO,20231018,0.42,0.42,0.365,0.365,13569
EBIT.TO,20231018,14.09,14.19,14.08,14.15,7172
ECN.TO,20231018,2.15,2.15,2.04,2.13,379142
ECN.DB.TO,20231018,80.5,80.5,76.5,76.51,68000
ECN.DB.A.TO,20231018,75.5,75.5,75.5,75.5,20999
ECN.DB.B.TO,20231018,64.01,64.01,64.01,64.01,2000
ECN.PR.C.TO,20231018,16.75,16.75,16.75,16.75,400
ECO.TO,20231018,3.64,3.64,3.59,3.6,15599
EDGE.TO,20231018,30.01,30.01,30,30,203
EDGF.TO,20231018,9.21,9.21,9.21,9.21,1600
EDR.TO,20231018,3.57,3.59,3.4,3.4,227470
EDV.TO,20231018,28.71,28.9,28.33,28.67,241275
EFN.TO,20231018,19.18,19.31,18.87,18.98,799166
EFN.PR.C.TO,20231018,24.15,24.15,24.15,24.15,1200
EFN.PR.E.TO,20231018,24.58,24.58,24.33,24.33,800
EFR.TO,20231018,10.24,10.46,10.11,10.3,323147
EFX.TO,20231018,5.85,5.96,5.84,5.88,639331
EGLX.TO,20231018,0.445,0.46,0.425,0.425,35900
EIF.TO,20231018,45.07,45.07,44.2,44.46,62133
EIF.DB.K.TO,20231018,99.8,99.8,99.75,99.75,10000
EIT.PR.A.TO,20231018,24.82,24.82,24.82,24.82,800
EIT.PR.B.TO,20231018,24.28,24.28,24.28,24.28,300
EIT.UN.TO,20231018,12.69,12.75,12.66,12.71,217221
ELD.TO,20231018,13.76,14.05,13.61,13.79,308932
ELEF.TO,20231018,0.355,0.355,0.34,0.34,28204
ELF.PR.F.TO,20231018,18.5,18.77,18.5,18.77,1392
ELF.PR.G.TO,20231018,16.87,16.87,16.53,16.61,1300
ELF.PR.H.TO,20231018,19.55,19.69,19.51,19.57,9290
ELO.TO,20231018,1.97,1.97,1.81,1.83,48927
ELVA.TO,20231018,3.51,3.53,3.42,3.42,4602
EMA.TO,20231018,46.75,46.76,45.75,45.9,1520099
EMA.PR.B.TO,20231018,16.1,16.1,16.1,16.1,1050
EMA.PR.C.TO,20231018,18.75,18.79,18.73,18.79,2865
EMA.PR.E.TO,20231018,16.16,16.16,16.05,16.05,2800
EMA.PR.F.TO,20231018,16.27,16.27,16.27,16.27,1100
EMA.PR.H.TO,20231018,19.32,19.4,19.1,19.3,5188
EMA.PR.J.TO,20231018,16.96,17.63,16.8,16.89,3100
EMA.PR.L.TO,20231018,16.03,16.03,16,16,2400
EMP.A.TO,20231018,37.72,37.73,37.34,37.34,276207
EMV.B.TO,20231018,24.82,24.83,24.79,24.8,4700
ENB.TO,20231018,44.37,44.4,43.77,44.11,5706691
ENB.PF.A.TO,20231018,15.05,15.05,15,15,5108
ENB.PF.C.TO,20231018,14.61,14.63,14.55,14.55,6200
ENB.PF.E.TO,20231018,13.92,13.92,13.84,13.84,9815
ENB.PF.G.TO,20231018,13.85,13.85,13.8,13.8,1800
ENB.PF.K.TO,20231018,17.91,17.92,17.4,17.92,19055
ENB.PF.U.TO,20231018,17.77,17.77,17.5,17.5,3019
ENB.PF.V.TO,20231018,21.45,21.6,21.29,21.39,12075
ENB.PR.A.TO,20231018,18.91,18.91,18.7,18.85,10800
ENB.PR.B.TO,20231018,14.52,14.57,14.3,14.3,12000
ENB.PR.D.TO,20231018,14.76,14.77,14.63,14.63,11943
ENB.PR.F.TO,20231018,15.35,15.35,15.13,15.15,7425
ENB.PR.H.TO,20231018,16.46,16.47,16.2,16.2,24156
ENB.PR.J.TO,20231018,16.95,16.97,16.8,16.86,4131
ENB.PR.N.TO,20231018,18.18,18.3,17.99,18.1,17538
ENB.PR.P.TO,20231018,16.9,16.97,16.76,16.84,9911
ENB.PR.T.TO,20231018,15.75,15.76,15.7,15.76,1800
ENB.PR.V.TO,20231018,19.31,19.31,19.05,19.05,4474
ENB.PR.Y.TO,20231018,14.71,14.83,14.65,14.65,8252
ENCC.TO,20231018,11.4,11.4,11.3,11.36,52628
ENCL.TO,20231018,20.8,20.8,20.5,20.69,7788
ENGH.TO,20231018,32.02,32.1,31.4,31.5,58694
ENS.TO,20231018,11.56,11.56,11.3,11.35,42701
ENS.PR.A.TO,20231018,9.63,9.65,9.59,9.63,10578
EPRX.TO,20231018,6.12,6.13,5.75,5.77,310212
EQB.TO,20231018,74.49,74.49,71.75,72.04,45812
EQB.PR.C.TO,20231018,22.9,23.01,22.87,23,1900
EQL.TO,20231018,29.57,29.57,29.28,29.33,12115
EQL.F.TO,20231018,25.44,25.51,25.2,25.23,13030
EQL.U.TO,20231018,21.44,21.45,21.39,21.39,800
EQX.TO,20231018,6.3,6.36,6.11,6.23,832461
ERD.TO,20231018,0.335,0.335,0.32,0.335,88590
ERE.UN.TO,20231018,2.32,2.32,2.28,2.29,37936
ERO.TO,20231018,20.13,20.13,19.55,19.91,220062
ESG.TO,20231018,31.6,31.6,31.29,31.35,3100
ESG.F.TO,20231018,29.46,29.46,29.46,29.46,100
ESGA.TO,20231018,30.86,30.86,30.71,30.72,1992
ESGC.TO,20231018,22.77,22.86,22.67,22.67,2700
ESGY.TO,20231018,42.06,42.07,41.89,41.89,600
ESGY.F.TO,20231018,33.31,33.31,33.08,33.08,800
ESI.TO,20231018,2.96,2.96,2.84,2.85,535797
ESM.TO,20231018,0.04,0.045,0.04,0.04,56000
ESPX.TO,20231018,20.69,20.69,20.63,20.63,2698
ESPX.U.TO,20231018,20.56,20.56,20.56,20.56,100
ET.TO,20231018,12.39,12.43,12.33,12.43,5633
ETG.TO,20231018,1.28,1.3,1.25,1.3,69000
ETHH.TO,20231018,6.45,6.46,6.42,6.42,5450
ETHH.B.TO,20231018,7.54,7.54,7.47,7.47,11605
ETHH.U.TO,20231018,6.85,6.85,6.83,6.83,8100
ETHI.TO,20231018,42.25,42.25,41.81,41.81,463
ETHQ.TO,20231018,8.48,8.5,8.48,8.49,1100
ETHQ.U.TO,20231018,6.19,6.19,6.17,6.17,400
ETHR.TO,20231018,7.44,7.47,7.43,7.43,4126
ETHX.B.TO,20231018,7.73,7.77,7.71,7.71,11215
ETHX.U.TO,20231018,7.11,7.11,7.03,7.05,67547
ETHY.TO,20231018,2.48,2.51,2.48,2.49,8525
ETSX.TO,20231018,18.72,18.72,18.72,18.72,161
EXE.TO,20231018,6.12,6.13,6.07,6.08,85959
EXE.DB.C.TO,20231018,94,94,92.78,93,19000
EXN.TO,20231018,0.095,0.095,0.095,0.095,31500
EXRO.TO,20231018,2.02,2.03,1.99,2.03,72554
EXRO.WT.TO,20231018,0.8,0.8,0.8,0.8,500
FANS.TO,20231018,0.05,0.05,0.04,0.045,43000
FAP.TO,20231018,2.47,2.52,2.47,2.52,4715
FAR.TO,20231018,1.8,1.8,1.8,1.8,7037
FBTC.TO,20231018,12.91,13,12.91,12.98,1316
FBTC.U.TO,20231018,9.49,9.49,9.45,9.45,200
FC.TO,20231018,9.92,9.94,9.75,9.77,37904
FC.DB.H.TO,20231018,96.9,96.9,96.81,96.81,15000
FCCD.TO,20231018,25.52,25.52,25.31,25.31,3470
FCCV.TO,20231018,12.99,12.99,12.85,12.85,11900
FCD.UN.TO,20231018,5.34,5.34,5.14,5.18,16900
FCID.TO,20231018,23.17,23.17,23.17,23.17,269
FCIQ.TO,20231018,32.04,32.04,31.89,31.91,8786
FCIQ.U.TO,20231018,23.3,23.3,23.28,23.28,300
FCIV.TO,20231018,30.79,30.82,30.7,30.82,9401
FCQH.TO,20231018,44.21,44.21,43.93,43.93,1210
FCR.UN.TO,20231018,13.4,13.43,13.22,13.24,228113
FCU.TO,20231018,0.85,0.86,0.83,0.83,1403930
FCUD.TO,20231018,30,30,29.84,29.84,1609
FCUH.TO,20231018,26.55,26.55,26.55,26.55,1579
FCUQ.TO,20231018,47.39,47.55,47.35,47.35,2497
FCUV.TO,20231018,14.09,14.09,14.08,14.08,300
FCUV.U.TO,20231018,10.34,10.34,10.28,10.28,200
FCVH.TO,20231018,13.41,13.41,13.41,13.41,1039
FDY.TO,20231018,0.62,0.62,0.62,0.62,14500
FEC.TO,20231018,10.6,10.77,10.56,10.74,27191
FETH.TO,20231018,29.25,29.25,29.25,29.25,100
FF.TO,20231018,0.135,0.135,0.125,0.125,708218
FFH.TO,20231018,1133.7,1135,1120.91,1120.91,27276
FFH.PR.C.TO,20231018,18.2,18.2,17.91,17.91,5600
FFH.PR.E.TO,20231018,13.82,14.1,13.82,14.09,2754
FFH.PR.F.TO,20231018,16.6,16.61,16.6,16.6,7200
FFH.PR.G.TO,20231018,14,14.09,14,14,4086
FFH.PR.H.TO,20231018,17.35,17.45,17.35,17.35,7800
FFH.PR.I.TO,20231018,14.68,14.68,14.61,14.61,2200
FFH.PR.J.TO,20231018,17.95,17.95,17.95,17.95,4600
FFH.PR.K.TO,20231018,17.11,17.39,17.11,17.2,826
FFH.PR.M.TO,20231018,19.2,19.3,19.17,19.17,2978
FFH.U.TO,20231018,818.83,819.29,818.81,819.29,400
FFN.TO,20231018,2.98,2.98,2.79,2.79,41335
FFN.PR.A.TO,20231018,9.87,9.87,9.82,9.85,85186
FGO.TO,20231018,9.36,9.36,9.35,9.35,1500
FGO.U.TO,20231018,9.45,9.45,9.45,9.45,100
FHIS.TO,20231018,20.36,20.36,20.35,20.35,20038
FHQ.TO,20231018,72.98,72.98,72.98,72.98,509
FIE.TO,20231018,6.28,6.28,6.21,6.21,39919
FIG.TO,20231018,8.78,8.79,8.78,8.78,51722
FIG.U.TO,20231018,8.36,8.36,8.36,8.36,4600
FIH.U.TO,20231018,12.9,12.9,12.78,12.9,17713
FIL.TO,20231018,19.84,20.04,19.66,19.79,104226
FINO.TO,20231018,17.27,17.3,17.27,17.3,1800
FLCP.TO,20231018,16.55,16.55,16.55,16.55,400
FLGA.TO,20231018,17.8,17.8,17.8,17.8,950
FLGD.TO,20231018,22.92,22.92,22.92,22.92,1880
FLI.TO,20231018,9.55,9.55,9.52,9.52,2500
FLNT.TO,20231018,0.025,0.025,0.025,0.025,12004
FLOW.TO,20231018,0.295,0.3,0.295,0.3,1879
FLSD.TO,20231018,18.22,18.22,18.22,18.22,900
FLUS.TO,20231018,34.66,34.71,34.49,34.49,1000
FLX.TO,20231018,6.62,6.62,6.54,6.62,13600
FM.TO,20231018,31.82,32.02,30.8,30.92,1813559
FN.TO,20231018,35.33,35.33,34.35,34.67,27035
FN.PR.A.TO,20231018,10.37,10.37,10.33,10.33,5400
FNV.TO,20231018,193.54,194.61,191.25,191.74,233266
FOM.TO,20231018,3.93,4.15,3.93,4.14,1041741
FOOD.TO,20231018,0.385,0.41,0.38,0.38,40911
FOOD.DB.A.TO,20231018,31,31,31,31,1000
FORA.TO,20231018,5.09,5.26,5.09,5.12,1419
FOUR.TO,20231018,40.76,40.76,40.76,40.76,1026
FRU.TO,20231018,14.73,14.78,14.5,14.58,281485
FSB.TO,20231018,9.42,9.42,9.41,9.41,8008
FSL.TO,20231018,16.9,16.9,16.9,16.9,197
FST.TO,20231018,43.32,43.32,43,43,4836
FSV.TO,20231018,195.16,196.06,191.34,191.41,55760
FSY.TO,20231018,0.64,0.64,0.62,0.64,32007
FSZ.TO,20231018,6.08,6.08,5.86,5.87,253040
FSZ.DB.B.TO,20231018,100,100,99.5,100,38000
FT.TO,20231018,0.045,0.045,0.04,0.04,202250
FTG.TO,20231018,3.53,3.53,3.48,3.51,6672
FTN.TO,20231018,6.65,6.65,6.41,6.48,112515
FTN.PR.A.TO,20231018,9.98,10,9.98,10,43919
FTS.TO,20231018,54.55,54.6,54.03,54.27,1594608
FTS.PR.F.TO,20231018,19.05,19.05,18.91,18.92,1600
FTS.PR.G.TO,20231018,18.4,18.4,18.16,18.26,4972
FTS.PR.H.TO,20231018,12.44,12.44,12.4,12.43,1796
FTS.PR.I.TO,20231018,15.36,15.36,15.1,15.1,3600
FTS.PR.J.TO,20231018,18,18.05,17.93,18.05,2912
FTS.PR.K.TO,20231018,17,17,17,17,2000
FTS.PR.M.TO,20231018,16.65,16.65,16.57,16.58,27976
FTT.TO,20231018,39.3,39.95,38.69,38.95,191905
FURY.TO,20231018,0.485,0.495,0.46,0.47,41680
FVI.TO,20231018,4.21,4.29,4.14,4.18,832845
FVL.TO,20231018,0.415,0.415,0.405,0.405,24058
FWCP.TO,20231018,15.97,15.97,15.97,15.97,400
FXM.TO,20231018,19.78,19.78,19.78,19.78,300
G.TO,20231018,0.74,0.78,0.73,0.76,99838
GATO.TO,20231018,7.21,7.21,6.94,6.94,1326
GAU.TO,20231018,0.79,0.8,0.79,0.8,4720
GBAL.TO,20231018,40.8,40.8,40.8,40.8,413
GBT.TO,20231018,12.82,12.82,12.82,12.82,150
GCBD.TO,20231018,16.69,16.69,16.69,16.69,1335
GCG.A.TO,20231018,41.82,41.92,41.47,41.92,2020
GCL.TO,20231018,1.11,1.16,1.11,1.16,27300
GCSC.TO,20231018,20.61,20.61,20.61,20.61,287
GDC.TO,20231018,2.38,2.41,2.35,2.35,3300
GDI.TO,20231018,41.06,41.06,40.25,40.56,7004
GDL.TO,20231018,14.5,14.5,13.74,14,6625
GDPY.TO,20231018,20.35,20.36,20.35,20.36,1700
GDV.TO,20231018,8.39,8.41,8.25,8.27,6855
GDV.PR.A.TO,20231018,9.35,9.4,9.35,9.4,4589
GEC.TO,20231018,0.39,0.39,0.39,0.39,12000
GEI.TO,20231018,20.81,20.99,20.71,20.96,1412655
GENM.TO,20231018,0.32,0.34,0.28,0.28,80100
GEO.TO,20231018,2.36,2.36,2.31,2.35,22650
GEQT.TO,20231018,46.76,46.76,46.76,46.76,261
GFL.TO,20231018,41.99,42,41.07,41.69,200790
GFP.TO,20231018,1.03,1.03,0.98,0.99,19902
GGD.TO,20231018,1.35,1.38,1.29,1.33,235841
GGRO.TO,20231018,44.04,44.04,43.55,43.55,1093
GH.TO,20231018,8.73,8.77,8.68,8.68,2100
GIB.A.TO,20231018,134.31,135.47,133.67,135.16,355709
GIL.TO,20231018,40.52,40.99,40.29,40.38,361302
GIQU.TO,20231018,21.58,21.58,21.58,21.58,100
GIVX.TO,20231018,0.48,0.48,0.46,0.46,4500
GLCC.TO,20231018,23.9,23.99,23.62,23.71,15915
GLO.TO,20231018,2.01,2.04,1.94,1.94,327430
GLXY.TO,20231018,4.88,4.89,4.71,4.71,316987
GMTN.TO,20231018,0.09,0.09,0.08,0.09,130781
GMX.TO,20231018,0.81,0.82,0.81,0.82,40000
GOLD.TO,20231018,1.1,1.12,1.08,1.08,157358
GOOS.TO,20231018,18.03,18.05,17.38,17.44,265310
GRA.TO,20231018,2.44,2.44,2.38,2.41,14110
GRC.TO,20231018,0.09,0.095,0.09,0.095,12200
GRN.TO,20231018,0.195,0.21,0.195,0.195,275408
GRNI.TO,20231018,23.87,23.87,23.87,23.87,200
GRT.UN.TO,20231018,71.88,71.91,69.19,69.69,108215
GSY.TO,20231018,114.5,114.52,111.39,111.61,25136
GTE.TO,20231018,9.49,9.49,9.19,9.24,19907
GUD.TO,20231018,4.58,4.58,4.51,4.52,39942
GURU.TO,20231018,2.09,2.1,2.04,2.07,22200
GVC.TO,20231018,0.12,0.12,0.12,0.12,7000
GWO.TO,20231018,39.09,39.14,38.8,39.07,703961
GWO.PR.G.TO,20231018,18.49,18.49,18.3,18.3,3200
GWO.PR.H.TO,20231018,17.46,17.46,17.13,17.15,4650
GWO.PR.I.TO,20231018,16.41,16.41,16.19,16.2,7001
GWO.PR.L.TO,20231018,20.04,20.04,20,20,5400
GWO.PR.M.TO,20231018,20.79,20.79,20.71,20.75,3200
GWO.PR.N.TO,20231018,12.12,12.3,12.12,12.3,1872
GWO.PR.P.TO,20231018,19.04,19.05,18.94,18.94,4000
GWO.PR.Q.TO,20231018,18.2,18.2,18.2,18.2,1435
GWO.PR.R.TO,20231018,17.26,17.26,17.03,17.03,2957
GWO.PR.S.TO,20231018,18.47,18.47,18.47,18.47,200
GWO.PR.T.TO,20231018,18.35,18.35,18.25,18.25,3140
GWO.PR.Y.TO,20231018,16.5,16.5,16.07,16.07,1340
GXE.TO,20231018,0.85,0.86,0.84,0.84,361258
H.TO,20231018,35.89,35.99,35.55,35.58,971383
HAB.TO,20231018,9.27,9.28,9.26,9.26,2800
HAC.TO,20231018,25.4,25.4,25.4,25.4,400
HAD.TO,20231018,8.33,8.33,8.33,8.33,100
HAF.TO,20231018,6.79,6.79,6.79,6.79,1500
HAI.TO,20231018,3.31,3.42,3.31,3.42,1125
HAL.TO,20231018,17.91,17.91,17.9,17.9,601
HAZ.TO,20231018,29.34,29.34,29.3,29.3,1685
HBA.TO,20231018,20.98,20.98,20.87,20.87,5299
HBAL.TO,20231018,13,13,12.98,12.98,5335
HBB.TO,20231018,43.67,43.68,43.56,43.67,19119
HBD.TO,20231018,11.09,11.17,11.09,11.09,3560
HBF.TO,20231018,9.19,9.19,9.1,9.1,22632
HBF.B.TO,20231018,10.11,10.11,10.09,10.09,800
HBFE.TO,20231018,9.75,9.75,9.75,9.75,8900
HBGD.TO,20231018,18.55,18.55,18.55,18.55,218
HBKD.TO,20231018,25.04,25.04,25.04,25.04,100
HBLK.TO,20231018,9.68,9.68,9.47,9.5,32711
HBM.TO,20231018,6.36,6.4,6.25,6.29,945987
HBND.TO,20231018,14.96,14.96,14.78,14.87,93696
HBNK.TO,20231018,18.5,18.5,18.23,18.23,11608
HBU.TO,20231018,10.83,10.95,10.75,10.83,14191
HCA.TO,20231018,18.61,18.63,18.49,18.49,3350
HCAL.TO,20231018,17.82,17.82,17.47,17.48,45795
HCLN.TO,20231018,9.05,9.06,8.95,8.95,1386
HCRE.TO,20231018,22.73,22.73,22.36,22.36,10100
HDGE.TO,20231018,23.61,23.61,23.61,23.61,1850
HDIF.TO,20231018,7.4,7.4,7.26,7.27,97894
HDIV.TO,20231018,15.17,15.17,14.97,15,32873
HED.TO,20231018,4.55,4.58,4.51,4.55,25066
HEQT.TO,20231018,13.9,13.9,13.75,13.75,30722
HEU.TO,20231018,30.14,30.15,29.7,30,22662
HEWB.TO,20231018,27.09,27.09,26.75,26.75,8565
HFD.TO,20231018,12.44,12.72,12.39,12.72,8159
HFG.TO,20231018,19.79,19.79,19.79,19.79,600
HFIN.TO,20231018,12.94,12.94,12.75,12.75,11304
HFPC.U.TO,20231018,2.76,2.76,2.65,2.65,19700
HFR.TO,20231018,9.72,9.73,9.72,9.73,13716
HFU.TO,20231018,15.93,15.93,15.68,15.68,20078
HGD.TO,20231018,5.85,5.97,5.72,5.95,399034
HGGG.TO,20231018,25.86,25.86,25.49,25.49,500
HGR.TO,20231018,5.6,5.6,5.57,5.57,401
HGU.TO,20231018,13.25,13.52,12.99,13.05,481977
HGY.TO,20231018,9.5,9.55,9.5,9.55,2417
HHL.TO,20231018,7.74,7.78,7.68,7.69,71539
HHL.B.TO,20231018,8.45,8.45,8.45,8.45,100
HHLE.TO,20231018,9.65,9.65,9.62,9.62,5712
HIG.TO,20231018,8,8.04,8,8,3270
HISU.U.TO,20231018,100.32,100.32,100.32,100.32,1189
HIU.TO,20231018,14.02,14.17,14.02,14.17,3560
HIX.TO,20231018,30.49,30.74,30.49,30.74,5675
HLF.TO,20231018,11.2,11.2,11,11.06,5220
HLIF.TO,20231018,8.34,8.34,8.27,8.27,38125
HLIT.TO,20231018,28.5,28.5,28.5,28.5,111
HLPR.TO,20231018,20.6,20.6,20.49,20.49,6900
HLS.TO,20231018,4.84,5.28,4.84,5.26,4515
HMAX.TO,20231018,13.45,13.45,13.25,13.27,149235
HMM.A.TO,20231018,8.5,8.68,8.5,8.56,1975
HMMJ.TO,20231018,8.94,8.94,8.68,8.68,3597
HMP.TO,20231018,9.05,9.05,9.05,9.05,4200
HND.TO,20231018,42.61,44.45,42.47,44.29,352103
HNU.TO,20231018,15.48,15.53,14.85,14.94,1742224
HOD.TO,20231018,6.78,6.85,6.66,6.74,854033
HOM.U.TO,20231018,11.15,11.17,11,11.16,5935
HOM.UN.TO,20231018,15.34,15.34,15.05,15.21,7418
HOT.UN.TO,20231018,1.71,1.72,1.69,1.71,28814
HOU.TO,20231018,17.14,17.43,16.97,17.21,853974
HPF.TO,20231018,3.61,3.62,3.61,3.62,11190
HPR.TO,20231018,7.09,7.1,7.06,7.06,49597
HPS.A.TO,20231018,58.3,59.18,57.9,58.59,62322
HPYT.TO,20231018,11.54,11.56,11.45,11.54,245928
HQD.TO,20231018,19.9,20.26,19.65,20.17,501727
HQU.TO,20231018,13.75,13.92,13.48,13.55,1593384
HR.UN.TO,20231018,9.4,9.42,9.21,9.21,412281
HREU.TO,20231018,13.23,13.23,13.23,13.23,125
HRIF.TO,20231018,14.11,14.11,14.11,14.11,100
HRX.TO,20231018,15.63,15.66,15.25,15.25,7887
HSAV.TO,20231018,109.35,109.35,109.21,109.21,44007
HSD.TO,20231018,26.68,27.28,26.55,27.18,677092
HSH.TO,20231018,53.56,53.56,53.18,53.2,1662
HSU.TO,20231018,15.36,15.44,15.02,15.08,862198
HSUV.U.TO,20231018,106.61,106.62,106.6,106.61,14608
HTA.TO,20231018,14.9,14.91,14.74,14.76,33951
HTAE.TO,20231018,13.05,13.08,12.94,12.94,646
HTB.TO,20231018,51.96,52.06,51.96,52.06,1000
HTL.TO,20231018,1.45,1.48,1.44,1.48,16575
HUBL.TO,20231018,9.9,9.9,9.72,9.72,511
HUC.TO,20231018,22.5,22.54,22.5,22.54,7706
HUG.TO,20231018,15.54,15.6,15.52,15.55,2200
HULC.TO,20231018,70.46,70.46,70,70,2000
HULC.U.TO,20231018,51.48,51.48,51.01,51.01,3000
HUN.TO,20231018,11.57,11.57,11.41,11.41,1910
HURA.TO,20231018,31.27,31.42,31.27,31.35,4584
HUT.TO,20231018,2.59,2.62,2.43,2.45,1754747
HUTE.TO,20231018,9.21,9.21,9.15,9.15,421
HUTL.TO,20231018,15.75,15.76,15.59,15.65,32869
HUTS.TO,20231018,10.99,10.99,10.78,10.79,18138
HUV.TO,20231018,17.1,17.98,17.05,17.81,151522
HUZ.TO,20231018,10.7,10.7,10.7,10.7,511
HWO.TO,20231018,1.2,1.2,1.16,1.16,901
HWX.TO,20231018,7.35,7.41,7.26,7.27,414531
HXCN.TO,20231018,31.12,31.12,30.79,30.79,8881
HXD.TO,20231018,7.34,7.49,7.31,7.47,124333
HXDM.TO,20231018,39.26,39.26,39.1,39.1,4031
HXE.TO,20231018,35.3,35.4,35.15,35.22,1597
HXEM.TO,20231018,30.9,30.91,30.87,30.91,700
HXF.TO,20231018,56.92,57,56.68,56.68,513
HXH.TO,20231018,43.03,43.03,42.87,42.87,658
HXQ.TO,20231018,58.42,58.66,58.17,58.17,8949
HXQ.U.TO,20231018,42.76,42.78,42.39,42.39,3000
HXS.TO,20231018,60.26,60.26,59.79,59.91,22464
HXT.TO,20231018,49.47,49.54,48.97,49.02,116997
HXU.TO,20231018,17.56,17.69,17.29,17.32,32066
HXX.TO,20231018,40.66,40.66,40.53,40.53,428
HYBR.TO,20231018,7.39,7.39,7.39,7.39,100
HYLD.TO,20231018,11.94,11.94,11.76,11.79,33622
HYLD.U.TO,20231018,12.21,12.21,11.99,11.99,32488
HZD.TO,20231018,15.15,15.62,14.97,15.55,35255
HZU.TO,20231018,19.56,19.81,18.8,19.08,57932
IAG.TO,20231018,84.42,84.49,82.66,82.72,170504
IAU.TO,20231018,2.3,2.31,2.26,2.26,270659
IBG.DB.E.TO,20231018,99,99,99,99,2000
ICAE.TO,20231018,18.22,18.22,18.13,18.13,600
ICPB.TO,20231018,9.01,9.01,8.96,8.96,5684
IE.TO,20231018,15.5,15.5,15.22,15.22,2270
IFC.TO,20231018,200,200.34,198.68,199.36,421854
IFC.PR.A.TO,20231018,15.26,15.49,15.26,15.37,1100
IFC.PR.C.TO,20231018,16.4,16.5,16.18,16.18,4390
IFC.PR.E.TO,20231018,18.85,18.97,18.68,18.97,6133
IFC.PR.F.TO,20231018,18.91,19,18.9,18.99,2900
IFC.PR.G.TO,20231018,19.49,19.5,19.28,19.28,5400
IFC.PR.I.TO,20231018,19.55,19.55,19.3,19.3,2050
IFC.PR.K.TO,20231018,18.91,18.91,18.89,18.89,2006
IFP.TO,20231018,17.96,18.03,17.58,17.87,133077
IGB.TO,20231018,16.73,16.73,16.72,16.72,3300
IGM.TO,20231018,33.02,33.28,32.27,32.33,110989
III.TO,20231018,2.08,2.1,2.06,2.1,5048
IIP.UN.TO,20231018,13.06,13.06,12.74,12.74,571870
ILGB.TO,20231018,8.04,8.05,8.03,8.05,2500
ILLM.TO,20231018,1.7,1.7,1.63,1.66,76791
IMG.TO,20231018,3.25,3.31,3.19,3.21,713752
IMO.TO,20231018,84.05,84.22,83.27,83.64,1825517
INC.UN.TO,20231018,7.09,7.09,6.7,6.7,2000
INE.TO,20231018,9.6,9.67,9.19,9.23,441731
INE.DB.B.TO,20231018,93.06,93.1,93.05,93.05,107000
INE.DB.C.TO,20231018,88.5,88.5,88,88,55000
INE.PR.A.TO,20231018,11.97,11.97,11.79,11.79,2600
INE.PR.C.TO,20231018,17.61,17.61,17.61,17.61,100
INO.UN.TO,20231018,2.73,2.82,2.73,2.74,93044
INOC.TO,20231018,12.93,12.94,12.89,12.89,5200
IPCO.TO,20231018,14.22,14.36,14.09,14.1,65514
IPO.TO,20231018,2.7,2.75,2.7,2.7,212071
IQD.TO,20231018,29.76,29.82,29.71,29.82,2000
IQD.B.TO,20231018,25.77,25.77,25.77,25.77,175
ISV.TO,20231018,20.77,21.1,20.4,20.57,14752
ITE.TO,20231018,0.215,0.215,0.21,0.215,235935
ITH.TO,20231018,0.55,0.56,0.55,0.55,24541
IUMF.TO,20231018,18.9,18.9,18.9,18.9,300
IUMF.F.TO,20231018,18.34,18.34,18.14,18.14,1000
IVN.TO,20231018,11.17,11.24,10.89,10.95,783883
IVQ.TO,20231018,0.33,0.33,0.33,0.33,6690
IVQ.DB.V.TO,20231018,52.01,52.01,51,51,33000
IWBE.TO,20231018,16.94,16.94,16.83,16.91,6100
IXTE.TO,20231018,17.57,17.57,17.44,17.44,600
JAG.TO,20231018,1.38,1.42,1.38,1.39,18811
JAPN.TO,20231018,39,39,38.72,38.72,243
JAPN.B.TO,20231018,28.63,28.63,28.63,28.63,100
JOY.TO,20231018,5.35,5.43,5.28,5.28,60833
JWEL.TO,20231018,25.32,25.32,24.49,24.49,36135
K.TO,20231018,7.38,7.45,7.26,7.29,3506014
KBL.TO,20231018,31.48,31.48,31.13,31.15,4305
KEC.TO,20231018,13.39,13.39,13.39,13.39,130
KEG.UN.TO,20231018,13.22,13.25,13.02,13.11,9761
KEI.TO,20231018,6.25,6.29,6.21,6.23,6520
KEL.TO,20231018,7.36,7.49,7.3,7.33,214347
KEY.TO,20231018,33.4,33.4,33.03,33.35,705067
KILO.TO,20231018,29.18,29.2,29,29.15,3533
KILO.B.TO,20231018,31.92,31.92,31.92,31.92,100
KITS.TO,20231018,5.43,5.55,5.32,5.32,6430
KMP.UN.TO,20231018,17.24,17.24,16.9,16.92,141178
KNT.TO,20231018,5.88,6.01,5.68,5.8,485552
KPT.TO,20231018,9.9,10,9.9,9.95,9111
KRN.TO,20231018,0.23,0.26,0.23,0.255,6325
KRR.TO,20231018,4.26,4.34,4.18,4.19,320572
KSI.TO,20231018,3.01,3.05,2.97,3,22952
KXS.TO,20231018,136.98,139.32,135.62,138.53,62016
L.TO,20231018,114.19,114.55,112.9,113,389505
L.PR.B.TO,20231018,20.27,20.34,20.25,20.25,2153
LAAC.TO,20231018,9.6,9.65,9.12,9.18,181347
LABS.TO,20231018,0.075,0.075,0.07,0.07,12266
LAC.TO,20231018,12.26,12.26,11.13,11.16,541685
LAM.TO,20231018,0.58,0.58,0.55,0.57,330917
LAS.A.TO,20231018,127.24,127.24,127.24,127.24,109
LB.TO,20231018,26.65,26.83,26.11,26.14,140221
LB.PR.H.TO,20231018,14.6,14.6,14.4,14.42,9466
LBS.TO,20231018,7.78,7.81,7.63,7.63,39026
LBS.PR.A.TO,20231018,9.52,9.55,9.51,9.55,87812
LCFS.TO,20231018,8.43,8.43,7.62,7.86,8880
LCS.TO,20231018,5.67,5.67,5.46,5.46,14216
LCS.PR.A.TO,20231018,9.99,9.99,9.99,9.99,505
LEAD.TO,20231018,15.55,15.55,15.47,15.47,6000
LEAD.B.TO,20231018,16.16,16.16,16.13,16.13,7200
LEV.TO,20231018,2.6,2.6,2.49,2.5,146108
LEV.WT.TO,20231018,0.16,0.16,0.16,0.16,2500
LFE.TO,20231018,3.02,3.02,2.95,2.95,8601
LFE.PR.B.TO,20231018,10.21,10.21,10.19,10.2,11826
LGD.TO,20231018,0.275,0.285,0.2725,0.275,155356
LGO.TO,20231018,4.09,4.13,3.97,4.09,19286
LIF.TO,20231018,30.14,30.69,30.14,30.41,107495
LIFE.TO,20231018,20.87,20.87,20.52,20.56,6136
LIFE.B.TO,20231018,23.93,23.95,23.93,23.95,1250
LIFE.U.TO,20231018,20,20,20,20,100
LIRC.TO,20231018,10.46,10.58,10.4,10.55,18719
LN.TO,20231018,0.34,0.34,0.33,0.33,3000
LNF.TO,20231018,18.1,18.57,17.85,17.94,15793
LNR.TO,20231018,65.01,65.01,63.62,63.71,74140
LPAY.U.TO,20231018,19.61,19.61,19.61,19.61,300
LPEN.TO,20231018,0.16,0.16,0.16,0.16,13688
LSPD.TO,20231018,19.31,19.41,18.79,18.98,271541
LSPK.TO,20231018,0.38,0.38,0.38,0.38,1000
LUC.TO,20231018,0.37,0.375,0.365,0.37,38500
LUG.TO,20231018,17.68,17.8,17.33,17.73,249655
LUN.TO,20231018,9.26,9.32,9.05,9.07,1482530
MAG.TO,20231018,15.65,15.78,15.04,15.18,197401
MAL.TO,20231018,7.23,7.3,7.1,7.28,8300
MARI.TO,20231018,3.64,3.64,3.64,3.64,2700
MATR.TO,20231018,14.8,14.92,14.75,14.8,335292
MCB.TO,20231018,1.56,1.56,1.55,1.55,40200
MCLC.TO,20231018,33.17,33.17,33.17,33.17,800
MCON.TO,20231018,19.06,19.06,19.03,19.03,1300
MCSB.TO,20231018,18.6,18.61,18.58,18.58,10400
MCSM.TO,20231018,35.22,35.22,35.03,35.03,1919
MDA.TO,20231018,12.19,12.48,12.02,12.37,232353
MDI.TO,20231018,8.17,8.32,8.01,8.04,436537
MDNA.TO,20231018,0.415,0.42,0.415,0.42,2213
MDP.TO,20231018,2.48,2.51,2.31,2.35,41321
MDVD.TO,20231018,21.55,21.56,21.53,21.53,300
MEE.TO,20231018,23.09,23.29,23.08,23.1,6300
MEG.TO,20231018,28.05,28.16,27.69,27.92,1708173
MEME.B.TO,20231018,25.63,25.66,25.63,25.66,200
MEQ.TO,20231018,138.17,139.32,138.17,139.32,682
MEU.TO,20231018,20.28,20.28,20.26,20.26,3100
MFC.TO,20231018,25.26,25.28,24.85,24.86,2605557
MFC.PR.B.TO,20231018,17.1,17.1,17.03,17.03,5725
MFC.PR.C.TO,20231018,16.75,16.75,16.67,16.69,8287
MFC.PR.F.TO,20231018,12.99,13.01,12.8,12.8,3862
MFC.PR.I.TO,20231018,19.39,19.41,19.35,19.41,4947
MFC.PR.J.TO,20231018,19.55,19.55,19.4,19.5,4136
MFC.PR.K.TO,20231018,19.57,19.65,19.3,19.3,6469
MFC.PR.L.TO,20231018,17.91,17.91,17.9,17.9,1000
MFC.PR.M.TO,20231018,17.15,17.4,17.15,17.38,31882
MFC.PR.N.TO,20231018,16.79,16.79,16.72,16.72,8150
MFC.PR.P.TO,20231018,15.25,15.25,15.25,15.25,200
MFC.PR.Q.TO,20231018,19.3,19.3,19.22,19.22,1450
MFI.TO,20231018,25.05,25.31,24.33,24.52,93184
MFT.TO,20231018,17.4,17.41,17.37,17.38,17580
MG.TO,20231018,72.02,72.02,70.17,70.47,922812
MGA.TO,20231018,0.33,0.335,0.32,0.325,472664
MGB.TO,20231018,15.69,15.69,15.69,15.69,43820
MHC.U.TO,20231018,14.99,14.99,14.76,14.76,2300
MHC.UN.TO,20231018,20.5,20.5,20.3,20.3,400
MHCD.TO,20231018,10.7,10.7,10.7,10.7,1000
MI.UN.TO,20231018,13.9,14,13.58,13.67,56872
MIC.PR.A.TO,20231018,16.86,16.86,16.83,16.83,900
MID.UN.TO,20231018,6.7,6.7,6.54,6.62,6200
MIN.TO,20231018,0.15,0.15,0.14,0.15,85850
MINF.TO,20231018,8.69,8.69,8.69,8.69,200
MINN.TO,20231018,14.12,14.12,14.07,14.08,2100
MKB.TO,20231018,17.8,17.85,17.78,17.8,17000
MKC.TO,20231018,29.12,29.12,28.89,28.89,23002
MKP.TO,20231018,15.41,15.41,15.15,15.2,12122
MKZ.UN.TO,20231018,0.4,0.4,0.39,0.39,25500
MMP.UN.TO,20231018,1.94,1.94,1.86,1.86,6230
MND.TO,20231018,1.96,1.97,1.84,1.84,11350
MNO.TO,20231018,0.325,0.335,0.32,0.325,76500
MNS.TO,20231018,17.05,17.05,16.99,16.99,200
MNT.TO,20231018,26.75,26.98,26.71,26.92,8347
MNY.TO,20231018,100.28,100.28,100.28,100.28,1779
MOGO.TO,20231018,2,2,1.96,1.97,6140
MPAY.TO,20231018,27.16,27.16,27.16,27.16,6400
MPAY.U.TO,20231018,19.84,19.84,19.83,19.83,5000
MPCT.UN.TO,20231018,6.17,6.3,6.15,6.3,19772
MPVD.TO,20231018,0.32,0.32,0.32,0.32,500
MPY.TO,20231018,8.86,8.86,8.86,8.86,300
MR.UN.TO,20231018,4.2,4.2,4.15,4.2,10100
MRC.TO,20231018,102.86,102.86,101.6,102,1553
MRD.TO,20231018,11.07,11.07,11.07,11.07,409
MRE.TO,20231018,11.99,11.99,11.66,11.67,122045
MREL.TO,20231018,11.03,11.03,10.98,11,4713
MRG.UN.TO,20231018,15.39,15.44,15.19,15.44,54173
MRT.UN.TO,20231018,5.5,5.56,5.48,5.56,4000
MRU.TO,20231018,71.9,72.02,70.53,70.63,689989
MSA.TO,20231018,0.57,0.58,0.57,0.58,151001
MSV.TO,20231018,0.18,0.185,0.18,0.185,11500
MTL.TO,20231018,13.72,13.72,13.35,13.39,139240
MTL.DB.TO,20231018,110,110,110,110,5000
MTY.TO,20231018,51.5,52.3,51.25,51.56,44438
MUB.TO,20231018,17.47,17.47,17.39,17.42,22620
MULC.TO,20231018,40.31,40.31,40.31,40.31,1800
MUMC.TO,20231018,35.31,35.32,35.17,35.17,2300
MUMC.B.TO,20231018,39.12,39.18,39,39,565
MUS.TO,20231018,31.3,31.52,31.29,31.29,15027
MUSA.TO,20231018,14.74,14.74,14.74,14.74,2000
MUX.TO,20231018,11.52,11.68,10.66,10.91,29207
MWD.TO,20231018,25.8,25.87,25.74,25.74,7085
MX.TO,20231018,57.6,58.17,57.22,58,110426
MXG.TO,20231018,4.19,4.19,4.15,4.17,3200
MXU.TO,20231018,20.18,20.21,20.11,20.11,5091
NA.TO,20231018,88.16,88.31,86.81,86.85,1573941
NA.PR.C.TO,20231018,24.46,24.5,24.26,24.26,17855
NA.PR.E.TO,20231018,19.42,19.5,19.4,19.45,3438
NA.PR.G.TO,20231018,22.5,22.79,22.5,22.61,20871
NA.PR.S.TO,20231018,18.28,18.29,18.11,18.11,4300
NA.PR.W.TO,20231018,16.6,16.6,16.52,16.52,800
NALT.TO,20231018,23.16,23.27,23.16,23.19,7350
NANO.TO,20231018,2.9,2.91,2.84,2.84,20473
NCF.TO,20231018,0.025,0.025,0.025,0.025,6000
NCP.TO,20231018,0.02,0.025,0.02,0.025,5450
NCU.TO,20231018,0.16,0.16,0.15,0.15,246068
NDM.TO,20231018,0.435,0.445,0.43,0.435,38152
NEO.TO,20231018,7.5,7.59,7.34,7.46,53014
NEXT.TO,20231018,1.28,1.3,1.23,1.23,22251
NFI.TO,20231018,14.37,14.48,13.54,13.82,291387
NFI.DB.TO,20231018,82.25,82.25,82.25,82.25,10000
NG.TO,20231018,5.36,5.43,5.21,5.27,121670
NGD.TO,20231018,1.51,1.53,1.47,1.49,619028
NGT.TO,20231018,55.69,55.96,54.5,54.66,324841
NHYB.TO,20231018,20.1,20.11,20.09,20.09,300
NOA.TO,20231018,29.66,30.07,29.33,29.6,45519
NOA.DB.A.TO,20231018,130.2,130.2,130.2,130.2,17000
NPI.TO,20231018,21.33,21.35,20.56,20.61,1127916
NPI.PR.A.TO,20231018,14.15,14.15,13.91,13.92,4800
NPI.PR.B.TO,20231018,16.7,16.7,16.7,16.7,400
NPK.TO,20231018,1.5,1.55,1.48,1.5,26061
NPRF.TO,20231018,18.7,18.71,18.61,18.61,3150
NREA.TO,20231018,17.87,17.87,17.87,17.87,350
NRR.UN.TO,20231018,11.11,11.11,10.82,11.05,3381
NSCB.TO,20231018,20.87,20.87,20.87,20.87,143
NSCC.TO,20231018,20.42,20.42,20.42,20.42,500
NSSB.TO,20231018,9.44,9.44,9.44,9.44,220
NTR.TO,20231018,84.43,84.71,83.35,84.09,694620
NUAG.TO,20231018,2.5,2.57,2.39,2.39,52721
NUBF.TO,20231018,20.16,20.16,20.15,20.15,400
NUMI.TO,20231018,0.16,0.16,0.15,0.15,244962
NUSA.TO,20231018,35,35,34.84,34.84,600
NVA.TO,20231018,13.2,13.3,13.05,13.12,645632
NVEI.TO,20231018,21.41,21.53,20.77,21.12,358679
NVO.TO,20231018,0.185,0.195,0.18,0.18,118600
NWC.TO,20231018,35.15,35.22,35,35,76522
NWH.DB.G.TO,20231018,97.7,98.25,97.7,98.25,143000
NWH.DB.H.TO,20231018,83.13,83.13,83.13,83.13,9000
NWH.UN.TO,20231018,4.46,4.54,4.36,4.54,747228
NXE.TO,20231018,7.77,7.82,7.63,7.68,1103750
NXF.TO,20231018,6.55,6.6,6.55,6.59,38526
NXF.B.TO,20231018,8.52,8.55,8.52,8.54,4700
NXR.UN.TO,20231018,6.88,6.89,6.71,6.71,89350
OBE.TO,20231018,11.63,11.84,11.56,11.72,245316
OGC.TO,20231018,2.6,2.65,2.53,2.55,1168833
OGD.TO,20231018,0.6,0.6,0.6,0.6,5163
OGI.TO,20231018,1.64,1.66,1.55,1.55,108643
OLA.TO,20231018,4.82,4.9,4.61,4.65,406323
OLY.TO,20231018,92.49,93,92.49,93,1135
ONC.TO,20231018,2.45,2.45,2.27,2.29,105583
ONEB.TO,20231018,46.55,46.55,46.55,46.55,2575
ONEQ.TO,20231018,33.04,33.04,33.02,33.02,200
ONEX.TO,20231018,79.5,79.82,78.37,78.45,96203
OR.TO,20231018,16.86,16.87,16.57,16.66,279194
ORA.TO,20231018,9.5,9.51,9.23,9.31,3500
ORE.TO,20231018,0.9,0.9,0.89,0.89,68509
ORV.TO,20231018,0.155,0.155,0.145,0.145,11920
OSK.TO,20231018,2.83,2.9,2.8,2.82,579668
OTEX.TO,20231018,46.67,47.49,46.42,46.47,307153
OVV.TO,20231018,70.08,70.35,69.41,70.24,225581
PAAS.TO,20231018,20.92,21.65,20.71,20.81,578052
PAY.TO,20231018,5,5.14,4.84,4.85,39460
PAYF.TO,20231018,17.69,17.69,17.68,17.68,411
PBH.TO,20231018,94.55,94.88,92.91,93.35,37579
PBH.DB.G.TO,20231018,94.5,95,94.5,94.51,23000
PBH.DB.H.TO,20231018,88.01,88.01,88,88,26000
PBH.DB.I.TO,20231018,91,91,90.39,90.39,54000
PBI.B.TO,20231018,40.17,40.17,39.75,39.75,600
PBL.TO,20231018,26.48,26.64,26.48,26.64,200
PBY.UN.TO,20231018,14.17,14.18,14.17,14.18,1500
PD.TO,20231018,86.01,86.2,83.51,84.32,68390
PDC.TO,20231018,28.23,28.23,27.82,27.83,5903
PDF.TO,20231018,28.61,28.61,28.39,28.41,1800
PDIV.TO,20231018,9.34,9.37,9.34,9.34,3954
PDV.TO,20231018,3.45,3.45,3.45,3.45,500
PEA.TO,20231018,0.57,0.58,0.56,0.56,205837
PET.TO,20231018,25.12,25.23,24.88,25,96639
PEY.TO,20231018,14.41,14.48,14.08,14.35,872068
PFAA.TO,20231018,10.41,10.41,10.38,10.38,8451
PFAE.TO,20231018,15.32,15.32,15.32,15.32,1600
PFIA.TO,20231018,9.52,9.52,9.5,9.52,46300
PFL.TO,20231018,19.67,19.69,19.67,19.69,15002
PFLS.TO,20231018,15.45,15.46,15.28,15.37,3120
PFMN.TO,20231018,13.74,13.81,13.74,13.74,28401
PGI.UN.TO,20231018,6.67,6.68,6.55,6.58,42494
PHX.TO,20231018,7.65,7.69,7.57,7.57,18229
PHYS.TO,20231018,20.5,20.75,20.5,20.72,38798
PHYS.U.TO,20231018,15.05,15.2,15.05,15.13,340
PIC.A.TO,20231018,3.36,3.52,3.29,3.29,48604
PIC.PR.A.TO,20231018,13.39,13.39,13.28,13.28,2500
PID.TO,20231018,20.6,20.6,20.42,20.49,11699
PIF.TO,20231018,13.8,13.8,13.16,13.3,53860
PIN.TO,20231018,16.43,16.43,16.42,16.42,6900
PINC.TO,20231018,16.49,16.49,16.49,16.49,151
PIX.UN.TO,20231018,7.2,7.2,7.07,7.07,14244
PKI.TO,20231018,41.23,41.37,40.54,40.85,587676
PLC.TO,20231018,18.33,18.46,17.77,17.98,120277
PLDI.TO,20231018,18.21,18.21,18.21,18.21,1200
PLV.TO,20231018,21.37,21.37,21.37,21.37,700
PLZ.UN.TO,20231018,3.67,3.67,3.6,3.64,42989
PMB.UN.TO,20231018,6.84,6.84,6.78,6.81,1800
PME.TO,20231018,2.2,2.2,2.17,2.17,2210
PMIF.TO,20231018,17.35,17.37,17.34,17.34,46637
PMIF.U.TO,20231018,18.3,18.35,18.3,18.35,400
PMM.TO,20231018,20.26,20.29,20.26,20.29,400
PMT.TO,20231018,0.62,0.66,0.62,0.62,50279
PMZ.UN.TO,20231018,13.4,13.49,13.3,13.41,82402
PNE.TO,20231018,1.53,1.53,1.5,1.5,100319
PNP.TO,20231018,3.9,3.9,3.9,3.9,200
POU.TO,20231018,31.03,32.36,31.03,32.3,304962
POW.TO,20231018,34.79,34.79,34.34,34.44,2513536
POW.PR.A.TO,20231018,20.06,20.11,19.97,19.97,3151
POW.PR.B.TO,20231018,18.92,18.92,18.9,18.9,1620
POW.PR.C.TO,20231018,21.12,21.12,21,21.11,8000
POW.PR.D.TO,20231018,17.97,17.97,17.96,17.96,400
POW.PR.G.TO,20231018,19.66,19.66,19.65,19.65,1200
PPL.TO,20231018,42.33,42.33,41.77,41.92,1262666
PPL.PF.A.TO,20231018,17.8,17.8,17.58,17.67,16698
PPL.PF.E.TO,20231018,18.94,18.94,18.5,18.5,9156
PPL.PR.A.TO,20231018,18.38,18.58,18.18,18.22,13472
PPL.PR.C.TO,20231018,17.3,17.3,16.9,16.9,6416
PPL.PR.E.TO,20231018,17.25,17.25,17.02,17.02,5835
PPL.PR.G.TO,20231018,16.28,16.28,15.91,16.05,872
PPL.PR.I.TO,20231018,17.96,17.96,17.95,17.96,4100
PPL.PR.O.TO,20231018,17.45,17.61,17.15,17.3,14957
PPL.PR.Q.TO,20231018,17.91,18.03,17.9,17.9,700
PPL.PR.S.TO,20231018,20.36,20.45,20.35,20.36,1700
PPR.TO,20231018,0.1,0.1,0.095,0.095,95000
PPTA.TO,20231018,5.14,5.19,5.04,5.06,4715
PR.TO,20231018,7.83,7.86,7.79,7.81,5000
PRA.TO,20231018,26.44,26.96,26.42,26.58,15450
PRB.TO,20231018,1.5,1.55,1.5,1.55,55840
PRL.TO,20231018,8.64,8.64,8.2,8.2,5978
PRMW.TO,20231018,18.66,18.71,18.46,18.51,57350
PRN.TO,20231018,12.41,12.84,12.41,12.78,2319
PRQ.TO,20231018,1.52,1.52,1.45,1.45,44464
PRU.TO,20231018,1.46,1.48,1.44,1.45,9600
PRV.UN.TO,20231018,4.51,4.53,4.4,4.41,78269
PSA.TO,20231018,50.15,50.15,50.14,50.15,52260
PSB.TO,20231018,16.43,16.45,16.43,16.44,8150
PSD.TO,20231018,1.8,1.83,1.8,1.83,5500
PSI.TO,20231018,13.96,13.97,13.68,13.71,125466
PSK.TO,20231018,25.14,25.14,24.55,24.6,181172
PSLV.TO,20231018,10.72,10.78,10.58,10.62,43706
PSU.U.TO,20231018,100.31,100.31,100.3,100.31,3377
PTI.UN.TO,20231018,5.94,5.94,5.83,5.85,15987
PTM.TO,20231018,1.58,1.58,1.58,1.58,1677
PTO.UN.TO,20231018,6.59,6.59,6.45,6.58,22030
PVS.PR.F.TO,20231018,24.33,24.35,24.33,24.35,1921
PVS.PR.G.TO,20231018,23.18,23.62,23.18,23.62,702
PVS.PR.H.TO,20231018,22,22.1,21.89,21.89,7975
PVS.PR.I.TO,20231018,23.35,23.35,23.35,23.35,175
PVS.PR.J.TO,20231018,21.35,21.35,21.2,21.24,4165
PVS.PR.K.TO,20231018,20.52,20.52,20.24,20.25,6883
PWF.PF.A.TO,20231018,15.8,15.8,15.8,15.8,500
PWF.PR.E.TO,20231018,19.2,19.2,19,19,2900
PWF.PR.F.TO,20231018,18.34,18.34,18.23,18.25,1800
PWF.PR.G.TO,20231018,20.9,20.9,20.66,20.66,2200
PWF.PR.K.TO,20231018,17.35,17.35,17.35,17.35,200
PWF.PR.O.TO,20231018,20.15,20.15,20.02,20.05,3850
PWF.PR.P.TO,20231018,11.81,11.81,11.59,11.7,74885
PWF.PR.Q.TO,20231018,14.47,14.47,14.47,14.47,200
PWF.PR.R.TO,20231018,19.12,19.15,18.91,19.15,6529
PWF.PR.S.TO,20231018,16.9,16.9,16.8,16.8,3400
PWF.PR.T.TO,20231018,19.05,19.05,19.05,19.05,100
PWF.PR.Z.TO,20231018,18.05,18.05,17.94,17.94,1800
PWI.TO,20231018,5.21,5.21,5.12,5.19,1536
PWI.PR.A.TO,20231018,9.15,9.19,9.15,9.18,906
PXC.TO,20231018,33.42,33.42,33.21,33.21,1097
PXT.TO,20231018,24.83,25.19,24.83,25.13,456279
PYF.TO,20231018,17.11,17.11,17.1,17.1,1630
PYF.U.TO,20231018,18.84,18.84,18.83,18.83,600
PYR.TO,20231018,0.58,0.62,0.58,0.59,47624
PZA.TO,20231018,13.35,13.35,13.15,13.15,18208
PZW.TO,20231018,28.73,28.75,28.73,28.75,5899
QAH.TO,20231018,143.39,143.39,142.75,142.75,300
QBB.TO,20231018,86.84,86.84,86.57,86.65,1200
QBR.A.TO,20231018,30.39,30.39,30.36,30.36,401
QBR.B.TO,20231018,28.78,28.79,28.31,28.35,356577
QBTC.TO,20231018,38.02,38.02,37.78,37.79,992
QBTC.U.TO,20231018,27.67,27.7,27.61,27.7,2203
QBTL.TO,20231018,19.65,19.65,19.63,19.63,200
QCE.TO,20231018,118.88,118.88,118.73,118.73,200
QCLN.TO,20231018,17.63,17.63,17.58,17.58,800
QCN.TO,20231018,119.89,119.89,119.11,119.11,4654
QDX.TO,20231018,100.73,100.76,100.47,100.47,500
QDXB.TO,20231018,84.06,84.06,84.06,84.06,200
QEC.TO,20231018,0.205,0.205,0.205,0.205,1000
QEE.TO,20231018,82.92,82.92,82.83,82.83,300
QETH.U.TO,20231018,23.26,23.26,23.1,23.1,562
QETH.UN.TO,20231018,31.96,31.96,31.76,31.76,772
QIE.TO,20231018,28.13,28.16,28.02,28.04,8100
QINF.TO,20231018,105.94,105.94,105.77,105.86,300
QIPT.TO,20231018,6.4,6.5,6.33,6.48,11698
QQC.TO,20231018,24.47,24.52,24.37,24.38,20190
QQC.F.TO,20231018,120.69,121.05,119.5,119.51,4561
QQCC.TO,20231018,10.8,10.8,10.7,10.7,32976
QQCE.TO,20231018,20.62,20.62,20.52,20.52,500
QQCE.F.TO,20231018,18.42,18.42,18.39,18.39,300
QQCL.TO,20231018,20.04,20.04,19.94,19.94,2838
QQEQ.TO,20231018,22.37,22.37,22.37,22.37,200
QQQT.TO,20231018,20.25,20.25,20.19,20.19,400
QQQT.U.TO,20231018,20.26,20.26,20.26,20.26,100
QQQY.TO,20231018,20.94,20.94,20.91,20.91,600
QRC.TO,20231018,0.67,0.67,0.67,0.67,5000
QRET.TO,20231018,92.62,92.73,92.59,92.73,300
QSP.UN.TO,20231018,88.06,88.06,88.06,88.06,110
QSR.TO,20231018,87.38,88.35,86.83,88.16,650027
QTRH.TO,20231018,1.47,1.49,1.47,1.49,66146
QUB.TO,20231018,77.3,77.3,77.3,77.3,100
QUS.TO,20231018,43.76,43.76,43.72,43.72,1400
QUU.TO,20231018,169.98,170.47,168.82,168.84,4572
QXM.TO,20231018,25.09,25.09,24.84,24.84,313
RA.UN.TO,20231018,7.39,7.39,7.3,7.3,18400
RATE.TO,20231018,20.03,20.05,20.03,20.05,5863
RAV.UN.TO,20231018,15.76,15.76,15.76,15.76,1200
RAY.A.TO,20231018,4.63,4.83,4.63,4.83,20826
RAY.B.TO,20231018,4.75,4.75,4.75,4.75,100
RBA.TO,20231018,91.2,91.2,88.79,88.83,162355
RBN.UN.TO,20231018,7.1,7.1,7.02,7.02,500
RBNK.TO,20231018,21.13,21.13,20.81,20.81,20157
RBO.TO,20231018,17.51,17.51,17.51,17.51,5484
RBOT.TO,20231018,23.78,23.78,23.18,23.18,3284
RBOT.U.TO,20231018,17.13,17.13,17.12,17.12,2201
RBY.TO,20231018,2.41,2.41,2.35,2.38,46100
RCD.TO,20231018,23.36,23.36,23.29,23.29,1900
RCDC.TO,20231018,18.31,18.31,18.31,18.31,5701
RCG.TO,20231018,5.48,5.99,5.45,5.85,4302
RCG.PR.B.TO,20231018,10.25,10.25,10.25,10.25,900
RCH.TO,20231018,42.06,42.06,41.01,41.01,30427
RCI.A.TO,20231018,52.54,53.05,52.52,53.05,1300
RCI.B.TO,20231018,52.87,52.94,51.88,51.94,710052
REAL.TO,20231018,5.51,5.59,5.4,5.48,758943
REI.UN.TO,20231018,17.97,17.99,17.62,17.68,467306
RGQN.TO,20231018,19.67,19.67,19.67,19.67,200
RID.TO,20231018,22.54,22.54,22.54,22.54,100
RIFI.TO,20231018,16.8,16.8,16.76,16.76,700
RIIN.TO,20231018,17.11,17.11,17.06,17.06,1100
RIRA.TO,20231018,16.23,16.23,16.21,16.21,1900
RIT.TO,20231018,14.78,14.78,14.54,14.56,8676
RLB.TO,20231018,17.62,17.64,17.62,17.64,4800
ROOT.TO,20231018,2.7,2.7,2.66,2.67,3611
RPF.TO,20231018,16.76,16.76,16.69,16.69,9983
RPI.UN.TO,20231018,33.99,34,33.96,33.96,834
RPSB.TO,20231018,19.05,19.05,19.04,19.04,6100
RQL.TO,20231018,20,20.02,20,20.02,10039
RQN.TO,20231018,19.64,19.64,19.61,19.64,44278
RQO.TO,20231018,17.49,17.51,17.49,17.51,6700
RQP.TO,20231018,16.91,16.92,16.89,16.92,25750
RQQ.TO,20231018,20.12,20.13,20.1,20.11,11418
RQR.TO,20231018,19.89,19.89,19.88,19.88,500
RS.TO,20231018,11.95,11.95,11.52,11.71,10556
RS.PR.A.TO,20231018,9.36,9.38,9.35,9.38,5224
RSI.TO,20231018,5.4,5.4,5.26,5.26,69541
RSI.DB.F.TO,20231018,96.5,96.5,96.5,96.5,5000
RUBH.TO,20231018,13.13,13.13,12.99,13,5500
RUD.TO,20231018,52.6,52.6,52.4,52.4,1900
RUD.U.TO,20231018,38.29,38.29,38.21,38.21,300
RUDH.TO,20231018,36.79,36.79,36.79,36.79,100
RUP.TO,20231018,3.6,3.6,3.45,3.5,7700
RUS.TO,20231018,35,35.02,33.95,34.17,172660
RUSB.U.TO,20231018,14.71,14.71,14.71,14.71,24200
RVX.TO,20231018,0.07,0.07,0.07,0.07,8000
RY.TO,20231018,115.01,115.23,113.56,113.65,4782873
RY.PR.H.TO,20231018,18.13,18.13,17.9,17.92,22039
RY.PR.J.TO,20231018,17.46,17.61,17.37,17.5,11654
RY.PR.M.TO,20231018,16.47,16.72,16.47,16.72,5793
RY.PR.N.TO,20231018,20.4,20.4,20.37,20.37,500
RY.PR.O.TO,20231018,20.4,21.09,20.4,21.05,700
RY.PR.S.TO,20231018,20.59,20.59,20.32,20.32,51088
S.TO,20231018,0.415,0.4275,0.415,0.425,228001
SAM.TO,20231018,0.125,0.125,0.115,0.115,2500
SAP.TO,20231018,28.05,28.05,27.6,27.7,283866
SAU.TO,20231018,0.08,0.08,0.08,0.08,180000
SBC.TO,20231018,8.04,8.05,7.77,7.78,28520
SBC.PR.A.TO,20231018,9.4,9.4,9.35,9.4,8400
SBI.TO,20231018,0.61,0.67,0.61,0.67,11000
SCR.TO,20231018,28.9,28.97,28.35,28.74,31839
SCY.TO,20231018,0.035,0.035,0.03,0.03,161571
SDE.TO,20231018,4.27,4.31,4.2,4.21,178623
SEA.TO,20231018,16.01,16.36,15.77,15.78,39333
SES.TO,20231018,7.44,7.48,7.33,7.39,238729
SFC.TO,20231018,5.35,5.5,5.35,5.5,3520
SFI.TO,20231018,0.25,0.25,0.25,0.25,10000
SFTC.TO,20231018,16.02,16.02,15.96,15.96,1357
SGLD.TO,20231018,0.13,0.13,0.13,0.13,7043
SGNL.TO,20231018,0.19,0.19,0.19,0.19,117000
SGR.UN.TO,20231018,10.96,11.02,10.84,10.86,52203
SGY.TO,20231018,9.21,9.3,9.11,9.18,394546
SHLE.TO,20231018,6.86,7.03,6.86,7,4817
SHOP.TO,20231018,74.44,76.73,71.91,72.41,5530076
SIA.TO,20231018,10.6,10.6,10.42,10.43,206726
SIH.UN.TO,20231018,9.57,9.58,9.57,9.58,3300
SII.TO,20231018,40.77,40.96,39.65,39.65,29207
SIL.TO,20231018,6.8,6.89,6.61,6.7,489687
SIS.TO,20231018,13.28,13.32,12.98,13.01,100216
SJ.TO,20231018,70.77,72.14,70.77,71.47,162856
SKE.TO,20231018,6.25,6.46,6.18,6.18,353282
SLF.TO,20231018,66.7,66.7,65.87,65.99,892337
SLF.PR.C.TO,20231018,17.11,17.11,17.1,17.1,3500
SLF.PR.D.TO,20231018,17.1,17.22,17.01,17.1,11100
SLF.PR.E.TO,20231018,17.15,17.21,17.15,17.2,2903
SLF.PR.G.TO,20231018,13.25,13.25,13.2,13.2,64800
SLF.PR.J.TO,20231018,14.8,14.81,14.79,14.79,2700
SLR.TO,20231018,0.77,0.77,0.76,0.76,1000
SLS.TO,20231018,5.93,5.93,5.75,5.79,85066
SMT.TO,20231018,0.35,0.38,0.35,0.36,49039
SOIL.TO,20231018,2.66,2.79,2.66,2.69,148378
SOLG.TO,20231018,0.18,0.18,0.175,0.175,324412
SOT.DB.TO,20231018,68,68,68,68,6000
SOT.DB.B.TO,20231018,61,61.2,56.26,57.49,24000
SOT.UN.TO,20231018,1.35,1.35,1.24,1.26,199957
SOY.TO,20231018,5.75,5.95,5.47,5.8,155059
SPAY.TO,20231018,27.33,27.44,27.33,27.44,5529
SPB.TO,20231018,10.17,10.17,9.8,9.87,741283
SPLT.TO,20231018,10.08,10.08,10.07,10.07,28926
SPPP.TO,20231018,14.05,14.05,13.79,13.89,4111
SRU.UN.TO,20231018,23.18,23.18,22.81,22.88,176946
SRV.UN.TO,20231018,16.4,16.4,16.34,16.4,4100
SSF.UN.TO,20231018,6.78,6.78,6.72,6.77,10700
SSL.TO,20231018,6.81,6.95,6.63,6.67,214421
SSRM.TO,20231018,19.18,19.49,18.98,19.16,246417
STC.TO,20231018,4.31,4.31,4.22,4.22,1914
STCK.TO,20231018,7.33,7.33,7.3,7.3,7401
STEP.TO,20231018,4.32,4.4,4.31,4.36,67353
STGO.TO,20231018,0.67,0.72,0.67,0.72,105172
STLC.TO,20231018,34.71,34.81,33.17,33.34,97738
STN.TO,20231018,88.9,89,85.2,85.3,334813
STPL.TO,20231018,22.3,22.39,22.3,22.32,8301
SU.TO,20231018,47,47.36,46.69,47.33,3544858
SVA.TO,20231018,0.72,0.74,0.7,0.73,70854
SVB.TO,20231018,0.105,0.105,0.1,0.1,97000
SVI.TO,20231018,4.13,4.13,4,4.02,205230
SVI.DB.TO,20231018,93,93,93,93,6000
SVI.DB.C.TO,20231018,84.03,84.03,84,84,25000
SVM.TO,20231018,3.33,3.35,3.24,3.25,100659
SVR.TO,20231018,11.21,11.21,11.21,11.21,103
SVR.C.TO,20231018,11.93,11.97,11.93,11.97,200
SXI.TO,20231018,1.7,1.7,1.7,1.7,100
SXP.TO,20231018,4.38,4.38,4.22,4.25,68909
SYLD.TO,20231018,17.58,17.58,17.54,17.55,4869
SYZ.TO,20231018,7.33,7.35,7.24,7.26,13113
T.TO,20231018,22.71,22.76,22.5,22.51,1291905
TA.TO,20231018,11.05,11.09,10.71,10.74,789718
TA.PR.D.TO,20231018,11.66,11.69,11.66,11.69,2100
TA.PR.E.TO,20231018,14.25,14.25,14.15,14.15,1700
TA.PR.F.TO,20231018,16.4,16.4,16.33,16.39,2300
TA.PR.G.TO,20231018,17.91,17.91,17.91,17.91,600
TA.PR.H.TO,20231018,19.1,19.1,19.05,19.05,3874
TA.PR.J.TO,20231018,18.82,19.07,18.82,18.84,700
TAIG.TO,20231018,1.21,1.21,1.13,1.15,24797
TAL.TO,20231018,0.74,0.78,0.74,0.78,308806
TBAL.TO,20231018,15.71,15.71,15.68,15.68,2639
TBL.TO,20231018,2.94,2.94,2.86,2.86,2011
TBNK.TO,20231018,22.32,22.32,22.16,22.22,903
TC.TO,20231018,27.98,28.43,26.99,27.49,12080
TCL.A.TO,20231018,10.43,10.57,10.35,10.54,125146
TCL.B.TO,20231018,11.12,11.12,11.12,11.12,1400
TCLB.TO,20231018,109.51,109.52,109.01,109.04,10203
TCLV.TO,20231018,17.9,17.9,17.84,17.84,4715
TCS.TO,20231018,28.03,28.65,27.86,27.92,3318
TCSB.TO,20231018,14,14,13.97,13.97,3100
TCW.TO,20231018,4.58,4.63,4.55,4.56,605908
TD.TO,20231018,81.43,81.62,80.36,80.38,4780544
TD.PF.A.TO,20231018,17.6,17.73,17.6,17.65,16466
TD.PF.B.TO,20231018,18.3,18.3,17.89,17.89,15230
TD.PF.C.TO,20231018,16.8,16.81,16.7,16.72,9400
TD.PF.D.TO,20231018,17.3,17.4,17.17,17.4,3370
TD.PF.E.TO,20231018,17.31,17.41,17.31,17.36,1800
TD.PF.I.TO,20231018,22.26,22.31,22.1,22.23,8350
TD.PF.J.TO,20231018,20.49,20.55,20.41,20.41,6643
TD.PF.M.TO,20231018,24.03,24.03,23.92,24,14438
TDB.TO,20231018,12.27,12.29,12.24,12.27,26001
TDOC.TO,20231018,16.92,16.92,16.78,16.78,7616
TEC.TO,20231018,28.84,28.9,28.54,28.64,20385
TECH.TO,20231018,10.68,10.77,10.66,10.66,697
TECH.B.TO,20231018,12.3,12.3,12.3,12.3,100
TECI.TO,20231018,6.57,6.57,6.51,6.52,12800
TECK.A.TO,20231018,56,56.5,56,56.25,1238
TECK.B.TO,20231018,55.31,56.95,55.2,56.24,920337
TERM.TO,20231018,8.98,8.98,8.96,8.98,28250
TF.TO,20231018,6.55,6.6,6.38,6.41,192047
TF.DB.C.TO,20231018,97.5,97.5,97.5,97.5,5000
TFII.TO,20231018,169.12,169.12,162.6,163.3,250939
TFPM.TO,20231018,17.91,18.09,17.78,17.92,68084
TGED.TO,20231018,19.17,19.18,19.06,19.11,60633
TGED.U.TO,20231018,13.93,13.93,13.9,13.9,1400
TGFI.TO,20231018,19.29,19.29,19.16,19.27,19600
TGGR.TO,20231018,21.28,21.28,21.16,21.16,3200
TGO.TO,20231018,1.31,1.34,1.16,1.2,21853
TGRE.TO,20231018,12.58,12.58,12.41,12.41,542
TGRO.TO,20231018,17.86,17.86,17.77,17.77,2597
TH.TO,20231018,2.3,2.36,2.26,2.26,24550
The.TO,20231018,21.93,21.93,21.81,21.85,2004
THNC.TO,20231018,2.33,2.34,2.16,2.34,20899
THU.TO,20231018,28.96,28.96,28.96,28.96,104
TIH.TO,20231018,108.79,109.16,106.92,106.99,65002
TILV.TO,20231018,14.45,14.45,14.45,14.45,800
TINF.TO,20231018,16.28,16.4,16.28,16.34,5597
TIPS.TO,20231018,28.41,28.41,28.41,28.41,200
TIPS.F.TO,20231018,27.58,27.58,27.58,27.58,100
TIXT.TO,20231018,9.67,9.69,9.45,9.45,110818
TKN.TO,20231018,10.4,10.4,10.26,10.26,8000
TKO.TO,20231018,1.6,1.61,1.55,1.55,74045
TLF.TO,20231018,19.77,19.84,19.67,19.68,5806
TLG.TO,20231018,0.415,0.415,0.39,0.39,143745
TLO.TO,20231018,0.24,0.25,0.235,0.235,76214
TLRY.TO,20231018,2.8,2.82,2.69,2.7,598475
TLV.TO,20231018,26.57,26.65,26.42,26.42,3113
TMD.TO,20231018,0.14,0.14,0.135,0.135,20513
TMEC.TO,20231018,16.78,16.78,16.78,16.78,100
TMEI.TO,20231018,14.56,14.56,14.55,14.55,300
TMEU.TO,20231018,18.08,18.08,18.08,18.08,400
TML.TO,20231018,0.145,0.155,0.135,0.135,839944
TMQ.TO,20231018,0.64,0.64,0.64,0.64,44600
TNT.UN.TO,20231018,2.15,2.15,2.09,2.13,175313
TNZ.TO,20231018,4.16,4.2,4.08,4.14,30395
TOT.TO,20231018,9.4,9.4,9.04,9.05,14234
TOU.TO,20231018,73.7,73.77,71.7,72.21,5960416
TOY.TO,20231018,36.94,36.99,36.49,36.54,62557
TPAY.TO,20231018,20.02,20.09,20.02,20.09,8400
TPE.TO,20231018,18.96,18.96,18.87,18.87,22999
TPRF.TO,20231018,8.51,8.53,8.5,8.51,1620
TPU.TO,20231018,33.57,33.58,33.29,33.33,16844
TPU.U.TO,20231018,24.57,24.57,24.57,24.57,100
TPZ.TO,20231018,21.88,21.93,21.61,21.73,82546
TQCD.TO,20231018,15.13,15.13,14.94,14.94,22838
TQGD.TO,20231018,16.09,16.09,16.02,16.08,9705
TQSM.TO,20231018,19.01,19.32,19.01,19.21,11762
TRI.TO,20231018,172.23,172.63,170.08,170.29,272281
TRI.PR.B.TO,20231018,13.1,13.12,13.1,13.12,1200
TRP.TO,20231018,47.96,47.96,47.04,47.41,8818453
TRP.PR.A.TO,20231018,12.84,13,12.77,12.86,55746
TRP.PR.B.TO,20231018,9.96,9.96,9.96,9.96,500
TRP.PR.C.TO,20231018,10.23,10.23,9.98,10.13,127333
TRP.PR.D.TO,20231018,15.4,15.4,15.21,15.21,5069
TRP.PR.E.TO,20231018,14.16,14.19,13.96,13.97,13908
TRP.PR.F.TO,20231018,14.21,14.29,14.21,14.24,6402
TRP.PR.G.TO,20231018,14.55,14.63,14.55,14.63,2463
TRP.PR.H.TO,20231018,12.38,12.38,12.38,12.38,100
TRP.PR.I.TO,20231018,13.5,13.5,13.4,13.4,2313
TRVI.TO,20231018,17.92,17.92,17.46,17.46,3915
TRVL.TO,20231018,20.12,20.12,19.81,19.81,8593
TRVL.U.TO,20231018,18.48,18.49,18.46,18.46,500
TRZ.TO,20231018,3.35,3.35,3.27,3.31,30323
TSAT.TO,20231018,17,17,15.3,15.75,9854
TSK.TO,20231018,0.33,0.33,0.325,0.33,55001
TSL.TO,20231018,3.14,3.18,3.14,3.17,400
TSND.TO,20231018,2.56,2.63,2.43,2.5,178743
TSU.TO,20231018,31.12,31.35,30.97,31.15,28710
TTNM.TO,20231018,2.43,2.43,2.4,2.42,1626
TTP.TO,20231018,22.45,22.45,22.2,22.2,8891
TUED.TO,20231018,20.48,20.53,20.37,20.42,25600
TUHY.TO,20231018,19.67,19.67,19.59,19.59,600
TULB.TO,20231018,103.27,103.6,103.2,103.6,2100
TULV.TO,20231018,17.83,17.83,17.81,17.81,3600
TUSB.TO,20231018,13.39,13.51,13.39,13.51,242
TVA.B.TO,20231018,1.56,1.6,1.53,1.54,75700
TVE.TO,20231018,3.94,3.99,3.92,3.96,2143919
TVK.TO,20231018,36.17,36.17,35.6,35.66,4004
TWM.TO,20231018,1.05,1.06,1.02,1.05,586366
TXF.TO,20231018,17.22,17.22,17.04,17.1,13725
TXF.B.TO,20231018,21.16,21.16,21.16,21.16,100
TXF.U.TO,20231018,8.92,8.92,8.92,8.92,100
TXG.TO,20231018,14.63,14.76,14.13,14.26,169824
TXP.TO,20231018,0.96,0.98,0.95,0.95,53500
U.U.TO,20231018,16.49,16.75,16.38,16.72,31477
U.UN.TO,20231018,22.49,22.94,22.34,22.92,580824
UBIL.U.TO,20231018,50.12,50.13,50.12,50.12,1200
UDA.TO,20231018,13.68,13.68,13.68,13.68,684
UDIV.TO,20231018,11.3,11.3,11.17,11.17,17955
UDIV.B.TO,20231018,11.86,11.86,11.78,11.78,9358
ULV.F.TO,20231018,43.19,43.22,43.1,43.1,300
UMAX.TO,20231018,14.62,14.62,14.41,14.41,36354
URB.TO,20231018,4.85,4.85,4.85,4.85,173
URB.A.TO,20231018,4.42,4.42,4.31,4.33,19902
URC.TO,20231018,3.64,3.7,3.59,3.63,115405
URC.WT.TO,20231018,1.7,1.72,1.65,1.72,8300
URE.TO,20231018,2.13,2.13,2.04,2.06,56703
USA.TO,20231018,0.495,0.495,0.48,0.495,22111
USCC.TO,20231018,16.9,16.92,16.8,16.8,1122
USCC.U.TO,20231018,12.31,12.31,12.27,12.27,2000
USCL.TO,20231018,19.62,19.62,19.38,19.43,9165
UTIL.TO,20231018,18.52,18.54,18.52,18.54,600
VA.TO,20231018,33.83,33.83,33.65,33.65,3140
VAB.TO,20231018,21.41,21.46,21.37,21.41,62126
VALT.B.TO,20231018,26.51,26.65,26.51,26.63,9100
VALT.U.TO,20231018,19.49,19.49,19.49,19.49,1300
VBAL.TO,20231018,27.54,27.6,27.44,27.46,25387
VBNK.TO,20231018,10.46,10.46,10.2,10.25,1800
VCB.TO,20231018,22.1,22.17,22.1,22.12,18111
VCE.TO,20231018,42.81,42.81,42.37,42.39,21017
VCIP.TO,20231018,23.64,23.64,23.57,23.57,2632
VCN.TO,20231018,39.99,40,39.54,39.57,39860
VCNS.TO,20231018,25.4,25.41,25.32,25.33,23650
VDU.TO,20231018,37.02,37.1,36.87,36.89,18502
VDY.TO,20231018,39.7,39.7,39.26,39.3,96077
VE.TO,20231018,30.21,30.21,30.21,30.21,372
VEE.TO,20231018,31.93,31.93,31.68,31.72,28191
VEF.TO,20231018,48.36,48.38,48.04,48.04,1976
VEQT.TO,20231018,34.99,34.99,34.61,34.66,48997
VET.TO,20231018,20.97,21.13,20.68,20.81,880766
VFV.TO,20231018,105.49,105.79,104.72,104.9,183855
VGCX.TO,20231018,6.24,6.38,6.12,6.24,216961
VGG.TO,20231018,73.23,73.26,72.81,72.93,14755
VGH.TO,20231018,51.9,51.9,51.37,51.38,5562
VGRO.TO,20231018,29.83,29.84,29.6,29.65,48727
VGV.TO,20231018,20.91,20.94,20.91,20.94,10175
VHI.TO,20231018,2.96,2.99,2.95,2.99,10464
VI.TO,20231018,33.84,33.9,33.66,33.66,6205
VIDY.TO,20231018,26.93,27.03,26.92,26.93,1213
VIU.TO,20231018,29.38,29.44,29.29,29.33,28751
VLB.TO,20231018,19.46,19.46,19.3,19.35,15861
VLE.TO,20231018,3.28,3.31,3.2,3.25,247795
VLN.TO,20231018,5.77,5.77,5.6,5.62,63221
VMO.TO,20231018,44.3,44.3,43.84,43.92,1164
VNP.TO,20231018,3.36,3.36,3.3,3.3,41346
VOXR.TO,20231018,2.7,2.73,2.69,2.69,2829
VPH.TO,20231018,0.165,0.165,0.13,0.165,113000
VQS.TO,20231018,0.25,0.255,0.235,0.24,35913
VRE.TO,20231018,27.33,27.33,26.91,26.91,8151
VRIF.TO,20231018,22.42,22.43,22.35,22.35,22686
VRTS.TO,20231018,0.04,0.04,0.035,0.035,800000
VSB.TO,20231018,22,22.02,22,22.02,14691
VSC.TO,20231018,22.43,22.44,22.41,22.42,9743
VSP.TO,20231018,71.35,71.52,70.55,70.72,53748
VUN.TO,20231018,79.93,80.05,79.25,79.4,54227
VUS.TO,20231018,77.15,77.41,76.34,76.47,8726
VVL.TO,20231018,42.48,42.5,42.31,42.31,2454
VVO.TO,20231018,32.12,32.12,32.12,32.12,100
VXC.TO,20231018,48.67,48.67,48.3,48.34,9430
VXM.TO,20231018,28.26,28.26,28.26,28.26,450
VXM.B.TO,20231018,25.7,25.7,25.7,25.7,100
WCN.TO,20231018,188.47,189.9,188.47,188.71,181746
WCP.TO,20231018,11.31,11.32,11.2,11.22,1628439
WDO.TO,20231018,7.81,7.96,7.69,7.94,198983
WEED.TO,20231018,0.93,0.94,0.81,0.82,7029778
WEF.TO,20231018,0.76,0.8,0.75,0.75,236219
WELL.TO,20231018,4.02,4.03,3.95,3.95,638852
WFC.TO,20231018,19.39,19.47,19.35,19.35,2200
WFG.TO,20231018,94.03,94.36,92.24,93.6,239693
WILD.TO,20231018,1.39,1.53,1.36,1.48,27511
WJX.TO,20231018,29.46,29.46,28.3,28.37,31895
WJX.DB.TO,20231018,99.7,99.7,98.5,98.5,12000
WLLW.TO,20231018,0.09,0.09,0.09,0.09,2002
WM.TO,20231018,0.11,0.115,0.11,0.11,119250
WN.TO,20231018,149.62,150.25,147.93,147.93,135917
WN.PR.A.TO,20231018,21.05,21.05,21.05,21.05,4900
WN.PR.C.TO,20231018,18.33,18.35,18.3,18.35,4700
WN.PR.D.TO,20231018,18.43,18.43,18.25,18.3,5601
WN.PR.E.TO,20231018,16.96,16.96,16.8,16.8,4215
WNDR.TO,20231018,0.125,0.13,0.12,0.13,306737
WPK.TO,20231018,39.1,39.61,38.59,39.2,53291
WPM.TO,20231018,59.4,59.93,58.61,58.95,564331
WPRT.TO,20231018,7.87,7.87,7.69,7.75,8050
WRG.TO,20231018,3.46,3.47,3.43,3.43,400
WRN.TO,20231018,1.79,1.8,1.75,1.77,41345
WRX.TO,20231018,0.175,0.175,0.175,0.175,501
WSP.TO,20231018,192.65,193.88,187.83,189.85,178745
WSRD.TO,20231018,25.03,25.03,24.97,24.97,19494
WSRI.TO,20231018,34.47,34.47,34.36,34.36,11409
WTE.TO,20231018,23.81,24,23.53,23.89,67715
WXM.TO,20231018,23.42,23.42,23.42,23.42,100
X.TO,20231018,30.23,30.27,29.96,29.98,496908
XAD.TO,20231018,48.6,48.95,48.6,48.89,315
XAGG.TO,20231018,34.75,34.75,34.75,34.75,340
XAGG.U.TO,20231018,25.32,25.32,25.32,25.32,850
XAGH.TO,20231018,31.55,31.55,31.55,31.55,300
XAM.TO,20231018,0.055,0.055,0.055,0.055,13650
XAU.TO,20231018,8.26,8.49,8.26,8.45,14565
XAW.TO,20231018,33.91,34,33.72,33.78,16336
XBAL.TO,20231018,24.99,25.05,24.9,24.9,16155
XBB.TO,20231018,26.23,26.27,26.15,26.2,77329
XBM.TO,20231018,18.5,18.5,18.19,18.2,12761
XCB.TO,20231018,18.4,18.44,18.39,18.41,46550
XCBG.TO,20231018,34.69,34.69,34.69,34.69,100
XCG.TO,20231018,42.79,42.8,42.55,42.55,939
XCH.TO,20231018,17,17.08,16.96,17.01,7969
XCLN.TO,20231018,31.75,31.75,31.75,31.75,100
XCNS.TO,20231018,20.21,20.21,20.14,20.17,950
XCS.TO,20231018,17.2,17.2,17.06,17.06,961
XCSR.TO,20231018,56.09,56.09,55.41,55.41,1492
XCV.TO,20231018,31.36,31.36,31.07,31.07,7711
XDG.TO,20231018,23,23.01,22.94,22.95,11425
XDGH.TO,20231018,23.5,23.5,23.36,23.36,2367
XDIV.TO,20231018,24.35,24.35,24.11,24.13,30966
XDNA.TO,20231018,26.39,26.39,26.21,26.21,2601
XDSR.TO,20231018,48.54,48.54,48.54,48.54,132
XDU.TO,20231018,25.67,25.73,25.62,25.62,2477
XDUH.TO,20231018,23.41,23.41,23.39,23.39,1101
XDV.TO,20231018,25.45,25.45,25.18,25.18,32980
XEB.TO,20231018,14.26,14.26,14.26,14.26,400
XEC.TO,20231018,24.81,24.81,24.68,24.71,24109
XEF.TO,20231018,32.2,32.2,32.03,32.06,45553
XEG.TO,20231018,17.65,17.69,17.55,17.63,645718
XEH.TO,20231018,28.5,28.5,28.32,28.36,2103
XEI.TO,20231018,23.45,23.45,23.18,23.19,91850
XEM.TO,20231018,28.42,28.51,28.39,28.42,54329
XEMC.TO,20231018,40.35,40.35,40.27,40.27,1010
XEN.TO,20231018,30.21,30.21,29.85,29.85,2687
XEQT.TO,20231018,25.94,25.94,25.7,25.74,77757
XESG.TO,20231018,23.91,23.91,23.63,23.63,2152
XETM.TO,20231018,38.24,38.24,38.24,38.24,100
XEU.TO,20231018,25.7,25.7,25.56,25.56,4801
XEXP.TO,20231018,42.27,42.35,42.24,42.24,3200
XFH.TO,20231018,27.62,27.62,27.37,27.39,7117
XFLB.TO,20231018,44.04,44.12,44.04,44.07,5100
XFN.TO,20231018,42.96,42.96,42.36,42.36,286439
XFR.TO,20231018,20.15,20.17,20.15,20.16,42813
XGB.TO,20231018,18.04,18.07,18.01,18.04,12975
XGD.TO,20231018,17.73,17.86,17.53,17.58,509765
XGI.TO,20231018,42.08,42.08,42.04,42.04,350
XGRO.TO,20231018,24.19,24.2,24.03,24.03,31147
XHB.TO,20231018,17.85,17.87,17.84,17.84,900
XHC.TO,20231018,65.7,65.9,65.62,65.62,1331
XHD.TO,20231018,29.53,29.53,29.44,29.45,666
XHU.TO,20231018,27.56,27.65,27.54,27.54,771
XHY.TO,20231018,15.35,15.41,15.33,15.34,4579
XIC.TO,20231018,31.23,31.26,30.89,30.93,139054
XID.TO,20231018,47.57,47.57,47.19,47.25,6125
XIG.TO,20231018,18.49,18.5,18.47,18.5,1062
XIN.TO,20231018,31.3,31.33,31.08,31.13,13097
XIT.TO,20231018,43.25,43.59,43.06,43.14,4954
XIU.TO,20231018,29.92,29.97,29.62,29.65,3530228
XLB.TO,20231018,17.73,17.79,17.65,17.71,22883
XLY.TO,20231018,0.015,0.02,0.015,0.015,1268366
XMA.TO,20231018,18.09,18.14,17.95,17.99,2231
XMC.TO,20231018,25.97,25.99,25.84,25.84,3590
XMD.TO,20231018,29.94,29.96,29.61,29.61,2352
XMH.TO,20231018,22.77,22.77,22.45,22.45,6032
XMI.TO,20231018,33.76,33.76,33.67,33.67,700
XMM.TO,20231018,25.81,25.81,25.78,25.78,251
XMS.TO,20231018,30.89,30.89,30.89,30.89,100
XMU.TO,20231018,67.93,67.96,67.56,67.6,1806
XMV.TO,20231018,36.91,36.91,36.6,36.61,3600
XMW.TO,20231018,46.18,46.26,46.13,46.13,450
XPF.TO,20231018,13,13.05,12.96,12.96,6966
XQB.TO,20231018,17.68,17.7,17.64,17.67,37400
XQLT.TO,20231018,30.27,30.27,30.06,30.06,377
XQQ.TO,20231018,114.78,115.34,113.71,114.02,54751
XQQU.TO,20231018,48.86,48.99,48.86,48.99,280
XRB.TO,20231018,20.7,20.83,20.67,20.71,7618
XRE.TO,20231018,15,15,14.76,14.79,584822
XSAB.TO,20231018,16.84,16.85,16.84,16.85,3388
XSB.TO,20231018,25.33,25.35,25.31,25.34,24547
XSC.TO,20231018,17.17,17.17,17.17,17.17,700
XSE.TO,20231018,16.92,16.92,16.9,16.9,7505
XSEA.TO,20231018,21.99,21.99,21.99,21.99,100
XSEM.TO,20231018,17.91,17.92,17.91,17.92,4110
XSH.TO,20231018,17.69,17.72,17.68,17.7,34214
XSI.TO,20231018,16.19,16.19,16.19,16.19,1700
XSMC.TO,20231018,25.54,25.57,25.45,25.45,4498
XSP.TO,20231018,46.05,46.11,45.48,45.59,162471
XST.TO,20231018,85.28,85.28,84.33,84.35,7829
XSTB.TO,20231018,18.59,18.6,18.59,18.6,6991
XSTH.TO,20231018,36.29,36.29,36.24,36.25,2438
XSTP.TO,20231018,40.12,40.17,40.12,40.16,9534
XSU.TO,20231018,34.22,34.22,33.73,33.77,30216
XSUS.TO,20231018,31.6,31.6,31.33,31.33,1500
XTC.TO,20231018,7.15,7.17,7.05,7.13,21429
XTD.TO,20231018,3.1,3.11,3,3.05,3086
XTD.PR.A.TO,20231018,9.47,9.48,9.45,9.45,8200
XTG.TO,20231018,0.89,0.9,0.89,0.9,1000
XTLH.TO,20231018,32.12,32.22,31.94,32.15,7730
XTLT.TO,20231018,32.69,32.93,32.69,32.93,8750
XTR.TO,20231018,9.9,9.9,9.89,9.89,12904
XTRA.TO,20231018,0.8,0.81,0.79,0.8,129153
XUH.TO,20231018,36.32,36.32,36,36.06,2285
XUS.TO,20231018,73.89,74.09,73.39,73.54,65696
XUS.U.TO,20231018,54.82,55.01,54.27,54.33,16811
XUSR.TO,20231018,61.88,61.88,61.38,61.38,1043
XUT.TO,20231018,23.81,23.81,23.37,23.37,145490
XUU.TO,20231018,44.04,44.04,43.67,43.67,9736
XWD.TO,20231018,71.37,71.49,71,71.13,9526
Y.TO,20231018,10.86,11.35,10.86,11.35,401
YCM.PR.A.TO,20231018,4.75,4.75,4.75,4.75,208
YCM.PR.B.TO,20231018,4.97,4.97,4.97,4.97,300
YGR.TO,20231018,1.79,1.81,1.78,1.81,125705
YRB.TO,20231018,0.04,0.04,0.04,0.04,86039
ZAG.TO,20231018,12.88,12.9,12.85,12.87,83943
ZBAL.TO,20231018,33.27,33.27,33.09,33.09,4052
ZBBB.TO,20231018,26.13,26.19,26.12,26.19,600
ZBK.TO,20231018,21.66,21.82,21.47,21.49,17150
ZCB.TO,20231018,43.3,43.3,43.22,43.24,2743
ZCDB.TO,20231018,27.52,27.52,27.52,27.52,500
ZCH.TO,20231018,14.08,14.08,13.89,13.91,10255
ZCLN.TO,20231018,15,15,14.9,14.91,2639
ZCM.TO,20231018,13.91,13.91,13.88,13.89,17877
ZCN.TO,20231018,26.3,26.3,26,26.03,127904
ZCON.TO,20231018,30.23,30.23,30.23,30.23,225
ZCPB.TO,20231018,25.75,25.77,25.75,25.77,3200
ZCS.TO,20231018,12.88,12.9,12.88,12.89,57957
ZDB.TO,20231018,13.81,13.81,13.78,13.81,10122
ZDH.TO,20231018,24.46,24.46,24.25,24.28,4251
ZDI.TO,20231018,21.18,21.2,21.06,21.06,8838
ZDJ.TO,20231018,53.29,53.29,52.63,52.67,13515
ZDM.TO,20231018,25.54,25.54,25.32,25.32,5066
ZDV.TO,20231018,18.35,18.35,18.13,18.13,59958
ZDY.TO,20231018,36.09,36.09,35.9,35.92,626
ZDY.U.TO,20231018,26.81,26.81,26.81,26.81,300
ZEA.TO,20231018,19.7,19.7,19.54,19.56,34566
ZEB.TO,20231018,31.09,31.17,30.67,30.67,1845554
ZEF.TO,20231018,11.36,11.39,11.36,11.36,3190
ZEM.TO,20231018,18.59,18.72,18.59,18.64,5586
ZEO.TO,20231018,66.13,66.31,65.97,66.13,8341
ZEQ.TO,20231018,27.3,27.3,27.1,27.17,5422
ZEQT.TO,20231018,39.7,39.71,39.44,39.44,1761
ZESG.TO,20231018,31.05,31.05,30.83,30.83,1101
ZFC.TO,20231018,39.42,39.42,39.22,39.22,350
ZFH.TO,20231018,14,14.02,13.95,13.95,6897
ZFL.TO,20231018,12.03,12.08,11.96,12.02,229032
ZFM.TO,20231018,13.51,13.52,13.48,13.51,28108
ZFS.TO,20231018,13.09,13.09,13.09,13.09,2000
ZGB.TO,20231018,42.45,42.52,42.42,42.42,1350
ZGD.TO,20231018,72,72.1,72,72.1,1227
ZGI.TO,20231018,39.67,39.8,39.48,39.58,2326
ZGQ.TO,20231018,51.81,51.95,51.66,51.66,1679
ZGRN.TO,20231018,29.55,29.56,29.5,29.54,14000
ZGRO.TO,20231018,36.48,36.48,36.14,36.14,2351
ZGRO.T.TO,20231018,29.32,29.32,29.32,29.32,217
ZHP.TO,20231018,15.92,15.95,15.92,15.95,905
ZHY.TO,20231018,10.39,10.41,10.37,10.37,7006
ZIC.TO,20231018,16.23,16.23,16.23,16.23,800
ZID.TO,20231018,40.2,40.2,40,40,1630
ZIU.TO,20231018,45.37,45.37,45.37,45.37,8000
ZJG.TO,20231018,65.25,65.25,65.25,65.25,162
ZJK.TO,20231018,16.92,16.92,16.84,16.86,6000
ZLB.TO,20231018,39.67,39.67,39.21,39.21,30552
ZLC.TO,20231018,13.83,13.84,13.76,13.76,14469
ZLD.TO,20231018,24.43,24.43,24.43,24.43,1025
ZLH.TO,20231018,29.79,29.79,29.74,29.77,1000
ZLI.TO,20231018,22.15,22.15,22.15,22.15,600
ZLU.TO,20231018,45.22,45.5,45.22,45.33,8773
ZLU.U.TO,20231018,33.91,34.03,33.91,33.93,500
ZMI.TO,20231018,15.15,15.15,15.14,15.14,3815
ZMID.TO,20231018,36.88,36.88,36.33,36.33,1100
ZMMK.TO,20231018,50.02,50.03,50.02,50.03,42459
ZMP.TO,20231018,12.75,12.76,12.75,12.75,9968
ZMU.TO,20231018,11.77,11.78,11.72,11.73,5811
ZNQ.TO,20231018,66.36,66.56,66.21,66.24,137807
ZPAY.TO,20231018,30.03,30.03,29.94,29.94,6916
ZPAY.F.TO,20231018,27.84,27.84,27.77,27.77,3450
ZPAY.U.TO,20231018,28.73,28.73,28.5,28.5,873
ZPH.TO,20231018,14.5,14.53,14.5,14.53,710
ZPL.TO,20231018,11.55,11.55,11.46,11.49,10721
ZPR.TO,20231018,8.46,8.47,8.42,8.42,141002
ZPS.TO,20231018,11.7,11.7,11.7,11.7,30480
ZPW.TO,20231018,15.2,15.29,15.2,15.29,6208
ZQQ.TO,20231018,106.44,107,105.41,105.54,62129
ZRE.TO,20231018,19.38,19.43,19.16,19.22,15302
ZRR.TO,20231018,13.46,13.48,13.4,13.42,1826
ZSB.TO,20231018,45.67,45.67,45.67,45.67,370
ZSDB.TO,20231018,28.33,28.35,28.33,28.35,2300
ZSML.TO,20231018,33.54,33.54,33.54,33.54,100
ZSP.TO,20231018,64.96,65.18,64.55,64.67,189913
ZSP.U.TO,20231018,47.47,47.58,47.12,47.2,3695
ZST.TO,20231018,48.72,48.72,48.69,48.69,9627
ZST.L.TO,20231018,56.71,56.71,56.68,56.68,7638
ZSU.TO,20231018,12.8,12.8,12.77,12.77,1300
ZTIP.TO,20231018,30.84,30.84,30.84,30.84,400
ZTIP.F.TO,20231018,28.1,28.1,28.08,28.08,3725
ZUAG.F.TO,20231018,27.73,27.73,27.73,27.73,200
ZUB.TO,20231018,20.11,20.25,19.84,19.85,17972
ZUCM.TO,20231018,30.5,30.5,30.5,30.5,2000
ZUD.TO,20231018,25.14,25.14,25,25,1260
ZUE.TO,20231018,60.94,60.94,60.24,60.31,6108
ZUH.TO,20231018,63.78,63.78,63.3,63.33,4104
ZUP.U.TO,20231018,16.94,16.94,16.93,16.93,1400
ZUQ.TO,20231018,63.04,63.26,62.94,62.94,2736
ZUQ.F.TO,20231018,39.5,39.5,39.5,39.5,200
ZUS.U.TO,20231018,46.71,46.71,46.71,46.71,300
ZUS.V.TO,20231018,53.9,53.94,53.9,53.94,700
ZUT.TO,20231018,18.8,18.8,18.43,18.43,13852
ZVC.TO,20231018,25.51,25.51,25.36,25.36,1000
ZVU.TO,20231018,24.77,24.77,24.77,24.77,100
ZWA.TO,20231018,23.44,23.55,23.38,23.38,5417
ZWB.TO,20231018,16.35,16.38,16.13,16.13,177581
ZWB.U.TO,20231018,20.24,20.24,20.18,20.18,1446
ZWC.TO,20231018,16.18,16.2,16.03,16.03,41076
ZWE.TO,20231018,19.25,19.28,19.11,19.11,20518
ZWEN.TO,20231018,30.44,30.54,30.44,30.54,5320
ZWG.TO,20231018,27.57,27.57,27.45,27.45,7379
ZWH.TO,20231018,21.27,21.38,21.27,21.28,8902
ZWH.U.TO,20231018,21.37,21.43,21.36,21.36,1601
ZWHC.TO,20231018,28.34,28.34,28.29,28.29,3400
ZWK.TO,20231018,17.14,17.14,16.75,16.79,76395
ZWP.TO,20231018,16.66,16.66,16.5,16.5,2249
ZWQT.TO,20231018,14.83,14.83,14.83,14.83,2100
ZWS.TO,20231018,18.69,18.75,18.56,18.56,2600
ZWT.TO,20231018,33.75,33.89,33.58,33.58,2205
ZWU.TO,20231018,9.74,9.77,9.64,9.65,187926
ZXM.B.TO,20231018,30.78,30.78,30.78,30.78,100
ZZZ.TO,20231018,22.2,22.26,21.9,21.98,55208
ZZZD.TO,20231018,27.35,27.35,27.35,27.35,725
