<ticker>,<date>,<open>,<high>,<low>,<close>,<vol>
AAB.TO,20240904,0.045,0.045,0.04,0.04,756998
AAUC.TO,20240904,2.92,2.92,2.78,2.79,411945
AAV.TO,20240904,9.28,9.48,9.12,9.14,154416
AAV.DB.TO,20240904,100,100,100,100,20000
ABX.TO,20240904,26.29,26.41,26.02,26.13,3124541
AC.TO,20240904,15.19,15.42,15.1,15.36,1534082
ACB.TO,20240904,7.8,8.01,7.63,7.66,446314
ACD.TO,20240904,4.1,4.1,4.01,4.01,800
ACO.X.TO,20240904,45.61,46.28,45.61,46.05,174389
ACQ.TO,20240904,14.02,14.19,13.75,13.95,43116
ACX.TO,20240904,6.09,6.1,6,6.01,33600
AD.DB.A.TO,20240904,100,100,100,100,15000
AD.UN.TO,20240904,16.5,16.8,16.47,16.52,96260
ADCO.TO,20240904,0.19,0.19,0.19,0.19,3100
ADEN.TO,20240904,40.16,40.25,39.31,39.47,21614
ADN.TO,20240904,17.31,17.4,17.3,17.34,1111
ADW.A.TO,20240904,3.77,3.81,3.77,3.81,14850
AEM.TO,20240904,106.17,107.11,105.52,105.8,1138834
AFN.TO,20240904,54.57,55.25,54.55,54.66,16291
AFN.DB.H.TO,20240904,100.1,100.1,99.76,99.76,54000
AG.TO,20240904,7.1,7.33,7.07,7.14,491514
AGF.B.TO,20240904,7.86,8.03,7.86,7.87,46497
AGI.TO,20240904,24.7,25.13,24.65,24.7,539145
AI.TO,20240904,11.45,11.67,11.43,11.51,34751
AI.DB.D.TO,20240904,99,99,99,99,343000
AI.DB.E.TO,20240904,98.92,98.92,98.92,98.92,9000
AI.DB.G.TO,20240904,95.51,95.51,95.51,95.51,19000
AIDX.TO,20240904,1.69,1.7,1.61,1.62,249370
AIF.TO,20240904,54.18,55.21,53.64,54.86,58470
AII.TO,20240904,0.82,0.85,0.82,0.84,419807
AIM.TO,20240904,2.56,2.66,2.56,2.65,66144
AKT.A.TO,20240904,1.38,1.39,1.36,1.39,6854
ALA.TO,20240904,34,34.43,34,34.27,1074638
ALA.PR.A.TO,20240904,19.19,19.2,19,19.14,3700
ALA.PR.B.TO,20240904,21.45,21.59,21.3,21.3,1300
ALA.PR.G.TO,20240904,23,23,22.59,22.67,58902
ALC.TO,20240904,14.3,14.37,14.16,14.3,3693
ALS.TO,20240904,23.24,23.72,23.18,23.42,35404
ALYA.TO,20240904,1.78,1.81,1.77,1.77,11502
AMAX.TO,20240904,19.01,19.11,18.96,19.02,9100
AMC.TO,20240904,1.83,1.85,1.77,1.77,119527
AMHE.TO,20240904,11.75,11.75,11.5,11.55,22095
AMM.TO,20240904,0.06,0.06,0.06,0.06,120000
AMZH.TO,20240904,11.68,11.78,11.63,11.63,85140
AND.TO,20240904,39.63,40.09,39.63,40,11022
ANRG.TO,20240904,0.51,0.59,0.51,0.54,255958
AOI.TO,20240904,1.9,1.95,1.9,1.91,369058
AOT.TO,20240904,0.52,0.52,0.47,0.47,319141
AP.UN.TO,20240904,16.8,17.46,16.79,17.27,1271715
APR.UN.TO,20240904,11.26,11.66,11.26,11.61,45833
APS.TO,20240904,0.54,0.55,0.5,0.52,10950
AQN.TO,20240904,7.2,7.34,7.18,7.19,3835728
AQN.PR.A.TO,20240904,22.94,22.94,22.77,22.77,15100
AQN.PR.D.TO,20240904,23.81,23.81,23.8,23.8,1100
ARA.TO,20240904,0.45,0.49,0.45,0.49,3638
ARB.TO,20240904,26.3,26.3,26.3,26.3,600
ARE.TO,20240904,18.19,18.43,18.19,18.26,142168
ARG.TO,20240904,1.59,1.6,1.56,1.56,99076
ARIS.TO,20240904,5.77,6.15,5.77,6.13,833016
ARIS.WT.A.TO,20240904,0.5,0.57,0.5,0.57,97200
ARR.TO,20240904,9.34,9.77,9.33,9.41,33125
ARTI.TO,20240904,9.93,10,9.93,9.95,350
ARX.TO,20240904,23.91,24.2,23.53,23.57,1671919
ASCU.TO,20240904,1.62,1.65,1.6,1.61,105607
ASM.TO,20240904,1.25,1.27,1.23,1.25,35164
ASTL.TO,20240904,13.72,14,13.53,13.84,82950
ATCU.TO,20240904,0.53,0.53,0.51,0.51,6500
ATD.TO,20240904,74,75.8,73.98,74.43,1963241
ATH.TO,20240904,5.15,5.24,5.09,5.09,3955455
ATRL.TO,20240904,50.63,51.35,50.17,51.14,411189
ATS.TO,20240904,34.8,35.1,33.72,33.87,339179
ATZ.TO,20240904,44.66,45.33,44.66,45.1,311720
AUGB.F.TO,20240904,44.38,44.39,44.38,44.39,2000
AUMN.TO,20240904,0.44,0.45,0.44,0.45,1675
AVCN.TO,20240904,0.43,0.44,0.41,0.42,130059
AVL.TO,20240904,0.055,0.06,0.055,0.055,862091
AVNT.TO,20240904,1.18,1.25,1.05,1.23,3445
AW.UN.TO,20240904,34.22,34.45,34.21,34.39,14077
AX.PR.E.TO,20240904,19.5,19.51,19.4,19.49,2964
AX.PR.I.TO,20240904,20.15,20.25,20.11,20.11,1500
AX.UN.TO,20240904,7.22,7.49,7.22,7.49,229576
AXIS.TO,20240904,0.015,0.02,0.015,0.02,35000
AYA.TO,20240904,13.75,14,13.56,13.71,310737
BABY.TO,20240904,0.05,0.055,0.045,0.055,98599
BAM.TO,20240904,55.44,55.44,52.96,54.65,2380364
BANK.TO,20240904,7.41,7.54,7.41,7.54,184167
BASE.TO,20240904,23.77,24,23.58,23.6,3546
BB.TO,20240904,3.05,3.12,3.04,3.09,1089124
BBD.A.TO,20240904,86,88.84,85.48,88.11,15966
BBD.B.TO,20240904,85.43,88.9,85.22,88.01,237258
BBD.PR.B.TO,20240904,17.27,17.4,17.22,17.4,1500
BBD.PR.C.TO,20240904,21.15,21.15,21.05,21.05,2800
BBD.PR.D.TO,20240904,18.2,18.2,18,18,1200
BBU.UN.TO,20240904,27.54,27.72,27.02,27.04,32755
BBUC.TO,20240904,30.61,30.61,29.81,30.33,18160
BCE.TO,20240904,47.75,48.56,47.75,48.48,3116325
BCE.PR.A.TO,20240904,17.26,17.26,17.26,17.26,300
BCE.PR.B.TO,20240904,17.15,17.17,17.15,17.17,900
BCE.PR.C.TO,20240904,17.72,17.72,17.72,17.72,401
BCE.PR.D.TO,20240904,17.22,17.22,16.95,17.08,5454
BCE.PR.E.TO,20240904,17.09,17.11,17,17,2100
BCE.PR.F.TO,20240904,16.96,17.01,16.96,16.99,1400
BCE.PR.G.TO,20240904,15.8,16.14,15.8,16.14,2300
BCE.PR.H.TO,20240904,17.06,17.06,17.06,17.06,200
BCE.PR.I.TO,20240904,15.85,16.07,15.85,16.07,10100
BCE.PR.K.TO,20240904,15.42,15.42,15.35,15.35,5700
BCE.PR.L.TO,20240904,16.3,16.3,16.3,16.3,500
BCE.PR.M.TO,20240904,16.17,16.17,16.17,16.17,100
BCE.PR.N.TO,20240904,16.47,17.09,16.47,17.09,1200
BCE.PR.Q.TO,20240904,22.8,22.94,22.8,22.94,400
BCE.PR.R.TO,20240904,15.91,15.91,15.91,15.91,2200
BCE.PR.S.TO,20240904,17.06,17.06,17.03,17.06,2100
BCE.PR.T.TO,20240904,17.21,17.28,17.2,17.2,1500
BCE.PR.Y.TO,20240904,17.01,17.06,16.94,16.97,1500
BCE.PR.Z.TO,20240904,18.1,18.15,18.1,18.15,1500
BCT.TO,20240904,0.96,1,0.95,0.95,2100
BDGI.TO,20240904,35.42,35.86,35.27,35.78,198267
BDI.TO,20240904,9.7,9.79,9.59,9.66,17511
BDT.TO,20240904,22.14,22.3,21.88,21.92,56200
BEI.UN.TO,20240904,85.28,87.39,85.28,87.25,131901
BEK.B.TO,20240904,12.88,12.88,12.88,12.88,300
BEP.PR.G.TO,20240904,24.19,24.2,24,24.01,9079
BEP.PR.M.TO,20240904,22.24,22.25,22.01,22.11,1400
BEP.PR.R.TO,20240904,20.6,20.7,20.5,20.5,6718
BEP.UN.TO,20240904,32.38,33.82,32.28,33.7,361897
BEPC.TO,20240904,37.35,38.91,37.26,38.55,236155
BEPR.TO,20240904,9.1,9.1,9.1,9.1,500
BESG.TO,20240904,16.13,16.13,16.13,16.13,103
BGI.UN.TO,20240904,4.65,4.71,4.64,4.7,19433
BGU.TO,20240904,45.64,45.69,45.64,45.69,501
BHC.TO,20240904,8.17,8.51,8.15,8.41,297701
BIP.PR.A.TO,20240904,21.83,21.83,21.6,21.6,1900
BIP.PR.F.TO,20240904,22.95,22.95,22.9,22.9,500
BIP.UN.TO,20240904,42.01,42.97,42.01,42.45,440112
BIPC.TO,20240904,52.62,54.7,52.6,54.43,155229
BIR.TO,20240904,5.66,5.75,5.62,5.63,1614277
BITF.TO,20240904,2.58,2.71,2.55,2.62,3232517
BITI.TO,20240904,5.32,5.35,5.14,5.18,420395
BITI.U.TO,20240904,3.95,3.96,3.95,3.96,38001
BK.TO,20240904,11.05,11.05,10.98,10.99,67240
BK.PR.A.TO,20240904,10.41,10.43,10.4,10.4,29514
BKCC.TO,20240904,14.08,14.15,14.08,14.15,15400
BKCL.TO,20240904,18.68,18.85,18.68,18.85,59903
BKI.TO,20240904,0.05,0.05,0.05,0.05,35500
BLCO.TO,20240904,22.2,22.51,22.04,22.04,3036
BLDP.TO,20240904,2.35,2.4,2.29,2.31,514166
BLN.TO,20240904,4.57,4.6,4.55,4.6,7544
BLX.TO,20240904,31,31.7,31,31.5,207861
BMAX.TO,20240904,13.75,13.75,13.7,13.7,340
BMO.TO,20240904,111,112.67,111,112.23,1907374
BMO.PR.E.TO,20240904,26.06,26.06,25.86,25.86,1659
BMO.PR.W.TO,20240904,24.56,24.7,24.56,24.67,32600
BMO.PR.Y.TO,20240904,23.96,23.97,23.96,23.97,800
BN.TO,20240904,64.55,65.58,64.19,64.21,1350291
BN.PF.A.TO,20240904,24.28,24.44,24.22,24.26,6815
BN.PF.B.TO,20240904,21.95,21.95,21.86,21.86,550
BN.PF.D.TO,20240904,20,20.01,19.99,20,2143
BN.PF.E.TO,20240904,18.4,18.4,18.39,18.4,1400
BN.PF.F.TO,20240904,20.81,20.89,20.81,20.89,4900
BN.PF.G.TO,20240904,19.15,19.19,19.12,19.12,600
BN.PF.H.TO,20240904,24.25,24.25,24.25,24.25,1800
BN.PF.I.TO,20240904,23.2,23.2,23.05,23.15,3456
BN.PF.J.TO,20240904,24.03,24.03,24,24,653
BN.PF.K.TO,20240904,15.1,15.1,15.1,15.1,100
BN.PR.B.TO,20240904,11.7,11.7,11.65,11.66,4400
BN.PR.C.TO,20240904,11.65,11.71,11.63,11.63,3900
BN.PR.K.TO,20240904,11.6,11.7,11.58,11.7,42600
BN.PR.M.TO,20240904,19.58,19.8,19.58,19.59,3900
BN.PR.N.TO,20240904,19.7,19.75,19.69,19.75,4150
BN.PR.R.TO,20240904,16.99,17.08,16.95,17.02,1900
BN.PR.T.TO,20240904,16.94,16.94,16.92,16.93,3000
BN.PR.X.TO,20240904,17.29,17.3,17.2,17.2,2000
BN.PR.Z.TO,20240904,22.3,22.3,22.26,22.3,400
BNC.TO,20240904,26.54,26.63,26.54,26.63,300
BND.TO,20240904,17.86,17.86,17.84,17.86,2135
BNE.TO,20240904,4.06,4.12,3.88,3.92,79295
BNK.TO,20240904,11.28,11.33,11.15,11.19,1623
BNS.TO,20240904,67.6,68.88,67.58,68.69,4316178
BOND.TO,20240904,20.95,21.13,20.95,21.13,10161
BOND.B.TO,20240904,21.4,21.41,21.4,21.41,400
BOS.TO,20240904,4.7,4.75,4.6,4.75,40913
BPF.UN.TO,20240904,16.78,16.98,16.78,16.96,40914
BPO.PR.A.TO,20240904,13.42,13.54,13.42,13.54,900
BPO.PR.C.TO,20240904,16.85,17,16.82,17,5000
BPO.PR.E.TO,20240904,14.01,14.1,13.94,14.1,8501
BPO.PR.G.TO,20240904,15.21,15.3,15.21,15.3,200
BPO.PR.I.TO,20240904,14.7,14.7,14.59,14.7,1800
BPO.PR.N.TO,20240904,12.17,12.19,12.17,12.19,5200
BPO.PR.P.TO,20240904,12.43,12.58,12.43,12.58,2800
BPO.PR.R.TO,20240904,12.95,13.01,12.95,13.01,9283
BPO.PR.T.TO,20240904,15.13,15.13,15.1,15.1,3521
BPO.PR.W.TO,20240904,9.2,9.25,9.2,9.25,1200
BPO.PR.X.TO,20240904,9.2,9.2,9.2,9.2,2300
BPO.PR.Y.TO,20240904,9.25,9.25,9.25,9.25,2200
BPS.PR.B.TO,20240904,24.97,24.97,24.97,24.97,187
BPS.PR.U.TO,20240904,24.92,24.92,24.92,24.92,200
BPYP.PR.A.TO,20240904,21.98,21.98,21.25,21.25,3534
BRAG.TO,20240904,6.51,6.64,6.51,6.54,11691
BRE.TO,20240904,13.55,13.78,13.55,13.7,3080
BREA.TO,20240904,25.69,25.69,25.69,25.69,100
BRF.PR.A.TO,20240904,18.24,18.24,18.24,18.24,100
BRF.PR.C.TO,20240904,22.61,22.75,22.6,22.73,1395
BRF.PR.E.TO,20240904,19.3,19.33,19.3,19.33,200
BRF.PR.F.TO,20240904,19.38,19.45,19.37,19.37,2948
BRMI.TO,20240904,0.95,0.95,0.93,0.93,1900
BRY.TO,20240904,0.295,0.295,0.295,0.295,595
BSKT.TO,20240904,8.73,8.74,8.73,8.74,6100
BSX.TO,20240904,0.04,0.04,0.04,0.04,4000
BTB.DB.G.TO,20240904,99.77,99.91,99.77,99.91,43000
BTB.DB.H.TO,20240904,101.27,101.27,101.27,101.27,10000
BTB.UN.TO,20240904,3.27,3.36,3.27,3.34,90144
BTCC.TO,20240904,10.55,10.93,10.49,10.83,264678
BTCC.B.TO,20240904,10.9,11.24,10.8,11.16,366660
BTCC.U.TO,20240904,10.21,10.51,10.16,10.45,41437
BTCQ.TO,20240904,12.23,12.5,12.18,12.5,3790
BTCQ.U.TO,20240904,8.98,8.98,8.98,8.98,600
BTCX.B.TO,20240904,11.26,11.65,11.18,11.57,175541
BTCX.U.TO,20240904,10.52,10.9,10.5,10.78,29172
BTCY.TO,20240904,5.63,5.74,5.49,5.71,42554
BTCY.B.TO,20240904,6.51,6.62,6.38,6.56,12880
BTCY.U.TO,20240904,5.5,5.5,5.5,5.5,1046
BTE.TO,20240904,4.44,4.52,4.37,4.39,4277426
BTO.TO,20240904,3.63,3.64,3.56,3.58,3093688
BU.TO,20240904,0.18,0.18,0.18,0.18,500
BUI.TO,20240904,2.45,2.45,2.45,2.45,250
BXF.TO,20240904,10.14,10.15,10.14,10.15,4900
BYD.TO,20240904,223.41,228.99,222.77,226.07,47638
BYL.TO,20240904,0.27,0.28,0.27,0.28,70208
CAE.TO,20240904,23.85,24.44,23.77,24.39,451795
CAFR.TO,20240904,19.88,19.88,19.88,19.88,8600
CAGG.TO,20240904,44.84,44.84,44.84,44.84,1300
CALL.TO,20240904,12.96,12.96,12.73,12.76,12431
CAR.UN.TO,20240904,52.28,53.43,52.24,53.29,277728
CARS.TO,20240904,18.9,18.9,18.8,18.8,819
CARS.B.TO,20240904,21.67,21.67,21.67,21.67,500
CAS.TO,20240904,9.25,9.36,9.22,9.29,172458
CASH.TO,20240904,50.03,50.03,50.02,50.03,211194
CBCX.TO,20240904,21.34,21.77,21.34,21.77,300
CBH.TO,20240904,17.74,17.76,17.74,17.76,3200
CBIL.TO,20240904,49.97,49.97,49.96,49.97,46641
CBND.TO,20240904,9.07,9.07,9.07,9.07,100
CBNK.TO,20240904,7.61,7.69,7.61,7.66,7797
CBO.TO,20240904,18.16,18.17,18.16,18.17,4093
CCA.TO,20240904,64.25,65.36,64.25,64.79,47266
CCBI.TO,20240904,18.29,18.31,18.29,18.31,1300
CCEI.TO,20240904,24.86,24.88,24.85,24.88,4902
CCL.A.TO,20240904,77.69,77.69,77.69,77.69,135
CCL.B.TO,20240904,77.51,78.57,77.27,78.49,280432
CCO.TO,20240904,51.28,53.82,51.26,52.72,1281289
CCRE.TO,20240904,17.94,17.97,17.86,17.97,4690
CCS.PR.C.TO,20240904,21.39,21.5,21.39,21.48,575
CDIV.TO,20240904,14.36,14.37,14.33,14.34,10421
CDR.TO,20240904,1.79,1.79,1.69,1.76,19783
CDZ.TO,20240904,33.6,33.9,33.6,33.86,8080
CEE.TO,20240904,2.12,2.21,2.12,2.21,710
CEF.TO,20240904,30.93,31.06,30.93,30.95,7155
CEF.U.TO,20240904,22.87,22.99,22.86,22.99,500
CEMI.TO,20240904,18.53,18.53,18.53,18.53,100
CEMX.TO,20240904,0.295,0.3,0.295,0.3,38125
CEU.TO,20240904,7.55,7.7,7.52,7.62,439677
CEW.TO,20240904,18.45,18.61,18.45,18.61,16233
CF.TO,20240904,8,8.17,7.97,8.06,112457
CF.PR.A.TO,20240904,16.25,16.25,16.25,16.25,1600
CF.PR.C.TO,20240904,21.2,21.2,21.2,21.2,3515
CFF.TO,20240904,0.415,0.415,0.385,0.385,8500
CFLX.TO,20240904,17.15,17.15,17.13,17.13,14000
CFP.TO,20240904,14.11,14.47,14.07,14.11,135713
CFW.TO,20240904,4,4.08,3.96,3.96,25332
CFX.TO,20240904,0.93,1,0.93,0.95,5644
CG.TO,20240904,9.01,9.07,8.89,8.93,542627
CGAA.TO,20240904,26.81,26.81,26.81,26.81,1200
CGBI.TO,20240904,17.9,17.9,17.85,17.85,600
CGDV.TO,20240904,23.17,23.17,23.17,23.17,200
CGDV.B.TO,20240904,23.17,23.17,23.17,23.17,400
CGG.TO,20240904,5.61,5.61,5.39,5.4,3688
CGI.TO,20240904,37.55,37.55,37.31,37.31,329
CGIN.TO,20240904,21.41,21.41,21.41,21.41,3000
CGL.TO,20240904,19.76,19.83,19.72,19.78,11382
CGL.C.TO,20240904,28.4,28.53,28.4,28.47,37200
CGLO.TO,20240904,28.79,28.79,28.61,28.61,3201
CGO.TO,20240904,54.07,54.4,53.65,53.65,6783
CGR.TO,20240904,31.21,31.35,31.16,31.19,1628
CGRA.TO,20240904,22.38,22.4,22.38,22.4,300
CGRE.TO,20240904,22.61,22.61,22.61,22.61,2000
CGX.TO,20240904,10.9,11.03,10.81,10.86,144553
CGXF.TO,20240904,10.56,10.56,10.49,10.51,5547
CGY.TO,20240904,44.15,44.91,44.14,44.36,12896
CHE.DB.E.TO,20240904,101.49,101.49,101,101.1,20999
CHE.DB.G.TO,20240904,110.05,110.05,110,110.01,458000
CHE.UN.TO,20240904,9.87,10.04,9.87,10,246031
CHP.UN.TO,20240904,14.77,15.02,14.77,14.92,773364
CHPS.TO,20240904,36.2,36.78,36.01,36.45,6840
CHR.TO,20240904,2.63,2.72,2.63,2.65,119325
CHR.DB.A.TO,20240904,99.75,99.75,99.75,99.75,10000
CHR.DB.B.TO,20240904,99.69,100,99.69,100,98000
CHR.DB.C.TO,20240904,100.01,100.01,100,100,35000
CIA.TO,20240904,5.32,5.32,5.2,5.2,277963
CIAI.TO,20240904,20.83,20.9,20.83,20.9,287
CIBR.TO,20240904,44.9,44.9,44.81,44.81,1284
CIC.TO,20240904,11.34,11.44,11.34,11.44,9647
CIEI.TO,20240904,23.68,23.72,23.55,23.55,16900
CIEM.TO,20240904,18.86,18.86,18.84,18.84,1150
CIF.TO,20240904,43.74,43.94,43.74,43.85,3906
CIGI.TO,20240904,190.45,192.3,189.25,189.75,44288
CINF.TO,20240904,25.85,25.85,25.75,25.77,1000
CINT.TO,20240904,23.94,23.94,23.7,23.74,4278
CINV.TO,20240904,22.65,22.65,22.49,22.49,800
CIU.PR.A.TO,20240904,19.42,19.63,19.42,19.63,3181
CIX.TO,20240904,17.25,17.46,17.24,17.36,383904
CJ.TO,20240904,6.64,6.74,6.59,6.59,643653
CJR.B.TO,20240904,0.14,0.145,0.14,0.14,235864
CJT.TO,20240904,127.83,132.63,127.83,128.4,33994
CJT.DB.E.TO,20240904,100,100,100,100,208000
CJT.DB.F.TO,20240904,99.6,99.6,99.16,99.16,43000
CKI.TO,20240904,23.95,23.95,23.95,23.95,111
CLF.TO,20240904,17.33,17.34,17.31,17.34,26823
CLG.TO,20240904,17.29,17.31,17.29,17.31,13658
CLML.TO,20240904,27.85,28.04,27.85,28.04,300
CLS.TO,20240904,62.02,63.19,60.9,63.03,1021708
CM.TO,20240904,78.28,79.77,78.1,79.6,2689166
CM.PR.Q.TO,20240904,23.93,23.93,23.91,23.92,8805
CM.PR.S.TO,20240904,25.05,25.06,25,25.06,2487
CMAG.TO,20240904,32.79,33.03,32.78,32.86,7700
CMAR.TO,20240904,18.31,18.31,18.3,18.3,1400
CMDO.TO,20240904,19.49,19.51,19.49,19.51,500
CMG.TO,20240904,12.56,12.56,12.07,12.13,227661
CMGG.U.TO,20240904,28,28,28,28,300
CMNY.TO,20240904,50.04,50.06,50.04,50.06,500
CMR.TO,20240904,50.06,50.06,50.05,50.06,75765
CNAO.TO,20240904,26.24,26.24,26.24,26.24,100
CNCC.TO,20240904,12.06,12.06,12.05,12.06,2623
CNCL.TO,20240904,19.46,19.46,19.46,19.46,126
CNDX.TO,20240904,26.08,26.14,26.03,26.05,4400
CNE.TO,20240904,3.61,3.62,3.57,3.57,24772
CNL.TO,20240904,4.4,4.4,4.3,4.31,5536
CNQ.TO,20240904,47.15,47.47,46.06,46.2,14645480
CNR.TO,20240904,159.25,161.4,159.18,160.16,2343903
CNT.TO,20240904,0.025,0.025,0.025,0.025,3238
COG.TO,20240904,0.39,0.39,0.39,0.39,7250
COMM.TO,20240904,34.84,34.84,34.79,34.79,700
COP.U.TO,20240904,8.31,8.31,8.14,8.14,1018
COP.UN.TO,20240904,11.2,11.2,11.13,11.13,1600
COPP.TO,20240904,31.11,31.5,31.09,31.09,1372
COPR.TO,20240904,0.36,0.375,0.335,0.335,52540
CORE.TO,20240904,20.11,20.12,20.11,20.12,3800
COW.TO,20240904,61.61,62.1,61.61,61.96,3312
CP.TO,20240904,112.65,114.49,112.64,114.11,1175587
CPD.TO,20240904,12.36,12.39,12.34,12.37,50872
CPH.TO,20240904,18.12,18.91,18.04,18.44,44636
CPX.TO,20240904,44.59,45.3,44.57,45.11,428550
CPX.PR.A.TO,20240904,15.51,15.51,15.5,15.5,300
CPX.PR.C.TO,20240904,24.5,24.7,24.5,24.7,1845
CPX.PR.E.TO,20240904,24.1,24.14,24.1,24.1,1600
CRDL.TO,20240904,2.53,2.65,2.53,2.6,87327
CRED.TO,20240904,19.98,20,19.98,19.98,12900
CRON.TO,20240904,2.99,3.04,2.96,2.97,55525
CROP.TO,20240904,18.23,18.23,18.23,18.23,2800
CRP.TO,20240904,2.8,2.8,2.78,2.79,6754
CRR.UN.TO,20240904,14.85,15.14,14.82,15.03,147320
CRRX.TO,20240904,1.79,1.79,1.73,1.79,5299
CRT.UN.TO,20240904,15.28,15.75,15.28,15.53,357405
CRWN.TO,20240904,0.85,0.91,0.85,0.91,1005
CRWN.NT.TO,20240904,35,40,35,37,53000
CS.TO,20240904,8.61,8.8,8.52,8.54,2667188
CSAV.TO,20240904,50.06,50.07,50.06,50.07,26698
CSCI.TO,20240904,5.44,5.44,5.12,5.2,1771
CSE.PR.A.TO,20240904,14.58,14.61,14.58,14.61,21400
CSH.UN.TO,20240904,14.51,14.83,14.5,14.72,542864
CSU.TO,20240904,4279.8,4280.8,4198.55,4250.15,21650
CSU.DB.TO,20240904,121.5,122,121.5,121.5,129000
CSW.A.TO,20240904,13.42,13.47,13.42,13.45,10854
CSW.B.TO,20240904,12.45,12.52,12.31,12.31,6804
CTC.A.TO,20240904,152.65,156.27,152.35,155.45,190270
CTF.UN.TO,20240904,2.44,2.46,2.41,2.46,2200
CTS.TO,20240904,4.38,4.5,4.31,4.34,310785
CU.TO,20240904,34.25,34.74,34.21,34.55,635231
CU.PR.C.TO,20240904,20.6,20.65,20.6,20.65,1305
CU.PR.D.TO,20240904,21,21.14,21,21,21502
CU.PR.E.TO,20240904,21.02,21.05,21,21.05,1455
CU.PR.F.TO,20240904,19.6,19.6,19.6,19.6,956
CU.PR.G.TO,20240904,19.67,19.67,19.67,19.67,300
CU.PR.H.TO,20240904,22.3,22.3,22.3,22.3,100
CU.PR.I.TO,20240904,24.09,24.1,24.09,24.1,5849
CU.PR.J.TO,20240904,20.5,20.5,20.45,20.45,700
CUEH.TO,20240904,22.75,22.75,22.75,22.75,615
CUEI.TO,20240904,29.53,29.53,29.43,29.45,13358
CUP.U.TO,20240904,14,14.05,13.81,13.81,6000
CURA.TO,20240904,4.02,4.25,3.98,4.04,287509
CVD.TO,20240904,17.25,17.25,17.25,17.25,2070
CVE.TO,20240904,24.34,24.48,23.78,23.84,3732107
CVE.PR.A.TO,20240904,18.18,18.18,18.18,18.18,200
CVE.PR.C.TO,20240904,24.25,24.25,23.81,23.81,1600
CVE.PR.E.TO,20240904,24.2,24.2,24.15,24.15,900
CVE.PR.G.TO,20240904,23.95,23.95,23.92,23.92,1000
CVE.WT.TO,20240904,17.71,17.71,17.23,17.23,7315
CVG.TO,20240904,71.7,71.7,71.7,71.7,100
CVO.TO,20240904,5.97,6.02,5.86,5.89,72319
CWB.TO,20240904,50.9,52.05,50.9,51.96,467887
CWB.PR.B.TO,20240904,24.85,24.95,24.85,24.9,30552
CWB.PR.D.TO,20240904,27.19,27.19,27,27,1076
CWEB.TO,20240904,0.195,0.205,0.195,0.205,24930
CWL.TO,20240904,1.1,1.1,1.1,1.1,582
CWW.TO,20240904,57.75,57.75,57.43,57.5,3740
CXB.TO,20240904,2.18,2.27,2.17,2.24,3005675
CXF.TO,20240904,9.87,9.88,9.87,9.87,2800
CXI.TO,20240904,24.83,24.83,24.57,24.57,200
CYB.TO,20240904,71.09,71.09,70.6,70.9,6225
CYBR.TO,20240904,47.84,47.84,47.44,47.44,270
CYBR.B.TO,20240904,55.01,55.01,54.99,54.99,1902
CYH.TO,20240904,21.7,21.7,21.6,21.6,2912
D.UN.TO,20240904,19.4,20.26,19.33,19.53,62708
DANC.TO,20240904,22.31,22.31,22.31,22.31,1177
DATA.TO,20240904,22.75,22.79,22.75,22.79,600
DAY.TO,20240904,75.79,76.33,73.92,74.21,17137
DBM.TO,20240904,7,7.14,6.97,7.06,129755
DBO.TO,20240904,0.105,0.11,0.105,0.11,129290
DC.A.TO,20240904,1.4,1.41,1.32,1.35,57000
DCBC.TO,20240904,20.87,20.87,20.87,20.87,2147
DCBO.TO,20240904,57.9,58.77,57.08,57.48,21853
DCM.TO,20240904,2.96,2.96,2.94,2.96,3400
DCP.TO,20240904,19.5,19.5,19.25,19.25,2403
DCU.TO,20240904,17.99,17.99,17.99,17.99,3964
DF.TO,20240904,5.2,5.29,5.2,5.28,29101
DF.PR.A.TO,20240904,10.12,10.13,10.11,10.12,17790
DFN.TO,20240904,5.19,5.27,5.19,5.26,225897
DFN.PR.A.TO,20240904,10.12,10.13,10.07,10.09,51536
DFY.TO,20240904,49.38,50.05,49.38,49.76,59819
DGR.TO,20240904,46.74,46.74,46.66,46.66,1001
DGR.B.TO,20240904,51.73,51.81,51.71,51.73,3675
DGRC.TO,20240904,39,39.01,38.82,38.82,2330
DGS.TO,20240904,6.29,6.36,6.27,6.29,46517
DGS.PR.A.TO,20240904,10.14,10.14,10.11,10.11,25400
DHT.U.TO,20240904,8.63,8.63,8.56,8.56,300
DHT.UN.TO,20240904,11.69,11.73,11.55,11.56,32792
DIAM.TO,20240904,0.05,0.05,0.045,0.045,595940
DII.B.TO,20240904,6.25,6.43,6.25,6.43,1930
DIR.UN.TO,20240904,13.61,14.08,13.6,13.89,545604
DISC.TO,20240904,37.7,37.7,37.69,37.69,1400
DIV.TO,20240904,2.83,2.85,2.83,2.84,133063
DIVS.TO,20240904,16.22,16.22,16.07,16.07,2900
DLCG.TO,20240904,3.75,3.75,3.75,3.75,100
DLR.TO,20240904,13.84,13.85,13.8,13.81,481017
DLR.U.TO,20240904,10.22,10.22,10.21,10.22,599810
DMEC.TO,20240904,21.31,21.31,21.3,21.3,721
DMEI.TO,20240904,20.83,20.86,20.83,20.86,565
DMEU.TO,20240904,21.5,21.5,21.42,21.45,22966
DML.TO,20240904,2.07,2.13,2.05,2.07,1683391
DND.TO,20240904,13.7,14.32,13.69,14,105064
DNG.TO,20240904,4.85,4.99,4.85,4.99,29114
DNTL.TO,20240904,7.81,7.91,7.81,7.84,48400
DOL.TO,20240904,132.8,134.34,131.5,133.82,609262
DOO.TO,20240904,94.18,94.23,92.49,93.15,121839
DPM.TO,20240904,12.55,12.68,12.5,12.55,415169
DR.TO,20240904,13.35,13.88,13.35,13.88,19652
DRFC.TO,20240904,29.42,29.42,29.42,29.42,900
DRFD.TO,20240904,23.34,23.34,23.34,23.34,100
DRFE.TO,20240904,22.49,22.49,22.49,22.49,200
DRFU.TO,20240904,33.44,33.44,33.44,33.44,500
DRM.TO,20240904,26.14,27.13,26.14,26.97,40475
DRMC.TO,20240904,29.37,29.37,29.29,29.31,2011
DRME.TO,20240904,17.36,17.45,17.36,17.45,9200
DRMU.TO,20240904,39.75,39.75,39.47,39.55,300
DRR.U.TO,20240904,6.91,6.91,6.87,6.87,6100
DRR.UN.TO,20240904,9.36,9.36,9.36,9.36,300
DRT.TO,20240904,0.68,0.71,0.68,0.7,15705
DRT.DB.TO,20240904,80,80,80,80,1000
DRX.TO,20240904,12.71,13.42,12.71,13.03,108238
DS.TO,20240904,6.32,6.39,6.32,6.39,7822
DSG.TO,20240904,134.05,134.5,132.32,133.37,139317
DSV.TO,20240904,0.57,0.6,0.57,0.57,233654
DTOL.TO,20240904,12.58,13,12.58,13,3770
DXC.TO,20240904,36.12,36.43,36.12,36.33,3363
DXDB.TO,20240904,21.17,21.21,21.15,21.21,17435
DXEM.TO,20240904,12,12,12,12,1000
DXET.TO,20240904,17.09,17.09,17.09,17.09,100
DXG.TO,20240904,58.61,58.9,58.53,58.58,2985
DXP.TO,20240904,22.53,22.53,22.51,22.52,6318
DXQ.TO,20240904,24.14,24.14,23.94,23.98,9016
DXT.TO,20240904,6.12,6.47,6.12,6.46,244738
DXU.TO,20240904,55.49,55.51,55.34,55.51,509
DXUS.TO,20240904,26.5,26.68,26.5,26.59,4600
DXV.TO,20240904,19.61,19.66,19.61,19.66,5982
DYA.TO,20240904,0.18,0.185,0.18,0.18,644002
E.TO,20240904,1.51,1.6,1.5,1.53,186515
EAGR.TO,20240904,0.7,0.74,0.7,0.74,5504
EBIT.TO,20240904,27.5,28.41,27.31,28.22,43951
EBIT.U.TO,20240904,20.42,20.95,20.42,20.95,200
EBNK.TO,20240904,10.96,10.96,10.96,10.96,100
ECN.TO,20240904,2.15,2.15,2.1,2.1,14825
ECN.DB.TO,20240904,92.02,92.02,92,92,105000
ECN.DB.A.TO,20240904,82,82,82,82,10000
ECN.DB.B.TO,20240904,82,84.5,82,84.5,37000
ECN.PR.C.TO,20240904,18.7,18.7,18.25,18.25,7400
ECO.TO,20240904,4.03,4.04,3.82,3.99,18208
EDGE.TO,20240904,35.33,35.74,35.33,35.74,480
EDR.TO,20240904,3.8,3.91,3.77,3.84,311937
EDT.TO,20240904,0.66,0.67,0.66,0.66,40500
EDV.TO,20240904,27.19,27.28,26.85,26.96,503335
EFN.TO,20240904,28.12,28.12,27.3,27.44,776890
EFR.TO,20240904,5.95,6.06,5.87,5.94,370606
EFX.TO,20240904,7.61,8.04,7.61,7.87,262961
EGLX.TO,20240904,0.145,0.145,0.13,0.14,503147
EIF.TO,20240904,48.63,49.34,48.63,48.88,76972
EIF.DB.J.TO,20240904,103.7,103.7,103.5,103.5,25000
EIF.DB.K.TO,20240904,104.55,104.55,104.55,104.55,20000
EIF.DB.M.TO,20240904,101,101.39,100,100,33000
EIT.PR.A.TO,20240904,24.97,24.97,24.97,24.97,400
EIT.UN.TO,20240904,14.13,14.2,14.13,14.19,126467
ELD.TO,20240904,21.92,22.14,21.71,21.78,169570
ELEF.TO,20240904,0.42,0.425,0.415,0.425,16045
ELF.TO,20240904,1330,1330,1330,1330,150
ELF.PR.H.TO,20240904,22.95,22.95,22.75,22.75,15729
ELO.TO,20240904,0.92,0.92,0.89,0.89,36658
ELR.TO,20240904,0.16,0.16,0.155,0.155,3800
ELVA.TO,20240904,2.68,2.78,2.68,2.71,12503
EMA.TO,20240904,51.02,51.54,50.98,51.45,677454
EMA.PR.A.TO,20240904,15.21,15.23,15.19,15.21,7100
EMA.PR.B.TO,20240904,16.76,16.76,16.75,16.75,300
EMA.PR.C.TO,20240904,22.49,22.5,22.37,22.5,10808
EMA.PR.E.TO,20240904,19.14,19.15,19.14,19.15,1100
EMA.PR.H.TO,20240904,23.3,23.5,23.25,23.5,4000
EMA.PR.L.TO,20240904,19.17,19.17,19.15,19.15,4300
EMAX.TO,20240904,15.8,15.82,15.55,15.56,28798
EMP.A.TO,20240904,37.66,38.62,37.66,38.57,410588
EMV.B.TO,20240904,29.1,29.21,29.08,29.21,1800
ENB.TO,20240904,54.45,54.93,54.4,54.6,3968591
ENB.PF.A.TO,20240904,18.9,18.9,18.9,18.9,372
ENB.PF.C.TO,20240904,18.26,18.26,18.26,18.26,1509
ENB.PF.E.TO,20240904,17.97,18.01,17.97,18,5202
ENB.PF.G.TO,20240904,17.99,18.05,17.98,18.05,1600
ENB.PF.K.TO,20240904,24.38,24.45,24.37,24.38,5650
ENB.PF.U.TO,20240904,21.18,21.25,21.12,21.22,91555
ENB.PF.V.TO,20240904,22.91,22.91,22.91,22.91,100
ENB.PR.B.TO,20240904,17.92,18.08,17.9,18.08,58263
ENB.PR.D.TO,20240904,18.39,18.48,18.39,18.4,42760
ENB.PR.F.TO,20240904,18.81,18.91,18.8,18.86,3037
ENB.PR.H.TO,20240904,20,20.01,20,20,4225
ENB.PR.J.TO,20240904,20.18,20.18,20.05,20.09,2404
ENB.PR.N.TO,20240904,22.05,22.14,22.05,22.14,1720
ENB.PR.P.TO,20240904,19.78,19.78,19.75,19.75,50163
ENB.PR.T.TO,20240904,20.58,20.6,20.56,20.6,43263
ENB.PR.V.TO,20240904,22.7,23.01,22.7,22.95,6944
ENB.PR.Y.TO,20240904,18.05,18.09,18.01,18.01,45261
ENCC.TO,20240904,10.91,11.03,10.91,10.91,93360
ENCL.TO,20240904,19.4,19.56,19.29,19.3,148419
ENGH.TO,20240904,28.73,29.09,28.7,28.95,30411
ENI.UN.TO,20240904,1.51,1.56,1.51,1.56,650
ENS.TO,20240904,12.28,12.48,12.24,12.38,54905
ENS.PR.A.TO,20240904,10.45,10.52,10.44,10.52,24400
EPRX.TO,20240904,3.5,3.5,3.31,3.47,17352
EQB.TO,20240904,94.22,95.86,94.1,95.85,35401
EQCC.TO,20240904,19.86,19.86,19.86,19.86,1040
EQCL.TO,20240904,21.29,21.3,21.26,21.3,938
EQL.TO,20240904,35.75,35.75,35.5,35.57,14363
EQL.F.TO,20240904,30.06,30.88,30.06,30.75,7748
EQL.U.TO,20240904,26.45,26.45,26.26,26.26,700
EQLI.TO,20240904,20.46,20.47,20.46,20.47,5213
EQX.TO,20240904,7.25,7.44,7.22,7.28,433016
ERD.TO,20240904,0.44,0.44,0.435,0.435,88999
ERE.UN.TO,20240904,2.74,2.77,2.72,2.75,55851
ERO.TO,20240904,25.97,26.63,25.97,26.07,221263
ESG.TO,20240904,39.6,39.6,39.38,39.45,878
ESG.F.TO,20240904,37.51,37.51,37.16,37.25,900
ESGA.TO,20240904,36.16,36.16,36.16,36.16,141
ESGE.TO,20240904,35.29,35.31,35.28,35.3,2610
ESGG.TO,20240904,46.24,46.25,46.02,46.08,586
ESGY.TO,20240904,52.56,52.79,52.56,52.59,411
ESGY.F.TO,20240904,41.57,41.57,41.57,41.57,100
ESI.TO,20240904,2.46,2.49,2.42,2.43,207961
ESM.TO,20240904,0.055,0.055,0.045,0.05,264004
ESP.TO,20240904,4.05,4.05,3.61,3.63,5504
ESPX.TO,20240904,24.09,24.09,23.97,23.97,2811
ESPX.B.TO,20240904,24.66,24.66,24.66,24.66,500
ET.TO,20240904,13.82,14,13.56,13.78,10036
ETC.TO,20240904,11.86,12.07,11.68,12,6176
ETG.TO,20240904,1.47,1.48,1.46,1.47,31000
ETHH.TO,20240904,9.57,9.9,9.57,9.8,115572
ETHH.B.TO,20240904,11.17,11.58,11.16,11.41,97727
ETHH.U.TO,20240904,10.34,10.34,10.34,10.34,400
ETHI.TO,20240904,52.26,52.57,52.26,52.52,1770
ETHQ.TO,20240904,12.81,13.17,12.78,13.06,16569
ETHQ.U.TO,20240904,9.55,9.55,9.55,9.55,100
ETHR.TO,20240904,11.08,11.27,11.05,11.27,2446
ETHR.U.TO,20240904,10.4,10.5,10.4,10.5,675
ETHX.B.TO,20240904,11.61,12.03,11.58,11.87,107693
ETHX.U.TO,20240904,10.74,11.1,10.72,10.96,8837
ETHY.TO,20240904,3.05,3.11,2.95,3.07,52140
ETHY.B.TO,20240904,3.83,3.85,3.75,3.83,10368
ETHY.U.TO,20240904,2.97,2.97,2.95,2.95,619
ETP.TO,20240904,17.49,17.5,17.48,17.5,5899
ETSX.TO,20240904,20.1,20.1,20.1,20.1,293
EVO.TO,20240904,20.79,20.79,20.75,20.75,3200
EXE.TO,20240904,8.92,9.16,8.91,9.14,398949
EXE.DB.C.TO,20240904,99.65,99.65,99.65,99.65,30000
EXN.TO,20240904,0.085,0.1,0.085,0.1,198010
EXRO.TO,20240904,0.395,0.415,0.38,0.41,215045
EXRO.WT.TO,20240904,0.06,0.06,0.06,0.06,1000
FAP.TO,20240904,2.69,2.74,2.69,2.74,12615
FAR.TO,20240904,2.25,2.29,2.23,2.26,28748
FBGO.TO,20240904,17.7,17.7,17.7,17.7,1000
FBTC.TO,20240904,25.4,26.2,25.18,25.97,15262
FBTC.U.TO,20240904,18.67,18.67,18.66,18.66,200
FC.TO,20240904,11.34,11.39,11.2,11.32,141452
FC.DB.I.TO,20240904,99.97,100,99.97,100,25000
FC.DB.J.TO,20240904,99.97,100,99.97,100,25000
FC.DB.K.TO,20240904,97.5,99,97,99,194000
FC.DB.L.TO,20240904,96.3,96.3,96.3,96.3,20000
FCCD.TO,20240904,29.11,29.16,29.06,29.07,4500
FCCQ.TO,20240904,35.19,35.31,35.19,35.24,2600
FCCV.TO,20240904,14.18,14.21,14.16,14.16,3600
FCD.UN.TO,20240904,5.53,5.53,5.42,5.53,6208
FCEM.TO,20240904,9.55,9.55,9.55,9.55,830
FCII.TO,20240904,22.03,22.03,22.03,22.03,200
FCIQ.TO,20240904,38.06,38.27,38.06,38.12,4000
FCIV.TO,20240904,33.59,33.7,33.49,33.6,6490
FCQH.TO,20240904,54.27,54.27,54.27,54.27,100
FCR.UN.TO,20240904,17.63,18,17.46,17.97,385311
FCU.TO,20240904,0.85,0.89,0.84,0.87,3894896
FCUD.TO,20240904,36.47,36.55,36.33,36.4,1405
FCUH.TO,20240904,32.51,32.51,32.51,32.51,500
FCUQ.TO,20240904,58.23,58.23,57.92,58.05,3618
FCUV.TO,20240904,17.57,17.6,17.49,17.51,19400
FCUV.U.TO,20240904,12.99,12.99,12.94,12.94,1300
FCVH.TO,20240904,16.82,16.82,16.82,16.82,100
FDN.TO,20240904,21.68,21.68,21.68,21.68,100
FDY.TO,20240904,0.75,0.75,0.73,0.74,19000
FEBB.F.TO,20240904,44.73,44.73,44.72,44.72,1131
FEC.TO,20240904,7.41,7.79,7.41,7.55,39261
FETH.TO,20240904,43.83,44.5,43.83,44.49,302
FF.TO,20240904,0.135,0.135,0.13,0.135,230752
FFH.TO,20240904,1632.89,1632.89,1622.05,1625,31695
FFH.PR.C.TO,20240904,22.18,22.21,22.18,22.21,3800
FFH.PR.D.TO,20240904,22.35,22.35,22.35,22.35,300
FFH.PR.F.TO,20240904,17.66,17.76,17.66,17.76,900
FFH.PR.G.TO,20240904,18.09,18.12,18.09,18.12,1100
FFH.PR.H.TO,20240904,18.95,19,18.95,19,1238
FFH.PR.I.TO,20240904,18.97,19.07,18.95,19.07,1405
FFH.PR.J.TO,20240904,19.79,19.79,19.79,19.79,300
FFH.PR.K.TO,20240904,21.95,22.48,21.95,22.48,4300
FFH.PR.M.TO,20240904,24.45,24.46,24.4,24.4,1200
FFN.TO,20240904,5.75,5.82,5.71,5.8,133263
FFN.PR.A.TO,20240904,10.24,10.24,10.2,10.21,98810
FGEP.TO,20240904,10,10.03,9.98,10.01,35329
FGO.TO,20240904,10.29,10.29,10.29,10.29,329
FGO.U.TO,20240904,10.47,10.47,10.47,10.47,100
FGOV.TO,20240904,20.96,20.96,20.96,20.96,200
FHH.TO,20240904,40.73,40.73,40.73,40.73,100
FHI.TO,20240904,12.15,12.15,12.15,12.15,300
FHI.B.TO,20240904,13.4,13.4,13.4,13.4,200
FHIS.TO,20240904,20.73,20.74,20.72,20.72,13200
FHQ.TO,20240904,83.86,83.95,83.21,83.76,612
FIE.TO,20240904,7.58,7.62,7.58,7.62,83576
FIG.TO,20240904,9.45,9.45,9.45,9.45,500
FIH.U.TO,20240904,14.57,14.73,14.46,14.46,26314
FIL.TO,20240904,30.51,31.08,30.51,30.69,602310
FINO.TO,20240904,22.32,22.59,22.32,22.59,500
FLCP.TO,20240904,18.05,18.09,18.05,18.07,4727
FLGA.TO,20240904,19.15,19.15,19.15,19.15,1000
FLI.TO,20240904,10.68,10.85,10.68,10.8,1853
FLNT.TO,20240904,0.025,0.025,0.025,0.025,7000
FLOW.TO,20240904,0.17,0.185,0.17,0.185,3420
FLUS.TO,20240904,43.62,43.62,43.59,43.59,300
FLX.TO,20240904,7.2,7.2,7.2,7.2,110
FLX.B.TO,20240904,8.5,8.5,8.5,8.5,800
FM.TO,20240904,14.75,14.94,14.13,14.2,1840402
FMAX.TO,20240904,17.5,17.5,17.41,17.41,401
FN.TO,20240904,37,37.45,37,37.19,33310
FN.PR.B.TO,20240904,14.74,14.78,14.74,14.75,5200
FNV.TO,20240904,160.49,162.17,159.86,160.89,238062
FOM.TO,20240904,3.62,3.8,3.62,3.66,505885
FOOD.TO,20240904,0.275,0.275,0.275,0.275,38032
FORA.TO,20240904,8.41,8.65,8.41,8.51,1438
FOUR.TO,20240904,48,48,48,48,121
FRU.TO,20240904,13.46,13.57,13.22,13.22,561878
FRX.TO,20240904,7.5,7.5,7.5,7.5,600
FSB.TO,20240904,9.68,9.68,9.68,9.68,5339
FST.TO,20240904,51.79,51.83,51.7,51.7,1084
FSV.TO,20240904,240.78,244.67,240.78,242.01,95613
FSY.TO,20240904,0.5,0.53,0.49,0.52,45212
FSZ.TO,20240904,7.3,7.43,7.25,7.31,115927
FSZ.DB.B.TO,20240904,103,103,103,103,9000
FT.TO,20240904,0.065,0.065,0.06,0.065,143550
FTG.TO,20240904,5.99,6.15,5.99,6.1,3000
FTN.TO,20240904,8.16,8.18,8.13,8.16,114927
FTN.PR.A.TO,20240904,10.39,10.39,10.34,10.37,27011
FTS.TO,20240904,60.34,60.84,60.3,60.51,977175
FTS.PR.F.TO,20240904,21.32,21.74,21.32,21.71,3801
FTS.PR.G.TO,20240904,22.12,22.25,22.12,22.23,6758
FTS.PR.I.TO,20240904,16.85,16.99,16.8,16.99,1650
FTS.PR.J.TO,20240904,20.85,20.98,20.8,20.96,10576
FTS.PR.K.TO,20240904,20.5,20.55,20.42,20.55,2784
FTS.PR.M.TO,20240904,20.55,20.59,20.5,20.59,2655
FTT.TO,20240904,38.44,38.97,38.08,38.34,406735
FURY.TO,20240904,0.51,0.53,0.51,0.53,22000
FVI.TO,20240904,5.69,5.81,5.69,5.73,367691
FVL.TO,20240904,0.99,0.99,0.89,0.89,1258816
FXM.TO,20240904,23.14,23.14,23.11,23.11,600
G.TO,20240904,0.69,0.71,0.68,0.68,32104
GATO.TO,20240904,15.84,16.05,15.75,15.75,1150
GAU.TO,20240904,1.83,1.9,1.82,1.82,65696
GBAL.TO,20240904,48.74,48.81,48.74,48.81,2547
GBT.TO,20240904,13.54,13.55,12.71,12.93,3911
GCBD.TO,20240904,18.44,18.44,18.44,18.44,3100
GCG.TO,20240904,40.6,40.6,40,40,586
GCG.A.TO,20240904,41.02,41.02,39.78,40.49,7605
GCL.TO,20240904,1.31,1.31,1.28,1.28,93250
GDC.TO,20240904,4,4,3.9,3.9,5700
GDI.TO,20240904,34.51,36.19,34.51,36.19,3772
GDL.TO,20240904,14.44,14.98,14.44,14.98,2479
GDV.TO,20240904,10.41,10.48,10.41,10.41,7579
GDV.PR.A.TO,20240904,10.3,10.3,10.24,10.24,16500
GEI.TO,20240904,22,22.06,21.85,21.95,495012
GENM.TO,20240904,0.235,0.2375,0.215,0.22,92763
GEO.TO,20240904,2.68,2.7,2.68,2.68,500
GEQT.TO,20240904,59.01,59.01,58.9,58.93,1360
GFL.TO,20240904,56.34,57.07,55.54,55.7,414754
GFP.TO,20240904,0.325,0.34,0.325,0.33,58600
GFR.TO,20240904,9.84,9.84,9.63,9.63,6700
GGD.TO,20240904,1.14,1.17,1.11,1.11,212509
GGRO.TO,20240904,53.9,53.9,53.66,53.66,409
GH.TO,20240904,10.41,10.41,10.36,10.36,7561
GIB.A.TO,20240904,150.64,153.46,150.03,153.11,264186
GIL.TO,20240904,60,60.66,59.6,60.49,434604
GIVX.TO,20240904,1.47,1.47,1.46,1.46,183701
GLCC.TO,20240904,26.78,26.86,26.59,26.62,38364
GLO.TO,20240904,1.18,1.22,1.16,1.2,255982
GLXY.TO,20240904,13.89,14.38,13.73,14.29,352804
GMIN.TO,20240904,8.31,8.37,8.19,8.29,146572
GMTN.TO,20240904,0.035,0.04,0.035,0.035,76059
GMX.TO,20240904,0.84,0.85,0.81,0.83,9200
GOLD.TO,20240904,1.24,1.26,1.2,1.22,391031
GOOS.TO,20240904,15.63,15.76,14.82,15.07,258630
GRA.TO,20240904,2.14,2.31,2.14,2.31,179514
GRC.TO,20240904,0.09,0.09,0.09,0.09,147500
GRID.TO,20240904,1.53,1.53,1.51,1.53,600
GRN.TO,20240904,0.08,0.08,0.075,0.08,134796
GRNI.TO,20240904,28.62,28.73,28.51,28.51,7500
GRT.UN.TO,20240904,75.72,77.99,75.72,77.52,96308
GSY.TO,20240904,183.7,186.81,182.65,184.27,36613
GTE.TO,20240904,8.97,9.13,8.91,8.97,25216
GTWO.TO,20240904,1.52,1.63,1.49,1.6,161746
GUD.TO,20240904,5.49,5.62,5.48,5.62,122268
GURU.TO,20240904,1.93,1.93,1.9,1.9,200
GVC.TO,20240904,0.11,0.11,0.11,0.11,10033
GWO.TO,20240904,44.72,45.07,44.59,45.04,7693935
GWO.PR.G.TO,20240904,22.3,22.34,22.3,22.34,275
GWO.PR.H.TO,20240904,20.66,20.8,20.66,20.8,2600
GWO.PR.I.TO,20240904,19.58,19.61,19.58,19.58,3235
GWO.PR.M.TO,20240904,24,24.25,23.95,24.25,8180
GWO.PR.N.TO,20240904,14.7,14.7,14.63,14.63,2200
GWO.PR.P.TO,20240904,22.64,22.7,22.6,22.7,5449
GWO.PR.Q.TO,20240904,21.81,21.82,21.75,21.82,1600
GWO.PR.R.TO,20240904,20.61,20.74,20.6,20.74,5700
GWO.PR.S.TO,20240904,22.09,22.1,22.06,22.08,3795
GWO.PR.T.TO,20240904,21.74,21.75,21.74,21.75,1000
GWO.PR.Y.TO,20240904,19.51,19.61,19.51,19.52,1000
GXE.TO,20240904,0.64,0.65,0.62,0.62,368736
H.TO,20240904,45.86,46.35,45.86,46.16,849487
HAC.TO,20240904,30.82,30.82,30.82,30.82,498
HAF.TO,20240904,7.26,7.26,7.26,7.26,300
HAI.TO,20240904,5.94,6.64,5.94,6.62,167744
HAL.TO,20240904,20.84,20.84,20.84,20.84,350
HAZ.TO,20240904,36.31,36.31,36.23,36.23,569
HBA.TO,20240904,27.88,27.88,27.76,27.76,351
HBAL.TO,20240904,15.03,15.05,15.02,15.02,6833
HBB.TO,20240904,48.69,48.78,48.68,48.7,23658
HBD.TO,20240904,7.32,7.33,7.26,7.26,3502
HBF.TO,20240904,9.88,9.9,9.85,9.86,16000
HBF.B.TO,20240904,10.96,10.96,10.96,10.96,100
HBF.U.TO,20240904,11.19,11.19,11.19,11.19,1500
HBGD.TO,20240904,25.26,25.77,25.25,25.43,7026
HBGD.U.TO,20240904,18.62,18.62,18.62,18.62,500
HBIE.TO,20240904,25,25.02,25,25.01,500
HBLK.TO,20240904,14.3,14.48,14.3,14.48,2184
HBM.TO,20240904,9.95,10.19,9.9,9.92,1159975
HBND.TO,20240904,15.54,15.65,15.51,15.65,37144
HBND.U.TO,20240904,15.92,15.92,15.92,15.92,4900
HBNK.TO,20240904,22.85,22.96,22.82,22.96,2515
HBP.TO,20240904,1.24,1.29,1.24,1.29,521
HBU.TO,20240904,15.66,15.83,15.66,15.76,1409
HBUG.TO,20240904,23.29,23.29,23.29,23.29,100
HCA.TO,20240904,21.5,21.78,21.5,21.78,6079
HCAL.TO,20240904,22.2,22.53,22.2,22.51,53041
HCLN.TO,20240904,8.24,8.41,8.24,8.4,6381
HDIF.TO,20240904,8.46,8.52,8.46,8.48,46854
HDIV.TO,20240904,16.69,16.79,16.66,16.71,117900
HEB.TO,20240904,18.03,18.03,18.03,18.03,100
HED.TO,20240904,4.21,4.31,4.2,4.31,7238
HEQL.TO,20240904,24.87,24.87,24.87,24.87,108
HEQT.TO,20240904,16.64,16.71,16.64,16.66,5723
HERO.TO,20240904,31.88,31.88,31.88,31.88,100
HEU.TO,20240904,28.8,28.8,27.62,27.69,29432
HEWB.TO,20240904,34.71,35.02,34.71,35.02,4559
HFD.TO,20240904,7.9,7.9,7.79,7.8,2930
HFG.TO,20240904,25.38,25.38,25.32,25.32,1333
HFIN.TO,20240904,17.05,17.1,17.02,17.1,4005
HFR.TO,20240904,9.96,9.98,9.96,9.97,5675
HFU.TO,20240904,24.95,25.36,24.95,25.32,5486
HGD.TO,20240904,2.8,2.83,2.76,2.82,252744
HGGG.TO,20240904,31.6,31.6,31.6,31.6,203
HGR.TO,20240904,6.55,6.57,6.5,6.54,7375
HGU.TO,20240904,21.18,21.42,20.86,20.94,123088
HGY.TO,20240904,11.02,11.02,11.02,11.02,1940
HHL.TO,20240904,8.82,8.89,8.82,8.88,40545
HHL.B.TO,20240904,9.78,9.78,9.77,9.77,1720
HHL.U.TO,20240904,9.4,9.4,9.4,9.4,26400
HHLE.TO,20240904,11.31,11.33,11.31,11.33,8306
HIG.TO,20240904,8.9,8.91,8.9,8.91,2500
HIND.TO,20240904,11.54,11.54,11.47,11.48,546
HISU.U.TO,20240904,100.09,100.1,100.09,100.09,16705
HIU.TO,20240904,11.63,11.65,11.55,11.65,24723
HIX.TO,20240904,26.77,26.77,26.62,26.67,7900
HLF.TO,20240904,13.35,13.47,13.32,13.38,7932
HLIF.TO,20240904,9.25,9.25,9.25,9.25,308
HLIT.TO,20240904,14.16,14.16,14,14.08,1035
HLS.TO,20240904,3.22,3.22,3.21,3.21,300
HMAX.TO,20240904,13.92,13.99,13.92,13.97,128197
HMM.A.TO,20240904,9.31,9.31,9.24,9.29,906
HMMJ.TO,20240904,10,10.16,9.98,9.98,25246
HMP.TO,20240904,9.58,9.58,9.56,9.56,68500
HND.TO,20240904,93.08,102,92.65,100.92,116660
HNU.TO,20240904,2.57,2.61,2.36,2.39,5178621
HOD.TO,20240904,7.72,7.92,7.53,7.91,945841
HOM.DB.U.TO,20240904,100.01,100.01,100.01,100.01,50000
HOM.U.TO,20240904,13.51,13.58,13.41,13.54,43302
HOM.UN.TO,20240904,18.24,18.33,18.11,18.3,31469
HOT.UN.TO,20240904,0.475,0.485,0.465,0.465,63009
HOU.TO,20240904,11.63,11.9,11.29,11.31,1638868
HPF.TO,20240904,3.33,3.33,3.28,3.28,45272
HPF.U.TO,20240904,4.08,4.08,4.05,4.05,5100
HPR.TO,20240904,8.93,8.99,8.93,8.98,46146
HPS.A.TO,20240904,114.05,116.34,112.66,114.13,49640
HPYM.TO,20240904,11.68,11.7,11.67,11.69,16260
HPYT.TO,20240904,11.22,11.31,11.21,11.31,123916
HPYT.B.TO,20240904,11.21,11.23,11.21,11.23,11100
HPYT.U.TO,20240904,11.5,11.5,11.5,11.5,1600
HQD.TO,20240904,13.01,13.01,12.66,12.85,490854
HQD.U.TO,20240904,9.51,9.51,9.46,9.46,1100
HQU.TO,20240904,19.69,20.21,19.65,19.9,1417415
HR.UN.TO,20240904,10.54,10.79,10.52,10.77,441160
HRAA.TO,20240904,11.75,11.75,11.75,11.75,864
HRED.TO,20240904,12.35,12.35,12.35,12.35,1100
HRIF.TO,20240904,16.25,16.25,16.23,16.23,7600
HRX.TO,20240904,31.29,31.44,31.29,31.35,28188
HSAV.TO,20240904,112.9,113.07,112.84,112.84,34094
HSD.TO,20240904,17.68,17.68,17.37,17.56,300520
HSH.TO,20240904,67.37,67.74,67.37,67.74,476
HSU.TO,20240904,23,23.35,22.95,23.08,388115
HSUV.U.TO,20240904,111.78,111.88,111.76,111.76,11835
HTA.TO,20240904,17.52,17.8,17.52,17.73,20811
HTA.B.TO,20240904,18.29,18.29,18.29,18.29,100
HTA.U.TO,20240904,19.2,19.2,19.2,19.2,2104
HTAE.TO,20240904,15.78,16.03,15.78,15.96,20996
HTB.TO,20240904,57.94,57.99,57.94,57.96,3152
HTL.TO,20240904,2.13,2.15,2.13,2.15,36000
HUBL.TO,20240904,12.83,12.87,12.7,12.73,60984
HUBL.U.TO,20240904,14.39,14.39,14.39,14.39,100
HUC.TO,20240904,20.86,20.95,20.73,20.73,3355
HUG.TO,20240904,19.43,19.51,19.42,19.49,737
HULC.TO,20240904,89.44,89.47,89,89,3463
HUN.TO,20240904,7.6,7.6,7.56,7.56,2702
HURA.TO,20240904,30.09,30.36,30.09,30.36,2394
HUT.TO,20240904,12,12.59,11.89,12.4,681872
HUTE.TO,20240904,10.29,10.37,10.29,10.3,14980
HUTL.TO,20240904,17.49,17.53,17.32,17.32,9168
HUTS.TO,20240904,12.73,12.86,12.73,12.84,23138
HUV.TO,20240904,9.71,9.93,9.08,9.65,312469
HUZ.TO,20240904,12.54,12.63,12.54,12.56,1084
HWO.TO,20240904,1.25,1.27,1.22,1.24,7211
HWX.TO,20240904,6.71,6.82,6.61,6.63,593829
HXCN.TO,20240904,37.4,37.62,37.4,37.54,11212
HXD.TO,20240904,5.5,5.5,5.39,5.43,153433
HXDM.TO,20240904,47.24,47.32,47.17,47.24,4526
HXDM.U.TO,20240904,34.91,34.91,34.91,34.91,100
HXE.TO,20240904,36.14,36.26,36.03,36.03,775
HXEM.TO,20240904,35.74,35.74,35.74,35.74,184
HXF.TO,20240904,74.4,74.4,74.4,74.4,153
HXH.TO,20240904,50.68,50.68,50.68,50.68,582
HXQ.TO,20240904,73,73.65,72.75,73.1,34755
HXQ.U.TO,20240904,53.93,54.33,53.93,54.17,2400
HXS.TO,20240904,76.31,76.65,76.07,76.2,36710
HXS.U.TO,20240904,56.31,56.46,56.31,56.46,1456
HXT.TO,20240904,59.56,60.02,59.55,59.79,206125
HXT.U.TO,20240904,44.21,44.21,44.21,44.21,143
HXU.TO,20240904,23.7,24.04,23.7,23.89,106677
HXX.TO,20240904,50.81,50.81,50.74,50.74,245
HYBR.TO,20240904,9.23,9.23,9.23,9.23,100
HYLD.TO,20240904,13.3,13.47,13.3,13.38,66364
HYLD.U.TO,20240904,13.76,13.87,13.76,13.79,4268
HZD.TO,20240904,9.26,9.26,9.08,9.2,98120
HZU.TO,20240904,24.01,24.46,23.98,24.15,123035
IAG.TO,20240904,103.66,106.35,103.66,105.43,418935
IAU.TO,20240904,1.34,1.38,1.31,1.31,214685
ICE.TO,20240904,3.85,3.85,3.85,3.85,834
ICPB.TO,20240904,9.43,9.43,9.41,9.41,1900
IDIV.B.TO,20240904,13.47,13.47,13.44,13.45,1200
IE.TO,20240904,8.95,9.08,8.72,8.72,3531
IFA.TO,20240904,1.13,1.13,1.12,1.12,10000
IFC.TO,20240904,250.93,252.88,250.65,251.93,194094
IFC.PR.A.TO,20240904,19.44,19.71,19.44,19.7,3100
IFC.PR.C.TO,20240904,21.37,21.37,21.37,21.37,300
IFC.PR.E.TO,20240904,22.46,22.5,22.41,22.5,1300
IFC.PR.F.TO,20240904,22.74,22.75,22.74,22.75,9900
IFC.PR.G.TO,20240904,23.9,23.9,23.75,23.75,1200
IFC.PR.I.TO,20240904,23.36,23.4,23.36,23.4,1474
IFC.PR.K.TO,20240904,23.19,23.2,23.06,23.06,1368
IFP.TO,20240904,16.39,16.91,16.33,16.36,72363
IGB.TO,20240904,18.4,18.4,18.37,18.37,1360
IGBT.UN.TO,20240904,10.31,10.31,10.31,10.31,43800
IGCF.TO,20240904,16.82,16.82,16.82,16.82,600
IGM.TO,20240904,39.08,39.54,38.79,39.28,220480
III.TO,20240904,2.1,2.12,2.08,2.09,63066
IIMF.F.TO,20240904,21.59,21.71,21.59,21.67,4700
IIP.UN.TO,20240904,12.61,13.04,12.57,13.02,868295
ILGB.TO,20240904,8.98,8.98,8.98,8.98,100
ILLM.TO,20240904,1.45,1.53,1.45,1.5,12029
IMG.TO,20240904,6.52,6.61,6.48,6.5,1346407
IMO.TO,20240904,97.86,98.18,95.98,96.04,614427
IMP.TO,20240904,0.83,0.85,0.83,0.83,9000
INAI.TO,20240904,23.09,23.09,23.09,23.09,245
INC.UN.TO,20240904,7.7,7.95,7.7,7.95,2750
INE.TO,20240904,8.79,9.2,8.79,9.18,528395
INE.DB.C.TO,20240904,96.73,96.74,96.5,96.5,64000
INE.PR.A.TO,20240904,14.6,14.6,14.6,14.6,800
INE.PR.C.TO,20240904,19.55,19.55,19.5,19.55,1600
INO.UN.TO,20240904,1.01,1.11,1.01,1.11,33285
INOC.TO,20240904,15.2,15.74,15.2,15.72,3817
IPCO.TO,20240904,18.47,18.73,18.12,18.13,38405
IPO.TO,20240904,2.12,2.13,2.1,2.13,13251
IQD.TO,20240904,34.56,34.75,34.56,34.64,1585
IQD.B.TO,20240904,30.81,30.85,30.81,30.85,1200
IS.TO,20240904,14.2,14.25,14.16,14.2,7733
ISO.TO,20240904,2.75,2.81,2.68,2.68,241917
ISV.TO,20240904,27.44,28.38,27.44,28.3,31016
ITE.TO,20240904,0.21,0.215,0.21,0.215,169564
IUFR.U.TO,20240904,20.14,20.14,20.14,20.14,100
IUMF.TO,20240904,20.92,20.92,20.92,20.92,1100
IUMF.F.TO,20240904,20.15,20.19,20.15,20.19,4600
IUTE.F.TO,20240904,20.68,20.68,20.68,20.68,15500
IVN.TO,20240904,16.24,16.55,16.23,16.26,1842700
IVQ.TO,20240904,0.2,0.2,0.2,0.2,3000
IVQ.DB.V.TO,20240904,50,50,50,50,9000
IWBE.TO,20240904,18.05,18.05,18.05,18.05,500
IXTE.TO,20240904,20.84,20.84,20.84,20.84,200
JAG.TO,20240904,4.73,5.21,4.73,5.12,198646
JAPN.TO,20240904,46.97,46.97,46.23,46.23,7508
JAPN.B.TO,20240904,33.61,33.75,33.58,33.74,5000
JFS.UN.TO,20240904,25,25,24.72,24.72,7000
JOY.TO,20240904,2.3,2.39,2.28,2.28,81346
JWEL.TO,20240904,31.15,31.7,31.15,31.61,25613
K.TO,20240904,11.55,11.76,11.5,11.6,3495114
KBL.TO,20240904,34.92,36.2,34.81,36.2,4256
KEC.TO,20240904,14.35,14.35,14.23,14.33,7200
KEG.UN.TO,20240904,14.82,14.82,14.61,14.71,5504
KEI.TO,20240904,4.21,4.21,4.16,4.16,2000
KEL.TO,20240904,5.95,6.01,5.85,5.88,337937
KEY.TO,20240904,40.02,40.16,39.71,40.03,829394
KILO.TO,20240904,36.88,36.96,36.88,36.9,14547
KILO.U.TO,20240904,38.69,38.69,38.69,38.69,103
KITS.TO,20240904,10.99,11.49,10.97,11.3,99644
KLS.TO,20240904,0.2,0.21,0.2,0.21,8500
KMP.UN.TO,20240904,19.98,20.53,19.98,20.39,422858
KNGU.TO,20240904,9.81,9.81,9.81,9.81,108
KNT.TO,20240904,7.06,7.36,7.06,7.21,555177
KPT.TO,20240904,8.43,8.52,8.42,8.47,15813
KSI.TO,20240904,4.89,4.89,4.6,4.68,32715
KXS.TO,20240904,146.92,150.19,146.37,147.96,104314
L.TO,20240904,174.81,176.63,174.19,175.92,182868
L.PR.B.TO,20240904,24.3,24.3,24.22,24.22,1010
LAAC.TO,20240904,3.31,3.39,3.22,3.26,121333
LABS.TO,20240904,0.065,0.07,0.065,0.065,269702
LAC.TO,20240904,3.06,3.29,3.06,3.18,276255
LAM.TO,20240904,0.48,0.5,0.48,0.5,129591
LAS.A.TO,20240904,170.16,173.98,170.16,173.9,1460
LB.TO,20240904,26.25,26.66,26.24,26.39,323185
LB.PR.H.TO,20240904,21.75,21.85,21.72,21.74,8804
LBS.TO,20240904,7.75,7.87,7.74,7.84,80916
LBS.PR.A.TO,20240904,10.56,10.58,10.47,10.55,55547
LCFS.TO,20240904,2.31,2.51,2.31,2.5,4411
LCS.TO,20240904,7.7,7.82,7.7,7.8,26819
LCS.PR.A.TO,20240904,10.36,10.36,10.3,10.33,11300
LEV.TO,20240904,1.04,1.06,1.01,1.02,119747
LFE.TO,20240904,5.18,5.31,5.18,5.27,113339
LFE.PR.B.TO,20240904,10.31,10.32,10.31,10.32,300
LGD.TO,20240904,0.37,0.37,0.365,0.365,42066
LGO.TO,20240904,2.45,2.53,2.36,2.4,35820
LIF.TO,20240904,29.49,29.7,29.45,29.51,233469
LIFE.TO,20240904,22.59,22.6,22.5,22.54,6133
LIFE.B.TO,20240904,26.72,26.72,26.71,26.71,6700
LIFE.U.TO,20240904,22.42,22.42,22.42,22.42,3600
LIRC.TO,20240904,6.2,6.2,6,6.1,6754
LLHE.TO,20240904,12.49,12.49,12.32,12.36,12798
LLHE.U.TO,20240904,12.61,12.61,12.55,12.55,260
LLYH.TO,20240904,12.3,12.3,12.23,12.27,9804
LMAX.TO,20240904,16.26,16.26,16.26,16.26,223
LN.TO,20240904,0.355,0.36,0.355,0.36,11250
LNF.TO,20240904,29.41,29.72,29.2,29.61,10312
LNR.TO,20240904,61.18,62.63,61.18,62.09,125492
LPAY.TO,20240904,27.97,28.13,27.97,28.13,960
LSPD.TO,20240904,17.2,17.57,16.97,17.11,556689
LUC.TO,20240904,0.43,0.435,0.425,0.425,26208
LUG.TO,20240904,26.04,26.23,25.76,26.08,271639
LUN.TO,20240904,12.3,12.46,12.16,12.23,2796980
MAG.TO,20240904,16.5,16.72,16.39,16.41,83605
MAL.TO,20240904,9.08,9.27,9.01,9.17,1536
MARI.TO,20240904,3.8,3.83,3.79,3.81,1255
MATR.TO,20240904,15,15.12,14.93,14.98,214620
MAYB.F.TO,20240904,42.79,42.95,42.79,42.95,3000
MBAL.TO,20240904,24.27,24.27,24.27,24.27,600
MBX.TO,20240904,0.38,0.38,0.375,0.375,15500
MCAD.TO,20240904,100.08,100.08,100.08,100.08,300
MCB.TO,20240904,1.99,1.99,1.99,1.99,1218
MCLC.TO,20240904,38.99,38.99,38.94,38.94,1400
MCON.TO,20240904,21.72,21.72,21.72,21.72,6975
MCSB.TO,20240904,19.64,19.64,19.63,19.64,11900
MDA.TO,20240904,15.44,15.76,15.29,15.73,170828
MDI.TO,20240904,8.94,9.11,8.91,8.99,34519
MDIV.TO,20240904,16.61,16.61,16.61,16.61,200
MDNA.TO,20240904,2.44,2.63,2.41,2.47,69166
MDP.TO,20240904,2.43,2.58,2.43,2.58,16502
MEG.TO,20240904,25.5,25.8,25,25.06,2195576
MEQ.TO,20240904,198.82,198.82,197.84,198.08,741
MFC.TO,20240904,36.93,37.41,36.93,37.32,5616050
MFC.PR.B.TO,20240904,20.65,20.87,20.65,20.87,7437
MFC.PR.C.TO,20240904,20.45,20.49,20.29,20.49,4940
MFC.PR.F.TO,20240904,16.62,16.97,16.62,16.97,759
MFC.PR.I.TO,20240904,24.75,24.75,24.74,24.75,1600
MFC.PR.J.TO,20240904,24.42,24.68,24.42,24.68,540
MFC.PR.K.TO,20240904,24.54,24.74,24.45,24.52,3800
MFC.PR.L.TO,20240904,23.39,23.4,23.33,23.33,7962
MFC.PR.M.TO,20240904,22.12,22.21,22.11,22.12,1400
MFC.PR.N.TO,20240904,22,22.01,21.98,21.98,1100
MFC.PR.P.TO,20240904,17.01,17.01,17.01,17.01,1000
MFC.PR.Q.TO,20240904,24.51,24.51,24.51,24.51,100
MFI.TO,20240904,22.08,22.45,22.06,22.3,132991
MFT.TO,20240904,17.04,17.08,17.04,17.06,14455
MG.TO,20240904,55.38,56.6,55.38,56.18,748691
MGA.TO,20240904,0.26,0.27,0.25,0.26,378347
MGB.TO,20240904,16.65,16.65,16.64,16.64,417
MGDV.TO,20240904,20.71,20.71,20.68,20.68,463
MGRW.TO,20240904,27.08,27.08,27.08,27.08,200
MHC.U.TO,20240904,15,15.15,15,15.1,119651
MHC.UN.TO,20240904,20.4,20.51,20.4,20.51,4000
MHCD.TO,20240904,12.35,12.35,12.29,12.32,4972
MI.UN.TO,20240904,16.59,16.99,16.59,16.71,155444
MID.UN.TO,20240904,7.1,7.1,7.09,7.09,7100
MIN.TO,20240904,0.14,0.145,0.14,0.145,20450
MINF.TO,20240904,9.7,9.7,9.7,9.7,100
MINT.TO,20240904,37.51,37.51,37.51,37.51,142
MKB.TO,20240904,19.33,19.36,19.33,19.36,4162
MKP.TO,20240904,17.51,17.79,17.51,17.66,68750
MND.TO,20240904,2.85,2.9,2.85,2.87,16338
MNO.TO,20240904,0.38,0.39,0.355,0.37,681529
MNT.TO,20240904,34.4,34.79,34.32,34.77,9013
MNU.U.TO,20240904,100.11,100.11,100.11,100.11,200
MNY.TO,20240904,100.08,100.1,100.08,100.09,12169
MOGO.TO,20240904,1.66,1.7,1.66,1.69,5745
MPAY.TO,20240904,27.28,27.28,27.28,27.28,392
MPAY.U.TO,20240904,20.16,20.16,20.16,20.16,5550
MPC.TO,20240904,4.97,4.97,4.97,4.97,100
MPCT.UN.TO,20240904,3.59,3.59,3.4,3.44,14988
MPVD.TO,20240904,0.155,0.165,0.15,0.15,132860
MPY.TO,20240904,9.65,9.65,9.65,9.65,1300
MR.UN.TO,20240904,3.02,3.03,3,3,11501
MRC.TO,20240904,112,113.26,112,113.26,18766
MRD.TO,20240904,12.27,12.32,12.22,12.22,7850
MRE.TO,20240904,11.33,11.55,11.33,11.42,67673
MREL.TO,20240904,12.78,12.96,12.78,12.95,4390
MRG.DB.B.TO,20240904,101,101,100.6,100.6,20000
MRG.UN.TO,20240904,18.09,18.66,18.09,18.49,46251
MRT.DB.A.TO,20240904,96.89,97,96.88,97,46999
MRT.UN.TO,20240904,5.32,5.36,5.3,5.36,57722
MRU.TO,20240904,84.58,86.03,84.4,85.89,593277
MSA.TO,20240904,1.07,1.09,1.07,1.09,1483
MSCL.TO,20240904,0.5,0.51,0.5,0.51,25194
MSFH.TO,20240904,11.57,11.63,11.5,11.63,3486
MSHE.TO,20240904,11.55,11.58,11.41,11.56,6569
MSHE.U.TO,20240904,11.46,11.46,11.46,11.46,432
MSV.TO,20240904,0.16,0.175,0.16,0.175,8500
MTL.TO,20240904,14.15,14.52,14.15,14.45,167383
MTL.DB.TO,20240904,113,113,113,113,12000
MTY.TO,20240904,42.08,42.9,42.08,42.28,32463
MUB.TO,20240904,18.54,18.55,18.45,18.55,21300
MUMC.B.TO,20240904,47.34,47.34,47.34,47.34,163
MUSA.TO,20240904,19.16,19.16,19.16,19.16,100
MUX.TO,20240904,11.58,11.72,11.33,11.33,10614
MWLV.TO,20240904,22.44,22.45,22.41,22.45,4945
MX.TO,20240904,60.3,61,59.98,60.4,89109
MXG.TO,20240904,3.77,3.8,3.75,3.79,2705
NA.TO,20240904,123.46,124.39,123.26,124.26,1730747
NA.PR.C.TO,20240904,26.43,26.43,26.31,26.31,2550
NA.PR.E.TO,20240904,24.9,24.92,24.86,24.9,1985
NA.PR.G.TO,20240904,25.81,25.81,25.81,25.81,1000
NA.PR.S.TO,20240904,24.99,25.02,24.98,25,2721
NA.PR.W.TO,20240904,23.05,23.05,23.02,23.02,1000
NA.R.TO,20240904,119.53,120.24,118.93,120.24,6500
NALT.TO,20240904,23.19,23.28,23.19,23.28,9506
NANO.TO,20240904,0.73,0.74,0.72,0.73,57308
NCF.TO,20240904,0.02,0.02,0.02,0.02,2000
NCP.TO,20240904,1.1,1.1,1.01,1.01,2428
NDM.TO,20240904,0.455,0.455,0.425,0.435,736147
NEO.TO,20240904,8.16,8.28,8.08,8.16,39779
NEXT.TO,20240904,0.75,0.76,0.73,0.73,61450
NFI.TO,20240904,19,19.29,18.42,18.88,209790
NFI.DB.TO,20240904,96.5,96.5,95.95,96,34000
NG.TO,20240904,5.33,5.49,5.26,5.26,112728
NGD.TO,20240904,3.16,3.23,3.14,3.21,762992
NGEX.TO,20240904,10.05,10.27,10.01,10.08,93133
NGPE.TO,20240904,46.8,46.8,46.19,46.42,828
NGT.TO,20240904,70.15,70.65,69.2,69.7,87908
NOA.TO,20240904,26.17,26.44,25.98,26.23,28354
NOVB.F.TO,20240904,42.21,42.21,42.2,42.2,600
NOVC.TO,20240904,1.72,1.74,1.72,1.74,710
NPI.TO,20240904,20.26,20.55,20.22,20.35,1994355
NPI.PR.A.TO,20240904,17.9,17.9,17.9,17.9,200
NPK.TO,20240904,0.65,0.68,0.65,0.65,11046
NPRF.TO,20240904,23.06,23.18,23.06,23.15,2000
NPS.TO,20240904,12.8,12.95,12.8,12.95,525
NPS.PR.A.TO,20240904,10.65,10.65,10.64,10.64,200
NREA.TO,20240904,21.27,21.27,21.27,21.27,1400
NRR.UN.TO,20240904,16.99,17.09,16.75,16.96,2400
NSCC.TO,20240904,22.27,22.31,22.27,22.31,300
NSGE.TO,20240904,40.86,40.86,40.86,40.86,100
NTR.TO,20240904,63.09,64.12,63.08,63.46,2158211
NUAG.TO,20240904,1.86,1.86,1.81,1.81,14921
NUMI.TO,20240904,0.03,0.035,0.03,0.035,38605
NUSA.TO,20240904,41.87,41.94,41.87,41.94,286
NVA.TO,20240904,12.2,12.69,12.06,12.13,709455
NVDH.TO,20240904,9.95,10.22,9.75,9.92,15261
NVDH.U.TO,20240904,10.15,10.15,10.03,10.03,610
NVEI.TO,20240904,44.98,45.06,44.88,44.88,28064
NVHE.TO,20240904,9.35,9.71,9.14,9.35,82033
NVHE.U.TO,20240904,9.42,9.6,9.42,9.56,875
NVO.TO,20240904,0.085,0.09,0.085,0.085,54840
NWC.TO,20240904,45.49,45.89,45.17,45.65,50647
NWH.DB.G.TO,20240904,100.35,101.23,100.35,100.5,18000
NWH.DB.H.TO,20240904,91.25,91.25,91,91,16000
NWH.DB.I.TO,20240904,91.5,93.45,91.5,93.4,256000
NWH.UN.TO,20240904,5.11,5.26,5.11,5.12,1094941
NXE.TO,20240904,7.39,7.61,7.38,7.53,1332787
NXF.TO,20240904,5.96,5.97,5.88,5.88,32567
NXF.B.TO,20240904,7.68,7.68,7.64,7.64,1138
NXF.U.TO,20240904,10.82,10.82,10.82,10.82,1629
NXR.UN.TO,20240904,8.23,8.58,8.22,8.47,142643
OBE.TO,20240904,8.53,8.6,8.27,8.29,161881
OGC.TO,20240904,3.35,3.39,3.33,3.33,505738
OGD.TO,20240904,0.63,0.63,0.63,0.63,2000
OGI.TO,20240904,2.42,2.57,2.41,2.44,276830
OLA.TO,20240904,5.34,5.45,5.31,5.35,90440
OLY.TO,20240904,100.75,100.75,99.99,100,1596
ONC.TO,20240904,1.28,1.39,1.26,1.38,91007
ONEQ.TO,20240904,41.05,41.05,41.05,41.05,100
ONEX.TO,20240904,92,92.96,89.95,90.08,128482
OR.TO,20240904,22.51,22.65,22.31,22.33,189339
ORA.TO,20240904,13.21,14.05,13.21,13.81,11942
ORE.TO,20240904,0.68,0.72,0.68,0.7,125100
ORV.TO,20240904,0.32,0.32,0.305,0.305,21760
OSK.TO,20240904,4.81,4.86,4.81,4.84,3128965
OTEX.TO,20240904,42.83,43.53,42.83,42.97,701856
OVV.TO,20240904,56.01,56.91,55.01,55.19,96203
PAAS.TO,20240904,25.64,25.97,25.57,25.65,585127
PABF.TO,20240904,23.1,23.11,23.1,23.11,15200
PACF.TO,20240904,22.74,22.74,22.7,22.7,3700
PAGF.TO,20240904,23.65,23.69,23.65,23.69,10200
PAY.TO,20240904,8.3,8.59,8.17,8.24,158658
PAYF.TO,20240904,18.68,18.68,18.68,18.68,100
PAYS.TO,20240904,20.03,20.03,20.03,20.03,400
PBD.TO,20240904,16.7,16.7,16.69,16.69,9600
PBH.TO,20240904,85.86,87.25,85.74,86.6,114257
PBH.DB.G.TO,20240904,99.3,99.75,99.3,99.75,24000
PBH.DB.H.TO,20240904,94.9,95,94.6,94.6,43000
PBH.DB.I.TO,20240904,96.86,97.13,96.53,96.53,49000
PBL.TO,20240904,24.92,25.25,24.78,25.25,10400
PBY.UN.TO,20240904,15.3,15.31,15.25,15.25,14900
PCOR.TO,20240904,18.74,18.74,18.7,18.7,450
PD.TO,20240904,92.95,93.16,90.39,90.75,83183
PDC.TO,20240904,32.32,32.55,32.32,32.5,14024
PDF.TO,20240904,32.55,32.63,32.55,32.63,200
PDIV.TO,20240904,9.4,9.43,9.4,9.42,63333
PDV.TO,20240904,6.7,6.7,6.7,6.7,300
PEA.TO,20240904,0.29,0.295,0.29,0.295,14500
PET.TO,20240904,24.23,24.39,23.93,24.26,83528
PEY.TO,20240904,14.08,14.36,14,14.01,1766365
PFAA.TO,20240904,11.4,11.41,11.38,11.38,14859
PFAE.TO,20240904,18.85,18.85,18.85,18.85,150
PFIA.TO,20240904,9.95,9.98,9.95,9.98,17902
PFL.TO,20240904,19.56,19.58,19.56,19.57,4745
PFLS.TO,20240904,17.45,17.53,17.42,17.45,6049
PFMN.TO,20240904,14.73,14.77,14.73,14.76,1100
PGI.UN.TO,20240904,7.66,7.69,7.6,7.6,6937
PHE.B.TO,20240904,38.05,38.05,38.05,38.05,2500
PHX.TO,20240904,9.6,9.8,9.45,9.45,85480
PHYS.TO,20240904,26.25,26.29,26.18,26.25,29832
PHYS.U.TO,20240904,19.36,19.44,19.36,19.43,1400
PIC.A.TO,20240904,3.7,3.8,3.66,3.8,14522
PIC.PR.A.TO,20240904,14.91,14.94,14.88,14.94,19600
PID.TO,20240904,23.74,23.87,23.74,23.87,2110
PIF.TO,20240904,11.99,12.15,11.95,12.03,24908
PINC.TO,20240904,18.15,18.15,18.13,18.13,407
PIX.UN.TO,20240904,8.2,8.25,8.2,8.25,32400
PKI.TO,20240904,35.42,35.75,34.92,35.64,888890
PLDI.TO,20240904,18.96,18.97,18.94,18.94,400
PLZ.UN.TO,20240904,3.67,3.79,3.67,3.74,58141
PME.TO,20240904,2.19,2.19,2.1,2.1,2800
PMET.TO,20240904,3.65,3.84,3.56,3.74,207460
PMIF.TO,20240904,18.26,18.29,18.21,18.29,126070
PMIF.U.TO,20240904,19.44,19.56,19.44,19.56,15800
PMM.TO,20240904,22.71,22.74,22.71,22.74,3400
PMNT.TO,20240904,19.2,19.2,19.2,19.2,200
PMZ.UN.TO,20240904,14.95,15.36,14.82,15.31,464443
PNC.A.TO,20240904,1.45,1.45,1.45,1.45,434
PNE.TO,20240904,0.93,0.97,0.92,0.93,69525
PNP.TO,20240904,6.9,7.01,6.9,7.01,1005
POU.TO,20240904,26.67,26.94,26.53,26.57,415768
POW.TO,20240904,41.5,42.04,41.19,42,1915900
POW.PR.A.TO,20240904,23.36,23.36,23.11,23.25,4525
POW.PR.B.TO,20240904,22.06,22.26,22.06,22.26,1200
POW.PR.D.TO,20240904,21.1,21.13,21,21.1,22600
POW.PR.G.TO,20240904,23.09,23.13,23.06,23.1,14226
PPL.TO,20240904,54.7,55.05,54.6,54.83,2431506
PPL.PF.A.TO,20240904,24.2,24.4,24.2,24.4,1727
PPL.PF.B.TO,20240904,24.7,25.45,24.7,25.45,3000
PPL.PF.E.TO,20240904,24.9,25,24.9,25,2500
PPL.PR.A.TO,20240904,21.78,21.9,21.77,21.87,1944
PPL.PR.C.TO,20240904,21.45,21.45,21.45,21.45,315
PPL.PR.E.TO,20240904,23.9,23.95,23.9,23.95,16494
PPL.PR.G.TO,20240904,20.42,20.59,20.42,20.59,2178
PPL.PR.I.TO,20240904,23.21,23.21,23.13,23.16,2632
PPL.PR.O.TO,20240904,22.32,22.75,22.32,22.74,3465
PPL.PR.Q.TO,20240904,23.6,23.74,23.59,23.74,650
PPL.PR.S.TO,20240904,24.4,24.41,24.4,24.4,725
PPLN.TO,20240904,10.75,10.75,10.75,10.75,217
PPR.TO,20240904,0.035,0.04,0.035,0.04,8000
PPTA.TO,20240904,10.55,11.02,10.35,10.9,40612
PR.TO,20240904,9.61,9.61,9.61,9.61,300
PRB.TO,20240904,1.29,1.29,1.22,1.27,197611
PREF.TO,20240904,10.25,10.25,10.24,10.24,9362
PRL.TO,20240904,27.88,29,27.6,28.54,60822
PRM.TO,20240904,14.65,14.65,14.65,14.65,100
PRMW.TO,20240904,29.91,30.02,29.5,29.59,128210
PRN.TO,20240904,11.81,11.81,11.5,11.55,5436
PRQ.TO,20240904,1.33,1.37,1.3,1.3,40400
PRU.TO,20240904,2.21,2.23,2.21,2.23,22400
PRV.UN.TO,20240904,5.35,5.44,5.34,5.34,157068
PRYM.TO,20240904,1.6,1.66,1.56,1.63,127535
PSA.TO,20240904,50.04,50.05,50.04,50.05,48001
PSB.TO,20240904,17.67,17.71,17.67,17.71,3770
PSD.TO,20240904,2.57,2.58,2.57,2.58,1080
PSI.TO,20240904,14.05,14.3,13.93,14,219697
PSK.TO,20240904,27.68,27.98,26.79,26.93,724596
PSLV.TO,20240904,12.96,13.02,12.89,12.93,43481
PSLV.U.TO,20240904,9.53,9.53,9.53,9.53,300
PSU.U.TO,20240904,100.1,100.11,100.1,100.11,12725
PTI.UN.TO,20240904,6.9,6.9,6.87,6.9,10000
PTM.TO,20240904,1.6,1.66,1.6,1.62,5400
PTO.UN.TO,20240904,7.45,7.49,7.44,7.47,25007
PVS.PR.G.TO,20240904,24.69,24.69,24.69,24.69,100
PVS.PR.H.TO,20240904,24.5,24.5,24.5,24.5,1000
PVS.PR.I.TO,20240904,24.96,25.02,24.96,25.02,200
PVS.PR.J.TO,20240904,24.3,24.42,24.25,24.42,3200
PVS.PR.K.TO,20240904,24.39,24.39,24.31,24.31,1300
PWF.PF.A.TO,20240904,19,19.23,19,19.23,2050
PWF.PR.A.TO,20240904,13.11,13.11,12.93,12.93,300
PWF.PR.E.TO,20240904,22.81,22.82,22.79,22.8,1735
PWF.PR.F.TO,20240904,22.07,22.07,21.87,21.87,1900
PWF.PR.G.TO,20240904,24.41,24.41,24.4,24.4,600
PWF.PR.H.TO,20240904,23.7,23.77,23.7,23.77,1595
PWF.PR.K.TO,20240904,20.64,20.83,20.64,20.83,3968
PWF.PR.L.TO,20240904,21.3,21.3,21.2,21.28,11000
PWF.PR.O.TO,20240904,23.93,24,23.93,24,658
PWF.PR.P.TO,20240904,15.11,15.29,15.11,15.29,700
PWF.PR.R.TO,20240904,22.77,22.82,22.72,22.8,1400
PWF.PR.S.TO,20240904,20.2,20.29,20.2,20.29,15650
PWF.PR.T.TO,20240904,22.86,23,22.81,23,14100
PWF.PR.Z.TO,20240904,21.6,21.6,21.49,21.5,6850
PWI.TO,20240904,8.3,8.32,8.3,8.32,3300
PXC.TO,20240904,39.44,39.46,39.4,39.4,4500
PXT.TO,20240904,13.36,13.4,13.09,13.37,1494627
PXU.F.TO,20240904,62.33,62.33,62.33,62.33,100
PYF.TO,20240904,17.43,17.43,17.43,17.43,1300
PYR.TO,20240904,0.82,0.82,0.78,0.79,49015
PZA.TO,20240904,12.51,12.73,12.51,12.63,43140
QAH.TO,20240904,181.34,181.77,181.34,181.77,3100
QASH.TO,20240904,50.24,50.25,50.24,50.25,913
QBB.TO,20240904,94.03,94.04,94.03,94.04,2100
QBR.A.TO,20240904,34,35,34,35,1122
QBR.B.TO,20240904,33.28,33.72,33.24,33.44,1122766
QBTC.TO,20240904,74.52,77.75,74.52,76.5,14033
QBTC.U.TO,20240904,56.85,57.37,55.6,56.44,1685
QBTL.TO,20240904,20.88,20.99,20.86,20.96,9950
QCE.TO,20240904,140.43,140.89,140.43,140.89,872
QCLN.TO,20240904,14.74,14.74,14.74,14.74,700
QCN.TO,20240904,141.13,141.15,140.82,140.82,1093
QDX.TO,20240904,119.29,119.37,119.17,119.17,405
QDXB.TO,20240904,89.7,89.79,89.31,89.36,900
QEBH.TO,20240904,79.53,79.53,79.53,79.53,1306
QEE.TO,20240904,91.82,91.82,91.82,91.82,200
QETH.UN.TO,20240904,50.02,51.26,50.02,50.54,1105
QIE.TO,20240904,32.81,33.01,32.81,33.01,1712
QINF.TO,20240904,132.55,132.55,131.81,131.81,200
QIPT.TO,20240904,3.67,3.75,3.65,3.73,16274
QLB.TO,20240904,106.55,106.83,106.55,106.83,2000
QMAX.TO,20240904,18.82,19.01,18.72,18.88,45303
QQC.TO,20240904,30.26,30.65,30.23,30.43,50296
QQC.F.TO,20240904,150.33,151,149.5,150.4,6179
QQCC.TO,20240904,11.49,11.54,11.46,11.49,27701
QQCE.TO,20240904,25.95,26.03,25.77,25.95,900
QQCL.TO,20240904,21.46,21.61,21.35,21.49,18595
QQEQ.TO,20240904,25.48,25.61,25.48,25.54,413
QQEQ.F.TO,20240904,22.4,22.4,22.4,22.4,200
QQJR.TO,20240904,19.91,19.91,19.91,19.91,100
QQQL.TO,20240904,20,20,19.95,19.95,2111
QQQT.TO,20240904,27.79,27.91,27.79,27.91,1856
QQQT.B.TO,20240904,28.78,28.78,28.78,28.78,100
QQQX.TO,20240904,27.92,28.1,27.85,27.94,12000
QQQX.U.TO,20240904,20.63,20.8,20.6,20.7,28800
QQQY.TO,20240904,24.11,24.52,24.1,24.38,4593
QRC.TO,20240904,0.74,0.74,0.74,0.74,86422
QSR.TO,20240904,92.7,93.13,92.28,92.79,305564
QTLT.TO,20240904,107.42,107.42,107.42,107.42,100
QTRH.TO,20240904,1.57,1.57,1.53,1.56,45837
QTRH.DB.TO,20240904,93.77,93.77,93.77,93.77,15000
QUB.TO,20240904,83.33,83.52,83.25,83.35,1200
QUS.TO,20240904,54.08,54.08,53.91,53.91,200
QUU.TO,20240904,214.48,214.71,213.66,214.08,3436
QXM.TO,20240904,29.5,29.5,29.5,29.5,100
RA.UN.TO,20240904,7.57,7.58,7.57,7.58,1400
RATE.TO,20240904,20.92,20.99,20.92,20.99,3138
RAY.A.TO,20240904,7.57,7.66,7.49,7.53,13699
RBA.TO,20240904,113.74,114.02,112.64,113.55,105860
RBN.UN.TO,20240904,8.24,8.24,8.2,8.2,1200
RBNK.TO,20240904,25.21,25.5,25.21,25.5,12431
RBO.TO,20240904,18.64,18.64,18.64,18.64,300
RBOT.TO,20240904,29.08,29.08,29.07,29.07,425
RBOT.U.TO,20240904,21.29,21.29,21.29,21.29,1000
RBY.TO,20240904,2.28,2.28,2.23,2.23,72241
RCD.TO,20240904,27.93,27.93,27.88,27.88,900
RCDC.TO,20240904,20.66,20.67,20.66,20.67,3529
RCG.PR.B.TO,20240904,13.1,13.1,13.1,13.1,1000
RCH.TO,20240904,38.57,38.92,38.51,38.72,29233
RCI.B.TO,20240904,54.64,55.35,54.57,54.88,977841
RDBH.TO,20240904,20.58,20.58,20.58,20.58,102050
REAL.TO,20240904,7.42,7.7,7.42,7.61,28277
REI.UN.TO,20240904,18.57,19.35,18.56,19.35,1999426
RGQN.TO,20240904,20.4,20.4,20.4,20.4,5100
RGQQ.TO,20240904,20.24,20.24,20.24,20.24,200
RGQR.TO,20240904,20.24,20.24,20.24,20.24,400
RIFI.TO,20240904,18.05,18.08,18.04,18.08,700
RIIN.TO,20240904,20.37,20.42,20.31,20.35,5000
RIRA.TO,20240904,17.74,17.74,17.64,17.64,11698
RIT.TO,20240904,17.04,17.41,17.04,17.41,29807
RLB.TO,20240904,18.66,18.67,18.66,18.67,1700
RMAX.TO,20240904,18.02,18.19,18,18.18,17711
ROOT.TO,20240904,2.1,2.1,2.1,2.1,146
RPF.TO,20240904,21.03,21.04,20.98,20.99,8133
RPI.UN.TO,20240904,30.17,30.2,29.6,29.6,1468
RQN.TO,20240904,20.37,20.38,20.37,20.38,6369
RQO.TO,20240904,18.56,18.57,18.55,18.57,36638
RQP.TO,20240904,18.14,18.15,18.14,18.15,22104
RQQ.TO,20240904,21.85,21.89,21.85,21.89,5786
RQR.TO,20240904,21.74,21.8,21.74,21.8,3447
RQS.TO,20240904,21.05,21.08,21.05,21.08,2400
RS.TO,20240904,12.2,12.39,12.2,12.39,16911
RS.PR.A.TO,20240904,10.09,10.13,10.09,10.1,700
RSI.TO,20240904,5.5,5.6,5.5,5.55,99743
RSI.DB.F.TO,20240904,99.31,99.31,99.31,99.31,15000
RUD.TO,20240904,68.72,68.72,68.08,68.21,1764
RUD.U.TO,20240904,50.74,50.74,50.45,50.45,600
RUDB.TO,20240904,20.84,20.84,20.84,20.84,100
RUDC.TO,20240904,21.74,21.74,21.74,21.74,100
RUDH.TO,20240904,48.11,48.11,47.88,47.88,300
RUP.TO,20240904,4.14,4.18,4.1,4.1,18438
RUQO.TO,20240904,20.25,20.25,20.25,20.25,1000
RUQR.TO,20240904,20.76,20.76,20.76,20.76,2000
RUQS.U.TO,20240904,15.5,15.5,15.5,15.5,200
RUS.TO,20240904,36.48,37.11,36.48,36.7,204505
RUSB.U.TO,20240904,15.58,15.59,15.58,15.59,400
RVX.TO,20240904,0.08,0.08,0.075,0.075,58000
RY.TO,20240904,163.15,165.25,163.11,164.99,2405339
RY.PR.J.TO,20240904,24.16,24.16,24.08,24.08,1386
RY.PR.M.TO,20240904,23.67,23.79,23.67,23.79,3100
RY.PR.N.TO,20240904,24.3,24.3,24.2,24.2,2500
RY.PR.O.TO,20240904,24.3,24.33,24.25,24.32,6740
RY.PR.S.TO,20240904,25.28,25.33,25.27,25.33,3309
S.TO,20240904,0.205,0.205,0.2,0.2,43948
SAP.TO,20240904,29.52,30.15,29.43,29.89,471514
SAU.TO,20240904,0.065,0.07,0.065,0.07,145000
SBC.TO,20240904,9.13,9.25,9.13,9.2,11197
SBC.PR.A.TO,20240904,10.28,10.34,10.28,10.3,8259
SBI.TO,20240904,1.28,1.4,1.28,1.35,3745
SBT.TO,20240904,14.78,14.78,14.78,14.78,693
SBT.U.TO,20240904,14.87,14.87,14.8,14.8,1400
SCR.TO,20240904,29.01,29.63,28.62,29.31,44310
SCY.TO,20240904,0.015,0.015,0.015,0.015,8500
SDE.TO,20240904,3.84,3.96,3.84,3.91,193336
SEA.TO,20240904,22.08,22.46,22,22,26789
SES.TO,20240904,11.97,12.13,11.69,11.7,525763
SFC.TO,20240904,6.03,6.15,5.98,6.03,8426
SFI.TO,20240904,0.31,0.31,0.31,0.31,2000
SFTC.TO,20240904,18.77,19.59,18.77,19.2,4095
SGLD.TO,20240904,0.08,0.08,0.08,0.08,21925
SGNL.TO,20240904,0.085,0.085,0.085,0.085,15000
SGR.U.TO,20240904,9.5,9.5,9.47,9.47,900
SGR.UN.TO,20240904,12.66,12.96,12.66,12.85,194063
SGY.TO,20240904,6.23,6.27,6.08,6.08,385918
SHLE.TO,20240904,12.4,12.76,12.4,12.5,18505
SHOP.TO,20240904,96.06,96.96,94.1,94.9,1417324
SIA.TO,20240904,15.61,16.11,15.61,16,323960
SII.TO,20240904,53.42,53.79,53.18,53.35,11031
SIL.TO,20240904,10.59,10.7,10.38,10.41,240319
SIS.TO,20240904,19.93,20.28,19.9,20.05,107969
SJ.TO,20240904,92.22,92.85,91.16,92.5,150825
SKE.TO,20240904,9.9,10.05,9.8,9.97,163411
SKYY.TO,20240904,22.69,22.69,22.69,22.69,100
SLF.TO,20240904,73.96,75,73.96,74.89,2722182
SLF.PR.C.TO,20240904,20.68,21.05,20.49,20.94,6947
SLF.PR.D.TO,20240904,20.42,22.35,20.42,20.94,31661
SLF.PR.E.TO,20240904,20.68,21.24,20.63,21.24,6223
SLF.PR.G.TO,20240904,16.73,16.73,16.65,16.65,200
SLF.PR.J.TO,20240904,16.82,16.82,16.72,16.72,1100
SLF.PR.K.TO,20240904,19.91,19.91,19.7,19.7,520
SLR.TO,20240904,1.03,1.04,1.03,1.04,800
SLS.TO,20240904,2.9,2.98,2.87,2.89,170708
SMAX.TO,20240904,18.42,18.62,18.42,18.53,19419
SMC.TO,20240904,0.015,0.015,0.015,0.015,1000
SMT.TO,20240904,0.68,0.7,0.67,0.7,51005
SOIL.TO,20240904,2.64,2.65,2.54,2.54,106090
SOLG.TO,20240904,0.17,0.175,0.165,0.175,254177
SOT.DB.A.TO,20240904,36,36,36,36,23000
SOT.DB.B.TO,20240904,35,35,35,35,14000
SOT.UN.TO,20240904,0.36,0.375,0.35,0.365,56226
SOY.TO,20240904,7.35,7.61,7.32,7.61,29563
SPAY.TO,20240904,26.68,26.69,26.68,26.69,225
SPAY.U.TO,20240904,19.76,19.76,19.73,19.74,16800
SPB.TO,20240904,7.66,7.81,7.62,7.77,991369
SPLT.TO,20240904,10.65,10.65,10.63,10.64,13024
SPPP.TO,20240904,12.4,12.4,12.3,12.36,4313
SPPP.U.TO,20240904,9.13,9.13,9.08,9.08,200
SRU.UN.TO,20240904,25.62,26.23,25.62,26.11,492176
SRV.UN.TO,20240904,12.57,12.6,12.54,12.55,10621
SSF.UN.TO,20240904,7,7.01,7,7.01,1100
SSL.TO,20240904,7.57,7.64,7.47,7.47,143496
SSRM.TO,20240904,6.6,6.74,6.53,6.55,249188
STC.TO,20240904,6.88,7.4,6.88,7.31,5324
STCK.TO,20240904,9.95,9.95,9.95,9.95,2355
STEP.TO,20240904,4.01,4.09,4,4,67520
STGO.TO,20240904,0.61,0.62,0.61,0.62,112500
STLC.TO,20240904,64.81,65.21,64.34,64.36,434458
STLR.TO,20240904,1.06,1.1,1.06,1.1,23100
STN.TO,20240904,109.07,109.56,107.37,107.99,395083
STPL.TO,20240904,25.08,25.08,24.89,25,2600
SU.TO,20240904,53.32,53.6,52.47,52.48,16115530
SVA.TO,20240904,0.28,0.285,0.265,0.285,148370
SVI.TO,20240904,4.84,5.01,4.84,4.99,226411
SVI.DB.B.TO,20240904,98.5,98.5,98.03,98.03,103000
SVI.DB.C.TO,20240904,95.5,95.75,95.5,95.75,39000
SVM.TO,20240904,4.7,4.82,4.68,4.7,264733
SVR.TO,20240904,13.61,13.61,13.56,13.56,1605
SVR.C.TO,20240904,14.54,14.63,14.54,14.54,99600
SWP.TO,20240904,3.51,3.53,3.51,3.53,3700
SXP.TO,20240904,4.2,4.35,4.18,4.27,14861
SYLD.TO,20240904,18.67,18.67,18.67,18.67,100
SYZ.TO,20240904,10.98,11.02,10.9,11.02,7483
T.TO,20240904,22.16,22.58,22.16,22.46,3653189
TA.TO,20240904,11.74,11.97,11.74,11.96,1176887
TA.PR.D.TO,20240904,14.65,14.85,14.65,14.85,2076
TA.PR.E.TO,20240904,16.39,16.39,16.15,16.15,300
TA.PR.F.TO,20240904,19.64,19.81,19.62,19.69,4554
TA.PR.H.TO,20240904,23.01,23.23,23,23.23,1364
TA.PR.J.TO,20240904,23.24,23.46,23.23,23.46,6059
TAL.TO,20240904,0.68,0.69,0.67,0.67,487883
TBAL.TO,20240904,18.13,18.15,18.11,18.11,3524
TBCE.TO,20240904,25.35,25.35,25.34,25.35,17700
TBCF.TO,20240904,25.52,25.54,25.52,25.54,11900
TBCG.TO,20240904,25.68,25.7,25.67,25.7,12700
TBIL.TO,20240904,50.02,50.02,50.02,50.02,188
TBL.TO,20240904,3.73,3.79,3.73,3.79,1700
TBNK.TO,20240904,27.75,27.87,27.7,27.87,10401
TBUE.U.TO,20240904,25.17,25.21,25.17,25.21,400
TBUF.U.TO,20240904,25.32,25.32,25.32,25.32,1100
TC.TO,20240904,27,29.19,27,28.35,3379
TCL.A.TO,20240904,16.53,16.8,16.53,16.67,190252
TCLB.TO,20240904,123.36,124,123.36,124,2902
TCLV.TO,20240904,21.52,21.58,21.52,21.58,1300
TCON.TO,20240904,15.2,15.24,15.2,15.24,200
TCS.TO,20240904,41.04,41.99,40.47,41.54,5161
TCSB.TO,20240904,14.66,14.68,14.66,14.68,6000
TCSH.TO,20240904,50.06,50.06,50.05,50.05,6898
TCW.TO,20240904,4.89,5.02,4.84,4.85,500120
TD.TO,20240904,79.89,80.47,79.68,79.94,2970020
TD.PF.A.TO,20240904,24.58,24.6,24.55,24.6,28645
TD.PF.C.TO,20240904,24.04,24.05,24.01,24.02,2877
TD.PF.D.TO,20240904,23.9,24.08,23.86,23.87,5100
TD.PF.E.TO,20240904,23.67,23.79,23.67,23.79,2400
TD.PF.J.TO,20240904,25.3,25.3,25.3,25.3,2400
TDB.TO,20240904,13.16,13.2,13.15,13.2,45120
TDOC.TO,20240904,19.51,19.61,19.49,19.51,9300
TDOC.U.TO,20240904,14.77,14.77,14.71,14.71,2401
TEC.TO,20240904,37.52,37.8,37.33,37.58,64151
TEC.U.TO,20240904,27.79,27.79,27.79,27.79,100
TECH.TO,20240904,14.84,14.92,14.84,14.9,3386
TECH.B.TO,20240904,16.92,16.99,16.92,16.97,417
TECH.U.TO,20240904,15.44,15.49,15.44,15.49,200
TECI.TO,20240904,7.79,7.79,7.71,7.74,1602
TECK.A.TO,20240904,60,62,60,60.7,2105
TECK.B.TO,20240904,60.44,61.93,60.4,60.91,1681691
TECX.TO,20240904,25.93,25.93,25.79,25.79,200
TERM.TO,20240904,9.58,9.6,9.58,9.6,1950
TF.TO,20240904,7.7,7.8,7.66,7.77,113100
TF.DB.D.TO,20240904,95.58,95.58,95.5,95.5,33000
TF.DB.F.TO,20240904,102,102,101.7,101.7,97000
TFII.TO,20240904,196.03,198.4,195.01,197.81,113422
TFPM.TO,20240904,21.47,21.7,21.29,21.4,65570
TGAF.TO,20240904,21.45,21.47,21.41,21.41,1100
TGED.TO,20240904,24.5,24.59,24.42,24.5,53319
TGED.U.TO,20240904,18.02,18.09,18.02,18.07,5000
TGFI.TO,20240904,20.64,20.65,20.56,20.65,9400
TGGR.TO,20240904,26.23,26.24,26.22,26.22,1809
TGO.TO,20240904,2.24,2.33,2.2,2.2,11870
TGRE.TO,20240904,15.37,15.37,15.25,15.33,9015
TGRO.TO,20240904,21.24,21.44,21.24,21.39,13099
TH.TO,20240904,1.7,1.7,1.61,1.65,43125
The.TO,20240904,25.27,25.27,25.24,25.24,200
THNC.TO,20240904,3.06,3.13,3.02,3.05,29272
THU.TO,20240904,36.73,36.83,36.7,36.71,815
TI.TO,20240904,0.22,0.235,0.22,0.235,1000
TIH.TO,20240904,120.79,121.3,119.99,120.85,123226
TILV.TO,20240904,16.93,16.93,16.93,16.93,200
TINF.TO,20240904,20.2,20.21,20.15,20.17,3000
TIXT.TO,20240904,4.76,4.97,4.7,4.85,277507
TKO.TO,20240904,2.69,2.8,2.68,2.68,315231
TLF.TO,20240904,22.96,23.09,22.96,23.09,813
TLG.TO,20240904,0.355,0.37,0.355,0.36,70763
TLO.TO,20240904,0.09,0.095,0.09,0.09,917749
TLRY.TO,20240904,2.26,2.32,2.24,2.26,622891
TMD.TO,20240904,0.05,0.06,0.05,0.055,32500
TMQ.TO,20240904,0.7,0.7,0.7,0.7,1463
TNT.UN.TO,20240904,10.35,12.09,10.35,11.98,99301
TNZ.TO,20240904,8.13,8.13,7.98,8.04,20192
TOT.TO,20240904,9.63,9.63,9.25,9.28,129777
TOU.TO,20240904,59.27,59.68,58.95,59.45,916625
TOWR.TO,20240904,29.6,29.6,29.6,29.6,270
TOY.TO,20240904,31.54,31.97,31.4,31.49,55173
TPE.TO,20240904,22.53,22.53,22.44,22.44,5860
TPRF.TO,20240904,10.77,10.78,10.75,10.78,5000
TPU.TO,20240904,42.2,42.32,42.02,42.13,33254
TPU.U.TO,20240904,31.55,31.71,31.5,31.55,2600
TPX.B.TO,20240904,77.44,77.45,76.08,76.08,532
TPZ.TO,20240904,25.76,26.27,25.53,25.55,277942
TQCD.TO,20240904,17.92,18.06,17.92,18.03,46100
TQGD.TO,20240904,19.29,19.29,19.15,19.18,11555
TQGM.TO,20240904,17.7,17.7,17.66,17.66,5100
TQSM.TO,20240904,23.13,23.13,22.92,22.97,19675
TRI.TO,20240904,226.34,229.26,226.34,228.99,270858
TRP.TO,20240904,62.59,63.1,62.57,62.9,4574783
TRP.PR.A.TO,20240904,16.63,16.79,16.63,16.7,52048
TRP.PR.B.TO,20240904,13.45,13.52,13.4,13.42,14900
TRP.PR.C.TO,20240904,14,14,13.93,13.93,3246
TRP.PR.D.TO,20240904,20.92,21.18,20.92,21.18,23066
TRP.PR.E.TO,20240904,18.45,18.7,18.45,18.65,34373
TRP.PR.F.TO,20240904,17.2,17.21,16.81,16.85,12200
TRP.PR.H.TO,20240904,14.65,14.65,14.31,14.33,13863
TRP.PR.I.TO,20240904,15.45,15.45,15.39,15.44,2000
TRVI.TO,20240904,18.73,18.73,18.68,18.68,411
TRVL.TO,20240904,23.64,23.65,23.57,23.57,400
TRX.TO,20240904,0.5,0.52,0.5,0.51,4420
TRZ.TO,20240904,1.89,1.91,1.85,1.91,44242
TSAT.TO,20240904,13.83,14.12,13.83,14.01,776
TSK.TO,20240904,0.365,0.39,0.365,0.365,41000
TSL.TO,20240904,2.6,2.63,2.59,2.63,7397
TSND.TO,20240904,1.59,1.65,1.52,1.57,110446
TSU.TO,20240904,40.71,41.08,40.47,40.59,26789
TTNM.TO,20240904,2.18,2.23,2.18,2.23,17988
TTP.TO,20240904,26.32,26.49,26.32,26.39,17100
TUED.TO,20240904,27.03,27.06,26.85,26.93,28354
TUEX.TO,20240904,25.04,25.04,24.95,24.95,2152
TUHY.TO,20240904,21.13,21.13,21.13,21.13,100
TULB.TO,20240904,119.54,120.35,119.3,120.33,900
TULV.TO,20240904,21.44,21.46,21.44,21.45,1900
TUSB.TO,20240904,13.97,13.98,13.97,13.98,1100
TVE.TO,20240904,3.82,3.85,3.74,3.75,2558119
TVK.TO,20240904,93.49,97.03,93.43,95.8,18841
TWC.TO,20240904,17.85,18,17.85,17.99,1124
TWM.TO,20240904,0.32,0.32,0.31,0.315,59390
TWM.DB.A.TO,20240904,92.05,92.05,92.05,92.05,1000
TXF.TO,20240904,20.33,20.71,20.33,20.61,19985
TXF.B.TO,20240904,25.09,25.36,25.09,25.36,897
TXF.U.TO,20240904,10.85,10.85,10.85,10.85,1000
TXG.TO,20240904,24.71,25.02,23.91,24,283288
TXP.TO,20240904,0.59,0.6,0.59,0.6,63047
U.U.TO,20240904,17.4,18.2,17.3,18.15,39210
U.UN.TO,20240904,23.64,24.61,23.33,24.6,469727
UBIL.U.TO,20240904,49.98,49.99,49.98,49.98,6927
UCSH.U.TO,20240904,50.04,50.04,50.04,50.04,233
UDIV.TO,20240904,13.59,13.6,13.51,13.54,2879
UDIV.B.TO,20240904,14.27,14.27,14.25,14.25,1600
ULV.F.TO,20240904,51.25,51.43,51.25,51.41,1563
UMAX.TO,20240904,14.78,14.85,14.78,14.83,78607
UMI.B.TO,20240904,39.49,39.49,39.49,39.49,100
UMNY.U.TO,20240904,50.05,50.05,50.05,50.05,100
UNC.TO,20240904,125,125,125,125,1000
UNI.TO,20240904,1.63,1.64,1.63,1.64,500
URB.TO,20240904,5.19,5.19,5.19,5.19,140
URB.A.TO,20240904,5,5.08,4.88,4.9,21347
URC.TO,20240904,2.7,2.78,2.7,2.74,148333
URC.WT.TO,20240904,0.77,0.78,0.76,0.76,5200
URE.TO,20240904,1.43,1.54,1.43,1.48,69085
USA.TO,20240904,0.32,0.33,0.31,0.325,109640
USCC.TO,20240904,18.32,18.32,18.23,18.26,5693
USCC.U.TO,20240904,13.54,13.54,13.48,13.48,409
USCL.TO,20240904,21.27,21.33,21.2,21.27,7683
USSX.TO,20240904,28.5,28.5,28.38,28.38,5600
USSX.U.TO,20240904,21.08,21.11,21,21.06,7700
UTES.TO,20240904,10.07,10.08,10.07,10.08,400
UTIL.TO,20240904,21.83,21.87,21.83,21.85,384
VA.TO,20240904,38.86,38.86,38.81,38.81,1138
VAB.TO,20240904,23.22,23.27,23.2,23.27,122015
VALT.TO,20240904,30.98,30.99,30.98,30.99,1271
VALT.B.TO,20240904,33.53,33.53,33.53,33.53,100
VALT.U.TO,20240904,24.84,24.84,24.84,24.84,100
VBAL.TO,20240904,31.77,31.88,31.77,31.81,50840
VBNK.TO,20240904,18.55,18.55,17.95,18.04,32604
VBNK.PR.A.TO,20240904,10.06,10.06,10.06,10.06,1800
VCB.TO,20240904,23.94,23.98,23.94,23.98,10618
VCE.TO,20240904,50.71,51.08,50.71,50.88,11267
VCIP.TO,20240904,26,26.11,26,26.11,10711
VCM.TO,20240904,20.79,20.79,20.5,20.5,300
VCN.TO,20240904,46.99,47.33,46.99,47.11,74997
VCNS.TO,20240904,28.71,28.74,28.69,28.7,9336
VDU.TO,20240904,43.57,43.74,43.53,43.58,19119
VDY.TO,20240904,46.57,46.88,46.57,46.81,152031
VE.TO,20240904,36.36,36.51,36.36,36.41,3611
VEE.TO,20240904,35.9,35.92,35.74,35.77,25294
VEF.TO,20240904,55.79,55.91,55.63,55.66,4963
VEQT.TO,20240904,41.98,42.15,41.87,41.97,220582
VET.TO,20240904,13,13.18,12.84,12.91,1420482
VFV.TO,20240904,132.69,133.32,132.19,132.53,272656
VGG.TO,20240904,89.37,89.51,88.96,89.17,13225
VGH.TO,20240904,62.94,63.33,62.94,63.2,3420
VGRO.TO,20240904,35.01,35.21,35,35.09,134757
VGV.TO,20240904,22.74,22.74,22.73,22.73,1620
VGZ.TO,20240904,0.77,0.77,0.77,0.77,1000
VHI.TO,20240904,7.96,8,7.91,7.98,19479
VI.TO,20240904,39.12,39.21,39.01,39.09,18933
VIDY.TO,20240904,31.43,31.47,31.26,31.45,8377
VIU.TO,20240904,34.71,34.84,34.65,34.71,75290
VLB.TO,20240904,21.58,21.69,21.58,21.69,34583
VLE.TO,20240904,4.77,4.88,4.68,4.68,235282
VLN.TO,20240904,6.2,6.25,6.15,6.15,16105
VMO.TO,20240904,57.9,57.9,57.66,57.82,1051
VNP.TO,20240904,6.67,6.81,6.67,6.7,56179
VOXR.TO,20240904,3.71,3.71,3.45,3.52,10212
VQS.TO,20240904,0.225,0.23,0.215,0.23,10000
VRE.TO,20240904,33.12,33.75,33.11,33.68,4277
VRIF.TO,20240904,24.68,24.72,24.66,24.69,5863
VRN.TO,20240904,9.14,9.26,9.01,9.04,2498841
VRTS.TO,20240904,0.015,0.015,0.015,0.015,64308
VSB.TO,20240904,23.17,23.21,23.17,23.21,25926
VSC.TO,20240904,23.85,23.88,23.85,23.86,17819
VSP.TO,20240904,89.54,90.09,89.39,89.73,45119
VUN.TO,20240904,99.86,100.4,99.56,99.85,49713
VUS.TO,20240904,96.56,96.89,96.3,96.5,3106
VVL.TO,20240904,49.78,49.82,49.37,49.51,3639
VVO.TO,20240904,37.98,37.98,37.95,37.95,621
VXC.TO,20240904,59.11,59.34,59,59.11,13783
WCN.TO,20240904,251.06,251.85,248.89,249.62,117889
WCP.TO,20240904,9.95,10.11,9.87,9.91,2455800
WDO.TO,20240904,12.35,12.53,12.34,12.42,368926
WEED.TO,20240904,6.7,6.93,6.57,6.61,576930
WEF.TO,20240904,0.455,0.455,0.445,0.45,98926
WELL.TO,20240904,4.35,4.42,4.33,4.35,297789
WFC.TO,20240904,20.76,20.78,19.74,19.74,1700
WFG.TO,20240904,116.6,117.87,116.22,117.04,101582
WGX.TO,20240904,2.5,2.52,2.45,2.49,359314
WILD.TO,20240904,1.28,1.3,1.22,1.22,58902
WJX.TO,20240904,24.8,24.92,24.58,24.67,21243
WJX.DB.TO,20240904,100.2,100.2,100.05,100.05,36000
WLLW.TO,20240904,0.095,0.095,0.095,0.095,47452
WM.TO,20240904,0.07,0.075,0.07,0.07,313008
WN.TO,20240904,220.52,223.26,218.31,222.87,103985
WN.PR.A.TO,20240904,24.31,24.55,24.3,24.4,3700
WN.PR.C.TO,20240904,22.15,22.25,22.15,22.19,22000
WN.PR.D.TO,20240904,22.2,22.2,22.15,22.2,5000
WN.PR.E.TO,20240904,20.36,20.5,20.36,20.5,1325
WNDR.TO,20240904,0.13,0.14,0.13,0.14,531683
WOMN.TO,20240904,34.87,34.87,34.87,34.87,100
WPK.TO,20240904,45.06,45.2,44.53,45,13818
WPM.TO,20240904,80.47,81.47,79.88,80.63,469807
WPRT.TO,20240904,7.65,7.65,7.25,7.25,17101
WRN.TO,20240904,1.54,1.58,1.52,1.56,61114
WRX.TO,20240904,0.04,0.04,0.04,0.04,1000
WSP.TO,20240904,224.55,229.54,223.91,228.63,206171
WSRD.TO,20240904,29.61,29.7,29.53,29.62,9240
WSRI.TO,20240904,42.3,42.33,42.3,42.33,705
WTE.TO,20240904,23.93,24.22,23.73,24.03,60359
X.TO,20240904,42.45,43.19,42.3,42.85,373078
XAD.TO,20240904,62.74,62.74,62.74,62.74,112
XAGG.TO,20240904,37.61,37.61,37.61,37.61,100
XAGH.TO,20240904,34.3,34.34,34.3,34.33,500
XAM.TO,20240904,0.05,0.05,0.05,0.05,1000
XAU.TO,20240904,9,9.26,9,9.17,2146
XAW.TO,20240904,41.3,41.45,41.16,41.24,21447
XAW.U.TO,20240904,30.98,30.98,30.98,30.98,1062
XBAL.TO,20240904,28.94,29.04,28.94,29.02,37395
XBB.TO,20240904,28.41,28.51,28.4,28.5,174918
XBM.TO,20240904,18.74,18.99,18.71,18.73,15979
XCB.TO,20240904,19.97,20.03,19.97,20.03,51350
XCBG.TO,20240904,37.33,37.34,37.32,37.34,313
XCBU.U.TO,20240904,26.5,26.5,26.48,26.48,4200
XCD.TO,20240904,51.8,51.8,51.8,51.8,388
XCG.TO,20240904,50.98,51.18,50.98,51.18,409
XCH.TO,20240904,16.82,16.82,16.7,16.7,7265
XCHP.TO,20240904,50.05,50.08,49.8,50.08,725
XCNS.TO,20240904,22.92,22.93,22.91,22.92,1171
XCS.TO,20240904,19.53,19.6,19.53,19.56,1900
XCSR.TO,20240904,67.86,67.96,67.7,67.96,2059
XCV.TO,20240904,36.92,37.05,36.92,36.97,1647
XDG.TO,20240904,26.73,26.81,26.61,26.68,3831
XDGH.TO,20240904,27.08,27.08,26.89,26.89,1897
XDIV.TO,20240904,28.75,28.83,28.71,28.83,87278
XDSR.TO,20240904,59.05,59.24,59.05,59.15,718
XDU.TO,20240904,30.39,30.39,30.29,30.33,304
XDUH.TO,20240904,27.7,27.7,27.7,27.7,100
XDV.TO,20240904,29.59,29.93,29.59,29.9,70152
XEC.TO,20240904,27.88,28.04,27.84,28.04,83648
XEF.TO,20240904,38.04,38.14,37.95,38.02,191109
XEG.TO,20240904,17.61,17.73,17.37,17.38,1113500
XEH.TO,20240904,32.7,32.73,32.68,32.71,1400
XEI.TO,20240904,26.24,26.49,26.24,26.43,80070
XEM.TO,20240904,31.71,31.71,31.71,31.71,149
XEMC.TO,20240904,47.76,47.76,47.63,47.65,657
XEN.TO,20240904,34.03,34.23,34.03,34.13,1386
XEQT.TO,20240904,31.28,31.42,31.22,31.28,195676
XESG.TO,20240904,27.68,27.83,27.68,27.77,3546
XEU.TO,20240904,30.57,30.7,30.57,30.7,4251
XFH.TO,20240904,31.7,31.76,31.61,31.66,15663
XFN.TO,20240904,53.25,53.7,53.25,53.68,193601
XFR.TO,20240904,20.06,20.08,20.06,20.07,17063
XGB.TO,20240904,19.58,19.62,19.55,19.62,38394
XGD.TO,20240904,22,22.14,21.88,21.95,282221
XGI.TO,20240904,52.39,52.39,52.39,52.39,250
XGRO.TO,20240904,28.6,28.72,28.59,28.67,55903
XHAK.TO,20240904,47.25,47.25,46.86,46.87,977
XHB.TO,20240904,19.55,19.59,19.55,19.59,761
XHC.TO,20240904,77.11,77.28,76.94,77.18,9087
XHD.TO,20240904,34.64,34.64,34.5,34.5,432
XHU.TO,20240904,32.61,32.64,32.2,32.23,1879
XHY.TO,20240904,16.68,16.71,16.65,16.67,22413
XIC.TO,20240904,36.72,37.01,36.72,36.85,181077
XID.TO,20240904,56.55,56.68,56.55,56.66,1498
XIG.TO,20240904,20.54,20.62,20.54,20.62,11979
XIN.TO,20240904,36.01,36.01,35.86,35.9,13272
XIT.TO,20240904,54.42,54.7,53.95,54.29,5011
XIU.TO,20240904,34.86,35.15,34.85,34.99,1653175
XLB.TO,20240904,19.75,19.82,19.29,19.8,1988782
XLY.TO,20240904,0.04,0.045,0.035,0.04,398386
XMA.TO,20240904,20.54,20.74,20.52,20.53,52473
XMC.TO,20240904,31.28,31.32,31.05,31.11,24633
XMC.U.TO,20240904,23.36,23.36,23.17,23.22,1900
XMD.TO,20240904,34.86,35.09,34.86,34.98,2013
XMH.TO,20240904,26.94,27.08,26.94,26.97,5417
XMI.TO,20240904,39.24,39.37,39.24,39.37,532
XML.TO,20240904,27.79,27.79,27.79,27.79,266
XMM.TO,20240904,28.8,28.8,28.8,28.8,102
XMS.TO,20240904,37.75,37.75,37.66,37.68,401
XMU.TO,20240904,82.28,82.49,82.26,82.26,1645
XMU.U.TO,20240904,61.11,61.11,61.11,61.11,600
XMV.TO,20240904,44.56,44.72,44.54,44.69,3677
XMW.TO,20240904,53.85,53.94,53.85,53.94,240
XMY.TO,20240904,31.56,31.58,31.54,31.58,2000
XPF.TO,20240904,15.32,15.32,15.28,15.28,3704
XQB.TO,20240904,19.08,19.12,19.08,19.12,2811
XQLT.TO,20240904,38.32,38.47,38.32,38.39,838
XQQ.TO,20240904,47.32,48.02,47.32,47.71,238090
XQQU.TO,20240904,60.95,61.17,60.59,60.9,7886
XQQU.U.TO,20240904,45.01,45.28,44.93,45.06,3300
XRB.TO,20240904,22.92,22.97,22.92,22.97,759
XRE.TO,20240904,16.72,17.11,16.72,17.09,792958
XSAB.TO,20240904,18.26,18.28,18.26,18.28,10813
XSB.TO,20240904,26.68,26.71,26.68,26.7,14263
XSC.TO,20240904,17.95,17.97,17.95,17.97,200
XSE.TO,20240904,18.18,18.18,18.18,18.18,119
XSEA.TO,20240904,26.16,26.21,26.12,26.12,2527
XSEM.TO,20240904,20.03,20.08,19.96,19.98,15204
XSH.TO,20240904,18.86,18.87,18.84,18.87,70865
XSHU.TO,20240904,41.85,41.88,41.85,41.85,600
XSI.TO,20240904,17.16,17.16,17.16,17.16,475
XSMC.TO,20240904,30.7,30.84,30.52,30.54,4504
XSMH.TO,20240904,28.12,28.24,27.96,28.01,2000
XSP.TO,20240904,57.52,57.99,57.48,57.66,279277
XSPC.TO,20240904,40.58,40.58,40.4,40.44,500
XST.TO,20240904,51.44,51.98,51.44,51.84,3878
XSTB.TO,20240904,19.62,19.63,19.62,19.63,3781
XSTH.TO,20240904,37.33,37.33,37.33,37.33,215
XSU.TO,20240904,41.26,41.77,41.08,41.36,72438
XSUS.TO,20240904,39.49,39.53,39.47,39.49,3638
XTC.TO,20240904,8.23,8.28,8.19,8.2,8377
XTD.PR.A.TO,20240904,10.05,10.05,10,10,4100
XTG.TO,20240904,1.34,1.34,1.34,1.34,300
XTLH.TO,20240904,36.93,37.27,36.83,37.27,30232
XTLT.TO,20240904,37.92,38.12,37.77,38.1,26108
XTR.TO,20240904,11.07,11.12,11.07,11.1,10276
XTRA.TO,20240904,0.63,0.63,0.59,0.6,108258
XTRA.WT.TO,20240904,0.19,0.19,0.175,0.175,13625
XUH.TO,20240904,45.6,45.73,45.52,45.52,1923
XUS.TO,20240904,46.36,46.57,46.18,46.29,146546
XUS.U.TO,20240904,34.72,34.86,34.66,34.76,7102
XUSC.TO,20240904,40.17,40.26,40.1,40.15,1500
XUSR.TO,20240904,81.15,81.15,81.15,81.15,210
XUT.TO,20240904,27,27.3,27,27.23,223581
XUU.TO,20240904,55.07,55.26,54.89,55,23244
XUU.U.TO,20240904,41.03,41.03,41.03,41.03,2400
XVLU.TO,20240904,27.04,27.04,27.04,27.04,118
XWD.TO,20240904,88.09,88.23,87.76,87.92,5633
Y.TO,20240904,9.66,9.66,9.66,9.66,109
YCM.TO,20240904,3.45,3.45,3.45,3.45,1900
YGR.TO,20240904,1.06,1.07,1.03,1.05,34191
YRB.TO,20240904,0.04,0.04,0.04,0.04,11000
ZACE.TO,20240904,42.59,42.59,42.59,42.59,300
ZAG.TO,20240904,13.94,13.98,13.93,13.98,155357
ZBAL.TO,20240904,38.82,38.82,38.67,38.67,2737
ZBAL.T.TO,20240904,29.51,29.59,29.51,29.54,322
ZBBB.TO,20240904,28.61,28.61,28.61,28.61,100
ZBI.TO,20240904,29.95,29.95,29.95,29.95,700
ZBK.TO,20240904,32.33,32.38,32.04,32.2,34300
ZCB.TO,20240904,47.19,47.19,47.19,47.19,100
ZCDB.TO,20240904,30.22,30.22,30.22,30.22,100
ZCH.TO,20240904,13.28,13.28,13.2,13.21,3576
ZCLN.TO,20240904,14.78,14.9,14.78,14.83,3906
ZCM.TO,20240904,15.41,15.44,15.41,15.42,2295
ZCN.TO,20240904,30.83,31.04,30.83,30.93,75679
ZCON.TO,20240904,34.66,34.66,34.54,34.54,3604
ZCPB.TO,20240904,28.27,28.27,28.27,28.27,200
ZCS.TO,20240904,13.75,13.78,13.75,13.78,5818
ZCS.L.TO,20240904,24.03,24.03,24.03,24.03,300
ZDB.TO,20240904,15.09,15.14,15.09,15.14,23508
ZDH.TO,20240904,27.14,27.2,27.11,27.2,419
ZDI.TO,20240904,24.2,24.26,24.2,24.26,3063
ZDJ.TO,20240904,63.51,63.68,63.5,63.6,1231
ZDM.TO,20240904,29.51,29.59,29.47,29.52,7773
ZDV.TO,20240904,21.24,21.41,21.24,21.39,40632
ZDY.TO,20240904,43.33,43.33,43.14,43.23,1685
ZDY.U.TO,20240904,32.83,32.83,32.78,32.78,377
ZEA.TO,20240904,23.35,23.35,23.21,23.26,14841
ZEB.TO,20240904,38.16,38.64,38.16,38.58,1493773
ZEF.TO,20240904,12.57,12.6,12.57,12.6,1606
ZEM.TO,20240904,20.85,20.95,20.85,20.89,6819
ZEO.TO,20240904,71.93,72.01,71.25,71.25,5428
ZEQ.TO,20240904,31.55,31.55,31.44,31.44,3039
ZEQT.TO,20240904,48.13,48.22,47.93,48.02,17586
ZFH.TO,20240904,14.65,14.7,14.65,14.69,12980
ZFL.TO,20240904,13.46,13.54,13.46,13.53,109891
ZFM.TO,20240904,14.84,14.87,14.84,14.87,19422
ZFN.TO,20240904,49.92,49.92,49.92,49.92,500
ZFS.TO,20240904,13.78,13.78,13.77,13.77,3000
ZGB.TO,20240904,46.43,46.5,46.42,46.5,5019
ZGI.TO,20240904,48.57,48.57,48.36,48.47,3160
ZGLD.TO,20240904,36.23,36.23,36.23,36.23,100
ZGQ.TO,20240904,65.8,66.12,65.75,65.83,13766
ZGRO.TO,20240904,43.01,43.25,43.01,43.16,3997
ZGRO.T.TO,20240904,33.5,33.73,33.5,33.57,1785
ZGSB.TO,20240904,27.78,27.78,27.77,27.78,400
ZHU.TO,20240904,44.66,44.66,44.66,44.66,100
ZHY.TO,20240904,11.28,11.31,11.25,11.31,23217
ZIC.TO,20240904,17.9,17.92,17.87,17.92,2900
ZID.TO,20240904,52.33,52.38,52.3,52.3,1256
ZIU.TO,20240904,53.62,53.62,53.48,53.48,757
ZJK.TO,20240904,18.31,18.31,18.25,18.27,4318
ZJPN.TO,20240904,35.04,35.12,34.89,34.97,6065
ZJPN.F.TO,20240904,45.52,45.53,45.32,45.53,4429
ZLB.TO,20240904,46.93,47.39,46.93,47.33,29927
ZLC.TO,20240904,15.33,15.39,15.29,15.39,24783
ZLE.TO,20240904,18.78,18.78,18.77,18.77,900
ZLH.TO,20240904,35.63,35.63,35.54,35.61,400
ZLI.TO,20240904,26.32,26.32,26.31,26.32,400
ZLU.TO,20240904,54.09,54.3,53.84,54.07,11558
ZLU.U.TO,20240904,40.63,41,40.63,41,300
ZMI.TO,20240904,17.05,17.12,17.05,17.09,3652
ZMID.TO,20240904,43.99,43.99,43.4,43.54,3384
ZMMK.TO,20240904,49.93,49.93,49.92,49.93,214041
ZMP.TO,20240904,14.02,14.04,14.02,14.04,15213
ZMT.TO,20240904,61.85,61.85,61.84,61.84,210
ZMU.TO,20240904,12.96,12.98,12.95,12.98,4603
ZNQ.TO,20240904,82.49,83.13,82.31,82.73,6088
ZNQ.U.TO,20240904,41.23,41.33,41.23,41.27,3600
ZPAY.TO,20240904,31.29,31.3,31.2,31.23,5605
ZPAY.F.TO,20240904,29.11,29.11,29.05,29.05,1200
ZPH.TO,20240904,14.7,14.7,14.67,14.68,20380
ZPL.TO,20240904,12.75,12.8,12.73,12.8,35039
ZPR.TO,20240904,10.5,10.56,10.5,10.53,158013
ZPS.TO,20240904,12.32,12.32,12.32,12.32,4000
ZPW.TO,20240904,15.47,15.47,15.47,15.47,259
ZQB.TO,20240904,28.91,28.91,28.9,28.91,300
ZQQ.TO,20240904,131.89,133.5,131.85,132.67,47967
ZRE.TO,20240904,22.32,22.77,22.31,22.73,33324
ZRR.TO,20240904,14.62,14.68,14.62,14.68,4004
ZSDB.TO,20240904,30.44,30.45,30.44,30.45,200
ZSML.TO,20240904,40.48,40.51,40.48,40.51,353
ZSP.TO,20240904,81.68,82.02,81.4,81.59,235417
ZSP.U.TO,20240904,60.32,60.61,60.27,60.39,14950
ZST.TO,20240904,48.88,48.88,48.86,48.88,40972
ZST.L.TO,20240904,59.59,59.6,59.59,59.6,5845
ZUAG.F.TO,20240904,30.33,30.44,30.31,30.44,1507
ZUAG.U.TO,20240904,30.79,30.79,30.79,30.79,1000
ZUB.TO,20240904,29.92,30.19,29.65,29.8,69741
ZUCM.TO,20240904,30.01,30.01,30.01,30.01,1300
ZUD.TO,20240904,30.2,30.23,30.2,30.23,300
ZUE.TO,20240904,75.89,76.74,75.87,76.44,15847
ZUGE.TO,20240904,17.93,17.93,17.93,17.93,100
ZUH.TO,20240904,72.7,72.79,72.7,72.79,2039
ZUP.TO,20240904,20.95,21.01,20.95,21.01,900
ZUQ.TO,20240904,81.3,81.73,81.27,81.47,6597
ZUQ.F.TO,20240904,51.38,51.38,51.12,51.17,740
ZUQ.U.TO,20240904,53.36,53.46,53.29,53.36,406
ZUS.U.TO,20240904,46.84,46.84,46.84,46.84,1010
ZUT.TO,20240904,20.98,21.15,20.95,21.09,29244
ZVC.TO,20240904,28.39,28.39,28.39,28.39,100
ZVU.TO,20240904,28.7,28.7,28.6,28.6,43000
ZWA.TO,20240904,25.92,26.1,25.92,26.01,2842
ZWB.TO,20240904,18.63,18.72,18.6,18.72,200745
ZWB.U.TO,20240904,23.69,23.73,23.68,23.73,7000
ZWC.TO,20240904,17.69,17.82,17.69,17.78,75440
ZWE.TO,20240904,20.51,20.68,20.51,20.68,10280
ZWEN.TO,20240904,28.67,28.71,28.3,28.3,26598
ZWG.TO,20240904,31.08,31.08,30.85,30.85,4875
ZWH.TO,20240904,23.81,23.81,23.66,23.71,19658
ZWH.U.TO,20240904,24.05,24.06,24.05,24.06,226
ZWK.TO,20240904,22.2,22.35,22.06,22.15,21661
ZWP.TO,20240904,18.37,18.51,18.35,18.48,12510
ZWS.TO,20240904,20.79,20.79,20.76,20.76,3309
ZWT.TO,20240904,43.28,43.75,43.28,43.52,14277
ZWU.TO,20240904,10.9,10.96,10.89,10.93,172428
ZXM.TO,20240904,40.9,40.9,40.9,40.9,400
ZXM.B.TO,20240904,37.98,37.98,37.84,37.84,300
ZZZD.TO,20240904,29.13,29.13,29.13,29.13,100
