<ticker>,<date>,<open>,<high>,<low>,<close>,<vol>
AAB.TO,20240917,0.04,0.04,0.04,0.04,15000
AAUC.TO,20240917,3.33,3.4,3.27,3.4,714868
AAV.TO,20240917,8.97,9.17,8.95,9.17,373022
ABX.TO,20240917,27.66,27.99,27.52,27.85,3303491
AC.TO,20240917,16.46,16.75,16.33,16.49,1935639
ACB.TO,20240917,8.15,8.33,8.05,8.11,690421
ACD.TO,20240917,4.31,4.31,4.31,4.31,200
ACO.X.TO,20240917,46.37,46.59,46.09,46.31,189668
ACQ.TO,20240917,14.64,14.79,14.47,14.71,52675
ACX.TO,20240917,5.79,6.08,5.77,5.77,22955
AD.DB.A.TO,20240917,100.25,100.25,100,100,20999
AD.UN.TO,20240917,16.9,17.2,16.9,17.04,97847
ADCO.TO,20240917,0.175,0.175,0.16,0.16,12632
ADEN.TO,20240917,40.02,40.04,39.44,40,46023
ADN.TO,20240917,17.51,17.67,17.51,17.59,3671
ADW.A.TO,20240917,3.96,4.09,3.91,4.03,37641
ADW.B.TO,20240917,4.83,4.83,4.83,4.83,1100
AEG.TO,20240917,0.4,0.42,0.38,0.41,413600
AEM.TO,20240917,111.82,113.03,110.27,111.91,1495775
AFN.TO,20240917,54.79,55.1,54.5,54.79,17541
AFN.DB.G.TO,20240917,100,100.68,100,100.01,120000
AFN.DB.H.TO,20240917,100,100,100,100,30000
AG.TO,20240917,8.32,8.56,8.27,8.3,637589
AGF.B.TO,20240917,8.14,8.33,8.09,8.22,70472
AGI.TO,20240917,27.94,28.21,27.46,27.8,722777
AI.TO,20240917,11.84,12,11.84,11.93,29447
AI.DB.D.TO,20240917,99,99,99,99,38000
AI.DB.E.TO,20240917,99.97,100,99.59,99.59,32000
AIDX.TO,20240917,1.45,1.5,1.42,1.45,316296
AIF.TO,20240917,53.75,53.96,52.61,53.42,35129
AII.TO,20240917,0.79,0.82,0.79,0.82,70071
AIM.TO,20240917,2.62,2.62,2.6,2.62,6561
AIM.PR.A.TO,20240917,17.01,17.25,17.01,17.25,3800
AIM.PR.C.TO,20240917,17.51,17.9,17.51,17.9,7500
AKT.A.TO,20240917,1.3,1.35,1.3,1.35,15599
ALA.TO,20240917,35.35,35.44,35.04,35.31,561837
ALA.PR.A.TO,20240917,19.07,19.08,18.93,19.07,6400
ALA.PR.B.TO,20240917,22.29,22.31,22.29,22.3,7300
ALA.PR.G.TO,20240917,22.5,22.57,22.47,22.57,2278
ALC.TO,20240917,14.34,14.36,14.25,14.31,4568
ALS.TO,20240917,25.9,26.3,25.81,26.17,125707
ALYA.TO,20240917,1.8,1.8,1.74,1.75,12545
AMAX.TO,20240917,20.84,20.84,20.51,20.63,13116
AMC.TO,20240917,1.87,1.87,1.71,1.75,281434
AMHE.TO,20240917,12.71,12.74,12.62,12.62,3565
AMHE.U.TO,20240917,12.75,12.75,12.75,12.75,300
AMM.TO,20240917,0.065,0.08,0.065,0.075,3847101
AMZH.TO,20240917,12.65,12.65,12.49,12.49,2205
AND.TO,20240917,38.19,38.73,37.98,38,29590
ANRG.TO,20240917,0.64,0.64,0.59,0.6,192101
AOI.TO,20240917,1.82,1.86,1.81,1.86,432700
AOT.TO,20240917,0.18,0.2,0.17,0.185,1882180
AP.UN.TO,20240917,19.07,19.39,18.95,19.14,534062
APLI.TO,20240917,0.03,0.03,0.03,0.03,14795
APR.UN.TO,20240917,12.48,12.51,12.03,12.11,42086
APS.TO,20240917,0.53,0.58,0.52,0.53,3000
AQN.TO,20240917,7.5,7.63,7.43,7.5,2881008
AQN.PR.A.TO,20240917,22.7,22.7,22.66,22.66,1068
AQN.PR.D.TO,20240917,23.65,23.75,23.65,23.75,3200
ARA.TO,20240917,0.52,0.52,0.48,0.5,20445
ARE.TO,20240917,19.75,19.95,19.51,19.89,249704
ARG.TO,20240917,1.6,1.62,1.58,1.6,183336
ARIS.TO,20240917,6.57,6.63,6.46,6.5,559712
ARIS.WT.A.TO,20240917,0.7,0.7,0.7,0.7,10000
ARR.TO,20240917,11.77,11.79,11.76,11.79,106279
ARTI.TO,20240917,10.37,10.37,10.31,10.31,2001
ARX.TO,20240917,23.21,23.51,23.16,23.39,3022456
ASCU.TO,20240917,1.56,1.58,1.47,1.48,140963
ASM.TO,20240917,1.39,1.41,1.39,1.41,21182
ASND.TO,20240917,0.035,0.035,0.035,0.035,48369
ASTL.TO,20240917,13.84,13.84,13.56,13.79,46826
ASTL.WT.TO,20240917,2.46,2.46,2.46,2.46,100
ATCU.TO,20240917,0.52,0.52,0.5,0.52,16500
ATD.TO,20240917,76.17,76.25,75.24,75.32,2180612
ATH.TO,20240917,5.26,5.41,5.26,5.41,2979023
ATRL.TO,20240917,50.76,50.8,50.12,50.54,350886
ATS.TO,20240917,35.23,36.99,35.15,36.82,411132
ATZ.TO,20240917,47.27,47.81,47,47.32,237765
AUGB.F.TO,20240917,45.17,45.3,45.17,45.2,5484
AUMN.TO,20240917,0.325,0.325,0.32,0.32,17247
AVCN.TO,20240917,0.345,0.35,0.33,0.335,61508
AVL.TO,20240917,0.06,0.06,0.055,0.055,65945
AVNT.TO,20240917,1.12,1.15,1.08,1.09,9687
AW.UN.TO,20240917,34.32,34.81,34.25,34.74,27076
AX.PR.E.TO,20240917,20.15,20.3,20.15,20.16,1300
AX.PR.I.TO,20240917,20.29,20.29,20.26,20.26,1300
AX.UN.TO,20240917,7.81,7.93,7.74,7.83,265672
AYA.TO,20240917,16.24,16.6,15.65,15.75,493445
BABY.TO,20240917,0.035,0.04,0.03,0.035,505302
BAM.TO,20240917,61.64,62.19,61.44,61.93,737950
BANK.TO,20240917,7.8,7.82,7.78,7.81,136889
BASE.TO,20240917,24.46,24.56,24.36,24.42,3659
BASE.B.TO,20240917,25.27,25.27,25.25,25.25,1300
BB.TO,20240917,3.31,3.32,3.24,3.3,872772
BBD.A.TO,20240917,91.13,95.58,91.13,95.44,22327
BBD.B.TO,20240917,91.41,95.6,91.22,95.54,601600
BBD.PR.B.TO,20240917,17.5,17.6,17.5,17.6,1259
BBD.PR.C.TO,20240917,21.31,21.33,21.25,21.32,4311
BBD.PR.D.TO,20240917,17.5,17.6,17.4,17.57,1309
BBU.UN.TO,20240917,29.09,29.68,29.09,29.68,43505
BBUC.TO,20240917,30.91,31.54,30.85,31.52,15280
BCE.TO,20240917,46.77,47.09,46.56,46.95,5375919
BCE.PR.A.TO,20240917,17.35,17.35,17.2,17.2,4547
BCE.PR.B.TO,20240917,16.89,16.9,16.8,16.8,7700
BCE.PR.C.TO,20240917,17.56,17.6,17.5,17.5,1737
BCE.PR.D.TO,20240917,16.85,16.88,16.73,16.73,5804
BCE.PR.E.TO,20240917,16.76,16.86,16.76,16.76,4200
BCE.PR.F.TO,20240917,16.51,16.6,16.51,16.51,5100
BCE.PR.G.TO,20240917,15.9,15.92,15.77,15.77,1900
BCE.PR.H.TO,20240917,16.82,16.87,16.77,16.87,2230
BCE.PR.J.TO,20240917,16.85,16.85,16.85,16.85,100
BCE.PR.K.TO,20240917,15.02,15.02,14.89,14.92,11601
BCE.PR.M.TO,20240917,15.92,15.92,15.9,15.9,500
BCE.PR.N.TO,20240917,17.04,17.04,17.04,17.04,301
BCE.PR.Q.TO,20240917,22.88,22.92,22.79,22.79,5551
BCE.PR.R.TO,20240917,15.79,15.8,15.7,15.7,5000
BCE.PR.S.TO,20240917,17,17,16.78,16.78,3600
BCE.PR.T.TO,20240917,17.3,17.37,17.22,17.36,28698
BCE.PR.Y.TO,20240917,16.98,16.98,16.78,16.79,2903
BCE.PR.Z.TO,20240917,18.1,18.1,18,18.05,2600
BCT.TO,20240917,0.67,0.68,0.64,0.65,81358
BDGI.TO,20240917,36.27,37.25,36.11,37.21,40380
BDI.TO,20240917,10.05,10.08,9.8,9.8,38944
BDIV.TO,20240917,21.88,21.88,21.7,21.7,931
BDT.TO,20240917,22.42,22.79,22.29,22.64,119188
BEI.UN.TO,20240917,90.57,90.99,89.51,89.94,191756
BEP.PR.G.TO,20240917,24.2,24.2,24.2,24.2,450
BEP.PR.M.TO,20240917,22.12,22.2,22.02,22.02,10700
BEP.PR.R.TO,20240917,21.15,21.21,21.15,21.21,300
BEP.UN.TO,20240917,35.93,36.36,35.48,35.79,262916
BEPC.TO,20240917,41.41,41.78,40.81,41.03,274843
BEPR.TO,20240917,9.28,9.3,9.25,9.25,6154
BESG.TO,20240917,16.4,16.4,16.4,16.4,200
BFIN.TO,20240917,22.28,22.28,22.28,22.28,100
BGC.TO,20240917,34.75,34.75,34.75,34.75,14411
BGI.UN.TO,20240917,4.96,4.99,4.92,4.96,11202
BGU.TO,20240917,46.84,46.84,46.81,46.81,300
BGU.U.TO,20240917,34.48,34.48,34.48,34.48,847
BHC.TO,20240917,9.5,9.78,9.38,9.76,493460
BIK.PR.A.TO,20240917,25.55,25.76,25.55,25.76,500
BIP.PR.A.TO,20240917,21.44,21.6,21.31,21.31,2263
BIP.PR.B.TO,20240917,24.39,24.4,24.31,24.4,2700
BIP.PR.E.TO,20240917,23.6,23.6,23.5,23.5,20200
BIP.PR.F.TO,20240917,22.85,22.95,22.85,22.85,26000
BIP.UN.TO,20240917,45.68,45.79,44.51,44.92,549412
BIPC.TO,20240917,57.44,57.64,56.3,56.53,222416
BIR.TO,20240917,5.55,5.67,5.52,5.65,947782
BITF.TO,20240917,2.73,2.83,2.7,2.77,1665372
BITI.TO,20240917,5.07,5.1,4.88,5.01,325406
BITI.U.TO,20240917,3.66,3.66,3.61,3.65,28700
BK.TO,20240917,11.26,11.37,11.23,11.24,145854
BK.PR.A.TO,20240917,10.39,10.39,10.35,10.37,41230
BKCC.TO,20240917,14.7,14.7,14.55,14.55,7294
BKCL.TO,20240917,19.55,19.55,19.5,19.52,21558
BKI.TO,20240917,0.045,0.045,0.04,0.04,306000
BLB.UN.TO,20240917,8.21,8.21,8.21,8.21,100
BLCO.TO,20240917,23.93,25.3,23.93,25.3,14327
BLDP.TO,20240917,2.28,2.4,2.25,2.32,1063905
BLN.TO,20240917,5.44,5.5,5.39,5.44,141791
BLX.TO,20240917,34.29,35.25,34.26,34.78,160802
BMAX.TO,20240917,13.9,13.94,13.83,13.83,12752
BMO.TO,20240917,118.47,119.74,118.44,119.3,1973144
BMO.PR.E.TO,20240917,25.99,26,25.9,25.9,6302
BMO.PR.W.TO,20240917,24.5,24.65,24.5,24.64,880
BMO.PR.Y.TO,20240917,24.1,24.14,24.07,24.07,17750
BN.TO,20240917,68.76,69.05,68.07,68.42,1073979
BN.PF.A.TO,20240917,24,24.01,23.9,24.01,917
BN.PF.B.TO,20240917,21.77,21.89,21.75,21.78,7756
BN.PF.C.TO,20240917,19.88,20,19.88,20,13502
BN.PF.D.TO,20240917,20.13,20.25,19.96,19.96,4314
BN.PF.F.TO,20240917,20.84,20.96,20.77,20.85,2330
BN.PF.G.TO,20240917,18.95,18.95,18.8,18.81,631
BN.PF.H.TO,20240917,24.1,24.14,24.1,24.1,8776
BN.PF.I.TO,20240917,23.15,23.15,22.99,23,14394
BN.PF.J.TO,20240917,23.65,23.65,23.5,23.5,24200
BN.PF.K.TO,20240917,15.05,15.05,15.05,15.05,400
BN.PR.B.TO,20240917,11.52,11.52,11.45,11.45,6300
BN.PR.C.TO,20240917,11.45,11.5,11.45,11.5,2200
BN.PR.K.TO,20240917,11.43,11.47,11.39,11.47,1600
BN.PR.M.TO,20240917,19.65,19.76,19.63,19.71,8320
BN.PR.N.TO,20240917,19.63,19.75,19.54,19.75,13800
BN.PR.T.TO,20240917,16.71,16.71,16.7,16.7,200
BN.PR.X.TO,20240917,16.91,16.91,16.9,16.9,1100
BN.PR.Z.TO,20240917,22,22,22,22,569
BNC.TO,20240917,27.41,27.41,27.32,27.32,200
BND.TO,20240917,17.99,18,17.97,18,3195
BNE.TO,20240917,3.79,3.86,3.75,3.77,45352
BNG.TO,20240917,0.02,0.02,0.02,0.02,3364
BNK.TO,20240917,11.67,11.67,11.67,11.67,100
BNS.TO,20240917,71.7,72.01,71.41,71.49,10886070
BNT.TO,20240917,68.46,69.01,68.14,68.37,20841
BOND.TO,20240917,21.5,21.5,21.41,21.42,24477
BOND.B.TO,20240917,21.92,21.92,21.85,21.85,10642
BOND.U.TO,20240917,21.81,21.81,21.79,21.79,1600
BOS.TO,20240917,5.48,5.59,5.4,5.4,19338
BPF.UN.TO,20240917,17.66,17.69,17.51,17.6,40019
BPO.PR.A.TO,20240917,13.46,13.67,13.45,13.55,4269
BPO.PR.C.TO,20240917,17.6,17.6,17.45,17.5,6400
BPO.PR.E.TO,20240917,14.4,14.79,14.3,14.3,12800
BPO.PR.G.TO,20240917,15.34,15.35,15.19,15.23,7116
BPO.PR.I.TO,20240917,14.8,14.85,14.73,14.85,1600
BPO.PR.N.TO,20240917,12.21,12.21,12.14,12.16,1625
BPO.PR.P.TO,20240917,12.38,12.41,12.35,12.41,6800
BPO.PR.R.TO,20240917,12.73,13,12.73,12.99,10535
BPO.PR.T.TO,20240917,15.15,15.25,15.15,15.2,13777
BPO.PR.W.TO,20240917,9.4,9.5,9.29,9.5,9300
BPO.PR.X.TO,20240917,9.45,9.45,9.45,9.45,2300
BPO.PR.Y.TO,20240917,9.5,9.51,9.46,9.46,5899
BPRF.TO,20240917,23.17,23.17,23.1,23.15,4884
BPS.PR.B.TO,20240917,24.9,24.9,24.9,24.9,100
BPS.PR.U.TO,20240917,24.8,24.8,24.75,24.75,2300
BPYP.PR.A.TO,20240917,22.5,22.9,22.5,22.9,1270
BRAG.TO,20240917,6.6,7.1,6.52,7.1,21742
BRE.TO,20240917,13.85,13.88,13.71,13.78,16186
BREA.TO,20240917,26.55,26.55,26.51,26.53,900
BRF.PR.A.TO,20240917,18.26,18.26,18.26,18.26,5100
BRF.PR.B.TO,20240917,18.11,18.19,18.01,18.19,5066
BRF.PR.C.TO,20240917,22.72,22.8,22.67,22.8,26200
BRF.PR.E.TO,20240917,19.75,19.75,19.75,19.75,450
BRF.PR.F.TO,20240917,19.89,20.05,19.89,20,3900
BRMI.TO,20240917,0.92,0.93,0.92,0.93,8000
BRY.TO,20240917,0.33,0.33,0.33,0.33,3000
BSKT.TO,20240917,8.84,8.85,8.82,8.83,12500
BSX.TO,20240917,0.035,0.04,0.035,0.035,96672
BTB.DB.H.TO,20240917,100.81,102.35,100.81,102.35,64000
BTB.UN.TO,20240917,3.53,3.59,3.5,3.52,104395
BTCC.TO,20240917,11.06,11.45,11,11.2,570147
BTCC.B.TO,20240917,11.46,11.85,11.4,11.6,721966
BTCC.U.TO,20240917,10.69,11.07,10.64,10.82,37960
BTCQ.TO,20240917,12.86,13.3,12.82,13.03,22936
BTCQ.U.TO,20240917,9.54,9.54,9.54,9.54,300
BTCX.B.TO,20240917,11.87,12.29,11.8,12.02,439894
BTCX.U.TO,20240917,11,11.46,11,11.19,61063
BTCY.TO,20240917,5.77,6.02,5.77,5.9,34130
BTCY.B.TO,20240917,6.82,6.93,6.82,6.9,1614
BTCY.U.TO,20240917,5.84,5.84,5.78,5.78,1375
BTE.TO,20240917,4.19,4.28,4.17,4.26,4219003
BTO.TO,20240917,4.5,4.54,4.45,4.46,3474032
BU.TO,20240917,0.16,0.165,0.16,0.165,15066
BXF.TO,20240917,10.27,10.27,10.22,10.22,1786
BYD.TO,20240917,211.15,212.49,207.6,212.19,90476
BYL.TO,20240917,0.38,0.385,0.375,0.375,24116
CACB.TO,20240917,20.2,20.2,20.2,20.2,500
CAE.TO,20240917,24.06,24.16,23.76,23.98,382328
CAFR.TO,20240917,19.93,19.93,19.93,19.93,1600
CALL.TO,20240917,12.57,12.65,12.57,12.58,6737
CALL.B.TO,20240917,16.14,16.14,16.14,16.14,100
CALL.U.TO,20240917,14.33,14.33,14.33,14.33,2500
CANL.TO,20240917,24,24,23.87,23.87,600
CAR.UN.TO,20240917,56.03,56.25,54.61,54.7,424170
CARS.TO,20240917,19.64,19.64,19.36,19.41,1315
CAS.TO,20240917,9.75,9.93,9.68,9.76,186172
CASH.TO,20240917,50.09,50.1,50.09,50.1,332523
CBAL.TO,20240917,22.79,22.79,22.68,22.68,4300
CBH.TO,20240917,17.89,17.9,17.89,17.9,1500
CBIL.TO,20240917,50.05,50.05,50.04,50.04,37660
CBND.TO,20240917,9.2,9.2,9.2,9.2,600
CBNK.TO,20240917,8.06,8.09,8.06,8.09,5661
CBO.TO,20240917,18.32,18.33,18.31,18.31,44638
CBUG.TO,20240917,25.58,25.58,25.58,25.58,200
CCA.TO,20240917,67.59,68,67.05,67.19,30336
CCBI.TO,20240917,18.46,18.51,18.46,18.51,10800
CCEI.TO,20240917,25.66,25.66,25.59,25.59,3202
CCL.B.TO,20240917,81.77,82.69,80.55,80.86,292255
CCM.TO,20240917,0.32,0.34,0.32,0.32,15894
CCNS.TO,20240917,18.4,18.4,18.4,18.4,2700
CCO.TO,20240917,55.75,56,54.6,54.82,703192
CCOM.TO,20240917,18.85,18.86,18.85,18.85,5600
CCRE.TO,20240917,18.14,18.14,18.04,18.13,13700
CCS.PR.C.TO,20240917,21.51,21.6,21.51,21.6,700
CDIV.TO,20240917,14.79,14.83,14.74,14.76,8611
CDR.TO,20240917,1.68,1.71,1.63,1.69,10400
CDZ.TO,20240917,35.05,35.15,34.91,35,11161
CEE.TO,20240917,2.79,2.79,2.71,2.73,21077
CEF.TO,20240917,32.66,32.8,32.5,32.57,16627
CEMX.TO,20240917,0.32,0.34,0.32,0.32,82744
CEU.TO,20240917,7.33,7.35,7.23,7.33,702789
CEW.TO,20240917,19.24,19.26,19.2,19.24,14655
CF.TO,20240917,8.48,8.57,8.33,8.5,222168
CF.PR.A.TO,20240917,16.12,16.12,16.12,16.12,100
CF.PR.C.TO,20240917,21.15,21.15,21.15,21.15,600
CFF.TO,20240917,0.4,0.4,0.4,0.4,12000
CFLX.TO,20240917,17.25,17.25,17.22,17.22,5200
CFP.TO,20240917,15.85,16.75,15.85,16.69,418912
CFW.TO,20240917,3.92,3.98,3.9,3.9,18325
CFX.TO,20240917,0.89,0.92,0.89,0.92,8973
CG.TO,20240917,9.3,9.42,9.23,9.37,974673
CGBI.TO,20240917,18.1,18.1,18.02,18.02,8800
CGDV.B.TO,20240917,23.4,23.4,23.4,23.4,200
CGG.TO,20240917,5.35,5.54,5.35,5.45,4729
CGI.TO,20240917,38.82,39.12,38.81,39.12,2673
CGL.TO,20240917,20.46,20.46,20.32,20.37,10779
CGL.C.TO,20240917,29.58,29.58,29.41,29.48,4584
CGO.TO,20240917,55.97,56.07,55.63,55.9,6861
CGR.TO,20240917,32.68,32.68,32.3,32.37,2304
CGRE.TO,20240917,23.48,23.48,23.24,23.24,1032
CGX.TO,20240917,10.69,10.78,10.6,10.75,190429
CGXF.TO,20240917,11.44,11.44,11.35,11.39,16469
CGXF.U.TO,20240917,8.74,8.77,8.74,8.77,1307
CGY.TO,20240917,45.4,47.7,45.4,47.43,47751
CHE.DB.E.TO,20240917,101,101,100.55,101,552000
CHE.UN.TO,20240917,10.21,10.35,10.17,10.24,228395
CHNA.B.TO,20240917,19.13,19.13,19.05,19.05,7200
CHP.UN.TO,20240917,15.15,15.27,15.08,15.13,201832
CHPS.TO,20240917,38.02,38.2,37.48,37.71,4502
CHR.TO,20240917,2.71,2.78,2.71,2.75,206502
CHR.DB.A.TO,20240917,99.7,99.7,99.66,99.68,60000
CHR.DB.C.TO,20240917,99.01,100,99.01,100,32000
CIA.TO,20240917,5.12,5.12,5.06,5.11,169846
CIAI.TO,20240917,22.08,22.09,21.88,21.93,2322
CIBR.TO,20240917,45.67,45.67,45.67,45.67,102
CIC.TO,20240917,11.87,11.87,11.85,11.85,7372
CIEI.TO,20240917,23.95,23.97,23.9,23.92,4375
CIEM.TO,20240917,19.41,19.41,19.21,19.21,8308
CIF.TO,20240917,45.5,45.8,45.5,45.72,4688
CIGI.TO,20240917,200.28,201.25,195.79,197.12,57100
CINF.TO,20240917,26.67,26.72,26.67,26.72,375
CINV.TO,20240917,23.22,23.25,23.22,23.25,1800
CIU.PR.A.TO,20240917,19.8,19.8,19.8,19.8,100
CIX.TO,20240917,17.5,17.68,17.48,17.66,446837
CJ.TO,20240917,6.45,6.49,6.41,6.45,1106165
CJR.B.TO,20240917,0.14,0.185,0.14,0.185,3582517
CJT.TO,20240917,131.75,132.03,128.38,129.8,29077
CJT.DB.E.TO,20240917,100.02,100.02,100.01,100.01,237000
CJT.DB.F.TO,20240917,100,100,99.9,100,184000
CKI.TO,20240917,23.9,24,23.6,24,906
CLF.TO,20240917,17.46,17.47,17.44,17.45,9861
CLG.TO,20240917,17.47,17.47,17.43,17.44,2200
CLML.TO,20240917,30.17,30.17,29.75,29.75,2100
CLS.TO,20240917,63.97,64.8,62.76,63.9,515145
CM.TO,20240917,83.78,84.07,83.4,83.74,4345698
CM.PR.P.TO,20240917,24.18,24.2,24.17,24.17,900
CM.PR.Q.TO,20240917,24.1,24.1,24.05,24.06,86475
CM.PR.S.TO,20240917,24.97,25,24.94,24.99,4602
CMAG.TO,20240917,34.03,34.08,34,34,2400
CMAG.U.TO,20240917,25.53,25.53,25.53,25.53,6400
CMAR.TO,20240917,18.43,18.43,18.4,18.4,2700
CMDO.TO,20240917,19.6,19.6,19.54,19.54,13400
CMDO.U.TO,20240917,19.83,19.83,19.83,19.83,300
CMG.TO,20240917,11.65,11.84,11.47,11.84,123567
CMGG.TO,20240917,29.13,29.13,28.94,28.99,15500
CMNY.TO,20240917,50.14,50.14,50.14,50.14,801
CMR.TO,20240917,50.14,50.14,50.13,50.13,60665
CNCC.TO,20240917,12.29,12.29,12.27,12.29,9211
CNCL.TO,20240917,19.9,19.9,19.79,19.82,6049
CNDX.TO,20240917,26.84,26.84,26.73,26.74,834
CNE.TO,20240917,3.36,3.36,3.3,3.3,14665
CNL.TO,20240917,4.73,4.77,4.62,4.62,12900
CNQ.TO,20240917,44.25,44.76,43.89,44.68,40022500
CNR.TO,20240917,164,164.53,161.26,161.83,885617
CNT.TO,20240917,0.03,0.03,0.03,0.03,1000
COG.TO,20240917,0.4,0.4,0.4,0.4,500
COMM.TO,20240917,36.02,36.02,35.91,35.91,1300
COP.U.TO,20240917,8.43,8.5,8.42,8.5,1485
COP.UN.TO,20240917,11.5,11.5,11.4,11.4,2614
COPP.TO,20240917,33.31,33.31,33.31,33.31,220
COPR.TO,20240917,0.43,0.445,0.43,0.43,212725
COW.TO,20240917,62.45,62.65,62.25,62.29,6063
CP.TO,20240917,118.81,119.2,117.33,117.79,1561829
CPD.TO,20240917,12.33,12.38,12.33,12.33,147047
CPH.TO,20240917,14.56,16.05,14.52,15.64,124458
CPX.TO,20240917,48.96,49.17,47.94,48.57,456102
CPX.PR.A.TO,20240917,14.85,15.33,14.84,15.32,10200
CPX.PR.C.TO,20240917,24.5,24.76,24.45,24.45,2800
CPX.PR.E.TO,20240917,23.99,24,23.6,23.6,10300
CRDL.TO,20240917,3.1,3.11,2.9,2.91,115335
CRON.TO,20240917,3.05,3.1,3.02,3.06,113188
CROP.TO,20240917,18.43,18.45,18.43,18.45,1300
CRP.TO,20240917,2.9,2.9,2.9,2.9,227
CRR.UN.TO,20240917,15.62,15.77,15.53,15.56,157458
CRRX.TO,20240917,1.89,1.89,1.85,1.87,16000
CRT.UN.TO,20240917,16.11,16.25,16,16.1,116260
CRWN.TO,20240917,1.24,1.24,1,1,710
CS.TO,20240917,9.34,9.54,9.26,9.52,1782964
CSAV.TO,20240917,50.13,50.14,50.13,50.14,14019
CSBI.TO,20240917,20.64,20.65,20.64,20.65,8400
CSCI.TO,20240917,5.7,5.7,5.57,5.57,200
CSH.UN.TO,20240917,15.71,15.72,15.47,15.58,236372
CSU.TO,20240917,4388,4388,4265,4313.86,26458
CSU.DB.TO,20240917,122.1,122.25,122,122.24,66000
CSW.A.TO,20240917,13,13.06,12.81,12.81,11344
CSW.B.TO,20240917,12.45,12.45,12.36,12.41,400
CTC.TO,20240917,231,231,231,231,175
CTC.A.TO,20240917,158.17,159.04,157.28,158.82,93872
CTS.TO,20240917,4.37,4.45,4.26,4.42,387195
CTX.TO,20240917,0.6,0.6,0.6,0.6,5209
CU.TO,20240917,35.89,35.93,35.45,35.66,396501
CU.PR.C.TO,20240917,20.54,20.62,20.5,20.62,1100
CU.PR.D.TO,20240917,20.99,21,20.99,21,200
CU.PR.E.TO,20240917,21.25,21.25,21.25,21.25,300
CU.PR.F.TO,20240917,19.75,19.78,19.71,19.77,800
CU.PR.G.TO,20240917,19.56,19.56,19.56,19.56,200
CU.PR.H.TO,20240917,22.54,22.54,22.54,22.54,300
CU.PR.I.TO,20240917,24.39,24.39,24.39,24.39,100
CUBD.TO,20240917,20.68,20.68,20.67,20.67,1350
CUD.TO,20240917,56.12,56.33,56.12,56.32,596
CUEH.TO,20240917,23.21,23.21,23.11,23.11,1750
CUEI.TO,20240917,30.44,30.44,30.18,30.25,22700
CUP.U.TO,20240917,14.4,14.4,14.4,14.4,200
CURA.TO,20240917,4.07,4.21,4.02,4.07,218528
CUTL.TO,20240917,22.08,22.08,22.08,22.08,300
CVD.TO,20240917,17.28,17.3,17.25,17.26,2876
CVE.TO,20240917,22.4,22.77,22.23,22.72,14095430
CVE.PR.A.TO,20240917,17.59,17.59,17.59,17.59,100
CVE.PR.C.TO,20240917,23.71,23.74,23.7,23.7,3800
CVE.PR.E.TO,20240917,23.88,23.91,23.88,23.91,8575
CVE.WT.TO,20240917,16.22,16.22,16.22,16.22,193
CVLU.B.TO,20240917,23.17,23.17,23.17,23.17,115
CVO.TO,20240917,6,6.4,6,6.35,193181
CWB.TO,20240917,53.32,53.55,53.05,53.26,374098
CWB.PR.B.TO,20240917,24.9,25,24.9,24.9,7000
CWB.PR.D.TO,20240917,27.62,27.62,27.28,27.33,1650
CWEB.TO,20240917,0.205,0.205,0.19,0.19,23898
CWL.TO,20240917,1.11,1.11,1.11,1.11,1500
CWW.TO,20240917,59.21,59.4,59.1,59.1,2942
CXB.TO,20240917,2.6,2.72,2.6,2.69,4154741
CXF.TO,20240917,10.12,10.12,10,10.1,4700
CXI.TO,20240917,24.54,24.66,24.54,24.66,500
CYB.TO,20240917,71,71.65,71,71.65,6147
CYBR.TO,20240917,48.2,48.2,48.07,48.12,550
CYBR.B.TO,20240917,55.95,56.18,55.95,56.18,471
CYH.TO,20240917,22.02,22.06,21.88,21.88,2226
D.UN.TO,20240917,21.61,22.13,21.61,22.12,17025
DANC.TO,20240917,22.36,22.36,22.36,22.36,310
DATA.TO,20240917,24.04,24.06,24.04,24.06,2350
DAY.TO,20240917,81.18,81.77,79.87,80.15,4209
DBM.TO,20240917,7.46,7.55,7.43,7.55,157264
DBO.TO,20240917,0.095,0.095,0.095,0.095,7816
DC.A.TO,20240917,1.39,1.47,1.39,1.42,59028
DCBO.TO,20240917,58.86,58.9,57.6,58.48,26435
DCM.TO,20240917,2.88,2.89,2.8,2.85,14216
DCP.TO,20240917,19.22,19.22,19.22,19.22,300
DCU.TO,20240917,18.21,18.21,18.18,18.18,754
DF.TO,20240917,5.82,5.89,5.74,5.8,167530
DF.PR.A.TO,20240917,10.11,10.11,10.1,10.11,96302
DFN.TO,20240917,5.8,5.89,5.77,5.77,429856
DFN.PR.A.TO,20240917,10.12,10.12,10.09,10.1,40422
DFY.TO,20240917,49.79,50,48.89,49.52,57659
DGR.TO,20240917,47.56,47.56,47.3,47.32,1800
DGR.B.TO,20240917,53.09,53.18,52.92,52.92,2335
DGRC.TO,20240917,39.33,39.33,39.09,39.17,1210
DGS.TO,20240917,6.61,6.71,6.61,6.65,92763
DGS.PR.A.TO,20240917,10.12,10.12,10.1,10.1,82375
DHT.U.TO,20240917,8.84,8.91,8.64,8.91,1500
DHT.UN.TO,20240917,12.29,12.29,11.78,12.2,75869
DIAM.TO,20240917,0.04,0.045,0.04,0.04,39551
DII.A.TO,20240917,6.11,6.11,6.11,6.11,100
DII.B.TO,20240917,6.06,6.2,6.05,6.15,5332
DIR.UN.TO,20240917,14.36,14.51,14.35,14.47,263081
DISC.TO,20240917,38.73,38.73,38.46,38.46,800
DIV.TO,20240917,2.9,2.91,2.87,2.89,359267
DIV.DB.A.TO,20240917,99.25,99.25,99.05,99.05,20000
DLCG.TO,20240917,3.75,3.75,3.68,3.7,2662
DLR.TO,20240917,13.92,13.92,13.9,13.91,476469
DLR.U.TO,20240917,10.23,10.24,10.23,10.23,427732
DMEC.TO,20240917,22,22,21.9,21.92,1045
DMEI.TO,20240917,21.1,21.1,20.98,20.99,1394
DMEU.TO,20240917,22.17,22.17,22,22,855
DML.TO,20240917,2.13,2.16,2.1,2.11,957347
DND.TO,20240917,14,14.57,14,14.42,89476
DNG.TO,20240917,5.22,5.22,5.1,5.13,17668
DNTL.TO,20240917,8.2,8.32,8.15,8.32,115558
DOL.TO,20240917,136.48,136.59,133.62,134.7,640942
DOO.TO,20240917,82.62,84.14,81.56,82.97,258637
DPM.TO,20240917,13.44,13.52,13.22,13.42,314205
DR.TO,20240917,13.64,13.74,13.54,13.72,21285
DRFC.TO,20240917,30.4,30.4,30.4,30.4,200
DRFD.TO,20240917,23.75,23.75,23.75,23.75,100
DRFG.TO,20240917,28.88,28.88,28.88,28.88,1402
DRM.TO,20240917,31.05,31.4,30.05,30.63,82257
DRMC.TO,20240917,30.39,30.39,30.21,30.21,1318
DRMD.TO,20240917,25.67,25.67,25.47,25.47,200
DRME.TO,20240917,17.69,17.69,17.68,17.68,1400
DRR.U.TO,20240917,7.16,7.22,7.14,7.22,800
DRR.UN.TO,20240917,9.8,9.8,9.75,9.75,500
DRT.TO,20240917,0.7,0.72,0.7,0.71,20947
DRT.DB.A.TO,20240917,78,78,78,78,20000
DRX.TO,20240917,12.56,12.61,11.57,11.6,190132
DS.TO,20240917,6.48,6.48,6.46,6.48,11165
DSAE.TO,20240917,24.5,24.5,24.5,24.5,101
DSG.TO,20240917,136.19,136.82,134.69,134.73,125691
DSV.TO,20240917,0.71,0.73,0.67,0.68,370395
DTOL.TO,20240917,13.22,13.25,13.01,13.01,6395
DXB.TO,20240917,18.44,18.44,18.42,18.43,3600
DXBU.TO,20240917,22.47,22.47,22.47,22.47,100
DXC.TO,20240917,37.32,37.32,37.1,37.17,2560
DXDB.TO,20240917,21.37,21.38,21.37,21.38,2400
DXEM.TO,20240917,12.33,12.33,12.21,12.21,2800
DXET.TO,20240917,17.64,17.64,17.64,17.64,100
DXG.TO,20240917,60.91,60.91,60.71,60.78,1372
DXGE.TO,20240917,24.38,24.38,24.13,24.13,8529
DXIF.TO,20240917,23.91,23.91,23.9,23.9,4100
DXN.TO,20240917,21.11,21.11,21.11,21.11,400
DXO.TO,20240917,19.78,19.78,19.78,19.78,19300
DXP.TO,20240917,22.55,22.56,22.51,22.51,15765
DXQ.TO,20240917,24.7,24.7,24.58,24.59,4479
DXR.TO,20240917,22.51,22.54,22.51,22.54,400
DXRE.TO,20240917,23.55,23.55,23.55,23.55,300
DXT.TO,20240917,6.74,6.84,6.67,6.8,205342
DXU.TO,20240917,57.7,57.7,57.16,57.29,1348
DXUS.TO,20240917,27.67,27.67,27.67,27.67,100
DXV.TO,20240917,19.67,19.67,19.62,19.63,4286
DXW.TO,20240917,22.76,22.83,22.76,22.83,10499
DYA.TO,20240917,0.2,0.21,0.2,0.2,274738
E.TO,20240917,1.75,1.76,1.69,1.74,488754
EAGR.TO,20240917,0.71,0.71,0.7,0.71,36825
EBIT.TO,20240917,28.95,29.93,28.79,29.24,107896
EBIT.U.TO,20240917,21.09,21.62,21.09,21.62,400
EBNK.TO,20240917,11.07,11.24,11.07,11.24,8122
EBNK.U.TO,20240917,10.17,10.17,10.17,10.17,500
ECN.TO,20240917,2.06,2.06,2,2.04,168570
ECN.DB.A.TO,20240917,83.01,83.01,83.01,83.01,15000
ECN.DB.B.TO,20240917,82.27,82.27,82.1,82.1,10000
ECN.PR.C.TO,20240917,17.6,17.85,17.51,17.85,1200
ECO.TO,20240917,4.35,4.48,4.35,4.38,29330
ECOR.TO,20240917,1.21,1.21,1.2,1.21,9301
EDGF.TO,20240917,10.77,10.78,10.77,10.78,601
EDR.TO,20240917,4.99,5.04,4.84,4.86,730793
EDT.TO,20240917,0.67,0.67,0.66,0.66,58235
EDV.TO,20240917,32.69,33.32,32.59,33.04,634076
EFN.TO,20240917,28.29,28.48,27.8,28.19,578058
EFR.TO,20240917,6.41,6.51,6.33,6.42,343531
EFX.TO,20240917,7.38,7.62,7.34,7.61,211393
EGLX.TO,20240917,0.15,0.15,0.14,0.145,61192
EIF.TO,20240917,50.6,50.89,50.1,50.69,60433
EIF.DB.J.TO,20240917,106,106,106,106,6000
EIF.DB.L.TO,20240917,103.25,103.25,103,103.16,152000
EIT.PR.A.TO,20240917,25.06,25.18,25.06,25.08,900
EIT.PR.B.TO,20240917,25.03,25.03,25.03,25.03,500
EIT.UN.TO,20240917,14.53,14.56,14.49,14.51,225150
ELD.TO,20240917,24.01,24.04,23.47,23.63,280385
ELEF.TO,20240917,0.43,0.445,0.425,0.43,115600
ELF.TO,20240917,1300.01,1300.01,1300.01,1300.01,150
ELF.PR.F.TO,20240917,22.4,22.47,22.4,22.41,3700
ELF.PR.H.TO,20240917,23.11,23.18,23.11,23.13,1300
ELO.TO,20240917,0.94,0.94,0.9,0.91,40544
ELR.TO,20240917,0.155,0.155,0.15,0.15,2300
ELVA.TO,20240917,3,3.06,2.92,3.04,11701
EMA.TO,20240917,53.33,53.62,52.93,53.11,707097
EMA.PR.A.TO,20240917,15.11,15.11,15.03,15.05,2120
EMA.PR.B.TO,20240917,16.57,16.57,16.57,16.57,500
EMA.PR.C.TO,20240917,22.4,22.51,22.35,22.35,2648
EMA.PR.F.TO,20240917,19.02,19.22,19.02,19.21,1200
EMA.PR.H.TO,20240917,23.4,23.4,23.09,23.1,16300
EMA.PR.J.TO,20240917,21.35,21.35,21.35,21.35,3900
EMA.PR.L.TO,20240917,19.45,19.51,19.4,19.4,6686
EMAX.TO,20240917,15.25,15.4,15.17,15.4,31129
EMP.A.TO,20240917,39.81,40.16,39.18,39.27,655995
ENB.TO,20240917,56,56.09,55.43,55.51,4027782
ENB.PF.A.TO,20240917,18.7,18.7,18.61,18.61,4402
ENB.PF.C.TO,20240917,18,18.11,18,18.07,6800
ENB.PF.E.TO,20240917,17.72,17.77,17.67,17.69,4029
ENB.PF.G.TO,20240917,17.82,17.89,17.82,17.88,700
ENB.PF.K.TO,20240917,23.5,23.55,23.5,23.5,3500
ENB.PF.U.TO,20240917,21.3,21.42,21.22,21.31,80435
ENB.PF.V.TO,20240917,23.06,23.14,23.06,23.14,1800
ENB.PR.A.TO,20240917,22.94,23.05,22.94,23.05,5210
ENB.PR.B.TO,20240917,18,18.04,17.95,17.96,5550
ENB.PR.D.TO,20240917,18.32,18.32,18.24,18.25,6200
ENB.PR.F.TO,20240917,18.98,19.16,18.95,18.95,5899
ENB.PR.H.TO,20240917,19.8,19.8,19.74,19.8,8942
ENB.PR.J.TO,20240917,20.35,20.35,20.22,20.22,8000
ENB.PR.N.TO,20240917,22.15,22.35,22.15,22.18,18172
ENB.PR.P.TO,20240917,19.9,19.9,19.88,19.88,42600
ENB.PR.T.TO,20240917,20.55,20.57,20.53,20.54,8600
ENB.PR.V.TO,20240917,23.23,23.26,23.23,23.25,2350
ENB.PR.Y.TO,20240917,18.17,18.23,18.07,18.07,7620
ENCC.TO,20240917,10.78,10.84,10.74,10.84,105207
ENCL.TO,20240917,19.03,19.15,18.98,19.13,138238
ENGH.TO,20240917,31.19,31.6,30.97,31.31,80394
ENS.TO,20240917,12.85,12.85,12.56,12.67,139865
ENS.PR.A.TO,20240917,10.62,10.62,10.6,10.6,5899
EPRX.TO,20240917,3.56,3.76,3.56,3.73,25729
EQB.TO,20240917,98.84,99.61,98.4,99.38,23961
EQCL.TO,20240917,22.06,22.06,21.76,21.76,5378
EQL.TO,20240917,36.6,36.65,36.35,36.44,37532
EQL.F.TO,20240917,31.43,31.46,31.22,31.26,13597
EQL.U.TO,20240917,26.72,26.76,26.72,26.76,200
EQLI.TO,20240917,20.94,20.97,20.84,20.84,6287
EQX.TO,20240917,8.56,8.56,8.31,8.37,649219
ERD.TO,20240917,0.475,0.485,0.465,0.485,637100
ERE.UN.TO,20240917,3.15,3.27,3.04,3.05,1521737
ERO.TO,20240917,27.76,28.31,27.6,27.87,165328
ESG.TO,20240917,40.57,40.66,40.34,40.37,719
ESG.F.TO,20240917,38.17,38.17,37.88,37.94,13200
ESGA.TO,20240917,37.49,37.49,37.35,37.35,200
ESGB.TO,20240917,27.91,27.91,27.9,27.9,500
ESGC.TO,20240917,27.51,27.51,27.44,27.44,200
ESGE.TO,20240917,35.77,35.77,35.74,35.74,630
ESGF.TO,20240917,25.34,25.36,25.34,25.36,300
ESGY.TO,20240917,54.85,54.85,54.44,54.44,1762
ESI.TO,20240917,2.63,2.65,2.6,2.65,185883
ESM.TO,20240917,0.055,0.055,0.045,0.05,106220
ESP.TO,20240917,4.06,4.15,4.05,4.15,1500
ESP.PR.A.TO,20240917,10.25,10.25,10.25,10.25,719
ESPX.TO,20240917,24.6,24.65,24.47,24.47,1201
ET.TO,20240917,11.78,12,11.73,11.75,63095
ETC.TO,20240917,12.51,12.52,12.43,12.43,54910
ETG.TO,20240917,1.52,1.6,1.52,1.59,134483
ETHH.TO,20240917,9.29,9.56,9.23,9.32,48509
ETHH.B.TO,20240917,10.87,11.17,10.84,11.01,137742
ETHH.U.TO,20240917,10,10.28,9.99,10.15,9450
ETHI.TO,20240917,53.56,53.56,53.22,53.22,1102
ETHQ.TO,20240917,12.46,12.72,12.35,12.64,14923
ETHQ.U.TO,20240917,9.16,9.37,9.16,9.26,1100
ETHR.TO,20240917,10.68,11.04,10.68,10.85,26919
ETHR.U.TO,20240917,10.02,10.02,9.97,9.97,1500
ETHX.B.TO,20240917,11.29,11.63,11.23,11.45,117002
ETHX.U.TO,20240917,10.41,10.67,10.37,10.52,16713
ETHY.TO,20240917,2.95,3,2.9,2.95,34888
ETHY.B.TO,20240917,3.64,3.72,3.64,3.68,746
ETP.TO,20240917,17.72,17.72,17.71,17.71,18000
ETSX.TO,20240917,20.68,20.68,20.55,20.55,7111
EVO.TO,20240917,21.21,21.21,21.21,21.21,123
EXE.TO,20240917,9.29,9.45,9.28,9.28,159183
EXE.DB.C.TO,20240917,100,100,99.71,100,69000
EXN.TO,20240917,0.095,0.1,0.095,0.095,40600
EXRO.TO,20240917,0.31,0.31,0.28,0.28,428260
EXRO.WT.A.TO,20240917,0.1,0.105,0.075,0.105,80500
FAP.TO,20240917,2.69,2.75,2.69,2.73,38100
FAR.TO,20240917,2.12,2.13,1.98,1.98,116525
FBGO.TO,20240917,17.99,17.99,17.94,17.94,1395
FBTC.TO,20240917,26.75,27.65,26.61,27.03,65682
FBTC.U.TO,20240917,19.85,19.85,19.85,19.85,240
FC.TO,20240917,11.58,11.74,11.54,11.62,130182
FC.DB.I.TO,20240917,100,100,100,100,1000
FC.DB.J.TO,20240917,98.55,99,98.55,99,34000
FCCD.TO,20240917,29.91,29.92,29.76,29.8,5795
FCCQ.TO,20240917,35.98,36.1,35.98,35.99,300
FCCV.TO,20240917,14.65,14.65,14.63,14.65,3200
FCD.UN.TO,20240917,5.88,5.98,5.88,5.95,24913
FCEM.TO,20240917,9.8,9.8,9.8,9.8,1200
FCID.TO,20240917,27.56,27.56,27.56,27.56,100
FCII.TO,20240917,22.87,22.87,22.87,22.87,315
FCIQ.TO,20240917,39.05,39.06,38.92,38.92,2097
FCIV.TO,20240917,33.84,33.9,33.64,33.77,10200
FCQH.TO,20240917,55.11,55.11,55.11,55.11,100
FCR.UN.TO,20240917,18.31,18.51,18.22,18.41,433162
FCU.TO,20240917,0.86,0.87,0.81,0.81,3959625
FCUD.TO,20240917,37.07,37.18,37.03,37.04,2737
FCUH.TO,20240917,32.93,32.93,32.9,32.9,228
FCUQ.TO,20240917,59.25,59.46,59.25,59.46,203
FCUV.TO,20240917,17.82,17.95,17.82,17.84,34154
FCUV.U.TO,20240917,13.21,13.21,13.15,13.15,7475
FCVH.TO,20240917,17.07,17.07,17.04,17.04,1100
FDN.TO,20240917,22.57,22.57,22.41,22.47,400
FDY.TO,20240917,0.78,0.79,0.78,0.79,36089
FEBB.F.TO,20240917,45.2,45.2,45.15,45.15,1910
FEC.TO,20240917,8.58,9.05,8.49,8.81,150246
FETH.TO,20240917,42.68,43.15,42.53,42.53,1014
FF.TO,20240917,0.15,0.155,0.145,0.145,2194295
FFH.TO,20240917,1689.5,1699.91,1675.68,1688.58,24344
FFH.PR.C.TO,20240917,22.3,22.3,22.25,22.3,7900
FFH.PR.D.TO,20240917,22.15,22.15,22.05,22.05,1500
FFH.PR.E.TO,20240917,17.01,17.03,17.01,17.01,1900
FFH.PR.F.TO,20240917,17.25,17.25,17.25,17.25,300
FFH.PR.G.TO,20240917,17.64,17.64,17.64,17.64,1500
FFH.PR.H.TO,20240917,18.23,18.23,18.18,18.18,1800
FFH.PR.I.TO,20240917,18.52,18.63,18.52,18.63,3000
FFH.PR.J.TO,20240917,19.2,19.2,19.2,19.2,1600
FFH.PR.K.TO,20240917,22.22,22.27,22.19,22.27,1100
FFH.PR.M.TO,20240917,24,24.18,24,24.03,2300
FFN.TO,20240917,5.92,5.93,5.85,5.89,273542
FFN.PR.A.TO,20240917,10.24,10.24,10.22,10.23,62726
FGEP.TO,20240917,10.27,10.28,10.27,10.28,10300
FGGE.TO,20240917,24.6,24.6,24.6,24.6,309
FGO.TO,20240917,10.41,10.41,10.36,10.38,4963
FHG.TO,20240917,53.14,53.14,53,53,1200
FHH.TO,20240917,41.25,41.25,41.25,41.25,342
FHIS.TO,20240917,20.82,20.82,20.81,20.81,1893
FHQ.TO,20240917,86.36,86.84,86.36,86.84,301
FIE.TO,20240917,7.8,7.81,7.79,7.8,121301
FIG.TO,20240917,9.55,9.58,9.55,9.55,12612
FIH.U.TO,20240917,15,15,14.82,14.96,12389
FIL.TO,20240917,31.33,31.62,31.2,31.33,554770
FINO.TO,20240917,23.76,23.76,23.76,23.76,200
FLCI.TO,20240917,18.1,18.1,18.07,18.07,4600
FLCP.TO,20240917,18.34,18.34,18.3,18.3,9319
FLGA.TO,20240917,19.36,19.36,19.36,19.36,131
FLI.TO,20240917,10.87,10.87,10.87,10.87,208
FLNT.TO,20240917,0.025,0.03,0.025,0.025,59000
FLOW.TO,20240917,0.19,0.19,0.185,0.185,34000
FLSD.TO,20240917,19.28,19.28,19.27,19.27,1200
FLUS.TO,20240917,45.02,45.12,44.86,44.86,400
FLX.TO,20240917,7.22,7.22,7.22,7.22,1160
FLX.B.TO,20240917,8.6,8.6,8.6,8.6,500
FM.TO,20240917,16.76,17.44,16.61,17.4,1660540
FMAX.TO,20240917,17.64,17.65,17.59,17.61,5526
FN.TO,20240917,37.76,38.78,37.71,38.31,47075
FN.PR.B.TO,20240917,14.87,15,14.75,14.75,7543
FNV.TO,20240917,169.1,170.58,167.54,169.45,176975
FOM.TO,20240917,3.92,4,3.89,3.98,236668
FOOD.TO,20240917,0.27,0.275,0.27,0.27,8226
FOOD.DB.A.TO,20240917,35,35,35,35,34000
FORA.TO,20240917,8.47,8.59,8.36,8.59,5224
FOUR.TO,20240917,47.56,47.56,47.56,47.56,100
FRU.TO,20240917,13.75,14.01,13.74,13.99,601627
FSB.TO,20240917,9.69,9.72,9.69,9.7,5917
FSB.U.TO,20240917,9.93,9.93,9.93,9.93,4500
FSF.TO,20240917,27.85,27.85,27.85,27.85,100
FSL.TO,20240917,16.95,16.95,16.88,16.88,7100
FST.TO,20240917,52.34,52.34,52.19,52.19,200
FSV.TO,20240917,246.38,246.72,243.17,243.52,215589
FSY.TO,20240917,0.57,0.59,0.52,0.54,360293
FSZ.TO,20240917,7.6,7.66,7.58,7.63,116738
FSZ.DB.B.TO,20240917,103,103.9,103,103.9,16000
FT.TO,20240917,0.05,0.055,0.05,0.05,567653
FTG.TO,20240917,5.86,5.89,5.75,5.79,27800
FTHI.TO,20240917,10.32,10.32,10.23,10.23,11300
FTN.TO,20240917,8.33,8.35,8.28,8.32,201970
FTN.PR.A.TO,20240917,10.37,10.39,10.37,10.38,34195
FTS.TO,20240917,61.99,62.29,61.51,61.66,1294104
FTS.PR.F.TO,20240917,21.85,21.85,21.61,21.61,1400
FTS.PR.G.TO,20240917,22.23,22.25,22.15,22.25,9811
FTS.PR.H.TO,20240917,15.27,15.27,15.27,15.27,400
FTS.PR.I.TO,20240917,16.95,16.95,16.95,16.95,200
FTS.PR.J.TO,20240917,21.19,21.19,21.02,21.18,1544
FTS.PR.K.TO,20240917,20.97,20.97,20.9,20.9,1000
FTS.PR.M.TO,20240917,20.21,20.25,20.15,20.15,22200
FTT.TO,20240917,39.68,40.2,39.61,39.84,130031
FTU.PR.B.TO,20240917,6.69,6.69,6.6,6.6,51000
FURY.TO,20240917,0.6,0.6,0.58,0.59,23856
FVI.TO,20240917,6.72,6.92,6.71,6.78,803583
FVL.TO,20240917,1.09,1.11,1.04,1.07,1022337
FWCP.TO,20240917,17.56,17.56,17.56,17.56,2326
FXM.TO,20240917,24,24,24,24,100
G.TO,20240917,0.83,0.86,0.8,0.84,43000
GATO.TO,20240917,20.84,21.4,20.8,20.95,23271
GAU.TO,20240917,2.02,2.05,2.01,2.05,62270
GBAL.TO,20240917,50.26,50.26,50.05,50.05,4300
GBT.TO,20240917,13.23,13.5,13.13,13.13,2600
GCBD.TO,20240917,18.69,18.69,18.69,18.69,2614
GCFE.TO,20240917,26.67,26.67,26.67,26.67,250
GCG.A.TO,20240917,40.63,41.3,40.54,40.7,2359
GCL.TO,20240917,1.27,1.29,1.27,1.28,66695
GCSC.TO,20240917,25.47,25.47,25.47,25.47,1100
GCTB.TO,20240917,50.16,50.16,50.16,50.16,200
GDC.TO,20240917,3.88,3.88,3.81,3.84,800
GDI.TO,20240917,34.53,35.15,33.94,35.15,1895
GDL.TO,20240917,14.05,14.2,14.05,14.09,601
GDPY.TO,20240917,21.08,21.08,21.08,21.08,400
GDPY.B.TO,20240917,20.57,20.57,20.44,20.44,4700
GDV.TO,20240917,10.65,10.73,10.58,10.67,30654
GDV.PR.A.TO,20240917,10.3,10.3,10.27,10.28,4000
GEC.TO,20240917,0.295,0.295,0.29,0.29,20999
GEI.TO,20240917,22.43,22.63,22.11,22.26,1525413
GENM.TO,20240917,0.245,0.25,0.235,0.235,29872
GEO.TO,20240917,2.59,2.66,2.56,2.56,8395
GEQT.TO,20240917,61.06,61.26,60.8,60.8,2426
GFL.TO,20240917,54.51,54.73,53.29,53.31,237059
GFP.TO,20240917,0.47,0.52,0.47,0.5,85347
GFR.TO,20240917,9.96,10.61,9.94,10.24,169613
GGD.TO,20240917,1.35,1.38,1.25,1.26,268393
GGRO.TO,20240917,55.56,55.56,55.21,55.21,294
GH.TO,20240917,10.49,10.56,10.49,10.55,1218
GIB.A.TO,20240917,157.86,158.55,155.18,155.93,347929
GIGC.TO,20240917,21.6,21.6,21.6,21.6,131
GIL.TO,20240917,61.98,62.51,61.77,61.97,310216
GIVX.TO,20240917,1.47,1.48,1.47,1.48,124400
GLCC.TO,20240917,29.1,29.25,28.79,28.89,29226
GLO.TO,20240917,1.4,1.41,1.34,1.34,564039
GLXY.TO,20240917,14.95,15.54,14.7,15.14,385446
GMIN.TO,20240917,9.74,9.85,9.37,9.69,379626
GMTN.TO,20240917,0.05,0.05,0.045,0.05,106760
GMX.TO,20240917,0.84,0.85,0.83,0.85,106992
GOLD.TO,20240917,1.4,1.41,1.34,1.37,97770
GOOS.TO,20240917,14.33,14.81,14.32,14.37,288354
GRA.TO,20240917,2.28,2.36,2.28,2.32,29141
GRC.TO,20240917,0.08,0.08,0.08,0.08,6000
GRCC.TO,20240917,21.64,21.64,21.64,21.64,200
GRID.TO,20240917,1.48,1.55,1.48,1.55,17200
GRN.TO,20240917,0.07,0.07,0.07,0.07,99364
GRNI.TO,20240917,30.08,30.08,30.08,30.08,1200
GRT.UN.TO,20240917,80.99,81.99,80.8,81.68,87945
GSY.TO,20240917,178.91,182.58,178.9,181,28866
GTE.TO,20240917,8.4,8.59,8.4,8.52,56153
GTWO.TO,20240917,1.8,1.85,1.72,1.75,548741
GUD.TO,20240917,6.21,6.23,6.14,6.16,73472
GURU.TO,20240917,1.85,1.85,1.85,1.85,1120
GVC.TO,20240917,0.11,0.16,0.11,0.16,60000
GWO.TO,20240917,45.5,45.94,45.42,45.9,4503325
GWO.PR.G.TO,20240917,22.34,22.35,22.26,22.26,4800
GWO.PR.H.TO,20240917,20.89,20.91,20.81,20.81,1200
GWO.PR.I.TO,20240917,19.87,19.87,19.75,19.75,300
GWO.PR.L.TO,20240917,23.83,23.83,23.83,23.83,200
GWO.PR.M.TO,20240917,24.2,24.22,24.18,24.22,23000
GWO.PR.N.TO,20240917,14.74,14.75,14.69,14.69,2700
GWO.PR.P.TO,20240917,22.69,22.86,22.69,22.75,9900
GWO.PR.Q.TO,20240917,21.85,22.04,21.85,22.04,200
GWO.PR.R.TO,20240917,21.04,21.1,21.01,21.06,4709
GWO.PR.S.TO,20240917,22.26,22.3,22.26,22.3,2400
GWO.PR.T.TO,20240917,21.9,21.95,21.89,21.9,5200
GWO.PR.Y.TO,20240917,19.55,19.66,19.51,19.65,5899
GXE.TO,20240917,0.61,0.62,0.6,0.62,237607
H.TO,20240917,47.94,48.05,47.64,47.77,548535
HAB.TO,20240917,10.26,10.26,10.25,10.25,3050
HAC.TO,20240917,31.04,31.04,31.04,31.04,100
HAD.TO,20240917,9.22,9.22,9.2,9.2,3100
HAF.TO,20240917,7.41,7.42,7.4,7.4,4600
HAI.TO,20240917,5.57,5.64,5.31,5.4,37404
HAL.TO,20240917,21.32,21.32,21.32,21.32,366
HAZ.TO,20240917,37.23,37.23,36.86,36.86,15930
HBA.TO,20240917,28.72,28.78,28.71,28.71,1802
HBAL.TO,20240917,15.33,15.33,15.29,15.29,208
HBB.TO,20240917,49.27,49.27,49.17,49.22,4393
HBD.TO,20240917,6.83,6.88,6.83,6.88,6337
HBF.TO,20240917,9.99,9.99,9.92,9.94,41676
HBF.B.TO,20240917,11.16,11.16,11.11,11.11,10200
HBF.U.TO,20240917,11.34,11.34,11.34,11.34,300
HBGD.TO,20240917,26.77,26.94,26.77,26.94,1062
HBIE.TO,20240917,25.49,25.49,25.39,25.4,996
HBIL.TO,20240917,16.05,16.05,16.03,16.03,32083
HBIL.U.TO,20240917,16.03,16.03,16.02,16.02,2725
HBKU.TO,20240917,25.9,25.9,25.9,25.9,1013
HBLK.TO,20240917,15.22,15.22,15.21,15.21,1102
HBM.TO,20240917,10.07,10.34,10.02,10.27,1011150
HBND.TO,20240917,16,16,15.89,15.89,110406
HBND.U.TO,20240917,16.3,16.3,16.3,16.3,19700
HBNK.TO,20240917,23.98,23.98,23.87,23.89,3402
HBU.TO,20240917,16.76,16.8,16.59,16.64,4990
HCAL.TO,20240917,23.7,23.71,23.6,23.66,22369
HCLN.TO,20240917,8.76,8.77,8.76,8.77,1192
HCRE.TO,20240917,29.21,29.21,29.09,29.09,600
HDIF.TO,20240917,8.65,8.68,8.61,8.63,34285
HDIV.TO,20240917,17.38,17.42,17.3,17.35,74007
HEB.TO,20240917,18.89,18.89,18.8,18.8,4220
HED.TO,20240917,4.55,4.55,4.49,4.49,7555
HEQL.TO,20240917,25.49,25.49,25.48,25.48,4686
HEQT.TO,20240917,17.16,17.16,17,17.03,2797
HERO.TO,20240917,32.3,32.46,32.3,32.46,1267
HEU.TO,20240917,25.95,26.54,25.8,26.5,97091
HEWB.TO,20240917,36.54,36.6,36.53,36.53,24930
HFD.TO,20240917,7.2,7.27,7.2,7.24,12125
HFG.TO,20240917,25.63,25.63,25.63,25.63,1000
HFIN.TO,20240917,17.9,17.9,17.79,17.86,5417
HFPC.U.TO,20240917,2.51,2.51,2.51,2.51,900
HFR.TO,20240917,10.01,10.01,10,10.01,30400
HFU.TO,20240917,27.25,27.36,27.24,27.24,2418
HGD.TO,20240917,2.33,2.38,2.3,2.35,374930
HGR.TO,20240917,6.76,6.76,6.68,6.69,11622
HGRW.TO,20240917,23.98,23.98,23.98,23.98,100
HGU.TO,20240917,24.75,25.24,24.35,24.79,93725
HHL.TO,20240917,8.92,8.92,8.8,8.86,119040
HHL.B.TO,20240917,9.78,9.78,9.76,9.76,8227
HHL.U.TO,20240917,9.4,9.4,9.4,9.4,860
HHLE.TO,20240917,11.45,11.45,11.2,11.25,14593
HIG.TO,20240917,8.83,8.83,8.78,8.78,1110
HIND.TO,20240917,11.87,11.9,11.86,11.86,2200
HISU.U.TO,20240917,100.28,100.28,100.28,100.28,577
HIU.TO,20240917,11.34,11.41,11.31,11.4,4700
HIX.TO,20240917,25.92,25.92,25.92,25.92,450
HLF.TO,20240917,13.07,13.29,13.03,13.18,15272
HLIF.TO,20240917,9.45,9.46,9.44,9.45,5525
HLIT.TO,20240917,14.77,14.82,14.77,14.82,669
HLPR.TO,20240917,27.18,27.19,27.15,27.15,2200
HLS.TO,20240917,3.25,3.34,3.24,3.24,3038
HMAX.TO,20240917,14.48,14.48,14.36,14.39,303588
HMM.A.TO,20240917,8.65,8.69,8.5,8.61,17180
HMMJ.TO,20240917,10.45,10.6,10.45,10.53,13391
HMP.TO,20240917,9.66,9.66,9.61,9.61,1800
HND.TO,20240917,83.12,88.03,82.5,88,196735
HNU.TO,20240917,2.82,2.84,2.66,2.66,3817828
HOD.TO,20240917,7.58,7.58,7.29,7.41,1415604
HOM.DB.U.TO,20240917,101.5,101.5,101.5,101.5,2000
HOM.U.TO,20240917,14.1,14.48,13.98,14.3,26266
HOM.UN.TO,20240917,19.14,19.63,19.07,19.43,37985
HOT.UN.TO,20240917,0.53,0.55,0.53,0.54,20562
HOU.TO,20240917,11.58,12.05,11.58,11.89,932968
HPF.TO,20240917,3.25,3.27,3.25,3.26,13974
HPF.U.TO,20240917,4.01,4.01,4.01,4.01,100
HPR.TO,20240917,9.01,9.02,8.98,8.98,24655
HPS.A.TO,20240917,129.7,131.12,127.18,131,91322
HPYM.TO,20240917,11.82,11.82,11.78,11.79,40180
HPYM.U.TO,20240917,11.85,11.85,11.85,11.85,2540
HPYT.TO,20240917,11.52,11.52,11.46,11.47,205806
HPYT.B.TO,20240917,11.5,11.5,11.47,11.47,4400
HPYT.U.TO,20240917,11.75,11.75,11.71,11.71,17752
HQD.TO,20240917,12.01,12.29,11.97,12.17,351193
HQU.TO,20240917,21.17,21.25,20.69,20.9,1746320
HR.UN.TO,20240917,11.25,11.35,11.21,11.28,381100
HRAA.TO,20240917,11.9,11.9,11.9,11.9,700
HRED.TO,20240917,11.33,11.33,11.33,11.33,550
HREU.TO,20240917,19.88,19.88,19.88,19.88,1400
HRIF.TO,20240917,16.51,16.51,16.5,16.5,419
HRX.TO,20240917,31.68,31.79,31.68,31.73,33429
HSAV.TO,20240917,112.97,113.05,112.85,113.01,51992
HSD.TO,20240917,16.75,16.99,16.67,16.88,388913
HSH.TO,20240917,69.61,69.61,69.15,69.15,203
HSU.TO,20240917,24.17,24.28,23.83,24,222932
HSUV.U.TO,20240917,112.5,112.5,112.21,112.37,12252
HTA.TO,20240917,18.33,18.35,18.15,18.2,24419
HTA.B.TO,20240917,18.91,18.91,18.91,18.91,100
HTA.U.TO,20240917,19.8,19.8,19.8,19.8,100
HTAE.TO,20240917,16.59,16.65,16.4,16.42,17333
HTB.TO,20240917,58.97,58.97,58.88,58.9,511
HTL.TO,20240917,2.15,2.15,2.14,2.14,96638
HUBL.TO,20240917,12.63,12.63,12.53,12.53,1138
HUC.TO,20240917,21.1,21.1,21.08,21.1,2693
HUG.TO,20240917,20.14,20.14,20.04,20.04,5000
HULC.TO,20240917,92.28,92.28,91.36,91.6,1605
HULC.U.TO,20240917,67.9,67.93,67.23,67.23,648
HUN.TO,20240917,7.65,7.65,7.54,7.54,1700
HURA.TO,20240917,31.42,31.56,31,31.05,2637
HUT.TO,20240917,15.35,16.21,15.18,15.52,1439899
HUTE.TO,20240917,10.67,10.67,10.6,10.62,10664
HUTL.TO,20240917,17.86,17.86,17.72,17.72,21322
HUTS.TO,20240917,13.36,13.38,13.23,13.25,3688
HUV.TO,20240917,8.75,9.03,8.65,8.93,234164
HUZ.TO,20240917,13.69,13.81,13.62,13.67,6298
HWO.TO,20240917,1.16,1.2,1.15,1.17,10700
HWX.TO,20240917,6.54,6.68,6.51,6.68,688871
HXCN.TO,20240917,38.77,38.77,38.61,38.72,13191
HXD.TO,20240917,5.11,5.19,5.11,5.17,133101
HXDM.TO,20240917,47.9,47.9,47.7,47.84,7275
HXE.TO,20240917,34.62,34.92,34.62,34.92,1764
HXEM.TO,20240917,36.18,36.18,36.18,36.18,507
HXH.TO,20240917,52,52,52,52,3851
HXQ.TO,20240917,76.11,76.2,75.3,75.57,21063
HXQ.U.TO,20240917,55.53,55.53,55.53,55.53,100
HXS.TO,20240917,78.67,78.75,78.1,78.34,21500
HXS.U.TO,20240917,57.83,57.83,57.6,57.6,588
HXT.TO,20240917,61.72,61.73,61.22,61.36,125635
HXT.U.TO,20240917,45.25,45.25,45.13,45.13,500
HXU.TO,20240917,25.38,25.38,24.96,25.09,162942
HXX.TO,20240917,51.1,51.51,51.1,51.35,3021
HYLD.TO,20240917,13.77,13.79,13.65,13.7,66134
HYLD.U.TO,20240917,14.2,14.21,14.09,14.09,15716
HZD.TO,20240917,7.66,7.73,7.53,7.69,114925
HZU.TO,20240917,28.53,29.03,28.28,28.45,60053
IAG.TO,20240917,106.18,106.93,105.99,106.91,118283
IAU.TO,20240917,1.51,1.51,1.45,1.46,144644
IAU.WT.TO,20240917,0.36,0.39,0.36,0.39,33000
ICAE.TO,20240917,22.2,22.33,22.2,22.33,700
ICE.TO,20240917,4.1,4.1,4.1,4.1,1100
ICTE.TO,20240917,21.97,21.97,21.9,21.9,200
IE.TO,20240917,9.96,10.15,9.9,10.05,2100
IFA.TO,20240917,1.17,1.17,1.11,1.11,28600
IFC.TO,20240917,254.8,255.5,252.06,252.44,197171
IFC.PR.A.TO,20240917,19.46,19.53,19.4,19.4,9651
IFC.PR.C.TO,20240917,21.31,21.32,21.28,21.31,2200
IFC.PR.E.TO,20240917,22.75,22.8,22.75,22.8,350
IFC.PR.F.TO,20240917,22.94,22.94,22.94,22.94,200
IFC.PR.G.TO,20240917,23.78,23.89,23.78,23.85,1400
IFC.PR.I.TO,20240917,23.5,23.65,23.5,23.65,1978
IFC.PR.K.TO,20240917,23.15,23.15,23.15,23.15,2000
IFP.TO,20240917,18.46,19.33,18.32,19.26,195692
IGAF.TO,20240917,14.79,14.79,14.79,14.79,200
IGB.TO,20240917,18.46,18.49,18.45,18.49,18969
IGBT.UN.TO,20240917,10.36,10.36,10.36,10.36,300
IGEO.TO,20240917,13.68,13.68,13.65,13.65,400
IGM.TO,20240917,39.15,39.42,39.07,39.33,381678
IIAE.TO,20240917,25.52,25.52,25.52,25.52,200
IICE.TO,20240917,23.19,23.19,23.19,23.19,200
III.TO,20240917,1.99,2.07,1.99,2.06,30894
IIMF.F.TO,20240917,21.61,21.61,21.61,21.61,700
IIP.UN.TO,20240917,12.99,13,12.76,12.78,432016
IITE.TO,20240917,21.43,21.43,21.43,21.43,100
ILLM.TO,20240917,1.56,1.62,1.55,1.6,32572
IMG.TO,20240917,7.35,7.46,7.27,7.35,1555187
IMO.TO,20240917,91.06,92.05,90.98,91.48,801979
IMP.TO,20240917,0.8,0.81,0.79,0.81,33794
INAI.TO,20240917,24.54,24.61,24.25,24.27,8938
INAI.F.TO,20240917,23.84,23.84,23.84,23.84,100
INC.UN.TO,20240917,7.75,7.77,7.75,7.77,2169
INCM.TO,20240917,18.47,18.47,18.47,18.47,300
INE.TO,20240917,9.74,9.99,9.74,9.83,394043
INE.DB.B.TO,20240917,99,99,98.52,98.52,15000
INE.DB.C.TO,20240917,96.8,97.25,96.8,97.25,17000
INE.PR.A.TO,20240917,14.5,14.5,14.45,14.45,1100
INE.PR.C.TO,20240917,19.5,19.5,19.44,19.45,600
INO.UN.TO,20240917,1.07,1.14,1.07,1.12,86702
INOC.TO,20240917,15.93,15.93,15.93,15.93,1697
IPCO.TO,20240917,16.94,17.22,16.87,17.22,38745
IPO.TO,20240917,2,2,1.97,2,59670
IQD.TO,20240917,34.57,34.57,34.4,34.4,653
IQD.B.TO,20240917,30.87,30.88,30.86,30.88,1456
IS.TO,20240917,14.94,14.94,14.75,14.75,5755
IS.PR.A.TO,20240917,10.9,10.98,10.85,10.98,5600
ISO.TO,20240917,3.04,3.06,2.85,2.85,291047
ISV.TO,20240917,29.64,30,29.57,30,11330
ITE.TO,20240917,0.215,0.225,0.215,0.225,1893741
ITH.TO,20240917,0.77,0.77,0.7,0.7,34500
IUAE.TO,20240917,23.75,23.75,23.67,23.67,200
IUMF.TO,20240917,21.48,21.48,21.48,21.48,7300
IUMF.F.TO,20240917,20.69,20.69,20.54,20.54,1000
IVN.TO,20240917,17.86,18.18,17.81,18.01,1294066
IVQ.TO,20240917,0.17,0.17,0.16,0.16,5500
IVQ.DB.U.TO,20240917,36,45,35.5,45,111000
IVQ.DB.V.TO,20240917,45,50,45,50,72000
IVQ.U.TO,20240917,0.11,0.11,0.11,0.11,1000
IWBE.TO,20240917,18.26,18.26,18.26,18.26,384
JAG.TO,20240917,5.62,5.66,5.38,5.44,114279
JAPN.TO,20240917,45.47,45.47,45.29,45.29,700
JAPN.B.TO,20240917,33.73,33.73,33.65,33.65,800
JFS.UN.TO,20240917,24.96,24.99,24.93,24.94,800
JOY.TO,20240917,2.45,2.54,2.4,2.47,119414
JWEL.TO,20240917,33.29,33.53,33.09,33.35,17819
K.TO,20240917,12.77,12.91,12.61,12.77,2434133
KBL.TO,20240917,36.33,36.38,36,36.33,2453
KEC.TO,20240917,14,14,13.75,13.75,2245
KEG.UN.TO,20240917,15.02,15.1,14.92,14.96,13819
KEI.TO,20240917,4.34,4.5,4.32,4.47,10230
KEL.TO,20240917,5.99,6.17,5.91,6.17,397243
KEY.TO,20240917,41.14,41.38,40.84,41.13,1268187
KILO.TO,20240917,38.16,38.16,37.99,38,1789
KILO.B.TO,20240917,41.61,41.61,41.6,41.6,826
KILO.U.TO,20240917,40.01,40.01,39.87,39.87,500
KITS.TO,20240917,9.87,10.04,9.85,9.85,65686
KLS.TO,20240917,0.205,0.22,0.205,0.22,1159
KMP.UN.TO,20240917,21.48,21.5,21.19,21.33,150459
KNGC.TO,20240917,9.89,9.89,9.89,9.89,800
KNT.TO,20240917,8.1,8.5,8.04,8.37,1024387
KPT.TO,20240917,8.51,8.52,8.42,8.45,40791
KRN.TO,20240917,0.125,0.125,0.125,0.125,3500
KSI.TO,20240917,4.84,4.97,4.81,4.97,11358
KXS.TO,20240917,156.49,156.49,151.92,153.25,52003
L.TO,20240917,181.35,181.97,173.45,175.03,524110
L.PR.B.TO,20240917,23.4,23.4,23.34,23.39,908
LAAC.TO,20240917,3.4,3.5,3.38,3.49,202339
LABS.TO,20240917,0.065,0.07,0.065,0.065,377731
LAC.TO,20240917,3.25,3.35,3.22,3.31,337042
LAM.TO,20240917,0.48,0.48,0.435,0.44,585172
LAS.A.TO,20240917,170,170,169.26,170,1381
LB.TO,20240917,26.71,27.23,26.71,27.06,457750
LB.PR.H.TO,20240917,22.23,22.4,22.22,22.3,7386
LBS.TO,20240917,8.18,8.35,8.18,8.32,168819
LBS.PR.A.TO,20240917,10.64,10.75,10.61,10.61,61964
LCFS.TO,20240917,2.36,2.37,2.13,2.13,29150
LCS.TO,20240917,8.18,8.23,8.14,8.14,11597
LCS.PR.A.TO,20240917,10.44,10.44,10.43,10.43,1800
LEAD.TO,20240917,19.66,19.66,19.66,19.66,200
LEV.TO,20240917,1.01,1.04,0.99,1.02,286178
LEV.WT.A.TO,20240917,0.12,0.12,0.11,0.11,15269
LFE.TO,20240917,5.88,6,5.8,5.88,78050
LFE.PR.B.TO,20240917,10.36,10.37,10.31,10.33,16993
LGD.TO,20240917,0.355,0.365,0.35,0.355,381194
LGO.TO,20240917,2.37,2.37,2.3,2.3,12007
LIF.TO,20240917,30.5,30.53,29.98,30.23,251579
LIFE.TO,20240917,22.47,22.54,22.36,22.39,22444
LIFE.B.TO,20240917,26.64,26.64,26.64,26.64,513
LIRC.TO,20240917,5.98,6,5.9,5.9,992
LLHE.TO,20240917,12.19,12.19,11.83,11.86,18449
LLYH.TO,20240917,12.22,12.23,11.9,11.9,3929
LLYH.U.TO,20240917,11.93,11.93,11.93,11.93,400
LMAX.TO,20240917,16.45,16.45,16.32,16.33,17502
LN.TO,20240917,0.39,0.395,0.39,0.39,24339
LNF.TO,20240917,30.1,30.1,29.6,29.79,56169
LNR.TO,20240917,60.78,61.82,60.74,61.31,104815
LPAY.TO,20240917,28.73,28.73,28.73,28.73,225
LSPD.TO,20240917,17.88,18.17,17.68,17.88,659344
LSPK.TO,20240917,0.45,0.46,0.44,0.46,7650
LUC.TO,20240917,0.49,0.49,0.465,0.465,144518
LUG.TO,20240917,29.3,29.7,29.19,29.28,246059
LUN.TO,20240917,12.51,12.81,12.41,12.56,2288758
LYFR.TO,20240917,10.16,10.16,10.16,10.16,100
MAG.TO,20240917,19.38,19.86,19.31,19.65,139554
MAL.TO,20240917,9.3,9.36,9.29,9.32,57603
MARI.TO,20240917,3.9,3.93,3.9,3.93,1048
MATR.TO,20240917,14.31,14.76,14.2,14.65,288936
MBAL.TO,20240917,24.7,24.74,24.7,24.74,401
MBX.TO,20240917,0.345,0.345,0.34,0.34,33749
MCAD.TO,20240917,100.24,100.25,100.24,100.24,1500
MCB.TO,20240917,2.05,2.05,2.02,2.02,1300
MCLC.TO,20240917,40,40,39.94,39.94,900
MCON.TO,20240917,22.07,22.07,22.04,22.04,9400
MCSB.TO,20240917,19.8,19.8,19.77,19.77,3590
MDA.TO,20240917,16.71,16.8,16.48,16.65,101892
MDI.TO,20240917,7.84,8.01,7.77,7.85,112788
MDIV.TO,20240917,17.23,17.23,17.23,17.23,674
MDNA.TO,20240917,2.07,2.07,1.92,2.01,158522
MDP.TO,20240917,2.33,2.47,2.33,2.42,34600
MDVD.TO,20240917,26.05,26.14,26.04,26.14,4000
MEG.TO,20240917,24.65,24.96,24.46,24.91,1988007
MEME.B.TO,20240917,29.44,29.44,29.44,29.44,200
MEQ.TO,20240917,193.91,194.2,193.35,194.2,693
MEQT.TO,20240917,23.91,23.91,23.91,23.91,100
MFC.TO,20240917,38.54,38.73,38.29,38.43,5151580
MFC.PR.B.TO,20240917,20.72,20.72,20.59,20.64,126475
MFC.PR.C.TO,20240917,20.29,20.3,20.23,20.28,132600
MFC.PR.F.TO,20240917,16.57,16.7,16.57,16.7,421
MFC.PR.I.TO,20240917,24.55,24.58,24.51,24.55,1544
MFC.PR.J.TO,20240917,24.55,24.66,24.5,24.5,3500
MFC.PR.K.TO,20240917,24.46,24.46,24.34,24.44,3575
MFC.PR.L.TO,20240917,23.12,23.19,23.12,23.15,3400
MFC.PR.M.TO,20240917,21.61,21.61,21.51,21.59,4300
MFC.PR.N.TO,20240917,21.27,21.3,21.26,21.27,4000
MFC.PR.Q.TO,20240917,24.35,24.35,24.35,24.35,300
MFI.TO,20240917,22.19,22.37,22.1,22.2,70132
MFT.TO,20240917,17.09,17.09,17.07,17.07,19938
MG.TO,20240917,55,56.54,54.81,56.03,780455
MGA.TO,20240917,0.275,0.2825,0.265,0.265,862266
MGB.TO,20240917,16.78,16.79,16.75,16.75,600
MGDV.TO,20240917,21.07,21.08,21.02,21.04,1200
MGQE.TO,20240917,20.67,20.67,20.59,20.59,864
MGRW.TO,20240917,27.6,27.6,27.6,27.6,200
MHC.U.TO,20240917,15.55,15.79,15.55,15.62,12825
MHC.UN.TO,20240917,21.35,21.36,21.02,21.25,4800
MHCD.TO,20240917,12.46,12.46,12.3,12.3,2804
MI.UN.TO,20240917,16.85,16.97,16.6,16.97,277270
MIC.PR.A.TO,20240917,21.5,21.57,21.5,21.57,200
MID.UN.TO,20240917,7.33,7.35,7.33,7.35,2700
MIN.TO,20240917,0.14,0.14,0.14,0.14,13100
MINF.TO,20240917,10.06,10.06,10.06,10.06,1500
MINN.TO,20240917,19.73,20.12,19.73,20.12,534
MINT.TO,20240917,37.41,37.41,37.41,37.41,351
MINT.B.TO,20240917,34.25,34.26,34.25,34.26,300
MIQE.TO,20240917,20.44,20.44,20.43,20.43,2000
MKB.TO,20240917,19.58,19.58,19.51,19.53,30994
MKP.TO,20240917,17.5,17.79,17.5,17.77,60270
MKZ.UN.TO,20240917,0.41,0.41,0.37,0.37,5511
MND.TO,20240917,3.51,3.51,3.37,3.45,49001
MNO.TO,20240917,0.405,0.405,0.39,0.4,152500
MNS.TO,20240917,23.3,23.3,23.18,23.2,2800
MNT.TO,20240917,36.7,36.7,35.85,35.85,19182
MNU.U.TO,20240917,100.3,100.3,100.28,100.28,457
MNY.TO,20240917,100.26,100.26,100.25,100.26,8694
MOGO.TO,20240917,1.53,1.65,1.53,1.65,28650
MORE.TO,20240917,20.91,20.94,20.89,20.94,2500
MPAY.TO,20240917,27.74,27.74,27.7,27.7,1307
MPC.TO,20240917,5.08,5.1,5.08,5.1,2231
MPC.C.TO,20240917,4.98,4.98,4.98,4.98,200
MPCT.UN.TO,20240917,3.89,4.16,3.89,4.09,47877
MPVD.TO,20240917,0.135,0.14,0.125,0.13,268061
MR.DB.B.TO,20240917,99.63,99.63,99.63,99.63,7000
MR.UN.TO,20240917,4.83,4.87,4.83,4.86,83428
MRC.TO,20240917,118.96,118.96,118.04,118.04,1650
MRD.TO,20240917,12.77,12.85,12.77,12.85,5252
MRE.TO,20240917,11.28,11.6,11.28,11.56,98107
MREL.TO,20240917,13.47,13.5,13.43,13.47,13372
MRG.UN.TO,20240917,18.85,19.22,18.84,19.2,34927
MRT.DB.A.TO,20240917,97.9,97.9,97.9,97.9,4000
MRT.UN.TO,20240917,5.72,5.74,5.7,5.74,25413
MRU.TO,20240917,86.56,87.1,84.47,84.69,409987
MSA.TO,20240917,1.09,1.09,1.05,1.06,58548
MSCL.TO,20240917,0.49,0.49,0.48,0.48,8000
MSFH.TO,20240917,12.41,12.41,12.28,12.3,5105
MSFH.U.TO,20240917,12.32,12.33,12.32,12.32,700
MSHE.TO,20240917,12.55,12.55,12.36,12.37,12610
MSV.TO,20240917,0.165,0.17,0.165,0.17,2500
MTAV.TO,20240917,27.19,27.19,27.19,27.19,100
MTL.TO,20240917,14.29,14.33,14.11,14.22,265585
MTY.TO,20240917,42.4,43.04,42.38,42.62,26250
MUB.TO,20240917,18.7,18.7,18.58,18.58,15483
MULC.TO,20240917,51.19,51.19,50.84,50.84,300
MULC.B.TO,20240917,56.42,56.42,56.03,56.03,400
MULV.TO,20240917,21.77,21.77,21.75,21.75,2000
MUMC.TO,20240917,43.9,43.9,43.69,43.69,200
MUMC.B.TO,20240917,48.8,48.8,48.8,48.8,100
MUX.TO,20240917,12.85,12.86,12.45,12.45,26342
MWLV.TO,20240917,22.97,22.97,22.67,22.68,4250
MX.TO,20240917,52.68,54,52.63,53.45,111020
MXG.TO,20240917,3.86,3.86,3.78,3.8,10140
NA.TO,20240917,127,127.43,126.53,127.37,2110574
NA.PR.C.TO,20240917,26.3,26.37,26.27,26.3,61300
NA.PR.E.TO,20240917,24.85,24.9,24.8,24.9,3900
NA.PR.G.TO,20240917,26.06,26.06,25.88,26.05,2648
NA.PR.S.TO,20240917,25.12,25.22,25.02,25.02,3659
NA.PR.W.TO,20240917,23.16,23.16,23.11,23.11,6200
NA.R.TO,20240917,123.5,123.85,123.25,123.85,4613
NALT.TO,20240917,23.42,23.42,23.32,23.33,7447
NANO.TO,20240917,0.72,0.74,0.71,0.73,62501
NCF.TO,20240917,0.02,0.02,0.02,0.02,8000
NCP.TO,20240917,0.98,0.99,0.92,0.92,3250
NDM.TO,20240917,0.5,0.51,0.48,0.48,55878
NEO.TO,20240917,7.76,7.99,7.75,7.89,56308
NEXT.TO,20240917,0.66,0.68,0.66,0.68,7500
NFI.TO,20240917,18.33,18.4,17.68,17.9,229331
NFI.DB.TO,20240917,96.25,96.25,95.96,96,3027999
NG.TO,20240917,5.85,5.92,5.76,5.77,144757
NGD.TO,20240917,4.23,4.24,4.07,4.13,1430278
NGEX.TO,20240917,9.81,9.9,9.61,9.86,102833
NGPE.TO,20240917,49.5,49.5,49.5,49.5,100
NGT.TO,20240917,72.01,72.58,71.17,72.26,244666
NHYB.TO,20240917,22.01,22.02,22,22,3100
NINT.TO,20240917,26.62,26.67,26.62,26.67,800
NOA.TO,20240917,24.86,25.55,24.86,25.47,36597
NOVC.TO,20240917,1.76,1.76,1.73,1.75,6352
NPI.TO,20240917,22.77,23.15,22.77,22.95,1110229
NPI.PR.A.TO,20240917,17.82,18.2,17.82,18.2,2100
NPI.PR.B.TO,20240917,19.44,19.75,19.39,19.39,4000
NPK.TO,20240917,0.62,0.64,0.61,0.64,25735
NPRF.TO,20240917,23.23,23.35,23.23,23.35,6600
NPS.TO,20240917,13.16,13.16,13.16,13.16,122
NPS.PR.A.TO,20240917,10.83,10.9,10.83,10.9,30000
NREA.TO,20240917,22.07,22.07,22.07,22.07,2100
NRR.UN.TO,20240917,18,18.09,17.81,17.88,4137
NSCB.TO,20240917,23,23,23,23,909
NSCC.TO,20240917,22.62,22.62,22.6,22.6,2600
NSCE.TO,20240917,43.03,43.03,42.85,42.86,1730
NSGE.TO,20240917,41.94,41.94,41.94,41.94,100
NSSB.TO,20240917,10.14,10.16,10.14,10.16,2500
NTR.TO,20240917,63.58,64.26,63.42,63.78,4212573
NUAG.TO,20240917,1.79,1.8,1.72,1.79,20750
NUMI.TO,20240917,0.035,0.035,0.03,0.03,154027
NUSA.TO,20240917,43.11,43.11,42.86,42.86,425
NVA.TO,20240917,11.58,11.8,11.51,11.79,614227
NVDH.TO,20240917,10.98,10.98,10.76,10.76,4945
NVDH.U.TO,20240917,11.02,11.02,11.02,11.02,600
NVEI.TO,20240917,45.21,45.27,45.21,45.25,50335
NVHE.TO,20240917,10.7,10.7,10.35,10.39,34347
NVHE.U.TO,20240917,10.38,10.38,10.38,10.38,152
NVO.TO,20240917,0.085,0.085,0.08,0.08,159730
NWC.TO,20240917,50.95,51.03,50.39,50.54,141343
NWH.DB.G.TO,20240917,100.61,100.61,100.61,100.61,15000
NWH.DB.H.TO,20240917,92.85,93,92.85,93,22000
NWH.DB.I.TO,20240917,95.8,95.8,95,95.5,121000
NWH.UN.TO,20240917,5.37,5.52,5.37,5.47,1254608
NXE.TO,20240917,7.85,7.88,7.72,7.75,1015304
NXF.TO,20240917,5.81,5.84,5.77,5.84,200297
NXF.B.TO,20240917,7.55,7.58,7.55,7.58,1809
NXF.U.TO,20240917,10.58,10.68,10.58,10.68,4699
NXR.UN.TO,20240917,9.08,9.15,8.98,9.03,125190
OBE.TO,20240917,7.84,7.99,7.74,7.98,141364
OGC.TO,20240917,3.9,3.99,3.86,3.97,1663762
OGD.TO,20240917,0.54,0.55,0.51,0.54,20274
OGI.TO,20240917,2.57,2.72,2.56,2.57,243843
OLA.TO,20240917,5.61,5.66,5.52,5.6,132954
OLY.TO,20240917,103.28,104,103.28,104,809
ONC.TO,20240917,1.32,1.35,1.27,1.3,177300
ONEX.TO,20240917,91.22,91.35,90.1,91.3,119996
OPT.TO,20240917,3.84,3.84,3.84,3.84,100
OR.TO,20240917,24.4,24.66,24.24,24.4,127021
ORA.TO,20240917,15.65,16.25,15.62,16.25,48797
ORE.TO,20240917,0.75,0.75,0.73,0.74,48845
ORV.TO,20240917,0.385,0.39,0.385,0.39,10686
OSK.TO,20240917,4.87,4.89,4.87,4.87,1230705
OTEX.TO,20240917,43.84,43.94,43.07,43.19,511631
OVV.TO,20240917,53.3,54.7,53.2,54.27,116384
PAAS.TO,20240917,28.66,29.19,28.3,28.43,707004
PABF.TO,20240917,23.41,23.44,23.41,23.44,23499
PACF.TO,20240917,22.98,23.01,22.98,22.98,4700
PAGF.TO,20240917,24.09,24.1,24.06,24.09,10100
PAY.TO,20240917,8.32,8.43,8.25,8.37,108669
PAYF.TO,20240917,18.93,18.93,18.92,18.92,619
PAYS.TO,20240917,20.12,20.12,20.12,20.12,1929
PBH.TO,20240917,92.4,93.98,92,93.93,56660
PBH.DB.G.TO,20240917,99.51,99.98,99.5,99.8,165000
PBH.DB.H.TO,20240917,95.99,95.99,95.5,95.99,92000
PBH.DB.I.TO,20240917,97.39,97.39,97.15,97.15,170000
PBI.TO,20240917,44.06,44.06,43.81,43.81,1300
PBL.TO,20240917,23.91,24.18,23.47,24.01,28708
PBY.UN.TO,20240917,15.26,15.3,15.26,15.28,1700
PCOR.TO,20240917,18.92,18.92,18.8,18.81,800
PD.TO,20240917,88.35,90,87.81,89.87,88548
PDC.TO,20240917,33.44,33.53,33.36,33.42,4124
PDF.TO,20240917,33.3,33.3,33.17,33.19,988
PDIV.TO,20240917,9.62,9.62,9.56,9.57,3893
PEA.TO,20240917,0.26,0.265,0.26,0.265,37885
PET.TO,20240917,25.6,26.23,25.6,26.12,49334
PEY.TO,20240917,14.6,14.82,14.54,14.79,1134477
PFAA.TO,20240917,11.56,11.56,11.44,11.51,11475
PFAE.TO,20240917,19.42,19.42,19.42,19.42,102
PFH.F.TO,20240917,18.34,18.34,18.3,18.31,800
PFIA.TO,20240917,10,10,10,10,11500
PFL.TO,20240917,19.6,19.61,19.6,19.6,9594
PFLS.TO,20240917,17.73,17.73,17.73,17.73,150
PFMN.TO,20240917,14.98,14.98,14.8,14.9,19861
PFSS.TO,20240917,9.44,9.44,9.44,9.44,100
PGI.UN.TO,20240917,7.61,7.65,7.57,7.58,9097
PGIC.TO,20240917,6.84,7.55,6.84,7.55,1300
PGIC.PR.A.TO,20240917,10.1,10.1,10.1,10.1,2559
PHX.TO,20240917,9.25,9.42,9.23,9.4,68028
PHYS.TO,20240917,27.27,27.29,27.06,27.09,28220
PHYS.U.TO,20240917,20.05,20.05,19.92,19.93,5565
PIC.A.TO,20240917,4.03,4.04,4.01,4.02,12752
PIC.PR.A.TO,20240917,15.04,15.04,15.02,15.02,4438
PID.TO,20240917,24.23,24.31,24.18,24.18,500
PIF.TO,20240917,12.86,13.2,12.83,12.96,138627
PINC.TO,20240917,18.71,18.71,18.71,18.71,200
PIX.UN.TO,20240917,8.45,8.65,8.45,8.65,27019
PKI.TO,20240917,34.63,35.41,34.6,35.13,848429
PLDI.TO,20240917,19.07,19.07,19.07,19.07,10599
PLV.TO,20240917,25.01,25.01,25.01,25.01,1000
PLZ.UN.TO,20240917,3.86,3.91,3.86,3.91,119143
PME.TO,20240917,2.34,2.34,2.34,2.34,100
PMET.TO,20240917,3.59,3.82,3.57,3.82,202357
PMIF.TO,20240917,18.48,18.48,18.42,18.43,76652
PMM.TO,20240917,23.17,23.17,23.13,23.13,600
PMNT.TO,20240917,19.23,19.23,19.23,19.23,526
PMT.TO,20240917,0.415,0.47,0.415,0.45,201007
PMZ.UN.TO,20240917,16.01,16.12,15.83,15.94,78028
PNE.TO,20240917,0.92,0.96,0.92,0.95,132301
PNP.TO,20240917,7,7,6.97,7,7540
POU.TO,20240917,25.24,25.61,25.17,25.55,264881
POW.TO,20240917,42.47,42.7,42.19,42.51,7425471
POW.PR.A.TO,20240917,23.72,23.85,23.72,23.72,1300
POW.PR.B.TO,20240917,22.59,22.59,22.53,22.53,4547
POW.PR.C.TO,20240917,24.74,24.77,24.73,24.73,500
POW.PR.D.TO,20240917,21.28,21.5,21.28,21.41,1300
POW.PR.G.TO,20240917,23.46,23.52,23.46,23.47,1543
PPL.TO,20240917,55.38,55.63,55.07,55.29,5211716
PPL.PF.A.TO,20240917,23.6,23.79,23.6,23.63,2937
PPL.PF.E.TO,20240917,24.4,24.65,24.4,24.65,2000
PPL.PR.A.TO,20240917,22.12,22.12,22.1,22.1,2550
PPL.PR.C.TO,20240917,21.33,21.5,21.33,21.5,2600
PPL.PR.E.TO,20240917,23.86,23.97,23.83,23.83,9600
PPL.PR.G.TO,20240917,20.15,20.15,20.03,20.03,1600
PPL.PR.I.TO,20240917,23.29,23.29,23.29,23.29,500
PPL.PR.O.TO,20240917,22.2,22.2,22.19,22.19,200
PPL.PR.Q.TO,20240917,23.5,23.5,23.25,23.25,1000
PPL.PR.S.TO,20240917,24.35,24.35,24.1,24.35,1900
PPLN.TO,20240917,10.75,10.75,10.75,10.75,4481
PPR.TO,20240917,0.045,0.06,0.045,0.055,579212
PPTA.TO,20240917,12.26,12.65,12.01,12.1,88023
PR.TO,20240917,9.73,9.73,9.67,9.67,1975
PRB.TO,20240917,1.94,1.94,1.75,1.76,233962
PREF.TO,20240917,10.4,10.4,10.29,10.29,2200
PRL.TO,20240917,27.73,28.56,27.4,28.09,92775
PRMW.TO,20240917,33.04,33.81,32.98,33.8,189528
PRN.TO,20240917,10.71,10.71,10.43,10.45,7908
PRQ.TO,20240917,1.37,1.37,1.33,1.35,16700
PRU.TO,20240917,2.34,2.36,2.32,2.34,40324
PRV.UN.TO,20240917,5.9,5.99,5.87,5.87,104113
PRYM.TO,20240917,1.63,1.65,1.5,1.55,86167
PSA.TO,20240917,50.12,50.12,50.11,50.12,61641
PSB.TO,20240917,17.88,17.88,17.83,17.84,5725
PSD.TO,20240917,2.33,2.52,2.33,2.52,21910
PSI.TO,20240917,13.24,13.39,13.16,13.33,315383
PSK.TO,20240917,27.2,27.58,27.12,27.52,371432
PSLV.TO,20240917,14.12,14.24,14.03,14.07,93198
PSLV.U.TO,20240917,10.44,10.44,10.44,10.44,611
PSU.U.TO,20240917,100.28,100.29,100.28,100.29,2468
PTI.UN.TO,20240917,7.1,7.1,7.05,7.09,26122
PTM.TO,20240917,1.79,1.83,1.77,1.81,9150
PTO.UN.TO,20240917,7.8,7.81,7.77,7.78,30014
PVS.PR.G.TO,20240917,24.89,24.95,24.86,24.86,4400
PVS.PR.H.TO,20240917,24.75,24.75,24.75,24.75,3200
PVS.PR.I.TO,20240917,24.9,24.96,24.85,24.85,5800
PVS.PR.J.TO,20240917,24.38,24.4,24.38,24.4,900
PVS.PR.K.TO,20240917,24.15,24.39,24.15,24.21,2200
PWF.PF.A.TO,20240917,19.6,19.67,19.6,19.6,25800
PWF.PR.A.TO,20240917,13.15,13.15,13.15,13.15,1318
PWF.PR.E.TO,20240917,23.25,23.3,23.19,23.19,2655
PWF.PR.F.TO,20240917,22.31,22.4,22.29,22.4,1800
PWF.PR.G.TO,20240917,24.59,24.6,24.32,24.35,25400
PWF.PR.H.TO,20240917,23.91,23.91,23.87,23.87,1509
PWF.PR.K.TO,20240917,21.16,21.16,21.15,21.16,900
PWF.PR.L.TO,20240917,21.64,21.85,21.61,21.85,6300
PWF.PR.O.TO,20240917,24.15,24.15,24.07,24.07,600
PWF.PR.P.TO,20240917,14.97,14.97,14.97,14.97,300
PWF.PR.R.TO,20240917,23.2,23.2,23.05,23.1,9000
PWF.PR.S.TO,20240917,20.73,20.75,20.67,20.67,2200
PWF.PR.T.TO,20240917,22.82,22.82,22.62,22.75,4500
PWF.PR.Z.TO,20240917,21.76,21.77,21.75,21.77,1500
PWI.TO,20240917,8.43,8.44,8.4,8.43,25926
PXC.TO,20240917,40.62,40.62,40.48,40.48,300
PXT.TO,20240917,12.26,12.36,12.11,12.27,1984313
PYF.TO,20240917,17.59,17.59,17.54,17.54,4081
PYR.TO,20240917,0.81,0.82,0.8,0.82,34389
PZA.TO,20240917,12.86,12.94,12.8,12.9,65783
PZW.U.TO,20240917,25.87,25.89,25.87,25.89,600
QAH.TO,20240917,185.65,185.68,185.03,185.68,300
QASH.TO,20240917,50.36,50.38,50.36,50.37,1059
QBB.TO,20240917,94.99,95.02,94.94,95.01,1809
QBR.B.TO,20240917,34.6,34.79,33.93,34.12,716737
QBTC.TO,20240917,78.82,81.41,78.09,79.49,21438
QBTC.U.TO,20240917,57.35,59.76,57.35,58.65,2000
QBTL.TO,20240917,20.23,20.3,20.22,20.3,800
QCE.TO,20240917,144.67,144.67,144.67,144.67,100
QCN.TO,20240917,144.99,144.99,144.7,144.79,586
QDX.TO,20240917,121.82,121.82,120.85,120.98,901
QDXB.TO,20240917,89.75,89.78,89.73,89.78,900
QEC.TO,20240917,0.22,0.22,0.22,0.22,11359
QEE.TO,20240917,93.29,93.6,93.29,93.6,3201
QETH.U.TO,20240917,35.37,35.37,35.37,35.37,245
QETH.UN.TO,20240917,47.77,49.16,47.77,48.82,3147
QINF.TO,20240917,136.67,136.67,136.28,136.28,200
QIPT.TO,20240917,3.8,4,3.8,3.91,69095
QMAX.TO,20240917,19.7,19.78,19.55,19.62,39288
QQC.TO,20240917,31.64,31.71,31.32,31.43,42751
QQC.F.TO,20240917,155.39,155.63,153.96,154.29,3381
QQCC.TO,20240917,11.93,11.94,11.79,11.88,21183
QQCE.TO,20240917,26.95,26.95,26.66,26.76,1089
QQCI.TO,20240917,20.69,20.69,20.69,20.69,8618
QQCL.TO,20240917,22.57,22.57,22.24,22.43,22046
QQEQ.TO,20240917,26.1,26.1,26.1,26.1,126
QQQT.B.TO,20240917,29.71,29.71,29.71,29.71,137
QQQT.U.TO,20240917,28.93,28.93,28.93,28.93,100
QQQX.TO,20240917,28.95,29.1,28.79,28.87,14300
QQQX.U.TO,20240917,21.38,21.42,21.17,21.24,17100
QQQY.TO,20240917,25.36,25.36,24.9,25.02,13861
QRC.TO,20240917,0.72,0.72,0.71,0.71,10865
QSB.TO,20240917,99.49,99.49,99.49,99.49,197
QSR.TO,20240917,95.35,96.11,93.83,94.22,2772091
QTLT.TO,20240917,111.23,111.23,111.05,111.05,200
QTRH.TO,20240917,1.52,1.55,1.5,1.5,125717
QTRH.DB.TO,20240917,94.75,94.75,93.77,93.77,3000
QUB.TO,20240917,84.58,84.58,84.27,84.27,1620
QUIG.TO,20240917,89.68,89.7,89.68,89.7,200
QUU.TO,20240917,221.15,221.18,219.33,220.1,7304
RA.UN.TO,20240917,7.8,7.85,7.8,7.85,2300
RAY.A.TO,20240917,7.33,7.39,7.33,7.34,1989
RAY.B.TO,20240917,7.34,7.83,7.34,7.83,897
RBA.TO,20240917,116.25,116.55,113.54,114.74,88732
RBN.UN.TO,20240917,8.48,8.5,8.43,8.49,3007
RBNK.TO,20240917,26.68,26.76,26.66,26.73,12225
RBO.TO,20240917,18.75,18.75,18.75,18.75,255
RBOT.TO,20240917,29.53,29.56,29.53,29.56,617
RBY.TO,20240917,2.18,2.35,2.18,2.22,38176
RCDC.TO,20240917,21.19,21.19,21.04,21.04,2788
RCG.TO,20240917,7.4,7.41,7.36,7.41,1005
RCG.PR.B.TO,20240917,13.15,13.15,13.1,13.1,600
RCH.TO,20240917,39.95,40.18,39.4,39.88,29988
RCI.A.TO,20240917,56.09,57,56.03,56.06,1700
RCI.B.TO,20240917,55.61,56,55.23,55.49,2115822
RDBH.TO,20240917,20.7,20.7,20.69,20.69,200
REAL.TO,20240917,8.1,8.33,8.1,8.27,318293
REI.UN.TO,20240917,20.45,20.66,20.34,20.36,715952
RGQN.TO,20240917,20.46,20.46,20.46,20.46,16500
RGQS.TO,20240917,21.4,21.4,21.37,21.37,300
RID.TO,20240917,27.05,27.05,26.99,26.99,1700
RIIN.TO,20240917,21.08,21.1,21.07,21.07,3100
RIRA.TO,20240917,18.31,18.31,18.3,18.3,2000
RIT.TO,20240917,17.97,18.1,17.97,18.02,6509
RLB.TO,20240917,18.79,18.79,18.79,18.79,4500
RMAX.TO,20240917,18.85,18.87,18.72,18.74,18836
ROOT.TO,20240917,2.2,2.2,2.2,2.2,102
RPF.TO,20240917,21.09,21.09,20.97,20.97,3752
RPI.UN.TO,20240917,30.17,30.64,30.17,30.56,846
RPSB.TO,20240917,20.1,20.11,20.1,20.1,1100
RQN.TO,20240917,20.43,20.45,20.43,20.44,189866
RQO.TO,20240917,18.69,18.69,18.67,18.68,10131
RQP.TO,20240917,18.32,18.32,18.28,18.28,6947
RQQ.TO,20240917,22.12,22.12,22.07,22.07,13825
RQR.TO,20240917,22.02,22.02,21.97,21.97,29379
RQS.TO,20240917,21.3,21.3,21.28,21.28,4000
RS.TO,20240917,13.19,13.43,13.09,13.42,31822
RS.PR.A.TO,20240917,10.16,10.17,10.15,10.17,4968
RSI.TO,20240917,5.78,5.78,5.72,5.73,171571
RSI.DB.F.TO,20240917,99.4,99.4,99.35,99.35,50000
RUD.TO,20240917,69.96,69.96,69.5,69.66,785
RUD.U.TO,20240917,51.46,51.46,51.05,51.22,400
RUDB.TO,20240917,21.1,21.1,21.1,21.1,1875
RUDB.U.TO,20240917,15.54,15.54,15.54,15.54,1500
RUDC.TO,20240917,22.03,22.03,22.03,22.03,200
RUDH.TO,20240917,48.54,48.54,48.54,48.54,100
RUP.TO,20240917,3.89,3.89,3.75,3.81,82229
RUQN.TO,20240917,20.18,20.18,20.18,20.18,32176
RUQO.U.TO,20240917,15.05,15.05,15.05,15.05,4500
RUQS.TO,20240917,21.3,21.3,21.3,21.3,300
RUS.TO,20240917,38.99,39.4,38.57,38.92,226401
RVX.TO,20240917,0.065,0.065,0.065,0.065,105000
RXD.TO,20240917,20.79,20.79,20.71,20.71,3500
RXD.U.TO,20240917,15.23,15.23,15.23,15.23,2600
RY.TO,20240917,167.93,168.17,166.33,167.05,1977059
RY.PR.J.TO,20240917,24.08,24.08,24.01,24.01,15413
RY.PR.M.TO,20240917,23.85,23.85,23.76,23.76,900
RY.PR.N.TO,20240917,24.3,24.34,24.25,24.25,1800
RY.PR.O.TO,20240917,24.17,24.17,24.17,24.17,400
RY.PR.S.TO,20240917,25.4,25.41,25.39,25.4,1600
S.TO,20240917,0.195,0.2,0.195,0.2,127347
SAM.TO,20240917,0.105,0.105,0.105,0.105,22249
SAP.TO,20240917,29.45,29.5,28.82,29.01,539614
SAU.TO,20240917,0.07,0.07,0.07,0.07,141740
SBC.TO,20240917,9.7,9.75,9.65,9.74,33594
SBC.PR.A.TO,20240917,10.4,10.64,10.4,10.42,15988
SBI.TO,20240917,1.56,1.6,1.52,1.59,71673
SBT.B.TO,20240917,22.25,22.25,22.25,22.25,100
SCR.TO,20240917,28.14,28.2,27.63,28.19,25141
SCY.TO,20240917,0.015,0.015,0.015,0.015,35000
SDE.TO,20240917,3.78,3.93,3.76,3.93,229921
SEA.TO,20240917,23.95,24.09,23.67,23.72,49597
SEC.TO,20240917,328,328,328,328,300
SES.TO,20240917,11.84,11.95,11.71,11.95,555157
SFC.TO,20240917,5.67,5.7,5.51,5.66,19508
SFD.TO,20240917,0.25,0.25,0.25,0.25,30000
SFI.TO,20240917,0.29,0.29,0.275,0.275,30000
SFTC.TO,20240917,17.9,19.07,17.9,18.86,8144
SGLD.TO,20240917,0.085,0.09,0.085,0.085,119063
SGNL.TO,20240917,0.085,0.09,0.085,0.085,147410
SGR.UN.TO,20240917,13.85,14.08,13.85,13.91,112805
SGY.TO,20240917,6.1,6.2,6.03,6.2,315161
SHLE.TO,20240917,11.75,11.88,11.51,11.65,14375
SHOP.TO,20240917,102.75,103.05,100.2,101.27,2450088
SIA.TO,20240917,16.89,16.99,16.75,16.81,199226
SIH.UN.TO,20240917,12.6,12.76,12.58,12.76,5800
SII.TO,20240917,55.58,56.48,55.58,56.18,16163
SIL.TO,20240917,13.08,13.38,12.82,12.95,432360
SIS.TO,20240917,20.84,21.16,20.79,21.12,183945
SJ.TO,20240917,94.27,94.52,92.57,92.78,75198
SKE.TO,20240917,11.62,12.15,11.48,12.15,313260
SKYY.TO,20240917,23.73,23.73,23.73,23.73,100
SLF.TO,20240917,76.92,77.13,76.44,76.69,603527
SLF.PR.C.TO,20240917,20.84,20.86,20.65,20.67,4552
SLF.PR.D.TO,20240917,20.66,20.66,20.21,20.31,20502
SLF.PR.E.TO,20240917,20.87,20.87,20.8,20.8,9100
SLF.PR.G.TO,20240917,16.7,16.7,16.7,16.7,400
SLF.PR.H.TO,20240917,19.62,19.92,19.62,19.65,6010
SLF.PR.J.TO,20240917,16.7,16.7,16.64,16.64,1400
SLF.PR.K.TO,20240917,19.23,19.45,19,19.45,3170
SLR.TO,20240917,1.08,1.09,0.99,1.02,32800
SLS.TO,20240917,3.07,3.2,3.05,3.17,136638
SMAX.TO,20240917,19,19,18.91,18.91,10822
SMC.TO,20240917,0.015,0.015,0.01,0.01,731998
SMT.TO,20240917,0.68,0.68,0.65,0.65,166200
SOIL.TO,20240917,2.42,2.45,2.4,2.44,72589
SOLG.TO,20240917,0.185,0.195,0.185,0.19,110621
SOT.DB.A.TO,20240917,35,35,35,35,31000
SOT.DB.B.TO,20240917,36,36,30,35,38000
SOT.UN.TO,20240917,0.365,0.37,0.36,0.36,82552
SOY.TO,20240917,9.13,9.23,9.09,9.2,39242
SPAY.TO,20240917,27.05,27.05,26.92,26.92,1659
SPB.TO,20240917,7.94,8,7.85,7.93,872120
SPLT.TO,20240917,10.68,10.68,10.65,10.66,34647
SPPP.TO,20240917,13.86,14.02,13.83,14.01,2667
SRU.UN.TO,20240917,27.01,27.28,26.79,27.05,277954
SRV.UN.TO,20240917,12.15,12.15,12.02,12.02,7976
SSF.UN.TO,20240917,7,7.03,7,7.03,400
SSL.TO,20240917,8.45,8.52,8.32,8.36,214001
SSRM.TO,20240917,8,8.06,7.85,7.87,422187
STC.TO,20240917,8,8.24,8,8,13127
STCK.TO,20240917,9.9,9.9,9.75,9.85,5188
STEP.TO,20240917,3.76,3.83,3.74,3.8,40439
STGO.TO,20240917,0.67,0.69,0.67,0.68,32379
STLC.TO,20240917,65.16,65.65,65.16,65.53,122765
STLR.TO,20240917,1.2,1.21,1.17,1.17,220268
STN.TO,20240917,107.74,108.66,106.82,107.48,276180
STPL.TO,20240917,24.94,24.94,24.93,24.93,1375
SU.TO,20240917,50.3,50.67,49.93,50.66,9473317
SVA.TO,20240917,0.245,0.25,0.24,0.245,147190
SVB.TO,20240917,0.14,0.14,0.13,0.13,11954
SVI.TO,20240917,4.94,4.99,4.87,4.87,247443
SVI.DB.C.TO,20240917,97,97,97,97,20000
SVM.TO,20240917,5.38,5.65,5.36,5.56,587621
SVR.TO,20240917,14.87,14.87,14.75,14.75,3014
SVR.C.TO,20240917,15.82,15.82,15.82,15.82,272
SWP.TO,20240917,3.57,3.57,3.55,3.55,5202
SXP.TO,20240917,4,4.02,3.9,3.99,5705
SYLD.TO,20240917,18.85,18.85,18.85,18.85,100
SYZ.TO,20240917,11.1,11.1,11.03,11.07,21958
T.TO,20240917,23.05,23.17,22.84,22.94,2674490
TA.TO,20240917,12.51,12.86,12.47,12.84,1273570
TA.PR.D.TO,20240917,14.9,14.91,14.9,14.9,500
TA.PR.E.TO,20240917,16.79,17,16.79,17,14500
TA.PR.F.TO,20240917,19.71,19.82,19.71,19.82,600
TA.PR.G.TO,20240917,19.74,20.05,19.74,19.81,2824
TA.PR.H.TO,20240917,23.25,23.45,23.25,23.45,500
TA.PR.J.TO,20240917,23.35,23.35,23.3,23.33,21600
TAL.TO,20240917,0.62,0.64,0.62,0.64,452052
TBAL.TO,20240917,18.54,18.54,18.44,18.44,1068
TBCE.TO,20240917,25.43,25.43,25.43,25.43,25300
TBCF.TO,20240917,25.71,25.71,25.68,25.69,7800
TBCG.TO,20240917,25.92,25.92,25.9,25.9,14300
TBIL.TO,20240917,50.1,50.1,50.1,50.1,1000
TBL.TO,20240917,3.73,3.82,3.5,3.7,26152
TBNK.TO,20240917,28.98,29.09,28.98,29.09,1550
TBUE.U.TO,20240917,25.24,25.24,25.24,25.24,300
TBUF.U.TO,20240917,25.46,25.46,25.46,25.46,1000
TC.TO,20240917,31.07,31.24,30.45,30.53,3415
TCL.A.TO,20240917,16.7,17.03,16.7,16.94,250654
TCLB.TO,20240917,125.49,125.49,125.08,125.12,13469
TCLV.TO,20240917,22.14,22.16,22.14,22.15,400
TCON.TO,20240917,15.45,15.45,15.42,15.45,9800
TCS.TO,20240917,39.85,40.04,39.85,39.85,2511
TCSB.TO,20240917,14.79,14.79,14.76,14.76,3902
TCSH.TO,20240917,50.15,50.15,50.13,50.14,28153
TCW.TO,20240917,4.7,4.79,4.61,4.75,1158604
TD.TO,20240917,85.76,85.94,85.3,85.51,8439874
TD.PF.A.TO,20240917,24.55,24.6,24.53,24.53,4427
TD.PF.C.TO,20240917,24,24.06,24,24.06,2800
TD.PF.D.TO,20240917,24.05,24.05,23.99,23.99,7404
TD.PF.E.TO,20240917,23.82,23.82,23.8,23.8,4500
TD.PF.I.TO,20240917,26,26.05,25.95,26,3500
TD.PF.J.TO,20240917,25,25,25,25,1490
TDB.TO,20240917,13.34,13.34,13.3,13.31,51036
TDOC.TO,20240917,19.75,19.75,19.48,19.52,4931
TEC.TO,20240917,39.32,39.4,38.94,39.13,63715
TEC.U.TO,20240917,28.93,28.93,28.69,28.69,1000
TECH.TO,20240917,15.36,15.52,15.36,15.44,8712
TECH.B.TO,20240917,17.76,17.76,17.62,17.62,331
TECI.TO,20240917,8.08,8.08,8.01,8.01,4000
TECK.A.TO,20240917,63.82,63.82,63.63,63.63,1600
TECK.B.TO,20240917,63.77,64.3,63.3,63.59,1572409
TECX.TO,20240917,26.65,26.65,26.65,26.65,300
TERM.TO,20240917,9.66,9.68,9.65,9.66,51564
TF.TO,20240917,8.15,8.23,8.13,8.18,89364
TF.DB.F.TO,20240917,102.03,102.06,102.03,102.06,70000
TFII.TO,20240917,197.34,201.64,196.1,201.4,122632
TFPM.TO,20240917,23.01,23.45,22.94,22.97,100347
TGAF.TO,20240917,21.9,21.95,21.9,21.95,200
TGED.TO,20240917,25.2,25.2,24.98,25.04,26767
TGED.U.TO,20240917,18.35,18.35,18.35,18.35,1100
TGFI.TO,20240917,20.79,20.8,20.79,20.79,700
TGGR.TO,20240917,26.95,26.95,26.73,26.75,1714
TGO.TO,20240917,2.2,2.23,2.17,2.19,34426
TGRE.TO,20240917,15.8,15.8,15.76,15.76,304
TGRO.TO,20240917,22.04,22.04,21.82,21.85,10225
TH.TO,20240917,1.93,1.93,1.87,1.88,6576
The.TO,20240917,25.28,25.35,25.26,25.27,2202
THNC.TO,20240917,2.99,2.99,2.94,2.95,9194
THU.TO,20240917,37.68,37.7,37.39,37.39,800
TI.TO,20240917,0.205,0.205,0.205,0.205,4981
TIH.TO,20240917,128.97,129.38,127.94,128.51,157818
TILV.TO,20240917,17.19,17.19,17.19,17.19,100
TINF.TO,20240917,20.9,20.94,20.8,20.8,3800
TIPS.TO,20240917,30.46,30.46,30.46,30.46,100
TIPS.F.TO,20240917,29.41,29.41,29.41,29.41,200
TIXT.TO,20240917,5.01,5.21,5,5.09,380308
TKN.TO,20240917,17.37,17.38,17.14,17.14,590
TKN.U.TO,20240917,12.67,12.67,12.67,12.67,300
TKO.TO,20240917,2.9,2.94,2.87,2.91,206347
TLF.TO,20240917,24,24,23.76,23.78,2930
TLF.U.TO,20240917,26.12,26.12,25.8,25.84,600
TLG.TO,20240917,0.4,0.4,0.38,0.38,61395
TLO.TO,20240917,0.085,0.09,0.085,0.085,66378
TLRY.TO,20240917,2.45,2.55,2.45,2.48,1021775
TLV.TO,20240917,33.05,33.05,32.87,32.88,1030
TMD.TO,20240917,0.055,0.055,0.055,0.055,12058
TMQ.TO,20240917,0.7,0.7,0.67,0.69,3500
TNT.UN.TO,20240917,13.32,14.05,13.32,13.4,81555
TNZ.TO,20240917,8.3,8.35,8.19,8.24,17941
TOT.TO,20240917,9.14,9.35,9.14,9.26,35789
TOU.TO,20240917,59.38,59.68,58.87,59.6,1933525
TOWR.TO,20240917,31.1,31.16,31.1,31.15,8400
TOY.TO,20240917,29.49,29.95,29.49,29.81,49635
TPE.TO,20240917,22.86,22.86,22.7,22.75,5175
TPRF.TO,20240917,10.79,10.83,10.79,10.8,17383
TPU.TO,20240917,43.53,43.56,43.17,43.32,72852
TPU.U.TO,20240917,32.39,32.39,32.21,32.26,400
TPX.B.TO,20240917,76.74,76.74,76.2,76.2,838
TPZ.TO,20240917,25.12,25.55,25.12,25.52,298605
TQCD.TO,20240917,18.62,18.66,18.54,18.59,74163
TQGD.TO,20240917,19.57,19.6,19.42,19.48,32626
TQSM.TO,20240917,23.76,23.82,23.55,23.61,11490
TRI.TO,20240917,235.09,235.81,227.25,228.52,398890
TRI.PR.B.TO,20240917,13.61,13.75,13.6,13.75,2700
TRP.TO,20240917,63.66,63.88,63.01,63.07,5356107
TRP.PR.A.TO,20240917,16.95,17,16.95,16.96,1400
TRP.PR.B.TO,20240917,13.43,13.47,13.4,13.47,123680
TRP.PR.C.TO,20240917,14.08,14.09,14.07,14.08,2800
TRP.PR.D.TO,20240917,21.35,21.35,21.03,21.15,18783
TRP.PR.E.TO,20240917,19.01,19.05,18.97,18.98,10175
TRP.PR.F.TO,20240917,17.1,17.15,17.1,17.12,1000
TRP.PR.H.TO,20240917,14.35,14.38,14.35,14.38,700
TRP.PR.I.TO,20240917,15.15,15.35,15.15,15.35,800
TRVI.TO,20240917,19.46,19.46,19.46,19.46,114
TRVL.TO,20240917,24.62,25,24.62,24.84,4743
TRX.TO,20240917,0.57,0.57,0.57,0.57,1000
TRZ.TO,20240917,1.82,1.86,1.81,1.83,36233
TSAT.TO,20240917,14.2,15.5,14.2,15.3,5041
TSK.TO,20240917,0.41,0.41,0.385,0.385,17500
TSL.TO,20240917,2.6,2.62,2.57,2.61,18271
TSND.TO,20240917,1.58,1.62,1.55,1.58,53446
TSU.TO,20240917,40.38,40.8,39.94,40.55,77915
TTNM.TO,20240917,2.16,2.18,2.15,2.18,9105
TTP.TO,20240917,27.25,27.3,27.07,27.14,18394
TTTX.TO,20240917,21.47,21.47,21.47,21.47,1351
TUED.TO,20240917,27.9,27.9,27.64,27.75,29319
TUEX.TO,20240917,25.62,25.62,25.62,25.62,200
TULB.TO,20240917,123.31,123.31,122.92,122.99,1904
TULV.TO,20240917,21.84,21.84,21.67,21.68,2500
TUSB.TO,20240917,14.13,14.13,14.13,14.13,800
TVE.TO,20240917,3.9,3.99,3.88,3.99,2562528
TVK.TO,20240917,99.85,99.9,98.09,99,30364
TWM.TO,20240917,0.27,0.3,0.27,0.3,1600684
TXF.TO,20240917,21.43,21.48,21.19,21.3,13183
TXF.B.TO,20240917,26.43,26.43,26.43,26.43,104
TXG.TO,20240917,25.73,26.41,25.56,26.17,309829
TXP.TO,20240917,0.61,0.61,0.6,0.61,9010
U.U.TO,20240917,17.97,18.13,17.55,17.81,29842
U.UN.TO,20240917,24.49,24.74,23.85,24.17,599311
UBIL.U.TO,20240917,50.08,50.08,50.07,50.07,5149
UCSH.U.TO,20240917,50.13,50.13,50.13,50.13,1572
UDIV.TO,20240917,13.75,13.75,13.66,13.66,1400
UDIV.B.TO,20240917,14.43,14.43,14.4,14.41,12200
ULV.C.TO,20240917,35.61,35.61,35.37,35.37,1071
ULV.F.TO,20240917,51.66,51.66,51.47,51.47,578
UMAX.TO,20240917,15.24,15.24,15.05,15.08,79163
UMI.TO,20240917,33.48,33.48,33.48,33.48,100
UMNY.U.TO,20240917,50.14,50.14,50.14,50.14,400
UNC.TO,20240917,124.02,124.02,124.02,124.02,100
URB.TO,20240917,5.41,5.41,5.31,5.31,225
URB.A.TO,20240917,4.93,4.93,4.93,4.93,419
URC.TO,20240917,2.95,3.03,2.95,2.99,265929
URC.WT.TO,20240917,0.96,1,0.96,1,91050
URE.TO,20240917,1.6,1.6,1.52,1.56,38645
USA.TO,20240917,0.37,0.38,0.35,0.35,193502
USCC.TO,20240917,18.89,18.89,18.68,18.71,15200
USCC.U.TO,20240917,13.82,13.82,13.78,13.78,1000
USCL.TO,20240917,22.16,22.16,21.87,21.93,10621
USSL.TO,20240917,21.28,21.28,21.28,21.28,178
USSX.TO,20240917,29.29,29.29,29.15,29.23,17500
USSX.U.TO,20240917,21.6,21.6,21.46,21.49,2800
UTES.TO,20240917,10.5,10.5,10.28,10.3,24935
UTIL.TO,20240917,22.6,22.6,22.42,22.45,1817
VA.TO,20240917,39.34,39.34,39.32,39.32,1040
VAB.TO,20240917,23.51,23.52,23.45,23.46,110831
VALT.TO,20240917,31.96,31.96,31.85,31.9,1111
VBAL.TO,20240917,32.5,32.5,32.34,32.4,103129
VBNK.TO,20240917,17.97,18.27,17.54,17.54,14961
VBNK.PR.A.TO,20240917,10.07,10.07,10.07,10.07,2111
VCB.TO,20240917,24.25,24.25,24.2,24.22,7304
VCE.TO,20240917,52.5,52.5,52.07,52.17,25272
VCIP.TO,20240917,26.46,26.46,26.46,26.46,325
VCM.TO,20240917,22.2,22.34,22.2,22.2,2700
VCN.TO,20240917,48.66,48.72,48.32,48.46,81513
VCNS.TO,20240917,29.2,29.2,29.13,29.13,3954
VDU.TO,20240917,44.36,44.42,44.09,44.2,46032
VDY.TO,20240917,48.02,48.07,47.79,47.95,96457
VE.TO,20240917,36.92,36.94,36.71,36.71,1168
VEE.TO,20240917,36.64,36.64,36.45,36.51,28635
VEF.TO,20240917,56.13,56.16,55.78,55.88,4102
VEQT.TO,20240917,43.18,43.23,42.9,43,107433
VET.TO,20240917,12.76,13.07,12.71,13.01,646234
VFV.TO,20240917,136.8,137.01,135.75,136.21,171832
VGG.TO,20240917,91.37,91.37,90.71,90.96,10959
VGH.TO,20240917,64.26,64.26,63.9,64.04,2300
VGRO.TO,20240917,36.01,36.01,35.77,35.84,95154
VGV.TO,20240917,23.05,23.05,22.98,22.98,5407
VGZ.TO,20240917,0.96,0.96,0.91,0.93,3000
VHI.TO,20240917,8.8,9.09,8.75,9,142495
VI.TO,20240917,39.15,39.27,39.07,39.16,6068
VIDY.TO,20240917,31.86,31.95,31.72,31.75,10628
VIU.TO,20240917,35.28,35.32,35.07,35.16,35195
VLB.TO,20240917,22.04,22.05,21.92,21.93,48902
VLE.TO,20240917,4.54,4.54,4.41,4.5,90614
VLN.TO,20240917,6.5,6.51,6.34,6.5,4900
VMO.TO,20240917,59.79,59.98,59.55,59.55,1668
VNP.TO,20240917,7.25,7.25,7.15,7.23,49520
VOXR.TO,20240917,3.69,3.71,3.62,3.65,1600
VQS.TO,20240917,0.19,0.19,0.19,0.19,1474
VRE.TO,20240917,35.13,35.19,34.87,34.91,4345
VRIF.TO,20240917,25.06,25.07,25.02,25.02,6006
VRN.TO,20240917,8.59,8.78,8.57,8.77,3884576
VRTS.TO,20240917,0.015,0.015,0.015,0.015,6373
VSB.TO,20240917,23.38,23.38,23.35,23.35,23928
VSC.TO,20240917,24.08,24.08,24.05,24.05,15100
VSP.TO,20240917,91.83,92.11,91.22,91.49,25438
VUN.TO,20240917,103.1,103.28,102.4,102.66,22507
VUS.TO,20240917,98.95,99.19,98.42,98.52,2230
VVL.TO,20240917,50.17,50.45,50.14,50.31,3567
VVO.TO,20240917,38.15,38.15,38.05,38.05,300
VVSG.TO,20240917,50.07,50.07,50.06,50.06,1106
VXC.TO,20240917,60.88,60.88,60.36,60.57,30985
VXM.TO,20240917,32.85,32.85,32.85,32.85,100
WCM.A.TO,20240917,2.6,2.6,2.6,2.6,200
WCN.TO,20240917,252.16,252.63,246.48,246.7,254575
WCP.TO,20240917,10.15,10.34,10.11,10.32,2333401
WDO.TO,20240917,13.62,13.64,13.29,13.35,332313
WEED.TO,20240917,6.89,6.92,6.53,6.65,1146451
WEF.TO,20240917,0.47,0.475,0.455,0.465,851933
WELL.TO,20240917,4.37,4.39,4.3,4.38,456529
WELL.DB.TO,20240917,95.08,95.08,95.08,95.08,2000
WFC.TO,20240917,19.53,20.1,19.5,19.5,2300
WFG.TO,20240917,125,126.74,124.99,126.58,95576
WGX.TO,20240917,2.5,2.5,2.42,2.45,289744
WILD.TO,20240917,1.33,1.41,1.31,1.32,19100
WJX.TO,20240917,24.64,24.84,24.5,24.79,16911
WJX.DB.TO,20240917,100.06,100.06,100.05,100.06,34000
WLLW.TO,20240917,0.09,0.095,0.09,0.095,35719
WM.TO,20240917,0.07,0.07,0.06,0.065,3079180
WN.TO,20240917,227.56,227.78,220.23,221.66,221906
WN.PR.A.TO,20240917,24.4,24.4,24.25,24.25,2614
WN.PR.C.TO,20240917,21.99,22.12,21.97,22.02,3810
WN.PR.D.TO,20240917,21.97,22.19,21.96,22.18,5000
WN.PR.E.TO,20240917,20.35,20.44,20.35,20.38,4800
WNDR.TO,20240917,0.15,0.155,0.145,0.15,266319
WPK.TO,20240917,45.16,45.55,44.88,45.49,71004
WPM.TO,20240917,84.08,84.97,83.56,83.92,469845
WPRT.TO,20240917,6.74,6.83,6.55,6.58,29038
WRG.TO,20240917,2.85,2.85,2.85,2.85,700
WRN.TO,20240917,1.59,1.63,1.59,1.61,37671
WRX.TO,20240917,0.07,0.07,0.065,0.065,25007
WSP.TO,20240917,234.49,234.58,230.5,231.71,154609
WSRD.TO,20240917,30.3,30.38,30.3,30.38,2461
WSRI.TO,20240917,43.32,43.32,43.32,43.32,100
WTE.TO,20240917,23.29,23.69,23.29,23.66,54441
WXM.TO,20240917,29.18,29.22,29.18,29.22,1055
X.TO,20240917,43.76,43.8,43.25,43.45,223870
XAD.TO,20240917,64.25,64.25,63.95,64.12,518
XAGG.TO,20240917,38.26,38.26,38.26,38.26,621
XAGH.TO,20240917,34.81,34.81,34.68,34.68,486
XAM.TO,20240917,0.05,0.05,0.045,0.045,48000
XAU.TO,20240917,9.3,9.5,8.88,9.1,8030
XAW.TO,20240917,42.37,42.43,42.1,42.2,25255
XBAL.TO,20240917,29.62,29.63,29.48,29.52,59671
XBB.TO,20240917,28.79,28.81,28.72,28.74,150207
XBM.TO,20240917,20,20.16,19.95,20.04,14084
XCB.TO,20240917,20.25,20.25,20.19,20.19,46427
XCBG.TO,20240917,37.79,37.79,37.79,37.79,200
XCG.TO,20240917,52.99,52.99,52.48,52.51,688
XCH.TO,20240917,16.98,17.15,16.98,17.03,26191
XCHP.TO,20240917,52.35,52.35,51.66,51.67,714
XCLN.TO,20240917,32.8,32.8,32.79,32.79,261
XCNS.TO,20240917,23.31,23.33,23.26,23.27,20694
XCS.TO,20240917,20.57,20.59,20.56,20.59,2337
XCSR.TO,20240917,70.75,70.89,70.53,70.58,1652
XCV.TO,20240917,38,38.04,37.91,37.97,1881
XDG.TO,20240917,27.06,27.06,26.97,27.01,5005
XDG.U.TO,20240917,20.02,20.02,20.02,20.02,1700
XDGH.TO,20240917,27.23,27.23,27.06,27.06,1385
XDIV.TO,20240917,29.41,29.47,29.26,29.37,103135
XDSR.TO,20240917,60.34,60.34,60.01,60.1,524
XDU.TO,20240917,30.91,30.91,30.82,30.84,1929
XDV.TO,20240917,30.8,30.86,30.67,30.78,70966
XEB.TO,20240917,16.51,16.51,16.49,16.49,4200
XEC.TO,20240917,28.43,28.51,28.38,28.42,35552
XEF.TO,20240917,38.76,38.76,38.42,38.5,54697
XEF.U.TO,20240917,28.31,28.31,28.31,28.31,4900
XEG.TO,20240917,16.87,17.05,16.8,17.05,880283
XEI.TO,20240917,27.1,27.19,26.99,27.08,83364
XEM.TO,20240917,32.36,32.36,32.28,32.28,10337
XEMC.TO,20240917,48.78,48.78,48.71,48.71,608
XEN.TO,20240917,35.11,35.11,35.02,35.02,400
XEQT.TO,20240917,32.17,32.19,31.94,32.03,147577
XESG.TO,20240917,28.71,28.71,28.58,28.65,4000
XEU.TO,20240917,31.15,31.15,31.12,31.12,611
XEXP.TO,20240917,47.81,47.83,47.81,47.83,3400
XFH.TO,20240917,31.87,31.87,31.67,31.76,2989
XFLB.TO,20240917,51.07,51.07,51.07,51.07,300
XFN.TO,20240917,55.87,55.88,55.57,55.73,95288
XFR.TO,20240917,20.11,20.12,20.11,20.11,23303
XGB.TO,20240917,19.83,19.83,19.76,19.77,86347
XGD.TO,20240917,23.51,23.65,23.27,23.46,264559
XGRO.TO,20240917,29.39,29.39,29.19,29.25,28854
XHB.TO,20240917,19.75,19.78,19.75,19.77,2284
XHC.TO,20240917,76.66,76.66,76,76.15,1339
XHD.TO,20240917,34.63,34.63,34.56,34.56,2362
XHU.TO,20240917,32.56,32.63,32.48,32.54,1100
XHY.TO,20240917,16.98,16.98,16.93,16.95,10086
XIC.TO,20240917,38.05,38.12,37.81,37.93,346001
XID.TO,20240917,57.49,57.5,57.41,57.41,2152
XIG.TO,20240917,20.95,20.97,20.95,20.96,25052
XIGS.TO,20240917,38.01,38.01,38.01,38.01,1100
XIN.TO,20240917,36.04,36.04,35.81,35.9,2655
XINC.TO,20240917,20.55,20.56,20.55,20.56,9697
XIT.TO,20240917,56.49,56.56,55.69,55.71,10095
XIU.TO,20240917,36.13,36.13,35.82,35.91,1577283
XLB.TO,20240917,20.12,20.13,20,20.03,102642
XLVE.TO,20240917,8.58,8.58,8.52,8.52,600
XLY.TO,20240917,0.035,0.04,0.035,0.035,257469
XMA.TO,20240917,21.96,22.09,21.93,21.97,25494
XMC.TO,20240917,32.14,32.25,31.95,32.06,23405
XMC.U.TO,20240917,23.77,23.77,23.7,23.73,300
XMD.TO,20240917,36.35,36.46,36.25,36.36,2614
XMF.PR.C.TO,20240917,3.39,3.39,3.39,3.39,1100
XMH.TO,20240917,27.72,27.76,27.53,27.63,4275
XMI.TO,20240917,39.79,39.79,39.79,39.79,100
XML.TO,20240917,27.77,27.77,27.77,27.77,500
XMM.TO,20240917,29.32,29.32,29.32,29.32,300
XMS.TO,20240917,37.94,37.94,37.79,37.79,200
XMTM.TO,20240917,32.92,32.92,32.66,32.78,800
XMU.TO,20240917,83.45,83.45,83.06,83.06,939
XMV.TO,20240917,45.83,45.83,45.5,45.5,1400
XMW.TO,20240917,54.75,54.75,54.75,54.75,400
XPF.TO,20240917,15.49,15.52,15.49,15.51,649
XQB.TO,20240917,19.34,19.34,19.29,19.3,4912
XQLT.TO,20240917,39.54,39.55,39.23,39.28,13244
XQQ.TO,20240917,49.19,49.35,48.68,48.92,164470
XQQU.TO,20240917,63.44,63.44,62.72,62.93,2151
XQQU.U.TO,20240917,46.6,46.6,46.11,46.23,1300
XRB.TO,20240917,23.18,23.21,23.08,23.21,31970
XRE.TO,20240917,17.82,17.89,17.7,17.72,259518
XSAB.TO,20240917,18.53,18.53,18.47,18.47,2893
XSB.TO,20240917,26.93,26.93,26.88,26.89,22193
XSE.TO,20240917,18.38,18.38,18.36,18.38,2222
XSEA.TO,20240917,26.48,26.56,26.48,26.56,509
XSEM.TO,20240917,20.51,20.51,20.43,20.48,5034
XSH.TO,20240917,19.02,19.03,19.01,19.02,12759
XSHU.TO,20240917,42.37,42.37,42.37,42.37,474
XSMC.TO,20240917,31.79,31.81,31.47,31.47,15005
XSMH.TO,20240917,28.68,28.89,28.68,28.7,11835
XSP.TO,20240917,59.08,59.24,58.65,58.86,119934
XSPC.TO,20240917,41.13,41.13,41.13,41.13,2235
XST.TO,20240917,53.47,53.47,52.41,52.47,6804
XSTB.TO,20240917,19.77,19.77,19.76,19.76,509
XSTH.TO,20240917,37.55,37.55,37.55,37.55,600
XSU.TO,20240917,42.57,43,42.41,42.52,45100
XSUS.TO,20240917,40.95,40.95,40.62,40.76,7172
XTC.TO,20240917,8.04,8.19,8.04,8.13,10758
XTD.TO,20240917,2.14,2.24,2.14,2.22,12894
XTD.PR.A.TO,20240917,10,10,10,10,19800
XTG.TO,20240917,1.41,1.43,1.41,1.41,5899
XTLH.TO,20240917,38.22,38.23,37.94,37.94,72277
XTLT.TO,20240917,39.46,39.46,39.06,39.08,35926
XTR.TO,20240917,11.24,11.27,11.24,11.25,27716
XTRA.TO,20240917,0.65,0.67,0.65,0.67,94191
XTRA.WT.TO,20240917,0.2,0.2,0.2,0.2,12000
XUH.TO,20240917,46.77,46.77,46.39,46.45,7468
XUS.TO,20240917,47.78,47.87,47.43,47.58,136130
XUS.U.TO,20240917,35.69,35.71,35.41,35.45,2300
XUSC.TO,20240917,41.32,41.32,41.01,41.14,11000
XUSR.TO,20240917,84.84,84.84,83.72,83.9,5411
XUT.TO,20240917,28.59,28.7,28.36,28.43,120227
XUU.TO,20240917,56.88,56.9,56.4,56.47,9570
XVLU.TO,20240917,27.6,27.64,27.45,27.45,1200
XWD.TO,20240917,90.46,90.46,89.72,89.85,2917
Y.TO,20240917,9.7,9.79,9.67,9.68,2754
YGR.TO,20240917,1.04,1.05,1.03,1.04,5127
ZACE.TO,20240917,44.3,44.3,44.13,44.13,200
ZAG.TO,20240917,14.13,14.13,14.09,14.09,179633
ZBAL.TO,20240917,39.52,39.52,39.35,39.38,3411
ZBI.TO,20240917,30.19,30.19,30.11,30.11,1400
ZBK.TO,20240917,31.83,32.14,31.72,31.83,31919
ZCB.TO,20240917,47.55,47.64,47.55,47.64,300
ZCH.TO,20240917,13.29,13.47,13.29,13.47,7211
ZCLN.TO,20240917,15.32,15.5,15.32,15.47,4165
ZCM.TO,20240917,15.59,15.6,15.59,15.59,1218
ZCN.TO,20240917,31.98,31.98,31.74,31.82,53571
ZCON.TO,20240917,35.1,35.1,35.05,35.05,300
ZCS.TO,20240917,13.88,13.88,13.87,13.87,12311
ZCS.L.TO,20240917,24.26,24.26,24.26,24.26,600
ZDB.TO,20240917,15.28,15.29,15.26,15.26,4040
ZDH.TO,20240917,27.2,27.2,26.97,27,6904
ZDI.TO,20240917,24.52,24.52,24.37,24.42,6241
ZDJ.TO,20240917,64.7,64.9,64.4,64.51,2259
ZDM.TO,20240917,29.51,29.51,29.42,29.51,5508
ZDV.TO,20240917,21.97,22,21.84,21.89,39698
ZDY.TO,20240917,44.14,44.2,43.93,43.96,5630
ZDY.U.TO,20240917,33.35,33.35,33.14,33.14,500
ZEA.TO,20240917,23.66,23.66,23.45,23.52,15504
ZEB.TO,20240917,40.21,40.28,40.13,40.22,1036224
ZEF.TO,20240917,12.78,12.78,12.72,12.73,925
ZEM.TO,20240917,21.22,21.28,21.18,21.25,3711
ZEO.TO,20240917,70.62,70.94,70.54,70.87,8658
ZEQ.TO,20240917,31.2,31.22,31.07,31.15,2050
ZEQT.TO,20240917,49.34,49.37,49.05,49.05,5666
ZESG.TO,20240917,37.4,37.4,37.11,37.11,1404
ZFH.TO,20240917,14.85,14.85,14.84,14.84,6786
ZFL.TO,20240917,13.75,13.75,13.66,13.66,104881
ZFM.TO,20240917,15,15,15,15,24274
ZFN.TO,20240917,51.13,51.13,50.98,50.98,1500
ZFS.TO,20240917,13.87,13.87,13.85,13.86,1900
ZGB.TO,20240917,47.05,47.05,46.92,46.92,2403
ZGD.TO,20240917,107.5,107.5,107.23,107.24,1422
ZGI.TO,20240917,49.89,49.97,49.89,49.97,1612
ZGLD.TO,20240917,37.93,37.93,37.53,37.61,2632
ZGLH.TO,20240917,36.45,36.45,36.45,36.45,100
ZGQ.TO,20240917,67.56,67.8,67.08,67.41,7833
ZGRN.TO,20240917,37.82,37.84,37.82,37.84,2000
ZGRO.TO,20240917,44.2,44.2,43.97,44,1455
ZGRO.T.TO,20240917,34.26,34.26,34.26,34.26,104
ZGSB.TO,20240917,28.13,28.15,28.13,28.15,200
ZHP.TO,20240917,19.18,19.18,19.18,19.18,100
ZHU.TO,20240917,44.94,44.94,44.94,44.94,100
ZHY.TO,20240917,11.47,11.51,11.4,11.51,14094
ZIC.TO,20240917,18.28,18.28,18.23,18.25,18250
ZIC.U.TO,20240917,13.58,13.58,13.58,13.58,200
ZID.TO,20240917,53.5,53.56,53.38,53.56,6075
ZIU.TO,20240917,55.18,55.18,54.83,54.92,594
ZJG.TO,20240917,94.9,95.33,94.89,95.21,409
ZJK.TO,20240917,18.6,18.6,18.54,18.56,4826
ZJPN.TO,20240917,35.19,35.19,34.97,34.97,1316
ZJPN.F.TO,20240917,44.63,44.63,44.63,44.63,428
ZLB.TO,20240917,48.7,48.71,48.18,48.26,27466
ZLC.TO,20240917,15.62,15.65,15.54,15.56,32764
ZLH.TO,20240917,36.04,36.04,35.85,35.85,700
ZLI.TO,20240917,26.81,26.81,26.81,26.81,7819
ZLU.TO,20240917,55.27,55.27,54.73,54.87,21033
ZMBS.TO,20240917,30.1,30.1,30.1,30.1,100
ZMI.TO,20240917,17.42,17.42,17.33,17.37,10485
ZMI.U.TO,20240917,28.88,28.88,28.88,28.88,100
ZMID.TO,20240917,45.03,45.03,44.7,44.7,2502
ZMMK.TO,20240917,50.01,50.01,50,50.01,138268
ZMP.TO,20240917,14.17,14.17,14.17,14.17,1404
ZMT.TO,20240917,65.66,65.66,65.12,65.4,2721
ZMU.TO,20240917,13.13,13.14,13.12,13.14,7609
ZNQ.TO,20240917,86.1,86.15,85.24,85.5,5177
ZNQ.U.TO,20240917,42.58,42.58,42.27,42.34,400
ZPAY.TO,20240917,31.69,31.69,31.62,31.62,3722
ZPAY.F.TO,20240917,29.28,29.28,29.28,29.28,300
ZPH.TO,20240917,14.98,14.98,14.98,14.98,1489
ZPL.TO,20240917,12.98,12.98,12.9,12.91,5018
ZPR.TO,20240917,10.52,10.54,10.51,10.51,81281
ZPS.TO,20240917,12.4,12.4,12.39,12.39,521
ZPW.TO,20240917,15.94,15.94,15.8,15.8,2328
ZQB.TO,20240917,29.19,29.19,29.18,29.18,500
ZQQ.TO,20240917,136.96,137.25,135.5,135.99,42519
ZRE.TO,20240917,23.71,23.8,23.63,23.71,18586
ZRR.TO,20240917,14.7,14.71,14.7,14.71,8476
ZSB.TO,20240917,48.93,48.93,48.83,48.83,5651
ZSDB.TO,20240917,30.66,30.66,30.66,30.66,300
ZSML.TO,20240917,41.36,41.6,41.36,41.57,1595
ZSP.TO,20240917,84.23,84.35,83.58,83.83,194729
ZSP.U.TO,20240917,61.97,62.05,61.55,61.64,6136
ZST.TO,20240917,48.99,48.99,48.98,48.98,19963
ZST.L.TO,20240917,59.74,59.74,59.73,59.73,3600
ZSU.TO,20240917,13.56,13.57,13.56,13.57,859
ZUAG.TO,20240917,31.76,31.76,31.76,31.76,100
ZUAG.F.TO,20240917,30.78,30.78,30.75,30.75,1100
ZUB.TO,20240917,29.23,29.51,29.12,29.24,37195
ZUCM.TO,20240917,30.24,30.24,30.24,30.24,228
ZUCM.U.TO,20240917,30.06,30.06,30.06,30.06,400
ZUD.TO,20240917,30.69,30.69,30.62,30.62,3843
ZUE.TO,20240917,78.24,78.54,77.79,77.98,13280
ZUH.TO,20240917,73.26,73.3,73.16,73.25,1067
ZUP.TO,20240917,21.66,21.68,21.66,21.67,300
ZUQ.TO,20240917,83.84,83.84,83.1,83.11,6690
ZUQ.F.TO,20240917,52.2,52.3,51.88,51.88,768
ZUQ.U.TO,20240917,54.32,54.32,54.06,54.06,400
ZUT.TO,20240917,22.25,22.42,22.14,22.26,23173
ZVC.TO,20240917,29.08,29.08,29.01,29.01,200
ZWA.TO,20240917,26.44,26.44,26.36,26.36,3106
ZWB.TO,20240917,19.28,19.28,19.24,19.25,133045
ZWC.TO,20240917,18.15,18.15,18.03,18.06,57526
ZWE.TO,20240917,20.73,20.73,20.62,20.68,8661
ZWEN.TO,20240917,28.01,28.37,28.01,28.37,5540
ZWG.TO,20240917,31.46,31.46,31.33,31.37,1092
ZWH.TO,20240917,24.23,24.26,24.11,24.17,18152
ZWH.U.TO,20240917,24.45,24.45,24.38,24.38,200
ZWK.TO,20240917,22,22.15,21.92,22,24367
ZWP.TO,20240917,18.6,18.66,18.53,18.53,8122
ZWQT.TO,20240917,17.04,17.04,16.89,16.89,740
ZWS.TO,20240917,21.05,21.11,20.97,20.99,13700
ZWT.TO,20240917,45.59,45.59,45.25,45.25,1614
ZWU.TO,20240917,11.25,11.25,11.18,11.2,262280
ZZZD.TO,20240917,29.28,29.28,29.28,29.28,513
