<ticker>,<date>,<open>,<high>,<low>,<close>,<vol>
AAB.TO,20231219,0.025,0.025,0.025,0.025,145400
AAUC.TO,20231219,3.49,3.55,3.41,3.45,162061
AAV.TO,20231219,8.33,8.46,8.19,8.46,521001
ABX.TO,20231219,23.74,24.33,23.7,24.12,1939083
AC.TO,20231219,18.28,18.66,18.24,18.66,1946797
ACB.TO,20231219,0.63,0.64,0.62,0.64,535675
ACD.TO,20231219,4.67,4.68,4.67,4.68,200
ACO.X.TO,20231219,37.39,37.77,37.01,37.43,188421
ACO.Y.TO,20231219,39.49,39.49,39.49,39.49,100
ACQ.TO,20231219,20.94,21.43,20.94,21.2,26954
AD.DB.TO,20231219,97.75,97.75,97.75,97.75,3000
AD.DB.A.TO,20231219,91,91.75,91,91.75,46999
AD.UN.TO,20231219,16.14,16.41,16.11,16.35,84658
ADCO.TO,20231219,0.185,0.185,0.185,0.185,17500
ADEN.TO,20231219,28.87,31.05,28.87,30.84,372121
ADN.TO,20231219,17.31,17.31,17.01,17.05,6988
ADW.A.TO,20231219,4.52,4.75,4.52,4.69,56960
AEG.TO,20231219,0.28,0.28,0.25,0.25,27500
AEM.TO,20231219,73.07,74.69,72.88,73.93,941548
AEZS.TO,20231219,2.83,2.83,2.75,2.75,500
AFN.TO,20231219,50.94,52.17,50.89,51.68,36747
AFN.DB.F.TO,20231219,98.06,98.5,98.05,98.05,118000
AFN.DB.G.TO,20231219,97,97,97,97,3000
AFN.DB.H.TO,20231219,96,96.98,95,96,121000
AFN.DB.I.TO,20231219,124,124,124,124,20000
AFN.DB.J.TO,20231219,95.5,95.6,95.49,95.6,72000
AGF.B.TO,20231219,7.6,7.65,7.57,7.59,28970
AGI.TO,20231219,18.35,19.02,18.22,18.85,595870
AI.TO,20231219,10.36,10.43,10.29,10.4,49053
AI.DB.D.TO,20231219,92.6,92.6,91,91,37000
AI.DB.E.TO,20231219,97.12,97.12,96.5,96.5,40000
AI.DB.G.TO,20231219,81.01,81.06,81.01,81.01,164000
AIDX.TO,20231219,0.79,0.79,0.76,0.79,73133
AIF.TO,20231219,42.17,42.55,42.02,42.37,31354
AII.TO,20231219,0.51,0.52,0.5,0.5,53010
AIM.TO,20231219,3.04,3.1,3.02,3.09,22074
AIM.PR.A.TO,20231219,15.49,16.08,15.49,16.08,11900
AKT.A.TO,20231219,1.33,1.42,1.33,1.42,90800
ALA.TO,20231219,27.17,27.35,26.87,27.18,863529
ALA.PR.A.TO,20231219,15.88,16.24,15.8,15.9,2601
ALA.PR.B.TO,20231219,18.5,18.64,18.5,18.5,4200
ALA.PR.G.TO,20231219,21.25,21.25,21.25,21.25,600
ALA.PR.H.TO,20231219,22,22,22,22,1500
ALC.TO,20231219,15,15,14.6,14.7,16229
ALC.DB.A.TO,20231219,103.62,103.62,102.07,102.07,38000
ALS.TO,20231219,18.56,18.89,18.56,18.81,65929
ALYA.TO,20231219,1.54,1.62,1.53,1.61,30329
AMC.TO,20231219,2.25,2.4,2.22,2.4,114460
AMM.TO,20231219,0.2,0.2,0.2,0.2,500
AND.TO,20231219,39.84,40,39.1,39.75,20929
AOI.TO,20231219,2.48,2.53,2.48,2.53,283188
AOT.TO,20231219,0.465,0.47,0.45,0.455,265391
AP.UN.TO,20231219,19.87,20.21,19.84,20.12,505022
APLI.TO,20231219,0.035,0.035,0.035,0.035,104000
APR.UN.TO,20231219,10.66,10.73,10.58,10.6,11436
APS.TO,20231219,3.13,3.16,3.07,3.16,4618
AQN.TO,20231219,8.56,8.73,8.55,8.65,2691719
AQN.PR.A.TO,20231219,20,20.08,19.75,20,7993
AQN.PR.D.TO,20231219,20.02,20.02,19.6,19.6,2300
AR.TO,20231219,0.43,0.445,0.42,0.435,8110171
ARA.TO,20231219,0.53,0.53,0.5,0.5,117114
ARB.TO,20231219,26.02,26.13,26.02,26.13,1400
ARE.TO,20231219,12.08,12.21,12.01,12.21,174922
ARG.TO,20231219,1.32,1.36,1.28,1.32,222708
ARIS.TO,20231219,4.24,4.39,4.24,4.33,110193
ARIS.WT.A.TO,20231219,0.25,0.25,0.25,0.25,5000
ARKG.TO,20231219,13.54,14.06,13.54,14.06,340
ARKK.TO,20231219,20.25,20.77,20.25,20.71,16763
ARKW.TO,20231219,24.04,24.09,23.96,24.09,2900
ARR.TO,20231219,7.79,8.04,7.69,7.96,87647
ARX.TO,20231219,19.31,19.82,19.31,19.72,2181942
ASCU.TO,20231219,1.76,1.86,1.76,1.81,148655
ASM.TO,20231219,0.68,0.69,0.66,0.66,69863
ASND.TO,20231219,0.095,0.095,0.095,0.095,3000
ASTL.TO,20231219,12.22,12.62,12.21,12.53,64236
ASTL.WT.TO,20231219,1.95,2.16,1.95,2.03,2550
ATCU.TO,20231219,0.34,0.36,0.34,0.36,46000
ATD.TO,20231219,75.39,76.3,75,76.04,998187
ATH.TO,20231219,3.92,4.05,3.9,4.05,3679194
ATRL.TO,20231219,41.37,42.43,41.35,42.3,181359
ATS.TO,20231219,57.26,58.81,57.26,58.6,169064
ATZ.TO,20231219,25.38,26.07,25.15,25.95,419616
AUGB.F.TO,20231219,40.51,40.62,40.51,40.62,200
AUMN.TO,20231219,0.66,0.68,0.66,0.68,4568
AVCN.TO,20231219,0.4,0.4,0.4,0.4,10499
AVL.TO,20231219,0.1,0.105,0.1,0.1,48505
AVNT.TO,20231219,0.135,0.145,0.135,0.145,62734
AW.UN.TO,20231219,31.68,31.95,31.56,31.56,17826
AX.PR.E.TO,20231219,16.47,16.47,16.39,16.39,1728
AX.PR.I.TO,20231219,16.12,16.15,15.86,16.05,12661
AX.UN.TO,20231219,6.35,6.48,6.35,6.48,131925
AXIS.TO,20231219,0.065,0.07,0.065,0.07,26000
AYA.TO,20231219,10.15,10.44,10.06,10.15,220137
BABY.TO,20231219,0.25,0.275,0.215,0.225,1345113
BAM.TO,20231219,51.41,52.41,51.41,52.16,949054
BANK.TO,20231219,7.35,7.39,7.32,7.37,45092
BASE.TO,20231219,27.5,27.55,27.5,27.55,2381
BB.TO,20231219,5.62,5.75,5.57,5.62,948945
BBD.A.TO,20231219,50.56,52.5,50.56,52.28,4861
BBD.B.TO,20231219,50.52,52.49,50.45,52.21,309762
BBD.PR.B.TO,20231219,16.51,16.51,16.35,16.35,1117
BBD.PR.C.TO,20231219,17.8,17.85,17.8,17.8,500
BBU.UN.TO,20231219,25.9,26.68,25.9,26.21,26291
BBUC.TO,20231219,30.08,30.19,29.36,29.48,29126
BCE.TO,20231219,51.65,51.89,51.26,51.35,2916426
BCE.PR.A.TO,20231219,15.76,15.76,15.57,15.7,6200
BCE.PR.B.TO,20231219,18.27,18.35,18.21,18.21,10444
BCE.PR.C.TO,20231219,16.05,16.47,16.05,16.47,8350
BCE.PR.D.TO,20231219,17.76,18,17.76,17.94,15430
BCE.PR.E.TO,20231219,17.96,17.98,17.89,17.98,3570
BCE.PR.F.TO,20231219,15.8,15.86,15.6,15.81,8400
BCE.PR.G.TO,20231219,15,15,14.9,14.91,101056
BCE.PR.H.TO,20231219,18.25,18.26,18.18,18.23,22395
BCE.PR.I.TO,20231219,14.36,14.94,14.36,14.66,922
BCE.PR.J.TO,20231219,18.02,18.02,17.99,18.02,700
BCE.PR.K.TO,20231219,14.08,14.1,14,14.1,2600
BCE.PR.L.TO,20231219,15.65,15.65,15.65,15.65,901
BCE.PR.M.TO,20231219,14.61,14.61,14.58,14.58,4900
BCE.PR.N.TO,20231219,16.5,16.55,16.49,16.55,3115
BCE.PR.Q.TO,20231219,21.58,22.28,21.58,22.28,40896
BCE.PR.R.TO,20231219,14.8,15,14.8,14.96,4500
BCE.PR.S.TO,20231219,18,18,18,18,1300
BCE.PR.T.TO,20231219,16.58,16.75,16.58,16.58,5000
BCE.PR.Y.TO,20231219,17.92,17.95,17.7,17.91,21099
BCE.PR.Z.TO,20231219,16.66,16.76,16.55,16.61,1820
BCT.TO,20231219,5.61,5.67,5.5,5.5,2000
BDGI.TO,20231219,40.2,41.16,40.06,40.97,47487
BDI.TO,20231219,8.4,8.52,8.25,8.34,41367
BDIV.TO,20231219,18.35,18.35,18.35,18.35,100
BDT.TO,20231219,14.33,14.7,14.33,14.54,134820
BEI.UN.TO,20231219,69.23,69.85,69,69.43,121908
BEK.B.TO,20231219,12.79,12.79,12.79,12.79,200
BEP.PR.G.TO,20231219,21.1,21.12,21.05,21.05,4417
BEP.PR.M.TO,20231219,18.05,18.05,17.88,18,16400
BEP.PR.R.TO,20231219,17.2,17.2,17.1,17.2,6500
BEP.UN.TO,20231219,35.15,36.06,35.15,35.93,299235
BEPC.TO,20231219,38.19,38.86,38.19,38.62,155544
BEPR.TO,20231219,8.75,8.82,8.75,8.82,6900
BESG.TO,20231219,15.93,16.04,15.93,16.03,1530
BGI.UN.TO,20231219,4.14,4.16,4.13,4.15,10657
BGU.TO,20231219,39.85,39.85,39.85,39.85,847
BGU.U.TO,20231219,29.91,29.91,29.9,29.91,700
BHC.TO,20231219,9.89,10.14,9.89,10.07,258315
BIK.PR.A.TO,20231219,22.76,22.76,22.22,22.22,3077
BIP.PR.A.TO,20231219,17.08,17.08,17.05,17.05,11500
BIP.PR.B.TO,20231219,21.2,21.25,21.13,21.18,5800
BIP.PR.E.TO,20231219,20.5,20.51,20.5,20.5,24553
BIP.PR.F.TO,20231219,19.55,19.67,19.5,19.67,11267
BIP.UN.TO,20231219,40.8,41.42,40,40.85,301144
BIPC.TO,20231219,46.79,47.88,46.2,46.56,178955
BIR.TO,20231219,5.87,5.89,5.69,5.83,3153829
BITF.TO,20231219,4,4.08,3.58,3.69,5593054
BITI.TO,20231219,7.89,8.06,7.89,7.99,39272
BK.TO,20231219,10.08,10.25,10.08,10.24,126165
BK.PR.A.TO,20231219,9.75,9.79,9.75,9.78,86088
BKCC.TO,20231219,14.01,14.13,14.01,14.13,2162
BKCL.TO,20231219,18.73,18.99,18.73,18.98,18152
BKI.TO,20231219,0.065,0.065,0.065,0.065,28500
BLCO.TO,20231219,20.4,20.61,20.4,20.56,2436
BLDP.TO,20231219,4.8,4.96,4.74,4.92,289725
BLN.TO,20231219,3.51,3.7,3.51,3.66,34992
BLX.TO,20231219,33.82,34.09,33.23,33.6,226797
BMAX.TO,20231219,12.47,12.57,12.47,12.55,4185
BMO.TO,20231219,126.54,128.26,126.48,128.17,1583253
BMO.PR.E.TO,20231219,24.25,24.25,24.18,24.25,1550
BMO.PR.T.TO,20231219,17.5,17.61,17.5,17.6,6900
BMO.PR.W.TO,20231219,17.1,17.2,16.96,17.2,13719
BN.TO,20231219,51.75,52.52,51.57,52.46,1117358
BN.PF.A.TO,20231219,20.3,20.49,20.1,20.49,4100
BN.PF.B.TO,20231219,16.95,17.09,16.95,17.05,4390
BN.PF.C.TO,20231219,16.66,16.8,16.64,16.64,4800
BN.PF.D.TO,20231219,16.93,17.1,16.93,16.95,3838
BN.PF.E.TO,20231219,14.86,15.1,14.85,15.01,5804
BN.PF.F.TO,20231219,16.93,17.09,16.93,17.09,9955
BN.PF.G.TO,20231219,15.9,15.93,15.77,15.77,3500
BN.PF.H.TO,20231219,19.7,19.8,19.51,19.51,5095
BN.PF.I.TO,20231219,19.01,19.14,18.6,18.92,6400
BN.PF.J.TO,20231219,19.6,19.6,19.35,19.35,21624
BN.PF.K.TO,20231219,14,14,14,14,560
BN.PR.B.TO,20231219,11.35,11.44,11.3,11.3,8458
BN.PR.C.TO,20231219,11.38,11.38,11.25,11.25,1900
BN.PR.K.TO,20231219,11.29,11.37,11.21,11.34,13300
BN.PR.M.TO,20231219,16.5,16.62,16.5,16.57,15404
BN.PR.N.TO,20231219,16.55,16.64,16.55,16.59,5008
BN.PR.R.TO,20231219,14.07,14.07,14,14,2187
BN.PR.T.TO,20231219,14.52,14.52,14,14.19,6297
BN.PR.X.TO,20231219,14.08,14.32,14,14.32,15168
BN.PR.Z.TO,20231219,18.31,18.45,18.1,18.45,12982
BNC.TO,20231219,24.64,24.74,24.64,24.74,900
BND.TO,20231219,17.44,17.5,17.44,17.47,2327
BNE.TO,20231219,5.22,5.42,5.22,5.4,64929
BNG.TO,20231219,0.025,0.025,0.025,0.025,2000
BNK.TO,20231219,10.46,10.69,10.37,10.69,4900
BNK.PR.A.TO,20231219,10.17,10.18,10.17,10.18,800
BNKL.TO,20231219,20.48,20.66,20.48,20.66,1000
BNRE.TO,20231219,51.83,52.52,51.59,52.52,3393
BNRE.A.TO,20231219,52.12,52.27,52.12,52.27,500
BNS.TO,20231219,62.5,63.25,62.5,62.99,3786882
BOND.TO,20231219,22.4,22.4,22.39,22.39,1444
BOS.TO,20231219,4.53,4.65,4.48,4.62,34848
BPF.UN.TO,20231219,15.17,15.34,15.16,15.27,49762
BPO.PR.A.TO,20231219,9.5,9.68,9.25,9.5,20432
BPO.PR.C.TO,20231219,13.91,14.08,13.91,14,12252
BPO.PR.E.TO,20231219,11.4,11.45,11.3,11.3,19630
BPO.PR.G.TO,20231219,11.99,12.05,11.8,11.8,8205
BPO.PR.I.TO,20231219,11.8,11.8,11.59,11.59,8586
BPO.PR.N.TO,20231219,8.45,8.45,8.3,8.33,4278
BPO.PR.P.TO,20231219,8.59,8.74,8.5,8.65,10754
BPO.PR.R.TO,20231219,8.65,8.84,8.65,8.8,12858
BPO.PR.T.TO,20231219,12.5,12.52,12.21,12.21,7700
BPO.PR.W.TO,20231219,8.16,8.26,8.15,8.16,1500
BPO.PR.X.TO,20231219,8.25,8.25,7.71,7.71,5914
BPO.PR.Y.TO,20231219,8.25,8.25,8.1,8.1,2500
BPRF.TO,20231219,21.89,22,21.89,21.96,1371
BPS.PR.U.TO,20231219,24.75,24.75,24.75,24.75,1100
BPYP.PR.A.TO,20231219,18.15,18.15,17.25,17.25,3415
BR.TO,20231219,1.53,1.56,1.49,1.56,3500
BRAG.TO,20231219,6.85,6.89,6.72,6.75,7997
BRE.TO,20231219,12.29,12.56,12.29,12.44,14541
BRF.PR.A.TO,20231219,14.95,15.04,14.94,15.03,8900
BRF.PR.B.TO,20231219,15.87,15.87,15.8,15.8,11250
BRF.PR.C.TO,20231219,16.55,16.65,16.51,16.51,5899
BRF.PR.E.TO,20231219,15.8,15.89,15.8,15.89,10549
BRF.PR.F.TO,20231219,15.81,15.9,15.75,15.85,14600
BRMI.TO,20231219,1.18,1.21,1.08,1.21,18600
BSKT.TO,20231219,8.65,8.65,8.61,8.61,10000
BSX.TO,20231219,0.05,0.05,0.05,0.05,766885
BTB.DB.G.TO,20231219,97.01,97.02,97,97,37000
BTB.DB.H.TO,20231219,97.5,97.5,97.5,97.5,11000
BTB.UN.TO,20231219,2.93,2.94,2.8,2.87,383354
BTCC.TO,20231219,8.16,8.16,7.97,8.05,244554
BTCC.B.TO,20231219,8.2,8.2,8.01,8.08,1062687
BTCC.U.TO,20231219,7.78,7.78,7.63,7.7,173479
BTCQ.TO,20231219,9.24,9.25,9.03,9.11,23636
BTCQ.U.TO,20231219,6.85,6.85,6.85,6.85,2500
BTCX.B.TO,20231219,8.47,8.47,8.28,8.34,158929
BTCX.U.TO,20231219,8.01,8.01,7.83,7.9,144371
BTCY.TO,20231219,4.86,4.89,4.78,4.81,25499
BTCY.B.TO,20231219,5.41,5.44,5.41,5.42,1570
BTCY.U.TO,20231219,4.62,4.62,4.61,4.61,281
BTE.TO,20231219,4.42,4.54,4.41,4.54,4215989
BTO.TO,20231219,4.3,4.4,4.28,4.38,1947480
BU.TO,20231219,0.21,0.25,0.21,0.25,247744
BXF.TO,20231219,9.96,9.96,9.96,9.96,21900
BYD.TO,20231219,274.13,274.13,270.66,272.91,39335
BYL.TO,20231219,0.18,0.19,0.18,0.19,120258
CACB.TO,20231219,19.57,19.66,19.57,19.66,72000
CAE.TO,20231219,28.08,28.63,27.85,28.58,323227
CAFR.TO,20231219,19.82,19.82,19.8,19.82,41600
CALL.TO,20231219,11.61,11.67,11.61,11.66,8237
CALL.B.TO,20231219,14.11,14.11,14.11,14.11,100
CAR.UN.TO,20231219,49.53,50.89,49.45,49.53,263635
CARS.TO,20231219,23.75,23.75,23.75,23.75,220
CAS.TO,20231219,12.67,12.9,12.67,12.77,189934
CASH.TO,20231219,50.13,50.14,50.13,50.13,148367
CBAL.TO,20231219,20.83,20.83,20.8,20.8,3574
CBCX.TO,20231219,17.36,17.36,17.36,17.36,100
CBH.TO,20231219,17.33,17.36,17.33,17.36,53600
CBIL.TO,20231219,50.1,50.1,50.09,50.1,22241
CBND.TO,20231219,8.94,8.94,8.94,8.94,1300
CBNK.TO,20231219,7.03,7.17,7.03,7.15,36954
CBO.TO,20231219,17.67,17.7,17.67,17.7,36192
CBUG.TO,20231219,23.88,23.88,23.81,23.82,2200
CCA.TO,20231219,53.44,56,53.44,55.77,169869
CCBI.TO,20231219,18.07,18.07,18.07,18.07,100
CCL.B.TO,20231219,59.43,59.91,59.3,59.73,217506
CCO.TO,20231219,62.11,62.37,57.83,58.37,1980906
CCOM.TO,20231219,19.3,19.35,19.3,19.35,6183
CCRE.TO,20231219,17.92,17.92,17.92,17.92,750
CCS.PR.C.TO,20231219,18.5,19.2,18.4,18.95,3931
CDIV.TO,20231219,12.89,13.01,12.89,13.01,5533
CDR.TO,20231219,1.21,1.23,1.21,1.23,3899
CDZ.TO,20231219,30.41,30.7,30.41,30.7,25626
CEE.TO,20231219,1.71,1.71,1.65,1.68,54359
CEF.TO,20231219,25.36,25.59,25.36,25.41,7100
CEF.U.TO,20231219,19.13,19.13,19.13,19.13,1100
CEMI.TO,20231219,17.11,17.11,17.11,17.11,605
CET.TO,20231219,0.72,0.74,0.71,0.74,141615
CEU.TO,20231219,3.46,3.56,3.45,3.52,204951
CEW.TO,20231219,16.4,16.62,16.4,16.61,39079
CF.TO,20231219,7.26,7.4,7.26,7.35,59060
CF.PR.A.TO,20231219,11.54,11.75,11.51,11.75,3200
CF.PR.C.TO,20231219,16.9,17,16.9,16.9,5001
CFF.TO,20231219,0.58,0.6,0.58,0.6,107535
CFLX.TO,20231219,16.92,16.92,16.92,16.92,600
CFP.TO,20231219,16.14,18.22,16.14,18.12,638019
CFW.TO,20231219,4.08,4.24,4.08,4.21,31669
CFX.TO,20231219,1.47,1.55,1.46,1.53,34800
CG.TO,20231219,8.02,8.19,7.91,8.13,425896
CGBI.TO,20231219,17.62,17.62,17.62,17.62,2200
CGDV.B.TO,20231219,20.17,20.17,20.17,20.17,1201
CGG.TO,20231219,5.35,5.35,5.29,5.3,2800
CGI.TO,20231219,34.75,34.75,34.34,34.44,9190
CGIN.TO,20231219,20.63,20.64,20.63,20.63,3000
CGIN.U.TO,20231219,20.67,20.67,20.67,20.67,1217
CGL.TO,20231219,16.26,16.39,16.26,16.34,31036
CGL.C.TO,20231219,23.05,23.15,23,23.05,10811
CGLO.TO,20231219,25.68,25.81,25.68,25.79,6309
CGO.TO,20231219,52.09,55.1,52.09,54.88,32848
CGR.TO,20231219,28.33,28.33,28.33,28.33,474
CGRE.TO,20231219,21.19,21.19,21.19,21.19,500
CGRO.TO,20231219,21.04,21.04,21.04,21.04,400
CGX.TO,20231219,8.17,8.29,8.15,8.15,242842
CGXF.TO,20231219,10.27,10.4,10.23,10.32,11663
CGY.TO,20231219,56.21,57.49,56.21,57.49,5165
CHE.DB.E.TO,20231219,98.65,98.75,98.65,98.75,41000
CHE.DB.H.TO,20231219,97.55,98.04,96.88,96.88,761998
CHE.UN.TO,20231219,8.57,8.57,8.37,8.49,374093
CHNA.B.TO,20231219,18.97,18.97,18.88,18.88,1701
CHP.UN.TO,20231219,13.55,13.73,13.5,13.71,187247
CHPS.TO,20231219,31.46,31.49,31.33,31.42,2410
CHR.TO,20231219,2.46,2.58,2.46,2.58,239725
CHW.TO,20231219,8.05,8.26,8.05,8.15,2139
CIA.TO,20231219,7.05,7.18,7.05,7.15,353307
CIBR.TO,20231219,41.99,42.15,41.99,42.15,1102
CIC.TO,20231219,10.63,10.77,10.63,10.77,9568
CIEI.TO,20231219,21.45,21.45,21.35,21.35,500
CIEM.TO,20231219,17.71,17.71,17.71,17.71,231
CIF.TO,20231219,37.78,38.01,37.78,38.01,10168
CIGI.TO,20231219,161.46,163.89,161.33,162.51,41422
CINF.TO,20231219,23.98,24.08,23.98,24.08,3300
CINT.TO,20231219,21.88,21.89,21.88,21.89,653
CIQ.UN.TO,20231219,6.34,6.34,6.32,6.32,6500
CIU.PR.A.TO,20231219,17.06,17.06,17.06,17.06,100
CIX.TO,20231219,15.3,15.3,15.06,15.11,683298
CJ.TO,20231219,6.2,6.28,6.1,6.27,1015804
CJR.B.TO,20231219,0.73,0.78,0.73,0.78,971666
CJT.TO,20231219,115.12,116.62,114.8,116.43,53315
CJT.DB.F.TO,20231219,95.5,96,94.5,96,125000
CKI.TO,20231219,14.15,14.15,14.15,14.15,100
CLF.TO,20231219,16.89,16.92,16.89,16.91,11009
CLG.TO,20231219,16.93,16.94,16.91,16.94,30680
CLS.TO,20231219,39.68,39.82,39.06,39.16,218650
CM.TO,20231219,61.14,62.23,61.12,62.12,3930497
CM.PR.O.TO,20231219,18.45,18.45,18.42,18.42,600
CM.PR.Q.TO,20231219,18.24,18.24,18.23,18.23,1600
CM.PR.S.TO,20231219,21.6,21.6,21.53,21.55,4440
CM.PR.Y.TO,20231219,24.42,24.45,24.42,24.42,1300
CMAG.TO,20231219,27.5,27.55,27.5,27.55,4434
CMAG.U.TO,20231219,20.59,20.6,20.57,20.6,14500
CMAR.TO,20231219,18.15,18.2,18.15,18.18,6847
CMDO.TO,20231219,19.32,19.42,19.32,19.4,20999
CMDO.U.TO,20231219,19.5,19.54,19.48,19.48,1200
CMG.TO,20231219,9.64,9.64,9.39,9.46,35432
CMNY.TO,20231219,50.17,50.18,50.17,50.17,2443
CMR.TO,20231219,50.2,50.2,50.19,50.2,39604
CNCC.TO,20231219,11.86,11.96,11.86,11.96,3776
CNCL.TO,20231219,19.38,19.44,19.38,19.44,3449
CNE.TO,20231219,6.46,6.46,6.27,6.35,28089
CNL.TO,20231219,4.08,4.14,4.08,4.11,8608
CNQ.TO,20231219,84.89,85.94,84.54,85.76,5702598
CNR.TO,20231219,161.13,163.95,161.13,163.89,818510
COG.TO,20231219,0.42,0.47,0.42,0.45,38958
COMM.TO,20231219,29.98,29.98,29.98,29.98,400
COPP.TO,20231219,27,27.41,27,27.41,1401
COW.TO,20231219,61.72,62.65,61.72,62.65,4250
CP.TO,20231219,102.35,103.79,102.24,103.66,1588114
CPD.TO,20231219,10.67,10.68,10.65,10.66,141190
CPH.TO,20231219,6.19,6.19,5.83,5.9,42715
CPLF.TO,20231219,6.13,6.17,6.02,6.08,3729
CPX.TO,20231219,37.41,37.98,37.32,37.8,512563
CPX.PR.A.TO,20231219,12.81,12.86,12.81,12.81,2000
CPX.PR.C.TO,20231219,21.6,21.6,21.5,21.5,4800
CPX.PR.E.TO,20231219,21.2,21.2,21.2,21.2,500
CPX.PR.K.TO,20231219,24.06,24.06,24.06,24.06,2200
CR.TO,20231219,4.51,4.62,4.49,4.56,351200
CRDL.TO,20231219,1.11,1.17,1.11,1.17,26644
CRED.TO,20231219,19.15,19.15,19.15,19.15,2700
CRON.TO,20231219,2.5,2.6,2.5,2.56,137966
CROP.TO,20231219,17.63,17.64,17.62,17.64,7569
CRP.TO,20231219,2.32,2.32,2.11,2.29,5200
CRR.UN.TO,20231219,13.67,13.72,13.55,13.7,127727
CRRX.TO,20231219,1.45,1.45,1.4,1.45,13772
CRT.UN.TO,20231219,14.5,14.63,14.46,14.62,159693
CRWN.TO,20231219,5.26,5.49,5.25,5.49,1100
CS.TO,20231219,6.47,6.65,6.46,6.56,1135467
CSAV.TO,20231219,50.17,50.18,50.17,50.18,113520
CSH.UN.TO,20231219,11.63,11.68,11.4,11.54,374188
CSU.TO,20231219,3230.01,3264.52,3148.7,3153.39,40925
CSU.DB.TO,20231219,129.6,130,129.5,130,102000
CSW.A.TO,20231219,12.81,12.93,12.81,12.85,14030
CSW.B.TO,20231219,11.46,11.51,11.41,11.45,9379
CTC.A.TO,20231219,142.78,144.4,141.59,144.11,320615
CTF.UN.TO,20231219,2.76,2.76,2.71,2.71,359
CTS.TO,20231219,4.15,4.21,4.14,4.14,266871
CTX.TO,20231219,0.4,0.4,0.38,0.4,10000
CU.TO,20231219,31.49,31.67,31.38,31.57,181567
CU.PR.C.TO,20231219,18,18,17.85,17.9,55200
CU.PR.D.TO,20231219,18.23,18.23,18.06,18.21,17300
CU.PR.E.TO,20231219,18.2,18.2,18.1,18.1,3600
CU.PR.F.TO,20231219,16.75,16.9,16.75,16.75,7067
CU.PR.G.TO,20231219,16.8,16.8,16.8,16.8,143
CU.PR.H.TO,20231219,19.85,19.97,19.85,19.97,1203
CU.PR.I.TO,20231219,20.99,20.99,20.6,20.65,20532
CU.PR.J.TO,20231219,17.55,17.7,17.45,17.68,4659
CUD.TO,20231219,50.4,50.4,50.28,50.33,2893
CUDV.TO,20231219,20.31,20.32,20.29,20.29,400
CUEI.TO,20231219,25.16,25.18,25.16,25.18,600
CUP.U.TO,20231219,11,11,10.8,10.8,11761
CURA.TO,20231219,4.96,5.01,4.91,5.01,250801
CVD.TO,20231219,15.76,15.77,15.76,15.77,1200
CVE.TO,20231219,21.97,22.5,21.97,22.48,5446851
CVE.PR.A.TO,20231219,13.65,13.65,13.65,13.65,2380
CVE.PR.C.TO,20231219,21.35,21.36,21.35,21.35,2000
CVE.PR.E.TO,20231219,22.26,22.3,22.18,22.18,4400
CVE.WT.TO,20231219,15.85,15.95,15.85,15.95,1371
CVO.TO,20231219,9.48,9.84,9.48,9.7,47850
CWB.TO,20231219,31.46,31.64,31.32,31.53,325532
CWB.PR.B.TO,20231219,17.75,17.76,17.71,17.75,4900
CWB.PR.D.TO,20231219,24.35,24.35,24.3,24.3,1700
CWEB.TO,20231219,0.285,0.295,0.28,0.285,11217
CWL.TO,20231219,0.78,0.78,0.7,0.7,5334
CWW.TO,20231219,51.02,51.36,51.02,51.35,4462
CXB.TO,20231219,1.25,1.29,1.24,1.27,1108804
CXF.TO,20231219,9.06,9.06,9.06,9.06,1010
CXI.TO,20231219,22.24,22.52,22.24,22.5,14544
CYB.TO,20231219,60.27,60.54,60.11,60.21,16382
CYBR.TO,20231219,44.08,44.77,44.08,44.77,1522
CYBR.B.TO,20231219,50.6,50.6,50.6,50.6,100
CYH.TO,20231219,19.79,19.87,19.79,19.8,1200
D.UN.TO,20231219,9.74,10.04,9.67,9.75,134027
DANC.TO,20231219,21.63,21.65,21.63,21.65,1200
DATA.TO,20231219,21.27,21.31,21.27,21.28,2121
DBM.TO,20231219,7.96,8.4,7.96,8.24,460035
DBO.TO,20231219,0.085,0.085,0.085,0.085,10300
DC.A.TO,20231219,0.9,0.93,0.9,0.91,260800
DC.PR.D.TO,20231219,20.35,20.36,20.3,20.3,1488
DCBO.TO,20231219,66.81,69.36,66.8,69.28,69425
DCG.TO,20231219,17.8,17.82,17.8,17.82,3000
DCM.TO,20231219,2.57,2.6,2.54,2.57,36232
DCU.TO,20231219,17.84,17.85,17.84,17.85,3300
DF.TO,20231219,3.87,3.99,3.81,3.97,43441
DF.PR.A.TO,20231219,9.77,9.79,9.77,9.77,31839
DFN.TO,20231219,5.53,5.53,5.45,5.49,501452
DFN.PR.A.TO,20231219,9.68,9.7,9.66,9.68,190955
DFY.TO,20231219,36.01,36.47,36.01,36.41,64664
DGR.TO,20231219,40.8,40.81,40.78,40.78,1668
DGR.B.TO,20231219,44.47,44.47,44.47,44.47,100
DGRC.TO,20231219,35.23,35.33,35.23,35.33,573
DGS.TO,20231219,5.12,5.25,5.1,5.24,184139
DGS.PR.A.TO,20231219,9.75,9.77,9.75,9.77,18000
DHT.UN.TO,20231219,11.95,12.4,11.95,12.37,13950
DIAM.TO,20231219,0.085,0.085,0.08,0.08,52500
DII.A.TO,20231219,5.71,6.3,5.71,6.3,3150
DII.B.TO,20231219,5.67,6.33,5.67,6.17,22936
DIR.UN.TO,20231219,13.58,13.8,13.54,13.78,478726
DISC.TO,20231219,35.8,35.85,35.8,35.85,280
DIV.TO,20231219,2.69,2.7,2.67,2.7,150683
DIV.DB.A.TO,20231219,92.5,92.5,92.5,92.5,10000
DIVS.TO,20231219,14.17,14.22,14.17,14.22,6200
DLCG.TO,20231219,2.62,2.62,2.59,2.59,12600
DLR.TO,20231219,13.79,13.79,13.75,13.77,515952
DLR.U.TO,20231219,10.32,10.32,10.31,10.32,357285
DML.TO,20231219,2.39,2.4,2.3,2.31,2415900
DN.TO,20231219,0.025,0.03,0.025,0.03,30000
DND.TO,20231219,14.8,15.4,14.77,14.84,310152
DNG.TO,20231219,3.94,3.94,3.86,3.91,18402
DNTL.TO,20231219,6.87,7.08,6.86,7.07,280163
DOL.TO,20231219,93.44,94.28,92.65,93.14,887679
DOO.TO,20231219,87.14,88.54,86.77,87.27,226252
DPM.TO,20231219,8.97,9.35,8.86,9.21,1594191
DR.TO,20231219,8.8,8.9,8.76,8.88,22118
DRFC.TO,20231219,26.41,26.41,26.41,26.41,100
DRFE.TO,20231219,19.5,19.5,19.5,19.5,1552
DRFG.TO,20231219,25.4,25.42,25.4,25.42,1720
DRM.TO,20231219,22.29,22.75,22.29,22.4,35972
DRMC.TO,20231219,26.2,26.3,26.2,26.3,500
DRMU.TO,20231219,34,34.03,34,34.02,1188
DRR.U.TO,20231219,6.99,6.99,6.92,6.95,2614
DRR.UN.TO,20231219,9.25,9.3,8.81,9.3,4531
DRT.TO,20231219,0.45,0.45,0.405,0.42,110083
DRT.DB.A.TO,20231219,50,50,50,50,197000
DRX.TO,20231219,6.73,6.89,6.65,6.88,59604
DS.TO,20231219,6.15,6.19,6.13,6.16,8644
DSG.TO,20231219,115.69,115.69,110.09,110.16,163150
DSV.TO,20231219,0.77,0.82,0.77,0.82,174334
DTOL.TO,20231219,10,10.16,10,10.16,10325
DXB.TO,20231219,18.67,18.67,18.63,18.64,1800
DXBC.TO,20231219,21.61,21.61,21.61,21.61,1000
DXBU.TO,20231219,21.83,21.83,21.83,21.83,1200
DXC.TO,20231219,33.54,33.78,33.54,33.78,10836
DXDB.TO,20231219,20.67,20.7,20.67,20.69,12368
DXEM.TO,20231219,12.55,12.55,12.55,12.55,600
DXF.TO,20231219,34.6,34.6,34.6,34.6,425
DXG.TO,20231219,49.73,49.88,49.73,49.83,7780
DXGE.TO,20231219,21.4,21.43,21.4,21.43,8100
DXN.TO,20231219,19.27,19.3,19.27,19.3,900
DXO.TO,20231219,19.35,19.36,19.35,19.35,6900
DXP.TO,20231219,19.27,19.34,19.25,19.34,11637
DXQ.TO,20231219,22.98,23.1,22.98,23.1,961
DXT.TO,20231219,5.37,5.61,5.37,5.59,15058
DXU.TO,20231219,46.85,46.94,46.85,46.88,1293
DXUS.TO,20231219,21.74,21.74,21.74,21.74,1200
DXV.TO,20231219,19.9,19.9,19.82,19.83,6919
DXW.TO,20231219,22.37,22.38,22.37,22.37,2246
DYA.TO,20231219,0.175,0.18,0.165,0.165,136363
E.TO,20231219,0.77,0.79,0.76,0.78,24175
EAGR.TO,20231219,0.45,0.48,0.43,0.47,41000
EBIT.TO,20231219,20.74,20.74,20.3,20.43,26166
EBIT.U.TO,20231219,15.47,15.51,15.27,15.4,7794
EBNK.TO,20231219,9.83,9.83,9.83,9.83,1000
EBNK.B.TO,20231219,9.57,9.57,9.49,9.5,6000
ECN.TO,20231219,2.7,2.73,2.65,2.72,163367
ECN.DB.TO,20231219,80,80,79.99,80,66000
ECN.DB.B.TO,20231219,73.02,73.02,73,73,79000
ECN.PR.C.TO,20231219,16.34,16.34,15.61,16,3500
ECO.TO,20231219,3.68,3.68,3.61,3.64,22600
ECOR.TO,20231219,1.53,1.61,1.53,1.61,4400
EDGE.TO,20231219,33.22,33.3,33.22,33.3,3934
EDR.TO,20231219,2.65,2.89,2.64,2.75,770624
EDT.TO,20231219,0.385,0.385,0.38,0.38,31750
EDV.TO,20231219,30.19,30.87,30.12,30.64,304964
EFN.TO,20231219,21.81,22.04,21.25,21.27,659029
EFN.PR.C.TO,20231219,24.65,24.65,24.65,24.65,1400
EFR.TO,20231219,9.89,9.89,9.37,9.44,697330
EFX.TO,20231219,6.31,6.4,6.28,6.36,193766
EGIF.TO,20231219,20.56,20.56,20.56,20.56,100
EGLX.TO,20231219,0.275,0.28,0.27,0.27,419944
EHE.TO,20231219,31.24,31.31,31.24,31.31,700
EIF.TO,20231219,44.79,45.22,44.51,44.7,159739
EIF.DB.J.TO,20231219,100.01,100.01,100.01,100.01,3000
EIF.DB.K.TO,20231219,100.11,100.11,100.11,100.11,15000
EIF.DB.L.TO,20231219,95,96.5,95,95,56000
EIF.DB.M.TO,20231219,92.5,92.5,92.5,92.5,75000
EIT.PR.A.TO,20231219,24.85,24.86,24.84,24.84,26400
EIT.PR.B.TO,20231219,24.51,24.51,24.43,24.43,4400
EIT.UN.TO,20231219,13,13.1,13,13.09,247770
ELD.TO,20231219,17.12,17.81,17.1,17.59,314540
ELEF.TO,20231219,0.31,0.375,0.31,0.37,66600
ELF.PR.F.TO,20231219,19.45,19.45,19.35,19.35,2450
ELF.PR.G.TO,20231219,17.45,17.45,17.45,17.45,900
ELF.PR.H.TO,20231219,20.1,20.1,20.08,20.1,1100
ELO.TO,20231219,2.05,2.26,2.05,2.2,80947
ELVA.TO,20231219,4.07,4.07,3.96,3.99,18700
EMA.TO,20231219,49.31,49.97,49.31,49.79,502764
EMA.PR.A.TO,20231219,13.7,13.7,13.69,13.7,1100
EMA.PR.B.TO,20231219,15.17,15.17,14.99,14.99,8550
EMA.PR.C.TO,20231219,19.6,19.8,19.6,19.8,8300
EMA.PR.E.TO,20231219,16.5,16.5,16.3,16.36,8550
EMA.PR.F.TO,20231219,17.1,17.15,17.1,17.15,2300
EMA.PR.H.TO,20231219,20,20.17,19.9,19.9,6100
EMA.PR.J.TO,20231219,17.75,17.8,17.66,17.66,6400
EMA.PR.L.TO,20231219,16.51,16.67,16.51,16.62,13200
EMP.A.TO,20231219,33.75,34.3,33.35,33.47,878966
EMV.B.TO,20231219,26.03,26.13,26.03,26.13,10219
ENB.TO,20231219,47.59,48.09,47.54,47.9,4574523
ENB.PF.A.TO,20231219,15.74,15.74,15.65,15.65,2031
ENB.PF.C.TO,20231219,15.22,15.3,15.18,15.2,7652
ENB.PF.E.TO,20231219,14.61,14.64,14.61,14.62,4800
ENB.PF.G.TO,20231219,14.4,14.4,14.22,14.22,53050
ENB.PF.K.TO,20231219,19.95,20.11,19.8,19.9,49401
ENB.PF.U.TO,20231219,19.3,19.3,19.1,19.1,14019
ENB.PF.V.TO,20231219,21.91,21.92,21.85,21.86,1747
ENB.PR.A.TO,20231219,19.7,19.82,19.7,19.8,9854
ENB.PR.B.TO,20231219,15.7,15.8,15.6,15.77,18244
ENB.PR.D.TO,20231219,16.15,16.38,16.1,16.38,23013
ENB.PR.F.TO,20231219,16.85,17,16.76,17,4600
ENB.PR.H.TO,20231219,18.47,18.6,18.37,18.53,12925
ENB.PR.J.TO,20231219,16.91,16.91,16.56,16.73,8765
ENB.PR.N.TO,20231219,20.5,20.84,20.45,20.66,27908
ENB.PR.P.TO,20231219,16.71,16.71,16.6,16.6,3415
ENB.PR.T.TO,20231219,16.1,16.1,15.96,16.07,6800
ENB.PR.V.TO,20231219,21.32,21.4,21.24,21.24,8600
ENB.PR.Y.TO,20231219,14.94,15.06,14.9,15.05,58232
ENCC.TO,20231219,10.55,10.6,10.52,10.6,72532
ENCL.TO,20231219,18.87,18.87,18.65,18.84,63404
ENGH.TO,20231219,34.46,35.22,34.46,34.83,69504
ENI.UN.TO,20231219,1.43,1.43,1.42,1.42,2700
ENS.TO,20231219,12.17,12.26,12.16,12.21,56595
ENS.PR.A.TO,20231219,9.84,9.9,9.84,9.85,123943
EPRX.TO,20231219,5.51,5.9,5.5,5.51,28050
EPRX.WT.A.TO,20231219,3.5,3.5,3.5,3.5,900
EQB.TO,20231219,85.99,86.86,84.91,85.2,69184
EQB.PR.C.TO,20231219,23.4,23.56,23.35,23.56,500
EQCL.TO,20231219,20.6,20.6,20.57,20.6,2222
EQL.TO,20231219,31.92,32,31.87,32,41764
EQL.F.TO,20231219,28.05,28.19,28.05,28.19,33800
EQL.U.TO,20231219,23.97,23.98,23.97,23.97,2600
EQX.TO,20231219,6.43,6.79,6.34,6.79,504637
ERD.TO,20231219,0.32,0.33,0.315,0.33,138540
ERE.UN.TO,20231219,2.52,2.58,2.52,2.55,67254
ERO.TO,20231219,21.47,22.45,21.45,22.41,250890
ESG.TO,20231219,33.61,33.61,33.58,33.58,3988
ESG.F.TO,20231219,32.24,32.36,32.24,32.36,300
ESGA.TO,20231219,33.96,33.96,33.96,33.96,4100
ESGB.TO,20231219,27.15,27.19,27.14,27.14,864
ESGC.TO,20231219,24.27,24.27,24.27,24.27,1111
ESGY.TO,20231219,45.07,45.1,45.07,45.1,200
ESI.TO,20231219,2.15,2.26,2.14,2.25,389720
ESM.TO,20231219,0.035,0.035,0.03,0.035,287050
ESP.PR.A.TO,20231219,10.1,10.1,10.1,10.1,600
ESPX.TO,20231219,22.15,22.15,22.15,22.15,384
ET.TO,20231219,14.1,14.1,13.59,13.84,23401
ETC.TO,20231219,9.14,9.14,8.96,9,4347
ETG.TO,20231219,1.2,1.21,1.19,1.2,8827
ETHH.TO,20231219,9.04,9.04,8.72,8.84,99615
ETHH.B.TO,20231219,10.25,10.26,9.9,10.04,61839
ETHH.U.TO,20231219,9.63,9.63,9.3,9.3,26600
ETHI.TO,20231219,46.65,46.71,46.64,46.71,1347
ETHQ.TO,20231219,11.61,11.61,11.33,11.45,3079
ETHR.TO,20231219,10.22,10.22,9.87,10.01,25113
ETHR.U.TO,20231219,9.55,9.55,9.35,9.36,2376
ETHX.B.TO,20231219,10.65,10.65,10.26,10.43,138150
ETHX.U.TO,20231219,9.98,9.98,9.65,9.8,15869
ETHY.TO,20231219,3.24,3.28,3.18,3.24,26247
ETHY.B.TO,20231219,3.91,3.98,3.9,3.92,1596
ETHY.U.TO,20231219,3.11,3.11,3.1,3.1,200
EVT.TO,20231219,135,136.51,135,136.51,800
EXE.TO,20231219,7.27,7.34,7.25,7.27,69770
EXE.DB.C.TO,20231219,96.5,97.01,96.5,97,51000
EXN.TO,20231219,0.1,0.105,0.1,0.105,131089
EXRO.TO,20231219,1.3,1.33,1.18,1.22,444529
FANS.TO,20231219,0.03,0.03,0.03,0.03,152000
FAP.TO,20231219,2.58,2.6,2.58,2.59,26972
FAR.TO,20231219,1.98,2.01,1.96,2,189922
FBGO.TO,20231219,17.54,17.54,17.54,17.54,370
FBTC.TO,20231219,19.04,19.04,18.62,18.79,7861
FBTC.U.TO,20231219,14.07,14.08,14.04,14.08,1900
FC.TO,20231219,10.69,10.79,10.65,10.75,44784
FC.DB.I.TO,20231219,96.15,96.6,96.15,96.6,11000
FC.DB.L.TO,20231219,80.01,80.15,80,80.01,110000
FCCD.TO,20231219,26.3,26.42,26.3,26.42,6704
FCCQ.TO,20231219,31.34,31.34,31.33,31.33,1500
FCCV.TO,20231219,13.3,13.36,13.3,13.36,5554
FCD.UN.TO,20231219,4.93,5,4.86,4.86,39567
FCID.TO,20231219,25.17,25.17,25.17,25.17,100
FCII.TO,20231219,20.76,20.76,20.76,20.76,693
FCIQ.TO,20231219,35.45,35.48,35.35,35.47,3436
FCIV.TO,20231219,32.15,32.35,32.15,32.35,3878
FCMI.TO,20231219,12.08,12.08,12.08,12.08,100
FCQH.TO,20231219,47.15,47.15,47.15,47.15,200
FCR.UN.TO,20231219,15,15.21,14.89,15.2,419762
FCRR.TO,20231219,35.14,35.15,35.14,35.15,800
FCU.TO,20231219,1.12,1.13,1.04,1.04,3256722
FCUD.TO,20231219,31.59,31.64,31.59,31.64,2176
FCUH.TO,20231219,28.71,28.71,28.71,28.71,100
FCUQ.TO,20231219,49.49,49.61,49.49,49.61,4500
FCUV.TO,20231219,15.06,15.14,15.06,15.13,3415
FCVH.TO,20231219,14.75,14.76,14.75,14.76,478
FDN.TO,20231219,20.32,20.32,20.32,20.32,700
FDY.TO,20231219,0.59,0.59,0.56,0.57,54145
FEC.TO,20231219,7.83,8.27,7.83,8.27,50886
FETH.TO,20231219,39.62,39.62,38.82,38.82,1375
FF.TO,20231219,0.135,0.14,0.135,0.135,393283
FFH.TO,20231219,1200,1204.05,1185.3,1187.44,51182
FFH.PR.C.TO,20231219,19.2,19.35,19.2,19.3,4575
FFH.PR.D.TO,20231219,19.9,20,19.9,20,1900
FFH.PR.F.TO,20231219,16.51,16.51,16.51,16.51,5702
FFH.PR.G.TO,20231219,15.5,15.5,15.38,15.4,1538
FFH.PR.H.TO,20231219,17.55,17.7,17.55,17.7,450
FFH.PR.I.TO,20231219,16,16.1,16,16,16900
FFH.PR.J.TO,20231219,18.09,18.09,18.09,18.09,400
FFH.PR.K.TO,20231219,18.63,18.66,18.62,18.66,1200
FFH.PR.M.TO,20231219,21.75,21.75,21.65,21.7,4500
FFN.TO,20231219,4.3,4.48,4.28,4.48,242569
FFN.PR.A.TO,20231219,9.99,9.99,9.97,9.98,31177
FGB.TO,20231219,17.97,17.97,17.95,17.95,4800
FGGE.TO,20231219,22.81,22.81,22.81,22.81,323
FGO.TO,20231219,10.12,10.13,10.11,10.11,3143
FHG.TO,20231219,45.72,45.72,45.72,45.72,400
FHH.TO,20231219,36.7,36.7,36.7,36.7,300
FHI.TO,20231219,11.4,11.41,11.39,11.41,1518
FHI.B.TO,20231219,12.38,12.38,12.38,12.38,100
FHIS.TO,20231219,20.53,20.54,20.53,20.54,24300
FIE.TO,20231219,6.79,6.83,6.79,6.82,168505
FIG.TO,20231219,9.33,9.35,9.33,9.35,49299
FIH.U.TO,20231219,15.57,15.85,15.24,15.25,49942
FIL.TO,20231219,22.35,22.61,21.89,22.61,162504
FINO.TO,20231219,18.95,18.95,18.95,18.95,170
FLCI.TO,20231219,17.54,17.6,17.53,17.6,1000
FLCP.TO,20231219,17.87,17.87,17.82,17.86,4234
FLDM.TO,20231219,21.81,21.81,21.8,21.8,200
FLGA.TO,20231219,18.88,18.9,18.83,18.86,3886
FLI.TO,20231219,10.01,10.06,10.01,10.06,1981
FLNT.TO,20231219,0.03,0.03,0.025,0.025,90000
FLOW.TO,20231219,0.26,0.26,0.26,0.26,5303
FLSD.TO,20231219,18.76,18.76,18.76,18.76,208
FLX.TO,20231219,7.02,7.05,7.02,7.05,7706
FLX.U.TO,20231219,5.82,5.82,5.82,5.82,2300
FM.TO,20231219,10.53,10.89,10.53,10.83,1893871
FN.TO,20231219,38.24,38.29,37.9,38,28642
FN.PR.A.TO,20231219,10.9,10.9,10.9,10.9,1200
FN.PR.B.TO,20231219,13.56,13.8,13.56,13.73,1879
FNV.TO,20231219,148.01,150.39,147.22,148.92,492243
FOM.TO,20231219,3.99,4.03,3.88,3.93,430316
FOOD.TO,20231219,0.24,0.245,0.235,0.24,60897
FORA.TO,20231219,5.21,5.25,4.71,4.71,7950
FOUR.TO,20231219,46.51,47.04,46.51,47.03,1338
FPR.TO,20231219,19.56,19.57,19.56,19.57,6104
FRU.TO,20231219,13.74,13.98,13.67,13.97,709564
FRX.TO,20231219,13.2,13.31,13.2,13.31,560
FSB.TO,20231219,9.6,9.61,9.58,9.6,6520
FSL.TO,20231219,17.02,17.02,17,17.02,4600
FST.TO,20231219,44.4,44.49,44.4,44.47,4199
FSV.TO,20231219,221.39,221.61,218.16,219.96,63351
FSY.TO,20231219,0.72,0.74,0.66,0.67,349403
FSZ.TO,20231219,5.74,5.75,5.64,5.68,355367
FSZ.DB.B.TO,20231219,102,102,102,102,25000
FT.TO,20231219,0.04,0.045,0.04,0.045,56800
FTG.TO,20231219,4.18,4.18,4.13,4.18,11303
FTN.TO,20231219,7.61,7.75,7.61,7.73,234563
FTN.PR.A.TO,20231219,10.06,10.07,10.04,10.04,28385
FTS.TO,20231219,54.4,54.7,54.25,54.51,622956
FTS.PR.F.TO,20231219,18.5,18.75,18.5,18.53,2200
FTS.PR.G.TO,20231219,19.43,19.5,19.4,19.5,4550
FTS.PR.H.TO,20231219,13.01,13.01,13.01,13.01,100
FTS.PR.I.TO,20231219,14.94,14.94,14.92,14.92,700
FTS.PR.J.TO,20231219,18.1,18.13,18.09,18.13,2500
FTS.PR.K.TO,20231219,16.99,16.99,16.99,16.99,200
FTS.PR.M.TO,20231219,17.19,17.19,17.08,17.16,7350
FTT.TO,20231219,37.69,38.91,37.69,38.9,344538
FTU.TO,20231219,0.25,0.25,0.25,0.25,10305
FTU.PR.B.TO,20231219,5.77,5.77,5.72,5.75,4979
FURY.TO,20231219,0.58,0.61,0.57,0.6,27167
FVI.TO,20231219,5.2,5.4,5.12,5.32,429084
FVL.TO,20231219,0.445,0.445,0.415,0.435,87500
FWCP.TO,20231219,17.18,17.18,17.18,17.18,384
FXM.TO,20231219,20.31,20.56,20.31,20.56,784
G.TO,20231219,0.75,0.76,0.74,0.75,34150
GATO.TO,20231219,9.08,9.23,9.08,9.23,1300
GAU.TO,20231219,0.9,0.9,0.86,0.88,13050
GBT.TO,20231219,12.34,12.34,12.34,12.34,1000
GCBD.TO,20231219,18.14,18.16,18.14,18.16,4125
GCG.TO,20231219,45.12,45.12,44.65,44.65,3000
GCG.A.TO,20231219,45.3,45.47,44.47,44.47,7100
GCL.TO,20231219,1.2,1.21,1.2,1.2,32200
GCNS.TO,20231219,40.71,40.71,40.71,40.71,100
GCSC.TO,20231219,22.42,22.42,22.42,22.42,282
GCTB.TO,20231219,50.18,50.19,50.18,50.19,21519
GDC.TO,20231219,2.24,2.28,2.21,2.28,1286
GDI.TO,20231219,36.43,37.05,36.29,36.87,6744
GDL.TO,20231219,14.2,14.25,14.15,14.25,3986
GDPY.TO,20231219,20.68,20.82,20.67,20.82,3500
GDPY.B.TO,20231219,19.85,19.88,19.85,19.88,1300
GDV.TO,20231219,9.23,9.3,9.11,9.15,27382
GDV.PR.A.TO,20231219,9.63,9.72,9.63,9.67,26619
GEC.TO,20231219,0.31,0.32,0.29,0.32,36000
GEI.TO,20231219,19.94,20.47,19.79,20.34,1203310
GENM.TO,20231219,0.215,0.23,0.21,0.225,182098
GEO.TO,20231219,1.81,1.81,1.8,1.81,12900
GEQT.TO,20231219,51.23,51.23,51.18,51.18,500
GFL.TO,20231219,44.32,44.44,43.59,43.89,169018
GFP.TO,20231219,0.95,0.96,0.95,0.95,122300
GGD.TO,20231219,1.21,1.25,1.2,1.24,213117
GGRO.TO,20231219,47.84,47.9,47.84,47.9,702
GH.TO,20231219,9.05,9.22,9.05,9.22,3079
GIB.A.TO,20231219,144.79,145.73,144,144.55,222029
GIL.TO,20231219,45.24,46.84,45,46.03,1644535
GIVX.TO,20231219,0.55,0.56,0.51,0.52,208500
GLCC.TO,20231219,24.08,24.78,24.07,24.57,34597
GLO.TO,20231219,2.73,2.73,2.52,2.58,1468997
GLXY.TO,20231219,9.8,10.09,9.35,9.7,815334
GMTN.TO,20231219,0.055,0.06,0.055,0.06,559250
GMX.TO,20231219,0.93,0.93,0.91,0.91,2000
GOLD.TO,20231219,1.34,1.37,1.34,1.34,69576
GOOS.TO,20231219,16.17,16.89,16.06,16.86,449164
GRA.TO,20231219,2.02,2.07,2,2.02,92333
GRID.TO,20231219,0.79,0.8,0.79,0.8,7500
GRN.TO,20231219,0.14,0.145,0.135,0.135,139892
GRNI.TO,20231219,26.54,26.54,26.54,26.54,300
GRT.UN.TO,20231219,77.44,77.44,75.35,76.03,62810
GSY.TO,20231219,157.58,159.15,157.21,159.14,38152
GTE.TO,20231219,7.83,7.88,7.78,7.85,28861
GUD.TO,20231219,5.1,5.17,5.1,5.15,42632
GURU.TO,20231219,2.1,2.22,2.09,2.2,14144
GVC.TO,20231219,0.105,0.105,0.1,0.1,138500
GWO.TO,20231219,42.99,43.57,42.93,43.28,1831458
GWO.PR.G.TO,20231219,18.99,19.05,18.92,18.93,12975
GWO.PR.H.TO,20231219,17.8,17.9,17.8,17.9,7979
GWO.PR.I.TO,20231219,16.98,17.18,16.98,17.18,5299
GWO.PR.L.TO,20231219,20.56,20.65,20.49,20.49,8766
GWO.PR.M.TO,20231219,21.4,21.5,21.4,21.45,5500
GWO.PR.N.TO,20231219,13.25,13.25,13.05,13.1,9600
GWO.PR.P.TO,20231219,19.91,20.03,19.91,20.03,7750
GWO.PR.Q.TO,20231219,18.8,18.87,18.8,18.87,600
GWO.PR.R.TO,20231219,17.42,17.69,17.37,17.68,2280
GWO.PR.S.TO,20231219,19.11,19.2,19.11,19.2,2800
GWO.PR.T.TO,20231219,18.86,18.9,18.86,18.9,1300
GWO.PR.Y.TO,20231219,17.03,17.11,17.01,17.1,1400
GXE.TO,20231219,0.67,0.67,0.65,0.66,232618
H.TO,20231219,38.96,39.31,38.89,39.23,822187
HAB.TO,20231219,9.94,9.95,9.94,9.95,951
HAC.TO,20231219,28.32,28.32,28.32,28.32,3185
HAD.TO,20231219,9.01,9.04,9.01,9.04,2700
HAF.TO,20231219,7.21,7.21,7.16,7.2,12780
HAI.TO,20231219,3.53,3.56,3.5,3.53,32104
HAL.TO,20231219,18.52,18.64,18.52,18.63,12345
HAZ.TO,20231219,31.17,31.17,31.09,31.11,5738
HBA.TO,20231219,22.76,22.76,22.76,22.76,150
HBAL.TO,20231219,13.87,13.88,13.87,13.88,236
HBB.TO,20231219,47.22,47.39,47.22,47.33,26926
HBD.TO,20231219,10.35,10.35,10.29,10.31,900
HBF.TO,20231219,9.61,9.65,9.61,9.65,18722
HBF.B.TO,20231219,10.43,10.46,10.43,10.46,900
HBFE.TO,20231219,10.39,10.4,10.39,10.4,1100
HBGD.TO,20231219,25.7,25.7,25.18,25.18,696
HBLK.TO,20231219,14.46,14.87,14.46,14.7,3963
HBM.TO,20231219,7.24,7.55,7.24,7.49,1187675
HBND.TO,20231219,16.35,16.41,16.35,16.37,54109
HBNK.TO,20231219,20.45,20.72,20.45,20.7,13177
HBP.TO,20231219,0.21,0.21,0.21,0.21,7000
HBU.TO,20231219,11.47,11.61,11.47,11.58,7050
HBUG.TO,20231219,23.75,23.75,23.75,23.75,295
HCA.TO,20231219,20.85,21.08,20.85,21.08,2750
HCAL.TO,20231219,20.02,20.35,20.02,20.34,83099
HCLN.TO,20231219,9.66,9.68,9.65,9.68,885
HCRE.TO,20231219,24.25,24.25,24.23,24.24,4250
HDGE.TO,20231219,22.65,22.8,22.65,22.8,1700
HDIF.TO,20231219,8.01,8.06,8.01,8.05,74766
HDIV.TO,20231219,15.77,15.93,15.73,15.93,44436
HEB.TO,20231219,16.2,16.32,16.2,16.32,9579
HED.TO,20231219,5.82,5.82,5.65,5.65,62054
HEQL.TO,20231219,21.63,21.63,21.63,21.63,901
HEQT.TO,20231219,14.76,14.79,14.76,14.78,8394
HERO.TO,20231219,29.01,29.35,29.01,29.35,700
HEU.TO,20231219,22.61,23.27,22.61,23.27,22730
HEWB.TO,20231219,30.39,30.56,30.39,30.54,12858
HFD.TO,20231219,10.21,10.21,10.02,10.03,2955
HFIN.TO,20231219,14.47,14.58,14.47,14.57,10301
HFPC.U.TO,20231219,2.65,2.72,2.65,2.72,1812
HFR.TO,20231219,9.87,9.87,9.86,9.86,20826
HFU.TO,20231219,19.42,19.75,19.42,19.72,8405
HGD.TO,20231219,5.15,5.23,4.93,5,363102
HGGG.TO,20231219,27,27.1,27,27.1,335
HGR.TO,20231219,6.21,6.29,6.21,6.27,8250
HGU.TO,20231219,14.16,14.88,14.07,14.73,413293
HGY.TO,20231219,9.83,9.83,9.79,9.8,3222
HHL.TO,20231219,7.98,8,7.97,8,127868
HHLE.TO,20231219,10.01,10.03,10.01,10.03,1508
HIG.TO,20231219,8.19,8.19,8.19,8.19,400
HISU.U.TO,20231219,100.3,100.3,100.29,100.3,1952
HIU.TO,20231219,12.97,12.97,12.93,12.93,53800
HIX.TO,20231219,28.91,28.93,28.73,28.73,748
HLF.TO,20231219,10.82,10.87,10.75,10.75,201608
HLFE.TO,20231219,9.78,9.78,9.78,9.78,300
HLIF.TO,20231219,8.77,8.77,8.77,8.77,23499
HLIT.TO,20231219,27.31,27.9,27.31,27.63,7747
HLPR.TO,20231219,22.17,22.31,22.17,22.27,33200
HLS.TO,20231219,3.5,3.56,3.5,3.52,42900
HMAX.TO,20231219,13.9,14,13.89,13.99,176909
HMM.A.TO,20231219,8.26,8.26,8.24,8.24,421
HMMJ.TO,20231219,8.82,9.01,8.79,8.99,14313
HND.TO,20231219,98.86,101.57,90.27,90.85,191805
HNU.TO,20231219,5.73,6.25,5.53,6.23,4479974
HOD.TO,20231219,8.84,8.86,8.57,8.59,1182725
HOM.DB.U.TO,20231219,96,96,95,95,2000
HOM.U.TO,20231219,11.63,11.74,11.57,11.69,55995
HOM.UN.TO,20231219,15.59,15.75,15.42,15.7,23594
HOT.DB.V.TO,20231219,71,71,68.11,71,350998
HOT.U.TO,20231219,0.49,0.495,0.49,0.495,5500
HOT.UN.TO,20231219,0.67,0.68,0.65,0.68,221144
HOU.TO,20231219,12.03,12.43,12.01,12.4,803487
HPF.TO,20231219,3.45,3.46,3.45,3.46,1955
HPR.TO,20231219,7.47,7.54,7.47,7.52,46627
HPS.A.TO,20231219,79.51,81.59,78.13,78.51,42372
HPYT.TO,20231219,12.26,12.29,12.25,12.26,96469
HQD.TO,20231219,16.09,16.1,15.97,15.97,252446
HQU.TO,20231219,16.84,16.97,16.83,16.97,1319175
HR.UN.TO,20231219,9.63,9.77,9.62,9.71,609989
HRAA.TO,20231219,11.19,11.2,11.17,11.17,2600
HRX.TO,20231219,15.51,15.61,15.4,15.5,16002
HSAV.TO,20231219,108.99,109.1,108.99,109.1,45461
HSD.TO,20231219,22.7,22.7,22.48,22.48,89929
HSH.TO,20231219,58.38,58.53,58.38,58.5,9100
HSU.TO,20231219,18.03,18.21,18.03,18.21,120896
HSUV.U.TO,20231219,107.56,107.66,107.54,107.62,27747
HTA.TO,20231219,16.44,16.48,16.43,16.45,21380
HTA.B.TO,20231219,16.66,16.66,16.66,16.66,269
HTA.U.TO,20231219,17.55,17.64,17.55,17.63,961
HTAE.TO,20231219,14.69,14.72,14.65,14.72,6526
HTB.TO,20231219,54.81,54.83,54.78,54.83,1492
HTL.TO,20231219,1.3,1.3,1.25,1.29,26120
HUBL.TO,20231219,11.3,11.35,11.29,11.35,1704
HUC.TO,20231219,20.91,21.18,20.91,21.17,7577
HULC.TO,20231219,75.28,75.47,75.28,75.47,13950
HULC.U.TO,20231219,56.42,56.62,56.41,56.62,12400
HUN.TO,20231219,8.25,8.35,8.25,8.35,25729
HURA.TO,20231219,35.72,35.72,34.56,34.62,7197
HUT.TO,20231219,16.99,18.23,15.95,16.11,2777991
HUTE.TO,20231219,9.66,9.7,9.66,9.7,3750
HUTL.TO,20231219,16.43,16.5,16.39,16.44,83542
HUTS.TO,20231219,12.05,12.13,12.05,12.08,12844
HUV.TO,20231219,11.59,11.67,11.52,11.66,51360
HUZ.TO,20231219,10.98,11.05,10.98,11.01,3200
HWO.TO,20231219,1.14,1.15,1.14,1.15,6566
HWX.TO,20231219,6.39,6.54,6.39,6.54,517177
HXCN.TO,20231219,33.17,33.22,33.15,33.22,8655
HXD.TO,20231219,6.56,6.57,6.47,6.49,609943
HXDM.TO,20231219,42.13,42.19,42.13,42.18,17325
HXDM.U.TO,20231219,31.61,31.61,31.61,31.61,1260
HXE.TO,20231219,31.14,31.34,31,31.34,1635
HXEM.TO,20231219,32.34,32.45,32.34,32.42,1360
HXH.TO,20231219,45.75,45.75,45.74,45.74,601
HXQ.TO,20231219,63.85,63.98,63.79,63.98,9462
HXQ.U.TO,20231219,47.93,47.93,47.88,47.9,700
HXS.TO,20231219,64.5,64.53,64.33,64.5,28048
HXS.U.TO,20231219,48.36,48.36,48.36,48.36,759
HXT.TO,20231219,52.67,53.03,52.59,52.99,298205
HXU.TO,20231219,19.7,19.94,19.68,19.93,70927
HXX.TO,20231219,45.7,45.73,45.69,45.73,532
HYBR.TO,20231219,7.79,7.79,7.79,7.79,100
HYLD.TO,20231219,12.43,12.48,12.43,12.47,38448
HYLD.U.TO,20231219,12.73,12.75,12.73,12.75,2002
HZD.TO,20231219,13.94,13.94,13.68,13.8,16313
HZU.TO,20231219,20.25,20.66,20.25,20.49,27098
IAF.PR.B.TO,20231219,19.4,19.64,19.25,19.25,9225
IAG.TO,20231219,92.05,92.91,91.6,92.71,194804
IAU.TO,20231219,2.22,2.35,2.21,2.34,428272
IBG.DB.E.TO,20231219,99,99,99,99,5000
ICAE.TO,20231219,19.41,19.41,19.41,19.41,200
ICPB.TO,20231219,9.37,9.39,9.37,9.39,1500
IE.TO,20231219,14.21,14.51,14.1,14.17,2118
IFA.TO,20231219,1.1,1.1,1.03,1.05,13600
IFC.TO,20231219,203.02,204.23,202.32,203.45,322247
IFC.PR.A.TO,20231219,16.5,16.5,16.5,16.5,50000
IFC.PR.C.TO,20231219,17.89,17.94,17.85,17.85,1700
IFC.PR.E.TO,20231219,19.26,19.35,19.25,19.3,5475
IFC.PR.F.TO,20231219,19.3,19.62,19.29,19.47,16933
IFC.PR.G.TO,20231219,21.65,21.65,21.07,21.5,900
IFC.PR.I.TO,20231219,19.79,20,19.79,20,5800
IFC.PR.K.TO,20231219,19.35,19.4,19.3,19.4,27150
IFP.TO,20231219,22.38,24.95,22.19,24.94,475941
IFRF.TO,20231219,8.75,8.78,8.75,8.78,300
IGB.TO,20231219,17.9,17.94,17.9,17.94,8345
IGM.TO,20231219,35.17,35.97,35.17,35.9,162970
III.TO,20231219,2.2,2.22,2.17,2.22,9128
IIMF.TO,20231219,20.64,20.64,20.64,20.64,200
IIMF.F.TO,20231219,20.78,20.78,20.77,20.77,1800
IIP.UN.TO,20231219,12.86,12.93,12.74,12.8,433919
ILLM.TO,20231219,1.5,1.54,1.49,1.49,82865
IMG.TO,20231219,3.41,3.6,3.4,3.58,1424573
IMO.TO,20231219,75.43,76.47,75.43,76.41,771547
IMP.TO,20231219,0.57,0.6,0.57,0.58,26900
INC.UN.TO,20231219,7.87,8.01,7.73,7.73,722
INE.TO,20231219,9.21,9.35,9.17,9.25,558297
INE.DB.C.TO,20231219,88.64,90,88.63,90,33000
INE.PR.A.TO,20231219,12.22,12.22,12.22,12.22,500
INO.UN.TO,20231219,1.55,1.57,1.51,1.53,84064
IPCO.TO,20231219,15.23,15.5,15.15,15.5,85024
IPO.TO,20231219,2.23,2.28,2.23,2.26,122464
IQD.TO,20231219,32.34,32.54,32.34,32.54,1700
ISCB.TO,20231219,10.52,10.53,10.52,10.53,9500
ISV.TO,20231219,21.7,21.87,21.7,21.87,2100
ITE.TO,20231219,0.165,0.17,0.165,0.17,24224
ITH.TO,20231219,0.68,0.7,0.67,0.68,12500
IUMF.TO,20231219,20.82,20.83,20.82,20.83,500
IUMF.F.TO,20231219,20.47,20.62,20.47,20.62,5600
IVN.TO,20231219,13,13.23,12.87,13.15,1585637
IVQ.TO,20231219,0.23,0.255,0.23,0.255,7825
IVQ.DB.V.TO,20231219,34.99,35,34.99,35,17000
IVQ.U.TO,20231219,0.21,0.21,0.21,0.21,1000
JAG.TO,20231219,1.87,1.94,1.87,1.92,7147
JAPN.TO,20231219,39.23,39.23,39.23,39.23,100
JAPN.B.TO,20231219,29.37,29.37,29.29,29.29,1289
JFS.UN.TO,20231219,23.37,23.4,23.34,23.4,25777
JOY.TO,20231219,3.82,3.95,3.82,3.94,123101
JWEL.TO,20231219,29.82,30.4,29.67,30.24,85516
K.TO,20231219,8.09,8.35,8.04,8.24,2539470
KBL.TO,20231219,34.49,34.49,33.74,33.77,2728
KEC.TO,20231219,11.76,11.76,11.59,11.6,18300
KEG.UN.TO,20231219,13.3,13.45,13.3,13.36,9200
KEI.TO,20231219,4.92,5,4.79,4.94,17183
KEL.TO,20231219,5.85,6.15,5.85,6.1,505985
KEY.TO,20231219,31.84,31.92,31.39,31.49,1324405
KILO.TO,20231219,30.43,30.45,30.38,30.42,2746
KILO.B.TO,20231219,32.44,32.44,32.44,32.44,130
KILO.U.TO,20231219,31.7,31.7,31.7,31.7,100
KITS.TO,20231219,6.05,6.3,6.05,6.27,79457
KLS.TO,20231219,0.17,0.185,0.16,0.18,81105
KMP.UN.TO,20231219,17.91,18.09,17.89,17.92,156282
KNT.TO,20231219,6.12,6.33,6.04,6.31,450572
KPT.TO,20231219,9,9.05,8.99,9.05,35123
KRR.TO,20231219,4.86,5.01,4.82,4.97,255169
KSI.TO,20231219,3,3.03,2.95,3,14325
KXS.TO,20231219,155,155,153.55,154,79320
L.TO,20231219,119.99,122.74,119.99,122.24,719106
L.PR.B.TO,20231219,20.78,20.9,20.7,20.9,8550
LAAC.TO,20231219,8.39,8.65,8.34,8.58,263650
LABS.TO,20231219,0.065,0.065,0.06,0.06,38336
LAC.TO,20231219,8.8,9.02,8.8,8.95,377466
LAM.TO,20231219,0.69,0.7,0.63,0.63,796045
LAS.A.TO,20231219,137.1,137.1,134.3,136.5,863
LB.TO,20231219,25.78,26.25,25.78,26.25,377616
LB.PR.H.TO,20231219,14.75,14.75,14.65,14.65,4259
LBS.TO,20231219,7.75,7.87,7.67,7.87,100586
LBS.PR.A.TO,20231219,9.8,9.81,9.78,9.79,202898
LCFS.TO,20231219,7.15,7.24,7.15,7.24,1888
LCS.TO,20231219,6.4,6.52,6.4,6.52,37983
LCS.PR.A.TO,20231219,10.02,10.04,10.01,10.04,9400
LEV.TO,20231219,2.5,2.59,2.5,2.56,186451
LEV.WT.TO,20231219,0.09,0.11,0.09,0.11,8450
LEV.WT.A.TO,20231219,0.53,0.53,0.5,0.51,2600
LFE.TO,20231219,4.01,4.23,4.01,4.23,16950
LFE.PR.B.TO,20231219,10.14,10.14,10.1,10.11,13000
LGD.TO,20231219,0.295,0.3125,0.29,0.305,252495
LGO.TO,20231219,2.65,2.73,2.63,2.68,38322
LIF.TO,20231219,32.3,33.12,32.3,33.01,189554
LIFE.TO,20231219,20.64,20.73,20.59,20.73,20274
LIFE.B.TO,20231219,23.74,23.77,23.74,23.77,2100
LIRC.TO,20231219,8.87,9.23,8.87,9.2,176495
LN.TO,20231219,0.315,0.32,0.3,0.32,143958
LNF.TO,20231219,18.4,18.97,18.3,18.71,12596
LNR.TO,20231219,63.29,64.61,63.29,64.14,236679
LPAY.TO,20231219,29.26,29.26,29.16,29.18,2153
LPEN.TO,20231219,0.14,0.16,0.12,0.12,103325
LSPD.TO,20231219,24.84,25.89,24.78,25.84,951862
LSPK.TO,20231219,0.56,0.58,0.55,0.58,65000
LUC.TO,20231219,0.4,0.4,0.38,0.385,156000
LUG.TO,20231219,16.55,16.91,16.44,16.85,119406
LUN.TO,20231219,10.78,10.98,10.68,10.97,1338368
MAG.TO,20231219,14.1,14.69,14,14.4,263258
MAL.TO,20231219,7.5,7.5,7.48,7.49,9118
MARI.TO,20231219,3.4,3.4,3.29,3.33,13650
MATR.TO,20231219,14.63,15.16,14.63,15.14,167677
MAYB.F.TO,20231219,39.28,39.28,39.28,39.28,900
MBX.TO,20231219,0.39,0.39,0.375,0.375,69670
MCB.TO,20231219,1.9,1.99,1.9,1.98,41100
MCLC.TO,20231219,35.16,35.16,35.16,35.16,100
MCSB.TO,20231219,19.19,19.19,19.19,19.19,600
MDA.TO,20231219,11.73,11.84,11.6,11.7,250340
MDI.TO,20231219,9.08,9.34,8.97,9.27,479516
MDNA.TO,20231219,0.445,0.445,0.4,0.4,26005
MDP.TO,20231219,1.73,2.05,1.73,1.9,131615
MEE.TO,20231219,24.58,24.58,24.58,24.58,100
MEG.TO,20231219,23.66,24.23,23.66,24.19,1521459
MEQ.TO,20231219,141.18,145.74,141.17,145.74,7552
MEU.TO,20231219,21.47,21.47,21.45,21.45,200
MFC.TO,20231219,28.33,28.97,28.26,28.95,4984312
MFC.PR.B.TO,20231219,18.15,18.27,18.1,18.1,7440
MFC.PR.C.TO,20231219,17.61,17.69,17.54,17.54,4480
MFC.PR.F.TO,20231219,13.9,13.9,13.82,13.82,37400
MFC.PR.I.TO,20231219,21.92,22.15,21.92,22.15,6565
MFC.PR.J.TO,20231219,22.45,22.75,22.45,22.64,2550
MFC.PR.K.TO,20231219,22.01,22.1,22,22.1,1750
MFC.PR.L.TO,20231219,18.47,18.48,18.47,18.48,1879
MFC.PR.M.TO,20231219,18.37,18.38,18.36,18.36,5400
MFC.PR.N.TO,20231219,17.94,17.94,17.94,17.94,900
MFC.PR.P.TO,20231219,15.38,15.4,15.3,15.4,918
MFC.PR.Q.TO,20231219,21.85,22,21.85,21.95,10900
MFI.TO,20231219,24.95,25.94,24.95,25.93,207181
MFT.TO,20231219,17.27,17.35,17.26,17.35,32864
MG.TO,20231219,75.54,77.63,75.45,77.56,675297
MGA.TO,20231219,0.43,0.43,0.395,0.395,1488885
MGB.TO,20231219,16.4,16.46,16.39,16.42,5303
MGRW.TO,20231219,24.13,24.17,24.13,24.17,1500
MHC.U.TO,20231219,16.16,16.64,16.16,16.25,8883
MHC.UN.TO,20231219,21.74,21.74,21.7,21.7,1300
MHCD.TO,20231219,10.66,10.66,10.65,10.65,5565
MI.UN.TO,20231219,16.07,16.1,15.89,16.01,50054
MIC.PR.A.TO,20231219,18.13,18.44,18.13,18.3,546
MID.UN.TO,20231219,6.37,6.37,6.31,6.36,901
MIN.TO,20231219,0.14,0.145,0.14,0.14,67400
MINF.TO,20231219,8.98,8.98,8.98,8.98,800
MINN.TO,20231219,15.67,15.68,15.67,15.67,20176
MINT.TO,20231219,34.9,34.91,34.9,34.91,300
MIVG.TO,20231219,28.83,28.93,28.83,28.93,513
MKB.TO,20231219,19.11,19.17,19.11,19.12,18752
MKC.TO,20231219,31.28,31.28,31.24,31.24,3463
MKP.TO,20231219,15.41,15.51,15.27,15.45,14018
MKZ.UN.TO,20231219,0.425,0.485,0.425,0.485,45110
MMP.UN.TO,20231219,1.63,1.65,1.62,1.65,8809
MND.TO,20231219,1.88,1.88,1.86,1.86,4000
MNO.TO,20231219,0.365,0.4,0.36,0.4,235487
MNS.TO,20231219,17.11,17.27,17.11,17.27,1000
MNT.TO,20231219,26.99,26.99,26.78,26.91,12579
MNU.U.TO,20231219,100.31,100.31,100.3,100.31,300
MNY.TO,20231219,100.29,100.29,100.29,100.29,600
MOGO.TO,20231219,2.64,2.78,2.63,2.68,36686
MPAY.TO,20231219,28.04,28.04,28,28,488
MPC.TO,20231219,6.39,6.39,5.7,6.36,2100
MPC.C.TO,20231219,5.95,6.05,5.95,6.05,400
MPCT.DB.A.TO,20231219,86,86,86,86,50000
MPCT.UN.TO,20231219,6.07,6.07,5.8,5.94,32655
MPVD.TO,20231219,0.3,0.305,0.285,0.305,54140
MR.UN.TO,20231219,4.19,4.19,4.15,4.18,36205
MRC.TO,20231219,104,104,103,103,2639
MRD.TO,20231219,11.02,11.09,11.01,11.03,5310
MRE.TO,20231219,13.78,14.29,13.58,14.1,299682
MREL.TO,20231219,12.09,12.1,12.05,12.08,3731
MRG.DB.B.TO,20231219,95.5,95.5,94.01,94.01,30000
MRG.UN.TO,20231219,14.56,14.66,14.44,14.55,30429
MRT.DB.A.TO,20231219,89.82,90.25,89.82,90,131000
MRT.UN.TO,20231219,5.31,5.34,5.3,5.34,7318
MRU.TO,20231219,65.93,66.91,65.8,66.44,399620
MSA.TO,20231219,0.59,0.6,0.59,0.6,30000
MSV.TO,20231219,0.19,0.2,0.19,0.2,10200
MTAV.TO,20231219,23.5,23.5,23.5,23.5,401
MTL.TO,20231219,13.53,13.66,13.47,13.6,208553
MTY.TO,20231219,54.24,54.34,53.15,54.21,39007
MUB.TO,20231219,18.2,18.32,18.2,18.21,62525
MULC.TO,20231219,44.46,44.46,44.45,44.45,2600
MUMC.B.TO,20231219,42.92,42.95,42.92,42.95,200
MUS.TO,20231219,32.94,32.99,32.94,32.99,4099
MUSD.U.TO,20231219,100.32,100.32,100.32,100.32,299
MUX.TO,20231219,10.46,10.85,10.4,10.58,27485
MWD.TO,20231219,26.63,26.78,26.63,26.77,11239
MX.TO,20231219,62.94,64.79,62.94,64.59,81797
MXG.TO,20231219,4.5,4.51,4.32,4.42,16095
NA.TO,20231219,99.25,101,99.25,100.97,2635691
NA.PR.C.TO,20231219,25.38,25.38,25.3,25.38,4444
NA.PR.E.TO,20231219,21.2,21.21,21,21.16,59900
NA.PR.G.TO,20231219,24.9,24.9,24.65,24.7,1800
NA.PR.S.TO,20231219,18.7,18.72,18.6,18.63,3328
NA.PR.W.TO,20231219,16.91,17,16.91,17,4000
NALT.TO,20231219,23.09,23.11,23.05,23.05,1900
NANO.TO,20231219,2.5,2.66,2.48,2.66,236033
NCP.TO,20231219,0.015,0.015,0.015,0.015,1676443
NCU.TO,20231219,0.14,0.14,0.13,0.135,279903
NDM.TO,20231219,0.46,0.475,0.46,0.465,38654
NEO.TO,20231219,7.45,7.48,7.4,7.42,50194
NEXT.TO,20231219,1.23,1.24,1.09,1.16,101621
NFI.TO,20231219,14.3,14.3,13.98,13.98,181547
NFI.DB.TO,20231219,85,85,83.5,83.5,46000
NG.TO,20231219,4.63,4.85,4.63,4.84,162119
NGD.TO,20231219,1.95,2.05,1.95,2.04,1216008
NGT.TO,20231219,55.35,56.54,55.05,55.79,287360
NOA.TO,20231219,27.21,28.36,27.21,28.12,80593
NOA.DB.B.TO,20231219,120,120,120,120,1000
NOVB.F.TO,20231219,38.74,38.74,38.74,38.74,658
NOVC.TO,20231219,0.98,0.99,0.98,0.99,3000
NPI.TO,20231219,24.1,24.44,24.04,24.13,727232
NPI.PR.A.TO,20231219,15.51,15.52,15.51,15.51,1217
NPI.PR.B.TO,20231219,17.02,17.5,17.02,17.5,3600
NPK.TO,20231219,1.08,1.09,1.05,1.08,83655
NPRF.TO,20231219,19.33,19.51,19.33,19.51,1600
NREA.TO,20231219,19.15,19.17,19.15,19.17,300
NRR.UN.TO,20231219,10.11,10.11,10.01,10.01,3070
NSCB.TO,20231219,22.45,22.45,22.45,22.45,1534
NSCE.TO,20231219,35.99,35.99,35.99,35.99,100
NSSB.TO,20231219,9.77,9.77,9.77,9.77,300
NTR.TO,20231219,74.07,76.08,74.04,76.02,3502037
NUAG.TO,20231219,2.63,2.7,2.56,2.62,48657
NUBF.TO,20231219,21.4,21.51,21.4,21.49,9908
NUMI.TO,20231219,0.12,0.12,0.115,0.12,520110
NUSA.TO,20231219,36.96,36.97,36.96,36.97,680
NVA.TO,20231219,10.98,11.18,10.94,11.17,448158
NVEI.TO,20231219,32.94,34,32.74,33.99,398727
NVO.TO,20231219,0.14,0.165,0.135,0.165,1465178
NWC.TO,20231219,38.83,39.55,38.79,39.34,71195
NWH.DB.G.TO,20231219,98.47,98.47,98.01,98.01,28000
NWH.DB.H.TO,20231219,79,80,79,80,228000
NWH.DB.I.TO,20231219,80.34,80.34,78.05,78.06,62000
NWH.UN.TO,20231219,4.76,4.82,4.75,4.81,438652
NXE.TO,20231219,9.27,9.27,8.82,8.89,1842660
NXF.TO,20231219,6.15,6.21,6.15,6.2,31594
NXR.UN.TO,20231219,7.91,8,7.83,7.99,152735
OBE.TO,20231219,9.38,9.54,9.29,9.52,143620
OGC.TO,20231219,2.55,2.63,2.52,2.59,1589956
OGD.TO,20231219,0.54,0.54,0.54,0.54,5000
OGI.TO,20231219,1.73,1.78,1.66,1.7,136326
OLA.TO,20231219,4.18,4.46,4.17,4.43,1700083
OLY.TO,20231219,94.5,94.5,94.5,94.5,112
ONC.TO,20231219,1.73,1.79,1.73,1.76,69076
ONEB.TO,20231219,48.09,48.09,48.09,48.09,4300
ONEC.TO,20231219,20.59,20.59,20.59,20.59,100
ONEX.TO,20231219,90.84,91.97,90.84,91.89,60376
OPT.TO,20231219,2.31,2.31,2.25,2.26,7802
OR.TO,20231219,19.4,19.99,19.28,19.8,228046
ORA.TO,20231219,9.54,9.6,9.46,9.46,2639
ORE.TO,20231219,0.82,0.88,0.82,0.87,139083
ORV.TO,20231219,0.17,0.18,0.17,0.18,9000
OSK.TO,20231219,2.54,2.71,2.5,2.7,3574060
OTEX.TO,20231219,55.39,55.68,54.91,54.96,306987
OVV.TO,20231219,58.08,58.91,57.72,58.83,137367
PAAS.TO,20231219,20.91,21.61,20.84,21.54,1323175
PABF.TO,20231219,21.44,21.48,21.44,21.48,2989
PACF.TO,20231219,21.32,21.32,21.32,21.32,555
PAGF.TO,20231219,21.65,21.69,21.65,21.69,1725
PAY.TO,20231219,5.5,5.88,5.5,5.61,290212
PBD.TO,20231219,16.5,16.52,16.5,16.51,1756
PBH.TO,20231219,95.63,97.28,95.4,96.82,56897
PBH.DB.G.TO,20231219,96.5,96.75,95.5,96.75,107000
PBH.DB.H.TO,20231219,92.5,92.5,91.01,91.01,49000
PBH.DB.I.TO,20231219,91.69,91.7,91.6,91.6,24000
PBL.TO,20231219,32.39,32.6,32.39,32.56,1685
PBY.UN.TO,20231219,14.25,14.3,14.2,14.23,51733
PCOR.TO,20231219,18.35,18.37,18.35,18.37,200
PD.TO,20231219,72.14,72.75,71.18,72.75,68984
PDC.TO,20231219,29.9,30.07,29.9,30.07,5019
PDF.TO,20231219,30.07,30.1,30.07,30.09,2701
PDIV.TO,20231219,9.53,9.53,9.45,9.45,5202
PDV.TO,20231219,4.35,4.35,4.35,4.35,100
PEA.TO,20231219,0.29,0.31,0.28,0.29,140079
PET.TO,20231219,28.26,29.26,28.26,29.2,53035
PEY.TO,20231219,12.09,12.25,11.99,12.24,803322
PFAA.TO,20231219,10.46,10.46,10.46,10.46,188
PFAE.TO,20231219,16.14,16.16,16.09,16.09,2300
PFH.F.TO,20231219,17.95,17.96,17.94,17.95,4213
PFIA.TO,20231219,9.67,9.71,9.67,9.69,5350
PFL.TO,20231219,19.68,19.68,19.66,19.68,43586
PFLS.TO,20231219,15.64,15.66,15.62,15.62,2825
PFMN.TO,20231219,13.55,13.55,13.49,13.49,30400
PGI.UN.TO,20231219,7.26,7.35,7.25,7.34,7315
PHX.TO,20231219,8.13,8.19,8.05,8.18,101535
PHYS.TO,20231219,21.15,21.22,21.09,21.1,85907
PHYS.U.TO,20231219,15.88,15.88,15.88,15.88,900
PIC.A.TO,20231219,4.62,4.77,4.62,4.71,24352
PIC.PR.A.TO,20231219,13.57,13.62,13.55,13.58,14636
PID.TO,20231219,21.13,21.13,21.03,21.1,1571
PIF.TO,20231219,13.09,13.09,12.95,13.05,37035
PIN.TO,20231219,17.15,17.15,17.15,17.15,2800
PINC.TO,20231219,17.2,17.37,17.2,17.37,1962
PIX.UN.TO,20231219,7.41,7.5,7.4,7.43,20325
PKI.TO,20231219,42.83,43.46,42.73,43.36,374849
PLC.TO,20231219,18.89,19.06,18.68,18.79,92454
PLC.DB.TO,20231219,98,98,98,98,11000
PLDI.TO,20231219,18.71,18.71,18.71,18.71,300
PLV.TO,20231219,22.39,22.4,22.39,22.4,1300
PLZ.UN.TO,20231219,3.65,3.71,3.65,3.67,31557
PMB.UN.TO,20231219,6.86,6.86,6.82,6.83,3900
PME.TO,20231219,2.16,2.2,2.16,2.17,2500
PMIF.TO,20231219,18.2,18.24,18.2,18.24,80508
PMIF.U.TO,20231219,19.32,19.32,19.32,19.32,1100
PMM.TO,20231219,20.76,20.85,20.71,20.71,500
PMNT.TO,20231219,19.2,19.2,19.2,19.2,7654
PMT.TO,20231219,0.395,0.42,0.39,0.42,35500
PMZ.UN.TO,20231219,13.53,13.63,13.4,13.53,231206
PNE.TO,20231219,1.3,1.37,1.3,1.33,271131
PNP.TO,20231219,3.66,3.89,3.66,3.74,18408
POU.TO,20231219,26.27,26.68,26.23,26.61,137688
POW.TO,20231219,37.77,37.94,37.61,37.68,2443195
POW.PR.A.TO,20231219,20.6,20.75,20.52,20.69,4200
POW.PR.B.TO,20231219,19.5,19.62,19.5,19.57,3100
POW.PR.D.TO,20231219,18.41,18.44,18.35,18.43,22560
POW.PR.G.TO,20231219,20.3,20.43,20.3,20.36,3400
PPL.TO,20231219,44.5,44.87,44.25,44.86,3744332
PPL.PF.A.TO,20231219,19.65,19.65,19.49,19.62,10003
PPL.PF.E.TO,20231219,20.3,20.4,20.3,20.3,24000
PPL.PR.A.TO,20231219,20.01,20.01,20,20,2600
PPL.PR.C.TO,20231219,17.79,17.8,17.57,17.57,4690
PPL.PR.E.TO,20231219,17.98,17.99,17.71,17.76,4000
PPL.PR.G.TO,20231219,16.85,16.94,16.85,16.94,300
PPL.PR.I.TO,20231219,19.75,19.75,19.51,19.74,9300
PPL.PR.O.TO,20231219,19.15,19.35,19.15,19.35,5030
PPL.PR.S.TO,20231219,22.68,22.68,22.5,22.5,41100
PPR.TO,20231219,0.065,0.065,0.06,0.06,96260
PPTA.TO,20231219,4.21,4.49,4.21,4.45,14463
PR.TO,20231219,8.19,8.22,8.18,8.2,13400
PRA.TO,20231219,27.3,27.3,27.26,27.29,1458
PRB.TO,20231219,1.32,1.36,1.29,1.3,107765
PRL.TO,20231219,12.96,13,12.95,12.99,19150
PRM.TO,20231219,13.53,14.1,13.53,14.1,4236
PRMW.TO,20231219,20.46,20.82,20.24,20.73,96332
PRN.TO,20231219,11.91,11.91,11,11,13663
PRQ.TO,20231219,1.38,1.38,1.28,1.3,49950
PRU.TO,20231219,1.66,1.68,1.66,1.67,11218
PRV.UN.TO,20231219,4.83,4.87,4.65,4.7,248694
PRYM.TO,20231219,1.51,1.58,1.47,1.56,1096225
PSA.TO,20231219,50.15,50.15,50.14,50.14,75338
PSB.TO,20231219,17.22,17.22,17.18,17.2,6233
PSD.TO,20231219,2.18,2.18,2.13,2.17,64208
PSI.TO,20231219,15.61,15.88,15.58,15.88,136483
PSK.TO,20231219,23.51,24.04,23.51,23.93,287533
PSLV.TO,20231219,10.87,10.99,10.87,10.93,44363
PSLV.U.TO,20231219,8.17,8.17,8.17,8.17,200
PSU.U.TO,20231219,100.3,100.31,100.3,100.3,42591
PTI.UN.TO,20231219,6.32,6.33,6.24,6.3,35701
PTM.TO,20231219,1.45,1.46,1.43,1.43,16444
PTO.UN.TO,20231219,6.64,6.7,6.64,6.7,93702
PVS.PR.F.TO,20231219,24.55,24.55,24.55,24.55,300
PVS.PR.G.TO,20231219,23.89,23.91,23.81,23.91,10200
PVS.PR.H.TO,20231219,23.2,23.4,23.15,23.4,8500
PVS.PR.I.TO,20231219,23.97,23.97,23.65,23.76,1800
PVS.PR.J.TO,20231219,22.12,22.14,22.11,22.11,2600
PVS.PR.K.TO,20231219,22.15,22.3,22.12,22.12,5400
PWF.PF.A.TO,20231219,17.15,17.15,16.63,16.63,4000
PWF.PR.A.TO,20231219,12.3,12.3,12.24,12.25,2000
PWF.PR.E.TO,20231219,19.89,20.01,19.86,19.87,8600
PWF.PR.F.TO,20231219,19.13,19.14,19.03,19.03,2600
PWF.PR.G.TO,20231219,21.7,21.7,21.64,21.65,3625
PWF.PR.H.TO,20231219,20.85,20.87,20.85,20.85,2900
PWF.PR.K.TO,20231219,18.02,18.02,18,18,3500
PWF.PR.L.TO,20231219,18.59,18.59,18.56,18.56,900
PWF.PR.O.TO,20231219,21.1,21.34,21.1,21.29,3600
PWF.PR.P.TO,20231219,12.97,12.97,12.81,12.85,2500
PWF.PR.Q.TO,20231219,15.17,15.17,15.17,15.17,200
PWF.PR.R.TO,20231219,19.95,19.95,19.86,19.95,1800
PWF.PR.S.TO,20231219,17.5,17.55,17.45,17.45,2646
PWF.PR.T.TO,20231219,19.35,19.35,19.2,19.2,600
PWF.PR.Z.TO,20231219,18.86,18.86,18.66,18.7,600
PWI.TO,20231219,6.26,6.28,6.16,6.21,17869
PWI.PR.A.TO,20231219,9.91,10.02,9.91,9.98,17600
PXC.TO,20231219,35.46,35.53,35.46,35.53,10635
PXT.TO,20231219,24,24.65,23.91,24.57,645702
PYF.TO,20231219,17.27,17.39,17.27,17.39,4047
PYR.TO,20231219,0.42,0.42,0.405,0.415,52413
PZA.TO,20231219,14.42,14.45,14.35,14.39,15344
PZW.TO,20231219,31.84,31.84,31.84,31.84,200
QASH.TO,20231219,50.24,50.24,50.24,50.24,2328
QBB.TO,20231219,93.18,93.29,93.18,93.22,500
QBR.A.TO,20231219,32.5,32.5,32.5,32.5,818
QBR.B.TO,20231219,30.54,30.8,30.48,30.64,345200
QBTC.TO,20231219,57.52,57.89,56.13,56.42,14305
QBTC.U.TO,20231219,41.85,43.3,41.85,42.27,11033
QBTL.TO,20231219,17.18,17.18,17.01,17.02,6700
QCE.TO,20231219,126.13,126.13,126.13,126.13,100
QCLN.TO,20231219,18.46,18.85,18.46,18.85,1680
QCN.TO,20231219,126.32,126.33,126.31,126.31,1764
QDX.TO,20231219,107.2,107.2,107.2,107.2,100
QDXB.TO,20231219,89.1,89.1,89.1,89.1,100
QEBH.TO,20231219,77.81,77.81,77.8,77.8,400
QEC.TO,20231219,0.185,0.185,0.185,0.185,5249
QEE.TO,20231219,83.33,83.75,83.33,83.75,800
QETH.UN.TO,20231219,46.76,46.85,46,46,1735
QIE.TO,20231219,30.32,30.4,30.32,30.4,1100
QINF.TO,20231219,112.28,112.28,111.87,111.91,500
QIPT.TO,20231219,6.31,6.5,5.9,6.2,103459
QMAX.TO,20231219,18.16,18.16,18.09,18.16,28873
QQC.TO,20231219,26.73,26.74,26.65,26.74,18882
QQC.F.TO,20231219,134.29,134.59,134.29,134.53,4058
QQCC.TO,20231219,11.15,11.15,11.08,11.11,15761
QQCE.TO,20231219,22.51,22.55,22.44,22.55,1100
QQCE.F.TO,20231219,20.53,20.53,20.53,20.53,200
QQCL.TO,20231219,20.87,20.87,20.74,20.77,1101
QQEQ.TO,20231219,24.36,24.39,24.36,24.39,900
QQQT.TO,20231219,23.31,23.31,23.26,23.28,400
QQQT.B.TO,20231219,23.56,23.56,23.56,23.56,200
QQQT.U.TO,20231219,23.35,23.38,23.33,23.38,500
QQQY.TO,20231219,23.21,23.21,23.1,23.15,4015
QRC.TO,20231219,0.71,0.71,0.71,0.71,55000
QRET.TO,20231219,106.13,106.14,106.13,106.14,700
QSR.TO,20231219,101.01,102.55,101.01,102.48,789800
QTRH.TO,20231219,2,2.02,1.98,2.01,66633
QUB.TO,20231219,83.15,83.15,82.99,82.99,253
QUS.TO,20231219,46.83,46.83,46.83,46.83,150
QUU.TO,20231219,181.57,181.84,181.57,181.84,5165
QUU.U.TO,20231219,136.21,136.21,136.21,136.21,298
RA.UN.TO,20231219,7.17,7.19,7.16,7.16,13700
RATE.TO,20231219,20.57,20.58,20.56,20.58,18369
RAY.A.TO,20231219,5.44,5.48,5.37,5.45,30139
RAY.B.TO,20231219,5.4,5.42,5.4,5.42,1000
RBA.TO,20231219,85.47,86.71,85.25,86.36,95452
RBNK.TO,20231219,23.23,23.55,23.23,23.55,10219
RBO.TO,20231219,18.19,18.19,18.19,18.19,400
RBOT.TO,20231219,27.46,27.46,27.46,27.46,160
RBY.TO,20231219,2.01,2.02,2,2.02,32000
RCD.TO,20231219,24.87,24.89,24.87,24.89,4540
RCDC.TO,20231219,19.34,19.41,19.34,19.41,561
RCG.TO,20231219,7.63,7.7,7.39,7.39,8437
RCG.PR.B.TO,20231219,10.2,10.2,10.1,10.15,2500
RCH.TO,20231219,44.8,46.44,44.8,46.28,56471
RCI.A.TO,20231219,60.98,62,60.98,61.05,725
RCI.B.TO,20231219,60.55,61.25,60.55,61.07,814133
REAL.TO,20231219,6.23,6.35,6.2,6.28,69839
REI.UN.TO,20231219,18.14,18.63,18.14,18.62,603137
RGQN.TO,20231219,20.02,20.02,20.02,20.02,250
RGQQ.TO,20231219,19.81,19.81,19.81,19.81,149
RGQR.TO,20231219,19.76,19.76,19.76,19.76,355
RIIN.TO,20231219,18.6,18.7,18.6,18.7,1000
RIT.TO,20231219,15.91,15.92,15.87,15.89,13183
RLB.TO,20231219,18.22,18.25,18.22,18.25,1900
ROOT.TO,20231219,2.42,2.46,2.35,2.46,18133
RPF.TO,20231219,17.84,17.84,17.83,17.83,1563
RPI.UN.TO,20231219,34.04,34.25,34.04,34.25,9501
RPSB.TO,20231219,19.68,19.68,19.68,19.68,300
RQL.TO,20231219,20.18,20.18,20.16,20.17,44201
RQN.TO,20231219,20.03,20.03,20.02,20.03,48407
RQO.TO,20231219,18.15,18.17,18.15,18.17,35091
RQP.TO,20231219,17.73,17.73,17.71,17.73,17387
RQQ.TO,20231219,21.3,21.3,21.28,21.28,6712
RS.TO,20231219,12.75,12.9,12.71,12.74,7770
RS.PR.A.TO,20231219,9.72,9.72,9.68,9.68,3600
RSI.TO,20231219,5.29,5.36,5.28,5.35,179708
RSI.DB.E.TO,20231219,99.39,99.5,99.39,99.5,121000
RSI.DB.F.TO,20231219,96.25,96.25,96.25,96.25,15000
RUBH.TO,20231219,16.05,16.07,16.05,16.07,300
RUBY.TO,20231219,18.49,18.55,18.49,18.54,650
RUD.TO,20231219,55.46,55.64,55.46,55.64,6538
RUDB.U.TO,20231219,14.97,15,14.94,15,4460
RUDC.TO,20231219,20.21,20.21,20.21,20.21,100
RUDH.TO,20231219,39.76,39.76,39.76,39.76,2509
RUP.TO,20231219,3.76,4.02,3.75,3.94,22407
RUS.TO,20231219,43.97,45.31,43.97,45.14,200417
RVX.TO,20231219,0.06,0.065,0.06,0.065,97250
RY.TO,20231219,132.57,133.6,132.5,133.38,2755707
RY.PR.H.TO,20231219,18.04,18.15,18.01,18.1,8987
RY.PR.J.TO,20231219,18.65,19.03,18.61,18.66,28889
RY.PR.M.TO,20231219,18.5,18.5,18,18,5450
RY.PR.N.TO,20231219,21.28,21.3,21.25,21.3,3600
RY.PR.O.TO,20231219,21.22,21.7,21.19,21.19,4300
RY.PR.S.TO,20231219,23.05,23.17,23.01,23.02,5008
S.TO,20231219,0.305,0.31,0.29,0.3,697435
SAM.TO,20231219,0.11,0.11,0.11,0.11,71500
SAP.TO,20231219,26.28,26.67,26.15,26.65,478093
SBC.TO,20231219,8.99,9.07,8.98,9.03,28257
SBC.PR.A.TO,20231219,9.64,9.67,9.63,9.67,13100
SBN.TO,20231219,2.43,2.43,2.43,2.43,100
SBN.PR.A.TO,20231219,8.25,8.25,8.25,8.25,300
SBT.TO,20231219,12.76,12.76,12.76,12.76,600
SBT.B.TO,20231219,17.08,17.08,17.08,17.08,1200
SCR.TO,20231219,22.03,22.95,22.03,22.83,62396
SCY.TO,20231219,0.02,0.02,0.02,0.02,379113
SDE.TO,20231219,3.02,3.1,3.01,3.08,138515
SEA.TO,20231219,16.48,16.86,16.45,16.55,43688
SEC.TO,20231219,312.37,312.37,310,310,210
SES.TO,20231219,8.81,8.99,8.77,8.95,686488
SFC.TO,20231219,5.95,6,5.95,6,6527
SFI.TO,20231219,0.23,0.245,0.2,0.245,17500
SFTC.TO,20231219,15.53,15.53,15.05,15.16,11196
SGLD.TO,20231219,0.135,0.135,0.135,0.135,9175
SGNL.TO,20231219,0.125,0.135,0.125,0.135,150500
SGR.U.TO,20231219,8.56,8.56,8.56,8.56,200
SGR.UN.TO,20231219,11.33,11.5,11.33,11.48,98570
SGY.TO,20231219,6.57,6.8,6.55,6.68,864700
SGY.DB.B.TO,20231219,101.6,101.6,101.6,101.6,1000
SHLE.TO,20231219,6.13,6.13,6.11,6.11,1604
SHOP.TO,20231219,103.13,106.68,103.1,104.5,4287580
SIA.TO,20231219,11.36,11.42,11.32,11.38,198798
SIH.UN.TO,20231219,10.35,10.35,10.35,10.35,2550
SII.TO,20231219,43.13,44.64,43.13,44.64,27719
SIL.TO,20231219,8.5,8.99,8.48,8.98,269915
SIS.TO,20231219,15.2,15.3,15.01,15.15,90298
SJ.TO,20231219,74.01,76.65,74,76.52,147078
SKE.TO,20231219,6.1,6.48,6.1,6.42,283443
SLF.TO,20231219,68.35,68.87,68.18,68.26,1946183
SLF.PR.C.TO,20231219,17.9,17.9,17.8,17.9,6330
SLF.PR.D.TO,20231219,17.76,17.82,17.63,17.77,7620
SLF.PR.E.TO,20231219,17.95,17.95,17.85,17.92,10050
SLF.PR.G.TO,20231219,13.76,13.76,13.76,13.76,300
SLF.PR.H.TO,20231219,17.65,17.65,17.65,17.65,90000
SLF.PR.J.TO,20231219,15.1,15.1,15.07,15.07,6600
SLF.PR.K.TO,20231219,20.99,20.99,20.99,20.99,100
SLR.TO,20231219,0.77,0.77,0.77,0.77,7600
SLS.TO,20231219,4.06,4.18,4.02,4.15,222130
SMAX.TO,20231219,16.99,16.99,16.94,16.97,36136
SMC.TO,20231219,0.035,0.035,0.03,0.03,3468
SMT.TO,20231219,0.72,0.73,0.7,0.72,211875
SOIL.TO,20231219,2.29,2.33,2.29,2.32,22690
SOIL.WT.A.TO,20231219,0.245,0.25,0.245,0.25,12000
SOLG.TO,20231219,0.135,0.135,0.13,0.13,254147
SOT.DB.A.TO,20231219,50,50,50,50,5000
SOT.DB.B.TO,20231219,53.39,53.39,52.24,52.24,39000
SOT.UN.TO,20231219,0.71,0.73,0.68,0.71,506572
SOY.TO,20231219,6.48,6.89,6.48,6.86,52596
SPAY.TO,20231219,27,27,26.94,26.94,403
SPAY.U.TO,20231219,20.22,20.22,20.22,20.22,300
SPB.TO,20231219,9.5,9.72,9.5,9.7,726742
SPLT.TO,20231219,10.16,10.18,10.16,10.18,25306
SPPP.TO,20231219,13.66,14.08,13.66,13.95,2858
SRU.UN.TO,20231219,24.37,24.65,24.37,24.5,215852
SRV.UN.TO,20231219,16.36,16.4,15.99,16.34,7318
SSF.UN.TO,20231219,6.73,6.73,6.52,6.63,13150
SSL.TO,20231219,6.59,6.79,6.55,6.77,206362
SSRM.TO,20231219,14.63,15.14,14.52,14.89,600150
STC.TO,20231219,4.21,4.27,4.11,4.11,11500
STCK.TO,20231219,8.15,8.15,7.86,7.96,3901
STCK.WT.TO,20231219,0.01,0.01,0.01,0.01,2000
STEP.TO,20231219,3.57,3.65,3.54,3.65,326165
STGO.TO,20231219,0.71,0.74,0.7,0.72,33300
STLC.TO,20231219,49.19,49.68,48.83,49.49,114413
STN.TO,20231219,103.21,103.9,103.01,103.05,447683
STPL.TO,20231219,22.83,22.83,22.81,22.81,2100
SU.TO,20231219,42.22,42.87,42.22,42.85,6404240
SVA.TO,20231219,0.66,0.67,0.61,0.67,374023
SVB.TO,20231219,0.135,0.135,0.13,0.13,15000
SVI.TO,20231219,5.2,5.29,5.2,5.24,153107
SVI.DB.TO,20231219,96.5,96.5,95,95,26000
SVI.DB.B.TO,20231219,93.6,93.6,93.6,93.6,9000
SVM.TO,20231219,3.7,3.79,3.64,3.69,228305
SVR.TO,20231219,11.65,11.74,11.65,11.72,164768
SVR.C.TO,20231219,12.3,12.3,12.3,12.3,1364
SWP.TO,20231219,2.75,2.75,2.74,2.75,1611
SXP.TO,20231219,4.03,4.15,4.03,4.11,47751
SYLD.TO,20231219,18.02,18.02,17.99,18,1900
SYZ.TO,20231219,6.87,6.92,6.79,6.86,29000
T.TO,20231219,23.84,23.99,23.71,23.75,2570600
TA.TO,20231219,10.69,10.97,10.69,10.93,618881
TA.PR.D.TO,20231219,11.76,11.83,11.76,11.8,6130
TA.PR.E.TO,20231219,14.41,14.41,14.29,14.4,7026
TA.PR.F.TO,20231219,17.62,17.65,17.5,17.6,4278
TA.PR.G.TO,20231219,17.75,17.75,17.75,17.75,800
TA.PR.H.TO,20231219,21.2,21.2,21.01,21.12,6320
TA.PR.J.TO,20231219,19.1,19.15,19.08,19.15,7312
TAIG.TO,20231219,0.92,0.92,0.9,0.91,29983
TAL.TO,20231219,0.82,0.83,0.81,0.81,469006
TBAL.TO,20231219,16.72,16.8,16.72,16.78,700
TBL.TO,20231219,2.93,2.96,2.93,2.96,1138
TBNK.TO,20231219,25.27,25.5,25.27,25.5,4300
TC.TO,20231219,33.35,33.58,31.91,32.68,4229
TCL.A.TO,20231219,13.44,13.91,13.26,13.9,367840
TCL.B.TO,20231219,13.35,13.92,13.35,13.92,458
TCLB.TO,20231219,125.98,125.98,125.32,125.74,9100
TCLV.TO,20231219,18.94,18.94,18.93,18.93,3300
TCS.TO,20231219,30.56,30.56,30.36,30.5,10003
TCSB.TO,20231219,14.5,14.5,14.47,14.5,32150
TCW.TO,20231219,4.04,4.11,4.03,4.09,452506
TD.TO,20231219,83.25,84.71,83.25,84.62,3948082
TD.PF.A.TO,20231219,18.4,18.44,18.4,18.44,3700
TD.PF.B.TO,20231219,19.11,19.21,19.11,19.21,42976
TD.PF.C.TO,20231219,17.82,17.85,17.78,17.82,70914
TD.PF.D.TO,20231219,19.03,19.03,18.94,18.95,13100
TD.PF.E.TO,20231219,19.24,19.25,19.24,19.25,3100
TD.PF.I.TO,20231219,24.22,24.22,24.22,24.22,159
TD.PF.J.TO,20231219,21.88,21.93,21.88,21.93,1050
TD.PF.M.TO,20231219,24.41,24.5,24.4,24.5,4700
TDB.TO,20231219,13.13,13.18,13.13,13.18,91539
TDOC.TO,20231219,17.2,17.2,17.11,17.15,34000
TEC.TO,20231219,31.68,31.79,31.67,31.79,19477
TEC.U.TO,20231219,23.78,23.78,23.78,23.78,131
TECH.TO,20231219,12.15,12.25,12.15,12.24,18337
TECH.B.TO,20231219,13.65,13.65,13.62,13.62,200
TECH.U.TO,20231219,12.56,12.56,12.56,12.56,100
TECI.TO,20231219,7.38,7.38,7.38,7.38,500
TECK.A.TO,20231219,55.23,56.74,55.23,56.63,2536
TECK.B.TO,20231219,55.58,56.84,55.57,56.61,810609
TERM.TO,20231219,9.31,9.31,9.31,9.31,6638
TF.TO,20231219,6.66,6.75,6.65,6.72,220643
TF.DB.D.TO,20231219,86.24,86.5,86.24,86.5,36000
TFII.TO,20231219,158,162.6,157.33,162.55,200730
TFPM.TO,20231219,18.08,18.2,17.78,18.19,186980
TGAF.TO,20231219,18.88,18.88,18.88,18.88,100
TGED.TO,20231219,20.43,20.43,20.38,20.39,22929
TGED.U.TO,20231219,15.25,15.25,15.25,15.25,150
TGFI.TO,20231219,20.54,20.54,20.48,20.54,6102
TGGR.TO,20231219,23.18,23.18,23.15,23.15,300
TGO.TO,20231219,1.51,1.64,1.45,1.6,21428
TGRE.TO,20231219,13.76,13.76,13.76,13.76,600
TGRO.TO,20231219,19.05,19.1,19.05,19.1,2138
TH.TO,20231219,2.12,2.15,2.11,2.12,4175
The.TO,20231219,23.09,23.1,23.06,23.1,2300
THNC.TO,20231219,3.04,3.21,3.04,3.1,78291
THU.TO,20231219,31.94,31.94,31.94,31.94,370
TI.TO,20231219,0.34,0.36,0.34,0.35,6500
TIH.TO,20231219,114.09,116.13,114.09,115.67,60776
TILV.TO,20231219,15.06,15.06,15.06,15.06,100
TIPS.F.TO,20231219,29.06,29.06,28.98,28.98,3200
TIXT.TO,20231219,10.99,11.27,10.95,11.2,141113
TKN.TO,20231219,14.24,14.49,14.24,14.49,209
TKO.TO,20231219,1.88,1.94,1.87,1.93,209396
TLF.TO,20231219,21.78,21.78,21.77,21.78,1562
TLF.U.TO,20231219,23.47,23.47,23.47,23.47,300
TLG.TO,20231219,0.43,0.45,0.43,0.45,95476
TLO.TO,20231219,0.18,0.19,0.18,0.19,142084
TLRY.TO,20231219,2.65,2.74,2.65,2.74,873041
TLV.TO,20231219,28.23,28.26,28.21,28.25,600
TMD.TO,20231219,0.085,0.085,0.085,0.085,7000
TMEC.TO,20231219,18.32,18.52,18.32,18.51,846
TMEI.TO,20231219,15.86,15.87,15.86,15.86,1600
TMEU.TO,20231219,19.54,19.54,19.54,19.54,100
TML.TO,20231219,0.155,0.165,0.155,0.16,91470
TMQ.TO,20231219,0.57,0.58,0.57,0.57,21969
TNT.UN.TO,20231219,10.3,10.88,9.95,9.97,149785
TNZ.TO,20231219,3.69,3.8,3.65,3.75,18701
TOT.TO,20231219,7.6,7.8,7.57,7.78,29604
TOU.TO,20231219,59,60,59,60,1072058
TOY.TO,20231219,33.99,33.99,33.4,33.63,62979
TPE.TO,20231219,20.32,20.35,20.3,20.32,6600
TPRF.TO,20231219,9.06,9.06,9.02,9.06,4200
TPU.TO,20231219,35.94,35.94,35.83,35.93,24639
TPU.U.TO,20231219,27.23,27.25,27.23,27.25,1700
TPZ.TO,20231219,18.61,18.88,18.61,18.88,223757
TQCD.TO,20231219,15.8,15.86,15.8,15.86,18138
TQGD.TO,20231219,17.11,17.13,17.07,17.13,6000
TQSM.TO,20231219,21.07,21.25,21.07,21.24,9140
TRI.TO,20231219,187.99,189.23,187.4,188.23,168234
TRI.PR.B.TO,20231219,13.25,13.25,13.1,13.15,1500
TRP.TO,20231219,52.36,52.87,52.22,52.55,12746670
TRP.PR.A.TO,20231219,13.26,13.45,13.26,13.3,7965
TRP.PR.B.TO,20231219,10.9,11.04,10.9,11,11410
TRP.PR.C.TO,20231219,11.4,11.4,11.23,11.23,5600
TRP.PR.D.TO,20231219,16.19,16.19,16.09,16.14,13096
TRP.PR.E.TO,20231219,14.8,14.8,14.68,14.68,26266
TRP.PR.F.TO,20231219,14.25,14.3,14.2,14.3,4240
TRP.PR.G.TO,20231219,15.53,15.75,15.53,15.75,8200
TRP.PR.H.TO,20231219,12.76,12.76,12.69,12.69,980
TRP.PR.I.TO,20231219,13.85,13.95,13.71,13.71,2913
TRVI.TO,20231219,20.1,20.15,20.08,20.11,3679
TRVL.TO,20231219,23.35,23.51,23.35,23.51,8263
TRZ.TO,20231219,3.46,3.62,3.46,3.55,33166
TSAT.TO,20231219,13.9,13.9,13.9,13.9,3000
TSK.TO,20231219,0.365,0.375,0.365,0.37,15100
TSL.TO,20231219,3,3.07,2.99,3.07,49250
TSND.TO,20231219,1.89,1.89,1.8,1.86,104104
TSU.TO,20231219,32.22,33.13,32.22,33.13,87897
TTNM.TO,20231219,2.38,2.38,2.27,2.3,36895
TTP.TO,20231219,23.62,23.87,23.62,23.84,16193
TUED.TO,20231219,21.73,21.74,21.7,21.71,12530
TUED.U.TO,20231219,16.26,16.26,16.26,16.26,3000
TUEX.TO,20231219,22.89,22.89,22.89,22.89,100
TUHY.TO,20231219,21.01,21.01,21,21,1300
TULB.TO,20231219,117.6,117.6,117.6,117.6,100
TULV.TO,20231219,18.18,18.18,18.17,18.17,1000
TUSB.TO,20231219,13.56,13.61,13.53,13.61,7519
TVA.B.TO,20231219,1.44,1.44,1.4,1.4,11100
TVE.TO,20231219,3.07,3.17,3.07,3.17,2053523
TVK.TO,20231219,42.08,42.08,40.75,40.95,3389
TWC.TO,20231219,16.49,16.49,16.49,16.49,1300
TWM.TO,20231219,0.94,0.98,0.94,0.98,282532
TXF.TO,20231219,19.46,19.56,19.46,19.56,31626
TXF.B.TO,20231219,23.6,23.6,23.58,23.58,476
TXG.TO,20231219,14.26,14.74,14.15,14.67,234654
TXP.TO,20231219,0.81,0.83,0.74,0.74,812258
U.U.TO,20231219,20.84,20.84,20.3,20.72,41388
U.UN.TO,20231219,27.8,27.8,27.04,27.43,1001936
UBIL.U.TO,20231219,50.1,50.1,50.09,50.1,3354
UDIV.TO,20231219,12.32,12.32,12.31,12.31,963
UDIV.B.TO,20231219,12.68,12.68,12.68,12.68,3300
ULV.F.TO,20231219,45.25,45.25,45.18,45.24,700
UMAX.TO,20231219,15.06,15.1,15.05,15.1,48766
URB.TO,20231219,4.92,4.97,4.92,4.92,9369
URB.A.TO,20231219,4.31,4.37,4.26,4.31,10168
URC.TO,20231219,3.71,3.71,3.51,3.51,181278
URC.WT.TO,20231219,1.7,1.7,1.6,1.64,30295
URE.TO,20231219,2.01,2.03,1.94,1.96,151393
USA.TO,20231219,0.315,0.325,0.305,0.315,90064
USCC.TO,20231219,17.28,17.28,17.17,17.21,16260
USCL.TO,20231219,20.06,20.06,19.88,19.93,18661
UTIL.TO,20231219,20.46,20.46,20.43,20.43,6600
VA.TO,20231219,35.59,35.66,35.59,35.64,935
VAB.TO,20231219,23.07,23.1,23.03,23.06,59970
VALT.U.TO,20231219,20.33,20.33,20.33,20.33,300
VBAL.TO,20231219,29.5,29.62,29.5,29.6,70088
VBNK.TO,20231219,13.65,13.69,13.36,13.65,15444
VBNK.PR.A.TO,20231219,9.7,9.8,9.7,9.8,1100
VCB.TO,20231219,23.59,23.61,23.55,23.61,5435
VCE.TO,20231219,45.59,45.95,45.59,45.94,21214
VCIP.TO,20231219,25.34,25.44,25.34,25.44,5371
VCM.TO,20231219,15.6,15.89,15.6,15.89,18272
VCN.TO,20231219,42.15,42.59,42.15,42.58,83304
VCNS.TO,20231219,27.25,27.33,27.25,27.32,19388
VDU.TO,20231219,39.69,39.81,39.69,39.81,48365
VDY.TO,20231219,41.93,42.35,41.93,42.31,76246
VE.TO,20231219,32.93,33.12,32.93,33.12,3297
VEE.TO,20231219,32.86,33.05,32.86,33.01,37604
VEF.TO,20231219,51.07,51.23,51.07,51.19,3104
VEQT.TO,20231219,37.24,37.39,37.24,37.38,50869
VET.TO,20231219,16.5,17,16.44,17,776504
VFV.TO,20231219,112.9,113.1,112.65,113.1,164297
VGCX.TO,20231219,6.75,7,6.71,6.89,664461
VGG.TO,20231219,77.69,77.69,77.5,77.69,6650
VGH.TO,20231219,56,56.13,56,56.08,3429
VGRO.TO,20231219,31.84,31.97,31.84,31.97,58771
VGV.TO,20231219,22.66,22.66,22.61,22.63,19629
VGZ.TO,20231219,0.55,0.63,0.54,0.63,49843
VHI.TO,20231219,4.15,4.17,4.04,4.14,133300
VI.TO,20231219,35.83,35.96,35.83,35.96,11758
VIDY.TO,20231219,28.23,28.31,28.19,28.29,6068
VIU.TO,20231219,31.65,31.74,31.65,31.7,37041
VLB.TO,20231219,22.2,22.32,22.19,22.26,37039
VLE.TO,20231219,2.87,2.95,2.84,2.92,252008
VLN.TO,20231219,5.11,5.18,5.07,5.07,79038
VMO.TO,20231219,49.32,49.66,49.32,49.66,1371
VNP.TO,20231219,3.57,3.72,3.57,3.61,22195
VOXR.TO,20231219,2.69,2.73,2.65,2.71,31950
VPH.TO,20231219,0.2,0.22,0.2,0.21,41500
VQS.TO,20231219,0.17,0.28,0.17,0.195,309793
VRE.TO,20231219,30.1,30.14,30.02,30.13,13413
VRIF.TO,20231219,23.74,23.85,23.74,23.81,1839
VSB.TO,20231219,22.71,22.72,22.7,22.71,32032
VSC.TO,20231219,23.27,23.3,23.27,23.29,40207
VSP.TO,20231219,77.7,78.05,77.7,78.05,43393
VUN.TO,20231219,86,86.26,85.96,86.26,23396
VUS.TO,20231219,84.73,85,84.73,85,8887
VVL.TO,20231219,45.9,46.29,45.9,46.29,2111
VVO.TO,20231219,33.45,33.45,33.44,33.44,1000
VXC.TO,20231219,52.05,52.2,52.04,52.2,33052
VXM.B.TO,20231219,27.05,27.05,27.05,27.05,320
WCN.TO,20231219,197.26,197.65,195.9,196.48,223671
WCP.TO,20231219,9.01,9.15,8.97,9.15,2017796
WDO.TO,20231219,8.01,8.31,8,8.16,273196
WEED.TO,20231219,0.65,0.7,0.64,0.69,4249255
WEF.TO,20231219,0.65,0.71,0.65,0.71,1823082
WELL.TO,20231219,3.86,3.9,3.82,3.89,560971
WELL.DB.TO,20231219,93.9,93.9,93.9,93.9,25000
WFC.TO,20231219,18.99,19,18.98,19,2456
WFG.TO,20231219,103.96,113.76,103.49,113.53,380521
WILD.TO,20231219,1.12,1.13,1.1,1.12,19074
WILD.DB.TO,20231219,94,94,92.8,92.8,10000
WJX.TO,20231219,28.32,28.96,28.32,28.88,38982
WJX.DB.TO,20231219,100,100,99.5,99.5,41999
WLLW.TO,20231219,0.11,0.115,0.11,0.115,33500
WM.TO,20231219,0.11,0.115,0.11,0.11,167019
WN.TO,20231219,157.06,159.55,157.06,159.37,127433
WN.PR.A.TO,20231219,21.1,21.1,20.99,21.01,13900
WN.PR.C.TO,20231219,19,19.21,19,19.21,5012
WN.PR.D.TO,20231219,19.04,19.2,19.04,19.2,5325
WN.PR.E.TO,20231219,17.4,17.51,17.4,17.51,3184
WNDR.TO,20231219,0.265,0.29,0.26,0.29,2102019
WPK.TO,20231219,39.87,40.64,39.82,40.17,43576
WPM.TO,20231219,65.52,67.51,64.94,66.63,628139
WPRT.TO,20231219,9.55,9.73,9.28,9.29,9383
WRG.TO,20231219,2.72,2.83,2.4,2.83,84806
WRN.TO,20231219,1.84,1.89,1.84,1.84,25300
WRX.TO,20231219,0.15,0.15,0.15,0.15,2118
WSP.TO,20231219,186.06,187.97,186.06,187.06,163603
WSRD.TO,20231219,27.24,27.24,27.22,27.22,700
WTE.TO,20231219,27.62,28.15,27.61,27.9,94900
WXM.TO,20231219,24.53,24.56,24.49,24.49,1451
X.TO,20231219,30.99,31.12,30.9,30.98,512318
XAD.TO,20231219,54.58,54.58,54.47,54.47,405
XAGG.TO,20231219,36.4,36.4,36.4,36.4,100
XAM.TO,20231219,0.045,0.05,0.045,0.05,95000
XAU.TO,20231219,7.8,7.81,7.76,7.79,10240
XAW.TO,20231219,36.28,36.42,36.28,36.42,23826
XBAL.TO,20231219,26.81,26.89,26.81,26.87,34567
XBB.TO,20231219,28.21,28.27,28.2,28.25,283290
XBM.TO,20231219,18.73,19.13,18.73,19.13,36561
XCB.TO,20231219,19.73,19.73,19.67,19.7,108767
XCBG.TO,20231219,36.74,36.74,36.74,36.74,4800
XCD.TO,20231219,50.23,50.59,50.23,50.59,523
XCG.TO,20231219,46.22,46.5,46.22,46.44,4431
XCH.TO,20231219,15.33,15.42,15.33,15.4,21936
XCLN.TO,20231219,34.05,34.14,33.81,33.81,1905
XCNS.TO,20231219,21.65,21.65,21.65,21.65,2889
XCS.TO,20231219,17.83,18.12,17.83,18.12,6475
XCSR.TO,20231219,61.54,61.65,61.54,61.64,3293
XDG.TO,20231219,23.72,23.84,23.72,23.84,17219
XDGH.TO,20231219,24.39,24.53,24.39,24.53,1828
XDIV.TO,20231219,25.37,25.58,25.37,25.58,28160
XDSR.TO,20231219,52.68,52.68,52.68,52.68,188
XDU.TO,20231219,26.96,27.03,26.96,27.03,1421
XDU.U.TO,20231219,20.27,20.27,20.27,20.27,300
XDUH.TO,20231219,25.2,25.2,25.17,25.17,4663
XDV.TO,20231219,27.21,27.48,27.21,27.47,52835
XEB.TO,20231219,15.81,15.82,15.77,15.81,600
XEC.TO,20231219,25.73,25.86,25.73,25.85,15420
XEC.U.TO,20231219,19.9,19.9,19.9,19.9,300
XEF.TO,20231219,34.68,34.72,34.62,34.72,46669
XEG.TO,20231219,15.46,15.71,15.46,15.7,612570
XEI.TO,20231219,24.49,24.67,24.49,24.66,79283
XEM.TO,20231219,29.7,29.78,29.7,29.75,19974
XEMC.TO,20231219,43.57,43.57,43.57,43.57,130
XEN.TO,20231219,32.16,32.16,32.16,32.16,1138
XEQT.TO,20231219,27.69,27.83,27.69,27.83,94109
XESG.TO,20231219,25.06,25.34,25.06,25.32,131406
XEU.TO,20231219,28.02,28.09,28.02,28.09,450
XFH.TO,20231219,29.22,29.24,29.21,29.24,10894
XFN.TO,20231219,47.06,47.55,47.06,47.52,181243
XFR.TO,20231219,20.14,20.16,20.14,20.15,39425
XGB.TO,20231219,19.49,19.51,19.46,19.48,75690
XGD.TO,20231219,18,18.5,17.99,18.34,413358
XGI.TO,20231219,46.85,46.85,46.85,46.85,186
XGRO.TO,20231219,25.9,25.96,25.89,25.95,47216
XHAK.TO,20231219,44.14,44.23,44.14,44.23,250
XHB.TO,20231219,19.07,19.22,19.07,19.14,8725
XHC.TO,20231219,66.78,67.1,66.78,67.08,2197
XHD.TO,20231219,30.5,30.6,30.5,30.6,4929
XHU.TO,20231219,28,28.03,27.96,28.03,5550
XHY.TO,20231219,16.47,16.55,16.47,16.53,45395
XIC.TO,20231219,33,33.33,32.99,33.31,266236
XID.TO,20231219,50.13,50.13,50,50.02,935
XIG.TO,20231219,20.58,20.59,20.53,20.53,5519
XIGS.TO,20231219,37.22,37.22,37.2,37.22,3000
XIN.TO,20231219,33,33.14,33,33.07,22209
XINC.TO,20231219,19.7,19.7,19.63,19.63,881
XIT.TO,20231219,51.81,52.22,51.75,51.76,6761
XIU.TO,20231219,31.59,31.81,31.54,31.78,2513698
XLB.TO,20231219,20.32,20.4,20.29,20.35,229689
XLY.TO,20231219,0.01,0.015,0.01,0.015,416300
XMA.TO,20231219,17.9,17.95,17.82,17.89,11253
XMC.TO,20231219,28.39,28.58,28.39,28.55,14100
XMD.TO,20231219,31,31.35,31,31.35,5357
XMH.TO,20231219,25.14,25.27,25.14,25.26,12986
XMI.TO,20231219,34.89,34.93,34.84,34.9,38185
XML.TO,20231219,24.83,24.83,24.8,24.83,16000
XMM.TO,20231219,26.43,26.46,26.43,26.43,10308
XMS.TO,20231219,32.52,32.52,32.52,32.52,100
XMTM.TO,20231219,25.61,25.61,25.61,25.61,961
XMU.TO,20231219,69.58,69.7,69.57,69.65,1498
XMV.TO,20231219,38.82,38.95,38.82,38.9,8112
XMW.TO,20231219,47.19,47.28,47.17,47.17,13221
XMY.TO,20231219,27.87,27.87,27.82,27.82,7200
XPF.TO,20231219,13.99,13.99,13.98,13.98,706
XQB.TO,20231219,18.9,18.93,18.89,18.92,6187
XQLT.TO,20231219,32.26,32.26,32.24,32.24,1638
XQQ.TO,20231219,127.53,128.06,127.5,128.06,48147
XQQU.TO,20231219,53.38,53.38,53.26,53.26,300
XRB.TO,20231219,22.77,22.97,22.67,22.7,36967
XRE.TO,20231219,15.84,15.98,15.84,15.95,211568
XSAB.TO,20231219,18.13,18.16,18.13,18.16,16674
XSB.TO,20231219,26.15,26.17,26.14,26.15,147453
XSC.TO,20231219,17.84,17.86,17.84,17.84,1200
XSE.TO,20231219,18.2,18.2,18.16,18.18,10987
XSEA.TO,20231219,23.73,23.84,23.72,23.84,10648
XSEM.TO,20231219,18.58,18.65,18.58,18.64,4800
XSH.TO,20231219,18.36,18.41,18.36,18.4,51989
XSHU.U.TO,20231219,30.07,30.07,30.07,30.07,100
XSI.TO,20231219,16.97,16.99,16.96,16.97,9600
XSMC.TO,20231219,28.7,29.06,28.7,29.06,1346
XSMH.TO,20231219,26.84,27.04,26.84,27.02,5874
XSP.TO,20231219,50.07,50.29,50.07,50.29,152190
XST.TO,20231219,85.3,86.32,85.3,86.16,4968
XSTB.TO,20231219,19.19,19.2,19.19,19.2,23880
XSTH.TO,20231219,36.87,36.87,36.82,36.83,7329
XSTP.TO,20231219,39.78,39.78,39.78,39.78,658
XSU.TO,20231219,38.89,39.43,38.79,39.39,39798
XSUS.TO,20231219,33.9,33.91,33.87,33.91,5804
XTC.TO,20231219,7.75,7.81,7.6,7.67,21538
XTD.TO,20231219,3.04,3.2,2.95,3.2,20401
XTLH.TO,20231219,37.59,37.69,37.54,37.69,15202
XTLT.TO,20231219,37.59,37.7,37.59,37.61,3277
XTR.TO,20231219,10.42,10.45,10.42,10.45,10965
XTRA.TO,20231219,0.75,0.75,0.73,0.74,118154
XUH.TO,20231219,40.02,40.03,39.96,40.02,5917
XUS.TO,20231219,79.1,79.27,78.97,79.27,32402
XUS.U.TO,20231219,60.18,60.31,60.13,60.31,9206
XUSR.TO,20231219,68.03,68.06,68,68.03,893
XUT.TO,20231219,25.57,25.74,25.52,25.7,466279
XUU.TO,20231219,47.4,47.5,47.31,47.5,21958
XUU.U.TO,20231219,35.75,35.81,35.73,35.78,5346
XVLU.TO,20231219,25.31,25.31,25.27,25.27,364
XWD.TO,20231219,76.51,76.65,76.51,76.58,18766
Y.TO,20231219,11.4,11.49,11.2,11.49,2594
YCM.TO,20231219,1.4,1.49,1.3,1.3,12600
YGR.TO,20231219,1.26,1.26,1.24,1.26,80800
YRB.TO,20231219,0.035,0.035,0.035,0.035,7002
ZAG.TO,20231219,13.85,13.88,13.85,13.86,203322
ZBAL.TO,20231219,35.69,35.7,35.69,35.7,1042
ZBAL.T.TO,20231219,27.95,27.95,27.95,27.95,1001
ZBK.TO,20231219,26.25,26.51,26.06,26.48,30713
ZCB.TO,20231219,46.48,46.54,46.48,46.5,10700
ZCH.TO,20231219,13.15,13.21,13.15,13.17,5080
ZCLN.TO,20231219,15.75,16,15.75,16,4181
ZCM.TO,20231219,14.97,15,14.97,14.98,70225
ZCN.TO,20231219,27.76,28.04,27.76,28.02,59489
ZCPB.TO,20231219,27.84,27.84,27.84,27.84,650
ZCS.TO,20231219,13.39,13.4,13.38,13.4,107952
ZCS.L.TO,20231219,22.8,22.8,22.8,22.8,300
ZDB.TO,20231219,14.9,14.9,14.87,14.88,80295
ZDH.TO,20231219,25.15,25.15,25.15,25.15,203
ZDI.TO,20231219,22.17,22.23,22.17,22.23,3815
ZDJ.TO,20231219,58.5,58.67,58.5,58.63,3458
ZDM.TO,20231219,26.89,27.01,26.89,26.97,7651
ZDV.TO,20231219,19.29,19.5,19.29,19.5,41234
ZDY.TO,20231219,37.76,37.79,37.73,37.79,1530
ZDY.U.TO,20231219,29.05,29.05,29.05,29.05,100
ZEA.TO,20231219,21.02,21.09,21.02,21.02,9218
ZEAT.TO,20231219,25.35,25.35,25.33,25.33,203
ZEB.TO,20231219,34.39,34.87,34.39,34.85,1974438
ZEF.TO,20231219,12.24,12.25,12.22,12.22,12918
ZEM.TO,20231219,19.4,19.54,19.4,19.48,19291
ZEO.TO,20231219,62.41,63,62.41,63,19947
ZEQ.TO,20231219,29.22,29.25,29.16,29.23,4036
ZEQT.TO,20231219,42.26,42.35,42.26,42.35,8290
ZFH.TO,20231219,14.55,14.57,14.55,14.57,7400
ZFL.TO,20231219,13.9,13.97,13.88,13.94,117395
ZFM.TO,20231219,14.5,14.54,14.5,14.54,13977
ZFN.TO,20231219,41.46,41.46,41.46,41.46,364
ZFS.TO,20231219,13.45,13.47,13.45,13.47,11004
ZGB.TO,20231219,46.14,46.14,46,46.03,6104
ZGD.TO,20231219,74.89,74.89,74.89,74.89,250
ZGI.TO,20231219,42.3,42.43,42.24,42.36,2976
ZGQ.TO,20231219,55.3,55.47,55.28,55.47,5684
ZGRO.TO,20231219,38.92,38.93,38.9,38.93,2420
ZGSB.TO,20231219,26.59,26.59,26.59,26.59,100
ZHU.TO,20231219,40.96,40.96,40.96,40.96,137
ZHY.TO,20231219,11.13,11.18,11.13,11.18,11907
ZIC.TO,20231219,17.39,17.39,17.2,17.2,41220
ZIC.U.TO,20231219,13.15,13.15,13.11,13.12,2648
ZID.TO,20231219,42.9,42.99,42.9,42.9,2811
ZIN.TO,20231219,36.42,36.89,36.42,36.89,483
ZIU.TO,20231219,48.29,48.29,48.29,48.29,4006
ZJK.TO,20231219,17.62,17.71,17.62,17.71,2004
ZJPN.TO,20231219,30.94,30.94,30.72,30.83,3609
ZLB.TO,20231219,41.5,41.7,41.5,41.62,88662
ZLC.TO,20231219,15.7,15.77,15.64,15.75,51989
ZLE.TO,20231219,17.36,17.36,17.34,17.34,1300
ZLH.TO,20231219,31.12,31.12,31.12,31.12,155
ZLI.TO,20231219,23.63,23.63,23.63,23.63,1200
ZLU.TO,20231219,46.45,46.5,46.36,46.5,15711
ZLU.U.TO,20231219,35.68,35.68,35.68,35.68,103
ZMI.TO,20231219,16.1,16.1,16.05,16.08,4453
ZMID.TO,20231219,39.93,39.99,39.93,39.97,6154
ZMMK.TO,20231219,50.06,50.06,50.05,50.06,57502
ZMP.TO,20231219,13.71,13.72,13.71,13.72,15000
ZMT.TO,20231219,56.6,56.6,56.6,56.6,250
ZMU.TO,20231219,12.74,12.76,12.73,12.73,417
ZNQ.TO,20231219,72.5,72.65,72.41,72.65,5228
ZNQ.U.TO,20231219,36.71,36.71,36.71,36.71,161
ZPAY.TO,20231219,30.28,30.32,30.28,30.29,2064
ZPAY.F.TO,20231219,28.74,28.74,28.74,28.74,2000
ZPAY.U.TO,20231219,29.59,29.59,29.59,29.59,1700
ZPH.TO,20231219,15.3,15.34,15.3,15.34,596
ZPL.TO,20231219,13.21,13.21,13.14,13.16,8661
ZPR.TO,20231219,9.08,9.08,9.03,9.05,163861
ZPW.U.TO,20231219,15.97,15.97,15.97,15.97,1500
ZQQ.TO,20231219,118.18,118.65,118.18,118.65,37327
ZRE.TO,20231219,20.6,20.66,20.55,20.64,40524
ZRR.TO,20231219,14.9,14.9,14.82,14.82,2428
ZSML.F.TO,20231219,35.85,35.85,35.85,35.85,300
ZSP.TO,20231219,69.48,69.67,69.4,69.67,355752
ZSP.U.TO,20231219,52.18,52.3,52.18,52.3,11950
ZST.TO,20231219,48.85,48.85,48.83,48.85,12200
ZST.L.TO,20231219,57.35,57.37,57.35,57.37,12100
ZSU.TO,20231219,13.22,13.22,13.22,13.22,187
ZTIP.TO,20231219,30.54,30.7,30.54,30.67,5000
ZTIP.F.TO,20231219,28.73,28.73,28.73,28.73,100
ZUAG.F.TO,20231219,29.85,29.85,29.83,29.83,3100
ZUAG.U.TO,20231219,30.04,30.04,30.04,30.04,900
ZUB.TO,20231219,24.71,25.03,24.58,24.97,44510
ZUCM.TO,20231219,29.76,29.76,29.76,29.76,110
ZUD.TO,20231219,26.86,26.86,26.86,26.86,104
ZUE.TO,20231219,66.32,66.48,66.28,66.45,7124
ZUH.TO,20231219,68.32,68.69,68.32,68.65,1879
ZUP.U.TO,20231219,18.94,18.94,18.94,18.94,600
ZUQ.TO,20231219,67.12,67.12,66.9,67.03,2479
ZUQ.F.TO,20231219,42.97,43.04,42.97,43.04,419
ZUQ.U.TO,20231219,44.46,44.46,44.46,44.46,100
ZUS.U.TO,20231219,46.87,46.89,46.81,46.89,2217
ZUT.TO,20231219,20.1,20.27,20.1,20.23,46875
ZWA.TO,20231219,25.15,25.17,25.14,25.17,7390
ZWB.TO,20231219,17.51,17.73,17.51,17.72,177910
ZWB.U.TO,20231219,22.64,22.75,22.64,22.75,6700
ZWC.TO,20231219,16.82,16.99,16.82,16.99,97475
ZWE.TO,20231219,19.9,19.95,19.87,19.9,21944
ZWEN.TO,20231219,28.61,28.78,28.61,28.78,843
ZWG.TO,20231219,28.75,28.75,28.68,28.71,4990
ZWH.TO,20231219,21.94,21.94,21.81,21.88,14052
ZWHC.TO,20231219,27.97,27.97,27.93,27.93,303
ZWK.TO,20231219,19.2,19.25,19,19.24,53876
ZWP.TO,20231219,17.45,17.49,17.44,17.46,7629
ZWS.TO,20231219,19.5,19.52,19.5,19.52,4259
ZWT.TO,20231219,36.8,36.83,36.69,36.8,1631
ZWU.TO,20231219,10.25,10.32,10.25,10.31,348502
ZZZ.TO,20231219,25.11,25.25,24.88,25.16,102847
ZZZD.TO,20231219,28.15,28.15,28.15,28.15,100
