<ticker>,<date>,<open>,<high>,<low>,<close>,<vol>
AAB.TO,20241118,0.045,0.045,0.04,0.04,2151042
AAUC.TO,20241118,3.11,3.3,3.11,3.23,495214
AAV.TO,20241118,8.65,8.7,8.55,8.58,870045
ABX.TO,20241118,24.01,24.18,23.78,24.1,6847003
AC.TO,20241118,24.49,24.98,23.85,23.97,6577989
ACAA.TO,20241118,21.8,21.8,21.8,21.8,188
ACB.TO,20241118,5.9,6.03,5.86,5.92,343428
ACD.TO,20241118,4.05,4.05,4.05,4.05,500
ACO.X.TO,20241118,48.4,48.99,47.77,47.93,350218
ACQ.TO,20241118,18.87,19,18.62,18.79,35171
ACX.TO,20241118,6.02,6.15,5.98,6.07,28229
AD.UN.TO,20241118,19.41,19.48,19.22,19.29,59201
ADCO.TO,20241118,0.175,0.175,0.175,0.175,500
ADEN.TO,20241118,38.74,39.29,37.6,38.34,63350
ADN.TO,20241118,17.87,17.88,17.64,17.67,3260
ADW.A.TO,20241118,4.08,4.08,4.01,4.04,11755
ADW.B.TO,20241118,4.97,5.05,4.97,5.05,8500
AEG.TO,20241118,0.38,0.38,0.36,0.36,14500
AEM.TO,20241118,110.74,113.09,110.69,112.14,1125158
AFN.TO,20241118,51.1,52.66,51.1,52.3,69919
AFN.DB.G.TO,20241118,99.92,99.92,99.92,99.92,10000
AFN.DB.H.TO,20241118,100.49,100.5,100.49,100.5,34000
AFN.DB.J.TO,20241118,104,104.08,104,104,330000
AG.TO,20241118,9.6,9.6,9.19,9.25,710697
AGF.B.TO,20241118,10.89,10.89,10.66,10.85,112493
AGG.TO,20241118,19.75,19.75,19.72,19.73,14200
AGI.TO,20241118,25.36,25.8,25.28,25.69,649278
AI.TO,20241118,11.26,11.3,11.18,11.23,68344
AI.DB.D.TO,20241118,100.01,100.01,100,100,48000
AI.DB.E.TO,20241118,100,100,100,100,335000
AI.DB.G.TO,20241118,96,96.5,96,96.5,18000
AIDX.TO,20241118,1.6,1.6,1.52,1.53,378018
AIF.TO,20241118,56.22,56.48,55.62,55.97,69689
AIGO.TO,20241118,23.25,23.25,23.12,23.14,753
AII.TO,20241118,0.88,0.93,0.85,0.87,315252
AIM.TO,20241118,2.57,2.63,2.55,2.61,22816
AIM.PR.A.TO,20241118,16.31,16.31,16.3,16.3,7400
AIM.PR.C.TO,20241118,17.5,17.5,17.5,17.5,100
AKT.A.TO,20241118,1.63,1.67,1.63,1.66,10757
ALA.TO,20241118,33.74,34.41,33.74,34.38,1124087
ALA.PR.A.TO,20241118,18.55,18.56,18.55,18.56,1900
ALA.PR.G.TO,20241118,22.54,22.54,22.45,22.45,2400
ALC.TO,20241118,15.11,15.25,15,15.21,14972
ALS.TO,20241118,25.71,26.3,25.71,26.27,58669
ALYA.TO,20241118,1.7,1.71,1.68,1.68,14543
AMAX.TO,20241118,19.41,19.79,19.41,19.68,13816
AMC.TO,20241118,1.7,1.75,1.66,1.68,99013
AMHE.TO,20241118,14.19,14.19,13.79,13.81,7583
AMHE.U.TO,20241118,13.49,13.49,13.42,13.42,4050
AMM.TO,20241118,0.07,0.07,0.055,0.055,238166
AMZH.TO,20241118,13.64,13.64,13.49,13.49,6397
AND.TO,20241118,42.32,42.4,42.06,42.06,12417
ANRG.TO,20241118,0.95,1,0.94,0.97,32841
AOI.TO,20241118,1.92,2.01,1.92,1.99,492789
AOT.TO,20241118,0.18,0.22,0.175,0.205,3058391
AP.UN.TO,20241118,18.4,18.42,18.05,18.17,543713
APLI.TO,20241118,0.03,0.03,0.03,0.03,4227
APR.UN.TO,20241118,12.09,12.16,11.9,11.94,31089
APS.TO,20241118,0.5,0.5,0.49,0.5,10104
AQN.TO,20241118,6.75,6.78,6.69,6.74,2966801
AQN.PR.A.TO,20241118,21.75,21.84,21.65,21.84,3800
AQN.PR.D.TO,20241118,23,23.18,23,23.06,1700
ARA.TO,20241118,0.46,0.48,0.44,0.44,83262
ARB.TO,20241118,26.19,26.2,26.19,26.19,800
ARE.TO,20241118,28.87,29.35,28.54,28.78,267451
ARG.TO,20241118,1.69,1.74,1.67,1.71,212982
ARIS.TO,20241118,5.63,5.86,5.63,5.74,324426
ARIS.WT.A.TO,20241118,0.42,0.49,0.42,0.46,33901
ARR.TO,20241118,11.91,11.92,11.91,11.92,600
ARTI.TO,20241118,11.2,11.2,11.17,11.17,3397
ARX.TO,20241118,25.55,26.08,25.53,25.84,1938396
ASCU.TO,20241118,1.33,1.35,1.3,1.33,53671
ASM.TO,20241118,1.56,1.68,1.53,1.62,194950
ASND.TO,20241118,0.045,0.045,0.045,0.045,2000
ASTL.TO,20241118,15.23,15.74,15.23,15.59,36477
ASTL.WT.TO,20241118,2.97,2.97,2.92,2.92,400
ATCU.TO,20241118,0.48,0.51,0.48,0.495,15600
ATD.TO,20241118,79.15,79.71,77.84,78.36,2886206
ATH.TO,20241118,5.06,5.13,5.04,5.12,2570679
ATRL.TO,20241118,72.37,72.79,71.14,71.76,557970
ATS.TO,20241118,39.32,41,39.26,40.6,413931
ATZ.TO,20241118,45.27,46.41,45.15,45.37,223467
AUMN.TO,20241118,0.41,0.41,0.37,0.37,16969
AVCN.TO,20241118,0.25,0.28,0.25,0.275,185700
AVL.TO,20241118,0.04,0.045,0.04,0.0425,72266
AVNT.TO,20241118,0.66,0.66,0.66,0.66,1342
AW.TO,20241118,37.21,37.4,36.94,37.01,9218
AX.PR.E.TO,20241118,20.6,20.6,20.59,20.59,300
AX.PR.I.TO,20241118,21.25,21.6,21.25,21.6,670
AX.UN.TO,20241118,7.83,7.94,7.81,7.85,98179
AXIS.TO,20241118,0.005,0.005,0.005,0.005,304000
AYA.TO,20241118,13.27,13.56,12.88,13.16,904579
BABY.TO,20241118,0.03,0.03,0.025,0.0275,40640
BABY.WT.A.TO,20241118,0.005,0.005,0.005,0.005,2000
BAM.TO,20241118,78.41,78.55,76.88,77.76,739023
BANK.TO,20241118,8.21,8.27,8.21,8.23,88816
BASE.TO,20241118,24.08,24.08,24.08,24.08,211
BB.TO,20241118,3.35,3.4,3.3,3.37,2089106
BBD.A.TO,20241118,90.27,93.45,90.27,92.35,12502
BBD.B.TO,20241118,90.76,93.6,90.73,92.43,418108
BBD.PR.B.TO,20241118,18.3,18.39,18.3,18.39,2728
BBD.PR.C.TO,20241118,21.21,21.21,21,21.15,2471
BBD.PR.D.TO,20241118,16,16,15.75,15.75,3118
BBU.UN.TO,20241118,35.5,35.6,34.1,34.51,59160
BBUC.TO,20241118,37.93,38.03,36.9,37.18,12654
BCE.TO,20241118,37.73,38.61,37.71,38.16,4878611
BCE.PR.A.TO,20241118,15.42,15.67,15.42,15.53,5885
BCE.PR.B.TO,20241118,16.13,16.2,16.13,16.2,2428
BCE.PR.C.TO,20241118,16.18,16.18,15.86,15.86,300
BCE.PR.D.TO,20241118,15.9,15.97,15.89,15.97,18000
BCE.PR.E.TO,20241118,15.87,15.88,15.8,15.88,3075
BCE.PR.F.TO,20241118,15.66,15.72,15.61,15.62,11250
BCE.PR.G.TO,20241118,14.56,14.56,14.51,14.51,200
BCE.PR.H.TO,20241118,15.88,15.88,15.88,15.88,100
BCE.PR.I.TO,20241118,14.27,14.27,14.27,14.27,100
BCE.PR.J.TO,20241118,15.8,15.88,15.8,15.88,1700
BCE.PR.K.TO,20241118,14.64,14.64,14.37,14.37,800
BCE.PR.L.TO,20241118,15.46,15.46,15.1,15.1,2500
BCE.PR.M.TO,20241118,15.1,15.1,15.1,15.1,400
BCE.PR.N.TO,20241118,15.99,16.01,15.99,15.99,2300
BCE.PR.Q.TO,20241118,22.05,22.05,21.87,22.05,1800
BCE.PR.S.TO,20241118,16,16,15.76,15.85,1960
BCE.PR.T.TO,20241118,15.74,15.77,15.74,15.77,2900
BCE.PR.Y.TO,20241118,15.67,15.83,15.67,15.83,400
BCE.PR.Z.TO,20241118,16.45,16.49,16.4,16.45,400
BCHT.TO,20241118,0.94,0.94,0.94,0.94,2200
BCT.TO,20241118,0.83,0.84,0.82,0.82,5484
BDGI.TO,20241118,38.23,39.64,38.23,38.86,93942
BDI.TO,20241118,8.71,8.86,8.44,8.76,15297
BDIV.TO,20241118,22.2,22.35,22.2,22.35,1802
BDT.TO,20241118,28.95,29.47,28.87,29.34,102825
BEI.UN.TO,20241118,69.22,70.39,69.22,70.36,172105
BEP.PR.G.TO,20241118,24.37,24.42,24.37,24.42,3800
BEP.PR.M.TO,20241118,21.35,21.54,21.35,21.54,8967
BEP.PR.R.TO,20241118,19.69,19.79,19.69,19.79,1300
BEP.UN.TO,20241118,35.31,35.47,34.7,34.96,155496
BEPC.TO,20241118,42.23,42.84,41.65,42.12,431129
BEPR.TO,20241118,9.15,9.19,9.15,9.19,856
BEPR.U.TO,20241118,9.72,9.73,9.72,9.73,400
BESG.TO,20241118,16.2,16.22,16.2,16.22,3100
BFIN.TO,20241118,25.79,25.79,25.73,25.75,1018
BGC.TO,20241118,34.4,34.4,34.4,34.4,100
BGI.UN.TO,20241118,5.05,5.07,4.99,4.99,11030
BGU.TO,20241118,48.39,48.5,48.39,48.43,662
BHC.TO,20241118,11.85,11.95,11.75,11.77,215666
BIK.PR.A.TO,20241118,27.09,27.12,27.09,27.12,1400
BIP.PR.B.TO,20241118,24.85,24.86,24.77,24.83,2300
BIP.PR.E.TO,20241118,23.3,23.3,23.3,23.3,1526
BIP.PR.F.TO,20241118,23.1,23.4,23.1,23.4,4815
BIP.UN.TO,20241118,48,48.85,47.9,48.16,131391
BIPC.TO,20241118,60.59,62.54,60.59,60.8,303608
BIR.TO,20241118,4.98,5.14,4.94,5.09,2440491
BITF.TO,20241118,3.11,3.25,2.92,3.01,4591303
BITI.TO,20241118,3.34,3.34,3.2,3.23,150609
BK.TO,20241118,11.67,11.77,11.67,11.76,65128
BK.PR.A.TO,20241118,10.41,10.48,10.32,10.39,65402
BKCC.TO,20241118,14.77,14.84,14.77,14.82,5030
BKCL.TO,20241118,19.86,19.93,19.86,19.91,31342
BKI.TO,20241118,0.09,0.1,0.09,0.1,437975
BLB.UN.TO,20241118,8.45,8.48,8.45,8.48,500
BLCO.TO,20241118,28.27,28.27,27.4,27.7,2301
BLDP.TO,20241118,1.81,1.98,1.78,1.91,1426882
BLN.TO,20241118,6.5,6.5,6.4,6.48,6111
BLX.TO,20241118,31.5,31.51,30.4,30.45,416716
BMAX.TO,20241118,14.17,14.21,14.11,14.2,16562
BMO.TO,20241118,131.32,131.55,130.03,130.33,3536835
BMO.PR.E.TO,20241118,26.24,26.24,26.23,26.23,300
BMO.PR.Y.TO,20241118,24.44,24.45,24.44,24.45,2900
BN.TO,20241118,79.86,80,78.55,78.63,1811266
BN.PF.A.TO,20241118,22.96,22.96,22.88,22.88,1254
BN.PF.B.TO,20241118,20.6,20.6,20.4,20.4,984
BN.PF.C.TO,20241118,19.41,19.41,19.15,19.2,15261
BN.PF.D.TO,20241118,19.64,19.65,19.35,19.35,1500
BN.PF.E.TO,20241118,18.66,18.7,18.66,18.7,3600
BN.PF.F.TO,20241118,20.16,20.17,20.15,20.15,1600
BN.PF.G.TO,20241118,19.45,19.45,19.45,19.45,25000
BN.PF.H.TO,20241118,24.25,24.5,24.25,24.5,7308
BN.PF.I.TO,20241118,22.61,22.65,22.61,22.65,700
BN.PF.J.TO,20241118,23.05,23.05,23.05,23.05,450
BN.PF.K.TO,20241118,14.48,14.5,14.35,14.35,2825
BN.PF.L.TO,20241118,12.75,12.75,12.74,12.74,6300
BN.PR.B.TO,20241118,11.35,11.41,11.3,11.41,8500
BN.PR.K.TO,20241118,11.3,11.35,11.3,11.35,4400
BN.PR.M.TO,20241118,19.05,19.05,18.83,18.83,2700
BN.PR.N.TO,20241118,19,19.01,18.81,18.88,2900
BN.PR.R.TO,20241118,16.69,16.69,16.64,16.65,2029
BN.PR.T.TO,20241118,16.63,16.7,16.63,16.69,3309
BN.PR.X.TO,20241118,15.73,15.81,15.72,15.72,1905
BN.PR.Z.TO,20241118,20.7,20.7,20.69,20.69,2130
BNC.TO,20241118,29.08,29.21,29.08,29.16,432
BND.TO,20241118,17.78,17.88,17.78,17.88,7699
BNE.TO,20241118,3.28,3.47,3.28,3.46,125838
BNG.TO,20241118,0.01,0.01,0.01,0.01,7940
BNK.TO,20241118,11.91,12.2,11.91,12.19,1497
BNKL.TO,20241118,25.8,25.88,25.8,25.88,300
BNS.TO,20241118,76,77.7,76,77.43,4850464
BNT.TO,20241118,80.06,80.06,78.56,78.6,23601
BOND.TO,20241118,19.29,19.36,19.22,19.36,16986
BOND.B.TO,20241118,20.44,20.44,20.37,20.42,1000
BOS.TO,20241118,4.3,4.34,4.22,4.3,21902
BPF.UN.TO,20241118,17.56,17.58,17.43,17.53,61448
BPO.PR.A.TO,20241118,15.31,15.49,15.31,15.49,700
BPO.PR.C.TO,20241118,19.8,19.85,19.8,19.81,3250
BPO.PR.E.TO,20241118,15.7,15.7,15.6,15.6,1492
BPO.PR.G.TO,20241118,16.4,16.4,16.33,16.35,1900
BPO.PR.I.TO,20241118,15.7,15.7,15.7,15.7,200
BPO.PR.N.TO,20241118,13.41,13.41,13.4,13.41,4600
BPO.PR.R.TO,20241118,14.36,14.46,14.36,14.45,5041
BPO.PR.T.TO,20241118,16.78,16.81,16.75,16.8,3000
BPO.PR.W.TO,20241118,9.49,9.49,9.45,9.45,2700
BPO.PR.X.TO,20241118,9.61,9.7,9.61,9.7,400
BPO.PR.Y.TO,20241118,9.59,9.6,9.59,9.6,2400
BPRF.TO,20241118,23.08,23.08,23.08,23.08,131
BPRF.U.TO,20241118,22.9,22.9,22.9,22.9,100
BPS.PR.A.TO,20241118,24.97,24.97,24.97,24.97,100
BPYP.PR.A.TO,20241118,23.47,23.61,23.41,23.5,1230
BRAG.TO,20241118,4.39,4.65,4.37,4.58,37407
BRE.TO,20241118,14.76,14.88,14.61,14.88,13625
BREA.TO,20241118,28.21,28.21,28.2,28.2,300
BRF.PR.A.TO,20241118,18.22,18.24,18.2,18.2,2300
BRF.PR.B.TO,20241118,18.39,18.39,18.39,18.39,100
BRF.PR.C.TO,20241118,22.21,22.23,22.21,22.23,900
BRF.PR.E.TO,20241118,18.86,18.86,18.85,18.85,1600
BRF.PR.F.TO,20241118,18.85,18.85,18.81,18.83,2100
BRMI.TO,20241118,0.64,0.69,0.63,0.68,119950
BRY.TO,20241118,0.19,0.225,0.19,0.225,7140
BSKT.TO,20241118,8.7,8.72,8.69,8.72,29807
BSX.TO,20241118,0.05,0.05,0.05,0.05,74088
BTB.UN.TO,20241118,3.59,3.64,3.59,3.62,99775
BTCC.TO,20241118,16.89,17.3,16.73,17.09,1093166
BTCC.B.TO,20241118,18.08,18.47,17.85,18.16,1291934
BTCC.J.TO,20241118,15.74,16.16,15.74,15.96,1500
BTCC.U.TO,20241118,16.28,16.66,16.2,16.51,83683
BTCQ.TO,20241118,20.25,20.62,20.1,20.42,13429
BTCX.B.TO,20241118,18.76,19.18,18.53,18.92,784933
BTCX.U.TO,20241118,16.88,17.28,16.75,17.07,99390
BTCY.TO,20241118,8.34,8.49,8.27,8.41,83000
BTCY.B.TO,20241118,9.88,10.1,9.88,10.05,22297
BTE.TO,20241118,4.14,4.25,4.14,4.2,2882308
BTO.TO,20241118,3.89,3.95,3.87,3.93,3750310
BU.TO,20241118,0.15,0.15,0.145,0.145,33100
BUI.TO,20241118,2.88,2.95,2.88,2.95,12565
BXF.TO,20241118,10.07,10.07,10.07,10.07,335
BYD.TO,20241118,230.98,232.22,227.24,228.07,164672
BYL.TO,20241118,0.415,0.46,0.415,0.46,70645
CACB.TO,20241118,20.07,20.07,20.07,20.07,47901
CAE.TO,20241118,30.6,31.43,30.56,31.19,1323269
CAFR.TO,20241118,19.92,19.92,19.92,19.92,1000
CALL.TO,20241118,14.41,14.46,14.41,14.44,4840
CALL.B.TO,20241118,19.19,19.19,19.19,19.19,175
CAPI.TO,20241118,24.05,24.06,24.05,24.06,600
CAR.UN.TO,20241118,44.59,45.21,44.59,45.02,335177
CARB.TO,20241118,7.09,7.09,7.09,7.09,100
CARS.TO,20241118,19.24,19.72,19.24,19.44,806
CAS.TO,20241118,10.95,11.08,10.95,11.06,173990
CASH.TO,20241118,50.09,50.09,50.08,50.08,246694
CBAL.TO,20241118,23,23,23,23,1000
CBCX.TO,20241118,36.59,36.59,36.59,36.59,112
CBH.TO,20241118,17.73,17.77,17.73,17.77,5100
CBIL.TO,20241118,50.05,50.05,50.04,50.05,66883
CBL.TO,20241118,21.64,21.65,21.64,21.65,3754
CBNK.TO,20241118,8.41,8.48,8.41,8.47,13102
CBO.TO,20241118,18.25,18.25,18.22,18.24,19785
CCA.TO,20241118,69.25,69.88,68.87,68.88,30472
CCBI.TO,20241118,18.14,18.15,18.14,18.15,1401
CCEI.TO,20241118,26.95,27.07,26.95,27.05,1159
CCL.A.TO,20241118,77,77,77,77,100
CCL.B.TO,20241118,76.93,77.32,76.55,76.6,351375
CCM.TO,20241118,0.3,0.3,0.3,0.3,20999
CCNS.TO,20241118,18.23,18.23,18.22,18.22,6000
CCO.TO,20241118,76.33,80.5,76.21,78.37,2210608
CCOM.TO,20241118,18.98,18.99,18.96,18.99,400
CCRE.TO,20241118,17.95,17.97,17.89,17.97,8200
CCS.PR.C.TO,20241118,20.9,20.9,20.9,20.9,500
CDEF.TO,20241118,11.34,11.34,11.34,11.34,200
CDIV.TO,20241118,14.96,15.06,14.96,15.01,9918
CDR.TO,20241118,2.04,2.1,2,2.1,42905
CDZ.TO,20241118,36.53,36.8,36.53,36.68,13177
CEE.TO,20241118,2.57,2.58,2.26,2.57,5806
CEF.TO,20241118,34.26,34.34,34.15,34.19,26052
CEF.U.TO,20241118,24.38,24.38,24.38,24.38,300
CEMI.TO,20241118,19.24,19.43,19.24,19.43,7501
CEMX.TO,20241118,0.26,0.26,0.26,0.26,69566
CEU.TO,20241118,8.98,9.13,8.94,8.96,363328
CEW.TO,20241118,20.79,20.91,20.79,20.84,13530
CF.TO,20241118,10.31,10.5,10.31,10.47,94820
CF.PR.A.TO,20241118,16,16.2,16,16.2,2550
CF.PR.C.TO,20241118,21.43,21.58,21.43,21.58,200
CFF.TO,20241118,0.375,0.375,0.365,0.365,3940
CFLX.TO,20241118,17.1,17.1,17.09,17.09,6800
CFP.TO,20241118,16.8,17.63,16.8,17.39,242931
CFW.TO,20241118,3.87,3.91,3.84,3.87,23785
CFX.TO,20241118,0.87,0.88,0.86,0.87,101303
CG.TO,20241118,8.4,8.46,8.3,8.35,1136462
CGBI.TO,20241118,17.61,17.62,17.6,17.62,3700
CGDV.TO,20241118,22.61,22.61,22.59,22.59,948
CGG.TO,20241118,6.5,6.5,6.29,6.3,5346
CGHY.TO,20241118,10.43,10.43,10.34,10.34,305
CGI.TO,20241118,40.32,40.84,40.24,40.4,1400
CGIN.TO,20241118,21.18,21.18,21.18,21.18,200
CGL.TO,20241118,20.61,20.73,20.61,20.71,68132
CGL.C.TO,20241118,30.88,31,30.85,30.88,20741
CGLO.TO,20241118,30.03,30.08,30.01,30.07,3120
CGO.TO,20241118,59.87,60.8,59.74,60.35,24477
CGQD.B.TO,20241118,21.29,21.3,21.26,21.26,2150
CGR.TO,20241118,31.31,31.31,31.23,31.25,1401
CGRE.TO,20241118,21.92,21.93,21.91,21.91,3200
CGRO.TO,20241118,24.32,24.32,24.3,24.3,1200
CGX.TO,20241118,10.19,10.39,10.05,10.13,334683
CGXF.TO,20241118,10.74,10.89,10.74,10.84,53200
CGXF.U.TO,20241118,8.29,8.29,8.25,8.26,6908
CGY.TO,20241118,47.6,49.46,47.6,48.96,18593
CHE.DB.E.TO,20241118,102.99,103,102.99,103,13000
CHE.DB.G.TO,20241118,120,120.54,120,120.18,3796000
CHE.DB.H.TO,20241118,108.99,109,108.7,108.7,55000
CHE.UN.TO,20241118,11.55,11.69,11.54,11.6,618829
CHP.UN.TO,20241118,13.74,13.87,13.73,13.79,278470
CHPS.TO,20241118,36.9,37.27,36.67,37.19,6155
CHPS.U.TO,20241118,26.54,26.54,26.54,26.54,125
CHR.TO,20241118,3.33,3.35,3.15,3.17,464481
CHR.DB.B.TO,20241118,100.75,100.75,100.25,100.25,9000
CIA.TO,20241118,5.08,5.19,5.05,5.06,291359
CIAI.TO,20241118,24.92,24.92,24.72,24.77,22216
CIBR.TO,20241118,50.11,50.11,49.94,49.94,1056
CIC.TO,20241118,12.08,12.13,12.08,12.11,9168
CIEI.TO,20241118,23.26,23.26,23.26,23.26,25700
CIEM.TO,20241118,19.47,19.47,19.47,19.47,2200
CIF.TO,20241118,49.29,49.54,49.13,49.32,12353
CIGI.TO,20241118,201.7,204.01,201.7,202.57,24767
CINF.TO,20241118,27.15,27.15,27.15,27.15,141
CINT.TO,20241118,22.89,22.93,22.87,22.88,1400
CIX.TO,20241118,24.13,24.4,23.83,23.92,233630
CJ.TO,20241118,6.45,6.53,6.43,6.45,656381
CJR.B.TO,20241118,0.12,0.12,0.11,0.11,367573
CJT.TO,20241118,127.73,128.52,126.37,127.33,63788
CJT.DB.E.TO,20241118,100.1,100.1,100.1,100.1,43000
CJT.DB.F.TO,20241118,100.03,100.87,100.03,100.87,34000
CLF.TO,20241118,17.27,17.3,17.27,17.29,6600
CLG.TO,20241118,17.13,17.17,17.13,17.17,11562
CLS.TO,20241118,118.2,121.34,117.37,117.69,808229
CM.TO,20241118,89.3,89.87,88.98,89.72,2456869
CM.PR.P.TO,20241118,24.71,24.71,24.71,24.71,400
CM.PR.S.TO,20241118,25.06,25.1,25.05,25.05,9400
CMAG.U.TO,20241118,27.32,27.32,27.32,27.32,200
CMCX.B.TO,20241118,14.47,14.58,14.45,14.45,4004
CMDO.TO,20241118,19.4,19.46,19.4,19.46,8300
CMG.TO,20241118,9.66,10.26,9.6,10.13,1140299
CMGG.TO,20241118,31.9,31.9,31.74,31.74,1400
CMNY.TO,20241118,50.23,50.23,50.22,50.22,2728
CMR.TO,20241118,50.13,50.13,50.12,50.13,96816
CNCC.TO,20241118,12.58,12.61,12.58,12.59,5903
CNCL.TO,20241118,20.5,20.5,20.45,20.45,526
CNDX.TO,20241118,28.12,28.22,28.09,28.11,3288
CNE.TO,20241118,3,3.23,3,3.1,107068
CNL.TO,20241118,5.01,5.12,4.89,4.91,25165
CNQ.TO,20241118,46.88,47.43,46.83,47.17,12270370
CNR.TO,20241118,153.24,153.56,151.47,152,1391165
CNT.TO,20241118,0.025,0.025,0.025,0.025,4000
COG.TO,20241118,0.345,0.37,0.345,0.37,17502
COMM.TO,20241118,39.48,39.6,39.48,39.6,1505
COP.U.TO,20241118,7.15,7.15,7.15,7.15,300
COP.UN.TO,20241118,10.18,10.25,10.05,10.14,17719
COPP.TO,20241118,33.2,34.08,33.2,34.04,2069
COPR.TO,20241118,0.3,0.335,0.295,0.32,155870
CORE.TO,20241118,20.09,20.09,20.09,20.09,5000
COW.TO,20241118,65.63,65.89,65.42,65.59,21686
CP.TO,20241118,104.11,104.8,103.41,103.73,1265658
CPD.TO,20241118,12.2,12.2,12.14,12.15,25780
CPH.TO,20241118,14.27,14.67,13.68,14.5,69926
CPX.TO,20241118,56.88,58.7,56.88,58.48,397678
CPX.PR.C.TO,20241118,24.67,24.67,24.45,24.6,3100
CPX.PR.E.TO,20241118,23.51,23.51,23.4,23.46,800
CRDL.TO,20241118,2.59,2.69,2.38,2.52,146393
CRON.TO,20241118,2.87,2.91,2.85,2.85,97040
CROP.TO,20241118,18.74,18.76,18.74,18.76,2850
CRP.TO,20241118,3.08,3.29,3.08,3.23,3088
CRR.UN.TO,20241118,14.38,14.55,14.37,14.46,169216
CRRX.TO,20241118,1.89,1.9,1.78,1.81,68126
CRT.UN.TO,20241118,15.06,15.23,15.06,15.18,69157
CRWN.TO,20241118,1.12,1.12,1,1,1700
CS.TO,20241118,9.64,9.98,9.61,9.96,1721091
CSAV.TO,20241118,50.13,50.13,50.12,50.13,23210
CSBI.TO,20241118,20.51,20.51,20.51,20.51,2100
CSCI.TO,20241118,4.31,4.32,4.23,4.23,2026
CSH.UN.TO,20241118,16,16.11,15.91,16.08,371171
CSU.TO,20241118,4420.89,4481.54,4413.31,4449.27,21173
CSU.DB.TO,20241118,117.25,118.5,117.25,118.5,16000
CSW.A.TO,20241118,12.47,12.49,12.4,12.43,15711
CSW.B.TO,20241118,12.43,12.53,12.32,12.32,4843
CTC.A.TO,20241118,152.89,152.89,151.08,152.21,406216
CTF.UN.TO,20241118,2.62,2.69,2.58,2.69,2985
CTS.TO,20241118,3.55,3.68,3.54,3.58,417035
CU.TO,20241118,34.84,35.16,34.84,35.07,448739
CU.PR.C.TO,20241118,20.41,20.57,20.41,20.55,3680
CU.PR.D.TO,20241118,20.1,20.1,20.05,20.1,2756
CU.PR.E.TO,20241118,20.14,20.14,20,20.1,4500
CU.PR.F.TO,20241118,18.66,18.69,18.49,18.52,1300
CU.PR.G.TO,20241118,18.65,18.65,18.5,18.58,2400
CU.PR.H.TO,20241118,21.55,21.55,21.55,21.55,100
CU.PR.I.TO,20241118,24.3,24.3,24.2,24.2,2689
CUBD.TO,20241118,20.42,20.42,20.42,20.42,100
CUD.TO,20241118,55.28,55.92,55.28,55.84,1202
CUEH.TO,20241118,24.14,24.14,24.05,24.11,3300
CUEI.TO,20241118,32.78,32.78,32.58,32.62,4715
CUP.U.TO,20241118,13.64,13.73,13.54,13.54,5736
CURA.TO,20241118,3.13,3.15,2.98,3.03,414850
CVD.TO,20241118,17.47,17.47,17.47,17.47,226
CVE.TO,20241118,22.13,22.45,22.07,22.42,6269957
CVE.PR.A.TO,20241118,18.09,18.1,17.98,17.98,4600
CVE.PR.C.TO,20241118,24.6,24.7,24.6,24.66,2486
CVE.PR.G.TO,20241118,24.4,24.5,24.4,24.5,1900
CVE.WT.TO,20241118,15.75,15.83,15.75,15.83,631
CVG.TO,20241118,69.48,69.48,69,69,434
CVO.TO,20241118,6.96,7.12,6.81,6.86,108409
CWB.TO,20241118,57.33,58.7,57.33,58.64,320080
CWB.PR.B.TO,20241118,25.25,25.25,25.25,25.25,1617
CWB.PR.D.TO,20241118,27.2,27.22,27.2,27.22,800
CWEB.TO,20241118,0.19,0.19,0.19,0.19,2588
CWL.TO,20241118,1.1,1.14,1.1,1.11,30100
CWW.TO,20241118,59.28,59.59,59.28,59.59,2192
CXB.TO,20241118,2.22,2.29,2.22,2.24,2103900
CXI.TO,20241118,23.7,23.84,23.59,23.59,509
CYB.TO,20241118,75.29,76.18,75.29,75.7,5750
CYBR.TO,20241118,50.99,51.1,50.64,50.64,1961
CYBR.B.TO,20241118,60.7,60.7,60.32,60.32,1000
CYH.TO,20241118,22.26,22.26,22.26,22.26,1910
D.UN.TO,20241118,19.58,19.82,19.58,19.6,17335
DATA.TO,20241118,27.1,27.11,27.1,27.11,200
DATA.B.TO,20241118,30.42,30.42,30.42,30.42,100
DAY.TO,20241118,105.26,105.34,103.97,104.6,23686
DBM.TO,20241118,9.26,9.38,9.19,9.22,186441
DBO.TO,20241118,0.125,0.135,0.125,0.135,113502
DC.A.TO,20241118,1.61,1.78,1.6,1.76,53850
DCBC.TO,20241118,20.86,20.86,20.86,20.86,423
DCBO.TO,20241118,65.95,66.53,65.3,65.77,37626
DCC.TO,20241118,18.84,18.84,18.84,18.84,2000
DCM.TO,20241118,1.93,1.93,1.84,1.85,81211
DCP.TO,20241118,18.89,18.91,18.89,18.9,3380
DCU.TO,20241118,17.85,17.88,17.85,17.88,697
DF.TO,20241118,6.31,6.37,6.31,6.33,47804
DF.PR.A.TO,20241118,10.48,10.5,10.42,10.5,27183
DFN.TO,20241118,6.29,6.34,6.29,6.34,366253
DFN.PR.A.TO,20241118,10.42,10.47,10.41,10.47,498471
DFY.TO,20241118,55.93,57.23,55.93,56.93,228938
DGR.TO,20241118,48.28,48.28,48.21,48.21,881
DGR.B.TO,20241118,55.82,55.82,55.58,55.58,2923
DGRC.TO,20241118,40,40.1,40,40.05,1466
DGS.TO,20241118,7.07,7.1,7.05,7.09,107613
DGS.PR.A.TO,20241118,10.45,10.49,10.45,10.49,72350
DHT.UN.TO,20241118,13.2,13.2,12.91,12.96,38313
DIAM.TO,20241118,0.04,0.04,0.035,0.035,34000
DII.A.TO,20241118,4.03,4.03,4,4,400
DII.B.TO,20241118,4.1,4.1,3.9,3.98,57253
DIR.UN.TO,20241118,12.81,12.99,12.81,12.82,367008
DISC.TO,20241118,41.7,41.7,41.45,41.45,750
DIV.TO,20241118,3.01,3.02,2.98,2.98,175972
DIV.DB.A.TO,20241118,100,100,100,100,31000
DIVS.TO,20241118,16.05,16.05,16.05,16.05,600
DLCG.TO,20241118,5.7,5.99,5.51,5.83,34613
DLR.TO,20241118,14.39,14.39,14.3,14.32,1372916
DLR.U.TO,20241118,10.21,10.22,10.21,10.21,965120
DMEC.TO,20241118,23.1,23.1,23.1,23.1,101
DMEI.TO,20241118,20.54,20.54,20.48,20.49,10118
DMEU.TO,20241118,23.92,23.92,23.82,23.85,1270
DML.TO,20241118,3.04,3.27,3.03,3.16,4709367
DND.TO,20241118,16.45,16.45,15.78,15.9,204631
DNG.TO,20241118,5.46,5.65,5.46,5.55,74938
DNTL.TO,20241118,9.65,10.02,9.6,10,460624
DOL.TO,20241118,147.61,149.7,147.61,148.75,377317
DOO.TO,20241118,67.36,68.37,67.03,67.52,161889
DPM.TO,20241118,12.61,12.83,12.58,12.64,874027
DR.TO,20241118,15.86,16.35,15.7,15.94,98325
DRFC.TO,20241118,32.54,32.69,32.52,32.52,4122
DRFE.TO,20241118,23.04,23.04,22.94,22.94,1759
DRFG.TO,20241118,31.04,31.04,30.9,30.9,480
DRM.TO,20241118,25.13,25.36,24.61,24.67,63164
DRMC.TO,20241118,32.03,32.25,32.03,32.12,906
DRMD.TO,20241118,24.93,24.93,24.93,24.93,200
DRME.TO,20241118,18.09,18.09,18.09,18.09,1000
DRMU.TO,20241118,44.16,44.16,44.06,44.06,453
DRR.U.TO,20241118,6.85,7.01,6.67,6.94,20501
DRR.UN.TO,20241118,9.57,9.75,9.5,9.75,15800
DRT.TO,20241118,0.9,0.96,0.9,0.96,36210
DRX.TO,20241118,9.12,9.35,9.12,9.29,69189
DS.TO,20241118,6.77,6.77,6.68,6.72,5018
DSG.TO,20241118,156.71,158.46,156.21,157.84,131042
DSV.TO,20241118,0.83,0.92,0.83,0.91,327074
DTOL.TO,20241118,14.67,14.82,14.64,14.82,2260
DXAU.TO,20241118,23.68,23.68,23.68,23.68,700
DXB.TO,20241118,17.84,17.86,17.84,17.85,700
DXC.TO,20241118,38.5,38.5,38.33,38.33,2594
DXG.TO,20241118,66.8,66.86,66.2,66.36,3212
DXG.U.TO,20241118,20.42,20.48,20.42,20.48,31200
DXMO.TO,20241118,19.81,19.87,19.81,19.86,1300
DXO.TO,20241118,19.52,19.52,19.52,19.52,2005
DXP.TO,20241118,22.19,22.22,22.17,22.2,9613
DXQ.TO,20241118,25.48,25.59,25.48,25.5,4829
DXT.TO,20241118,6.51,6.61,6.51,6.53,21950
DXU.TO,20241118,63.01,63.14,62.83,62.86,701
DXUS.TO,20241118,29.61,29.61,29.52,29.52,302
DXV.TO,20241118,19.65,19.67,19.63,19.67,44663
DXZ.TO,20241118,14.12,14.12,14.12,14.12,1601
DYA.TO,20241118,0.2,0.215,0.195,0.21,149705
E.TO,20241118,1.72,1.92,1.72,1.88,428918
EAGR.TO,20241118,0.67,0.7,0.67,0.68,7865
EBIT.TO,20241118,45.59,46.56,44.98,45.92,297808
EBIT.U.TO,20241118,32.89,32.89,32.31,32.65,855
EBNK.TO,20241118,11.3,11.3,11.27,11.3,2600
EBNK.U.TO,20241118,9.81,9.81,9.81,9.81,100
ECN.TO,20241118,2.96,2.96,2.82,2.87,157440
ECN.DB.TO,20241118,98,98,97.76,98,175000
ECN.DB.A.TO,20241118,91.5,94.17,91.5,91.53,18000
ECN.DB.B.TO,20241118,92.96,92.96,90.2,90.2,10000
ECN.PR.C.TO,20241118,21.01,21.21,21,21.21,5200
ECO.TO,20241118,4.15,4.15,4.02,4.02,17600
ECOR.TO,20241118,1.21,1.21,1.16,1.17,125390
EDGE.TO,20241118,38.85,38.86,38.85,38.86,988
EDGF.TO,20241118,10.59,10.59,10.52,10.57,1316
EDR.TO,20241118,6.95,7.09,6.73,6.85,781597
EDT.TO,20241118,0.57,0.57,0.54,0.55,17666
EDV.TO,20241118,27.63,28.56,27.63,28.1,465297
EFN.TO,20241118,27.17,28.33,27.17,28.31,827455
EFR.TO,20241118,9.85,10.3,9.68,10.19,1006816
EFX.TO,20241118,11.82,12.53,11.82,12.38,935812
EGLX.TO,20241118,0.165,0.175,0.155,0.175,776363
EIF.TO,20241118,55.75,56.47,55.75,55.79,73160
EIF.DB.J.TO,20241118,114,114.7,113.75,113.75,226000
EIF.DB.K.TO,20241118,115.99,115.99,115.99,115.99,1000
EIF.DB.L.TO,20241118,111,112,111,111.1,446000
EIF.DB.M.TO,20241118,104.89,104.9,104.5,104.9,19000
EIT.PR.A.TO,20241118,25.22,25.24,25.18,25.24,2800
EIT.PR.B.TO,20241118,25.25,25.3,25.2,25.25,4140
EIT.UN.TO,20241118,15.46,15.61,15.46,15.54,239517
ELD.TO,20241118,22.17,22.71,22.07,22.42,446641
ELEF.TO,20241118,0.5,0.52,0.455,0.49,85305
ELF.PR.F.TO,20241118,21.26,21.26,21.26,21.26,100
ELF.PR.G.TO,20241118,19.2,19.3,19.18,19.3,5700
ELF.PR.H.TO,20241118,22,22.11,22,22.11,4200
ELO.TO,20241118,0.86,0.93,0.86,0.89,75553
ELR.TO,20241118,0.17,0.175,0.17,0.175,16093
ELVA.TO,20241118,3.4,3.4,3.2,3.32,10305
EMA.TO,20241118,50.78,51.56,50.59,51.36,2164074
EMA.PR.C.TO,20241118,22.6,22.7,22.6,22.6,33714
EMA.PR.E.TO,20241118,18.09,18.49,18.01,18.49,1300
EMA.PR.F.TO,20241118,19.42,19.65,19.4,19.65,3625
EMA.PR.H.TO,20241118,23,23.03,22.99,22.99,9800
EMA.PR.L.TO,20241118,18.6,18.6,18.6,18.6,100
EMAX.TO,20241118,16.24,16.35,16.24,16.31,13494
EMP.A.TO,20241118,41.54,41.69,40.01,40.76,272863
EMV.B.TO,20241118,29.6,29.65,29.6,29.65,3302
ENB.TO,20241118,59.38,60,59.34,59.64,33086820
ENB.PF.A.TO,20241118,19.23,19.23,18.89,19.15,33566
ENB.PF.C.TO,20241118,18.18,18.25,18.18,18.2,6225
ENB.PF.E.TO,20241118,17.94,18.05,17.87,17.92,8800
ENB.PF.K.TO,20241118,22.82,23.05,22.82,23.02,10919
ENB.PF.U.TO,20241118,22.2,22.2,22.19,22.19,500
ENB.PF.V.TO,20241118,24.26,24.26,24,24,2200
ENB.PR.A.TO,20241118,22.24,22.24,21.9,22.02,13358
ENB.PR.B.TO,20241118,17.5,17.57,17.5,17.57,3030
ENB.PR.D.TO,20241118,17.85,17.96,17.84,17.84,2200
ENB.PR.F.TO,20241118,18.23,18.33,18.23,18.33,1000
ENB.PR.G.TO,20241118,22.8,22.8,22.15,22.15,1100
ENB.PR.H.TO,20241118,19.68,19.76,19.68,19.75,3922
ENB.PR.J.TO,20241118,19.43,19.43,19.34,19.34,13329
ENB.PR.N.TO,20241118,21.41,21.41,21.32,21.32,9498
ENB.PR.P.TO,20241118,19.17,19.3,19.17,19.25,5849
ENB.PR.T.TO,20241118,20.05,20.09,20.05,20.08,25332
ENB.PR.V.TO,20241118,23.85,23.89,23.73,23.89,5700
ENB.PR.Y.TO,20241118,17.6,17.65,17.55,17.65,1800
ENB.PR.Z.TO,20241118,18.1,18.1,18.1,18.1,200
ENCC.TO,20241118,11.4,11.47,11.4,11.44,144209
ENCL.TO,20241118,20.39,20.48,20.31,20.39,54858
ENGH.TO,20241118,29.5,29.94,29.5,29.76,39535
ENI.UN.TO,20241118,1.74,1.74,1.74,1.74,100
ENS.TO,20241118,13.46,13.6,13.46,13.49,61188
ENS.PR.A.TO,20241118,10.85,11.15,10.85,11.05,20600
EPRX.TO,20241118,4.38,4.39,4.27,4.3,16450
EQB.TO,20241118,107.12,109.8,107.12,108.63,40626
EQCL.TO,20241118,22.6,22.6,22.45,22.45,2402
EQL.TO,20241118,38.75,38.8,38.62,38.66,19895
EQL.F.TO,20241118,31.98,32.18,31.96,32.1,10804
EQL.U.TO,20241118,27.54,27.56,27.54,27.56,1720
EQLI.TO,20241118,21.86,21.86,21.82,21.82,8300
EQX.TO,20241118,7.55,7.73,7.52,7.63,543539
ERD.TO,20241118,0.6,0.62,0.6,0.61,34375
ERE.UN.TO,20241118,3.61,3.64,3.58,3.6,111356
ERO.TO,20241118,21.86,22.13,21.75,22.04,173623
ESG.TO,20241118,43.68,43.76,43.51,43.62,4855
ESG.F.TO,20241118,39.64,39.65,39.56,39.65,6200
ESGA.TO,20241118,40.41,40.41,40.2,40.2,573
ESGC.TO,20241118,28.79,28.79,28.79,28.79,100
ESGE.TO,20241118,33.82,34,33.82,34,603
ESGG.TO,20241118,49.73,49.73,49.69,49.7,1572
ESGY.TO,20241118,58.67,58.84,58.58,58.75,1659
ESI.TO,20241118,3.01,3.07,3,3.02,152854
ESM.TO,20241118,0.04,0.045,0.04,0.045,296018
ESP.TO,20241118,5.7,6.2,5.66,6.2,25201
ESP.PR.A.TO,20241118,10.6,10.6,10.6,10.6,200
ESPX.TO,20241118,25.29,25.29,25.29,25.29,353
ET.TO,20241118,12.21,12.21,12.05,12.07,24224
ETC.TO,20241118,18.58,18.9,18.58,18.8,9190
ETC.U.TO,20241118,16.73,16.74,16.66,16.66,710
ETG.TO,20241118,2.05,2.07,2.05,2.05,46637
ETHH.TO,20241118,12.36,12.74,12.26,12.59,99013
ETHH.B.TO,20241118,14.97,15.38,14.86,15.19,275619
ETHH.U.TO,20241118,13.31,13.61,13.25,13.46,3059
ETHI.TO,20241118,54.19,54.19,54.03,54.03,395
ETHQ.TO,20241118,17.17,17.6,17.08,17.36,9815
ETHR.TO,20241118,14.82,15.2,14.71,15.06,41364
ETHR.U.TO,20241118,13.43,13.47,13.33,13.47,8300
ETHX.B.TO,20241118,15.6,16.04,15.49,15.84,329369
ETHX.U.TO,20241118,13.86,14.28,13.8,14.13,22678
ETHY.TO,20241118,3.71,3.82,3.7,3.78,121590
ETHY.B.TO,20241118,4.87,4.93,4.87,4.93,8240
ETP.TO,20241118,17.5,17.5,17.5,17.5,721
ETSX.TO,20241118,21.35,21.35,21.3,21.3,486
EVO.TO,20241118,22.18,22.18,22.14,22.14,200
EXE.TO,20241118,10.14,10.39,10.13,10.33,121478
EXE.DB.C.TO,20241118,100,100,100,100,10000
EXN.TO,20241118,0.1,0.105,0.1,0.105,288000
EXRO.TO,20241118,0.185,0.19,0.16,0.165,607881
FAP.TO,20241118,2.76,2.78,2.76,2.77,24147
FAR.TO,20241118,2.18,2.2,2.14,2.17,31192
FBGO.TO,20241118,17.58,17.58,17.53,17.53,900
FBTC.TO,20241118,42.17,43.07,41.7,42.51,108201
FBTC.U.TO,20241118,30.56,30.6,29.91,30.27,2442
FC.TO,20241118,11.39,11.52,11.39,11.42,60279
FC.DB.J.TO,20241118,99.85,99.85,98.8,98.8,150000
FC.DB.K.TO,20241118,97.75,97.75,97.75,97.75,10000
FCCD.TO,20241118,30.54,30.6,30.48,30.51,6486
FCCQ.TO,20241118,38,38.19,37.99,37.99,4245
FCCV.TO,20241118,15.16,15.18,15.12,15.12,1902
FCD.UN.TO,20241118,5.9,5.95,5.9,5.93,22600
FCEM.TO,20241118,10.28,10.28,10.28,10.28,100
FCGI.TO,20241118,13.97,13.97,13.97,13.97,600
FCIQ.TO,20241118,38.49,38.62,38.48,38.48,5350
FCIV.TO,20241118,33.98,34.09,33.98,34.05,4472
FCMI.TO,20241118,13.25,13.25,13.25,13.25,805
FCQH.TO,20241118,57.79,57.79,57.79,57.79,100
FCR.UN.TO,20241118,17.76,17.88,17.67,17.84,366071
FCU.TO,20241118,0.78,0.83,0.78,0.8,4620141
FCUD.TO,20241118,38.13,38.18,38.12,38.14,5673
FCUQ.TO,20241118,64.43,64.43,64.12,64.12,2676
FCUV.TO,20241118,20,20,19.87,19.87,14852
FCVH.TO,20241118,18.4,18.4,18.4,18.4,100
FDN.TO,20241118,26.38,26.38,26.38,26.38,100
FDY.TO,20241118,0.9,0.91,0.88,0.89,90910
FEC.TO,20241118,7.95,8.05,7.8,7.95,26210
FETH.TO,20241118,58.57,60.1,58.33,59.44,2354
FETH.U.TO,20241118,42.59,42.59,42.59,42.59,150
FF.TO,20241118,0.145,0.1525,0.14,0.145,1338903
FFH.TO,20241118,1900.44,1927,1900.43,1917.99,26129
FFH.PR.C.TO,20241118,23.51,23.8,23.51,23.8,8700
FFH.PR.D.TO,20241118,23.25,23.82,23.25,23.82,3900
FFH.PR.E.TO,20241118,17.5,17.8,17.5,17.8,13947
FFH.PR.F.TO,20241118,17.8,17.8,17.75,17.8,700
FFH.PR.G.TO,20241118,17.67,17.89,17.67,17.81,4093
FFH.PR.I.TO,20241118,18.87,18.9,18.87,18.9,1100
FFH.PR.J.TO,20241118,19.48,19.48,19.48,19.48,100
FFH.PR.K.TO,20241118,22.55,22.76,22.55,22.75,4834
FFH.PR.M.TO,20241118,24.75,24.8,24.72,24.72,400
FFN.TO,20241118,7.18,7.35,7.18,7.35,432913
FFN.PR.A.TO,20241118,10.64,10.65,10.58,10.64,44604
FGEB.TO,20241118,10.64,10.71,10.64,10.68,57540
FGEP.TO,20241118,10.86,10.9,10.36,10.85,149250
FGO.TO,20241118,9.98,10.01,9.98,10,3321
FGOV.TO,20241118,20.69,20.69,20.69,20.69,100
FHG.TO,20241118,58.87,58.87,58.8,58.8,1105
FHI.TO,20241118,11.17,11.18,11.14,11.15,17200
FHI.B.TO,20241118,12.83,12.83,12.83,12.83,1400
FHIS.TO,20241118,20.88,20.88,20.84,20.84,7200
FHQ.TO,20241118,98,98,97.51,97.51,300
FHQ.F.TO,20241118,51.85,51.85,51.85,51.85,100
FIE.TO,20241118,8.17,8.2,8.16,8.17,164704
FIG.TO,20241118,9.41,9.42,9.41,9.42,8676
FIG.U.TO,20241118,9.12,9.12,9.12,9.12,400
FIH.U.TO,20241118,16.07,16.07,15.76,15.76,6611
FIL.TO,20241118,32.3,32.55,32.19,32.52,326735
FINC.TO,20241118,21.71,21.71,21.71,21.71,400
FINO.TO,20241118,25.62,25.62,25.62,25.62,147
FINT.TO,20241118,25.35,25.35,25.35,25.35,1000
FLCI.TO,20241118,17.96,17.96,17.96,17.96,300
FLCP.TO,20241118,17.95,17.98,17.93,17.98,2900
FLDM.TO,20241118,23.34,23.34,23.33,23.33,1600
FLGD.TO,20241118,29.35,29.35,29.32,29.32,1000
FLI.TO,20241118,11.71,11.75,11.71,11.75,1787
FLNT.TO,20241118,0.035,0.035,0.035,0.035,3400
FLOW.TO,20241118,0.155,0.16,0.155,0.155,91709
FLSD.TO,20241118,19.15,19.18,19.15,19.18,1100
FLUS.TO,20241118,48.01,48.01,47.86,47.86,200
FLX.TO,20241118,7.29,7.29,7.28,7.28,601
FM.TO,20241118,17.43,18.09,17.43,18.08,2020780
FMAX.TO,20241118,19.75,19.75,19.68,19.72,24609
FN.TO,20241118,43.29,43.46,42.82,43.18,22557
FN.PR.B.TO,20241118,14.85,14.85,14.6,14.6,2700
FNV.TO,20241118,164.35,166.7,163.69,166.01,390084
FOM.TO,20241118,4.05,4.15,4,4.12,494020
FOOD.TO,20241118,0.5,0.5,0.435,0.47,95860
FORA.TO,20241118,8.25,8.72,8.25,8.5,98382
FOUR.TO,20241118,54.04,54.25,54.04,54.25,7100
FRU.TO,20241118,14,14.21,14,14.1,549987
FRX.TO,20241118,5.68,5.68,5.68,5.68,970
FSB.TO,20241118,9.67,9.68,9.67,9.67,8465
FST.TO,20241118,56.47,56.47,56.4,56.4,206
FSV.TO,20241118,264.14,264.14,256.65,257.85,94392
FSY.TO,20241118,0.64,0.73,0.62,0.68,184672
FSZ.TO,20241118,10,10.05,9.86,9.98,523314
FSZ.DB.B.TO,20241118,102.3,102.3,102.24,102.24,30000
FT.TO,20241118,0.045,0.05,0.045,0.05,257210
FTG.TO,20241118,7.76,7.76,7.57,7.57,9506
FTHI.TO,20241118,10.8,10.8,10.78,10.79,1102
FTN.TO,20241118,9.41,9.51,9.41,9.5,203155
FTN.PR.A.TO,20241118,10.67,10.7,10.67,10.7,55584
FTS.TO,20241118,61.42,61.99,61.37,61.97,2511101
FTS.PR.F.TO,20241118,20.99,20.99,20.99,20.99,1203
FTS.PR.G.TO,20241118,21.95,22.05,21.9,22.01,2800
FTS.PR.I.TO,20241118,16.35,16.35,15.98,16.24,7300
FTS.PR.J.TO,20241118,20.27,20.27,20.05,20.05,1700
FTS.PR.K.TO,20241118,19.62,19.76,19.62,19.65,3111
FTS.PR.M.TO,20241118,20.44,20.44,20.36,20.36,7600
FTT.TO,20241118,38.36,38.49,37.82,38.23,648924
FTU.PR.B.TO,20241118,7.49,7.49,7.49,7.49,100
FURY.TO,20241118,0.58,0.58,0.58,0.58,13399
FVI.TO,20241118,6.8,6.98,6.76,6.81,740866
FVL.TO,20241118,0.86,0.89,0.86,0.88,358713
FXM.TO,20241118,25.47,25.57,25.47,25.57,1084
G.TO,20241118,0.83,0.98,0.83,0.95,30139
GATO.TO,20241118,23.57,24,23.17,23.32,6158
GAU.TO,20241118,2.04,2.16,2.03,2.03,123472
GBAL.TO,20241118,51.27,51.27,51.27,51.27,725
GBT.TO,20241118,13.63,13.67,13.63,13.67,1234
GCBD.TO,20241118,18.33,18.33,18.33,18.33,871
GCG.A.TO,20241118,41.13,41.39,40.65,40.65,1676
GCL.TO,20241118,1,1,0.98,1,30288
GCNS.TO,20241118,44.86,44.86,44.7,44.7,2779
GCTB.TO,20241118,50.12,50.13,50.12,50.13,2533
GCU.TO,20241118,0.2,0.2,0.165,0.18,279519
GDC.TO,20241118,4.16,4.18,4.16,4.16,15200
GDI.TO,20241118,35.66,35.7,34.78,34.97,10102
GDL.TO,20241118,13.48,13.74,13.45,13.72,2703
GDV.TO,20241118,12.18,12.21,12.05,12.16,66680
GDV.PR.A.TO,20241118,10.49,10.55,10.43,10.55,10540
GEI.TO,20241118,23.03,23.33,22.97,23.12,682685
GENM.TO,20241118,0.185,0.195,0.17,0.18,1141894
GEO.TO,20241118,2.69,2.8,2.69,2.75,4979
GEQT.TO,20241118,64.3,64.3,64.18,64.18,1289
GFL.TO,20241118,61.77,63.28,61.77,63.14,284459
GFP.TO,20241118,5.64,5.64,5.6,5.6,3795
GFP.RT.TO,20241118,0.015,0.015,0.01,0.01,64047
GFR.TO,20241118,9.8,9.84,9.6,9.7,32832
GGD.TO,20241118,1.25,1.32,1.25,1.28,1134674
GGRO.TO,20241118,57.72,57.72,57.47,57.47,4000
GH.TO,20241118,11,11,10.83,10.83,850
GIB.A.TO,20241118,151.2,153.95,151.08,153.61,412400
GIL.TO,20241118,68.05,68.34,67.73,68.14,523325
GIQU.B.TO,20241118,33.47,33.47,33.4,33.4,700
GLCC.TO,20241118,26.84,27.4,26.84,27.19,48330
GLDX.TO,20241118,19.27,19.27,19.22,19.22,500
GLO.TO,20241118,1.08,1.15,1.06,1.11,1999241
GLXY.TO,20241118,25.34,27.1,25.2,26.37,765354
GMIN.TO,20241118,10.65,11,10.64,10.78,281567
GMTN.TO,20241118,0.055,0.055,0.045,0.045,243000
GMX.TO,20241118,1.07,1.08,1.06,1.06,31701
GOLD.TO,20241118,1.31,1.33,1.26,1.29,154571
GOOS.TO,20241118,13.21,13.35,13.14,13.24,226069
GRA.TO,20241118,2.26,2.29,2.18,2.28,118844
GRC.TO,20241118,0.09,0.09,0.09,0.09,56000
GRCC.TO,20241118,21.95,21.95,21.95,21.95,100
GRID.TO,20241118,1.76,1.78,1.73,1.74,17480
GRN.TO,20241118,0.115,0.125,0.11,0.115,84710
GRNI.TO,20241118,29.09,29.09,29.09,29.09,100
GRO.TO,20241118,21.97,21.97,21.97,21.97,100
GRT.UN.TO,20241118,74.98,75.24,73.62,74.79,115610
GSY.TO,20241118,173.04,178.9,172.9,174.12,52575
GTE.TO,20241118,8.65,8.77,8.64,8.77,14472
GTWO.TO,20241118,1.9,2.03,1.9,2,370420
GUD.TO,20241118,5.21,5.4,5.21,5.37,102458
GURU.TO,20241118,1.56,1.6,1.55,1.6,4700
GVC.TO,20241118,0.17,0.17,0.17,0.17,500
GWO.TO,20241118,48.71,49.36,48.71,49.17,8229542
GWO.PR.G.TO,20241118,21.44,21.51,21.44,21.51,600
GWO.PR.H.TO,20241118,20.23,20.25,20.17,20.25,3245
GWO.PR.I.TO,20241118,19.17,19.32,19.02,19.04,1900
GWO.PR.L.TO,20241118,23.31,23.31,23.31,23.31,300
GWO.PR.M.TO,20241118,23.85,24,23.85,23.86,3200
GWO.PR.N.TO,20241118,14.54,14.6,14.54,14.6,69600
GWO.PR.P.TO,20241118,22.07,22.07,22.07,22.07,300
GWO.PR.Q.TO,20241118,21.28,21.28,21.21,21.21,700
GWO.PR.R.TO,20241118,20.01,20.01,19.96,19.96,1800
GWO.PR.S.TO,20241118,21.6,21.6,21.53,21.53,200
GWO.PR.T.TO,20241118,21.3,21.3,21.26,21.26,700
GWO.PR.Y.TO,20241118,18.86,18.86,18.82,18.82,646
GXE.TO,20241118,0.53,0.54,0.52,0.53,523760
H.TO,20241118,44.53,44.72,44.3,44.45,418216
HAB.TO,20241118,10.17,10.21,10.17,10.21,6229
HAC.TO,20241118,31.47,31.6,31.47,31.51,988
HAF.TO,20241118,7.17,7.19,7.15,7.19,2800
HAI.TO,20241118,4.99,5.13,4.99,5.13,4713
HAL.TO,20241118,22.36,22.53,22.36,22.43,1701
HAZ.TO,20241118,37.38,37.45,37.29,37.37,7458
HBA.TO,20241118,29.56,29.58,29.5,29.58,2556
HBAL.TO,20241118,15.63,15.63,15.6,15.6,2939
HBB.TO,20241118,48.87,48.87,48.45,48.57,24795
HBD.TO,20241118,6.75,6.75,6.7,6.72,2110
HBF.TO,20241118,10.13,10.15,10.12,10.12,6940
HBF.B.TO,20241118,11.7,11.7,11.7,11.7,300
HBGD.TO,20241118,32.05,32.05,31.15,31.15,1852
HBGD.U.TO,20241118,22.1,22.1,22.1,22.1,200
HBIE.TO,20241118,24.53,24.63,24.53,24.63,1351
HBIG.TO,20241118,24.55,24.61,24.55,24.61,542
HBIL.TO,20241118,15.66,15.66,15.63,15.66,5711
HBIL.U.TO,20241118,15.65,15.68,15.65,15.68,1446
HBLK.TO,20241118,19.51,20.12,19.5,19.5,4727
HBM.TO,20241118,12.15,12.47,12.15,12.45,933367
HBND.TO,20241118,14.18,14.28,14.12,14.24,87532
HBND.U.TO,20241118,14.45,14.57,14.45,14.57,1400
HBNK.TO,20241118,24.89,24.95,24.89,24.95,2957
HBP.TO,20241118,0.68,0.7,0.68,0.7,13000
HBU.TO,20241118,16.75,16.88,16.75,16.83,21584
HCA.TO,20241118,23.75,23.8,23.75,23.79,1018
HCAL.TO,20241118,24.71,24.94,24.71,24.89,22423
HCLN.TO,20241118,7.98,7.98,7.93,7.94,4256
HCON.TO,20241118,13.75,13.75,13.75,13.75,16824
HCRE.TO,20241118,26.92,27,26.92,27,800
HDGE.TO,20241118,28.13,28.13,28.12,28.12,400
HDIF.TO,20241118,8.97,9,8.94,8.98,62266
HDIV.TO,20241118,17.84,17.99,17.84,17.95,86161
HEB.TO,20241118,19.55,19.55,19.55,19.55,291
HED.TO,20241118,3.88,3.9,3.84,3.86,42220
HEQL.TO,20241118,26.95,26.96,26.93,26.93,17844
HEQT.TO,20241118,17.85,17.86,17.8,17.81,8805
HEU.TO,20241118,29.32,29.85,29.32,29.66,54415
HEWB.TO,20241118,38.33,38.49,38.29,38.49,8080
HFD.TO,20241118,6.35,6.35,6.33,6.35,20200
HFG.TO,20241118,27.46,27.46,27.35,27.35,702
HFIN.TO,20241118,19.53,19.64,19.53,19.57,6622
HFPC.U.TO,20241118,2.85,2.9,2.85,2.9,4500
HFR.TO,20241118,10.05,10.05,10.04,10.04,8800
HFU.TO,20241118,31.04,31.11,31.01,31.11,693
HGD.TO,20241118,2.5,2.51,2.42,2.45,524950
HGGG.TO,20241118,34.1,34.62,34.1,34.62,700
HGR.TO,20241118,6.24,6.24,6.23,6.23,2034
HGRW.TO,20241118,24.78,24.79,24.76,24.76,1272
HGU.TO,20241118,21.83,22.78,21.83,22.35,478279
HGY.TO,20241118,11.26,11.3,11.26,11.3,1775
HHL.TO,20241118,7.98,7.99,7.95,7.97,255154
HHL.B.TO,20241118,9.15,9.15,9.14,9.14,4589
HHL.U.TO,20241118,8.5,8.52,8.5,8.51,5270
HHLE.TO,20241118,9.87,9.92,9.86,9.9,61728
HIG.TO,20241118,8,8.01,7.95,8.01,28220
HIND.TO,20241118,12.65,12.66,12.63,12.63,2900
HISU.U.TO,20241118,100.26,100.26,100.26,100.26,333
HIU.TO,20241118,11,11,10.96,10.96,4009
HIX.TO,20241118,24.77,24.78,24.76,24.78,900
HLF.TO,20241118,14.7,14.7,14.49,14.59,60496
HLIF.TO,20241118,9.73,9.78,9.73,9.75,1150
HLIT.TO,20241118,17.13,17.13,17.13,17.13,251
HLS.TO,20241118,3.22,3.25,3.15,3.16,76600
HMAX.TO,20241118,14.73,14.76,14.69,14.71,202341
HMM.A.TO,20241118,9.82,9.82,9.71,9.72,8338
HMMJ.TO,20241118,9.71,9.82,9.69,9.69,16530
HMMJ.U.TO,20241118,6.93,6.93,6.93,6.93,500
HND.TO,20241118,87.53,87.53,82.95,83.78,312894
HNU.TO,20241118,2.25,2.37,2.25,2.36,5996895
HOD.TO,20241118,7.1,7.11,6.82,6.86,2649389
HOM.DB.U.TO,20241118,100,100,100,100,98000
HOM.U.TO,20241118,12.98,13.11,12.95,12.96,24547
HOM.UN.TO,20241118,18.42,18.42,18.15,18.15,10651
HOT.DB.V.TO,20241118,80.01,80.01,80,80,20000
HOT.U.TO,20241118,0.425,0.425,0.425,0.425,4059
HOT.UN.TO,20241118,0.61,0.61,0.56,0.58,63927
HOU.TO,20241118,11.2,11.63,11.2,11.57,2352156
HPF.TO,20241118,3.31,3.35,3.31,3.34,14930
HPF.U.TO,20241118,4.1,4.1,4.1,4.1,3800
HPR.TO,20241118,8.98,8.98,8.91,8.91,22966
HPS.A.TO,20241118,125.55,129.4,125.55,127.09,32067
HPYM.TO,20241118,11.13,11.15,11.1,11.15,34302
HPYT.TO,20241118,10.2,10.28,10.15,10.25,352251
HPYT.B.TO,20241118,10.58,10.6,10.58,10.58,5120
HPYT.U.TO,20241118,10.44,10.5,10.41,10.5,17597
HQD.TO,20241118,11.03,11.08,10.85,10.95,614047
HQU.TO,20241118,22.77,23.15,22.67,22.97,1236995
HR.UN.TO,20241118,9.96,10.25,9.96,10.11,770463
HRAA.TO,20241118,11.87,11.9,11.87,11.9,1500
HRIF.TO,20241118,16.98,17,16.98,16.99,3165
HRX.TO,20241118,31.94,31.94,31.68,31.87,10876
HSAV.TO,20241118,113.82,113.9,113.74,113.9,43049
HSD.TO,20241118,15.67,15.7,15.49,15.56,392831
HSH.TO,20241118,72.48,72.48,72.35,72.41,450
HSU.TO,20241118,25.76,26.02,25.68,25.91,555704
HSUV.U.TO,20241118,112.58,112.76,112.58,112.61,20817
HTA.TO,20241118,19.08,19.14,18.96,19.08,29367
HTA.B.TO,20241118,20.54,20.54,20.54,20.54,100
HTA.U.TO,20241118,20.58,20.75,20.58,20.7,702
HTAE.TO,20241118,17.37,17.48,17.3,17.4,35961
HTB.TO,20241118,57.82,57.82,57.73,57.8,1203
HTB.U.TO,20241118,41.14,41.14,41.14,41.14,5800
HTL.TO,20241118,2.24,2.25,2.24,2.25,167278
HUBL.TO,20241118,14.4,14.45,14.35,14.41,10708
HUBL.U.TO,20241118,16.19,16.19,16.15,16.15,939
HUC.TO,20241118,20.98,21.26,20.98,21.26,4436
HUG.TO,20241118,20.27,20.34,20.27,20.33,733
HULC.TO,20241118,99.45,99.88,99.43,99.43,1993
HUM.TO,20241118,37.38,37.4,37.38,37.4,200
HUN.TO,20241118,7.24,7.24,7.12,7.2,2442
HURA.TO,20241118,38.91,40.52,38.91,39.99,7562
HUT.TO,20241118,35.48,36.26,33.95,35.08,2358370
HUTE.TO,20241118,10.67,10.69,10.62,10.69,8929
HUTL.TO,20241118,17.75,17.93,17.75,17.89,3177
HUTS.TO,20241118,13.19,13.19,13.08,13.12,1597
HUV.TO,20241118,8.2,8.2,7.82,7.95,300756
HUZ.TO,20241118,13.73,13.86,13.73,13.82,8319
HWO.TO,20241118,1.24,1.24,1.15,1.19,14200
HWX.TO,20241118,6.92,7.15,6.91,7.04,1135383
HXCN.TO,20241118,40.79,40.97,40.79,40.93,5285
HXD.TO,20241118,4.67,4.68,4.63,4.67,423200
HXDM.TO,20241118,46.72,46.78,46.69,46.69,4786
HXE.TO,20241118,37.16,37.5,37.16,37.4,3725
HXEM.TO,20241118,37.29,37.45,37.29,37.45,1106
HXF.TO,20241118,83.47,83.47,83.47,83.47,100
HXH.TO,20241118,54.2,54.2,54.19,54.19,386
HXQ.TO,20241118,82.45,82.89,82.23,82.32,13530
HXQ.U.TO,20241118,58.72,58.83,58.72,58.81,318
HXS.TO,20241118,84.73,84.84,84.45,84.52,34310
HXS.U.TO,20241118,60.14,60.34,60.13,60.32,4395
HXT.TO,20241118,65.01,65.25,64.89,64.99,118985
HXT.U.TO,20241118,46.2,46.44,46.2,46.44,700
HXU.TO,20241118,27.8,27.99,27.77,27.77,29135
HXX.TO,20241118,49.49,49.85,49.49,49.7,2978
HYBR.TO,20241118,9.2,9.2,9.19,9.19,1250
HYLD.TO,20241118,14.02,14.1,13.98,14.1,214039
HYLD.U.TO,20241118,14.54,14.59,14.5,14.57,90479
HZD.TO,20241118,7.3,7.3,7.16,7.23,37360
HZU.TO,20241118,27.96,28.57,27.95,28.35,189696
IAG.TO,20241118,131.7,133.57,130.81,131.58,933658
IAU.TO,20241118,0.54,0.64,0.54,0.63,3755607
IAU.WT.TO,20241118,0.09,0.15,0.09,0.15,81499
ICAE.TO,20241118,22.83,22.83,22.83,22.83,100
ICPB.TO,20241118,9.49,9.51,9.49,9.51,2600
ICTE.TO,20241118,22.8,22.8,22.77,22.77,300
IDIV.B.TO,20241118,13.36,13.4,13.36,13.36,3151
IE.TO,20241118,13.36,13.36,13.05,13.05,957
IFA.TO,20241118,1.25,1.25,1.25,1.25,100
IFC.TO,20241118,265.68,268.87,265.5,268.34,303439
IFC.PR.A.TO,20241118,19.11,19.22,19.11,19.22,2263
IFC.PR.C.TO,20241118,20.15,20.15,20.05,20.1,4100
IFC.PR.E.TO,20241118,21.7,21.71,21.7,21.71,1100
IFC.PR.F.TO,20241118,21.66,21.66,21.66,21.66,1000
IFC.PR.G.TO,20241118,24.01,24.12,24,24.09,2100
IFC.PR.I.TO,20241118,22.61,22.61,22.61,22.61,500
IFP.TO,20241118,18.75,19.82,18.75,19.69,191727
IGAF.TO,20241118,15.42,15.42,15.42,15.42,2900
IGB.TO,20241118,18.37,18.37,18.37,18.37,1100
IGBT.UN.TO,20241118,10.45,10.49,10.45,10.49,200
IGCF.TO,20241118,16.4,16.4,16.4,16.4,1200
IGEO.TO,20241118,14.44,14.49,14.44,14.49,357
IGM.TO,20241118,45.62,46.23,45.57,45.91,371731
IIAE.F.TO,20241118,24.21,24.21,24.21,24.21,1000
III.TO,20241118,2.12,2.12,2.03,2.06,5353
IIMF.TO,20241118,21.02,21.02,21,21,500
IIMF.F.TO,20241118,21.38,21.39,21.38,21.39,300
IIP.UN.TO,20241118,10.85,11.01,10.85,10.92,423460
ILLM.TO,20241118,1.71,1.82,1.71,1.78,21498
IMG.TO,20241118,7.2,7.57,7.18,7.43,2005928
IMO.TO,20241118,104.91,106.45,104.7,105.73,949958
IMP.TO,20241118,1.31,1.59,1.31,1.46,130588
INAI.TO,20241118,27.05,27.05,26.9,26.9,578
INC.UN.TO,20241118,8.66,8.66,8.66,8.66,1125
INCM.TO,20241118,19.07,19.08,19.05,19.05,15027
INE.TO,20241118,8.52,8.69,8.48,8.53,436453
INE.DB.B.TO,20241118,98.85,98.85,98.28,98.28,38000
INE.DB.C.TO,20241118,97.7,97.7,97.7,97.7,8000
INE.PR.A.TO,20241118,14.77,14.77,14.74,14.74,2000
INO.UN.TO,20241118,0.83,0.85,0.8,0.81,38276
INOC.TO,20241118,16,16,16,16,600
IPCO.TO,20241118,14.48,14.78,14.48,14.63,44278
IPO.TO,20241118,1.75,1.8,1.75,1.79,114803
IQD.TO,20241118,33.4,33.43,33.4,33.43,700
IQD.B.TO,20241118,29.31,29.39,29.31,29.36,1300
IS.TO,20241118,15.1,15.19,15.1,15.18,3890
IS.PR.A.TO,20241118,11.11,11.11,11.11,11.11,900
ISIF.TO,20241118,12.02,12.02,12.02,12.02,300
ISO.TO,20241118,3.21,3.43,3.18,3.33,434352
ISV.TO,20241118,27.02,27.62,27.02,27.62,1871
ITH.TO,20241118,0.63,0.63,0.6,0.6,71529
IUAE.F.TO,20241118,22.64,22.64,22.64,22.64,600
IUCE.TO,20241118,28.45,28.45,28.4,28.4,200
IUFR.U.TO,20241118,20.17,20.17,20.17,20.17,100
IUMF.TO,20241118,23.04,23.04,22.99,22.99,1600
IUMF.F.TO,20241118,21.17,21.3,21.17,21.3,400
IUTE.TO,20241118,25.91,25.94,25.91,25.94,450
IVN.TO,20241118,17.78,18.42,17.75,18.34,1369837
IVQ.TO,20241118,0.12,0.12,0.105,0.105,33475
IVQ.DB.U.TO,20241118,56.5,56.5,56.5,56.5,23000
IVQ.DB.V.TO,20241118,56.5,56.5,56,56,76000
JAG.TO,20241118,3.93,4.08,3.86,3.9,163330
JAPN.TO,20241118,48.95,48.95,48.86,48.86,200
JAPN.B.TO,20241118,34.06,34.14,34.04,34.04,12200
JEPI.TO,20241118,26.47,26.47,26.24,26.24,5001
JEPQ.TO,20241118,26.91,26.91,26.71,26.74,25940
JFS.UN.TO,20241118,24.9,24.9,24.82,24.82,300
JOY.TO,20241118,1.99,2.1,1.98,2.06,79622
JWEL.TO,20241118,35.23,35.37,34.97,35.24,40857
K.TO,20241118,13.47,13.73,13.45,13.65,3297474
KBL.TO,20241118,34.96,35.16,34.8,35,6712
KEC.TO,20241118,15.25,15.35,15.15,15.2,7404
KEG.UN.TO,20241118,15.13,15.41,15.13,15.25,15290
KEI.TO,20241118,4.93,5.11,4.91,5.06,19537
KEL.TO,20241118,6.81,6.91,6.75,6.76,329571
KEY.TO,20241118,45.16,45.67,44.96,45.09,2461246
KILO.TO,20241118,38.5,38.59,38.5,38.59,2550
KILO.B.TO,20241118,43.7,43.7,43.48,43.48,9261
KILO.U.TO,20241118,40.52,40.52,40.5,40.5,300
KITS.TO,20241118,9,9.13,8.72,8.72,19360
KLS.TO,20241118,0.14,0.145,0.12,0.125,436608
KMP.UN.TO,20241118,18.13,18.42,18.12,18.34,438787
KNGU.TO,20241118,10.89,10.89,10.89,10.89,500
KNGX.TO,20241118,9.58,9.58,9.58,9.58,1600
KNT.TO,20241118,8.72,9.09,8.7,8.94,683320
KPT.TO,20241118,8.37,8.37,8.2,8.27,13026
KRN.TO,20241118,0.12,0.12,0.1,0.11,13035
KSI.TO,20241118,5,5.01,4.98,4.98,36923
KXS.TO,20241118,164.93,168,162.73,166.25,72822
L.TO,20241118,181.48,181.48,176.9,177.98,388791
L.PR.B.TO,20241118,22.86,22.86,22.85,22.85,3885
LAAC.TO,20241118,4.33,4.52,4.32,4.36,219466
LABS.TO,20241118,0.07,0.07,0.065,0.07,48407
LAC.TO,20241118,5.28,5.3,5.05,5.11,595750
LAM.TO,20241118,0.78,0.83,0.78,0.79,298978
LAS.A.TO,20241118,177.01,177.01,176.5,176.5,819
LB.TO,20241118,28.39,28.75,28.24,28.32,348889
LB.PR.H.TO,20241118,20.88,20.94,20.8,20.8,4861
LBS.TO,20241118,9.22,9.36,9.22,9.35,102007
LBS.PR.A.TO,20241118,10.67,10.82,10.67,10.82,31839
LCFS.TO,20241118,1.02,1.15,0.96,0.97,51434
LCS.TO,20241118,9.88,10.1,9.88,10.04,36919
LCS.PR.A.TO,20241118,10.55,10.61,10.55,10.57,14800
LEAD.B.TO,20241118,24.95,24.95,24.95,24.95,100
LEV.TO,20241118,0.48,0.48,0.4,0.4,850362
LEV.WT.TO,20241118,0.02,0.025,0.02,0.025,2000
LFE.TO,20241118,7.02,7.16,7.02,7.15,30111
LFE.PR.B.TO,20241118,10.52,10.52,10.5,10.5,7000
LGD.TO,20241118,0.295,0.31,0.295,0.3,112100
LGO.TO,20241118,2.73,2.87,2.68,2.73,14136
LIF.TO,20241118,28.99,29.32,28.99,29.27,230086
LIFE.TO,20241118,20.02,20.03,19.98,20,49299
LIFE.B.TO,20241118,24.42,24.42,24.37,24.37,890
LIFE.U.TO,20241118,19.61,19.61,19.6,19.6,1200
LIRC.TO,20241118,5.81,5.9,5.81,5.9,1122
LLHE.TO,20241118,9.41,9.41,8.98,9.21,246387
LLHE.U.TO,20241118,8.72,8.96,8.72,8.96,1997
LLYH.TO,20241118,10.19,10.19,9.82,9.95,9448
LLYH.U.TO,20241118,9.59,9.59,9.54,9.54,10231
LMAX.TO,20241118,15.43,15.43,15.37,15.37,23066
LN.TO,20241118,0.465,0.475,0.46,0.475,33500
LNF.TO,20241118,26.8,27.2,26.8,27.04,13665
LNR.TO,20241118,61.1,62.15,60.22,60.61,120356
LPAY.TO,20241118,26.64,26.67,26.6,26.67,6411
LPAY.U.TO,20241118,19.05,19.05,19.05,19.05,1500
LSPD.TO,20241118,24.35,25.18,24.35,24.59,649246
LSPK.TO,20241118,0.32,0.37,0.32,0.37,20500
LUC.TO,20241118,0.425,0.465,0.415,0.46,938275
LUG.TO,20241118,30.8,31.72,30.75,31.26,243715
LUN.TO,20241118,13.65,14.01,13.43,13.98,2699497
MAG.TO,20241118,21.77,22.48,21.6,22.1,163572
MAL.TO,20241118,10.51,10.84,10.51,10.82,5484
MARI.TO,20241118,4.55,4.8,4.52,4.8,9926
MART.TO,20241118,20.03,20.05,19.92,19.92,1301
MATR.TO,20241118,13.38,13.48,12.93,13.15,431832
MBAL.TO,20241118,25.29,25.29,25.22,25.22,6018
MBX.TO,20241118,0.315,0.32,0.315,0.32,25704
MCAD.TO,20241118,100.24,100.24,100.23,100.23,1098
MCB.TO,20241118,3.14,3.19,3.06,3.06,56625
MCLC.TO,20241118,42,42.22,42,42.22,200
MCLV.TO,20241118,22.61,22.72,22.61,22.68,1835
MCON.TO,20241118,22.2,22.22,22.2,22.22,908
MCSB.TO,20241118,19.69,19.69,19.69,19.69,2800
MCSM.TO,20241118,42.1,42.22,42.1,42.22,997
MDA.TO,20241118,25.83,26.34,24.95,25.7,774412
MDI.TO,20241118,8.42,8.6,8.42,8.6,27541
MDIV.TO,20241118,18.24,18.28,18.2,18.2,2761
MDNA.TO,20241118,1.47,1.63,1.46,1.61,76200
MDP.TO,20241118,2.15,2.3,2.15,2.24,41950
MEG.TO,20241118,25.46,25.86,25.39,25.71,1082291
MEQ.TO,20241118,199.41,199.96,198,198,2756
MEQT.TO,20241118,25.22,25.22,25.22,25.22,434
MFC.TO,20241118,45.72,45.9,45.27,45.33,9445366
MFC.PR.B.TO,20241118,20.18,20.28,20.18,20.28,1102
MFC.PR.C.TO,20241118,19.29,19.89,19.29,19.89,5296
MFC.PR.F.TO,20241118,16.33,16.33,16.33,16.33,2400
MFC.PR.I.TO,20241118,24.23,24.23,24.23,24.23,370
MFC.PR.J.TO,20241118,24.1,24.2,24.1,24.15,1200
MFC.PR.K.TO,20241118,24.44,24.49,24.41,24.41,1959
MFC.PR.L.TO,20241118,23.21,23.22,23.21,23.22,700
MFC.PR.M.TO,20241118,22.05,22.11,21.95,21.95,2200
MFC.PR.N.TO,20241118,21.33,21.33,21.33,21.33,100
MFC.PR.P.TO,20241118,16.93,17,16.9,17,728
MFC.PR.Q.TO,20241118,24.12,24.12,24.07,24.08,3500
MFI.TO,20241118,22.51,22.85,22.42,22.54,117046
MFT.TO,20241118,17.14,17.18,17.14,17.18,6569
MG.TO,20241118,62.03,62.81,61.26,61.3,2803841
MGA.TO,20241118,0.35,0.37,0.335,0.365,1296493
MGB.TO,20241118,16.24,16.35,16.24,16.35,6100
MGDV.TO,20241118,22.01,22.01,21.81,21.82,10550
MGQE.TO,20241118,22.32,22.4,22.25,22.29,8780
MGRW.TO,20241118,28.75,28.75,28.63,28.63,1703
MHC.U.TO,20241118,15.3,15.5,15.2,15.4,11043
MHC.UN.TO,20241118,21.3,21.75,21.3,21.75,1600
MHCD.TO,20241118,11.53,11.57,11.53,11.56,3838
MI.UN.TO,20241118,14.03,14.36,14.03,14.3,76732
MIC.PR.A.TO,20241118,21.11,21.11,21.1,21.1,900
MID.UN.TO,20241118,7.6,7.61,7.6,7.6,9800
MINN.TO,20241118,22.01,22.01,22.01,22.01,798
MIQE.TO,20241118,20.48,20.48,20.48,20.48,1300
MKB.TO,20241118,19.22,19.3,19.22,19.29,15430
MKP.TO,20241118,19.57,19.7,19.53,19.57,29539
MKZ.UN.TO,20241118,0.52,0.52,0.51,0.51,6450
MMP.UN.TO,20241118,1.78,1.85,1.78,1.85,1331
MND.TO,20241118,3.39,3.5,3.37,3.39,48941
MNO.TO,20241118,0.425,0.44,0.42,0.43,142209
MNS.TO,20241118,24.02,24.02,23.99,24,710
MNT.TO,20241118,37.51,37.93,37.51,37.91,3995
MNU.U.TO,20241118,100.27,100.27,100.25,100.26,1870
MNXT.TO,20241118,21.34,21.34,21.33,21.33,3300
MNY.TO,20241118,100.22,100.23,100.22,100.23,10205
MOGO.TO,20241118,1.82,2.1,1.81,2.04,81900
MORE.TO,20241118,21.36,21.51,21.35,21.45,17016
MPAY.TO,20241118,27.05,27.05,26.98,26.98,4729
MPAY.U.TO,20241118,19.25,19.25,19.25,19.25,200
MPC.TO,20241118,5.44,5.44,5.3,5.3,400
MPCT.DB.A.TO,20241118,95,95,95,95,10000
MPCT.UN.TO,20241118,4.18,4.44,4.18,4.36,41367
MPVD.TO,20241118,0.125,0.13,0.125,0.125,65296
MPY.TO,20241118,10.15,10.15,10.15,10.15,1700
MR.UN.TO,20241118,4.85,4.85,4.75,4.75,16727
MRC.TO,20241118,119.94,120.05,116.59,116.59,1687
MRD.TO,20241118,13.25,13.32,13.25,13.29,3352
MRE.TO,20241118,9.7,10,9.7,9.88,166415
MREL.TO,20241118,12.59,12.64,12.58,12.63,6276
MRG.UN.TO,20241118,18.75,18.75,18.51,18.52,24295
MRT.DB.A.TO,20241118,98.52,98.52,98.25,98.25,53000
MRT.UN.TO,20241118,5.5,5.63,5.5,5.63,22204
MRU.TO,20241118,86.73,86.75,85.62,85.99,924408
MSA.TO,20241118,1.28,1.33,1.28,1.32,110790
MSCL.TO,20241118,0.85,0.85,0.8,0.81,10420
MSFH.TO,20241118,12.06,12.08,11.98,11.98,3970
MSHE.TO,20241118,11.98,12.05,11.92,11.94,14787
MSHE.U.TO,20241118,11.6,11.6,11.6,11.6,362
MSV.TO,20241118,0.18,0.185,0.18,0.185,21300
MTAV.TO,20241118,29.76,29.76,29.76,29.76,102
MTL.TO,20241118,15.41,15.6,15.39,15.48,104697
MTL.DB.TO,20241118,118,118,118,118,18000
MTY.TO,20241118,46.32,46.71,46.1,46.65,29511
MUB.TO,20241118,18.45,18.46,18.42,18.46,15700
MULC.TO,20241118,53.15,53.15,53.15,53.15,100
MULC.B.TO,20241118,60.65,60.65,60.47,60.47,423
MULV.TO,20241118,22.55,22.55,22.55,22.55,200
MUMC.TO,20241118,46.07,46.07,46.07,46.07,100
MUMC.B.TO,20241118,52.95,52.95,52.86,52.86,200
MUSC.B.TO,20241118,43.46,43.74,43.46,43.74,400
MUX.TO,20241118,12.31,12.56,12,12.05,29995
MWLV.TO,20241118,23.33,23.33,23.31,23.31,3781
MX.TO,20241118,60.09,61.84,60.09,61.74,114504
MXG.TO,20241118,5.48,5.69,5.18,5.22,27904
NA.TO,20241118,133.52,135.25,133.02,135.2,1188912
NA.PR.C.TO,20241118,26.33,26.34,26.3,26.3,8680
NA.PR.E.TO,20241118,24.6,24.6,24.52,24.55,2900
NA.PR.G.TO,20241118,26,26.05,25.96,25.96,5899
NA.PR.S.TO,20241118,24.88,24.94,24.88,24.94,1509
NA.PR.W.TO,20241118,23.65,23.66,23.65,23.65,5429
NA.R.TO,20241118,132.4,133.66,132.11,133.66,4654
NALT.TO,20241118,22.22,22.22,22.11,22.22,8625
NANO.TO,20241118,0.82,0.83,0.76,0.79,160930
NCF.TO,20241118,0.03,0.04,0.03,0.04,364593
NDM.TO,20241118,0.64,0.72,0.64,0.67,429827
NEO.TO,20241118,7.99,8.1,7.89,7.95,40120
NEXT.TO,20241118,0.53,0.56,0.52,0.56,22149
NFAM.TO,20241118,32.83,32.83,32.83,32.83,200
NFI.TO,20241118,15.06,15.43,15.03,15.08,219962
NFI.DB.TO,20241118,95.06,96,94.78,95.5,131000
NG.TO,20241118,4.92,5.14,4.87,4.94,266061
NGD.TO,20241118,3.69,3.78,3.69,3.73,1035183
NGEX.TO,20241118,11.88,12.24,11.7,12.23,229668
NGPE.TO,20241118,52.83,52.83,52.28,52.42,17335
NGT.TO,20241118,59.15,59.59,58.82,59.37,215911
NINT.TO,20241118,25.92,25.95,25.92,25.95,200
NOA.TO,20241118,28.55,28.55,27.5,27.53,48379
NOVB.F.TO,20241118,43.29,43.29,43.29,43.29,2000
NPI.TO,20241118,20.19,20.5,20.05,20.23,871199
NPI.PR.A.TO,20241118,17.59,17.59,17.5,17.5,1130
NPI.PR.B.TO,20241118,18.41,18.41,18.18,18.18,414
NPK.TO,20241118,0.66,0.66,0.62,0.62,64132
NPRF.TO,20241118,23.02,23.03,23,23,3000
NPS.TO,20241118,13.7,13.7,13.6,13.6,1945
NREA.TO,20241118,22.66,22.66,22.65,22.65,5200
NRGY.TO,20241118,20.44,20.47,20.44,20.47,1300
NRR.UN.TO,20241118,15.73,15.85,15.3,15.35,22527
NSCB.TO,20241118,22.58,22.6,22.58,22.6,200
NSCC.TO,20241118,22.42,22.46,22.42,22.43,1000
NSCE.TO,20241118,43.55,43.55,43.55,43.55,125
NSGE.TO,20241118,41.66,41.66,41.66,41.66,100
NSSB.TO,20241118,10.11,10.11,10.11,10.11,6500
NTR.TO,20241118,64.58,64.95,63.51,63.91,1221304
NUAG.TO,20241118,2.16,2.21,2.15,2.2,37572
NUBF.TO,20241118,21.11,21.12,21.11,21.12,2000
NUMI.TO,20241118,0.04,0.04,0.03,0.035,2901965
NUSA.TO,20241118,45.17,45.17,44.81,44.85,1685
NVA.TO,20241118,13.22,13.37,13.15,13.15,1201025
NVDH.TO,20241118,12.7,12.77,12.5,12.69,220837
NVDH.U.TO,20241118,12.43,12.43,12.34,12.34,881
NVEI.TO,20241118,47.74,47.87,47.58,47.61,133188
NVHE.TO,20241118,12.73,12.84,12.45,12.69,170918
NVHE.U.TO,20241118,12.09,12.48,12.09,12.33,6537
NVO.TO,20241118,0.08,0.085,0.08,0.08,129919
NWC.TO,20241118,53.77,53.8,52.91,53,78396
NWH.DB.G.TO,20241118,100.9,100.9,100.9,100.9,4000
NWH.DB.H.TO,20241118,94,94.5,93.52,94.5,113000
NWH.DB.I.TO,20241118,95.76,96,95.76,96,13000
NWH.UN.TO,20241118,4.95,4.97,4.85,4.89,1002583
NXE.TO,20241118,10.68,11.37,10.68,11.11,4745837
NXF.TO,20241118,5.83,5.9,5.83,5.88,26305
NXF.B.TO,20241118,7.84,7.88,7.84,7.87,2775
NXR.UN.TO,20241118,8,8.17,8,8.14,129330
OBE.TO,20241118,7.82,8.04,7.81,7.95,179493
OGC.TO,20241118,3.96,4.2,3.91,4.12,2145016
OGI.TO,20241118,2.05,2.12,2.05,2.07,152350
OLA.TO,20241118,5.9,6.27,5.87,5.99,648171
OLY.TO,20241118,104.54,106.75,104.54,106.6,3538
ONC.TO,20241118,1.38,1.4,1.37,1.39,17762
ONEX.TO,20241118,112.69,113.31,111.36,111.63,192285
OR.TO,20241118,26.77,27.07,26.54,26.83,218645
ORA.TO,20241118,15.98,16.38,15.72,16.09,51181
ORE.TO,20241118,0.65,0.67,0.62,0.63,394019
ORV.TO,20241118,0.34,0.365,0.34,0.365,15300
OTEX.TO,20241118,40.59,40.72,39.3,39.59,845329
OVV.TO,20241118,62.33,63.71,62.33,63.03,148085
PAAS.TO,20241118,31.21,32.16,31.21,31.81,848284
PABF.TO,20241118,23.53,23.57,23.53,23.57,7100
PACF.TO,20241118,22.99,22.99,22.99,22.99,16400
PAGF.TO,20241118,24.55,24.55,24.51,24.54,18300
PAY.TO,20241118,2.17,2.2,2.11,2.12,171280
PAYF.TO,20241118,19.16,19.16,19.16,19.16,2804
PAYS.TO,20241118,19.7,19.7,19.7,19.7,2600
PBD.TO,20241118,16.66,16.66,16.66,16.66,600
PBH.TO,20241118,80.23,81.44,80.23,81.26,88872
PBH.DB.G.TO,20241118,99.8,99.8,99.8,99.8,4000
PBH.DB.H.TO,20241118,94.5,94.5,94.26,94.5,58000
PBH.DB.I.TO,20241118,97,97.09,97,97,239000
PBI.TO,20241118,46.18,46.34,46.18,46.34,200
PBL.TO,20241118,25.9,26.05,25.32,25.32,7791
PBY.UN.TO,20241118,15.43,15.5,15.41,15.45,9015
PCOR.TO,20241118,18.35,18.35,18.35,18.35,526
PD.TO,20241118,87.78,90,87.78,88.33,125351
PDC.TO,20241118,34.58,34.84,34.58,34.71,8262
PDF.TO,20241118,33.53,33.71,33.53,33.67,3635
PDIV.TO,20241118,9.59,9.59,9.5,9.51,8388
PEA.TO,20241118,0.23,0.23,0.22,0.225,56444
PET.TO,20241118,26.1,26.43,25.98,26.04,56960
PEY.TO,20241118,15.6,15.85,15.55,15.75,909571
PFAA.TO,20241118,11.75,11.76,11.73,11.75,21800
PFAE.TO,20241118,20.95,20.95,20.95,20.95,100
PFCB.TO,20241118,10.59,10.59,10.52,10.52,834
PFH.F.TO,20241118,18.01,18.01,18.01,18.01,100
PFIA.TO,20241118,10.03,10.03,10,10.03,31900
PFL.TO,20241118,19.55,19.58,19.55,19.56,11519
PFLS.TO,20241118,18.65,18.65,18.57,18.64,2506
PFMN.TO,20241118,15.28,15.31,15.25,15.31,6729
PGI.UN.TO,20241118,7.58,7.64,7.54,7.62,30596
PGIC.TO,20241118,7.15,7.2,7.06,7.06,621
PGIC.PR.A.TO,20241118,10.16,10.16,10.16,10.16,501
PHR.TO,20241118,19.73,19.73,19.73,19.73,200
PHX.TO,20241118,9.53,9.79,9.53,9.76,38464
PHYS.TO,20241118,28.16,28.2,28.07,28.11,38677
PHYS.U.TO,20241118,19.64,19.64,19.64,19.64,129
PIC.A.TO,20241118,6.44,6.47,6.29,6.36,110805
PIC.PR.A.TO,20241118,15.4,15.42,15.39,15.39,17086
PID.TO,20241118,23.34,23.44,23.34,23.43,3500
PIF.TO,20241118,12.63,12.69,12.48,12.52,74233
PIN.TO,20241118,17.84,17.89,17.84,17.89,7000
PINC.TO,20241118,18.67,18.67,18.64,18.64,400
PINV.TO,20241118,23.27,23.27,23.27,23.27,200
PIX.UN.TO,20241118,8.5,8.5,8.46,8.49,8044
PKI.TO,20241118,33.6,34.7,33.6,34.47,541637
PLDI.TO,20241118,18.89,18.89,18.83,18.83,1700
PLV.TO,20241118,25.18,25.18,25.18,25.18,1000
PLZ.UN.TO,20241118,3.72,3.76,3.72,3.74,40552
PME.TO,20241118,2.29,2.44,2.29,2.44,3700
PMET.TO,20241118,2.67,2.71,2.57,2.6,393051
PMIF.TO,20241118,18.01,18.04,17.99,18.04,101160
PMIF.U.TO,20241118,19.27,19.3,19.26,19.27,5400
PMM.TO,20241118,24.18,24.18,24.18,24.18,400
PMNT.TO,20241118,19.29,19.29,19.23,19.23,599
PMZ.UN.TO,20241118,15.78,16.06,15.78,16,99834
PNC.B.TO,20241118,1.28,1.28,1.2,1.2,240
PNE.TO,20241118,0.82,0.83,0.8,0.81,133732
PNP.TO,20241118,11.35,11.42,11.2,11.42,11771
POU.TO,20241118,31.17,31.63,30.81,31.01,792646
POW.TO,20241118,45.65,45.86,45.35,45.7,1231033
POW.PR.A.TO,20241118,22.88,22.88,22.76,22.76,200
POW.PR.B.TO,20241118,21.75,21.75,21.7,21.73,4000
POW.PR.D.TO,20241118,20.4,20.44,20.19,20.19,2600
POW.PR.G.TO,20241118,22.7,22.7,22.58,22.58,2381
PPL.TO,20241118,58.5,59.1,58.48,58.6,4489244
PPL.PF.A.TO,20241118,23.35,23.42,23.3,23.42,8161
PPL.PF.E.TO,20241118,24.69,24.85,24.45,24.45,11239
PPL.PR.A.TO,20241118,22.26,22.26,22.2,22.2,2800
PPL.PR.C.TO,20241118,20.65,20.7,20.65,20.7,1521
PPL.PR.E.TO,20241118,22.69,22.75,22.69,22.75,29950
PPL.PR.G.TO,20241118,21.15,21.16,21.15,21.15,3400
PPL.PR.I.TO,20241118,23.84,23.84,23.84,23.84,1100
PPL.PR.O.TO,20241118,21.41,21.41,21.37,21.37,500
PPL.PR.Q.TO,20241118,22.71,22.71,22.65,22.66,5600
PPL.PR.S.TO,20241118,24.66,24.68,24.66,24.68,900
PPLN.TO,20241118,11.72,11.78,11.72,11.76,1201
PPR.TO,20241118,0.03,0.03,0.03,0.03,111259
PPTA.TO,20241118,14.15,14.24,13.24,13.38,163071
PR.TO,20241118,9.53,9.54,9.53,9.54,16400
PRA.TO,20241118,28.98,28.98,28.98,28.98,1000
PRB.TO,20241118,1.54,1.59,1.51,1.59,128704
PREF.TO,20241118,10.58,10.59,10.56,10.58,26182
PRL.TO,20241118,35.73,39.24,35.73,38.39,296116
PRM.TO,20241118,13.06,13.1,13.06,13.1,485
PRM.PR.A.TO,20241118,9.99,9.99,9.99,9.99,500
PRN.TO,20241118,11.13,11.13,10.95,11.07,6050
PRP.TO,20241118,19.83,19.85,19.83,19.85,600
PRQ.TO,20241118,1.44,1.51,1.43,1.45,133052
PRU.TO,20241118,2.33,2.36,2.32,2.32,54816
PRV.DB.TO,20241118,101.5,101.5,101.5,101.5,19000
PRV.UN.TO,20241118,5.76,5.76,5.66,5.67,25490
PRYM.TO,20241118,1.44,1.56,1.39,1.55,896133
PSA.TO,20241118,50.11,50.11,50.1,50.11,86514
PSB.TO,20241118,17.75,17.76,17.75,17.76,1400
PSD.TO,20241118,2.18,2.32,2.18,2.18,8870
PSI.TO,20241118,14.68,15.07,14.68,14.82,105210
PSK.TO,20241118,29,29.77,28.9,29.59,239501
PSLV.TO,20241118,14.58,14.77,14.58,14.68,108353
PSLV.U.TO,20241118,10.46,10.47,10.46,10.47,366
PSU.U.TO,20241118,100.25,100.26,100.25,100.26,8841
PTI.UN.TO,20241118,7.15,7.15,7.07,7.11,9000
PTM.TO,20241118,2.3,2.53,2.28,2.45,49443
PTO.UN.TO,20241118,7.78,7.79,7.68,7.79,3713
PVS.PR.G.TO,20241118,25.33,25.35,25.3,25.34,1800
PVS.PR.H.TO,20241118,25,25.2,25,25.19,4100
PVS.PR.I.TO,20241118,25.23,25.39,25.22,25.3,2500
PVS.PR.J.TO,20241118,24.9,24.95,24.86,24.94,2600
PVS.PR.K.TO,20241118,25.1,25.18,25.07,25.1,7300
PVS.PR.L.TO,20241118,25.7,25.83,25.7,25.7,6400
PWF.PF.A.TO,20241118,18.38,18.55,18.33,18.54,8900
PWF.PR.A.TO,20241118,13.15,13.15,13,13.02,605
PWF.PR.E.TO,20241118,22,22.16,22,22.16,2700
PWF.PR.F.TO,20241118,21.27,21.27,21.17,21.17,300
PWF.PR.G.TO,20241118,23.89,23.89,23.67,23.87,768
PWF.PR.H.TO,20241118,23.1,23.23,23.1,23.12,2201
PWF.PR.K.TO,20241118,20.05,20.15,20.05,20.1,4000
PWF.PR.L.TO,20241118,20.64,20.64,20.47,20.54,800
PWF.PR.O.TO,20241118,23.25,23.39,23.24,23.28,2300
PWF.PR.P.TO,20241118,15.37,15.37,15.2,15.2,4150
PWF.PR.Q.TO,20241118,16,16,16,16,200
PWF.PR.R.TO,20241118,22.21,22.25,22.2,22.25,5899
PWF.PR.S.TO,20241118,19.63,19.63,19.62,19.62,1100
PWF.PR.T.TO,20241118,22.1,22.1,22.1,22.1,200
PWF.PR.Z.TO,20241118,20.76,20.93,20.7,20.77,900
PWI.TO,20241118,9.78,9.93,9.78,9.88,10818
PXC.TO,20241118,42.54,42.54,42.45,42.45,4904
PXT.TO,20241118,15.05,15.7,15.02,15.11,858186
PXU.F.TO,20241118,65.25,65.25,65.25,65.25,100
PYF.TO,20241118,17.5,17.51,17.5,17.5,4800
PYF.U.TO,20241118,20.07,20.07,20.07,20.07,400
PYR.TO,20241118,0.7,0.7,0.64,0.64,167376
PZA.TO,20241118,13.32,13.37,13.21,13.3,52746
PZW.TO,20241118,35.55,35.74,35.55,35.72,1064
QAH.TO,20241118,194.89,194.9,194.69,194.69,715
QASH.TO,20241118,50.38,50.4,50.38,50.4,2610
QBB.TO,20241118,93.27,93.48,93.27,93.4,1000
QBR.A.TO,20241118,32.06,32.06,32.06,32.06,250
QBR.B.TO,20241118,31.8,32.03,31.31,31.38,1293008
QBTC.TO,20241118,126.88,128.36,123.16,125.24,36879
QBTC.U.TO,20241118,93.99,93.99,88.38,89.44,4375
QBTL.TO,20241118,19.82,19.82,19.74,19.74,600
QCE.TO,20241118,152.71,152.71,152.24,152.38,400
QCN.TO,20241118,152.18,152.5,152.18,152.5,5673
QDX.TO,20241118,117.78,117.78,117.78,117.78,3311
QDXB.TO,20241118,89.28,89.28,89.27,89.27,200
QDXH.TO,20241118,132.52,132.52,132.52,132.52,100
QEBH.TO,20241118,78.47,78.47,78.47,78.47,200
QEBL.TO,20241118,75.49,75.7,75.49,75.7,308
QEC.TO,20241118,0.26,0.28,0.26,0.26,32000
QEE.TO,20241118,95.15,95.44,94.76,94.76,1000
QETH.U.TO,20241118,48.35,49.12,48.31,48.43,4354
QETH.UN.TO,20241118,66.65,69,66.64,68.02,7483
QINF.TO,20241118,141.03,141.59,140.96,140.96,400
QIPT.TO,20241118,3.62,3.65,3.44,3.44,53154
QMAX.TO,20241118,21.16,21.3,21.12,21.19,28139
QQC.TO,20241118,34.31,34.44,34.16,34.23,34022
QQC.F.TO,20241118,161.78,163.4,161.78,162.76,7668
QQCC.TO,20241118,12.75,12.75,12.54,12.65,113401
QQCE.TO,20241118,29.05,29.09,29.05,29.06,313
QQCI.TO,20241118,21.9,21.9,21.88,21.89,1620
QQCL.TO,20241118,24.38,24.38,24.14,24.2,28726
QQEQ.TO,20241118,27.86,27.86,27.86,27.86,233
QQEQ.F.TO,20241118,23.32,23.36,23.32,23.36,200
QQJE.TO,20241118,20.48,20.48,20.39,20.4,800
QQQL.TO,20241118,23.62,23.62,23.62,23.62,125
QQQT.TO,20241118,29.56,29.82,29.56,29.8,1227
QQQT.B.TO,20241118,32.15,32.15,32.15,32.15,2256
QQQT.U.TO,20241118,30.19,30.19,30.19,30.19,800
QQQX.TO,20241118,31.48,31.64,31.41,31.48,5200
QQQX.U.TO,20241118,22.32,22.53,22.32,22.45,21800
QQQY.TO,20241118,25.48,25.76,25.46,25.7,170351
QRC.TO,20241118,0.73,0.76,0.73,0.76,67500
QSP.UN.TO,20241118,97.38,97.38,97.38,97.38,100
QSR.TO,20241118,95.08,97.49,95.08,96.61,410993
QTRH.TO,20241118,1.67,1.67,1.59,1.59,117851
QUB.TO,20241118,80.88,80.88,80.88,80.88,100
QUIG.TO,20241118,85.64,85.72,85.64,85.72,2200
QUS.TO,20241118,59.71,59.71,59.71,59.71,200
QUU.TO,20241118,238.45,238.45,237.89,238.12,569
QUU.U.TO,20241118,169.77,169.77,169.77,169.77,100
QXM.TO,20241118,31.66,31.66,31.5,31.59,364
RATE.TO,20241118,21.14,21.14,21.13,21.14,1134
RAY.A.TO,20241118,8.21,8.32,8.21,8.3,25720
RAY.B.TO,20241118,8.3,8.3,8.1,8.1,785
RBA.TO,20241118,130.72,133.11,130.51,131.88,192322
RBN.UN.TO,20241118,8.4,8.5,8.38,8.5,2770
RBNK.TO,20241118,27.95,28.15,27.94,28.12,11054
RBOT.TO,20241118,30.76,31.1,30.76,31.1,494
RBY.TO,20241118,2.13,2.18,2.06,2.14,27100
RCD.TO,20241118,29.6,29.65,29.6,29.61,1544
RCDC.TO,20241118,21.69,21.69,21.69,21.69,135
RCG.TO,20241118,6.92,7.18,6.92,7.18,4278
RCG.PR.B.TO,20241118,12.65,12.65,12.65,12.65,2000
RCH.TO,20241118,38.34,38.65,38.13,38.36,60135
RCI.A.TO,20241118,53.26,55,51.77,53,3450
RCI.B.TO,20241118,50.26,50.95,49.88,50.03,1746638
RDBH.TO,20241118,20.47,20.47,20.47,20.47,1176
REAL.TO,20241118,6.89,6.96,6.73,6.81,87784
REI.UN.TO,20241118,19.01,19.22,19.01,19.08,482789
RGQN.TO,20241118,20.53,20.53,20.52,20.52,1068
RID.TO,20241118,26.15,26.15,26.15,26.15,100
RIDH.TO,20241118,28.59,28.68,28.57,28.68,1800
RING.TO,20241118,19.84,19.84,19.7,19.7,5809
RIRA.TO,20241118,18.15,18.17,18.11,18.15,1600
RIT.TO,20241118,16.4,16.55,16.4,16.53,8211
RLB.TO,20241118,18.68,18.68,18.68,18.68,400
RMAX.TO,20241118,17.65,17.67,17.61,17.67,2676
ROOT.TO,20241118,2.23,2.23,2.15,2.16,3000
RPF.TO,20241118,20.8,20.88,20.8,20.83,4336
RPI.UN.TO,20241118,29.94,29.94,29.6,29.6,1623
RPSB.TO,20241118,19.95,19.95,19.94,19.94,200
RQN.TO,20241118,20.51,20.51,20.49,20.5,15555
RQO.TO,20241118,18.67,18.67,18.66,18.67,13838
RQP.TO,20241118,18.22,18.22,18.21,18.22,9687
RQQ.TO,20241118,21.86,21.87,21.86,21.86,3500
RQR.TO,20241118,21.82,21.82,21.8,21.81,4000
RQS.TO,20241118,21.06,21.08,21.05,21.08,1500
RS.TO,20241118,12,12.14,11.88,12.04,74278
RS.PR.A.TO,20241118,10.11,10.17,10.1,10.17,19046
RSI.TO,20241118,5.66,5.7,5.66,5.66,100262
RSI.DB.E.TO,20241118,99.86,99.86,99.85,99.85,68000
RSI.DB.F.TO,20241118,100.03,100.03,100,100,15000
RTG.TO,20241118,0.03,0.03,0.025,0.025,6000
RUBY.TO,20241118,26.2,26.2,26.06,26.06,300
RUBY.U.TO,20241118,18.57,18.57,18.57,18.57,1800
RUD.TO,20241118,25.37,25.39,25.3,25.31,11948
RUD.U.TO,20241118,18.04,18.04,18.04,18.04,200
RUDB.TO,20241118,21.61,21.61,21.61,21.61,233
RUDB.U.TO,20241118,15.27,15.28,15.27,15.28,1100
RUDC.TO,20241118,22.76,22.76,22.76,22.76,400
RUP.TO,20241118,4.39,4.39,4.11,4.14,49225
RUQN.TO,20241118,20.89,20.89,20.89,20.89,200
RUQO.TO,20241118,20.97,20.97,20.97,20.97,475
RUS.TO,20241118,43.28,43.33,42.77,42.82,125918
RUSB.TO,20241118,21.63,21.63,21.59,21.59,1000
RVX.TO,20241118,0.06,0.06,0.06,0.06,4000
RY.TO,20241118,171.05,171.83,170.39,171.6,3728124
RY.PR.J.TO,20241118,24.51,24.52,24.5,24.5,9400
RY.PR.M.TO,20241118,24.26,24.26,24.2,24.2,2073
RY.PR.O.TO,20241118,24,24.02,24,24.02,1200
RY.PR.S.TO,20241118,25.6,25.6,25.54,25.54,1238
S.TO,20241118,0.175,0.18,0.175,0.18,100831
SAFE.TO,20241118,20.6,20.61,20.6,20.61,1825
SAM.TO,20241118,0.125,0.145,0.125,0.145,2200
SAP.TO,20241118,26.22,26.48,26.04,26.24,619020
SBC.TO,20241118,10.34,10.4,10.21,10.3,26294
SBC.PR.A.TO,20241118,10.9,10.91,10.78,10.91,8969
SBI.TO,20241118,1.52,1.6,1.52,1.59,3679
SBT.B.TO,20241118,23,23.09,23,23.07,1500
SCR.TO,20241118,32.19,32.6,32,32.39,89732
SCY.TO,20241118,0.02,0.02,0.015,0.015,167000
SDE.TO,20241118,3.32,3.43,3.3,3.41,350265
SEA.TO,20241118,20.63,21.01,20.5,20.61,89561
SES.TO,20241118,16.65,16.79,16.55,16.69,895008
SFC.TO,20241118,6.04,6.05,5.97,6.04,22600
SFC.WT.TO,20241118,0.005,0.005,0.005,0.005,1000
SFD.TO,20241118,0.175,0.175,0.16,0.16,29007
SFI.TO,20241118,0.28,0.28,0.28,0.28,10000
SFTC.TO,20241118,21.49,21.95,21.2,21.93,9890
SGLD.TO,20241118,0.21,0.215,0.205,0.205,120000
SGNL.TO,20241118,0.075,0.08,0.07,0.075,1017899
SGR.U.TO,20241118,10.01,10.02,10.01,10.02,1688
SGR.UN.TO,20241118,13.93,14.2,13.9,14.17,158163
SGY.TO,20241118,5.68,5.78,5.65,5.75,390765
SHLE.TO,20241118,16.74,17.5,16.67,17,53233
SHOP.TO,20241118,153.2,153.58,148.39,148.49,1902005
SIA.TO,20241118,16.43,16.63,16.37,16.53,211560
SIH.UN.TO,20241118,13.1,13.1,13.1,13.1,1000
SII.TO,20241118,58.87,61.75,58.87,60.22,52094
SIL.TO,20241118,14.1,14.65,14.08,14.45,153044
SIS.TO,20241118,22.06,22.35,22.06,22.27,64229
SJ.TO,20241118,68.34,71.1,68.01,69.86,354832
SKE.TO,20241118,11.33,12.18,11.33,11.94,557058
SKYY.TO,20241118,28.52,28.69,28.49,28.49,400
SLF.TO,20241118,84.88,85.36,84.58,85.05,1317794
SLF.PR.C.TO,20241118,20.41,20.41,20.25,20.26,828
SLF.PR.D.TO,20241118,19.99,20.05,19.99,20.05,4500
SLF.PR.H.TO,20241118,18.44,18.44,18.44,18.44,600
SLF.PR.J.TO,20241118,16.3,16.3,16.2,16.22,32000
SLF.PR.K.TO,20241118,18.8,19.2,18.8,19,39450
SLR.TO,20241118,0.8,0.81,0.8,0.81,13500
SLS.TO,20241118,3.4,3.46,3.29,3.44,265536
SMAX.TO,20241118,20.06,20.06,19.95,19.97,25330
SMT.TO,20241118,0.67,0.69,0.65,0.65,381565
SOBO.TO,20241118,36.05,36.21,35.33,35.65,937995
SOIL.TO,20241118,2.11,2.13,2.09,2.1,103953
SOLG.TO,20241118,0.145,0.145,0.145,0.145,893740
SOT.DB.A.TO,20241118,40,40,40,40,25000
SOT.DB.B.TO,20241118,40.1,40.1,40,40,15000
SOT.UN.TO,20241118,0.495,0.5,0.47,0.47,142068
SOY.TO,20241118,10.24,10.55,10.22,10.45,24168
SPAY.TO,20241118,27.35,27.35,27.23,27.24,27119
SPAY.U.TO,20241118,19.44,19.44,19.44,19.44,109427
SPB.TO,20241118,6.28,6.49,6.27,6.42,1179511
SPLT.TO,20241118,10.91,10.95,10.9,10.95,84069
SPPP.TO,20241118,13.35,13.69,13.35,13.65,63785
SRU.UN.TO,20241118,25.61,25.75,25.37,25.49,305147
SRV.UN.TO,20241118,12.81,12.9,12.72,12.78,2854
SSF.UN.TO,20241118,7.08,7.08,7.01,7.01,7100
SSL.TO,20241118,7.76,7.84,7.69,7.75,201028
SSRM.TO,20241118,8,8.15,7.85,7.91,471046
STC.TO,20241118,8.89,8.89,8.66,8.75,4536
STCK.TO,20241118,10.26,10.38,10.12,10.31,6500
STEP.TO,20241118,5.03,5.08,5.02,5.04,264139
STGO.TO,20241118,0.68,0.68,0.67,0.67,35450
STLR.TO,20241118,0.91,0.93,0.91,0.91,191583
STN.TO,20241118,115.43,116.19,115.03,115.66,199150
STPL.TO,20241118,23.43,23.68,23.43,23.57,5725
SU.TO,20241118,57.44,57.69,56.92,57.2,13006510
SVA.TO,20241118,0.24,0.245,0.235,0.24,42912
SVB.TO,20241118,0.125,0.125,0.125,0.125,3488
SVI.TO,20241118,3.86,3.91,3.83,3.86,260393
SVI.DB.TO,20241118,99.95,99.95,99.95,99.95,5000
SVI.DB.B.TO,20241118,97.31,97.31,97,97,24000
SVI.DB.C.TO,20241118,94.4,94.45,94,94,360000
SVM.TO,20241118,5.63,5.81,5.62,5.72,654922
SVR.TO,20241118,14.86,15.03,14.86,14.99,5400
SVR.C.TO,20241118,16.6,16.6,16.5,16.5,324
SWP.TO,20241118,3.95,4,3.9,3.99,6215
SXP.TO,20241118,4.01,4.03,3.99,4.03,7050
SYLD.TO,20241118,19.15,19.15,19.15,19.15,200
SYZ.TO,20241118,10.67,10.67,10.38,10.46,230550
T.TO,20241118,21.35,21.78,21.35,21.63,3533858
TA.TO,20241118,14.37,14.51,14.29,14.44,832687
TA.PR.D.TO,20241118,14.76,14.84,14.76,14.84,300
TA.PR.G.TO,20241118,21.5,21.5,20,20,688
TA.PR.H.TO,20241118,23.09,23.09,22.95,22.95,600
TA.PR.J.TO,20241118,23.25,23.25,23.24,23.24,300
TAL.TO,20241118,0.64,0.65,0.64,0.64,412890
TBAL.TO,20241118,18.88,18.9,18.85,18.85,10599
TBCE.TO,20241118,25.48,25.49,25.48,25.48,7169
TBCF.TO,20241118,25.69,25.7,25.69,25.69,1700
TBCG.TO,20241118,25.79,25.81,25.79,25.81,1700
TBIL.TO,20241118,50.09,50.09,50.09,50.09,939
TBL.TO,20241118,3.8,3.85,3.77,3.85,34855
TBNK.TO,20241118,29.79,29.95,29.79,29.9,4271
TBUE.U.TO,20241118,25.26,25.29,25.26,25.29,300
TBUF.U.TO,20241118,25.28,25.28,25.28,25.28,835
TBUG.U.TO,20241118,25.43,25.43,25.43,25.43,3759
TC.TO,20241118,22.6,22.82,22.28,22.59,7400
TCL.A.TO,20241118,16.95,17.15,16.83,16.84,76288
TCL.B.TO,20241118,16.9,17.06,16.85,16.85,458
TCLB.TO,20241118,119.58,119.94,119.27,119.94,3400
TCLV.TO,20241118,21.87,21.94,21.87,21.92,12900
TCON.TO,20241118,15.44,15.44,15.43,15.43,3704
TCS.TO,20241118,43.1,43.51,43.1,43.49,2617
TCSB.TO,20241118,14.67,14.71,14.67,14.71,7200
TCSH.TO,20241118,50.15,50.15,50.14,50.14,13088
TCW.TO,20241118,4.69,4.91,4.69,4.85,670391
TD.TO,20241118,78.8,79.56,78.68,78.87,3372557
TD.PF.A.TO,20241118,23.06,23.06,22.84,22.91,3290
TD.PF.C.TO,20241118,23.45,23.45,23.45,23.45,300
TD.PF.D.TO,20241118,24.23,24.23,24.23,24.23,100000
TD.PF.I.TO,20241118,26.05,26.08,26,26,2829
TD.PF.J.TO,20241118,24.9,24.97,24.9,24.95,7993
TDB.TO,20241118,13.07,13.07,13.02,13.06,81808
TDOC.TO,20241118,18.27,18.38,18.27,18.32,20782
TEC.TO,20241118,43.23,43.38,43.03,43.14,59734
TEC.U.TO,20241118,30.87,30.87,30.79,30.81,4500
TECH.TO,20241118,16.42,16.51,16.42,16.46,2255
TECH.B.TO,20241118,19.6,19.6,19.54,19.54,603
TECI.TO,20241118,9.29,9.29,9.11,9.11,3713
TECK.A.TO,20241118,65.25,65.25,64.88,65.19,1650
TECK.B.TO,20241118,63.88,64.8,63.49,64.72,1221054
TECX.TO,20241118,28.58,28.58,28.56,28.56,401
TERM.TO,20241118,9.64,9.64,9.63,9.64,1700
TF.TO,20241118,7.78,7.84,7.73,7.75,133889
TF.DB.D.TO,20241118,97,97,97,97,5000
TF.DB.E.TO,20241118,97.23,97.25,97.23,97.25,14000
TFII.TO,20241118,202.56,203.64,200.04,201.26,80508
TFPM.TO,20241118,23.05,23.41,22.83,23,194051
TGAF.TO,20241118,23.24,23.26,23.19,23.19,4200
TGED.TO,20241118,26.91,26.95,26.76,26.82,86316
TGED.U.TO,20241118,19.06,19.06,19.04,19.04,1400
TGFI.TO,20241118,20.38,20.38,20.35,20.36,4204
TGGR.TO,20241118,27.51,27.63,27.47,27.63,5504
TGO.TO,20241118,1.39,1.47,1.37,1.44,12834
TGRE.TO,20241118,15.45,15.46,15.43,15.43,6900
TGRO.TO,20241118,22.85,22.9,22.82,22.84,12877
TH.TO,20241118,1.67,1.73,1.65,1.71,11763
The.TO,20241118,25.18,25.29,25.18,25.27,3662
THNC.TO,20241118,3.09,3.12,3,3.04,12594
THU.TO,20241118,39.18,39.34,39.18,39.34,233
TIH.TO,20241118,117.38,117.74,116.26,116.59,135768
TILV.TO,20241118,16.53,16.53,16.52,16.52,10200
TINF.TO,20241118,21.32,21.4,21.3,21.37,8220
TIXT.TO,20241118,5.1,5.23,4.9,4.97,420302
TKN.TO,20241118,24,24.6,24,24.6,2052
TKN.U.TO,20241118,17.54,17.54,17.54,17.54,130
TKO.TO,20241118,2.82,2.9,2.8,2.87,317458
TLF.TO,20241118,24.85,24.96,24.8,24.9,5052
TLG.TO,20241118,0.29,0.29,0.265,0.27,433000
TLO.TO,20241118,0.085,0.09,0.085,0.09,1102145
TLRY.TO,20241118,1.87,1.88,1.82,1.86,1433204
TLV.TO,20241118,33.41,33.5,33.41,33.5,231
TMQ.TO,20241118,1.76,1.8,1.55,1.7,74334
TNT.UN.TO,20241118,11.42,11.89,11.42,11.42,16711
TNZ.TO,20241118,14.25,15.06,14.25,14.6,82353
TOT.TO,20241118,11.6,11.96,11.59,11.71,70585
TOU.TO,20241118,62.76,63.58,62.45,63,4062267
TOWR.TO,20241118,29.07,29.07,29.07,29.07,200
TOY.TO,20241118,31.01,31.79,30.92,31.09,103795
TPE.TO,20241118,22.13,22.16,22.12,22.15,6144
TPRF.TO,20241118,10.69,10.72,10.65,10.72,6500
TPU.TO,20241118,47.01,47.09,46.81,46.88,77410
TPU.U.TO,20241118,33.75,33.89,33.75,33.88,2225
TPX.B.TO,20241118,88.99,88.99,88.99,88.99,115
TPZ.TO,20241118,28.18,28.58,28.16,28.45,350477
TQCD.TO,20241118,19.46,19.56,19.45,19.49,46125
TQGD.TO,20241118,20.01,20.14,20.01,20.12,59632
TQSM.TO,20241118,25.9,25.9,25.63,25.64,27629
TRI.TO,20241118,227,228.09,225.5,225.8,417583
TRI.PR.B.TO,20241118,13.64,13.85,13.64,13.67,7300
TRP.TO,20241118,69,70.24,68.99,69.93,2573485
TRP.PR.A.TO,20241118,17.22,17.28,17.19,17.25,36400
TRP.PR.B.TO,20241118,13.6,13.7,13.6,13.68,35413
TRP.PR.C.TO,20241118,13.87,13.97,13.87,13.97,600
TRP.PR.D.TO,20241118,20.48,20.48,20.18,20.31,9247
TRP.PR.E.TO,20241118,18.46,18.47,18.4,18.4,11009
TRP.PR.F.TO,20241118,17.41,17.41,17.39,17.39,200
TRP.PR.G.TO,20241118,20.35,20.35,20.35,20.35,1400
TRP.PR.I.TO,20241118,14.85,15,14.85,15,700
TRVI.TO,20241118,22.24,22.24,21.99,22.03,2100
TRVL.TO,20241118,30.35,30.35,30.25,30.25,3170
TRX.TO,20241118,0.49,0.52,0.49,0.51,12650
TRZ.TO,20241118,1.85,1.85,1.79,1.82,69134
TSAT.TO,20241118,16.76,17.1,16.32,16.94,2376
TSK.TO,20241118,0.44,0.47,0.43,0.435,89564
TSL.TO,20241118,2.92,2.97,2.9,2.9,6622
TSND.TO,20241118,1.27,1.3,1.16,1.27,90495
TSU.TO,20241118,39.34,40.04,39.28,39.43,47740
TTNM.TO,20241118,2.39,2.51,2.35,2.51,57259
TTP.TO,20241118,28.54,28.7,28.53,28.57,172226
TUED.TO,20241118,30.62,30.62,30.36,30.4,58009
TUED.U.TO,20241118,21.64,21.64,21.64,21.64,100
TUEX.TO,20241118,27.26,27.26,27.26,27.26,3800
TUHY.TO,20241118,20.79,20.93,20.79,20.93,421
TULB.TO,20241118,114.47,114.62,114.4,114.44,3700
TULV.TO,20241118,22.04,22.14,22.04,22.14,2100
TUSB.TO,20241118,14.37,14.37,14.37,14.37,1800
TVA.B.TO,20241118,1,1,1,1,2000
TVE.TO,20241118,4.36,4.5,4.36,4.45,1837016
TVK.TO,20241118,121.48,124.06,120.48,122.74,32988
TWC.TO,20241118,17.36,17.9,16.83,16.83,6000
TWM.TO,20241118,0.135,0.135,0.125,0.135,1648633
TWM.DB.A.TO,20241118,60,62,60,62,491000
TXF.TO,20241118,21.6,21.63,21.52,21.56,10807
TXF.B.TO,20241118,27.62,27.62,27.57,27.57,200
TXF.U.TO,20241118,11.38,11.38,11.37,11.37,350
TXG.TO,20241118,28.68,29.35,28.29,28.67,185510
TXP.TO,20241118,0.54,0.55,0.53,0.54,215000
U.U.TO,20241118,19.06,19.6,18.9,18.93,44671
U.UN.TO,20241118,26.95,27.55,26.47,26.49,962408
UBIL.U.TO,20241118,50.06,50.07,50.06,50.07,5910
UCSH.U.TO,20241118,50.12,50.12,50.11,50.12,2026
UDA.TO,20241118,17.59,17.59,17.59,17.59,594
UDIV.TO,20241118,13.51,13.67,13.51,13.66,5600
UDIV.B.TO,20241118,14.86,14.9,14.86,14.9,2600
ULV.C.TO,20241118,37.4,37.4,37.37,37.37,200
ULV.F.TO,20241118,52.18,52.18,52.18,52.18,2718
UMAX.TO,20241118,14.6,14.69,14.58,14.64,101772
UMNY.U.TO,20241118,50.18,50.18,50.18,50.18,880
UNC.TO,20241118,130.03,130.06,130.03,130.06,375
UNI.TO,20241118,1.52,1.6,1.52,1.56,1450
URB.TO,20241118,5.59,5.61,5.59,5.61,1234
URB.A.TO,20241118,5.57,5.61,5.4,5.41,6039
URC.TO,20241118,3.7,3.96,3.7,3.79,492191
URC.WT.TO,20241118,1.7,1.94,1.7,1.79,310376
URE.TO,20241118,1.77,1.95,1.77,1.86,191704
USA.TO,20241118,0.56,0.58,0.56,0.56,252464
USCC.TO,20241118,19.79,19.8,19.73,19.73,17391
USCC.U.TO,20241118,14.07,14.08,14.07,14.08,300
USCL.TO,20241118,23.43,23.48,23.37,23.38,56090
USSL.TO,20241118,23.5,23.5,23.45,23.45,600
USSX.TO,20241118,31.47,31.57,31.45,31.45,6800
USSX.U.TO,20241118,22.5,22.5,22.42,22.45,15800
UTES.TO,20241118,9.78,9.9,9.76,9.85,71108
UTIL.TO,20241118,22.4,22.45,22.3,22.34,1861
VA.TO,20241118,39.01,39.01,38.98,38.98,1018
VAB.TO,20241118,23.04,23.08,22.99,23.06,97377
VALT.TO,20241118,32.39,32.39,32.35,32.38,2923
VALT.B.TO,20241118,36.52,36.52,36.29,36.29,615
VALT.U.TO,20241118,25.98,25.98,25.98,25.98,100
VBAL.TO,20241118,33.19,33.19,33.1,33.13,120246
VBNK.TO,20241118,23.51,24,23.32,23.64,28092
VCB.TO,20241118,24.04,24.07,24.04,24.07,13988
VCE.TO,20241118,55.18,55.39,55.12,55.17,24293
VCIP.TO,20241118,26.22,26.22,26.17,26.21,3413
VCM.TO,20241118,17.4,17.46,17.2,17.2,973
VCN.TO,20241118,51.12,51.38,51.11,51.18,56403
VCNS.TO,20241118,29.37,29.37,29.34,29.37,11764
VDU.TO,20241118,43.43,43.55,43.4,43.46,25425
VDY.TO,20241118,50.04,50.38,50.04,50.22,119115
VE.TO,20241118,35.1,35.17,35.05,35.11,1652
VEE.TO,20241118,38.18,38.33,38.18,38.32,19895
VEF.TO,20241118,56.08,56.4,56.08,56.29,1862
VEQT.TO,20241118,45.42,45.58,45.36,45.4,206982
VET.TO,20241118,14.07,14.5,14.07,14.35,960277
VFV.TO,20241118,146.93,147.29,146.44,146.67,222761
VGG.TO,20241118,95.41,95.49,95.06,95.14,11648
VGH.TO,20241118,64.85,65.02,64.85,64.89,2109
VGRO.TO,20241118,37.24,37.31,37.19,37.22,172129
VGV.TO,20241118,22.5,22.5,22.5,22.5,154
VGZ.TO,20241118,0.77,0.78,0.77,0.78,7000
VHI.TO,20241118,10.88,10.96,10.18,10.25,202756
VI.TO,20241118,38.92,39.09,38.92,39.02,1844
VIDY.TO,20241118,31.4,31.48,31.37,31.43,21201
VIU.TO,20241118,34.12,34.25,34.1,34.21,77866
VLB.TO,20241118,21.31,21.33,21.26,21.3,39474
VLE.TO,20241118,5.39,5.45,5.21,5.24,229633
VLN.TO,20241118,12.07,12.3,12.06,12.2,6484
VMO.TO,20241118,64.64,64.64,64.45,64.45,1678
VNP.TO,20241118,6.65,6.71,6.5,6.53,36110
VOXR.TO,20241118,3.53,3.74,3.53,3.7,3800
VQS.TO,20241118,0.2,0.225,0.2,0.2,14076
VRE.TO,20241118,33.01,33.08,32.88,32.88,3042
VRIF.TO,20241118,24.91,24.91,24.8,24.85,5800
VRN.TO,20241118,7.38,7.51,7.37,7.41,5181909
VSB.TO,20241118,23.19,23.19,23.16,23.18,58003
VSC.TO,20241118,23.95,23.95,23.92,23.94,6941
VSP.TO,20241118,95.22,95.73,95.06,95.51,32091
VUN.TO,20241118,111.15,111.47,110.8,110.97,35829
VUS.TO,20241118,102.87,103.41,102.87,103.35,2666
VVL.TO,20241118,53.7,53.8,53.67,53.67,7566
VVO.TO,20241118,37.88,37.88,37.88,37.88,355
VVSG.TO,20241118,50.22,50.22,50.22,50.22,1952
VXC.TO,20241118,63.49,63.73,63.48,63.56,101108
VZLA.TO,20241118,2.49,2.58,2.47,2.5,591262
WCN.TO,20241118,258.27,260.77,257.73,260.64,243939
WCP.TO,20241118,10.21,10.44,10.21,10.37,1922741
WDO.TO,20241118,11.46,11.96,11.37,11.7,785556
WEED.TO,20241118,5.21,5.43,5.15,5.31,1162497
WEF.TO,20241118,0.45,0.46,0.435,0.45,495007
WELL.TO,20241118,4.86,4.96,4.83,4.92,613995
WELL.DB.TO,20241118,100.1,100.1,100,100,79000
WFC.TO,20241118,18.56,18.94,18.56,18.64,1602
WFG.TO,20241118,129.37,131.81,128.63,130.48,108827
WGX.TO,20241118,2.54,2.57,2.51,2.53,243038
WILD.TO,20241118,0.96,1.03,0.96,1,57803
WJX.TO,20241118,21.36,21.67,21.3,21.54,45419
WJX.DB.TO,20241118,100.01,100.01,100.01,100.01,2000
WLLW.TO,20241118,0.09,0.095,0.08,0.08,817600
WM.TO,20241118,0.07,0.07,0.06,0.06,272897
WN.TO,20241118,226.37,226.81,221.46,222.15,147854
WN.PR.A.TO,20241118,24.08,24.12,24,24.03,6900
WN.PR.C.TO,20241118,21.61,21.61,21.4,21.49,4400
WN.PR.D.TO,20241118,21.64,21.64,21.39,21.39,2948
WN.PR.E.TO,20241118,19.92,19.92,19.64,19.7,4500
WNDR.TO,20241118,0.195,0.195,0.185,0.1875,1137886
WOMN.TO,20241118,37.85,37.85,37.67,37.75,500
WPK.TO,20241118,48.44,48.82,47.56,48.19,42413
WPM.TO,20241118,85.05,85.6,84.44,85.32,820105
WPRT.TO,20241118,5.86,6.28,5.75,6.15,20264
WRG.TO,20241118,2.7,2.7,2.58,2.58,1106
WRN.TO,20241118,1.78,1.78,1.63,1.64,85558
WRX.TO,20241118,0.055,0.055,0.055,0.055,1050
WSP.TO,20241118,237.5,238.53,236.3,237.46,186630
WSRD.TO,20241118,28.95,29.02,28.95,29.01,1809
WSRI.TO,20241118,44.23,44.23,44.01,44.01,30323
WTE.TO,20241118,23.39,23.57,23.28,23.35,27194
WXM.TO,20241118,32.12,32.24,32,32.07,1225
X.TO,20241118,43.52,43.52,42.98,43.45,246100
XAD.TO,20241118,68.49,68.49,68.15,68.18,996
XAGG.TO,20241118,38.09,38.09,38.09,38.09,100
XAGG.U.TO,20241118,26.85,26.85,26.85,26.85,3000
XAGH.TO,20241118,33.21,33.21,33.21,33.21,1500
XAM.TO,20241118,0.05,0.05,0.05,0.05,341600
XAU.TO,20241118,8.3,8.4,8.21,8.39,7627
XAW.TO,20241118,44.36,44.45,44.28,44.31,32288
XBAL.TO,20241118,30.12,30.15,30.07,30.1,40893
XBB.TO,20241118,28.22,28.28,28.2,28.28,114677
XBM.TO,20241118,21.24,21.45,21.24,21.43,14430
XCB.TO,20241118,20.1,20.11,20.05,20.11,87165
XCBG.TO,20241118,37.51,37.52,37.48,37.52,3900
XCD.TO,20241118,57.97,57.97,57.97,57.97,159
XCG.TO,20241118,56.15,56.21,55.95,55.95,3284
XCH.TO,20241118,20.43,20.53,20.37,20.46,22130
XCHP.TO,20241118,51.9,52.25,51.9,52.23,1205
XCLN.TO,20241118,28.23,28.28,27.99,28.28,1307
XCNS.TO,20241118,23.44,23.44,23.41,23.41,1754
XCS.TO,20241118,21.07,21.36,21.07,21.19,4065
XCSR.TO,20241118,75.12,75.13,74.78,74.89,2852
XCV.TO,20241118,39.53,39.77,39.53,39.69,24600
XDG.TO,20241118,27.34,27.43,27.34,27.42,5037
XDGH.TO,20241118,27.2,27.25,27.2,27.25,1655
XDIV.TO,20241118,30.85,31,30.85,30.88,86978
XDNA.TO,20241118,33.46,33.46,33.46,33.46,100
XDSR.TO,20241118,57.69,57.99,57.69,57.83,2311
XDU.TO,20241118,32.3,32.4,32.27,32.39,11566
XDV.TO,20241118,31.91,32.1,31.91,32.01,55134
XEB.TO,20241118,15.92,15.93,15.88,15.93,4295
XEC.TO,20241118,29.24,29.32,29.23,29.29,14150
XEF.TO,20241118,37.64,37.77,37.6,37.69,70321
XEG.TO,20241118,17.95,18.12,17.95,18.05,808768
XEH.TO,20241118,31.94,31.94,31.94,31.94,442
XEI.TO,20241118,27.83,28.02,27.83,27.92,92488
XEM.TO,20241118,33.58,33.59,33.58,33.59,846
XEMC.TO,20241118,48.24,48.24,48.15,48.2,3900
XEN.TO,20241118,37.16,37.29,37.16,37.16,2806
XEQT.TO,20241118,33.55,33.65,33.49,33.51,225239
XESG.TO,20241118,30.41,30.5,30.41,30.45,2784
XEU.TO,20241118,29.68,29.68,29.65,29.65,1785
XEXP.TO,20241118,49.87,49.87,49.87,49.87,160
XFH.TO,20241118,31.8,31.88,31.8,31.85,2213
XFLI.TO,20241118,41.11,41.11,41.11,41.11,471
XFLX.TO,20241118,39.56,39.56,39.56,39.56,700
XFN.TO,20241118,59.46,59.72,59.43,59.53,125677
XFR.TO,20241118,20.07,20.08,20.07,20.08,18452
XGB.TO,20241118,19.37,19.38,19.32,19.38,36751
XGD.TO,20241118,21.86,22.22,21.86,22.08,610176
XGI.TO,20241118,56.04,56.16,56.04,56.16,400
XGRO.TO,20241118,30.23,30.3,30.19,30.22,81188
XHAK.TO,20241118,50.04,50.04,49.55,49.55,324
XHB.TO,20241118,19.7,19.73,19.7,19.73,4388
XHC.TO,20241118,69.08,69.32,68.98,69.14,7918
XHD.TO,20241118,34.67,34.95,34.67,34.95,2000
XHU.TO,20241118,33.95,33.95,33.85,33.85,1522
XHY.TO,20241118,16.67,16.79,16.67,16.79,7404
XIC.TO,20241118,39.79,40.05,39.79,39.87,235725
XID.TO,20241118,55.11,55.15,54.98,55.08,3535
XIG.TO,20241118,19.92,19.97,19.92,19.94,6377
XIGS.TO,20241118,37.42,37.42,37.4,37.4,1600
XIN.TO,20241118,35.89,36.09,35.89,36.01,7279
XINC.TO,20241118,20.47,20.47,20.47,20.47,1526
XIT.TO,20241118,66.48,66.9,66.15,66.16,17116
XIU.TO,20241118,38.03,38.19,37.97,38.04,890579
XLB.TO,20241118,19.44,19.49,19.37,19.47,66033
XLVE.TO,20241118,7.57,7.6,7.57,7.6,926
XLY.TO,20241118,0.035,0.04,0.035,0.035,2347550
XMA.TO,20241118,21.47,21.71,21.47,21.65,6947
XMC.TO,20241118,34.81,34.83,34.57,34.64,27994
XMD.TO,20241118,38.15,38.62,38.15,38.4,6643
XMF.PR.B.TO,20241118,5.13,5.13,5.13,5.13,4900
XMH.TO,20241118,28.98,28.99,28.84,28.91,14272
XMI.TO,20241118,38.48,38.68,38.48,38.63,2210
XMM.TO,20241118,29.85,29.85,29.84,29.85,1975
XMS.TO,20241118,37.89,37.91,37.87,37.87,500
XMTM.TO,20241118,35.89,35.96,35.89,35.92,500
XMU.TO,20241118,86.24,86.25,86.04,86.04,754
XMU.U.TO,20241118,61.75,61.75,61.75,61.75,200
XMV.TO,20241118,46.56,46.6,46.47,46.47,1746
XMW.TO,20241118,55.56,55.61,55.56,55.61,445
XPF.TO,20241118,15.22,15.25,15.22,15.23,4947
XQB.TO,20241118,19.02,19.02,19,19.01,3172
XQLT.TO,20241118,41.24,41.39,41.23,41.25,6900
XQQ.TO,20241118,51.48,51.85,51.32,51.63,84076
XQQU.TO,20241118,68.81,68.94,68.48,68.56,4881
XQQU.U.TO,20241118,48.92,48.95,48.79,48.89,1254
XRB.TO,20241118,22.75,22.88,22.68,22.86,2648
XRE.TO,20241118,15.83,15.95,15.83,15.89,189297
XSAB.TO,20241118,18.14,18.14,18.14,18.14,11964
XSB.TO,20241118,26.71,26.71,26.69,26.71,20257
XSE.TO,20241118,18,18.05,18,18.05,2118
XSEA.TO,20241118,25.7,25.84,25.7,25.82,1359
XSEM.TO,20241118,21.17,21.22,21.13,21.22,3404
XSH.TO,20241118,18.93,18.96,18.93,18.96,23361
XSHG.TO,20241118,39.11,39.11,39.09,39.11,2400
XSHU.TO,20241118,43.12,43.12,43.08,43.08,900
XSI.TO,20241118,17.16,17.16,17.16,17.16,3100
XSMC.TO,20241118,34.25,34.3,33.99,34.05,3016
XSMH.TO,20241118,29.99,30.07,29.92,29.92,10111
XSP.TO,20241118,61.34,61.67,61.25,61.54,203964
XSPC.TO,20241118,42.86,42.86,42.84,42.84,500
XST.TO,20241118,53.58,53.58,52.76,52.87,11812
XSTB.TO,20241118,19.63,19.64,19.63,19.64,6194
XSTH.TO,20241118,37.36,37.36,37.36,37.36,4729
XSTP.TO,20241118,42.75,42.77,42.75,42.77,264
XSTP.U.TO,20241118,30.34,30.34,30.34,30.34,300
XSU.TO,20241118,44.49,44.71,44.29,44.41,25227
XSUS.TO,20241118,43.95,43.95,43.81,43.87,2772
XTC.TO,20241118,8.45,8.52,8.33,8.4,14226
XTD.TO,20241118,2.1,2.1,1.85,1.97,55833
XTD.PR.A.TO,20241118,10.34,10.43,10.25,10.25,3500
XTG.TO,20241118,1.58,1.64,1.58,1.64,8430
XTLH.TO,20241118,33.64,33.96,33.57,33.81,68576
XTLT.TO,20241118,35.98,36.09,35.88,36.02,11821
XTR.TO,20241118,11.34,11.37,11.34,11.37,33166
XTRA.TO,20241118,0.71,0.71,0.69,0.69,71484
XUH.TO,20241118,48.66,48.75,48.51,48.73,3197
XUS.TO,20241118,51.46,51.58,51.29,51.37,67603
XUS.U.TO,20241118,37.06,37.18,37.02,37.13,3270
XUSC.TO,20241118,44.35,44.35,44.2,44.2,825
XUSC.U.TO,20241118,31.54,31.54,31.54,31.54,492
XUSF.TO,20241118,75.05,75.1,75.05,75.1,728
XUSR.TO,20241118,91.86,91.86,91.33,91.5,3936
XUT.TO,20241118,28.06,28.3,28.06,28.23,97356
XUU.TO,20241118,61.32,61.43,61.07,61.17,31298
XUU.U.TO,20241118,43.79,43.88,43.79,43.88,643
XVLU.TO,20241118,29.42,29.45,29.37,29.37,603
XWD.TO,20241118,94.76,94.98,94.61,94.71,10082
Y.TO,20241118,10.8,11.23,10.8,11.15,8502
YCM.PR.A.TO,20241118,5.09,5.09,5.09,5.09,100
YGR.TO,20241118,0.92,0.98,0.92,0.97,35782
YRB.TO,20241118,0.045,0.05,0.045,0.05,233000
ZACE.TO,20241118,49.01,49.01,48.91,48.91,1300
ZAG.TO,20241118,13.83,13.86,13.82,13.86,113102
ZBAL.TO,20241118,40.2,40.2,40.07,40.09,8683
ZBAL.T.TO,20241118,30.55,30.55,30.54,30.54,1317
ZBI.TO,20241118,30.23,30.23,30.23,30.23,525
ZBK.TO,20241118,39.08,39.08,38.68,38.72,32200
ZCB.TO,20241118,47.16,47.21,47.13,47.21,1800
ZCH.TO,20241118,15.37,15.54,15.37,15.5,20669
ZCLN.TO,20241118,13.14,13.27,13.14,13.22,2471
ZCM.TO,20241118,15.41,15.44,15.41,15.44,2327
ZCN.TO,20241118,33.42,33.6,33.41,33.47,62571
ZCS.TO,20241118,13.84,13.84,13.82,13.83,15886
ZDB.TO,20241118,15,15.03,15,15.03,6629
ZDH.TO,20241118,26.7,26.75,26.7,26.75,1775
ZDI.TO,20241118,23.52,23.61,23.52,23.59,4370
ZDJ.TO,20241118,67.03,67.18,67.03,67.1,2203
ZDM.TO,20241118,29.3,29.4,29.24,29.35,3542
ZDV.TO,20241118,22.5,22.62,22.5,22.54,33860
ZDY.TO,20241118,46.18,46.18,46.08,46.1,1614
ZEA.TO,20241118,22.85,22.88,22.79,22.84,11722
ZEB.TO,20241118,41.78,42.09,41.78,42.03,915090
ZEF.TO,20241118,12.24,12.24,12.24,12.24,200
ZEM.TO,20241118,22,22.04,21.95,22.04,33817
ZEO.TO,20241118,76.14,76.75,76.14,76.57,6534
ZEQ.TO,20241118,29.24,29.37,29.22,29.25,20294
ZEQT.TO,20241118,51.65,51.65,51.47,51.49,2790
ZESG.TO,20241118,38,38,38,38,236
ZFH.TO,20241118,15.06,15.06,15,15.01,3276
ZFL.TO,20241118,13.07,13.11,13.02,13.09,71035
ZFM.TO,20241118,14.57,14.61,14.57,14.61,5505
ZFN.TO,20241118,55.06,55.12,55.06,55.12,3100
ZFS.TO,20241118,13.75,13.77,13.75,13.77,7850
ZGD.TO,20241118,102.78,104.2,102.78,103.88,4325
ZGI.TO,20241118,52.66,53.09,52.66,53.06,2870
ZGLD.TO,20241118,39.51,39.53,39.41,39.41,3418
ZGLD.U.TO,20241118,38.06,38.06,38.06,38.06,103
ZGQ.TO,20241118,69.15,69.31,68.94,69.03,7770
ZGRN.TO,20241118,39.55,39.55,39.55,39.55,175
ZGRO.TO,20241118,45.6,45.64,45.44,45.52,25446
ZGRO.T.TO,20241118,35.3,35.33,35.3,35.31,1923
ZHP.TO,20241118,18.79,18.82,18.79,18.81,800
ZHU.TO,20241118,42.74,43,42.74,42.8,3118
ZHY.TO,20241118,11.32,11.32,11.27,11.28,12660
ZIC.TO,20241118,18.22,18.22,18.15,18.15,675
ZIC.U.TO,20241118,12.96,12.96,12.96,12.96,2502
ZID.TO,20241118,50.01,50.05,49.93,49.99,16413
ZIN.TO,20241118,43.2,43.2,43.2,43.2,102
ZIQ.TO,20241118,28.52,28.58,28.52,28.58,5101
ZIU.TO,20241118,57.87,57.87,57.69,57.78,1338
ZJG.TO,20241118,93.99,93.99,93.99,93.99,281
ZJK.TO,20241118,19.12,19.12,18.99,19.03,4677
ZJPN.TO,20241118,34.93,34.93,34.7,34.73,8440
ZJPN.F.TO,20241118,46.85,46.87,46.84,46.86,8000
ZLB.TO,20241118,47.78,47.96,47.67,47.77,47813
ZLC.TO,20241118,15.47,15.47,15.37,15.43,37316
ZLE.TO,20241118,19.21,19.22,19.21,19.21,700
ZLH.TO,20241118,35,35,34.98,34.98,300
ZLI.TO,20241118,25.39,25.39,25.39,25.39,763
ZLSC.TO,20241118,36.78,36.78,36.78,36.78,100
ZLSU.TO,20241118,39.84,39.84,39.79,39.79,200
ZLU.TO,20241118,55.27,55.35,55.14,55.16,14700
ZLU.U.TO,20241118,40.38,40.38,40.23,40.33,400
ZMBS.TO,20241118,30.11,30.11,30.11,30.11,119
ZMI.TO,20241118,17.47,17.5,17.44,17.5,33510
ZMID.TO,20241118,48.64,48.64,48.19,48.25,2249
ZMID.F.TO,20241118,42.7,42.7,42.7,42.7,250
ZMMK.TO,20241118,50.02,50.03,50.02,50.02,121084
ZMP.TO,20241118,13.82,13.84,13.82,13.84,41279
ZMSB.TO,20241118,28.91,28.91,28.87,28.87,300
ZMT.TO,20241118,70.8,70.8,70.8,70.8,100
ZMU.TO,20241118,12.59,12.62,12.59,12.61,1130
ZNQ.TO,20241118,93.26,93.75,93.06,93.13,5608
ZNQ.U.TO,20241118,44.72,44.87,44.72,44.8,1300
ZPAY.TO,20241118,32.59,32.62,32.49,32.52,4688
ZPAY.F.TO,20241118,29.12,29.12,29.12,29.12,200
ZPAY.U.TO,20241118,30.16,30.16,30.16,30.16,302
ZPH.TO,20241118,14.66,14.66,14.6,14.6,11433
ZPL.TO,20241118,12.55,12.57,12.5,12.57,23812
ZPR.TO,20241118,10.44,10.48,10.41,10.45,86250
ZPS.TO,20241118,12.28,12.28,12.28,12.28,1800
ZPW.TO,20241118,16.12,16.12,15.97,15.98,6169
ZPW.U.TO,20241118,15.35,15.36,15.35,15.36,1597
ZQQ.TO,20241118,142.95,144.21,142.7,143.61,34333
ZRE.TO,20241118,21.75,21.86,21.75,21.83,60879
ZRR.TO,20241118,14.43,14.43,14.38,14.4,2343
ZSB.TO,20241118,48.36,48.43,48.36,48.43,710
ZSML.TO,20241118,45.39,45.39,44.72,44.72,2021
ZSML.F.TO,20241118,39.46,39.46,39.46,39.46,220
ZSP.TO,20241118,90.51,90.73,90.2,90.36,205811
ZSP.U.TO,20241118,64.28,64.53,64.21,64.5,7836
ZST.TO,20241118,48.99,49.01,48.99,49.01,20206
ZST.L.TO,20241118,60.18,60.19,60.17,60.17,17336
ZSU.TO,20241118,13.38,13.38,13.38,13.38,200
ZTIP.TO,20241118,32.51,32.51,32.51,32.51,200
ZTIP.F.TO,20241118,28.73,28.73,28.73,28.73,308
ZUAG.TO,20241118,31.45,31.45,31.44,31.44,203
ZUAG.F.TO,20241118,29.42,29.5,29.42,29.49,1597
ZUB.TO,20241118,34.64,34.66,34.42,34.52,49350
ZUCM.TO,20241118,31.3,31.3,31.2,31.2,484
ZUCM.U.TO,20241118,30.06,30.06,30.05,30.06,2410
ZUD.TO,20241118,31.11,31.11,31.06,31.06,1102
ZUE.TO,20241118,81.09,81.63,81.08,81.44,11636
ZUH.TO,20241118,67.25,67.4,67.1,67.25,3652
ZUP.TO,20241118,22.18,22.19,22,22,1659
ZUP.U.TO,20241118,20.22,20.22,20.2,20.2,1100
ZUQ.TO,20241118,87.12,87.16,86.67,86.85,11975
ZUQ.F.TO,20241118,52.57,52.57,52.5,52.53,600
ZUQ.U.TO,20241118,54.69,54.81,54.69,54.81,229
ZUS.U.TO,20241118,46.84,46.92,46.84,46.89,3790
ZUS.V.TO,20241118,57.3,57.31,57.3,57.31,1400
ZUT.TO,20241118,21.86,22,21.82,21.91,11976
ZVC.TO,20241118,29.94,30.04,29.94,30,544
ZVU.TO,20241118,31.43,31.47,31.39,31.39,1194
ZWA.TO,20241118,27.24,27.24,27.24,27.24,3802
ZWB.TO,20241118,19.83,19.91,19.82,19.89,151800
ZWC.TO,20241118,18.3,18.42,18.3,18.39,67442
ZWE.TO,20241118,20.03,20.03,19.92,19.98,21605
ZWEN.TO,20241118,30.3,30.45,30.3,30.41,8324
ZWG.TO,20241118,31.9,32.05,31.9,32.02,2935
ZWH.TO,20241118,24.8,24.87,24.8,24.8,21624
ZWHC.TO,20241118,29.6,29.6,29.39,29.39,1420
ZWK.TO,20241118,25.92,25.95,25.78,25.78,42342
ZWP.TO,20241118,17.64,17.7,17.64,17.7,10470
ZWQT.TO,20241118,17.3,17.3,17.27,17.27,2046
ZWS.TO,20241118,20.87,20.95,20.87,20.9,1300
ZWT.TO,20241118,49.87,50.09,49.8,49.9,3231
ZWU.TO,20241118,10.98,11.08,10.98,11.05,224762
ZXM.TO,20241118,41.97,41.97,41.94,41.94,313
ZXM.B.TO,20241118,38.23,38.23,38.23,38.23,600
ZZZD.TO,20241118,28.87,28.97,28.87,28.97,295
