<ticker>,<date>,<open>,<high>,<low>,<close>,<vol>
AAB.TO,20230216,0.05,0.05,0.05,0.05,111881
AAV.TO,20230216,8.37,8.45,8.29,8.33,507581
ABX.TO,20230216,22.7,22.95,22.35,22.8,5561049
AC.TO,20230216,22.72,23.54,22.54,23.15,5881644
ACB.TO,20230216,1.28,1.29,1.25,1.26,1079293
ACD.TO,20230216,7.7,7.7,7.7,7.7,100
ACD.DB.TO,20230216,99.5,99.5,99.5,99.5,10000
ACO.X.TO,20230216,43.04,43.23,42.85,43.07,286464
ACO.Y.TO,20230216,43.94,43.94,42.88,43.03,5100
ACQ.TO,20230216,28.4,29.03,28.24,28.97,18333
AD.DB.TO,20230216,98.99,98.99,98.99,98.99,9000
AD.DB.A.TO,20230216,97.5,97.5,97,97,61000
AD.UN.TO,20230216,18.39,18.4,18.25,18.27,53679
ADCO.TO,20230216,0.26,0.26,0.26,0.26,7002
ADEN.TO,20230216,31.52,31.7,30.95,31.4,45545
ADN.TO,20230216,16.42,16.55,16.4,16.41,1961
ADW.A.TO,20230216,5.18,5.22,5.15,5.18,27751
AEG.TO,20230216,0.54,0.54,0.53,0.53,2931
AEM.TO,20230216,65.32,66.58,64.06,66.35,2072339
AEZS.TO,20230216,4.64,4.77,4.64,4.77,1021
AFN.TO,20230216,54.18,54.76,53.68,54.62,186100
AFN.DB.F.TO,20230216,99.25,99.25,99,99,6000
AFN.DB.G.TO,20230216,98.5,99.75,98.5,99.75,107000
AFN.DB.H.TO,20230216,98,98,98,98,7000
AFN.DB.I.TO,20230216,132,132,132,132,213000
AFN.DB.J.TO,20230216,100.41,103,100.41,103,145000
AGF.B.TO,20230216,9.2,9.4,9.19,9.28,185948
AGI.TO,20230216,13.75,14.09,13.65,14.04,499431
AI.TO,20230216,11.86,12.26,11.86,12.15,112340
AI.DB.C.TO,20230216,98.75,98.75,98.5,98.5,15000
AI.DB.D.TO,20230216,96.5,96.5,96.5,96.5,11000
AI.DB.E.TO,20230216,98.15,98.15,98.15,98.15,4000
AI.DB.F.TO,20230216,91.53,91.53,91.53,91.53,2000
AIF.TO,20230216,60.99,61.01,60.09,60.48,78976
AII.TO,20230216,0.72,0.8,0.72,0.8,130800
AIM.TO,20230216,3.96,4.13,3.91,3.97,199943
AIM.PR.A.TO,20230216,18.9,18.9,18.9,18.9,100
AIM.PR.C.TO,20230216,21.7,21.7,21.5,21.6,3400
AKT.A.TO,20230216,1.75,1.77,1.72,1.72,59870
ALA.TO,20230216,24.7,24.73,24.33,24.36,1306101
ALA.PR.A.TO,20230216,16.16,16.16,16.16,16.16,1100
ALA.PR.B.TO,20230216,18.96,18.96,18.96,18.96,300
ALA.PR.G.TO,20230216,18.9,18.99,18.82,18.82,12300
ALC.TO,20230216,16.1,16.15,16.05,16.09,7568
ALS.TO,20230216,21.25,22.01,21.25,21.58,187614
ALYA.TO,20230216,2.25,2.3,2.22,2.28,24372
AMC.TO,20230216,4.52,4.73,4.4,4.56,358083
AMM.TO,20230216,0.3,0.3,0.3,0.3,27000
AND.TO,20230216,47.16,47.37,46.8,47.01,22736
AOI.TO,20230216,2.81,2.86,2.81,2.82,186553
AOT.TO,20230216,0.64,0.66,0.63,0.66,62326
AP.UN.TO,20230216,28.77,29.12,28.6,28.66,464931
APLI.TO,20230216,0.05,0.05,0.05,0.05,132390
APR.UN.TO,20230216,12.35,12.42,12.28,12.37,12071
APS.TO,20230216,0.9,0.92,0.9,0.9,3152
AQN.TO,20230216,10.37,10.65,10.31,10.46,5571369
AQN.PR.A.TO,20230216,20.15,20.3,20.15,20.25,2800
AQN.PR.D.TO,20230216,20.11,20.11,20.06,20.06,1800
AR.TO,20230216,0.58,0.61,0.57,0.57,2407158
ARA.TO,20230216,0.51,0.51,0.5,0.51,51609
ARB.TO,20230216,25.75,25.75,25.75,25.75,200
ARE.TO,20230216,10.68,10.79,10.67,10.67,238083
ARG.TO,20230216,1.41,1.45,1.41,1.43,68791
ARIS.TO,20230216,4.08,4.19,4.02,4.11,156340
ARIS.WT.A.TO,20230216,0.35,0.35,0.33,0.33,68000
ARKG.TO,20230216,14.3,14.48,14.3,14.32,2200
ARKK.TO,20230216,16.53,17.02,16.37,16.37,25088
ARKW.TO,20230216,17.88,18.25,17.88,18.25,1560
ARR.TO,20230216,8.92,9.01,8.92,8.99,8669
ARX.TO,20230216,15.71,15.78,15.5,15.53,1907028
ASCU.TO,20230216,1.92,1.92,1.86,1.89,31750
ASM.TO,20230216,0.91,0.98,0.91,0.97,23276
ASND.TO,20230216,0.27,0.275,0.265,0.265,19505
ASTL.TO,20230216,11.04,11.11,10.73,10.74,245394
ASTL.WT.TO,20230216,2.45,2.45,2.45,2.45,200
ATD.TO,20230216,64.56,65.05,64.16,64.84,1217125
ATH.TO,20230216,2.92,2.96,2.87,2.87,2861162
ATS.TO,20230216,55.31,56.5,54.55,56,214676
ATZ.TO,20230216,43.56,45.76,43.53,45.21,531595
AUGB.F.TO,20230216,37.11,37.13,37.11,37.13,1700
AUMN.TO,20230216,0.33,0.335,0.31,0.33,76016
AVCN.TO,20230216,0.42,0.42,0.41,0.415,80500
AVL.TO,20230216,0.145,0.15,0.145,0.15,245900
AVNT.TO,20230216,0.22,0.25,0.22,0.23,85500
AW.UN.TO,20230216,37.2,37.21,36.36,36.62,17138
AX.PR.I.TO,20230216,25,25.09,25,25,38800
AX.UN.TO,20230216,9.32,9.53,9.32,9.46,300369
AXIS.TO,20230216,0.45,0.45,0.445,0.45,22500
AYA.TO,20230216,7.34,7.6,7.19,7.4,277213
BABY.TO,20230216,0.67,0.68,0.67,0.68,5000
BAM.TO,20230216,47.14,47.93,46.8,47.64,1367689
BANK.TO,20230216,8.24,8.26,8.23,8.25,17535
BASE.TO,20230216,28.05,28.52,28.05,28.32,2847
BASE.B.TO,20230216,28.55,28.55,28.55,28.55,200
BB.TO,20230216,5.79,5.85,5.69,5.75,1394277
BBD.A.TO,20230216,60.63,63.21,60.63,62.31,6272
BBD.B.TO,20230216,60,63.34,60,62.04,806574
BBD.PR.C.TO,20230216,18.87,18.9,18.75,18.75,1214
BBU.UN.TO,20230216,25.12,26.25,24.95,25.64,41086
BBUC.TO,20230216,28.01,28.73,27.93,28.15,28192
BCE.TO,20230216,61.01,61.19,60.45,60.99,2474575
BCE.PR.A.TO,20230216,18.4,18.45,18.36,18.36,2100
BCE.PR.B.TO,20230216,18.94,18.94,18.94,18.94,300
BCE.PR.C.TO,20230216,18.8,18.95,18.79,18.93,4201
BCE.PR.D.TO,20230216,19,19,18.96,18.96,1250
BCE.PR.E.TO,20230216,18.97,18.97,18.97,18.97,550
BCE.PR.F.TO,20230216,17.04,17.06,17.04,17.06,800
BCE.PR.G.TO,20230216,16,16.39,16,16.39,500
BCE.PR.H.TO,20230216,19.04,19.2,19.04,19.2,1700
BCE.PR.I.TO,20230216,16.25,16.25,16.25,16.25,1500
BCE.PR.J.TO,20230216,19.16,19.16,19.16,19.16,100
BCE.PR.K.TO,20230216,15.24,15.24,15.12,15.12,3302
BCE.PR.L.TO,20230216,17.4,17.4,16.99,17,2896
BCE.PR.M.TO,20230216,15.66,15.8,15.65,15.8,8600
BCE.PR.N.TO,20230216,17.76,17.76,17.75,17.75,400
BCE.PR.Q.TO,20230216,21.59,21.59,21.28,21.28,600
BCE.PR.R.TO,20230216,15.8,16,15.8,15.86,2400
BCE.PR.T.TO,20230216,18.74,18.74,18.61,18.62,1500
BCE.PR.Z.TO,20230216,19.5,19.5,19.45,19.45,3014
BCT.TO,20230216,10.6,10.81,10.13,10.13,20350
BDGI.TO,20230216,30.98,31.05,30.53,30.64,45454
BDI.TO,20230216,6.5,6.5,6.01,6.3,80516
BDIV.TO,20230216,17.99,18.02,17.89,18.02,1150
BDT.TO,20230216,9,9.11,8.89,9,66676
BEI.UN.TO,20230216,58.61,59.87,58.44,58.59,198593
BEP.PR.G.TO,20230216,24.29,24.3,24.29,24.3,10384
BEP.PR.M.TO,20230216,22.91,23,22.84,22.84,8400
BEP.PR.R.TO,20230216,20.94,20.94,20.65,20.65,2900
BEP.UN.TO,20230216,37.01,37.35,36.59,37.18,136014
BEPC.TO,20230216,39.83,40.32,39.31,39.91,446400
BEPR.TO,20230216,9.56,9.56,9.51,9.51,3188
BESG.TO,20230216,15.55,15.55,15.55,15.55,100
BFIN.TO,20230216,20.24,20.32,20.21,20.29,900
BGI.UN.TO,20230216,4.8,4.82,4.69,4.7,43165
BGU.TO,20230216,34.85,34.85,34.85,34.85,100
BHC.TO,20230216,11.9,12.23,11.69,12.05,1120870
BIK.PR.A.TO,20230216,25,25,24.71,24.71,900
BIP.PR.B.TO,20230216,24.32,24.34,24.3,24.3,2900
BIP.PR.E.TO,20230216,23,23.43,23,23,2450
BIP.PR.F.TO,20230216,21.56,21.94,21.43,21.5,3659
BIP.UN.TO,20230216,46.36,46.56,46,46.31,305764
BIPC.TO,20230216,58.03,58.03,56.93,57.55,66777
BIR.TO,20230216,8.56,8.63,8.29,8.45,2749572
BITF.TO,20230216,1.52,1.61,1.42,1.44,2798880
BITI.TO,20230216,16.07,16.17,15.51,15.98,116302
BITI.U.TO,20230216,12.01,12.01,11.68,11.84,12233
BK.TO,20230216,13.7,13.95,13.7,13.8,93325
BK.PR.A.TO,20230216,10.12,10.14,10.1,10.13,46838
BKCC.TO,20230216,16.23,16.25,16.23,16.23,401
BKI.TO,20230216,0.075,0.08,0.075,0.08,16147
BLCO.TO,20230216,24.14,25.44,23.92,25.04,10535
BLDP.TO,20230216,8.56,8.63,8.29,8.3,699916
BLN.TO,20230216,2.64,2.77,2.64,2.7,20350
BLOV.TO,20230216,22.22,22.43,22.13,22.38,2100
BLX.TO,20230216,36.63,37.52,36.48,37.2,221984
BMAX.TO,20230216,12.85,12.99,12.83,12.96,25265
BMO.TO,20230216,134.5,135.72,134.5,135.11,1209250
BMO.PR.E.TO,20230216,21.73,21.79,21.68,21.75,8877
BMO.PR.T.TO,20230216,18.1,18.21,18.09,18.2,46208
BMO.PR.W.TO,20230216,18.02,18.35,18.02,18.28,400
BMO.PR.Y.TO,20230216,19.87,19.89,19.87,19.89,2500
BN.TO,20230216,48.55,48.85,47.86,48.45,2159491
BN.PF.A.TO,20230216,21.65,21.65,21.65,21.65,2600
BN.PF.B.TO,20230216,18,18.02,17.98,18.02,4500
BN.PF.C.TO,20230216,20.04,20.04,20.04,20.04,1900
BN.PF.D.TO,20230216,19.9,20.14,19.9,20.14,300
BN.PF.E.TO,20230216,16.3,16.3,16.29,16.29,2300
BN.PF.F.TO,20230216,18.25,18.25,18.25,18.25,2500
BN.PF.G.TO,20230216,17.09,17.1,17.09,17.1,3452
BN.PF.H.TO,20230216,24.02,24.1,24.02,24.1,300
BN.PF.I.TO,20230216,23.39,23.39,23.01,23.29,4645
BN.PF.J.TO,20230216,23.62,23.62,23.45,23.55,3000
BN.PF.K.TO,20230216,16,16.03,16,16.03,3500
BN.PR.B.TO,20230216,13.5,13.5,13.46,13.5,3000
BN.PR.C.TO,20230216,13.45,13.48,13.44,13.48,2300
BN.PR.K.TO,20230216,13.49,13.55,13.49,13.55,13900
BN.PR.R.TO,20230216,15.5,15.5,15.5,15.5,790
BN.PR.Z.TO,20230216,22.13,22.13,22.12,22.12,700
BNC.TO,20230216,26.17,26.17,26.17,26.17,300
BND.TO,20230216,17.35,17.36,17.33,17.34,5583
BNE.TO,20230216,6.89,7,6.67,6.67,161775
BNG.TO,20230216,0.085,0.085,0.08,0.08,3035
BNK.TO,20230216,12.32,12.49,12.26,12.49,2100
BNRE.TO,20230216,48.15,48.8,47.98,48.58,9998
BNS.TO,20230216,73.42,73.83,73.02,73.47,2408294
BOS.TO,20230216,10.4,10.64,10.09,10.42,53523
BPF.UN.TO,20230216,16.36,16.5,16.21,16.26,25968
BPO.PR.A.TO,20230216,16,16.1,15.99,16.1,1940
BPO.PR.C.TO,20230216,22.7,22.7,22.5,22.5,4900
BPO.PR.E.TO,20230216,18.7,18.7,18.7,18.7,5220
BPO.PR.G.TO,20230216,20.44,20.45,20.36,20.36,2900
BPO.PR.I.TO,20230216,20,20.01,19.9,19.9,13976
BPO.PR.N.TO,20230216,14.6,14.6,14.5,14.55,1800
BPO.PR.P.TO,20230216,14.89,14.9,14.89,14.89,1953
BPO.PR.R.TO,20230216,15.45,15.45,15.37,15.44,3615
BPO.PR.T.TO,20230216,17.9,17.9,17.65,17.65,3634
BPRF.TO,20230216,22.74,22.74,22.66,22.72,500
BPRF.U.TO,20230216,22.4,22.4,22.4,22.4,100
BPS.PR.A.TO,20230216,24.95,24.95,24.95,24.95,200
BPS.PR.C.TO,20230216,25.1,25.1,25.1,25.1,600
BPS.PR.U.TO,20230216,24.81,24.81,24.81,24.81,700
BPYP.PR.A.TO,20230216,25.52,25.52,25.25,25.25,3786
BRAG.TO,20230216,5.15,5.7,5.15,5.68,59313
BRE.TO,20230216,13.73,14,13.73,13.86,20308
BREA.TO,20230216,22.79,22.79,22.75,22.78,400
BRF.PR.A.TO,20230216,15.48,15.48,15.4,15.4,6003
BRF.PR.B.TO,20230216,17.55,17.55,17.5,17.5,1100
BRF.PR.C.TO,20230216,16.85,16.85,16.85,16.85,400
BRF.PR.E.TO,20230216,19.16,19.16,19.1,19.1,300
BRF.PR.F.TO,20230216,19.49,19.49,19.16,19.16,1500
BRY.TO,20230216,0.6,0.6,0.6,0.6,2500
BSKT.TO,20230216,8.31,8.32,8.31,8.31,20411
BSX.TO,20230216,0.065,0.07,0.065,0.065,221068
BTB.DB.G.TO,20230216,99.02,99.02,99.02,99.02,3000
BTB.UN.TO,20230216,3.8,3.83,3.77,3.8,122617
BTCC.TO,20230216,4.8,4.93,4.76,4.8,315572
BTCC.B.TO,20230216,4.76,4.95,4.75,4.81,936791
BTCC.U.TO,20230216,4.5,4.66,4.5,4.55,230214
BTCQ.TO,20230216,5.39,5.57,5.39,5.43,28580
BTCX.B.TO,20230216,4.87,5.07,4.87,4.93,264966
BTCX.U.TO,20230216,4.6,4.77,4.6,4.62,95033
BTCY.TO,20230216,3.49,3.54,3.46,3.49,20094
BTCY.B.TO,20230216,3.91,3.93,3.85,3.93,8069
BTCY.U.TO,20230216,3.5,3.5,3.5,3.5,150
BTE.TO,20230216,5.9,6,5.88,5.88,2202957
BTO.TO,20230216,4.5,4.56,4.46,4.5,3495848
BU.TO,20230216,0.34,0.345,0.335,0.34,14150
BXF.TO,20230216,9.77,9.77,9.77,9.77,1316
BYD.TO,20230216,214.39,219.09,214.38,217.68,19258
BYL.TO,20230216,0.405,0.41,0.4,0.4,30027
CACB.TO,20230216,18.95,19.01,18.95,19.01,88108
CAE.TO,20230216,31.3,31.92,30.95,31.77,1302631
CAFR.TO,20230216,19.66,19.67,19.66,19.67,15900
CALL.TO,20230216,16.1,16.17,16.1,16.15,1521
CAR.UN.TO,20230216,49.51,50.31,49.46,49.95,528541
CARB.TO,20230216,10.34,10.5,10.34,10.46,2195
CARS.TO,20230216,31.05,31.05,30.99,30.99,315
CARS.B.TO,20230216,35.35,35.35,35.35,35.35,167
CARS.U.TO,20230216,30.21,30.21,30.11,30.13,1900
CAS.TO,20230216,9.82,9.82,9.6,9.74,181980
CASH.TO,20230216,50.12,50.12,50.11,50.12,84252
CBCX.TO,20230216,12.46,12.46,12.46,12.46,102
CBH.TO,20230216,17.02,17.03,16.99,16.99,18583
CBND.TO,20230216,8.64,8.64,8.63,8.63,860
CBNK.TO,20230216,8.19,8.24,8.19,8.24,42340
CBO.TO,20230216,17.27,17.29,17.26,17.29,15258
CCA.TO,20230216,69.74,73.43,69,72.64,370792
CCEI.TO,20230216,22.08,22.26,22.08,22.16,4411
CCL.A.TO,20230216,61.11,61.11,61.1,61.1,240
CCL.B.TO,20230216,62.05,63.13,60.01,60.84,254258
CCM.TO,20230216,0.23,0.23,0.225,0.225,33500
CCO.TO,20230216,39.2,39.75,38.67,38.73,1373688
CCOM.TO,20230216,20.38,20.4,20.38,20.4,375
CCRE.TO,20230216,17.52,17.56,17.52,17.52,10800
CCS.PR.C.TO,20230216,20.87,20.87,20.77,20.77,7200
CDIV.TO,20230216,13.15,13.25,13.15,13.22,16677
CDNA.TO,20230216,18.99,18.99,18.99,18.99,1400
CDR.TO,20230216,0.31,0.31,0.28,0.28,8550
CDZ.TO,20230216,31.21,31.48,31.21,31.4,29751
CEE.TO,20230216,1.64,1.65,1.64,1.65,3127
CEF.TO,20230216,23.07,23.42,23.07,23.27,18257
CET.TO,20230216,1.16,1.16,1.12,1.12,411552
CEU.TO,20230216,2.88,2.96,2.88,2.93,302254
CEW.TO,20230216,16.42,16.69,16.42,16.61,14841
CF.TO,20230216,11.49,11.56,11.44,11.5,190426
CF.PR.A.TO,20230216,14.04,14.1,14,14,10300
CF.PR.C.TO,20230216,20.15,20.24,20.15,20.24,1400
CFF.TO,20230216,1.69,1.73,1.69,1.7,428
CFLX.TO,20230216,17.06,17.06,17.06,17.06,800
CFP.TO,20230216,24,24.09,23.23,23.31,271554
CFW.TO,20230216,6.03,6.14,5.93,6,29235
CFX.TO,20230216,3.95,3.98,3.91,3.91,5000
CG.TO,20230216,8.36,8.49,8.31,8.38,1109025
CGG.TO,20230216,4.48,4.49,4.47,4.48,34149
CGHY.TO,20230216,9.48,9.48,9.48,9.48,2102
CGI.TO,20230216,34,34.2,34,34.05,5299
CGIN.TO,20230216,20.39,20.41,20.36,20.36,3000
CGL.TO,20230216,14.84,14.91,14.8,14.86,6147
CGL.C.TO,20230216,20.94,21.08,20.94,21.03,2719
CGLO.TO,20230216,23.11,23.11,23.11,23.11,1629
CGO.TO,20230216,60.6,62.7,59.97,62.09,43800
CGR.TO,20230216,28.76,28.76,28.69,28.75,607
CGRE.TO,20230216,22.17,22.34,22.17,22.34,2900
CGX.TO,20230216,8.71,8.86,8.67,8.78,219860
CGXF.TO,20230216,10.16,10.27,10.05,10.27,14849
CGY.TO,20230216,61.89,61.89,60.24,60.59,25146
CHE.DB.E.TO,20230216,100,100,99.6,100,102000
CHE.DB.F.TO,20230216,133,133,132.5,132.5,120000
CHE.DB.G.TO,20230216,106.5,106.5,106.5,106.5,35000
CHE.UN.TO,20230216,9.58,9.59,9.47,9.51,214075
CHNA.B.TO,20230216,24.89,24.89,24.89,24.89,203
CHP.UN.TO,20230216,14.6,14.69,14.38,14.63,572579
CHPS.TO,20230216,22.94,23.11,22.8,22.8,3911
CHR.TO,20230216,3.74,3.74,3.5,3.55,1405148
CHR.DB.A.TO,20230216,95.5,95.5,95.5,95.5,20000
CHR.DB.C.TO,20230216,87.23,87.23,87.23,87.23,20000
CHW.TO,20230216,11.58,11.65,11.3,11.35,15930
CIA.TO,20230216,6.79,6.98,6.79,6.92,417808
CIBR.TO,20230216,33.08,33.08,33.08,33.08,150
CIC.TO,20230216,11.8,11.84,11.8,11.84,1109
CIEM.TO,20230216,17.2,17.29,17.2,17.29,19258
CIF.TO,20230216,34.77,35.11,34.77,35.04,6908
CIGI.TO,20230216,157.88,160.89,157.88,159.5,100143
CINF.TO,20230216,24.06,24.06,23.97,23.97,458
CINT.TO,20230216,20.55,20.64,20.5,20.5,7236
CINV.TO,20230216,14.01,14.01,13.98,13.98,200
CIQ.UN.TO,20230216,7.15,7.15,7.15,7.15,200
CIU.PR.A.TO,20230216,19.52,19.55,19.52,19.55,1879
CIX.TO,20230216,16.11,16.42,16,16.23,749413
CJ.TO,20230216,7.39,7.43,7.27,7.32,726788
CJR.B.TO,20230216,2.16,2.19,2.12,2.13,1217912
CJT.TO,20230216,132.1,133.93,131,132.53,22538
CJT.DB.E.TO,20230216,100.07,100.73,100.05,100.05,62000
CJT.DB.F.TO,20230216,98.7,98.7,98.7,98.7,20999
CKI.TO,20230216,12.49,12.6,12.49,12.6,6800
CLF.TO,20230216,16.67,16.67,16.64,16.64,3422
CLG.TO,20230216,16.67,16.69,16.66,16.69,12800
CLS.TO,20230216,18.02,18.33,18.02,18.1,142357
CM.TO,20230216,62.28,62.57,62.02,62.23,2343782
CM.PR.O.TO,20230216,18.53,18.59,18.52,18.52,7268
CM.PR.P.TO,20230216,17.97,17.97,17.97,17.97,400
CM.PR.Q.TO,20230216,19.82,19.82,19.82,19.82,100
CM.PR.S.TO,20230216,22.78,22.83,22.77,22.77,14146
CM.PR.Y.TO,20230216,24.63,24.63,24.63,24.63,400
CMAG.TO,20230216,23.62,23.62,23.5,23.5,413
CMAR.TO,20230216,18.28,18.28,18.25,18.25,3200
CMCX.B.TO,20230216,7.52,7.52,7.52,7.52,761
CMDO.TO,20230216,19.25,19.25,19.21,19.21,2937
CMDO.U.TO,20230216,19.24,19.25,19.24,19.25,1800
CMG.TO,20230216,7.06,7.3,7.06,7.19,40493
CMGG.TO,20230216,18.12,18.12,18.12,18.12,100
CMR.TO,20230216,50.12,50.13,50.12,50.12,8726
CNCC.TO,20230216,12.82,12.84,12.81,12.81,11252
CNE.TO,20230216,10.5,10.5,10.25,10.36,12658
CNQ.TO,20230216,79.7,80.2,78.58,78.68,3019558
CNR.TO,20230216,157.73,159.25,156.92,158.03,1061133
CNT.TO,20230216,0.07,0.07,0.07,0.07,15000
COPP.TO,20230216,27.5,27.5,27.5,27.5,229
COW.TO,20230216,70.22,71,70.22,70.57,2439
CP.TO,20230216,105.8,106.82,105.13,105.48,1020753
CPD.TO,20230216,11.6,11.64,11.6,11.61,18397
CPH.TO,20230216,3.61,3.76,3.61,3.76,5701
CPLF.TO,20230216,5.76,5.84,5.59,5.59,15404
CPX.TO,20230216,43.15,43.71,42.81,43.22,272425
CPX.PR.C.TO,20230216,22.25,22.25,22.25,22.25,1400
CPX.PR.E.TO,20230216,22,22,21.8,21.8,3400
CPX.PR.K.TO,20230216,25.11,25.4,25.1,25.1,600
CR.TO,20230216,4.59,4.59,4.44,4.45,354431
CRDL.TO,20230216,0.77,0.78,0.74,0.76,61633
CRED.TO,20230216,18.86,18.86,18.85,18.85,1700
CRON.TO,20230216,3.14,3.17,3.07,3.09,263162
CROP.TO,20230216,17.97,18,17.97,17.99,2600
CRP.TO,20230216,2.77,2.85,2.76,2.76,5436
CRR.UN.TO,20230216,16.13,16.19,15.99,16.14,88949
CRRX.TO,20230216,2.48,2.48,2.45,2.45,3521
CRT.UN.TO,20230216,15.94,16.46,15.94,16.15,148396
CS.TO,20230216,6,6.09,5.87,6.09,1105686
CSAV.TO,20230216,50.16,50.16,50.15,50.16,30945
CSH.UN.TO,20230216,9.71,9.87,9.71,9.83,585510
CSU.TO,20230216,2364.04,2377.66,2342.59,2364.7,33076
CSU.DB.TO,20230216,136.5,136.75,136.5,136.75,4000
CSW.A.TO,20230216,15.97,16.04,15.75,15.87,28273
CSW.B.TO,20230216,14.5,14.5,14.42,14.5,4000
CTC.TO,20230216,312.5,312.5,312.5,312.5,173
CTC.A.TO,20230216,169.21,174,169.21,173,590365
CTF.UN.TO,20230216,2.68,2.68,2.66,2.68,2381
CTS.TO,20230216,4.9,5.06,4.8,4.89,1262530
CTX.TO,20230216,0.71,0.74,0.71,0.74,3500
CU.TO,20230216,36.36,36.58,35.93,36.3,601627
CU.PR.C.TO,20230216,20.32,20.32,20.32,20.32,100
CU.PR.F.TO,20230216,19.56,19.56,19.55,19.55,750
CU.PR.H.TO,20230216,22.46,22.5,22.46,22.5,270
CU.PR.I.TO,20230216,25.05,25.12,25,25.03,6070
CUD.TO,20230216,52.72,52.8,52.34,52.6,4347
CUEI.TO,20230216,21.95,21.95,21.95,21.95,200
CUP.U.TO,20230216,14.17,14.6,14,14.25,2515
CVD.TO,20230216,17.41,17.41,17.02,17.02,31750
CVE.TO,20230216,25,25.87,23.73,24.85,12587070
CVE.PR.A.TO,20230216,15.39,15.39,15.39,15.39,500
CVE.PR.C.TO,20230216,21.15,21.23,21.14,21.23,2200
CVE.PR.G.TO,20230216,21.3,21.35,21.3,21.35,10800
CVE.WT.TO,20230216,18.12,19.26,17.91,18.28,33420
CVG.TO,20230216,75.75,75.75,75.75,75.75,403
CVO.TO,20230216,8.84,8.84,8.45,8.45,47452
CWB.TO,20230216,28.02,28.33,28.02,28.1,435601
CWB.PR.B.TO,20230216,18.15,18.15,18.15,18.15,100
CWB.PR.D.TO,20230216,25.1,25.1,25.1,25.1,400
CWEB.TO,20230216,0.66,0.7,0.66,0.66,95413
CWL.TO,20230216,1.5,1.56,1.5,1.56,3100
CWW.TO,20230216,49.55,49.55,49.3,49.55,2030
CXB.TO,20230216,1,1.04,0.98,1.02,383763
CXF.TO,20230216,9.7,9.73,9.65,9.73,10642
CXI.TO,20230216,25.73,25.75,25.6,25.6,7376
CYB.TO,20230216,60.2,61.75,60.2,60.99,11619
CYBR.TO,20230216,34.17,34.82,34.17,34.82,868
CYBR.B.TO,20230216,39.22,39.22,39.22,39.22,200
CYBR.U.TO,20230216,39.55,39.6,39.55,39.6,1900
CYH.TO,20230216,20.65,20.87,20.6,20.87,21702
D.UN.TO,20230216,16.42,16.59,16.38,16.5,96844
DANC.TO,20230216,21.65,21.65,21.65,21.65,5438
DATA.TO,20230216,15.92,15.98,15.92,15.98,203
DBM.TO,20230216,7.61,7.68,7.5,7.52,602254
DBO.TO,20230216,0.09,0.09,0.085,0.085,11000
DC.A.TO,20230216,1.35,1.35,1.35,1.35,3800
DC.PR.B.TO,20230216,18.51,18.65,18.51,18.65,500
DC.PR.D.TO,20230216,20,20,20,20,2100
DCBO.TO,20230216,52.3,52.54,51.3,51.45,44443
DCM.TO,20230216,1.3,1.32,1.3,1.31,3709
DCP.TO,20230216,17.2,17.2,17.2,17.2,100
DCU.TO,20230216,17.25,17.25,17.25,17.25,750
DF.TO,20230216,4.64,4.69,4.6,4.65,60950
DF.PR.A.TO,20230216,9.54,9.58,9.54,9.56,6200
DFN.TO,20230216,7.81,7.88,7.79,7.87,205318
DFN.PR.A.TO,20230216,9.53,9.58,9.53,9.57,61000
DFY.TO,20230216,36.37,36.59,35.99,36.01,93211
DGR.TO,20230216,36.75,36.94,36.67,36.67,3350
DGR.B.TO,20230216,40.01,40.01,39.88,39.88,838
DGRC.TO,20230216,35.13,35.21,35.08,35.08,4181
DGS.TO,20230216,6.43,6.47,6.39,6.4,178845
DGS.PR.A.TO,20230216,9.66,9.68,9.65,9.68,32314
DHT.UN.TO,20230216,7.62,7.8,7.62,7.8,31645
DIAM.TO,20230216,0.1,0.1,0.095,0.095,54629
DII.B.TO,20230216,4.88,4.9,4.8,4.8,7889
DIR.UN.TO,20230216,14.95,15.14,14.6,14.65,899395
DISC.TO,20230216,31.24,31.6,31.24,31.6,4906
DIV.TO,20230216,3.27,3.33,3.27,3.32,247863
DIV.DB.A.TO,20230216,95.35,96.27,95.28,95.28,39000
DIVS.TO,20230216,15.17,15.17,15.17,15.17,1018
DLCG.TO,20230216,3.25,3.25,3.25,3.25,631
DLR.TO,20230216,13.75,13.79,13.73,13.77,472162
DLR.U.TO,20230216,10.22,10.23,10.22,10.23,227794
DML.TO,20230216,1.84,1.85,1.79,1.79,1120663
DN.TO,20230216,0.08,0.08,0.08,0.08,217719
DND.TO,20230216,20.6,21.32,20.42,21,175855
DNG.TO,20230216,2.96,2.99,2.96,2.96,16502
DNTL.TO,20230216,9.78,10.12,9.67,9.97,228563
DOL.TO,20230216,79.59,80,79.2,79.25,406515
DOO.TO,20230216,119.44,120.27,118.51,119.94,131267
DPM.TO,20230216,7.9,8.07,7.8,8.02,402065
DR.TO,20230216,8.42,8.42,8.33,8.33,4137
DRFC.TO,20230216,24.67,24.67,24.67,24.67,250
DRFE.TO,20230216,19.14,19.14,19.14,19.14,270
DRM.TO,20230216,27.89,28.88,27.89,27.95,38450
DRMC.TO,20230216,25.53,25.67,25.53,25.62,2790
DRMD.TO,20230216,23.92,23.92,23.91,23.91,300
DRMU.TO,20230216,29.69,29.77,29.69,29.77,577
DRR.U.TO,20230216,8.75,8.75,8.6,8.69,3192
DRT.TO,20230216,0.88,0.9,0.85,0.85,47663
DRX.TO,20230216,2.08,2.08,2.02,2.05,9800
DS.TO,20230216,7.56,7.59,7.56,7.59,2296
DSAE.TO,20230216,20.32,20.32,20.32,20.32,100
DSG.TO,20230216,103.79,103.79,101.32,101.37,110888
DSV.TO,20230216,1.17,1.23,1.14,1.18,132280
DTOL.TO,20230216,9.58,9.58,9.23,9.23,1918
DXB.TO,20230216,18.1,18.14,18.1,18.13,1100
DXC.TO,20230216,33.32,33.57,33.32,33.46,7872
DXDB.TO,20230216,20.45,20.47,20.45,20.47,26354
DXET.TO,20230216,18.94,18.94,18.94,18.94,100
DXF.TO,20230216,32.88,32.88,32.88,32.88,1200
DXG.TO,20230216,44.84,44.9,44.68,44.68,4885
DXIF.TO,20230216,18.62,18.62,18.62,18.62,100
DXN.TO,20230216,19.98,19.98,19.98,19.98,100
DXO.TO,20230216,18.69,18.69,18.68,18.68,1500
DXP.TO,20230216,20.3,20.36,20.29,20.3,7458
DXQ.TO,20230216,21.2,21.2,21.13,21.13,1000
DXR.TO,20230216,21.97,21.97,21.97,21.97,100
DXT.TO,20230216,5.85,5.85,5.73,5.73,3418
DXU.TO,20230216,42.69,43,42.69,42.91,719
DXV.TO,20230216,19.85,19.85,19.81,19.82,53944
DXW.TO,20230216,21.23,21.23,21.23,21.23,100
DYA.TO,20230216,0.2,0.2,0.185,0.19,83528
E.TO,20230216,0.39,0.395,0.39,0.39,1600
EAGR.TO,20230216,0.75,0.86,0.75,0.86,19871
EARN.TO,20230216,46.51,46.51,46.51,46.51,100
EBIT.TO,20230216,12.11,12.55,12.09,12.23,78110
EBIT.U.TO,20230216,9.03,9.32,9.03,9.07,5942
EBNK.TO,20230216,10.09,10.1,10.09,10.1,432
EBNK.B.TO,20230216,9.5,9.5,9.5,9.5,132
ECN.TO,20230216,3.09,3.12,2.99,3.01,968908
ECN.DB.A.TO,20230216,87,87.5,87,87.5,20999
ECN.DB.B.TO,20230216,87,87,86.61,86.61,11000
ECO.TO,20230216,3.69,3.76,3.65,3.7,14972
ECOR.TO,20230216,2.44,2.44,2.19,2.44,32339
EDGE.TO,20230216,29.6,30.07,29.6,30.06,3195
EDGF.TO,20230216,9.7,9.74,9.7,9.74,689
EDR.TO,20230216,4.11,4.26,4.1,4.22,278454
EDT.TO,20230216,0.315,0.315,0.31,0.315,10700
EDV.TO,20230216,29.17,29.64,28.71,29.54,468180
EFN.TO,20230216,19.2,19.48,18.93,19.38,498897
EFN.PR.C.TO,20230216,24.32,24.32,24.32,24.32,143
EFR.TO,20230216,9.86,10.05,9.68,9.68,250189
EFX.TO,20230216,8.79,8.89,8.57,8.59,419220
EGIF.TO,20230216,21.51,21.51,21.51,21.51,500
EGLX.TO,20230216,0.91,0.94,0.9,0.91,153064
EHE.TO,20230216,29.7,29.7,29.29,29.29,2900
EIF.TO,20230216,54.22,54.72,54,54.35,69383
EIF.DB.J.TO,20230216,110.8,112.5,110.8,112.5,60000
EIF.DB.K.TO,20230216,113,113.13,112.85,113.13,20999
EIF.DB.L.TO,20230216,107.5,107.5,107.5,107.5,15000
EIF.DB.M.TO,20230216,100.5,100.5,100.16,100.16,175000
EIT.PR.A.TO,20230216,24.85,24.85,24.85,24.85,1515
EIT.UN.TO,20230216,13.62,13.63,13.55,13.58,164664
ELD.TO,20230216,11.78,12.18,11.69,12.03,679661
ELF.TO,20230216,922.01,922.75,922,922,2185
ELF.PR.F.TO,20230216,21.7,21.7,21.6,21.6,600
ELF.PR.G.TO,20230216,19.5,19.5,19.5,19.5,600
ELF.PR.H.TO,20230216,22.5,22.5,22.5,22.5,1000
EMA.TO,20230216,54.08,54.48,53.52,54.1,806118
EMA.PR.A.TO,20230216,14.1,14.1,14.1,14.1,1000
EMA.PR.B.TO,20230216,16.26,16.35,16.25,16.35,1500
EMA.PR.C.TO,20230216,19.94,20.01,19.94,19.94,2506
EMA.PR.E.TO,20230216,18.6,18.6,18.57,18.58,1101
EMA.PR.F.TO,20230216,18.45,18.55,18.45,18.45,6800
EMA.PR.J.TO,20230216,23.76,23.76,23.76,23.76,100
EMA.PR.L.TO,20230216,18.85,18.85,18.71,18.84,1600
EMP.A.TO,20230216,36.81,37.22,36.62,36.8,328708
EMV.B.TO,20230216,24.96,24.96,24.96,24.96,255
ENB.TO,20230216,52.52,53.06,52.3,52.71,16143880
ENB.PF.A.TO,20230216,16.68,16.7,16.68,16.7,2600
ENB.PF.C.TO,20230216,16.24,16.35,16.23,16.35,2572
ENB.PF.G.TO,20230216,15.5,15.5,15.5,15.5,10940
ENB.PF.K.TO,20230216,23.81,23.81,23.68,23.75,14700
ENB.PF.U.TO,20230216,20.7,20.98,20.32,20.69,198950
ENB.PF.V.TO,20230216,20.8,21.31,20.8,21.31,2100
ENB.PR.A.TO,20230216,22.55,22.55,22.5,22.5,6000
ENB.PR.B.TO,20230216,18.4,18.46,18.3,18.35,59140
ENB.PR.D.TO,20230216,18.9,18.92,18.8,18.8,61600
ENB.PR.F.TO,20230216,19.25,19.25,18.85,19.05,6125
ENB.PR.H.TO,20230216,16.82,17,16.82,16.98,3400
ENB.PR.J.TO,20230216,16.85,17,16.85,16.87,32555
ENB.PR.N.TO,20230216,18.2,18.4,18.2,18.34,14897
ENB.PR.P.TO,20230216,16.84,17.19,16.77,16.82,3300
ENB.PR.T.TO,20230216,16.6,16.6,16.55,16.55,1850
ENB.PR.V.TO,20230216,23.1,23.29,23.1,23.28,3520
ENB.PR.Y.TO,20230216,15.73,15.73,15.5,15.64,13160
ENCC.TO,20230216,11.42,11.51,11.31,11.35,24393
ENGH.TO,20230216,42.99,43.62,42.51,42.7,113704
ENI.UN.TO,20230216,1.52,1.52,1.46,1.48,900
ENS.TO,20230216,15.48,15.55,15.4,15.46,32011
ENS.PR.A.TO,20230216,10,10,10,10,2000
EPRX.TO,20230216,4.8,4.81,4.75,4.8,22700
EQB.TO,20230216,67,67.13,65.14,66.9,242826
EQB.PR.C.TO,20230216,23.88,23.88,23.65,23.7,8960
EQL.TO,20230216,31.02,31.19,30.98,30.98,18229
EQL.F.TO,20230216,27.33,27.61,27.32,27.37,11678
EQL.U.TO,20230216,23.21,23.21,23.21,23.21,600
EQX.TO,20230216,4.85,5.1,4.8,5,683953
ERD.TO,20230216,0.42,0.42,0.415,0.42,209250
ERE.UN.TO,20230216,3.6,3.65,3.58,3.61,54751
ERO.TO,20230216,20.66,22.1,20.66,22,268516
ESG.TO,20230216,28.89,28.97,28.77,28.77,1500
ESGA.TO,20230216,33,33,32.91,33,908
ESGB.TO,20230216,26.25,26.25,26.22,26.22,200
ESGC.TO,20230216,24.66,24.7,24.66,24.67,5200
ESGE.TO,20230216,30.16,30.32,30.16,30.24,5400
ESGG.TO,20230216,35.41,35.41,35.28,35.28,680
ESGY.TO,20230216,38.56,38.56,38.56,38.56,400
ESI.TO,20230216,3.64,3.68,3.52,3.52,213239
ESM.TO,20230216,0.06,0.06,0.05,0.05,1273957
ESPX.TO,20230216,20.9,20.9,20.89,20.89,1904
ET.TO,20230216,13.42,13.45,12.9,12.95,19895
ETC.TO,20230216,5.7,5.98,5.7,5.92,28961
ETC.U.TO,20230216,5.42,5.46,5.42,5.46,600
ETG.TO,20230216,1.23,1.27,1.22,1.26,18200
ETHH.TO,20230216,7.02,7.29,7.01,7.05,179090
ETHH.B.TO,20230216,7.88,8.25,7.88,7.97,190869
ETHH.U.TO,20230216,7.4,7.59,7.35,7.4,34463
ETHI.TO,20230216,41.84,41.84,41.49,41.5,4052
ETHQ.TO,20230216,9.1,9.33,9.05,9.09,18627
ETHQ.U.TO,20230216,6.85,6.85,6.81,6.81,1300
ETHR.TO,20230216,7.9,8.24,7.87,8.01,52720
ETHR.U.TO,20230216,7.41,7.59,7.4,7.42,9900
ETHX.B.TO,20230216,8.15,8.48,8.11,8.19,325968
ETHX.U.TO,20230216,7.56,7.88,7.54,7.64,45865
ETHY.TO,20230216,2.87,2.91,2.87,2.91,38369
ETHY.B.TO,20230216,3.49,3.57,3.48,3.52,4762
ETHY.U.TO,20230216,2.85,2.85,2.85,2.85,1700
ETP.TO,20230216,16.7,16.7,16.7,16.7,200
ETSX.TO,20230216,20.66,20.66,20.62,20.63,839
EVT.TO,20230216,138.12,138.12,138.12,138.12,200
EXE.TO,20230216,6.66,6.79,6.66,6.74,172098
EXE.DB.C.TO,20230216,96.25,96.94,96.25,96.26,50000
EXN.TO,20230216,0.36,0.375,0.36,0.37,39451
EXRO.TO,20230216,2.69,2.77,2.69,2.73,190205
EXRO.WT.TO,20230216,1.47,1.47,1.3,1.3,8300
FANS.TO,20230216,0.12,0.12,0.115,0.12,68934
FAP.TO,20230216,2.65,2.67,2.64,2.67,13018
FAR.TO,20230216,1.9,2,1.9,1.95,45289
FBGO.TO,20230216,17.32,17.32,17.32,17.32,200
FBTC.TO,20230216,11.14,11.32,11.07,11.19,6919
FC.TO,20230216,11.96,12.05,11.85,11.92,25278
FC.DB.I.TO,20230216,97,97,97,97,15000
FC.DB.L.TO,20230216,86.15,86.15,85,85,20000
FCCD.TO,20230216,28.39,28.55,28.35,28.41,4162
FCCV.TO,20230216,13.62,13.69,13.59,13.59,22100
FCD.UN.TO,20230216,5.9,6.2,5.9,6.2,74979
FCID.TO,20230216,24.14,24.14,24.14,24.14,1200
FCII.TO,20230216,21.5,21.5,21.49,21.49,1210
FCIQ.TO,20230216,32.97,33.17,32.97,33.02,2872
FCIQ.U.TO,20230216,24.66,24.66,24.66,24.66,600
FCIV.TO,20230216,30.26,30.35,30.26,30.28,4200
FCMI.TO,20230216,12.2,12.2,12.2,12.2,200
FCR.UN.TO,20230216,17.86,18.08,17.75,17.9,287408
FCRR.TO,20230216,33.05,33.05,32.87,32.87,900
FCRR.U.TO,20230216,24.59,24.6,24.59,24.6,1700
FCU.TO,20230216,0.86,0.87,0.85,0.85,772595
FCUD.TO,20230216,31.13,31.18,31.05,31.06,5562
FCUD.U.TO,20230216,23.19,23.19,23.18,23.19,1600
FCUH.TO,20230216,28.35,28.44,28.35,28.39,3900
FCUQ.TO,20230216,43.52,43.52,43.12,43.16,2600
FCUV.TO,20230216,13.75,13.75,13.67,13.67,7087
FDL.TO,20230216,31.9,31.98,31.85,31.85,710
FDY.TO,20230216,0.8,0.81,0.79,0.81,336897
FEBB.F.TO,20230216,35.38,35.38,35.35,35.35,1760
FEC.TO,20230216,11.9,12.1,11.84,11.94,70654
FETH.TO,20230216,30.9,30.92,30.9,30.92,254
FF.TO,20230216,0.195,0.195,0.19,0.19,279400
FFH.TO,20230216,863.92,883.55,863.92,868.83,35148
FFH.PR.C.TO,20230216,19.6,19.61,19.6,19.61,15000
FFH.PR.D.TO,20230216,21.11,21.11,21.11,21.11,200
FFH.PR.E.TO,20230216,15.06,15.08,15.06,15.08,1100
FFH.PR.F.TO,20230216,17.35,17.35,17.35,17.35,900
FFH.PR.G.TO,20230216,15.59,15.6,15.41,15.41,1668
FFH.PR.H.TO,20230216,18.4,18.4,18.4,18.4,178
FFH.PR.I.TO,20230216,16.8,16.8,16.65,16.65,3984
FFH.PR.J.TO,20230216,19.1,19.1,19.1,19.1,350
FFH.PR.K.TO,20230216,21,21.17,20.96,21,3000
FFH.PR.M.TO,20230216,22.75,22.75,22.75,22.75,100
FFH.U.TO,20230216,652.44,652.44,652.44,652.44,100
FFN.TO,20230216,5.86,6.09,5.79,5.89,442477
FFN.PR.A.TO,20230216,9.8,9.83,9.79,9.82,59461
FGAA.U.TO,20230216,9.96,9.96,9.96,9.96,5000
FGGE.TO,20230216,21.51,21.51,21.51,21.51,1052
FGO.TO,20230216,9.93,9.93,9.92,9.93,1900
FHG.TO,20230216,41.33,41.33,41.2,41.2,3300
FHH.TO,20230216,40.32,40.72,40.32,40.72,1100
FHI.TO,20230216,11.75,11.75,11.7,11.73,1696
FHI.B.TO,20230216,12.75,12.77,12.75,12.77,200
FHIS.TO,20230216,20.22,20.23,20.21,20.22,22200
FHQ.TO,20230216,68.38,68.38,68.38,68.38,120
FIE.TO,20230216,7.15,7.23,7.15,7.2,166998
FIG.TO,20230216,9.26,9.26,9.26,9.26,2292
FIH.U.TO,20230216,13.23,13.5,13.21,13.21,9900
FIL.TO,20230216,22.48,23.2,22.3,22.88,91513
FINO.TO,20230216,15.03,15.03,15.03,15.03,400
FLCP.TO,20230216,17.3,17.3,17.3,17.3,3772
FLDM.TO,20230216,20.3,20.3,20.3,20.3,378
FLGA.TO,20230216,18.52,18.52,18.52,18.52,409
FLI.TO,20230216,10.45,10.61,10.45,10.61,1230
FLNT.TO,20230216,0.04,0.045,0.04,0.045,21019
FLOW.TO,20230216,0.66,0.7,0.66,0.66,24813
FLSD.TO,20230216,18.53,18.53,18.53,18.53,1000
FLUS.TO,20230216,32.17,32.33,32.09,32.09,4100
FLX.TO,20230216,6.78,6.78,6.75,6.75,5000
FM.TO,20230216,27,27.08,26.41,26.78,1886530
FN.TO,20230216,38.99,38.99,38.72,38.84,10506
FN.PR.A.TO,20230216,11.32,11.34,11.32,11.34,2500
FNV.TO,20230216,178.64,182.14,177.57,181.44,289856
FOOD.TO,20230216,0.65,0.65,0.6,0.63,101929
FORA.TO,20230216,7.83,7.91,6.99,7.8,12311
FOUR.TO,20230216,38.9,38.9,38.9,38.9,203
FRU.TO,20230216,15.83,16.09,15.77,15.82,605395
FRX.TO,20230216,12.7,12.7,12.7,12.7,113
FSB.TO,20230216,9.55,9.56,9.54,9.54,11300
FSL.TO,20230216,17.02,17.02,17.02,17.02,400
FSV.TO,20230216,190.3,191.67,189.09,191.27,68033
FSY.TO,20230216,0.47,0.485,0.47,0.48,109568
FSZ.TO,20230216,9.14,9.26,9.11,9.24,162457
FT.TO,20230216,0.08,0.08,0.075,0.075,53150
FTG.TO,20230216,2.79,2.8,2.72,2.72,9900
FTN.TO,20230216,9.87,9.92,9.84,9.9,83367
FTN.PR.A.TO,20230216,9.89,9.89,9.89,9.89,5899
FTS.TO,20230216,54.99,55.15,54.35,54.95,1880529
FTS.PR.F.TO,20230216,20.65,20.65,20.65,20.65,850
FTS.PR.G.TO,20230216,18.45,18.45,18.16,18.17,600
FTS.PR.H.TO,20230216,13.34,13.34,13.34,13.34,100
FTS.PR.I.TO,20230216,16.42,16.6,16.42,16.6,1450
FTS.PR.J.TO,20230216,20.1,20.18,20.09,20.15,3400
FTS.PR.K.TO,20230216,17.24,17.35,17.24,17.35,2401
FTS.PR.M.TO,20230216,17.85,18.05,17.85,17.95,1000
FTT.TO,20230216,36.37,36.58,35.94,35.99,330453
FTU.TO,20230216,0.32,0.32,0.32,0.32,1000
FTU.PR.B.TO,20230216,6.54,6.54,6.54,6.54,200
FURY.TO,20230216,0.83,0.84,0.82,0.83,117476
FVI.TO,20230216,4.51,4.63,4.46,4.58,425677
FVI.DB.U.TO,20230216,97,97,97,97,10000
FVL.TO,20230216,0.425,0.425,0.4,0.415,78695
FWCP.TO,20230216,16.97,16.97,16.97,16.97,200
FXM.TO,20230216,20.99,21.17,20.99,21.12,2628
G.TO,20230216,1.25,1.26,1.24,1.26,94150
GATO.TO,20230216,6.12,6.55,6.12,6.5,4200
GAU.TO,20230216,0.76,0.77,0.76,0.77,28500
GBAL.TO,20230216,41.36,41.36,41.3,41.3,1014
GBT.TO,20230216,14.19,14.19,14.19,14.19,375
GCBD.TO,20230216,17.57,17.58,17.57,17.58,800
GCG.A.TO,20230216,39.56,39.69,39.49,39.5,1785
GCL.TO,20230216,0.79,0.8,0.78,0.8,12261
GCNS.TO,20230216,38.25,38.29,38.25,38.29,790
GCSC.TO,20230216,20.78,20.78,20.77,20.77,500
GDC.TO,20230216,2.25,2.29,2.25,2.29,1128
GDEP.B.TO,20230216,18.48,18.52,18.44,18.44,4040
GDI.TO,20230216,48.43,48.44,47.2,47.2,9633
GDL.TO,20230216,15.6,15.75,15.6,15.68,1536
GDV.TO,20230216,10.49,10.61,10.45,10.61,193115
GDV.PR.A.TO,20230216,9.57,9.61,9.57,9.6,67600
GEI.TO,20230216,23.72,23.88,23.56,23.79,324919
GENM.TO,20230216,0.64,0.65,0.64,0.64,65329
GEO.TO,20230216,3.07,3.13,3.07,3.13,8461
GEQT.TO,20230216,45.57,45.97,45.57,45.97,562
GFL.TO,20230216,41.72,42.58,41.63,42.19,181702
GFP.TO,20230216,1.7,1.7,1.66,1.66,5421
GGD.TO,20230216,2.06,2.16,2.06,2.13,301728
GGRO.TO,20230216,43.63,43.63,43.63,43.63,584
GIB.A.TO,20230216,124.55,125.72,123.71,124.77,364379
GIL.TO,20230216,39.63,40.51,39.63,40.1,591081
GIVX.TO,20230216,0.65,0.66,0.65,0.66,7500
GLCC.TO,20230216,23.73,24.01,23.46,24.01,13494
GLO.TO,20230216,3.11,3.15,3.06,3.09,307532
GLXY.TO,20230216,4.54,5.06,4.42,4.95,2232436
GMTN.TO,20230216,0.12,0.12,0.115,0.115,39314
GMX.TO,20230216,0.8,0.8,0.75,0.75,33200
GOLD.TO,20230216,1.46,1.5,1.44,1.48,106214
GOOS.TO,20230216,26.88,27.68,26.73,26.86,352529
GRA.TO,20230216,2.95,3.25,2.95,3.17,229727
GRID.TO,20230216,1.04,1.04,1.03,1.03,4800
GRN.TO,20230216,0.485,0.485,0.45,0.46,165323
GRT.UN.TO,20230216,83.66,84.51,83.11,84,97839
GSY.TO,20230216,133.52,135.5,126.85,133.34,144441
GTE.TO,20230216,1.18,1.19,1.15,1.16,447981
GUD.TO,20230216,5.13,5.14,5.06,5.06,77930
GURU.TO,20230216,3.73,3.79,3.7,3.79,3104
GVC.TO,20230216,0.35,0.35,0.35,0.35,13500
GWO.TO,20230216,35.9,36.43,35.9,36.13,1935730
GWO.PR.G.TO,20230216,21.85,21.9,21.85,21.85,9300
GWO.PR.H.TO,20230216,20.52,20.52,20.52,20.52,600
GWO.PR.I.TO,20230216,19.6,19.6,19.55,19.55,2050
GWO.PR.L.TO,20230216,23.41,23.41,23.41,23.41,200
GWO.PR.M.TO,20230216,23.67,23.9,23.67,23.81,5000
GWO.PR.N.TO,20230216,12.71,12.73,12.69,12.73,3900
GWO.PR.P.TO,20230216,22.4,22.49,22.3,22.3,7750
GWO.PR.Q.TO,20230216,21.7,21.7,21.57,21.57,4500
GWO.PR.R.TO,20230216,20.55,20.55,20.45,20.45,1650
GWO.PR.S.TO,20230216,21.9,21.9,21.85,21.85,4750
GWO.PR.T.TO,20230216,21.9,21.9,21.9,21.9,1000
GWO.PR.Y.TO,20230216,19.65,19.65,19.41,19.62,700
GXE.TO,20230216,1.07,1.08,1.05,1.05,1285863
H.TO,20230216,35.91,36.2,35.44,35.72,1236724
HAB.TO,20230216,9.64,9.7,9.64,9.7,10885
HAC.TO,20230216,25.9,26,25.9,25.92,3330
HAF.TO,20230216,7.01,7.01,7.01,7.01,308
HAI.TO,20230216,3.77,3.99,3.77,3.99,8469
HAL.TO,20230216,20.19,20.28,20.17,20.21,8872
HAZ.TO,20230216,27.69,27.75,27.61,27.61,7494
HBA.TO,20230216,22.16,22.19,22.12,22.17,3318
HBAL.TO,20230216,12.87,12.91,12.87,12.9,10386
HBB.TO,20230216,44.77,44.86,44.76,44.79,23824
HBD.TO,20230216,12,12.01,11.82,11.92,16905
HBF.TO,20230216,9.71,9.76,9.68,9.68,8226
HBF.B.TO,20230216,10.48,10.49,10.48,10.49,5770
HBFE.TO,20230216,10.7,10.7,10.66,10.66,705
HBLK.TO,20230216,10.64,10.64,10.64,10.64,1234
HBM.TO,20230216,6.81,7.02,6.77,6.93,987179
HBU.TO,20230216,10.35,10.49,10.35,10.41,47059
HBUG.TO,20230216,18.98,18.98,18.98,18.98,141
HCA.TO,20230216,23.04,23.21,23.04,23.14,5655
HCAL.TO,20230216,22.75,22.91,22.68,22.79,27988
HCLN.TO,20230216,12.73,12.85,12.73,12.76,13205
HCON.TO,20230216,12.05,12.05,12.05,12.05,2202
HCRE.TO,20230216,26.9,26.9,26.9,26.9,922
HDIF.TO,20230216,8.45,8.48,8.39,8.41,130264
HDIV.TO,20230216,16.19,16.3,16.13,16.19,64348
HED.TO,20230216,6.23,6.46,6.23,6.46,110514
HERO.TO,20230216,26.33,26.33,26.33,26.33,200
HEU.TO,20230216,25.17,25.18,24.22,24.27,265944
HEWB.TO,20230216,31.08,31.19,30.98,31.06,15994
HFD.TO,20230216,9.83,9.86,9.79,9.86,6869
HFG.TO,20230216,20.64,20.64,20.58,20.58,826
HFIN.TO,20230216,14.44,14.57,14.41,14.48,9463
HFR.TO,20230216,9.83,9.83,9.82,9.83,3297
HFU.TO,20230216,20.39,20.68,20.37,20.55,2411
HGD.TO,20230216,7.09,7.22,6.82,6.9,236543
HGR.TO,20230216,7.12,7.12,7,7.05,3102
HGU.TO,20230216,12.81,13.05,12.32,12.92,300561
HGY.TO,20230216,9.45,9.49,9.44,9.48,710
HHL.TO,20230216,8.04,8.04,7.96,7.97,452172
HHL.B.TO,20230216,8.53,8.57,8.53,8.57,18102
HHL.U.TO,20230216,8.4,8.41,8.34,8.34,3652
HHLE.TO,20230216,10.25,10.25,10.13,10.14,33145
HIG.TO,20230216,8.67,8.68,8.67,8.68,1000
HISU.U.TO,20230216,100.22,100.22,100.22,100.22,200
HIU.TO,20230216,14.41,14.43,14.29,14.43,17874
HIX.TO,20230216,7.15,7.15,7.15,7.15,5048
HLF.TO,20230216,15.08,15.08,14.51,14.51,7400
HLFE.TO,20230216,10.76,10.81,10.76,10.81,2100
HLIF.TO,20230216,9.39,9.46,9.39,9.42,4700
HLIT.TO,20230216,40.09,40.09,40.09,40.09,153
HLPR.TO,20230216,23.32,23.33,23.32,23.33,2300
HLS.TO,20230216,8.66,8.73,8.64,8.69,5750
HMAX.TO,20230216,16.4,16.48,16.38,16.45,58100
HMM.A.TO,20230216,5.45,5.45,5.3,5.3,3500
HMMJ.TO,20230216,12.24,12.44,12.12,12.31,9319
HMP.TO,20230216,9.27,9.27,9.25,9.25,400
HND.TO,20230216,61.38,67.42,61,65.43,356203
HNU.TO,20230216,1.93,1.95,1.76,1.81,10832050
HOD.TO,20230216,10.53,10.69,10.39,10.67,462225
HOM.U.TO,20230216,14.51,14.66,14.38,14.47,21600
HOM.UN.TO,20230216,19.49,19.7,19.36,19.7,13741
HOT.DB.V.TO,20230216,86.76,86.76,86.75,86.75,20000
HOT.U.TO,20230216,2.03,2.03,2.02,2.02,400
HOT.UN.TO,20230216,2.77,2.77,2.71,2.74,157541
HOU.TO,20230216,14.6,14.79,14.38,14.4,684270
HPF.TO,20230216,3.69,3.69,3.67,3.67,3665
HPR.TO,20230216,7.97,8.03,7.97,7.99,47476
HPS.A.TO,20230216,26.95,27,26.54,26.59,15438
HQD.TO,20230216,7.04,7.11,6.88,7.1,1244179
HQU.TO,20230216,10.21,10.44,10.09,10.1,873620
HR.UN.TO,20230216,12.91,13.19,12.91,13.11,750120
HRX.TO,20230216,13.45,13.48,13.21,13.31,65991
HSAV.TO,20230216,106.42,106.59,106.4,106.58,22704
HSD.TO,20230216,7.27,7.29,7.14,7.29,1536165
HSH.TO,20230216,50.15,50.51,50.15,50.25,10636
HSU.TO,20230216,14.3,14.55,14.23,14.23,506535
HSUV.U.TO,20230216,102.95,102.97,102.92,102.97,20683
HTA.TO,20230216,13.21,13.3,13.12,13.12,25546
HTA.B.TO,20230216,13.37,13.37,13.37,13.37,368
HTA.U.TO,20230216,14.01,14.09,14.01,14.09,1200
HTAE.TO,20230216,11.42,11.42,11.3,11.3,37438
HTB.TO,20230216,53.87,53.87,53.87,53.87,375
HUBL.TO,20230216,14.64,14.64,14.64,14.64,100
HUC.TO,20230216,20.56,20.56,20.55,20.55,401
HUG.TO,20230216,14.75,14.84,14.75,14.84,4395
HULC.TO,20230216,64.4,64.76,64.4,64.75,736
HULC.U.TO,20230216,47.7,47.7,47.69,47.69,1900
HUN.TO,20230216,12.53,12.6,12.44,12.57,8237
HURA.TO,20230216,24.8,25,24.8,24.85,935
HUT.TO,20230216,2.72,2.95,2.6,2.64,9359010
HUTE.TO,20230216,10.79,10.83,10.79,10.83,1000
HUTL.TO,20230216,17.87,17.87,17.65,17.84,3215
HUTS.TO,20230216,13.86,13.97,13.86,13.97,300
HUV.TO,20230216,5.42,5.53,5.29,5.51,284593
HUZ.TO,20230216,10,10.11,10,10.08,3352
HWO.TO,20230216,1.44,1.44,1.4,1.44,38735
HWX.TO,20230216,6.52,6.52,6.31,6.33,460301
HXCN.TO,20230216,31.89,31.99,31.89,31.98,3300
HXD.TO,20230216,6.6,6.63,6.53,6.59,117938
HXDM.TO,20230216,39.38,39.67,39.38,39.56,434
HXE.TO,20230216,30.67,30.83,30.4,30.4,15880
HXEM.TO,20230216,32.21,32.25,32.21,32.25,1430
HXH.TO,20230216,45.35,46.02,45.35,46.02,7584
HXQ.TO,20230216,47.75,48.3,47.6,47.64,21554
HXQ.U.TO,20230216,35.48,35.75,35.48,35.75,1300
HXS.TO,20230216,55.33,55.81,55.3,55.34,13300
HXS.U.TO,20230216,41.2,41.45,41.2,41.4,890
HXT.TO,20230216,50.81,51.09,50.64,50.85,341366
HXT.U.TO,20230216,37.95,37.98,37.95,37.98,3400
HXU.TO,20230216,19.7,19.91,19.58,19.72,101459
HXX.TO,20230216,41.42,41.43,41.23,41.23,2942
HYBR.TO,20230216,8.17,8.17,8.11,8.11,2900
HYLD.TO,20230216,12.1,12.13,12.05,12.06,196797
HYLD.U.TO,20230216,12.25,12.29,12.21,12.23,11274
HZD.TO,20230216,18.7,18.77,18.23,18.45,25283
HZU.TO,20230216,18.68,19.21,18.6,18.83,159343
IAF.PR.B.TO,20230216,20.48,20.48,20.48,20.48,200
IAG.TO,20230216,86.63,90.85,86.63,89.66,497575
IAU.TO,20230216,3.2,3.31,3.17,3.23,640729
IBG.DB.E.TO,20230216,100,100,100,100,2000
ICE.TO,20230216,3.75,3.75,3.75,3.75,300
ICPB.TO,20230216,9.38,9.38,9.38,9.38,192
IDIV.B.TO,20230216,11.52,11.55,11.52,11.55,3600
IE.TO,20230216,20,20.8,20,20.67,1150
IFA.TO,20230216,0.85,0.89,0.85,0.89,1500
IFC.TO,20230216,197.95,201.74,197.95,200.51,243960
IFC.PR.A.TO,20230216,18.7,18.7,18.55,18.63,1800
IFC.PR.C.TO,20230216,18.65,18.69,18.65,18.69,400
IFC.PR.E.TO,20230216,21.85,21.85,21.84,21.85,2000
IFC.PR.F.TO,20230216,22.3,22.3,22.3,22.3,400
IFC.PR.G.TO,20230216,21.85,21.92,21.85,21.92,8200
IFC.PR.I.TO,20230216,23,23,23,23,200
IFC.PR.K.TO,20230216,21.85,22.1,21.8,22.08,4209
IFP.TO,20230216,23.5,23.74,22.98,23.01,269211
IFRF.TO,20230216,8.91,8.91,8.89,8.89,6300
IGB.TO,20230216,17.8,17.8,17.8,17.8,200
IGCF.TO,20230216,16.51,16.51,16.51,16.51,100
IGM.TO,20230216,41.92,42.94,41.92,42.64,173173
IICE.TO,20230216,19.34,19.34,19.34,19.34,100
III.TO,20230216,2.08,2.1,2.08,2.1,3200
IIP.UN.TO,20230216,14.46,14.82,14.46,14.67,252255
IMG.TO,20230216,3.3,3.4,3.22,3.37,884036
IMO.TO,20230216,69.79,70.3,69.12,69.21,729235
IMP.TO,20230216,0.81,0.85,0.81,0.84,9793
INC.UN.TO,20230216,11.62,11.69,11.09,11.69,12373
INE.TO,20230216,15.7,15.94,15.63,15.89,262203
INE.DB.B.TO,20230216,100.5,100.5,100.5,100.5,10000
INE.DB.C.TO,20230216,97.32,97.41,97.32,97.41,30000
INE.PR.A.TO,20230216,14.5,14.5,14.45,14.45,3100
INE.PR.C.TO,20230216,21.9,22.08,21.9,22.08,1600
INO.UN.TO,20230216,4.58,4.58,4.5,4.51,43617
IPCO.TO,20230216,12.58,12.62,12.43,12.43,157089
IPO.TO,20230216,2.81,2.84,2.78,2.81,216994
IQD.TO,20230216,30.31,30.31,30.31,30.31,200
IQD.B.TO,20230216,26.33,26.33,26.33,26.33,253
ISIF.TO,20230216,10.79,10.81,10.79,10.81,400
ISV.TO,20230216,22.44,22.51,22.24,22.51,8751
ITE.TO,20230216,0.325,0.33,0.325,0.325,371169
ITH.TO,20230216,0.77,0.77,0.76,0.77,4100
IVN.TO,20230216,12.25,12.73,12.21,12.58,1632581
IVQ.TO,20230216,1.23,1.25,1.2,1.25,11950
IVQ.DB.V.TO,20230216,87,87,85,85,37000
IVQ.U.TO,20230216,0.9,0.9,0.9,0.9,6966
IWBE.TO,20230216,17.63,17.63,17.62,17.62,12600
IXTE.TO,20230216,19.1,19.19,19.1,19.16,400
JAG.TO,20230216,2.68,2.68,2.62,2.63,21043
JAPN.TO,20230216,31,31,31,31,500
JFS.UN.TO,20230216,23.96,23.96,23.77,23.77,400
JOY.TO,20230216,5.03,5.38,5.03,5.3,418210
JWEL.TO,20230216,35.85,36.53,35.78,36.4,35138
K.TO,20230216,5.3,5.32,5.07,5.29,5979185
KBL.TO,20230216,30.45,30.57,30.45,30.57,1051
KEC.TO,20230216,13.69,13.89,13.58,13.68,6451
KEG.UN.TO,20230216,16.32,16.48,16.32,16.43,10047
KEI.TO,20230216,6.28,6.45,6.01,6.15,32722
KEL.TO,20230216,4.66,4.8,4.58,4.61,1607312
KEY.TO,20230216,30.9,31.31,30.64,31.15,788693
KILO.TO,20230216,27.49,27.49,27.49,27.49,1286
KITS.TO,20230216,3.51,3.63,3.51,3.6,4347
KLS.TO,20230216,0.405,0.405,0.385,0.385,19587
KMP.UN.TO,20230216,18.12,18.54,18.12,18.42,175930
KNT.TO,20230216,6.83,7.12,6.78,7.1,1197529
KPT.TO,20230216,10.29,10.36,10.22,10.31,16077
KRN.TO,20230216,0.29,0.3,0.29,0.3,11100
KRR.TO,20230216,4.18,4.34,4.13,4.33,518418
KSI.TO,20230216,2.62,2.78,2.62,2.75,429210
KXS.TO,20230216,163.01,163.92,160.25,162.34,43635
L.TO,20230216,118.26,118.64,117.57,118.43,168654
L.PR.B.TO,20230216,23,23,23,23,200
LABS.TO,20230216,0.085,0.09,0.08,0.085,107850
LAC.TO,20230216,33.2,34.79,32.74,33.97,1006527
LAM.TO,20230216,0.45,0.46,0.445,0.445,75735
LAS.A.TO,20230216,110.62,112.01,110.62,110.78,927
LB.TO,20230216,35.5,35.72,35.16,35.24,114666
LB.PR.H.TO,20230216,16.87,16.89,16.87,16.89,400
LBS.TO,20230216,8.98,9.13,8.95,9.08,193092
LBS.PR.A.TO,20230216,9.94,9.95,9.93,9.93,23900
LCFS.TO,20230216,10.85,11.16,10.85,10.9,4110
LCS.TO,20230216,5.74,6.06,5.74,6.01,58327
LCS.PR.A.TO,20230216,10.03,10.03,10.02,10.02,17100
LEAD.B.TO,20230216,15.85,15.85,15.83,15.83,1200
LEV.TO,20230216,3.26,3.45,3.24,3.33,381650
LEV.WT.TO,20230216,0.41,0.44,0.41,0.44,4000
LEV.WT.A.TO,20230216,1.28,1.4,1.19,1.23,12540
LFE.TO,20230216,3.55,3.93,3.55,3.79,60429
LFE.PR.B.TO,20230216,10.34,10.38,10.34,10.36,31278
LGD.TO,20230216,0.51,0.53,0.5,0.51,60727
LGO.TO,20230216,9.09,9.2,8.75,8.84,126470
LIF.TO,20230216,36.5,37.62,36.45,37.22,137293
LIFE.TO,20230216,21.45,21.48,21.39,21.39,3668
LN.TO,20230216,0.43,0.435,0.43,0.43,6704
LNF.TO,20230216,20.56,20.56,19.57,19.6,17613
LNR.TO,20230216,73.41,74.32,73.41,73.73,81415
LPEN.TO,20230216,1.04,1.04,1.01,1.03,7401
LSPD.TO,20230216,23.66,23.98,23.12,23.16,1252482
LSPK.TO,20230216,0.8,0.8,0.8,0.8,2800
LUC.TO,20230216,0.61,0.61,0.59,0.6,291065
LUG.TO,20230216,13.32,13.41,13.11,13.28,153592
LUN.TO,20230216,8.75,8.93,8.66,8.92,2133626
LYFR.TO,20230216,10.13,10.13,10.13,10.13,100
MAG.TO,20230216,17.03,17.39,16.77,17.13,509229
MAL.TO,20230216,9.36,9.36,9.25,9.25,2705
MARI.TO,20230216,3.44,3.8,3.41,3.68,15400
MBAL.TO,20230216,21.05,21.05,21.05,21.05,8447
MBX.TO,20230216,0.37,0.4,0.37,0.395,41008
MCB.TO,20230216,1.19,1.19,1.15,1.15,63200
MCLC.TO,20230216,34.49,34.51,34.49,34.51,400
MCSB.TO,20230216,18.87,18.87,18.85,18.85,5800
MCSM.TO,20230216,36.41,36.41,36.33,36.33,400
MDA.TO,20230216,7.75,7.76,7.33,7.33,116365
MDI.TO,20230216,10.79,11,10.73,10.9,65269
MDIV.TO,20230216,12.86,12.86,12.86,12.86,131
MDNA.TO,20230216,0.95,0.95,0.88,0.88,32808
MDP.TO,20230216,1.29,1.44,1.29,1.39,62579
MDVD.TO,20230216,22.3,22.3,22.3,22.3,200
MEE.TO,20230216,23.1,23.16,23.1,23.16,270
MEG.TO,20230216,22.89,23.25,22.78,22.88,1490110
MEQ.TO,20230216,144.34,144.34,138.2,138.2,2209
MFC.TO,20230216,25.94,27.4,25.93,27.12,26686450
MFC.PR.B.TO,20230216,20.43,20.48,20.43,20.48,800
MFC.PR.C.TO,20230216,19.96,19.96,19.95,19.95,4006
MFC.PR.F.TO,20230216,13.5,13.5,13.5,13.5,200
MFC.PR.I.TO,20230216,23.96,23.99,23.82,23.82,3100
MFC.PR.J.TO,20230216,23,23,22.7,22.8,9050
MFC.PR.K.TO,20230216,19.95,19.95,19.95,19.95,100
MFC.PR.L.TO,20230216,17.99,18.01,17.9,17.9,2000
MFC.PR.N.TO,20230216,18.08,18.08,18.08,18.08,100
MFC.PR.Q.TO,20230216,21.5,21.69,21.49,21.5,13300
MFI.TO,20230216,26,26.25,25.78,26.01,105734
MFT.TO,20230216,17.53,17.56,17.53,17.54,14733
MG.TO,20230216,75.24,76.97,74.85,75.92,858562
MGA.TO,20230216,0.225,0.235,0.225,0.235,67435
MGB.TO,20230216,16.68,16.72,16.59,16.72,7386
MHC.U.TO,20230216,17.39,17.55,17.35,17.5,12900
MHC.UN.TO,20230216,23.39,23.7,23.39,23.7,300
MHCD.TO,20230216,10.9,10.97,10.9,10.94,1400
MI.UN.TO,20230216,16.25,16.5,16.13,16.17,171765
MID.UN.TO,20230216,6.93,7.05,6.93,7.05,8400
MIN.TO,20230216,0.265,0.265,0.255,0.255,52001
MINF.TO,20230216,10.05,10.13,10.05,10.1,3400
MINN.TO,20230216,12.3,12.3,12.3,12.3,1000
MKB.TO,20230216,18.67,18.72,18.64,18.72,15677
MKC.TO,20230216,29.58,29.77,29.58,29.77,162135
MKP.TO,20230216,16.01,16.06,15.86,16.01,9919
MKZ.UN.TO,20230216,0.63,0.63,0.63,0.63,500
MMP.UN.TO,20230216,1.64,1.98,1.5,1.95,14680
MND.TO,20230216,2.67,2.7,2.64,2.66,12400
MNO.TO,20230216,0.37,0.375,0.36,0.365,132500
MNS.TO,20230216,15.22,15.74,15.22,15.7,800
MNT.TO,20230216,25.65,25.9,25.65,25.79,7600
MNY.TO,20230216,100.22,100.23,100.22,100.23,325
MOGO.TO,20230216,1.04,1.12,1.04,1.07,54285
MPC.TO,20230216,6.57,6.9,6.57,6.9,908
MPCT.UN.TO,20230216,3.75,3.79,3.6,3.64,284185
MPVD.TO,20230216,0.54,0.55,0.53,0.55,9000
MR.DB.B.TO,20230216,95,95,95,95,8000
MR.UN.TO,20230216,5.75,5.82,5.75,5.8,3546
MRC.TO,20230216,116.96,119.21,116.96,118.64,1764
MRD.TO,20230216,12.08,12.08,12.08,12.08,141
MRE.TO,20230216,13.7,13.78,13.59,13.62,130181
MREL.TO,20230216,13.3,13.35,13.23,13.25,3429
MRG.UN.TO,20230216,18.52,18.65,18.42,18.61,38350
MRT.DB.A.TO,20230216,97,97,97,97,54000
MRT.UN.TO,20230216,5.3,5.32,5.26,5.32,25425
MRU.TO,20230216,71.49,71.72,71.34,71.52,451031
MSA.TO,20230216,0.7,0.7,0.63,0.65,44555
MSV.TO,20230216,0.18,0.18,0.18,0.18,7500
MTL.TO,20230216,14.15,14.35,14.15,14.17,299250
MTL.DB.TO,20230216,115,115,114.5,114.5,22000
MTY.TO,20230216,71.91,73.5,68.46,69.17,113979
MUB.TO,20230216,18.33,18.39,18.3,18.37,27407
MULC.B.TO,20230216,43.14,43.14,43.14,43.14,100
MUMC.TO,20230216,38.65,38.65,38.43,38.43,400
MUMC.B.TO,20230216,41.89,41.93,41.78,41.78,1300
MUS.TO,20230216,32.59,33.03,32.59,32.82,7644
MUSA.TO,20230216,13.85,14.02,13.85,14.02,5100
MUX.TO,20230216,7.9,8.25,7.74,8.12,28657
MWD.TO,20230216,26.81,26.86,26.77,26.86,1919
MX.TO,20230216,67.09,67.8,66.49,66.97,195291
MXG.TO,20230216,4.44,4.45,4.18,4.23,17330
MXU.TO,20230216,21.55,21.6,21.54,21.6,2437
NA.TO,20230216,100.28,101,99.84,100.49,826382
NA.PR.C.TO,20230216,25.72,25.76,25.7,25.7,25272
NA.PR.E.TO,20230216,21.55,21.8,21.55,21.7,8250
NA.PR.G.TO,20230216,22.28,22.35,22.25,22.35,2605
NA.PR.S.TO,20230216,18.92,19.1,18.92,18.96,9025
NA.PR.W.TO,20230216,17.85,18.02,17.85,18.02,8300
NALT.TO,20230216,23.24,23.3,23.24,23.27,7280
NANO.TO,20230216,3.14,3.35,3.08,3.11,150681
NCF.TO,20230216,0.03,0.03,0.03,0.03,1718
NCP.TO,20230216,0.055,0.055,0.05,0.05,215546
NCU.TO,20230216,0.36,0.38,0.36,0.37,61329
NDM.TO,20230216,0.3,0.305,0.3,0.305,600416
NEO.TO,20230216,11.47,11.6,11.41,11.44,53250
NEXT.TO,20230216,2.64,2.66,2.64,2.64,27672
NFI.TO,20230216,11.41,11.45,11.2,11.3,109782
NFI.DB.TO,20230216,88,88,86.1,87.9,17000
NG.TO,20230216,7.8,7.94,7.64,7.82,212765
NGD.TO,20230216,1.29,1.29,1.23,1.24,1916984
NGPE.TO,20230216,34.35,34.35,34.35,34.35,100
NGT.TO,20230216,61.29,62.22,60.85,61.74,224356
NHYB.TO,20230216,20.78,20.79,20.76,20.76,741
NOA.TO,20230216,21.8,22.98,21.28,22,207584
NOA.DB.A.TO,20230216,107.5,113.5,107.5,112,328000
NOA.DB.B.TO,20230216,109,111,109,111,85000
NOVB.F.TO,20230216,34.49,34.49,34.49,34.49,100
NOVC.TO,20230216,0.78,0.78,0.78,0.78,1013
NPI.TO,20230216,33.1,33.42,32.89,33.31,823757
NPI.PR.B.TO,20230216,18.91,19.2,18.91,19.2,500
NPK.TO,20230216,6.37,6.68,6.37,6.62,107089
NPRF.TO,20230216,20.86,20.95,20.86,20.95,400
NREA.TO,20230216,19.81,19.81,19.81,19.81,295
NSCB.TO,20230216,21.76,21.76,21.76,21.76,100
NSCC.TO,20230216,21.29,21.32,21.29,21.32,1400
NSSB.TO,20230216,9.58,9.58,9.54,9.58,2100
NTR.TO,20230216,100,109.77,99.87,104.88,2159230
NUAG.TO,20230216,3.67,3.99,3.63,3.76,75567
NUBF.TO,20230216,21.47,21.47,21.45,21.47,2500
NUMI.TO,20230216,0.245,0.25,0.24,0.245,275583
NVA.TO,20230216,11.43,11.64,11.32,11.41,766400
NVEI.TO,20230216,45.22,45.9,44.52,44.56,153128
NVO.TO,20230216,0.32,0.325,0.315,0.32,72364
NWC.TO,20230216,36.42,36.81,36.4,36.73,68490
NWH.DB.G.TO,20230216,99.25,99.25,99.25,99.25,10200
NWH.DB.H.TO,20230216,98.5,98.5,98.3,98.3,13000
NWH.UN.TO,20230216,9.6,9.71,9.56,9.69,602145
NXE.TO,20230216,6.27,6.42,6.23,6.35,986535
NXF.TO,20230216,6.35,6.38,6.32,6.32,67715
NXF.B.TO,20230216,8.05,8.05,8,8,16200
NXR.UN.TO,20230216,10.92,11.09,10.89,11.01,201803
OBE.TO,20230216,8.81,8.89,8.65,8.65,188516
OGC.TO,20230216,2.55,2.59,2.49,2.56,791406
OGD.TO,20230216,0.69,0.73,0.69,0.7,107728
OGI.TO,20230216,1.1,1.13,1.09,1.09,370806
OLA.TO,20230216,5.23,5.66,5.23,5.64,272205
OLY.TO,20230216,68.75,68.75,68.75,68.75,238
ONC.TO,20230216,2.23,2.29,2.22,2.22,14572
ONEB.TO,20230216,47.37,47.37,47.37,47.37,2600
ONEX.TO,20230216,67.29,68.8,67.25,68.09,115734
OPT.TO,20230216,18,18.5,18,18.49,1180
OR.TO,20230216,17.2,17.41,17.01,17.34,222768
ORA.TO,20230216,9.9,10.19,9.68,9.82,28700
ORE.TO,20230216,1.34,1.34,1.26,1.33,189670
ORV.TO,20230216,0.185,0.19,0.17,0.17,62519
OSK.TO,20230216,2.86,2.92,2.82,2.89,619954
OTEX.TO,20230216,48.03,48.34,47.47,47.47,782218
OVV.TO,20230216,63.5,64.23,62.68,62.82,228630
PAAS.TO,20230216,21.44,21.98,21.15,21.83,504424
PAY.TO,20230216,6.35,6.43,6.22,6.24,24904
PBH.TO,20230216,97.77,98.32,97.5,97.5,30847
PBH.DB.G.TO,20230216,97.5,97.5,97.01,97.5,55000
PBH.DB.I.TO,20230216,96.25,97.5,95.5,95.5,50000
PBI.TO,20230216,30.08,30.08,30.08,30.08,400
PBL.TO,20230216,18.9,18.9,18.39,18.39,6084
PBY.UN.TO,20230216,14.49,14.5,14.46,14.48,18197
PD.TO,20230216,81.26,84.7,81.08,84.07,145454
PDC.TO,20230216,31.57,31.8,31.52,31.72,53958
PDF.TO,20230216,31.18,31.24,31.18,31.21,1000
PDV.TO,20230216,6.51,6.51,6.51,6.51,3190
PEA.TO,20230216,0.81,0.81,0.78,0.78,73270
PET.TO,20230216,40.75,41.22,40.52,40.86,29302
PEY.TO,20230216,12.12,12.19,11.93,11.95,1408365
PFAA.TO,20230216,10.25,10.25,10.23,10.23,1987
PFAE.TO,20230216,15.48,15.48,15.48,15.48,1636
PFH.F.TO,20230216,17.16,17.21,17.15,17.15,1300
PFIA.TO,20230216,9.76,9.76,9.74,9.74,10200
PFL.TO,20230216,19.73,19.73,19.71,19.72,263360
PFLS.TO,20230216,15.08,15.08,15.07,15.07,200
PFMN.TO,20230216,13.15,13.15,13.15,13.15,590
PFSS.TO,20230216,9.1,9.11,9.1,9.11,1355
PGI.UN.TO,20230216,8.06,8.06,7.96,7.96,16150
PHE.B.TO,20230216,31.79,31.99,31.79,31.99,2400
PHR.TO,20230216,21.06,21.06,21.06,21.06,100
PHW.TO,20230216,17.9,17.9,17.9,17.9,100
PHX.TO,20230216,7.73,7.75,7.58,7.61,24964
PHYS.TO,20230216,18.94,19.08,18.94,19.06,47259
PHYS.U.TO,20230216,14.1,14.1,14.1,14.1,200
PIC.A.TO,20230216,6.98,7,6.93,6.93,5252
PIC.PR.A.TO,20230216,13.67,13.86,13.62,13.63,7907
PIF.TO,20230216,14.56,14.62,14.4,14.4,23802
PIN.TO,20230216,17.58,17.58,17.57,17.57,3400
PINC.TO,20230216,19.2,19.2,18.98,19.03,2897
PIX.UN.TO,20230216,8.94,8.95,8.9,8.91,10500
PKI.TO,20230216,29.99,30.8,29.99,30.47,188924
PLC.TO,20230216,27.48,28.15,27.48,27.65,42547
PLDI.TO,20230216,19.15,19.15,19.15,19.15,208
PLV.TO,20230216,22.41,22.41,22.41,22.41,2350
PLZ.UN.TO,20230216,4.74,4.84,4.74,4.8,24014
PMB.UN.TO,20230216,7.12,7.19,7.12,7.19,2600
PME.TO,20230216,2.58,2.6,2.54,2.54,1250
PMIF.TO,20230216,18.1,18.1,18.02,18.06,29767
PMIF.U.TO,20230216,19.11,19.11,19.01,19.02,20541
PMM.TO,20230216,19.67,19.72,19.67,19.72,900
PMT.TO,20230216,0.66,0.67,0.66,0.67,15000
PMZ.UN.TO,20230216,15.11,15.4,15.11,15.3,219669
PNC.A.TO,20230216,2.06,2.06,1.65,1.65,939
PNC.B.TO,20230216,1.63,1.7,1.63,1.7,200
PNE.TO,20230216,1.29,1.31,1.27,1.27,679447
PNP.TO,20230216,4.15,4.15,4.15,4.15,10089
POU.TO,20230216,30.81,31.21,30.6,30.91,168066
POW.TO,20230216,35.6,36.16,35.58,35.87,1443146
POW.PR.A.TO,20230216,23.5,23.5,23.41,23.5,5600
POW.PR.B.TO,20230216,22.5,22.5,22.43,22.44,7900
POW.PR.C.TO,20230216,24.3,24.3,24.26,24.26,1703
POW.PR.D.TO,20230216,21.4,21.4,21.4,21.4,1200
POW.PR.G.TO,20230216,23.25,23.25,23.14,23.14,2250
PPL.TO,20230216,46.45,46.92,46.31,46.5,1259983
PPL.PF.A.TO,20230216,24.05,24.09,23.95,24.09,13900
PPL.PF.E.TO,20230216,24.91,24.91,24.8,24.8,8133
PPL.PR.A.TO,20230216,18.4,18.43,18.39,18.39,2800
PPL.PR.E.TO,20230216,18.5,18.55,18.5,18.55,900
PPL.PR.I.TO,20230216,21.14,21.14,21.14,21.14,28300
PPL.PR.O.TO,20230216,21.78,21.78,21.6,21.65,4800
PPL.PR.Q.TO,20230216,19.1,19.1,18.96,19.01,2028
PPL.PR.S.TO,20230216,23,23,23,23,100
PPR.TO,20230216,0.135,0.135,0.13,0.13,54720
PPTA.TO,20230216,4.19,4.62,4.17,4.51,6704
PR.TO,20230216,8.65,8.65,8.62,8.62,1400
PRA.TO,20230216,28.05,28.29,28.05,28.29,2917
PRB.TO,20230216,1.36,1.39,1.36,1.39,9427
PRL.TO,20230216,7.85,7.9,7.77,7.8,14558
PRM.TO,20230216,14.25,14.25,14.25,14.25,600
PRMW.TO,20230216,21.55,21.94,21.55,21.73,59191
PRN.TO,20230216,15.88,16.61,15.76,16.57,9138
PRQ.TO,20230216,1.96,2.01,1.94,1.96,28793
PRU.TO,20230216,1.72,1.75,1.72,1.75,53800
PRV.UN.TO,20230216,6.28,6.37,6.28,6.35,35985
PSA.TO,20230216,50.14,50.14,50.13,50.14,41869
PSB.TO,20230216,16.77,16.77,16.77,16.77,2700
PSD.TO,20230216,1.7,1.75,1.7,1.75,9200
PSI.TO,20230216,15.24,15.25,14.85,14.86,76451
PSK.TO,20230216,22.82,23.23,22.76,22.88,409931
PSLV.TO,20230216,9.89,10.03,9.89,9.94,25754
PSU.U.TO,20230216,100.25,100.26,100.25,100.26,3079
PTI.UN.TO,20230216,7.43,7.46,7.33,7.38,49875
PTM.TO,20230216,1.96,2.02,1.96,2.02,7429
PTO.UN.TO,20230216,8.01,8.04,7.93,8.04,16300
PVS.PR.F.TO,20230216,24.59,24.6,24.59,24.6,400
PVS.PR.G.TO,20230216,24.17,24.17,24.16,24.17,3700
PVS.PR.H.TO,20230216,24,24,24,24,100
PVS.PR.J.TO,20230216,23.15,23.15,23.15,23.15,200
PVS.PR.K.TO,20230216,22.69,22.9,22.69,22.9,5899
PWF.PF.A.TO,20230216,19.4,19.4,19.4,19.4,413
PWF.PR.A.TO,20230216,13.5,13.9,13.5,13.9,636
PWF.PR.E.TO,20230216,22.68,22.68,22.68,22.68,1200
PWF.PR.F.TO,20230216,21.96,21.96,21.9,21.9,1700
PWF.PR.G.TO,20230216,24.21,24.21,24,24,2820
PWF.PR.K.TO,20230216,20.96,20.97,20.76,20.76,2000
PWF.PR.L.TO,20230216,21.65,21.65,21.5,21.5,4100
PWF.PR.O.TO,20230216,23.77,23.81,23.75,23.75,6643
PWF.PR.P.TO,20230216,13.75,13.75,13.75,13.75,400
PWF.PR.Q.TO,20230216,15.62,15.83,15.62,15.83,300
PWF.PR.R.TO,20230216,22.71,22.9,22.71,22.71,5100
PWF.PR.S.TO,20230216,20.35,20.4,20.34,20.4,2202
PWF.PR.T.TO,20230216,19.02,19.02,19.02,19.02,100
PWF.PR.Z.TO,20230216,21.75,21.76,21.75,21.75,10499
PWI.TO,20230216,7.5,7.65,7.5,7.59,5544
PWI.PR.A.TO,20230216,9.52,9.52,9.52,9.52,100
PXC.TO,20230216,35.82,35.82,35.74,35.74,1500
PXS.TO,20230216,38.24,38.24,38.24,38.24,200
PXT.TO,20230216,23.36,23.54,23.19,23.34,480994
PXU.F.TO,20230216,51.91,51.91,51.91,51.91,1200
PYF.TO,20230216,17.51,17.51,17.51,17.51,300
PYR.TO,20230216,0.98,0.99,0.96,0.96,140015
PZA.TO,20230216,13.9,13.9,13.79,13.82,58301
PZW.TO,20230216,30.85,30.85,30.85,30.85,100
QAH.TO,20230216,136.56,136.78,136.35,136.35,600
QBB.TO,20230216,90.04,90.35,90.04,90.2,3222
QBR.A.TO,20230216,32,32.7,32,32.7,458
QBR.B.TO,20230216,31.82,32.72,31.58,32.66,1062470
QBTC.TO,20230216,33.24,34.77,33.1,34.53,50184
QBTC.U.TO,20230216,24.72,25.91,24.65,25.33,10671
QBTL.TO,20230216,18.21,18.52,18.21,18.52,5274
QCE.TO,20230216,125.21,125.22,125,125,400
QCLN.TO,20230216,25.75,25.75,25.75,25.75,302
QCN.TO,20230216,126.1,126.18,126.1,126.18,5193
QDX.TO,20230216,103.27,103.41,103.27,103.41,200
QEBH.TO,20230216,75.78,75.78,75.78,75.78,502
QEC.TO,20230216,0.28,0.28,0.27,0.27,51800
QEE.TO,20230216,86.01,86.01,86.01,86.01,100
QETH.U.TO,20230216,26.78,27.77,26.78,27.37,5440
QETH.UN.TO,20230216,35.99,37.45,35.99,36.58,14310
QIE.TO,20230216,28.38,28.38,28.38,28.38,200
QINF.TO,20230216,112.66,113.51,112.66,113.51,300
QQC.TO,20230216,20.08,20.25,20,20,10499
QQC.F.TO,20230216,101.2,102.18,100.69,100.69,7847
QQCC.TO,20230216,9.93,10.06,9.93,9.97,8998
QQCE.TO,20230216,16.95,16.95,16.92,16.92,400
QQEQ.TO,20230216,20.91,20.91,20.87,20.87,1900
QQJE.TO,20230216,16.68,16.68,16.68,16.68,170
QSR.TO,20230216,89.22,89.49,88.38,89.44,623188
QTRH.TO,20230216,1.86,2.1,1.86,1.95,230559
QUU.TO,20230216,156.97,157.91,156.71,156.71,5260
RAY.A.TO,20230216,5.98,6.08,5.93,6.05,68350
RAY.B.TO,20230216,5.97,5.97,5.75,5.75,300
RBA.TO,20230216,85.55,85.55,84.3,84.31,143622
RBN.UN.TO,20230216,8.01,8.01,7.91,7.91,12900
RBNK.TO,20230216,25.15,25.25,25.07,25.15,3609
RBO.TO,20230216,17.73,17.73,17.73,17.73,123
RBOT.TO,20230216,23.75,23.8,23.53,23.53,662
RBY.TO,20230216,2.41,2.45,2.35,2.35,115067
RCD.TO,20230216,24.88,24.94,24.88,24.93,2700
RCDC.TO,20230216,20.46,20.53,20.46,20.53,1302
RCG.TO,20230216,13.27,13.37,13.27,13.37,3100
RCG.PR.B.TO,20230216,13.6,13.65,13.6,13.65,3200
RCH.TO,20230216,41.12,41.26,40.89,41.05,41883
RCI.A.TO,20230216,66,66,65.4,65.4,215
RCI.B.TO,20230216,65.2,65.7,64.58,65.55,959384
REAL.TO,20230216,5.97,6.13,5.94,6,252247
REI.UN.TO,20230216,21.81,22.37,21.7,22.16,936958
RID.TO,20230216,22.64,22.64,22.64,22.64,207
RIDH.TO,20230216,24.39,24.39,24.39,24.39,200
RIT.TO,20230216,17.56,17.74,17.56,17.67,20762
RLB.TO,20230216,17.9,17.9,17.9,17.9,6100
ROOT.TO,20230216,3.01,3.05,3.01,3.04,2900
RPDH.TO,20230216,23.4,23.4,23.4,23.4,200
RPF.TO,20230216,19.59,19.69,19.58,19.58,16130
RPI.UN.TO,20230216,42.3,42.5,41.4,41.4,10556
RQL.TO,20230216,19.8,19.81,19.79,19.79,3190
RQN.TO,20230216,19.68,19.68,19.65,19.65,2081
RQO.TO,20230216,17.65,17.65,17.65,17.65,2020
RQQ.TO,20230216,20.71,20.72,20.71,20.71,4200
RQR.TO,20230216,20.65,20.65,20.65,20.65,100
RS.TO,20230216,15.61,16.16,15.6,15.86,16863
RS.PR.A.TO,20230216,9.8,9.8,9.8,9.8,2020
RSI.TO,20230216,6.04,6.17,6.02,6.14,307050
RSI.DB.F.TO,20230216,99,99,99,99,50000
RUD.TO,20230216,49.81,49.98,49.8,49.8,3952
RUDC.TO,20230216,20.28,20.28,20.26,20.26,200
RUDH.TO,20230216,35.94,35.94,35.94,35.94,300
RUP.TO,20230216,4.66,4.75,4.63,4.72,57575
RUS.TO,20230216,36.18,37.25,36.18,36.69,611087
RUSB.TO,20230216,19.93,19.93,19.93,19.93,200
RUSB.U.TO,20230216,14.82,14.83,14.82,14.83,3000
RVX.TO,20230216,0.18,0.18,0.18,0.18,14638
RY.TO,20230216,138.31,139.38,138.31,138.54,5294359
RY.PR.H.TO,20230216,18.4,18.5,18.4,18.47,4690
RY.PR.J.TO,20230216,20.1,20.11,20.04,20.04,5095
RY.PR.M.TO,20230216,19.2,19.28,19.1,19.1,825
RY.PR.N.TO,20230216,22.83,22.83,22.83,22.83,150
RY.PR.O.TO,20230216,22.91,22.95,22.86,22.86,1300
RY.PR.S.TO,20230216,20.92,20.95,20.81,20.91,10169
S.TO,20230216,0.52,0.54,0.51,0.53,598156
SAM.TO,20230216,0.23,0.235,0.23,0.235,5500
SAP.TO,20230216,36.12,36.64,35.85,36.32,352635
SBC.TO,20230216,11.95,11.97,11.94,11.97,23104
SBC.PR.A.TO,20230216,9.93,10,9.91,9.95,9350
SBN.PR.A.TO,20230216,8.86,8.86,8.7,8.7,2527
SBT.TO,20230216,11.65,11.67,11.65,11.65,8700
SBT.B.TO,20230216,15.69,15.69,15.69,15.69,100
SCY.TO,20230216,0.06,0.065,0.06,0.065,541135
SDE.TO,20230216,13,13.12,12.75,12.89,213460
SEA.TO,20230216,15.31,15.6,15.13,15.47,44191
SES.TO,20230216,8.43,8.46,8.27,8.29,591452
SFC.TO,20230216,5,5,4.97,5,2524
SFTC.TO,20230216,17.79,17.79,17.11,17.2,18158
SGLD.TO,20230216,0.22,0.22,0.22,0.22,2635
SGNL.TO,20230216,0.35,0.35,0.29,0.295,292916
SGR.U.TO,20230216,11.2,11.21,11.02,11.02,2700
SGR.UN.TO,20230216,15,15.02,14.72,14.82,148105
SGY.TO,20230216,9.1,9.21,9.04,9.13,775131
SHLE.TO,20230216,3.08,3.14,3.03,3.14,13105
SHOP.TO,20230216,61.95,63.07,59.6,60.39,7161532
SIA.TO,20230216,12.41,12.5,12.41,12.45,170351
SII.TO,20230216,50.94,51.62,50.61,51.36,33436
SIL.TO,20230216,7.18,7.52,7.18,7.45,325297
SIS.TO,20230216,16.34,16.41,16.2,16.3,86042
SJ.TO,20230216,47.68,48.5,47.68,47.8,82011
SKE.TO,20230216,7.2,7.27,7.01,7.21,74285
SLF.TO,20230216,67.66,68.64,67.27,68.2,1719911
SLF.PR.C.TO,20230216,19.98,20,19.98,20,1900
SLF.PR.D.TO,20230216,19.75,19.75,19.75,19.75,400
SLF.PR.E.TO,20230216,20.01,20.16,20,20.01,1950
SLF.PR.G.TO,20230216,13.52,13.52,13.52,13.52,100
SLF.PR.H.TO,20230216,16.05,16.05,16.05,16.05,228
SLF.PR.J.TO,20230216,15.95,15.95,15.95,15.95,1500
SLR.TO,20230216,0.87,0.87,0.86,0.87,3600
SLS.TO,20230216,6.26,6.35,6.15,6.2,168306
SMC.TO,20230216,0.035,0.035,0.035,0.035,10000
SMT.TO,20230216,0.42,0.425,0.415,0.42,13913
SOLG.TO,20230216,0.245,0.245,0.245,0.245,11699
SOT.DB.TO,20230216,98.7,98.7,98.1,98.7,26000
SOT.DB.A.TO,20230216,86.25,86.75,86.15,86.2,57000
SOT.UN.TO,20230216,4.43,4.45,4.4,4.44,86033
SOY.TO,20230216,10.06,10.37,10.01,10.2,117784
SPB.TO,20230216,10.48,10.57,10.39,10.4,689618
SPPP.TO,20230216,16.41,16.42,16.31,16.38,13900
SPPP.U.TO,20230216,12.18,12.2,12.18,12.2,10300
SRU.UN.TO,20230216,27.3,27.72,27.21,27.5,274620
SRV.UN.TO,20230216,16.81,17.3,16.81,17.1,6469
SSF.UN.TO,20230216,6.87,6.98,6.87,6.9,2700
SSL.TO,20230216,6.87,7.04,6.82,6.99,233781
SSRM.TO,20230216,18.68,19.02,18.5,18.92,308751
STC.TO,20230216,4.56,5.07,4.55,5.03,229465
STCK.TO,20230216,6.5,6.5,6.49,6.5,3559
STEP.TO,20230216,4.48,4.5,4.41,4.46,189964
STGO.TO,20230216,1.03,1.04,1.02,1.02,34458
STLC.TO,20230216,52.72,53.53,52.72,53.08,108338
STN.TO,20230216,71.13,72.13,71.13,71.65,125677
STPL.TO,20230216,23.63,23.72,23.61,23.61,9219
SU.TO,20230216,46.41,47.04,45.64,45.67,8924542
SVA.TO,20230216,1.03,1.06,1,1,34686
SVB.TO,20230216,0.2,0.2,0.195,0.195,4000
SVI.TO,20230216,6.48,6.57,6.42,6.56,298796
SVI.DB.TO,20230216,98.5,98.5,98.5,98.5,36000
SVI.DB.B.TO,20230216,98.49,98.49,97.34,97.34,18000
SVM.TO,20230216,4.11,4.2,4.05,4.14,196306
SVR.TO,20230216,10.65,10.74,10.65,10.72,1404
SVR.C.TO,20230216,11.15,11.15,11.15,11.15,200
SXI.TO,20230216,2.36,2.36,2.36,2.36,100
SXP.TO,20230216,6.86,7.18,6.86,7.18,31579
SYZ.TO,20230216,5.89,6,5.89,5.93,15233
T.TO,20230216,27.43,27.53,27.05,27.29,2344266
TA.TO,20230216,12.27,12.29,12.07,12.18,490247
TA.PR.E.TO,20230216,16.75,16.75,16.75,16.75,500
TA.PR.F.TO,20230216,20.62,20.62,20.62,20.62,400
TA.PR.H.TO,20230216,23.36,23.37,23.34,23.35,1194
TA.PR.J.TO,20230216,21.28,21.31,21.28,21.31,400
TAIG.TO,20230216,3.05,3.05,2.92,3,3820
TAL.TO,20230216,0.67,0.67,0.65,0.65,89269
TBL.TO,20230216,3.19,3.22,3.17,3.21,10300
TC.TO,20230216,47.46,47.93,44.63,44.87,52479
TCL.A.TO,20230216,15.03,15.15,14.92,14.93,145225
TCL.B.TO,20230216,15.01,15.05,15,15,5066
TCLB.TO,20230216,118.75,119.25,118.4,118.93,4600
TCLV.TO,20230216,19.59,19.74,19.59,19.72,10000
TCS.TO,20230216,27.94,28.24,26.4,26.4,21758
TCSB.TO,20230216,14.38,14.38,14.34,14.35,3500
TCW.TO,20230216,3.31,3.33,3.22,3.26,834595
TD.TO,20230216,92.91,93.09,92.32,92.65,2480355
TD.PF.A.TO,20230216,17.98,17.99,17.98,17.98,6251
TD.PF.C.TO,20230216,18,18,17.96,17.96,3300
TD.PF.D.TO,20230216,19.86,19.86,19.86,19.86,500
TD.PF.E.TO,20230216,20.24,20.25,20.2,20.2,2200
TD.PF.I.TO,20230216,25.16,25.5,25.16,25.31,8780
TD.PF.J.TO,20230216,23.26,23.26,23.15,23.25,4300
TD.PF.M.TO,20230216,24.58,24.63,24.57,24.62,3700
TDB.TO,20230216,12.91,12.92,12.88,12.89,23930
TDOC.TO,20230216,17.09,17.16,17.09,17.09,6079
TEC.TO,20230216,23.86,24.07,23.69,23.72,16777
TECH.TO,20230216,8.26,8.27,8.16,8.16,6241
TECH.B.TO,20230216,9.22,9.23,9.22,9.23,2000
TECI.TO,20230216,6.14,6.19,6.14,6.17,3800
TECK.A.TO,20230216,60.15,62.14,58.65,59.95,13258
TECK.B.TO,20230216,60.39,61.95,58.26,59.05,4872696
TERM.TO,20230216,9.1,9.12,9.1,9.1,16750
TF.TO,20230216,8.15,8.27,8.14,8.21,144768
TF.DB.C.TO,20230216,98.6,98.6,98.2,98.2,10000
TFII.TO,20230216,169.25,173.2,168.43,172,265050
TFPM.TO,20230216,18.34,18.8,18.24,18.79,68571
TGED.TO,20230216,17.97,18,17.9,17.98,12238
TGED.U.TO,20230216,13.45,13.45,13.45,13.45,200
TGFI.TO,20230216,20.45,20.45,20.38,20.38,400
TGO.TO,20230216,3.87,3.94,3.87,3.94,2600
TGRE.TO,20230216,14.34,14.34,14.34,14.34,400
TH.TO,20230216,1.18,1.3,1.18,1.3,27122
The.TO,20230216,21.65,21.77,21.65,21.77,5310
THNC.TO,20230216,2.36,2.45,2.35,2.35,28985
THU.TO,20230216,27.47,27.57,27.47,27.57,600
TI.TO,20230216,0.51,0.77,0.5,0.67,178806
TIH.TO,20230216,113.6,113.6,111.22,111.51,168225
TILV.TO,20230216,14.56,14.57,14.56,14.56,1900
TINF.TO,20230216,18.09,18.12,17.95,18.07,5630
TIPS.F.TO,20230216,29.72,29.72,29.72,29.72,390
TIXT.TO,20230216,29.22,29.44,28.78,28.93,125457
TKO.TO,20230216,2.15,2.24,2.15,2.19,261637
TLF.TO,20230216,17.1,17.1,17.1,17.1,582
TLF.U.TO,20230216,18.27,18.27,18.27,18.27,500
TLG.TO,20230216,0.64,0.67,0.64,0.67,247971
TLO.TO,20230216,0.41,0.4175,0.41,0.415,290414
TLRY.TO,20230216,4.05,4.21,4.05,4.11,1285923
TLV.TO,20230216,29.36,29.62,29.36,29.61,5317
TMD.TO,20230216,0.32,0.32,0.26,0.285,557104
TMEC.TO,20230216,18.1,18.1,18.1,18.1,100
TMEI.TO,20230216,15.14,15.14,15.14,15.14,170
TML.TO,20230216,0.305,0.31,0.295,0.3,75588
TMQ.TO,20230216,0.76,0.78,0.76,0.76,15420
TNT.UN.TO,20230216,6.12,6.2,6.06,6.08,233392
TNZ.TO,20230216,2.42,2.45,2.39,2.39,15150
TOT.TO,20230216,9.2,9.27,9.17,9.2,8036
TOU.TO,20230216,62.3,63.7,61.91,62.13,1888841
TOWR.TO,20230216,27.87,27.87,27.87,27.87,198
TOY.TO,20230216,37.25,37.94,36.84,37,55165
TPE.TO,20230216,19.3,19.46,19.3,19.43,5289
TPRF.TO,20230216,9.84,9.84,9.84,9.84,1700
TPU.TO,20230216,30.99,31.16,30.88,30.88,14536
TPX.A.TO,20230216,69.02,69.02,69.02,69.02,100
TPX.B.TO,20230216,69.35,69.35,69.35,69.35,159
TPZ.TO,20230216,19.91,19.91,19.62,19.65,194601
TQCD.TO,20230216,16.07,16.16,16.07,16.1,17569
TQGD.TO,20230216,16.25,16.44,16.22,16.22,11305
TQGM.TO,20230216,15.09,15.19,15.09,15.19,500
TQSM.TO,20230216,19.02,19.25,19.02,19.19,29260
TRI.TO,20230216,165,167.39,165,166.71,330139
TRI.PR.B.TO,20230216,13.85,13.85,13.85,13.85,200
TRP.TO,20230216,56.43,57.47,56.23,57.05,2762850
TRP.PR.A.TO,20230216,14.65,14.9,14.65,14.81,3350
TRP.PR.B.TO,20230216,11.87,11.87,11.87,11.87,1100
TRP.PR.C.TO,20230216,12.27,12.31,12.27,12.31,900
TRP.PR.D.TO,20230216,16.6,16.65,16.6,16.6,18400
TRP.PR.E.TO,20230216,15.96,16.02,15.96,16.02,1500
TRP.PR.F.TO,20230216,16.4,16.54,16.4,16.54,5750
TRP.PR.H.TO,20230216,14.36,14.36,14.36,14.36,400
TRP.PR.I.TO,20230216,14.95,15.01,14.95,15.01,1200
TRVL.TO,20230216,21.18,21.55,21.18,21.3,7000
TRVL.U.TO,20230216,20.42,20.46,20.42,20.46,400
TRZ.TO,20230216,3.29,3.36,3.28,3.35,34279
TSAT.TO,20230216,11.75,11.82,11.72,11.82,603
TSK.TO,20230216,0.1,0.11,0.1,0.11,219500
TSL.TO,20230216,3.58,3.65,3.58,3.6,23615
TSU.TO,20230216,37.3,37.85,37.03,37.03,135022
TTNM.TO,20230216,2.75,2.75,2.68,2.73,24084
TTP.TO,20230216,23.46,23.57,23.4,23.48,21830
TUED.TO,20230216,18.55,18.6,18.55,18.57,5100
TUHY.TO,20230216,20.5,20.5,20.5,20.5,1254
TULB.TO,20230216,120.7,120.7,120.53,120.54,500
TULV.TO,20230216,18.55,18.57,18.54,18.57,4100
TUSB.TO,20230216,13.61,13.61,13.61,13.61,100
TVA.B.TO,20230216,2.02,2.02,2,2,4000
TVE.TO,20230216,4.4,4.45,4.34,4.35,2713096
TVK.TO,20230216,26.98,26.98,25.96,26.24,16600
TWM.TO,20230216,1.12,1.12,1.07,1.09,273481
TWM.DB.TO,20230216,97.75,97.75,97.75,97.75,7000
TXF.TO,20230216,14.84,14.92,14.73,14.75,33176
TXF.B.TO,20230216,17.97,17.97,17.88,17.88,2239
TXG.TO,20230216,15.89,16.4,15.74,16.27,315118
TXP.TO,20230216,1.07,1.11,1.04,1.07,147415
TXT.UN.TO,20230216,3.35,3.37,3.35,3.37,1500
U.U.TO,20230216,12.72,13.07,12.55,12.8,20775
U.UN.TO,20230216,17.06,17.57,16.82,17.29,1130300
UDIV.TO,20230216,12.6,12.66,12.56,12.56,17690
UDIV.B.TO,20230216,12.93,13,12.93,12.94,7950
ULV.C.TO,20230216,30.61,30.83,30.61,30.78,600
ULV.F.TO,20230216,45.9,46.11,45.9,46.11,200
UMI.TO,20230216,30.3,30.3,30.26,30.26,500
UNC.TO,20230216,103.5,103.6,103.25,103.25,500
URB.TO,20230216,4.17,4.28,4.17,4.28,300
URB.A.TO,20230216,3.95,3.95,3.91,3.91,1700
URE.TO,20230216,1.54,1.57,1.48,1.55,444583
USA.TO,20230216,0.68,0.69,0.66,0.66,56070
USCC.TO,20230216,16.98,17.05,16.98,16.98,388
USCC.U.TO,20230216,12.65,12.65,12.63,12.63,313
UTIL.TO,20230216,22.3,22.3,22.3,22.3,100
VAB.TO,20230216,22.33,22.39,22.32,22.38,114518
VALT.TO,20230216,23.22,23.23,23.17,23.18,5424
VALT.B.TO,20230216,24.67,24.67,24.67,24.67,100
VALT.U.TO,20230216,18.34,18.34,18.34,18.34,200
VBAL.TO,20230216,27.98,28.07,27.92,27.98,27599
VBNK.TO,20230216,10.05,10.05,10.05,10.05,120
VBNK.PR.A.TO,20230216,9.95,9.95,9.95,9.95,200
VCB.TO,20230216,22.83,22.83,22.8,22.8,5903
VCE.TO,20230216,45.06,45.29,44.98,45.1,26923
VCIP.TO,20230216,24.48,24.48,24.46,24.46,372
VCM.TO,20230216,22.38,22.7,21.91,21.91,16894
VCN.TO,20230216,41.91,42,41.65,41.8,129401
VCNS.TO,20230216,26.01,26.11,26,26.04,16222
VDU.TO,20230216,38.02,38.28,38.02,38.22,5256
VDY.TO,20230216,43.97,44.23,43.91,44.02,196895
VE.TO,20230216,31.4,31.86,31.4,31.86,3754
VEE.TO,20230216,33.07,33.28,32.98,33.2,31679
VEF.TO,20230216,48.13,48.49,48.13,48.29,3743
VEQT.TO,20230216,34.2,34.41,34.13,34.22,75304
VET.TO,20230216,19.24,19.46,18.88,18.88,812651
VFV.TO,20230216,98.11,98.65,97.71,97.78,202131
VGCX.TO,20230216,9.01,9.16,8.87,9.13,154996
VGG.TO,20230216,71.05,71.77,71.05,71.39,9750
VGH.TO,20230216,51.67,52.06,51.6,51.67,14533
VGRO.TO,20230216,29.97,30.08,29.87,29.95,97304
VGV.TO,20230216,21.99,21.99,21.98,21.98,1600
VHI.TO,20230216,2.78,2.79,2.77,2.79,2500
VI.TO,20230216,33.65,33.77,33.58,33.67,16360
VIDY.TO,20230216,26.91,27.08,26.91,26.98,2829
VIU.TO,20230216,30.17,30.36,30.14,30.29,45553
VLB.TO,20230216,20.93,21.02,20.86,20.96,6995
VLE.TO,20230216,2.33,2.33,2.23,2.26,431631
VLN.TO,20230216,12.72,12.85,12.72,12.8,33900
VMO.TO,20230216,44.74,45.21,44.74,45,1308
VNP.TO,20230216,2.8,2.85,2.73,2.76,214817
VPH.TO,20230216,0.57,0.57,0.56,0.57,12000
VQS.TO,20230216,0.54,0.54,0.51,0.51,93929
VRE.TO,20230216,31.89,32.05,31.85,32,14344
VRIF.TO,20230216,23.41,23.44,23.41,23.44,1755
VSB.TO,20230216,22.36,22.36,22.34,22.34,27780
VSC.TO,20230216,22.8,22.8,22.76,22.76,14258
VSP.TO,20230216,67.61,68.28,67.54,67.63,69369
VUN.TO,20230216,75.21,75.93,75.14,75.35,40254
VUS.TO,20230216,74.41,75.09,74.3,74.3,7652
VVL.TO,20230216,43.21,43.62,43.18,43.36,4880
VXC.TO,20230216,47.32,47.58,47.32,47.32,34804
VXM.TO,20230216,26.7,26.7,26.68,26.68,800
VXM.B.TO,20230216,25.65,25.68,25.65,25.68,1500
WCN.TO,20230216,182.25,186.05,179.64,183.35,378095
WCP.TO,20230216,10.71,10.79,10.6,10.6,2787388
WDO.TO,20230216,6.16,6.31,6.1,6.25,502462
WEED.TO,20230216,3.15,3.42,3.15,3.28,1870407
WEF.TO,20230216,1.3,1.33,1.28,1.28,222851
WELL.TO,20230216,3.96,4.16,3.96,4.09,993262
WFC.TO,20230216,17.5,17.89,16.19,17,14433
WFG.TO,20230216,109.22,110.6,108.53,109.42,163110
WFS.PR.A.TO,20230216,9.25,9.25,9.25,9.25,100
WILD.TO,20230216,2.53,2.53,2.5,2.51,3084
WJX.TO,20230216,22.68,23.55,22.68,23.5,81962
WJX.DB.TO,20230216,100.5,100.5,100.5,100.5,1000
WLLW.TO,20230216,0.11,0.115,0.11,0.115,7500
WM.TO,20230216,0.155,0.16,0.155,0.155,117596
WN.TO,20230216,170.04,170.62,167.79,168.86,129722
WN.PR.A.TO,20230216,24,24,23.9,24,3050
WN.PR.C.TO,20230216,21.41,21.43,21.3,21.36,4000
WN.PR.D.TO,20230216,21.42,21.42,21.3,21.32,6079
WN.PR.E.TO,20230216,20.15,20.15,20.1,20.11,2200
WNDR.TO,20230216,0.21,0.21,0.2,0.2,828675
WOMN.TO,20230216,27.55,27.66,27.55,27.66,1474
WPK.TO,20230216,41.67,41.67,41.11,41.2,25860
WPM.TO,20230216,56.43,57.35,55.59,57,904271
WPRT.TO,20230216,1.5,1.8,1.5,1.6,274162
WRG.TO,20230216,3.29,3.29,3.26,3.26,1701
WRN.TO,20230216,2.07,2.15,2.06,2.1,64415
WRX.TO,20230216,0.24,0.24,0.235,0.24,38360
WSP.TO,20230216,171.52,173.37,170.12,170.41,154260
WSRD.TO,20230216,26.53,26.54,26.52,26.54,2152
WSRI.TO,20230216,34.96,34.96,34.96,34.96,215
WTE.TO,20230216,25,25.45,25,25.26,57077
WXM.TO,20230216,24.85,25.03,24.85,24.99,78300
X.TO,20230216,135.34,136.12,134.49,134.9,91097
XAGG.TO,20230216,36.21,36.21,36.13,36.13,250
XAM.TO,20230216,0.03,0.03,0.03,0.03,65526
XAU.TO,20230216,1.84,1.88,1.84,1.84,25929
XAW.TO,20230216,32.86,33.18,32.86,33,22697
XAW.U.TO,20230216,24.94,24.97,24.94,24.97,300
XBAL.TO,20230216,25.3,25.41,25.29,25.31,71564
XBB.TO,20230216,27.35,27.43,27.33,27.42,136653
XBM.TO,20230216,20.69,21.1,20.69,20.9,54877
XCB.TO,20230216,19.07,19.08,19.02,19.03,68829
XCBG.TO,20230216,35.6,35.6,35.6,35.6,8400
XCD.TO,20230216,46.31,46.32,45.92,45.92,626
XCG.TO,20230216,42.97,42.97,42.97,42.97,579
XCH.TO,20230216,19.21,19.43,19.17,19.35,7705
XCNS.TO,20230216,20.6,20.72,20.6,20.65,8798
XCS.TO,20230216,18.66,18.77,18.63,18.7,5068
XCSR.TO,20230216,59.68,59.95,59.5,59.84,2164
XCV.TO,20230216,33.85,34.09,33.85,33.94,2601
XDG.TO,20230216,23,23.1,23,23.08,2485
XDGH.TO,20230216,23.7,23.7,23.7,23.7,100
XDIV.TO,20230216,25.41,25.65,25.39,25.58,40405
XDSR.TO,20230216,49.55,49.55,49.55,49.55,148
XDU.TO,20230216,26.54,26.56,26.46,26.46,1447
XDU.U.TO,20230216,19.75,19.75,19.75,19.75,3400
XDUH.TO,20230216,24.67,24.9,24.64,24.9,8500
XDV.TO,20230216,29.09,29.43,29.09,29.34,33994
XEB.TO,20230216,15.26,15.31,15.24,15.24,5802
XEC.TO,20230216,25.36,25.59,25.36,25.54,14304
XEF.TO,20230216,32.95,33.29,32.95,33.17,65960
XEF.U.TO,20230216,24.54,24.7,24.54,24.7,1260
XEG.TO,20230216,15.95,16.05,15.74,15.76,2002662
XEH.TO,20230216,29.59,29.85,29.59,29.73,1654
XEI.TO,20230216,25.85,25.98,25.77,25.87,69228
XEM.TO,20230216,29.69,29.94,29.69,29.89,1459
XEN.TO,20230216,31.21,31.26,31.21,31.26,511
XEQT.TO,20230216,25.72,25.89,25.67,25.73,87930
XESG.TO,20230216,25.16,25.31,25.16,25.22,3940
XEU.TO,20230216,26.77,26.85,26.77,26.85,621
XEXP.TO,20230216,43.36,43.36,43.36,43.36,200
XFH.TO,20230216,27.37,27.53,27.35,27.44,13910
XFN.TO,20230216,48.24,48.65,48.23,48.44,266729
XFR.TO,20230216,20.14,20.14,20.14,20.14,3863
XGB.TO,20230216,18.91,18.94,18.88,18.92,39105
XGD.TO,20230216,16.94,17.22,16.79,17.15,360527
XGI.TO,20230216,41.96,41.96,41.95,41.95,200
XGRO.TO,20230216,24.24,24.36,24.19,24.27,30057
XHB.TO,20230216,18.55,18.55,18.47,18.54,1105
XHC.TO,20230216,65.39,65.82,65.21,65.49,3268
XHD.TO,20230216,31.3,31.46,31.27,31.29,2301
XHU.TO,20230216,28.69,28.69,28.51,28.53,2973
XHY.TO,20230216,15.88,15.95,15.87,15.9,11140
XIC.TO,20230216,33,33.02,32.75,32.87,253783
XIG.TO,20230216,20.15,20.15,19.96,19.97,6819
XIN.TO,20230216,30.93,31.1,30.93,30.98,8130
XINC.TO,20230216,18.88,18.88,18.88,18.88,200
XIT.TO,20230216,40.56,40.56,38.34,38.5,61041
XIU.TO,20230216,31.53,31.7,31.43,31.54,2739964
XLB.TO,20230216,19.18,19.23,19.06,19.21,28577
XLVE.TO,20230216,9.83,9.84,9.83,9.84,4100
XLY.TO,20230216,0.025,0.025,0.02,0.025,3143894
XMA.TO,20230216,18.41,18.72,18.41,18.63,6751
XMC.TO,20230216,27.7,27.7,27.5,27.5,2150
XMD.TO,20230216,30.97,31.28,30.97,31.24,2696
XMF.PR.B.TO,20230216,4.95,4.99,4.9,4.99,14010
XMH.TO,20230216,24.47,24.6,24.38,24.38,5902
XMI.TO,20230216,33.65,33.82,33.65,33.82,400
XML.TO,20230216,23.52,23.52,23.46,23.46,500
XMM.TO,20230216,26.05,26.13,26.04,26.13,878
XMS.TO,20230216,30.78,30.87,30.78,30.86,1645
XMTM.TO,20230216,23.6,23.62,23.6,23.62,1005
XMU.TO,20230216,65.18,66.04,65.18,65.96,1280
XMU.U.TO,20230216,49.37,49.37,49.37,49.37,100
XMV.TO,20230216,37.92,38.2,37.92,38.15,500
XMW.TO,20230216,45.31,45.4,45.31,45.34,400
XMY.TO,20230216,26.39,26.39,26.39,26.39,125
XPF.TO,20230216,15.11,15.12,15.08,15.09,7975
XQB.TO,20230216,18.34,18.38,18.34,18.38,13777
XQLT.TO,20230216,27.01,27.16,27.01,27.03,36830
XQQ.TO,20230216,96.09,97.3,95.69,95.78,51483
XRB.TO,20230216,22.73,22.8,22.62,22.66,8302
XRE.TO,20230216,18.09,18.22,18.04,18.14,408913
XSAB.TO,20230216,17.57,17.6,17.57,17.58,6626
XSB.TO,20230216,25.74,25.76,25.72,25.73,48325
XSC.TO,20230216,17.55,17.55,17.55,17.55,100
XSE.TO,20230216,17.55,17.59,17.55,17.59,1652
XSEA.TO,20230216,22.76,22.76,22.76,22.76,200
XSEM.TO,20230216,18.49,18.69,18.49,18.66,725
XSH.TO,20230216,18,18,17.97,17.98,14891
XSI.TO,20230216,16.6,16.6,16.6,16.6,400
XSMC.TO,20230216,28.45,28.49,28.34,28.34,869
XSMH.TO,20230216,26.53,26.53,26.53,26.53,1400
XSP.TO,20230216,43.43,43.84,43.35,43.35,274139
XST.TO,20230216,86.46,86.72,86.21,86.56,9736
XSTB.TO,20230216,18.84,18.84,18.83,18.83,646
XSTH.TO,20230216,36.64,36.64,36.59,36.59,2487
XSTP.TO,20230216,39.69,39.79,39.62,39.66,1402
XSU.TO,20230216,37.96,38.54,37.96,38.17,15893
XSUS.TO,20230216,29.46,29.76,29.45,29.53,1334
XTC.TO,20230216,7.86,7.91,7.8,7.8,48625
XTD.TO,20230216,5.1,5.1,5.06,5.09,16460
XTG.TO,20230216,0.98,1,0.98,1,36700
XTLT.TO,20230216,38.76,38.76,38.76,38.76,246
XTR.TO,20230216,10.54,10.54,10.48,10.51,9804
XTRA.TO,20230216,0.59,0.63,0.59,0.63,214241
XUH.TO,20230216,34.9,35.32,34.9,35.24,4209
XUS.TO,20230216,68.27,68.84,68.2,68.25,122693
XUS.U.TO,20230216,51.55,51.95,51.55,51.95,3619
XUSR.TO,20230216,57.53,57.64,57.12,57.12,1500
XUT.TO,20230216,27.64,27.65,27.38,27.58,125908
XUU.TO,20230216,41.43,41.7,41.4,41.42,26577
XVLU.TO,20230216,24.78,24.78,24.78,24.78,1106
XWD.TO,20230216,68.23,68.59,68.16,68.16,7695
Y.TO,20230216,14.45,14.46,14.45,14.46,7091
YCM.PR.B.TO,20230216,5,5,5,5,200
YGR.TO,20230216,2.33,2.38,2.29,2.3,118127
YRB.TO,20230216,0.065,0.07,0.065,0.07,192247
ZACE.TO,20230216,30.71,30.78,30.71,30.78,250
ZAG.TO,20230216,13.49,13.51,13.46,13.5,233942
ZBAL.TO,20230216,33.78,33.91,33.78,33.83,1737
ZBAL.T.TO,20230216,27.4,27.4,27.3,27.3,803
ZBK.TO,20230216,32.03,32.03,31.75,31.81,16569
ZCH.TO,20230216,16.4,16.57,16.4,16.51,2450
ZCLN.TO,20230216,20.56,20.74,20.51,20.51,8504
ZCM.TO,20230216,14.62,14.64,14.61,14.61,6300
ZCN.TO,20230216,27.64,27.81,27.58,27.67,94933
ZCON.TO,20230216,31.27,31.27,31.21,31.21,657
ZCPB.TO,20230216,26.87,26.87,26.87,26.87,500
ZCS.TO,20230216,13.12,13.13,13.11,13.12,58145
ZDB.TO,20230216,14.36,14.41,14.36,14.38,5083
ZDH.TO,20230216,23.73,23.73,23.73,23.73,3005
ZDI.TO,20230216,20.99,21.08,20.99,21.03,1333
ZDJ.TO,20230216,53.34,53.79,53.29,53.31,5511
ZDM.TO,20230216,25.34,25.51,25.34,25.51,5558
ZDV.TO,20230216,20,20.16,19.99,20.08,72607
ZDY.TO,20230216,37.05,37.12,36.9,37.12,2319
ZDY.U.TO,20230216,28.19,28.19,28.19,28.19,200
ZEA.TO,20230216,20.07,20.21,20.06,20.18,16023
ZEB.TO,20230216,36.96,37.12,36.83,36.96,870250
ZEF.TO,20230216,11.73,11.74,11.64,11.64,4554
ZEM.TO,20230216,19.31,19.45,19.27,19.4,12065
ZEO.TO,20230216,62.03,62.83,61.68,61.93,104369
ZEQ.TO,20230216,28.18,28.38,28.16,28.28,1922
ZEQT.TO,20230216,39.38,39.45,39.38,39.4,450
ZESG.TO,20230216,30.92,30.98,30.92,30.98,706
ZFH.TO,20230216,14.04,14.04,14.04,14.04,2035
ZFL.TO,20230216,13.24,13.32,13.19,13.25,57041
ZFM.TO,20230216,14.3,14.33,14.3,14.32,22700
ZFN.TO,20230216,38.43,38.43,38.29,38.29,2000
ZFS.L.TO,20230216,20.38,20.38,20.37,20.37,900
ZGB.TO,20230216,44.57,44.66,44.53,44.58,3501
ZGD.TO,20230216,66.18,67.52,66.18,67.52,638
ZGI.TO,20230216,43.86,44.22,43.77,44.12,3772
ZGQ.TO,20230216,46.29,46.4,46.23,46.27,3100
ZGRN.TO,20230216,28.99,28.99,28.99,28.99,100
ZGRO.TO,20230216,36.49,36.6,36.49,36.5,1612
ZGSB.TO,20230216,25.93,25.93,25.93,25.93,140
ZHP.TO,20230216,20.54,20.54,20.54,20.54,227
ZHU.TO,20230216,42.72,42.78,42.55,42.55,1100
ZHY.TO,20230216,10.8,10.88,10.8,10.87,10016
ZIC.TO,20230216,16.87,16.87,16.87,16.87,153
ZID.TO,20230216,37.76,37.76,37.76,37.76,237
ZJG.TO,20230216,62.53,63.61,62.53,63.61,567
ZJK.TO,20230216,17.06,17.06,17.05,17.05,2101
ZJK.U.TO,20230216,16.55,16.55,16.55,16.55,100
ZLB.TO,20230216,41.27,41.44,41.11,41.33,104541
ZLC.TO,20230216,14.82,14.87,14.72,14.82,11825
ZLH.TO,20230216,32.22,32.22,32.22,32.22,140
ZLU.TO,20230216,47.51,48,47.51,47.88,5863
ZLU.U.TO,20230216,36.46,36.58,36.46,36.51,400
ZMBS.TO,20230216,28.53,28.53,28.53,28.53,300
ZMI.TO,20230216,16.03,16.04,15.96,15.99,2522
ZMID.TO,20230216,38.93,38.99,38.83,38.83,2150
ZMID.U.TO,20230216,38.5,38.5,38.5,38.5,250
ZMMK.TO,20230216,50.08,50.08,50.07,50.08,8076
ZMP.TO,20230216,13.42,13.44,13.42,13.43,9400
ZMSB.TO,20230216,27.53,27.68,27.53,27.67,2400
ZMT.TO,20230216,55.58,56.8,55.58,56.42,11402
ZMU.TO,20230216,12.57,12.59,12.53,12.55,17302
ZNQ.TO,20230216,54.35,54.82,54.16,54.21,7108
ZNQ.U.TO,20230216,27.35,27.46,27.35,27.46,400
ZPAY.TO,20230216,28.88,28.96,28.75,28.81,9386
ZPAY.F.TO,20230216,27.37,27.5,27.36,27.45,700
ZPAY.U.TO,20230216,28.09,28.1,28.05,28.05,2300
ZPL.TO,20230216,12.48,12.53,12.44,12.51,15075
ZPR.TO,20230216,9.62,9.65,9.59,9.61,213237
ZPS.TO,20230216,12,12,12,12,12438
ZPS.L.TO,20230216,20.77,20.77,20.77,20.77,150
ZPW.TO,20230216,14.68,14.75,14.68,14.75,3318
ZQQ.TO,20230216,88.89,89.97,88.59,88.59,68270
ZRE.TO,20230216,23.85,24.02,23.84,23.94,19602
ZRR.TO,20230216,15.25,15.29,15.25,15.26,2162
ZSB.TO,20230216,46.54,46.54,46.54,46.54,112
ZSML.TO,20230216,37.77,37.77,37.76,37.76,265
ZSP.TO,20230216,60.37,60.9,60.32,60.4,200133
ZSP.U.TO,20230216,45.1,45.39,45.05,45.05,918
ZST.TO,20230216,48.69,48.71,48.69,48.69,3263
ZST.L.TO,20230216,54.94,54.94,54.94,54.94,5580
ZSU.TO,20230216,13.03,13.03,13.03,13.03,900
ZTIP.F.TO,20230216,28.91,28.91,28.91,28.91,357
ZTIP.U.TO,20230216,29.04,29.04,29.04,29.04,3300
ZUAG.F.TO,20230216,29.48,29.48,29.47,29.47,300
ZUB.TO,20230216,30.38,30.38,30,30.11,11826
ZUD.TO,20230216,26.57,26.57,26.44,26.44,1260
ZUE.TO,20230216,57.85,58.39,57.77,57.78,10827
ZUH.TO,20230216,71.06,71.65,71.06,71.45,2201
ZUP.TO,20230216,22.57,22.57,22.55,22.55,1300
ZUP.U.TO,20230216,21.83,21.83,21.83,21.83,200
ZUQ.TO,20230216,54.04,54.17,53.74,53.74,1676
ZUQ.F.TO,20230216,34.59,34.84,34.49,34.49,1509
ZUS.U.TO,20230216,47.01,47.01,46.89,46.91,2438
ZUS.V.TO,20230216,52.32,52.32,52.32,52.32,1400
ZUT.TO,20230216,22.54,22.61,22.39,22.53,13230
ZVC.TO,20230216,26.16,26.23,26.16,26.23,381
ZVU.TO,20230216,26.7,26.7,26.68,26.68,400
ZWA.TO,20230216,24.2,24.37,24.2,24.21,2673
ZWB.TO,20230216,19.62,19.69,19.57,19.62,134231
ZWC.TO,20230216,18.04,18.15,18,18.08,191868
ZWE.TO,20230216,19.87,19.87,19.75,19.77,14521
ZWEN.TO,20230216,29.97,29.97,29.97,29.97,150
ZWG.TO,20230216,28.69,28.8,28.65,28.75,3849
ZWH.TO,20230216,22.06,22.24,22,22.12,10269
ZWH.U.TO,20230216,22.75,22.75,22.63,22.66,797
ZWHC.TO,20230216,29.4,29.4,29.4,29.4,400
ZWK.TO,20230216,27.37,27.38,27.11,27.22,17252
ZWP.TO,20230216,17.02,17.12,17,17.09,4819
ZWS.TO,20230216,19.77,19.85,19.76,19.84,15205
ZWT.TO,20230216,26.45,26.72,26.39,26.5,1817
ZWU.TO,20230216,11.56,11.57,11.45,11.53,320434
ZXM.B.TO,20230216,32.71,32.71,32.64,32.64,3800
ZZZ.TO,20230216,24.35,24.84,24.3,24.62,79208
ZZZD.TO,20230216,27.77,27.86,27.77,27.86,1100
