<ticker>,<date>,<open>,<high>,<low>,<close>,<vol>
AAB.TO,20240722,0.055,0.065,0.055,0.065,330764
AAUC.TO,20240722,3.3,3.3,3.16,3.23,101674
AAV.TO,20240722,9.93,10.1,9.93,10.09,445802
ABX.TO,20240722,25.17,25.42,25.11,25.25,1611320
AC.TO,20240722,16.65,16.68,16.07,16.65,5596416
ACB.TO,20240722,8.1,8.6,7.93,8.58,2197666
ACD.TO,20240722,4.06,4.06,4.06,4.06,100
ACO.X.TO,20240722,40,40.37,40,40.18,215140
ACQ.TO,20240722,18.96,19.68,18.96,19.65,56146
ACX.TO,20240722,6.61,6.85,6.41,6.85,8100
AD.DB.A.TO,20240722,101,101,100,100,69000
AD.UN.TO,20240722,16.09,16.45,16.06,16.4,54801
ADEN.TO,20240722,39.43,40.4,39.19,40.21,57176
ADN.TO,20240722,17.38,17.5,17.26,17.5,4262
ADW.A.TO,20240722,4.14,4.28,4.14,4.2,18105
AEM.TO,20240722,101.8,103.11,101.5,102.81,540847
AFN.TO,20240722,53.25,54.88,53.25,54.83,38705
AFN.DB.G.TO,20240722,99.95,99.95,99.8,99.8,25000
AFN.DB.H.TO,20240722,100,100.5,100,100,71000
AFN.DB.I.TO,20240722,131.5,131.5,131.5,131.5,10000
AFN.DB.J.TO,20240722,104.33,104.33,104.33,104.33,10000
AG.TO,20240722,8.33,8.54,8.29,8.52,449156
AGF.B.TO,20240722,8.43,8.43,8.22,8.27,75690
AGI.TO,20240722,23.35,23.65,23.16,23.56,656038
AI.TO,20240722,11.13,11.31,11.12,11.28,35817
AI.DB.E.TO,20240722,99.6,99.6,99.6,99.6,4000
AIDX.TO,20240722,2,2.01,1.88,1.98,483230
AIF.TO,20240722,55.82,56.89,55.82,56.53,181502
AIGO.TO,20240722,21.42,21.42,21.42,21.42,275
AII.TO,20240722,0.65,0.66,0.65,0.65,128467
AIM.TO,20240722,2.62,2.66,2.61,2.65,156489
AKT.A.TO,20240722,1.35,1.35,1.32,1.33,13800
ALA.TO,20240722,31.42,31.98,31.42,31.87,800329
ALA.PR.A.TO,20240722,19.44,19.44,19.44,19.44,200
ALA.PR.G.TO,20240722,24.33,24.39,24.33,24.39,12286
ALC.TO,20240722,14.4,14.42,14.35,14.4,4363
ALS.TO,20240722,21.25,21.49,21.09,21.2,69390
ALYA.TO,20240722,1.97,2.15,1.97,2,34985
AMAX.TO,20240722,20.21,20.3,20.13,20.23,21003
AMC.TO,20240722,1.9,1.96,1.89,1.93,537308
AMM.TO,20240722,0.07,0.07,0.07,0.07,1400
AND.TO,20240722,40.04,40.39,39.68,40.39,14338
ANRG.TO,20240722,0.305,0.305,0.29,0.295,65519
AOI.TO,20240722,2.46,2.46,2.43,2.45,831225
AOT.TO,20240722,0.435,0.47,0.43,0.455,652534
AP.UN.TO,20240722,17.05,17.58,17,17.51,332877
APLI.TO,20240722,0.035,0.035,0.035,0.035,11000
APR.UN.TO,20240722,9.99,10.13,9.94,10.13,10756
APS.TO,20240722,0.9,0.9,0.89,0.89,7074
AQN.TO,20240722,8.17,8.4,8.16,8.38,1793242
AQN.PR.A.TO,20240722,21.95,21.98,21.83,21.83,11799
AQN.PR.D.TO,20240722,23.19,23.2,22.96,22.98,5700
ARA.TO,20240722,0.54,0.57,0.54,0.55,16100
ARE.TO,20240722,14.81,14.94,14.72,14.75,164810
ARG.TO,20240722,1.62,1.62,1.57,1.59,174881
ARIS.TO,20240722,5.69,5.77,5.65,5.77,229341
ARIS.WT.A.TO,20240722,0.5,0.5,0.49,0.49,13000
ARR.TO,20240722,9.11,9.21,9.11,9.14,2427
ARTI.TO,20240722,10.52,10.68,10.52,10.68,1703
ARX.TO,20240722,23.4,23.96,23.3,23.65,3102549
ASCU.TO,20240722,1.46,1.52,1.4,1.52,151206
ASM.TO,20240722,1.34,1.47,1.33,1.43,167782
ASND.TO,20240722,0.05,0.05,0.05,0.05,1000
ASTL.TO,20240722,12.02,12.2,11.74,12.13,61676
ATCU.TO,20240722,0.62,0.62,0.62,0.62,2000
ATD.TO,20240722,82.35,83.12,81.24,82.99,875475
ATH.TO,20240722,5.38,5.45,5.32,5.4,1772012
ATRL.TO,20240722,57,57.57,56.99,57.3,192425
ATS.TO,20240722,44.3,44.54,43.93,44.08,59251
ATZ.TO,20240722,46.97,47.08,45.67,45.79,344463
AUGB.F.TO,20240722,44.35,44.35,44.35,44.35,100
AUMN.TO,20240722,0.63,0.63,0.59,0.59,7702
AVCN.TO,20240722,0.42,0.42,0.39,0.39,55108
AVL.TO,20240722,0.065,0.065,0.06,0.065,215351
AVNT.TO,20240722,0.06,0.06,0.06,0.06,41293
AW.UN.TO,20240722,32.2,35.34,32.2,35.11,302558
AX.PR.E.TO,20240722,18,18.1,18,18.06,2554
AX.PR.I.TO,20240722,19.89,19.99,19.89,19.95,3700
AX.UN.TO,20240722,6.73,6.78,6.71,6.73,56472
AYA.TO,20240722,14.61,15.15,14.56,15.12,401384
BABY.TO,20240722,0.14,0.14,0.13,0.14,273833
BAM.TO,20240722,56.86,58.28,56.79,58.16,723591
BANK.TO,20240722,7.19,7.23,7.17,7.21,198906
BASE.TO,20240722,25.36,25.36,25.16,25.32,3978
BASE.B.TO,20240722,26.32,26.34,26.24,26.34,880
BB.TO,20240722,3.35,3.39,3.3,3.35,1784682
BBD.A.TO,20240722,96.98,98.71,96.84,98,4590
BBD.B.TO,20240722,96.2,98.85,96.05,98.2,348445
BBD.PR.B.TO,20240722,17.15,17.15,17.1,17.1,3835
BBD.PR.C.TO,20240722,20.08,20.1,19.97,19.97,2350
BBD.PR.D.TO,20240722,19.8,19.8,19.8,19.8,2000
BBU.UN.TO,20240722,27.52,27.62,27.42,27.5,52779
BBUC.TO,20240722,29.83,30.45,29.83,30.45,18858
BCE.TO,20240722,45.75,45.79,45.12,45.35,2182902
BCE.PR.A.TO,20240722,16.81,17.05,16.81,17.05,20200
BCE.PR.B.TO,20240722,17.62,17.62,17.52,17.52,1900
BCE.PR.C.TO,20240722,17.6,17.66,17.6,17.66,300
BCE.PR.D.TO,20240722,17.39,17.49,17.39,17.43,4620
BCE.PR.E.TO,20240722,17.48,17.5,17.45,17.49,6600
BCE.PR.F.TO,20240722,16.7,16.81,16.67,16.75,13500
BCE.PR.H.TO,20240722,17.41,17.5,17.4,17.43,3688
BCE.PR.I.TO,20240722,15.53,15.66,15.53,15.66,4000
BCE.PR.J.TO,20240722,17.5,17.5,17.5,17.5,200
BCE.PR.K.TO,20240722,15.09,15.21,15.04,15.15,6604
BCE.PR.M.TO,20240722,15.88,16,15.88,15.98,1100
BCE.PR.Q.TO,20240722,22.22,22.31,22.19,22.31,4156
BCE.PR.R.TO,20240722,15.7,15.7,15.7,15.7,3200
BCE.PR.T.TO,20240722,17.45,17.48,17.45,17.48,1200
BCE.PR.Y.TO,20240722,17.39,17.41,17.3,17.4,5899
BCE.PR.Z.TO,20240722,17.9,18.01,17.9,18.01,715
BCT.TO,20240722,1.04,1.04,0.86,0.93,143728
BDGI.TO,20240722,37.04,37.56,36.74,37.53,25425
BDI.TO,20240722,8.6,8.91,8.6,8.9,38282
BDT.TO,20240722,25.19,25.78,25.18,25.6,74654
BEI.UN.TO,20240722,77.1,78.63,77.03,78.15,144202
BEK.B.TO,20240722,12.4,12.4,12.4,12.4,200
BEP.PR.M.TO,20240722,20.79,21.23,20.79,20.94,1100
BEP.PR.R.TO,20240722,18.8,18.85,18.75,18.85,1200
BEP.UN.TO,20240722,33.52,34.07,33.35,33.96,306007
BEPC.TO,20240722,38.74,39.7,38.74,39.64,242991
BEPR.TO,20240722,9.09,9.09,9.09,9.09,100
BESG.TO,20240722,15.82,15.82,15.82,15.82,136
BGC.TO,20240722,33.71,33.72,33.71,33.72,1430
BGI.UN.TO,20240722,4.37,4.42,4.33,4.4,17597
BHC.TO,20240722,10.52,10.55,10.39,10.42,168994
BIK.PR.A.TO,20240722,25.4,25.42,25.3,25.3,900
BIP.PR.A.TO,20240722,22.45,22.6,22.45,22.6,759
BIP.PR.B.TO,20240722,24.5,24.65,24.5,24.65,1200
BIP.PR.F.TO,20240722,21.66,21.69,21.64,21.69,4600
BIP.UN.TO,20240722,42.07,42.86,41.57,42.57,452374
BIPC.TO,20240722,52.51,53.2,52.04,52.74,256194
BIR.TO,20240722,6.07,6.26,6.06,6.23,701025
BITF.TO,20240722,3.93,4,3.79,3.98,5476348
BITI.TO,20240722,4.62,4.71,4.59,4.59,80199
BK.TO,20240722,11.1,11.1,11,11.05,67729
BK.PR.A.TO,20240722,10.24,10.29,10.23,10.27,19258
BKCC.TO,20240722,13.8,13.85,13.79,13.85,6233
BKCL.TO,20240722,18.32,18.38,18.25,18.36,18652
BKI.TO,20240722,0.05,0.05,0.05,0.05,147390
BLB.UN.TO,20240722,7.85,7.85,7.85,7.85,100
BLCO.TO,20240722,23.61,23.74,23.3,23.7,4961
BLDP.TO,20240722,3.19,3.24,3.11,3.17,498529
BLN.TO,20240722,4.55,4.6,4.5,4.54,6144
BLX.TO,20240722,32.79,33.81,32.61,33.68,279176
BMAX.TO,20240722,13.58,13.72,13.58,13.7,4375
BMO.TO,20240722,119.97,120.57,119.3,120.28,1902058
BMO.PR.E.TO,20240722,25.66,25.78,25.65,25.68,3700
BMO.PR.W.TO,20240722,24.73,24.8,24.71,24.8,4875
BMO.PR.Y.TO,20240722,24.01,24.12,24.01,24.11,7200
BN.TO,20240722,63.7,64.6,63.62,64.47,890704
BN.PF.A.TO,20240722,22.7,22.75,22.64,22.75,2619
BN.PF.B.TO,20240722,20.88,21.05,20.88,21.05,6200
BN.PF.C.TO,20240722,18.46,18.58,18.45,18.58,7263
BN.PF.D.TO,20240722,18.51,18.6,18.5,18.6,31600
BN.PF.F.TO,20240722,19.95,19.96,19.95,19.96,1000
BN.PF.G.TO,20240722,19.15,19.15,19.15,19.15,15000
BN.PF.I.TO,20240722,23.13,23.27,23.13,23.27,26000
BN.PF.J.TO,20240722,23.15,23.15,23.15,23.15,1600
BN.PR.B.TO,20240722,11.46,11.57,11.46,11.56,2362
BN.PR.C.TO,20240722,11.5,11.55,11.5,11.52,1050
BN.PR.K.TO,20240722,11.51,11.51,11.51,11.51,3000
BN.PR.M.TO,20240722,18.4,18.4,18.4,18.4,1186
BN.PR.N.TO,20240722,18.1,18.15,18.01,18.15,5396
BN.PR.R.TO,20240722,17.01,17.01,17.01,17.01,224
BN.PR.T.TO,20240722,16.6,16.7,16.6,16.7,1000
BN.PR.X.TO,20240722,16.71,16.71,16.71,16.71,500
BN.PR.Z.TO,20240722,21.05,21.37,21.05,21.31,2369
BNC.TO,20240722,25.25,25.35,25.25,25.35,300
BND.TO,20240722,17.56,17.56,17.5,17.53,8701
BNE.TO,20240722,4.92,5,4.85,4.98,15341
BNG.TO,20240722,0.02,0.025,0.02,0.02,556780
BNK.TO,20240722,10.78,10.83,10.78,10.81,607
BNK.PR.A.TO,20240722,10.47,10.5,10.47,10.5,300
BNS.TO,20240722,64.5,64.6,63.61,64.06,5023883
BOND.TO,20240722,20.49,20.5,20.34,20.34,9719
BOND.U.TO,20240722,20.66,20.66,20.66,20.66,400
BOS.TO,20240722,5.46,5.46,5.35,5.4,6912
BPF.UN.TO,20240722,16.56,16.65,16.51,16.6,42272
BPO.PR.A.TO,20240722,13.6,13.7,13.45,13.56,9518
BPO.PR.E.TO,20240722,13.29,13.3,13.29,13.3,2500
BPO.PR.I.TO,20240722,14.12,14.28,14.12,14.28,25215
BPO.PR.N.TO,20240722,11.61,11.66,11.6,11.65,2600
BPO.PR.P.TO,20240722,11.86,11.9,11.73,11.81,3810
BPO.PR.R.TO,20240722,12.26,12.41,12.26,12.41,800
BPO.PR.T.TO,20240722,14.75,14.75,14.63,14.7,2070
BPO.PR.W.TO,20240722,9.4,9.4,9.4,9.4,400
BPS.PR.C.TO,20240722,24.78,24.78,24.77,24.77,500
BPYP.PR.A.TO,20240722,21,21,20.51,20.79,1527
BRAG.TO,20240722,7.55,8.04,7.55,7.97,11634
BRE.TO,20240722,12.26,12.67,12.26,12.63,6197
BREA.TO,20240722,25.74,25.82,25.74,25.82,200
BRF.PR.B.TO,20240722,18.3,18.3,18.3,18.3,200
BRF.PR.C.TO,20240722,21.05,21.15,21.04,21.15,7918
BRF.PR.E.TO,20240722,18.21,18.5,18.21,18.5,1300
BRF.PR.F.TO,20240722,18.34,18.51,18.34,18.51,2648
BRMI.TO,20240722,0.92,0.92,0.9,0.91,66195
BRY.TO,20240722,0.28,0.28,0.28,0.28,10200
BSKT.TO,20240722,8.54,8.54,8.54,8.54,1001
BSX.TO,20240722,0.055,0.055,0.05,0.05,20400
BTB.DB.G.TO,20240722,99.56,99.56,99.55,99.55,36000
BTB.DB.H.TO,20240722,100.25,100.25,99.01,99.01,5000
BTB.UN.TO,20240722,3.26,3.29,3.25,3.28,62903
BTCC.TO,20240722,12.69,12.81,12.49,12.8,189435
BTCC.B.TO,20240722,13.27,13.39,13.06,13.38,222126
BTCC.U.TO,20240722,12.22,12.34,12.05,12.32,76034
BTCQ.TO,20240722,14.9,15.01,14.7,15.01,17227
BTCX.B.TO,20240722,13.7,13.88,13.52,13.86,240212
BTCX.U.TO,20240722,12.65,12.75,12.48,12.75,18119
BTCY.TO,20240722,6.74,6.75,6.6,6.73,21486
BTCY.B.TO,20240722,7.74,7.8,7.74,7.8,1072
BTCY.U.TO,20240722,6.45,6.5,6.45,6.5,2343
BTE.TO,20240722,5.08,5.14,4.98,5.11,3272738
BTO.TO,20240722,4.03,4.13,4.02,4.11,2106123
BU.TO,20240722,0.2,0.205,0.19,0.19,76100
BXF.TO,20240722,9.97,9.97,9.93,9.93,2260
BYD.TO,20240722,259.54,262.55,258.29,258.79,52391
BYL.TO,20240722,0.27,0.275,0.27,0.275,43500
CACB.TO,20240722,19.64,19.64,19.58,19.58,2700
CAE.TO,20240722,25.4,25.6,25,25.59,386171
CAFR.TO,20240722,19.89,19.89,19.88,19.88,4000
CALL.TO,20240722,12.86,12.9,12.72,12.89,5975
CANL.TO,20240722,22.75,22.75,22.75,22.75,200
CAR.UN.TO,20240722,48.19,49.55,47.63,49.42,335937
CARS.TO,20240722,20.73,20.89,20.73,20.8,1386
CAS.TO,20240722,9.43,9.62,9.43,9.51,162970
CASH.TO,20240722,50.14,50.14,50.13,50.14,211404
CBCX.TO,20240722,30.49,30.49,29.32,29.32,300
CBH.TO,20240722,17.47,17.47,17.44,17.46,6000
CBIL.TO,20240722,50.08,50.09,50.08,50.08,47175
CBNK.TO,20240722,7.32,7.35,7.29,7.35,3017
CBO.TO,20240722,17.93,17.93,17.9,17.9,9655
CCA.TO,20240722,62.4,62.47,61.08,61.08,57083
CCBI.TO,20240722,17.84,17.84,17.8,17.8,300
CCEI.TO,20240722,24.51,24.62,24.51,24.61,3140
CCL.B.TO,20240722,73.95,74.01,73,73.2,144716
CCM.TO,20240722,0.27,0.27,0.265,0.265,59620
CCO.TO,20240722,64.83,65.85,64.16,65.48,1120496
CCOM.TO,20240722,18.83,18.83,18.83,18.83,150
CCRE.TO,20240722,17.7,17.78,17.66,17.68,21199
CCS.PR.C.TO,20240722,20.1,20.1,20.1,20.1,1000
CDIV.TO,20240722,13.96,14.06,13.96,14.06,21024
CDLB.TO,20240722,16.82,16.82,16.82,16.82,200
CDR.TO,20240722,1.89,1.89,1.81,1.82,1450
CDZ.TO,20240722,32.69,32.96,32.69,32.92,11226
CEE.TO,20240722,2.28,2.31,2.22,2.22,2529
CEF.TO,20240722,30.89,30.98,30.73,30.97,10336
CEMX.TO,20240722,0.47,0.47,0.45,0.46,171249
CEU.TO,20240722,7.85,8.01,7.8,7.89,356487
CEW.TO,20240722,17.33,17.39,17.33,17.38,6769
CF.TO,20240722,9.19,9.35,9.19,9.31,72177
CF.PR.A.TO,20240722,15.1,15.1,15.08,15.08,1500
CF.PR.C.TO,20240722,19.99,20,19.99,19.99,5299
CFF.TO,20240722,0.33,0.4,0.33,0.4,2500
CFLX.TO,20240722,17.06,17.06,17.06,17.06,200
CFP.TO,20240722,14.74,14.91,14.61,14.87,81372
CFW.TO,20240722,4.41,4.41,4.28,4.29,30188
CFX.TO,20240722,1.01,1.01,1,1,2300
CG.TO,20240722,9.07,9.29,9.01,9.2,882741
CGAA.TO,20240722,27.21,27.21,27.21,27.21,700
CGBI.TO,20240722,17.57,17.57,17.46,17.47,3700
CGG.TO,20240722,8.29,8.47,8.29,8.43,16550
CGI.TO,20240722,38.5,38.88,38.5,38.55,1652
CGIN.TO,20240722,21.06,21.06,21.06,21.06,800
CGL.TO,20240722,19.1,19.11,18.98,19.11,14183
CGL.C.TO,20240722,27.9,27.92,27.72,27.91,6638
CGLO.TO,20240722,28.85,28.9,28.85,28.9,640
CGO.TO,20240722,52.86,53.27,52.46,53.19,30204
CGR.TO,20240722,29.88,29.88,29.8,29.83,1227
CGRE.TO,20240722,21.48,21.48,21.48,21.48,800
CGRO.TO,20240722,23.15,23.23,23.15,23.23,2937
CGX.TO,20240722,8.88,8.9,8.73,8.74,148601
CGXF.TO,20240722,10.95,10.98,10.94,10.97,33882
CGXF.U.TO,20240722,8.39,8.39,8.39,8.39,7900
CGY.TO,20240722,56.28,56.28,55.3,55.53,13615
CHE.DB.E.TO,20240722,101.5,103.5,101.5,103.5,7000
CHE.DB.G.TO,20240722,105,105,105,105,5000
CHE.DB.H.TO,20240722,102.8,102.8,102,102,15000
CHE.UN.TO,20240722,9.46,9.53,9.45,9.53,105595
CHP.UN.TO,20240722,13.86,14.28,13.86,14.27,560802
CHPS.TO,20240722,41.17,41.89,41.1,41.89,5616
CHR.TO,20240722,2.65,2.77,2.6,2.75,253715
CHR.DB.B.TO,20240722,97,97,97,97,40000
CHR.DB.C.TO,20240722,89.98,89.98,87.55,87.55,53000
CIA.TO,20240722,5.67,5.71,5.62,5.69,146126
CIAI.TO,20240722,22.51,22.75,22.51,22.75,549
CIBR.TO,20240722,45,45,44.63,44.63,740
CIC.TO,20240722,10.85,10.92,10.85,10.92,26633
CIEH.TO,20240722,21.42,21.47,21.42,21.47,3609
CIEI.TO,20240722,23.68,23.68,23.64,23.64,4800
CIEM.TO,20240722,19.7,19.78,19.7,19.78,600
CIF.TO,20240722,43.54,44,43.51,43.98,10404
CIGI.TO,20240722,179.51,181.29,178.92,181.06,40201
CINF.TO,20240722,25.53,25.53,25.53,25.53,125
CINV.TO,20240722,23.5,23.68,23.5,23.68,700
CIU.PR.A.TO,20240722,17.96,18.15,17.96,18.15,3143
CIU.PR.C.TO,20240722,14.15,14.15,14.15,14.15,500
CIX.TO,20240722,16.19,16.42,16.11,16.25,1059729
CJ.TO,20240722,6.95,7.07,6.89,7.05,707953
CJR.B.TO,20240722,0.11,0.12,0.11,0.12,498456
CJT.TO,20240722,133.53,136.17,132.92,133.21,56022
CJT.DB.E.TO,20240722,100,100,100,100,20000
CJT.DB.F.TO,20240722,99.9,99.99,99.9,99.99,54000
CKI.TO,20240722,23.91,24.65,23.91,24.65,3200
CLF.TO,20240722,17.04,17.04,17.03,17.04,13625
CLG.TO,20240722,16.97,16.97,16.93,16.93,4700
CLML.TO,20240722,29.05,29.08,29.05,29.08,500
CLML.U.TO,20240722,29.15,29.15,29.15,29.15,100
CLS.TO,20240722,78.83,79.5,76.93,78.28,505179
CM.TO,20240722,68.9,69.77,68.75,69.69,3936875
CM.PR.P.TO,20240722,24.06,24.17,24.06,24.17,1200
CM.PR.Q.TO,20240722,23.88,23.88,23.88,23.88,400
CM.PR.S.TO,20240722,24.33,24.5,24.33,24.5,22500
CMAG.TO,20240722,34.1,34.1,34.1,34.1,108
CMAR.TO,20240722,17.96,17.96,17.96,17.96,200
CMCX.B.TO,20240722,13.03,13.03,13.03,13.03,120
CMDO.TO,20240722,19.24,19.24,19.2,19.2,1100
CMDO.U.TO,20240722,19.4,19.48,19.4,19.43,5700
CMG.TO,20240722,14.07,14.33,14.07,14.33,48674
CMGG.TO,20240722,28.92,28.98,28.8,28.82,4359
CMNY.TO,20240722,50.18,50.18,50.18,50.18,678
CMR.TO,20240722,50.18,50.19,50.18,50.18,34754
CNCC.TO,20240722,12.01,12.06,12.01,12.05,1168
CNCL.TO,20240722,19.4,19.49,19.4,19.49,2865
CNDX.TO,20240722,25.52,25.56,25.52,25.56,500
CNE.TO,20240722,4.4,4.44,4.34,4.42,19112
CNL.TO,20240722,3.74,3.82,3.66,3.78,3086
CNQ.TO,20240722,48.34,48.94,47.91,48.7,3926039
CNR.TO,20240722,166.36,168.03,166.2,167.94,720581
CNT.TO,20240722,0.03,0.03,0.03,0.03,5000
COMM.TO,20240722,34.76,34.8,34.76,34.8,240
COP.U.TO,20240722,8.81,8.81,8.8,8.8,25000
COP.UN.TO,20240722,12.01,12.01,12,12,1350
COPP.TO,20240722,34.65,34.65,34.35,34.48,1853
COW.TO,20240722,63.11,63.11,62.13,62.94,4706
CP.TO,20240722,115.34,116.01,114.76,114.99,1227929
CPD.TO,20240722,12.03,12.11,12.03,12.09,173500
CPH.TO,20240722,8.98,9.27,8.56,8.97,43913
CPLS.TO,20240722,17.73,17.73,17.73,17.73,800
CPX.TO,20240722,40.31,41.08,40.26,40.78,568515
CPX.PR.A.TO,20240722,15.29,15.3,15.29,15.3,4900
CPX.PR.C.TO,20240722,23.5,23.5,23.44,23.44,6000
CPX.PR.E.TO,20240722,22.65,22.75,22.65,22.75,4000
CRDL.TO,20240722,2.9,3.09,2.87,3.04,141117
CRED.TO,20240722,19.77,19.77,19.76,19.76,1500
CRON.TO,20240722,3.29,3.42,3.28,3.4,86372
CROP.TO,20240722,18.13,18.15,18.13,18.15,3010
CROP.U.TO,20240722,20.18,20.2,20.18,20.2,2600
CRP.TO,20240722,2.8,2.8,2.66,2.66,2492
CRR.UN.TO,20240722,13.49,13.87,13.49,13.81,208031
CRRX.TO,20240722,2.33,2.37,2.32,2.35,6700
CRT.UN.TO,20240722,14.24,14.64,14.24,14.62,271690
CRWN.NT.TO,20240722,37,37,37,37,13000
CS.TO,20240722,9.31,9.35,8.97,9.06,2911900
CSAV.TO,20240722,50.18,50.19,50.18,50.19,29598
CSE.PR.A.TO,20240722,13.4,13.4,13.4,13.4,200
CSH.UN.TO,20240722,13.18,13.28,13.09,13.24,277684
CSU.TO,20240722,4234.42,4334.48,4234.42,4288.99,38392
CSU.DB.TO,20240722,123,123.49,122.49,123,701998
CSW.A.TO,20240722,13.36,13.55,13.1,13.46,12922
CSW.B.TO,20240722,12.1,12.7,12.1,12.2,4520
CTC.A.TO,20240722,140.3,143.83,139.85,142.92,130978
CTS.TO,20240722,4.16,4.17,4.04,4.13,390046
CTX.TO,20240722,0.61,0.69,0.61,0.64,114827
CU.TO,20240722,30.61,30.93,30.55,30.85,467822
CU.PR.D.TO,20240722,19.75,19.75,19.51,19.75,11210
CU.PR.E.TO,20240722,19.45,19.67,19.45,19.62,13600
CU.PR.F.TO,20240722,18.14,18.45,18.14,18.37,2300
CU.PR.G.TO,20240722,18.18,18.36,18.18,18.36,4422
CU.PR.H.TO,20240722,20.6,20.97,20.59,20.97,500
CU.PR.I.TO,20240722,23.23,23.23,23.23,23.23,100
CU.PR.J.TO,20240722,18.7,18.99,18.7,18.99,2163
CUBD.TO,20240722,20.06,20.06,20.05,20.05,300
CUD.TO,20240722,53.01,53.01,53.01,53.01,688
CUEH.TO,20240722,22.86,22.87,22.78,22.87,2300
CUEI.TO,20240722,30.14,30.14,30.06,30.06,1471
CUP.U.TO,20240722,14,14,14,14,3500
CURA.TO,20240722,5.73,5.96,5.56,5.88,176278
CVD.TO,20240722,16.9,16.9,16.84,16.84,6325
CVE.TO,20240722,27.26,27.63,26.97,27.5,2105791
CVE.PR.A.TO,20240722,17.42,17.78,17.42,17.78,2100
CVE.PR.B.TO,20240722,18.25,18.5,18.25,18.5,1100
CVE.PR.C.TO,20240722,23.88,23.97,23.88,23.97,19400
CVE.PR.E.TO,20240722,24.21,24.21,24.21,24.21,15075
CVE.WT.TO,20240722,20.4,20.87,20.4,20.87,540
CVG.TO,20240722,72.85,72.85,72.85,72.85,886
CVO.TO,20240722,6.71,6.84,6.57,6.72,111381
CWB.TO,20240722,46,46.91,45.98,46.6,445041
CWB.PR.B.TO,20240722,24.25,24.45,24.2,24.4,22878
CWB.PR.D.TO,20240722,26.26,26.27,26.26,26.27,1100
CWEB.TO,20240722,0.23,0.245,0.23,0.235,10250
CWL.TO,20240722,1.15,1.17,1.11,1.11,13100
CWW.TO,20240722,58.59,58.99,58.57,58.99,1579
CXB.TO,20240722,2.04,2.1,2.04,2.06,708514
CXI.TO,20240722,25.99,26.18,25.97,26.01,3500
CYB.TO,20240722,73.66,73.66,73.3,73.3,2427
CYBR.TO,20240722,46.69,46.91,46.64,46.91,650
CYBR.B.TO,20240722,54.48,54.48,54.42,54.42,490
CYH.TO,20240722,21.2,21.29,21.2,21.29,889
D.UN.TO,20240722,18.17,19.21,18.17,19.12,47241
DATA.TO,20240722,23.13,23.14,23.11,23.11,800
DAY.TO,20240722,73.82,73.98,71.81,73.91,9876
DBM.TO,20240722,7.12,7.23,7.09,7.19,192488
DBO.TO,20240722,0.07,0.07,0.065,0.07,201417
DC.A.TO,20240722,1.34,1.34,1.31,1.31,3300
DCBO.TO,20240722,51.82,52.27,51.55,52.16,22722
DCM.TO,20240722,2.61,2.68,2.61,2.66,11950
DCU.TO,20240722,17.58,17.58,17.58,17.58,4556
DF.TO,20240722,5.05,5.14,5.05,5.14,62417
DF.PR.A.TO,20240722,10,10.05,10,10.05,38900
DFN.TO,20240722,5.23,5.29,5.2,5.28,192681
DFN.PR.A.TO,20240722,9.97,10.01,9.97,10,325572
DFY.TO,20240722,46.1,47.47,45.67,47.14,86409
DGR.TO,20240722,46.13,46.21,46.02,46.2,2406
DGR.B.TO,20240722,51.87,52.01,51.87,52.01,364
DGRC.TO,20240722,39,39.05,39,39.05,300
DGS.TO,20240722,6.31,6.4,6.31,6.38,89790
DGS.PR.A.TO,20240722,10.05,10.08,10.04,10.06,15965
DHT.U.TO,20240722,9.2,9.2,9.2,9.2,100
DHT.UN.TO,20240722,12.31,12.78,12.2,12.21,37232
DIAM.TO,20240722,0.065,0.065,0.06,0.065,88999
DII.B.TO,20240722,6.99,7,6.93,6.93,1101
DIR.UN.TO,20240722,13.63,13.97,13.59,13.9,428489
DISC.TO,20240722,38.33,38.42,38.33,38.42,800
DIV.TO,20240722,2.72,2.75,2.71,2.74,115497
DIV.DB.A.TO,20240722,99.6,99.75,99.6,99.61,83000
DIVS.TO,20240722,15.65,15.65,15.65,15.65,300
DLCG.TO,20240722,3.7,3.7,3.67,3.68,33901
DLR.TO,20240722,13.97,14.01,13.97,13.98,922775
DLR.U.TO,20240722,10.17,10.17,10.16,10.17,831278
DMEC.TO,20240722,21.02,21.11,21.02,21.11,6769
DMEI.TO,20240722,20.94,20.94,20.88,20.88,2090
DMEU.TO,20240722,21.97,21.97,21.85,21.97,2685
DML.TO,20240722,2.7,2.72,2.65,2.71,1165279
DND.TO,20240722,13.2,13.34,13,13.07,54853
DNG.TO,20240722,5.1,5.4,5.1,5.4,41406
DNTL.TO,20240722,8.14,8.17,8.05,8.11,49685
DOL.TO,20240722,127.31,129.72,127.31,129.49,318996
DOO.TO,20240722,95.71,97.38,94.14,97.02,99708
DPM.TO,20240722,11.73,11.93,11.64,11.85,265781
DR.TO,20240722,13.24,13.39,13.17,13.37,30055
DRCU.TO,20240722,18.42,18.42,18.42,18.42,100
DRFC.TO,20240722,28.99,29.12,28.99,29.12,359
DRFE.TO,20240722,22.64,22.64,22.64,22.64,100
DRFG.TO,20240722,28.94,28.94,28.94,28.94,114
DRFU.TO,20240722,33.72,33.75,33.65,33.75,300
DRM.TO,20240722,21.08,22.08,21.07,22.06,15283
DRMC.TO,20240722,28.89,28.9,28.89,28.9,702
DRMD.TO,20240722,25.48,25.48,25.36,25.36,2102
DRME.TO,20240722,17.81,17.82,17.79,17.8,11600
DRMU.TO,20240722,40.49,40.49,40.38,40.41,300
DRR.U.TO,20240722,6.42,6.42,6.37,6.37,6800
DRR.UN.TO,20240722,8.85,9,8.77,9,6858
DRT.TO,20240722,0.59,0.59,0.58,0.58,75153
DRX.TO,20240722,13.09,13.95,13.04,13.73,144946
DS.TO,20240722,6.06,6.08,6.06,6.08,3661
DSG.TO,20240722,137.64,138.1,136.48,137.62,70878
DSV.TO,20240722,0.91,0.94,0.89,0.91,660410
DTOL.TO,20240722,13.05,13.05,12.44,12.44,8223
DXB.TO,20240722,17.89,17.89,17.89,17.89,100
DXBC.TO,20240722,21.38,21.38,21.38,21.38,2100
DXBU.TO,20240722,21.68,21.68,21.68,21.68,1000
DXC.TO,20240722,35.95,36.03,35.95,36,7802
DXDB.TO,20240722,20.85,20.85,20.83,20.84,900
DXF.TO,20240722,39.55,39.55,39.55,39.55,300
DXG.TO,20240722,60.98,61.5,60.98,61.43,6248
DXGE.TO,20240722,23.79,23.79,23.79,23.79,178
DXIF.TO,20240722,23.91,23.94,23.9,23.94,1000
DXN.TO,20240722,19.76,19.76,19.76,19.76,300
DXO.TO,20240722,19.49,19.49,19.49,19.49,238
DXP.TO,20240722,22.04,22.17,22.04,22.17,818
DXQ.TO,20240722,24.63,24.66,24.6,24.66,2427
DXRE.TO,20240722,21.43,21.43,21.43,21.43,100
DXT.TO,20240722,5.42,5.47,5.39,5.46,30569
DXU.TO,20240722,58.14,58.47,58.14,58.47,441
DXUS.TO,20240722,27.65,27.65,27.65,27.65,500
DXV.TO,20240722,19.64,19.64,19.6,19.61,2150
DXW.TO,20240722,23.06,23.06,23.06,23.06,400
DYA.TO,20240722,0.215,0.215,0.2,0.215,78816
E.TO,20240722,1.18,1.23,1.17,1.21,652941
EAGR.TO,20240722,0.76,0.8,0.76,0.8,2214
EBIT.TO,20240722,33.51,33.81,33.03,33.81,47279
EBIT.U.TO,20240722,24.37,24.56,24,24.56,5605
ECN.TO,20240722,1.84,1.96,1.84,1.96,155375
ECN.DB.TO,20240722,82,82,81.01,81.01,19000
ECN.DB.A.TO,20240722,76,76,76,76,20999
ECN.DB.B.TO,20240722,68.01,68.01,68.01,68.01,1000
ECO.TO,20240722,4.29,4.43,4.26,4.26,6500
ECOR.TO,20240722,1.2,1.21,1.19,1.21,13569
EDGE.TO,20240722,36.17,36.17,36.17,36.17,203
EDGF.TO,20240722,10.59,10.7,10.59,10.7,2500
EDR.TO,20240722,6.2,6.38,6.12,6.33,368768
EDT.TO,20240722,0.5,0.52,0.49,0.52,78060
EDV.TO,20240722,31.06,31.4,30.72,30.79,319090
EFN.TO,20240722,26.19,26.44,26.16,26.44,261686
EFR.TO,20240722,7.8,7.89,7.7,7.81,229304
EFX.TO,20240722,7.52,7.63,7.43,7.63,81309
EGLX.TO,20240722,0.155,0.155,0.145,0.15,128801
EIF.TO,20240722,48.33,48.58,47.79,48.58,54777
EIF.DB.J.TO,20240722,103,103,103,103,2000
EIF.DB.K.TO,20240722,103,103.5,103,103.5,26000
EIF.DB.L.TO,20240722,102.25,102.25,101.58,101.58,26000
EIF.DB.M.TO,20240722,100.01,101.99,100.01,101,23000
EIT.PR.A.TO,20240722,25.03,25.03,25.03,25.03,800
EIT.UN.TO,20240722,13.98,14,13.95,14,187089
ELD.TO,20240722,22.48,22.65,22.17,22.57,234046
ELEF.TO,20240722,0.465,0.485,0.46,0.47,33011
ELF.PR.F.TO,20240722,21.35,21.35,21.16,21.16,2200
ELF.PR.H.TO,20240722,21.95,21.95,21.95,21.95,1685
ELO.TO,20240722,1.18,1.18,1.09,1.13,100197
ELR.TO,20240722,0.175,0.175,0.17,0.17,18500
ELVA.TO,20240722,3.42,3.52,3.37,3.44,18308
EMA.TO,20240722,47.1,47.86,47.04,47.6,1345151
EMA.PR.B.TO,20240722,16.95,16.95,16.95,16.95,100
EMA.PR.C.TO,20240722,22.09,22.15,22.05,22.15,6000
EMA.PR.E.TO,20240722,17.56,18,17.56,17.93,3700
EMA.PR.H.TO,20240722,23.25,23.4,23.25,23.4,4575
EMA.PR.J.TO,20240722,22.8,22.8,21.9,21.9,2614
EMA.PR.L.TO,20240722,17.94,18.05,17.93,18.04,3900
EMAX.TO,20240722,17.07,17.09,16.98,17.03,37019
EMP.A.TO,20240722,36.18,36.37,36.03,36.25,311856
ENB.TO,20240722,50.36,50.64,50.27,50.51,11345490
ENB.PF.A.TO,20240722,18.76,18.76,18.76,18.76,225
ENB.PF.C.TO,20240722,18.15,18.23,18.15,18.21,13072
ENB.PF.E.TO,20240722,17.67,17.68,17.65,17.68,4600
ENB.PF.G.TO,20240722,17.75,17.78,17.74,17.78,3700
ENB.PF.K.TO,20240722,22.02,23.18,22.02,22.3,2301
ENB.PF.U.TO,20240722,21.23,21.31,21.23,21.31,2445
ENB.PF.V.TO,20240722,22.25,22.35,22.25,22.25,1000
ENB.PR.A.TO,20240722,21.59,21.6,21.59,21.6,1200
ENB.PR.B.TO,20240722,17.65,17.74,17.63,17.63,10758
ENB.PR.D.TO,20240722,18.1,18.11,18.09,18.1,11587
ENB.PR.F.TO,20240722,18.37,18.5,18.37,18.48,2300
ENB.PR.G.TO,20240722,20.3,20.3,20.25,20.25,300
ENB.PR.H.TO,20240722,19.82,19.83,19.7,19.8,3700
ENB.PR.J.TO,20240722,19.75,19.76,19.6,19.6,4200
ENB.PR.N.TO,20240722,21.5,21.64,21.5,21.58,7712
ENB.PR.P.TO,20240722,18.94,19.15,18.94,19.11,10201
ENB.PR.T.TO,20240722,20.13,20.27,20.09,20.27,13100
ENB.PR.V.TO,20240722,21.92,22,21.92,22,1950
ENB.PR.Y.TO,20240722,18.25,18.35,18.24,18.3,13700
ENCC.TO,20240722,11.15,11.26,11.14,11.25,33069
ENCL.TO,20240722,19.88,20.14,19.83,20.1,71552
ENGH.TO,20240722,30.83,30.83,30.25,30.55,88577
ENI.UN.TO,20240722,1.61,1.61,1.61,1.61,3388
ENS.TO,20240722,11.42,11.52,11.36,11.52,90333
ENS.PR.A.TO,20240722,10.42,10.43,10.38,10.43,9700
EPRX.TO,20240722,3.32,3.62,3.32,3.4,9168
EQB.TO,20240722,95.25,97.14,94.45,96.57,50093
EQCL.TO,20240722,22.02,22.02,21.95,22,2002
EQL.TO,20240722,35.35,35.48,35.13,35.48,58345
EQL.F.TO,20240722,29.98,30.15,29.94,30.15,5179
EQL.U.TO,20240722,25.6,25.76,25.6,25.76,600
EQX.TO,20240722,7.62,7.72,7.57,7.6,589329
ERD.TO,20240722,0.45,0.45,0.44,0.44,35055
ERE.UN.TO,20240722,2.74,2.82,2.72,2.8,175610
ERO.TO,20240722,27.05,27.06,26.38,26.59,305721
ESG.TO,20240722,40.61,40.81,40.56,40.79,1067
ESG.F.TO,20240722,37.97,37.97,37.95,37.95,200
ESGA.TO,20240722,35.28,35.53,35.28,35.53,1615
ESGB.TO,20240722,27.04,27.04,26.93,26.93,400
ESGE.TO,20240722,35.23,35.38,35.23,35.35,2517
ESGF.TO,20240722,24.19,24.19,24.19,24.19,200
ESGG.TO,20240722,47.18,47.29,47.18,47.29,413
ESGY.TO,20240722,54.14,54.73,54.14,54.73,1613
ESI.TO,20240722,2.42,2.48,2.34,2.45,191275
ESM.TO,20240722,0.045,0.045,0.045,0.045,65784
ESP.TO,20240722,4.45,4.45,4.27,4.36,2109
ESPX.TO,20240722,24.41,24.51,24.41,24.5,11318
ET.TO,20240722,12.81,13.02,12.77,12.77,31475
ETC.TO,20240722,14.95,14.96,14.7,14.96,2600
ETG.TO,20240722,1.5,1.52,1.5,1.51,30400
ETHH.TO,20240722,14.01,14.04,13.8,14.04,41985
ETHH.B.TO,20240722,16.53,16.6,16.33,16.57,98556
ETHH.U.TO,20240722,15.07,15.12,14.87,15.12,51597
ETHI.TO,20240722,52.71,52.8,52.71,52.8,317
ETHQ.TO,20240722,18.97,18.98,18.73,18.98,3079
ETHR.TO,20240722,16.43,16.46,16.16,16.44,30385
ETHR.U.TO,20240722,14.81,14.81,14.81,14.81,400
ETHX.B.TO,20240722,17.24,17.3,17,17.26,232944
ETHX.U.TO,20240722,15.68,15.75,15.47,15.73,51666
ETHY.TO,20240722,4.44,4.44,4.35,4.43,26845
ETHY.B.TO,20240722,5.5,5.53,5.49,5.53,501
ETP.TO,20240722,17.11,17.11,17.11,17.11,100
ETSX.TO,20240722,20.05,20.05,20.05,20.05,250
EVT.TO,20240722,146,146,146,146,100
EXE.TO,20240722,7.35,7.51,7.34,7.48,135797
EXE.DB.C.TO,20240722,99.03,99.1,99.03,99.05,187998
EXN.TO,20240722,0.14,0.14,0.13,0.13,7681
EXRO.TO,20240722,0.54,0.58,0.54,0.58,23719
FAP.TO,20240722,2.68,2.69,2.66,2.67,2515
FAR.TO,20240722,2.67,2.71,2.62,2.62,34049
FBGO.TO,20240722,17.62,17.62,17.62,17.62,100
FBTC.TO,20240722,30.87,31.16,30.44,31.16,41806
FBTC.U.TO,20240722,22.32,22.64,22.32,22.64,701
FC.TO,20240722,11.58,11.81,11.58,11.7,61540
FC.DB.L.TO,20240722,96.5,96.5,96.5,96.5,2000
FCCD.TO,20240722,28.44,28.44,28.44,28.44,702
FCCQ.TO,20240722,35.09,35.2,35.09,35.2,200
FCCV.TO,20240722,14.02,14.08,14.02,14.08,2288
FCD.UN.TO,20240722,5.37,5.39,5.35,5.37,5393
FCID.TO,20240722,27.38,27.38,27.38,27.38,446
FCIQ.TO,20240722,38.19,38.35,38.07,38.18,4156
FCIV.TO,20240722,34.91,35.07,34.91,35.07,4900
FCQH.TO,20240722,53.87,54.15,53.87,54.14,2815
FCR.UN.TO,20240722,16,16.42,15.98,16.38,432447
FCRR.TO,20240722,41.07,41.15,41.07,41.15,2000
FCU.TO,20240722,1.22,1.23,1.19,1.21,1326156
FCUD.TO,20240722,36.5,36.58,36.5,36.58,2304
FCUH.TO,20240722,32.13,32.22,32.13,32.22,1000
FCUQ.TO,20240722,58.98,58.98,58.52,58.88,3318
FCUV.TO,20240722,18.26,18.26,18.12,18.22,9393
FCUV.U.TO,20240722,13.25,13.25,13.25,13.25,100
FCVH.TO,20240722,17.2,17.2,17.14,17.2,1500
FDY.TO,20240722,0.8,0.8,0.79,0.79,7684
FEC.TO,20240722,7.92,8.04,7.9,7.92,30304
FETH.TO,20240722,63.9,64.55,63.73,64.55,1209
FF.TO,20240722,0.13,0.14,0.13,0.135,388777
FFH.TO,20240722,1606.35,1607.3,1587.56,1598.14,23954
FFH.PR.C.TO,20240722,22.2,22.39,22.17,22.17,3588
FFH.PR.D.TO,20240722,22.44,22.44,22.44,22.44,2100
FFH.PR.E.TO,20240722,17.62,17.77,17.62,17.77,900
FFH.PR.G.TO,20240722,18.05,18.05,18.05,18.05,100
FFH.PR.I.TO,20240722,18.92,18.92,18.88,18.9,71900
FFH.PR.J.TO,20240722,19.85,19.86,19.85,19.86,12900
FFH.PR.K.TO,20240722,22.09,22.09,21.94,21.94,300
FFH.PR.M.TO,20240722,24.29,24.4,24.29,24.4,1300
FFN.TO,20240722,6.04,6.12,6.02,6.1,293313
FFN.PR.A.TO,20240722,10.23,10.23,10.21,10.23,88114
FGEB.TO,20240722,10.29,10.3,10.29,10.3,1200
FGEP.TO,20240722,10.33,10.35,10.3,10.35,9200
FGGE.TO,20240722,23.81,23.81,23.81,23.81,121
FGO.TO,20240722,9.98,9.98,9.97,9.97,8618
FGOV.TO,20240722,20.4,20.4,20.36,20.36,7200
FHG.TO,20240722,51.66,51.66,51.66,51.66,401
FHI.B.TO,20240722,12.84,12.84,12.84,12.84,200
FHIS.TO,20240722,20.71,20.71,20.69,20.71,5800
FHQ.TO,20240722,90.23,90.6,89.8,90.6,5733
FIE.TO,20240722,7.3,7.34,7.29,7.33,49080
FIG.TO,20240722,9.31,9.31,9.31,9.31,2400
FIH.U.TO,20240722,14.62,14.62,14.35,14.45,22734
FIL.TO,20240722,28.66,29.5,27.87,28.28,318676
FLCP.TO,20240722,17.73,17.73,17.7,17.7,7205
FLDM.TO,20240722,23.98,24.12,23.98,24.12,500
FLGA.TO,20240722,18.71,18.82,18.71,18.76,6800
FLI.TO,20240722,10.35,10.38,10.3,10.36,41206
FLNT.TO,20240722,0.035,0.035,0.025,0.025,206003
FLOW.TO,20240722,0.18,0.18,0.16,0.165,16436
FLSD.TO,20240722,18.9,18.9,18.9,18.9,236
FLX.TO,20240722,7.15,7.15,7.15,7.15,300
FM.TO,20240722,16.66,16.89,16.3,16.48,1725464
FMAX.TO,20240722,17.43,17.45,17.4,17.45,2702
FN.TO,20240722,37.13,37.78,37.13,37.64,58638
FN.PR.A.TO,20240722,13.3,13.3,13.3,13.3,1100
FNV.TO,20240722,170.9,171.61,169.52,170.93,144872
FOM.TO,20240722,3.76,3.8,3.61,3.64,887064
FOOD.TO,20240722,0.3,0.305,0.29,0.3,17686
FOOD.DB.A.TO,20240722,35,35,35,35,5000
FORA.TO,20240722,9.3,9.4,9.1,9.35,13169
FRU.TO,20240722,13.99,14.2,13.98,14.18,286688
FRX.TO,20240722,8.86,9.27,8.65,9.02,3600
FSB.TO,20240722,9.62,9.64,9.62,9.63,4300
FST.TO,20240722,51.69,51.69,51.5,51.5,600
FSV.TO,20240722,225.05,229.71,225.05,228.4,49903
FSY.TO,20240722,0.57,0.6,0.54,0.54,102413
FSZ.TO,20240722,8.54,8.7,8.54,8.62,323030
FSZ.DB.B.TO,20240722,103,103,103,103,1000
FT.TO,20240722,0.085,0.085,0.075,0.075,54671
FTG.TO,20240722,6.35,6.35,6.2,6.35,26278
FTHI.TO,20240722,10.26,10.26,10.26,10.26,300
FTN.TO,20240722,8.35,8.49,8.34,8.39,287507
FTN.PR.A.TO,20240722,10.38,10.41,10.35,10.38,100563
FTS.TO,20240722,55.79,56.06,55.66,55.81,2974007
FTS.PR.F.TO,20240722,20.11,20.3,20.11,20.3,444
FTS.PR.G.TO,20240722,21.89,21.93,21.85,21.86,3600
FTS.PR.H.TO,20240722,15.33,15.4,15.33,15.4,1100
FTS.PR.J.TO,20240722,19.65,19.74,19.55,19.74,1200
FTS.PR.K.TO,20240722,20.02,20.05,20,20,2900
FTS.PR.M.TO,20240722,20.4,20.4,20.39,20.39,2300
FTT.TO,20240722,39.69,40.17,39.41,40.1,421460
FURY.TO,20240722,0.56,0.56,0.56,0.56,13000
FVI.TO,20240722,6.85,6.98,6.75,6.93,300119
FVL.TO,20240722,0.55,0.59,0.53,0.59,348021
G.TO,20240722,0.91,0.92,0.89,0.92,10829
GATO.TO,20240722,17.79,17.81,17.48,17.68,2955
GAU.TO,20240722,2.45,2.49,2.38,2.42,199395
GBAL.TO,20240722,48.05,48.05,48.05,48.05,344
GBT.TO,20240722,13.01,13.27,13,13.27,648
GCBD.TO,20240722,17.91,17.92,17.91,17.92,1580
GCG.TO,20240722,42.95,42.95,42.95,42.95,200
GCG.A.TO,20240722,43.05,43.68,42.95,43.27,3950
GCL.TO,20240722,1.3,1.32,1.27,1.27,64409
GCSC.TO,20240722,24.93,24.93,24.93,24.93,700
GDC.TO,20240722,3.23,3.27,3.16,3.27,2330
GDI.TO,20240722,33.76,35,33.76,35,3922
GDL.TO,20240722,13.6,13.87,13.58,13.87,3370
GDPY.B.TO,20240722,20.31,20.33,20.3,20.33,2100
GDV.TO,20240722,10.47,10.62,10.37,10.58,19835
GDV.PR.A.TO,20240722,9.97,9.97,9.93,9.97,15300
GEI.TO,20240722,22.69,23.14,22.65,23.08,998906
GENM.TO,20240722,0.26,0.26,0.26,0.26,111277
GEO.TO,20240722,2.31,2.35,2.27,2.35,4878
GEQT.TO,20240722,59.43,59.43,59.43,59.43,222
GFL.TO,20240722,53.74,54.46,53.36,54.38,182590
GFP.TO,20240722,0.38,0.415,0.34,0.39,113739
GFR.TO,20240722,10.64,10.64,10.36,10.39,11678
GGD.TO,20240722,1.48,1.5,1.42,1.49,323928
GGRO.TO,20240722,53.89,54,53.71,54,20093
GH.TO,20240722,10.24,10.55,10.24,10.55,2302
GIB.A.TO,20240722,146.5,147.95,146.43,147.75,164825
GIGC.TO,20240722,20.77,20.77,20.77,20.77,263
GIL.TO,20240722,54.4,54.65,54.07,54.16,204109
GIQG.TO,20240722,28.25,28.27,28.25,28.27,1600
GIQG.B.TO,20240722,30.17,30.2,30.17,30.2,2400
GIVX.TO,20240722,0.88,0.88,0.86,0.87,53500
GLCC.TO,20240722,27.6,27.86,27.5,27.85,41616
GLO.TO,20240722,1.55,1.61,1.53,1.58,341744
GLXY.TO,20240722,17.54,17.99,16.64,17.07,610879
GMIN.TO,20240722,9.7,9.85,9.3,9.5,276459
GMTN.TO,20240722,0.035,0.04,0.035,0.04,173200
GMX.TO,20240722,0.97,0.97,0.96,0.96,9004
GOLD.TO,20240722,1.24,1.24,1.21,1.23,80588
GOOS.TO,20240722,16.85,16.94,16.4,16.57,128019
GRA.TO,20240722,2.44,2.44,2.31,2.38,32936
GRCC.TO,20240722,21.58,21.58,21.58,21.58,100
GRID.TO,20240722,1.3,1.33,1.27,1.32,6600
GRN.TO,20240722,0.095,0.1,0.095,0.1,118460
GRNI.TO,20240722,28.12,28.12,28.12,28.12,182
GRT.UN.TO,20240722,74.76,76,74.76,75.01,68003
GSY.TO,20240722,187.07,192.75,187.07,192.21,62652
GTE.TO,20240722,13.22,13.36,13,13.28,17408
GTWO.TO,20240722,1.64,1.65,1.57,1.58,198358
GUD.TO,20240722,5.82,5.82,5.66,5.7,61158
GURU.TO,20240722,1.93,1.95,1.9,1.95,2955
GVC.TO,20240722,0.09,0.09,0.09,0.09,1500
GWO.TO,20240722,40.94,40.94,40.57,40.75,1353112
GWO.PR.G.TO,20240722,20.75,20.82,20.7,20.82,5600
GWO.PR.H.TO,20240722,19.27,19.37,19.27,19.36,1711
GWO.PR.I.TO,20240722,18.25,18.45,18.22,18.4,4300
GWO.PR.L.TO,20240722,22.46,22.46,22.46,22.46,300
GWO.PR.M.TO,20240722,23,23.13,23,23.09,2227
GWO.PR.N.TO,20240722,15.16,15.16,15.16,15.16,100
GWO.PR.P.TO,20240722,21.49,21.49,21.49,21.49,400
GWO.PR.S.TO,20240722,20.75,20.75,20.75,20.75,900
GWO.PR.T.TO,20240722,20.53,20.53,20.53,20.53,600
GWO.PR.Y.TO,20240722,18.24,18.24,18.1,18.1,2900
GXE.TO,20240722,0.72,0.72,0.7,0.72,119964
H.TO,20240722,41.2,41.58,41.14,41.39,590406
HAB.TO,20240722,9.98,10,9.97,10,13100
HAC.TO,20240722,30.5,30.52,30.5,30.52,700
HAF.TO,20240722,7.22,7.23,7.19,7.21,52382
HAI.TO,20240722,4.2,4.28,4.19,4.2,48238
HAL.TO,20240722,20.25,20.25,20.2,20.2,1064
HAZ.TO,20240722,36.29,36.54,36.29,36.53,2930
HBA.TO,20240722,26.27,26.34,26.27,26.34,855
HBAL.TO,20240722,15.08,15.09,15.04,15.08,8539
HBB.TO,20240722,47.43,47.43,47.24,47.25,16988
HBD.TO,20240722,7.8,7.87,7.8,7.8,16494
HBF.TO,20240722,9.83,9.85,9.81,9.84,20350
HBF.B.TO,20240722,11.09,11.09,11.09,11.09,4600
HBF.U.TO,20240722,11.15,11.15,11.14,11.14,569
HBGD.TO,20240722,31.24,31.74,31.24,31.68,710
HBIE.TO,20240722,24.59,24.59,24.59,24.59,100
HBIG.TO,20240722,24.45,24.45,24.45,24.45,600
HBLK.TO,20240722,18.2,18.2,17.87,17.99,2217
HBM.TO,20240722,11.02,11.24,11.01,11.13,1377344
HBND.TO,20240722,15.13,15.14,15,15.03,16644
HBNK.TO,20240722,21.88,21.88,21.7,21.83,1847
HBP.TO,20240722,0.225,0.23,0.225,0.23,3122
HBU.TO,20240722,14.77,14.78,14.66,14.72,1357
HBUG.TO,20240722,22.91,22.91,22.91,22.91,135
HCA.TO,20240722,21.42,21.44,21.4,21.44,1001
HCAL.TO,20240722,21.16,21.3,21.1,21.26,18701
HCLN.TO,20240722,8.74,8.74,8.7,8.7,1368
HCRE.TO,20240722,25.84,25.84,25.83,25.83,307
HDGE.TO,20240722,26.45,26.47,26.45,26.47,715
HDIF.TO,20240722,8.45,8.51,8.42,8.51,75915
HDIV.TO,20240722,17.04,17.11,16.97,17.08,77322
HEB.TO,20240722,17.06,17.18,17.06,17.17,1243
HED.TO,20240722,4.04,4.05,3.92,3.93,11454
HEQL.TO,20240722,25.38,25.42,25.35,25.42,1518
HEQT.TO,20240722,16.99,16.99,16.89,16.97,2520
HERO.TO,20240722,32.46,32.46,32.46,32.46,203
HEU.TO,20240722,30.78,31.5,30.45,31.36,13897
HEWB.TO,20240722,33.01,33.14,32.9,33.13,8787
HFD.TO,20240722,8.57,8.57,8.45,8.45,3538
HFG.TO,20240722,25.03,25.03,24.9,24.97,1627
HFIN.TO,20240722,16.08,16.17,16.08,16.17,3611
HFPC.U.TO,20240722,2.5,2.5,2.5,2.5,2175
HFR.TO,20240722,9.96,9.97,9.96,9.97,21723
HFU.TO,20240722,23.3,23.46,23.3,23.46,3338
HGD.TO,20240722,2.95,2.99,2.9,2.9,392439
HGR.TO,20240722,6.22,6.26,6.22,6.26,4501
HGRW.TO,20240722,23.72,23.76,23.72,23.76,1645
HGU.TO,20240722,20.7,21.37,20.69,21.26,131604
HGY.TO,20240722,10.72,10.73,10.7,10.73,2252
HHL.TO,20240722,8.46,8.47,8.42,8.47,101695
HHL.B.TO,20240722,9.44,9.44,9.44,9.44,100
HHL.U.TO,20240722,9.01,9.01,9.01,9.01,283
HHLE.TO,20240722,10.6,10.7,10.6,10.69,6150
HIG.TO,20240722,8.64,8.67,8.64,8.65,3600
HIND.TO,20240722,11.81,11.83,11.81,11.83,300
HISU.U.TO,20240722,100.38,100.38,100.37,100.38,3244
HIU.TO,20240722,11.52,11.52,11.52,11.52,108
HIX.TO,20240722,27.11,27.11,27.11,27.11,1000
HLF.TO,20240722,13.34,13.57,13.24,13.55,9739
HLIF.TO,20240722,8.94,9,8.93,8.98,8360
HLIT.TO,20240722,16.81,16.81,16.64,16.66,1006
HLPR.TO,20240722,26.56,26.61,26.56,26.61,1909
HLS.TO,20240722,3.59,3.59,3.59,3.59,100
HMAX.TO,20240722,13.85,13.85,13.76,13.83,187366
HMM.A.TO,20240722,10.07,10.38,10.07,10.32,8996
HMMJ.TO,20240722,10.62,11.08,10.62,11.08,22472
HMP.TO,20240722,9.48,9.48,9.48,9.48,4179
HND.TO,20240722,88.34,88.44,82.5,84.7,177068
HNU.TO,20240722,3.01,3.21,3.01,3.13,4695560
HOD.TO,20240722,6.66,6.72,6.58,6.61,529972
HOM.DB.U.TO,20240722,97,97,97,97,3000
HOM.U.TO,20240722,12.04,12.24,11.96,12.15,27799
HOM.UN.TO,20240722,16.46,16.87,16.45,16.87,39686
HOT.DB.V.TO,20240722,72,72,61.15,61.15,80000
HOT.UN.TO,20240722,0.475,0.48,0.46,0.475,79000
HOU.TO,20240722,14.22,14.42,14.09,14.36,633769
HPF.TO,20240722,3.49,3.49,3.46,3.47,4320
HPR.TO,20240722,8.86,8.89,8.86,8.89,35722
HPS.A.TO,20240722,103.73,110.89,103.73,110.85,69729
HPYM.TO,20240722,11.51,11.55,11.51,11.52,37822
HPYT.TO,20240722,11.04,11.09,10.95,10.99,236372
HPYT.B.TO,20240722,11.15,11.15,11.15,11.15,419
HPYT.U.TO,20240722,11.29,11.29,11.17,11.19,16600
HQD.TO,20240722,11.9,12.07,11.8,11.84,1146983
HQD.U.TO,20240722,8.64,8.64,8.64,8.64,700
HQU.TO,20240722,22.14,22.34,21.85,22.26,805719
HR.UN.TO,20240722,9.43,9.64,9.42,9.54,289143
HRAA.TO,20240722,11.88,11.88,11.86,11.87,1876
HRED.TO,20240722,14.51,14.51,14.51,14.51,200
HREU.TO,20240722,15.67,15.67,15.67,15.67,100
HRIF.TO,20240722,16.19,16.21,16.19,16.21,2400
HRX.TO,20240722,31.07,31.3,31.07,31.12,163300
HSAV.TO,20240722,112.59,112.67,112.5,112.67,26232
HSD.TO,20240722,17.37,17.49,17.25,17.27,676135
HSU.TO,20240722,23.58,23.8,23.45,23.77,286916
HSUV.U.TO,20240722,110.9,110.91,110.86,110.89,23757
HTA.TO,20240722,18.53,18.69,18.5,18.66,47203
HTA.B.TO,20240722,19.52,19.52,19.52,19.52,100
HTA.U.TO,20240722,20.03,20.03,20.03,20.03,100
HTAE.TO,20240722,17.04,17.09,16.85,17.07,19211
HTB.TO,20240722,56.78,56.78,56.5,56.5,10499
HTL.TO,20240722,2.15,2.2,2.12,2.17,5781774
HUBL.TO,20240722,12.73,12.9,12.73,12.88,2800
HUG.TO,20240722,18.82,18.82,18.73,18.79,2000
HULC.TO,20240722,91.13,91.45,91,91.4,2255
HULC.U.TO,20240722,66.43,66.47,66.41,66.41,5271
HUM.TO,20240722,31.44,31.44,31.44,31.44,119
HUN.TO,20240722,8.22,8.43,8.22,8.34,15613
HURA.TO,20240722,35.99,36,35.52,35.94,3661
HUT.TO,20240722,27.21,28.21,25.75,27.84,1605910
HUTE.TO,20240722,9.98,9.98,9.88,9.91,12163
HUTL.TO,20240722,16.92,16.92,16.73,16.78,4505
HUTS.TO,20240722,11.92,12.01,11.92,12.01,39251
HUV.TO,20240722,8.03,8.03,7.68,7.73,121013
HUZ.TO,20240722,13,13.02,12.98,12.98,2632
HWO.TO,20240722,0.91,0.97,0.89,0.9,109441
HWX.TO,20240722,7.23,7.32,7.18,7.28,255342
HXCN.TO,20240722,36.94,37.18,36.81,37.12,15750
HXD.TO,20240722,5.63,5.68,5.59,5.6,203456
HXDM.TO,20240722,47.49,47.57,47.39,47.57,24282
HXE.TO,20240722,37.38,37.7,37.27,37.7,2860
HXEM.TO,20240722,36.59,36.64,36.59,36.64,5698
HXF.TO,20240722,71.54,71.54,71.54,71.54,193
HXH.TO,20240722,49.55,49.59,49.55,49.59,442
HXQ.TO,20240722,77.73,78,77.28,77.94,18299
HXQ.U.TO,20240722,56.61,56.63,56.36,56.63,5761
HXS.TO,20240722,77.9,78.18,77.7,78.17,20021
HXS.U.TO,20240722,56.75,56.75,56.74,56.74,218
HXT.TO,20240722,58.47,58.72,58.24,58.67,157316
HXU.TO,20240722,23.09,23.27,22.96,23.23,44189
HXX.TO,20240722,51.46,51.46,51.46,51.46,112
HYBR.TO,20240722,9.31,9.31,9.15,9.15,2110
HYLD.TO,20240722,13.88,13.92,13.78,13.92,116254
HYLD.U.TO,20240722,14.29,14.31,14.2,14.3,23610
HZD.TO,20240722,8.86,8.92,8.71,8.71,18238
HZU.TO,20240722,26.21,26.7,26,26.68,97271
IAG.TO,20240722,89.43,89.75,88.26,89.48,356889
IAU.TO,20240722,1.45,1.52,1.42,1.5,303278
IAU.WT.TO,20240722,0.41,0.41,0.41,0.41,500
ICAE.TO,20240722,20.93,21.08,20.93,21.08,700
ICPB.TO,20240722,9.28,9.3,9.28,9.28,4100
IDIV.B.TO,20240722,13.8,13.82,13.76,13.82,1100
IE.TO,20240722,13.85,13.85,13.46,13.73,2575
IFA.TO,20240722,1.02,1.02,1.02,1.02,2011
IFC.TO,20240722,238.61,242.68,237.96,242.55,265510
IFC.PR.A.TO,20240722,19.32,19.4,19.28,19.4,2800
IFC.PR.C.TO,20240722,21.22,21.33,21.22,21.33,2000
IFC.PR.E.TO,20240722,21.63,21.63,21.63,21.63,2036
IFC.PR.F.TO,20240722,22.15,22.15,21.96,21.96,5500
IFC.PR.G.TO,20240722,23.55,23.99,23.54,23.99,4250
IFC.PR.I.TO,20240722,22.65,22.65,22.65,22.65,4320
IFC.PR.K.TO,20240722,22.56,22.61,22.56,22.56,2000
IFP.TO,20240722,16.46,16.52,16.21,16.43,136289
IGB.TO,20240722,18.01,18.01,18.01,18.01,200
IGBT.UN.TO,20240722,10.16,10.16,10.16,10.16,400
IGM.TO,20240722,38.38,38.64,38.07,38.51,521939
IICE.TO,20240722,22.94,22.94,22.94,22.94,200
III.TO,20240722,2.14,2.15,2.05,2.06,15555
IIMF.TO,20240722,21.49,21.64,21.49,21.64,448
IIMF.F.TO,20240722,22.33,22.34,22.33,22.34,2400
IIP.UN.TO,20240722,12.6,13,12.57,12.95,447560
IITE.TO,20240722,21.23,21.23,21.23,21.23,103
ILLM.TO,20240722,1.58,1.63,1.57,1.59,16877
IMG.TO,20240722,5.5,5.63,5.46,5.61,793245
IMO.TO,20240722,95.24,96.77,94.72,96.66,373633
IMP.TO,20240722,0.63,0.69,0.63,0.67,94554
INAI.TO,20240722,24.69,24.78,24.69,24.78,2118
INC.UN.TO,20240722,7.78,7.84,7.77,7.84,1430
INCM.TO,20240722,19.93,19.93,19.93,19.93,500
INE.TO,20240722,9.9,10.19,9.89,10.11,660098
INE.DB.C.TO,20240722,96.49,96.49,96,96.49,56000
INE.PR.A.TO,20240722,14.27,14.38,14.25,14.38,2790
INE.PR.C.TO,20240722,18.94,19.19,18.93,19.19,1100
INO.UN.TO,20240722,1.22,1.26,1.17,1.23,64607
INOC.TO,20240722,15.82,15.84,15.82,15.84,4820
IPCO.TO,20240722,19.77,20.3,19.76,20.3,41382
IPO.TO,20240722,2.25,2.25,2.21,2.23,17944
IQD.TO,20240722,35.44,35.44,35.39,35.39,888
IQD.B.TO,20240722,31.03,31.03,31.03,31.03,100
IS.TO,20240722,13.54,13.61,13.42,13.6,3397
IS.PR.A.TO,20240722,10.41,10.41,10.4,10.4,3000
ISCB.TO,20240722,10.63,10.63,10.63,10.63,1400
ISO.TO,20240722,3.56,3.65,3.56,3.56,109796
ISV.TO,20240722,25.82,25.84,25.8,25.84,918
ITE.TO,20240722,0.175,0.18,0.175,0.18,90328
IUAE.TO,20240722,22.8,22.8,22.74,22.79,300
IUFR.U.TO,20240722,20.2,20.2,20.2,20.2,1500
IUMF.F.TO,20240722,20.17,20.18,20.17,20.18,2700
IVN.TO,20240722,19.07,19.23,18.39,18.42,2191546
IVQ.DB.U.TO,20240722,45.63,45.63,45.6,45.6,5000
IWBE.TO,20240722,17.75,17.75,17.75,17.75,850
JAG.TO,20240722,3.72,3.86,3.65,3.68,62770
JAPN.TO,20240722,50.82,50.92,50.81,50.91,1614
JAPN.B.TO,20240722,34.78,34.78,34.78,34.78,200
JFS.UN.TO,20240722,25.07,25.2,25,25.12,6312
JOY.TO,20240722,2.89,2.94,2.87,2.94,48095
JWEL.TO,20240722,31.17,32.03,31.16,31.99,50194
K.TO,20240722,12.1,12.31,12.05,12.26,1828466
KBL.TO,20240722,34,34.1,34,34.1,800
KEG.UN.TO,20240722,14.01,14.45,14.01,14.45,18733
KEI.TO,20240722,4.8,4.81,4.77,4.8,2600
KEL.TO,20240722,5.95,6.14,5.95,6.14,181529
KEY.TO,20240722,38.23,38.98,38.23,38.89,1185866
KILO.TO,20240722,35.57,35.59,35.45,35.59,1668
KILO.B.TO,20240722,39.3,39.3,39.13,39.29,2587
KITS.TO,20240722,9,9.17,8.89,8.98,30399
KLS.TO,20240722,0.17,0.17,0.17,0.17,4110
KMP.UN.TO,20240722,18.43,18.86,18.42,18.85,142265
KNGC.TO,20240722,9.98,10.05,9.98,10.05,200
KNGU.TO,20240722,10.2,10.2,10.2,10.2,100
KNGX.TO,20240722,9.98,9.98,9.98,9.98,200
KNT.TO,20240722,7.96,8.03,7.83,7.85,412331
KPT.TO,20240722,8.63,8.64,8.52,8.58,7404
KRN.TO,20240722,0.13,0.13,0.13,0.13,18000
KSI.TO,20240722,4.33,4.34,4.32,4.32,13994
KXS.TO,20240722,166.36,168.27,165.73,167.53,30517
L.TO,20240722,169.94,170.01,168,168.88,356703
L.PR.B.TO,20240722,21.95,22.1,21.95,22.02,4329
LAAC.TO,20240722,4.32,4.33,4.16,4.25,216835
LABS.TO,20240722,0.075,0.075,0.07,0.07,251916
LAC.TO,20240722,3.94,4.02,3.69,3.9,556318
LAM.TO,20240722,0.59,0.63,0.57,0.6,272807
LAS.A.TO,20240722,163.01,163.01,158.95,158.95,401
LB.TO,20240722,26.19,26.47,26.15,26.3,309207
LB.PR.H.TO,20240722,19.59,19.59,19.55,19.55,300
LBS.TO,20240722,7.62,7.65,7.59,7.65,42594
LBS.PR.A.TO,20240722,10.37,10.42,10.37,10.42,78172
LCFS.TO,20240722,8.25,8.25,8.16,8.16,2292
LCS.TO,20240722,6.77,6.89,6.73,6.89,4325
LCS.PR.A.TO,20240722,10.3,10.34,10.3,10.34,900
LEAD.TO,20240722,20.59,20.59,20.59,20.59,100
LEV.TO,20240722,1.24,1.24,1.22,1.22,101820
LEV.WT.A.TO,20240722,0.16,0.16,0.16,0.16,5000
LFE.TO,20240722,4.7,4.8,4.68,4.78,41585
LFE.PR.B.TO,20240722,10.2,10.25,10.2,10.24,5100
LGD.TO,20240722,0.385,0.385,0.38,0.385,104747
LGO.TO,20240722,2.8,2.9,2.79,2.89,96553
LIF.TO,20240722,30.2,30.5,30.19,30.42,260116
LIFE.TO,20240722,22.01,22.01,21.97,22,7559
LIFE.B.TO,20240722,25.98,26.21,25.98,26.21,843
LIFE.U.TO,20240722,21.64,21.64,21.64,21.64,100
LIRC.TO,20240722,7,7.02,6.98,7,9391
LMAX.TO,20240722,16.05,16.06,16,16.04,5371
LN.TO,20240722,0.44,0.44,0.39,0.39,20999
LNF.TO,20240722,22.95,24.37,22.78,23.9,55029
LNR.TO,20240722,69.42,69.71,68.87,68.98,46571
LPAY.TO,20240722,27.65,27.65,27.5,27.5,2700
LPAY.U.TO,20240722,20.17,20.17,20.17,20.17,988
LSPD.TO,20240722,18.83,19.04,18.58,18.99,330842
LSPK.TO,20240722,0.42,0.42,0.4,0.4,1000
LUC.TO,20240722,0.305,0.31,0.305,0.31,86876
LUG.TO,20240722,23.27,23.32,22.95,23.02,220890
LUN.TO,20240722,14.3,14.38,13.9,13.99,1744792
MAG.TO,20240722,17.96,18.23,17.79,18.14,106954
MAL.TO,20240722,8.5,8.67,8.5,8.65,4970
MARI.TO,20240722,3.99,4.01,3.98,3.98,4588
MATR.TO,20240722,17.33,17.79,17.33,17.75,78310
MBAL.TO,20240722,24.17,24.19,24.17,24.18,2000
MBX.TO,20240722,0.335,0.335,0.33,0.33,11785
MCAD.TO,20240722,100.35,100.35,100.35,100.35,188
MCB.TO,20240722,2.06,2.16,2.06,2.16,19819
MCLC.TO,20240722,38.23,38.41,38.23,38.41,300
MCON.TO,20240722,21.44,21.44,21.44,21.44,400
MCSB.TO,20240722,19.35,19.35,19.35,19.35,103
MCSM.TO,20240722,40,40.06,40,40.06,200
MDA.TO,20240722,13.18,13.45,13.07,13.4,121792
MDI.TO,20240722,9.27,9.37,9.2,9.36,27920
MDIV.TO,20240722,17.13,17.24,17.13,17.24,6800
MDNA.TO,20240722,1.9,1.96,1.9,1.95,46167
MDP.TO,20240722,2.23,2.29,2.2,2.21,17869
MEG.TO,20240722,27.78,28.21,27.66,27.92,1038871
MEME.B.TO,20240722,29.62,29.62,29.62,29.62,100
MEQ.TO,20240722,175.86,188.22,175.86,187.65,3240
MFC.TO,20240722,35.86,36.11,35.65,36.06,4668382
MFC.PR.B.TO,20240722,19.62,19.86,19.62,19.81,4201
MFC.PR.C.TO,20240722,19.21,19.32,19.21,19.32,6100
MFC.PR.F.TO,20240722,17.33,17.69,17.33,17.69,5113
MFC.PR.I.TO,20240722,24.36,24.36,24.36,24.36,200
MFC.PR.J.TO,20240722,24.16,24.35,24.15,24.35,4900
MFC.PR.K.TO,20240722,23.68,23.85,23.67,23.85,1600
MFC.PR.L.TO,20240722,22.02,22.42,22.02,22.42,2100
MFC.PR.M.TO,20240722,21.82,22,21.82,21.91,2200
MFC.PR.N.TO,20240722,21.49,21.5,21.49,21.5,733
MFC.PR.P.TO,20240722,17.9,18,17.9,18,984
MFC.PR.Q.TO,20240722,23.84,23.92,23.74,23.92,1400
MFI.TO,20240722,24.58,24.71,24.36,24.41,80901
MFT.TO,20240722,17.31,17.32,17.3,17.3,8098
MG.TO,20240722,60.37,61.27,59.7,61.25,2954364
MGA.TO,20240722,0.32,0.32,0.3,0.305,423825
MGB.TO,20240722,16.39,16.39,16.32,16.35,8647
MGDV.TO,20240722,20.71,20.76,20.59,20.73,8001
MHC.U.TO,20240722,14.35,14.55,14.25,14.52,13882
MHC.UN.TO,20240722,19.8,19.8,19.75,19.75,300
MHCD.TO,20240722,12,12,11.98,12,705
MI.UN.TO,20240722,15.6,16.18,15.6,16.18,351031
MIC.PR.A.TO,20240722,20.17,20.53,20.15,20.53,3284
MID.UN.TO,20240722,7.14,7.14,6.76,7.05,24400
MIN.TO,20240722,0.145,0.15,0.145,0.15,13000
MINN.TO,20240722,20.44,20.44,20.37,20.37,519
MIVG.TO,20240722,33.17,33.17,33.17,33.17,100
MKB.TO,20240722,18.95,18.95,18.86,18.89,23770
MKP.TO,20240722,16.68,16.88,16.68,16.75,26741
MMP.UN.TO,20240722,1.83,1.83,1.8,1.8,200
MND.TO,20240722,2.53,2.57,2.53,2.56,4776
MNO.TO,20240722,0.415,0.44,0.415,0.425,207000
MNS.TO,20240722,22.95,23.15,22.95,23.15,889
MNT.TO,20240722,33.99,33.99,33.65,33.65,5655
MNU.U.TO,20240722,100.4,100.4,100.39,100.39,553
MNY.TO,20240722,100.34,100.35,100.34,100.34,1600
MOGO.TO,20240722,2.12,2.16,2.08,2.16,60402
MPAY.TO,20240722,27.31,27.44,27.31,27.31,1318
MPCT.UN.TO,20240722,3.6,3.7,3.59,3.7,34710
MPVD.TO,20240722,0.135,0.135,0.135,0.135,3000
MPY.TO,20240722,9.63,9.63,9.62,9.63,7600
MR.DB.B.TO,20240722,95,95,95,95,19000
MR.UN.TO,20240722,3,3.04,2.97,2.97,12200
MRC.TO,20240722,111.5,112.43,111.5,112,2038
MRD.TO,20240722,11.57,11.77,11.57,11.77,10336
MRE.TO,20240722,11.78,11.82,11.57,11.63,55545
MREL.TO,20240722,12.06,12.29,12.06,12.29,12180
MRG.UN.TO,20240722,16.47,17.01,16.47,17,42452
MRT.DB.A.TO,20240722,97.03,97.03,97.03,97.03,10000
MRT.UN.TO,20240722,5.35,5.36,5.33,5.36,7200
MRU.TO,20240722,81.5,82.26,81.35,81.83,333823
MSA.TO,20240722,1.24,1.24,1.22,1.22,15765
MSCL.TO,20240722,0.47,0.5,0.47,0.5,7900
MSV.TO,20240722,0.18,0.18,0.18,0.18,18000
MTL.TO,20240722,13.38,13.53,13.33,13.52,134388
MTL.DB.TO,20240722,108.04,108.04,107.55,107.55,8000
MTY.TO,20240722,46.68,47.48,46.29,47.42,57466
MUB.TO,20240722,18.32,18.32,18.26,18.3,19883
MUMC.B.TO,20240722,47.51,47.75,47.48,47.75,501
MUX.TO,20240722,12.68,12.88,12.58,12.8,44442
MWLV.TO,20240722,21.6,21.6,21.59,21.59,1438
MX.TO,20240722,67.97,68.41,67.59,68.16,67164
MXG.TO,20240722,4.02,4.06,4.02,4.06,800
NA.TO,20240722,113,113.85,112.9,113.43,1861131
NA.PR.C.TO,20240722,25.6,25.7,25.6,25.65,1700
NA.PR.E.TO,20240722,24.33,24.35,24.28,24.32,323600
NA.PR.G.TO,20240722,25.42,25.45,25.4,25.4,3000
NA.PR.S.TO,20240722,24.15,24.3,24.11,24.2,23252
NA.PR.W.TO,20240722,22.12,22.29,22.12,22.25,37163
NA.R.TO,20240722,111.57,112.2,111.57,111.96,2502
NALT.TO,20240722,23.68,23.68,23.49,23.49,1835
NANO.TO,20240722,1.29,1.3,1.23,1.28,67702
NCP.TO,20240722,0.015,0.015,0.01,0.015,273437
NDM.TO,20240722,0.5,0.55,0.5,0.52,80431
NEO.TO,20240722,8.34,8.43,8.19,8.19,24339
NEXT.TO,20240722,0.82,0.88,0.77,0.82,201487
NFI.TO,20240722,16.63,16.85,16.45,16.74,180916
NFI.DB.TO,20240722,95,95,94,94,66000
NG.TO,20240722,5.95,6.19,5.95,6.13,243462
NGD.TO,20240722,3.05,3.06,2.97,3.02,1156423
NGEX.TO,20240722,8.41,8.5,8.29,8.38,222550
NGT.TO,20240722,64.4,65.08,64.18,65.06,137194
NHYB.TO,20240722,21.65,21.65,21.65,21.65,746
NINT.TO,20240722,26.53,26.53,26.51,26.51,1143
NOA.TO,20240722,27.23,27.24,26.93,27.1,30411
NOVC.TO,20240722,1.24,1.26,1.16,1.26,3104
NPI.TO,20240722,23.16,23.57,23.12,23.39,720493
NPI.PR.A.TO,20240722,17.05,17.1,16.91,16.97,7315
NPI.PR.B.TO,20240722,18.59,18.59,18.59,18.59,600
NPK.TO,20240722,0.89,0.91,0.76,0.83,33766
NPRF.TO,20240722,22.78,22.82,22.59,22.82,15025
NPS.TO,20240722,12.15,12.15,12.15,12.15,300
NREA.TO,20240722,20.63,20.66,20.62,20.66,3000
NRR.UN.TO,20240722,17.31,17.35,17.02,17.35,2103
NSCB.TO,20240722,22.2,22.2,22.19,22.19,600
NSCC.TO,20240722,21.97,21.98,21.97,21.98,500
NSSB.TO,20240722,9.89,9.89,9.89,9.89,103
NTR.TO,20240722,69.75,69.87,68.57,69.38,1713937
NUAG.TO,20240722,2.13,2.19,2.08,2.12,19525
NUMI.TO,20240722,0.045,0.045,0.04,0.04,169386
NUSA.TO,20240722,42.98,42.98,42.88,42.98,4920
NVA.TO,20240722,13.44,13.76,13.35,13.7,338004
NVEI.TO,20240722,45.15,45.25,45.14,45.25,25190
NVO.TO,20240722,0.105,0.105,0.1,0.1,10000
NWC.TO,20240722,44,44.93,43.99,44.71,92482
NWH.DB.G.TO,20240722,99.99,99.99,99.98,99.98,7000
NWH.DB.I.TO,20240722,86.5,87.5,86.49,87.5,55000
NWH.UN.TO,20240722,4.92,5.18,4.92,5.16,994707
NXE.TO,20240722,9.08,9.21,8.89,9.11,1074004
NXF.TO,20240722,6.21,6.21,6.15,6.16,19766
NXF.B.TO,20240722,8.09,8.11,8.06,8.06,5625
NXR.UN.TO,20240722,7.83,7.84,7.75,7.84,85803
NXTG.TO,20240722,11.18,11.18,11.18,11.18,100
OBE.TO,20240722,10.08,10.22,10.03,10.15,68829
OGC.TO,20240722,3.66,3.76,3.66,3.72,739536
OGI.TO,20240722,2.28,2.46,2.27,2.45,279817
OLA.TO,20240722,5.35,5.4,5.29,5.3,200969
OLY.TO,20240722,98,98,94.51,94.89,4884
ONC.TO,20240722,1.44,1.44,1.41,1.42,24014
ONEQ.TO,20240722,41.87,41.94,41.87,41.94,850
ONEX.TO,20240722,96.58,97.74,96.09,97.3,52741
OR.TO,20240722,24.75,24.88,24.54,24.55,128729
ORA.TO,20240722,14.01,14.36,14.01,14.36,8515
ORE.TO,20240722,0.75,0.84,0.75,0.8,102478
ORV.TO,20240722,0.22,0.22,0.22,0.22,7106
OSK.TO,20240722,3.13,3.2,3.12,3.18,268659
OTEX.TO,20240722,42.69,43.09,42.41,42.98,278425
OVV.TO,20240722,64.82,64.82,63.8,64.38,69920
PAAS.TO,20240722,30.75,31.58,30.56,31.44,636333
PABF.TO,20240722,22.85,22.85,22.85,22.85,1600
PAGF.TO,20240722,23.59,23.65,23.59,23.62,4000
PAY.TO,20240722,6.05,6.2,6.04,6.18,48284
PAYF.TO,20240722,18.82,18.82,18.82,18.82,1093
PAYS.TO,20240722,20.07,20.07,20.07,20.07,200
PBD.TO,20240722,16.56,16.56,16.56,16.56,100
PBH.TO,20240722,93.86,94.25,93.29,94.13,32514
PBH.DB.G.TO,20240722,98.95,98.95,98.76,98.78,38000
PBH.DB.H.TO,20240722,94.5,94.5,94.5,94.5,51376
PBH.DB.I.TO,20240722,96,96.25,96,96.25,20999
PBI.B.TO,20240722,53.67,53.67,53.46,53.55,300
PBL.TO,20240722,26.98,27.25,26.69,27.14,22230
PBY.UN.TO,20240722,15.04,15.21,15.04,15.21,5299
PCOR.TO,20240722,18.22,18.22,18.21,18.21,10200
PD.TO,20240722,98.23,99.25,96.77,98.77,42677
PDC.TO,20240722,31.28,31.43,31.16,31.39,4192
PDF.TO,20240722,31.47,31.57,31.47,31.54,3400
PDIV.TO,20240722,9.33,9.4,9.33,9.4,10751
PDV.TO,20240722,6.56,6.56,6.56,6.56,100
PEA.TO,20240722,0.345,0.35,0.34,0.35,2818
PET.TO,20240722,27.32,27.9,27.32,27.77,38720
PEY.TO,20240722,14.21,14.62,14.21,14.6,838553
PFAA.TO,20240722,11.29,11.29,11.28,11.29,5600
PFAE.TO,20240722,18.71,18.71,18.71,18.71,400
PFH.F.TO,20240722,18.02,18.02,18.02,18.02,100
PFIA.TO,20240722,9.89,9.9,9.88,9.9,13800
PFL.TO,20240722,19.62,19.62,19.61,19.62,29848
PFLS.TO,20240722,17.23,17.25,17.23,17.25,400
PFMN.TO,20240722,14.58,14.63,14.54,14.6,19300
PGI.UN.TO,20240722,7.45,7.47,7.45,7.45,5450
PGIC.TO,20240722,6.86,7.16,6.45,6.45,1900
PGIC.PR.A.TO,20240722,9.83,9.83,9.83,9.83,2000
PHE.B.TO,20240722,38.89,38.89,38.89,38.89,100
PHR.TO,20240722,19.48,19.48,19.48,19.48,100
PHX.TO,20240722,10.15,10.43,10,10.41,61413
PHYS.TO,20240722,25.48,25.52,25.37,25.51,50237
PHYS.U.TO,20240722,18.56,18.56,18.5,18.5,501
PIC.A.TO,20240722,3.81,3.81,3.78,3.78,46673
PIC.PR.A.TO,20240722,14.66,14.7,14.65,14.7,25164
PID.TO,20240722,23.73,23.81,23.69,23.78,4400
PIF.TO,20240722,12.72,13.13,12.72,13.08,14952
PIN.TO,20240722,17.52,17.52,17.52,17.52,100
PINC.TO,20240722,17.5,17.61,17.5,17.61,3070
PIX.UN.TO,20240722,8.02,8.06,8.01,8.06,2500
PKI.TO,20240722,37.71,38.15,37.6,38,710365
PLV.TO,20240722,23.82,23.83,23.82,23.83,200
PLZ.UN.TO,20240722,3.75,3.78,3.72,3.72,24561
PME.TO,20240722,2.17,2.2,2.17,2.2,400
PMET.TO,20240722,4.75,4.75,4.61,4.64,185669
PMIF.TO,20240722,18.15,18.17,18.14,18.16,35027
PMIF.U.TO,20240722,19.37,19.37,19.37,19.37,200
PMM.TO,20240722,23.34,23.42,23.3,23.3,400
PMNT.TO,20240722,19.25,19.29,19.25,19.29,777
PMT.TO,20240722,0.47,0.47,0.455,0.455,18500
PMZ.UN.TO,20240722,13.53,13.87,13.53,13.86,96365
PNE.TO,20240722,0.94,0.94,0.92,0.92,126950
PNP.TO,20240722,6.05,6.32,6.05,6.32,6373
POU.TO,20240722,30.1,30.49,29.77,30.35,253877
POW.TO,20240722,39.21,39.42,38.97,39.03,4006185
POW.PR.A.TO,20240722,21.96,22.12,21.95,22.12,2003
POW.PR.B.TO,20240722,20.9,21,20.9,21,6100
POW.PR.C.TO,20240722,22.94,23,22.94,23,571
POW.PR.D.TO,20240722,19.59,19.66,19.59,19.66,600
POW.PR.G.TO,20240722,21.7,21.87,21.7,21.87,22500
PPL.TO,20240722,52.09,52.6,52,52.47,4664525
PPL.PF.A.TO,20240722,23.2,23.48,22.98,23.3,10620
PPL.PF.E.TO,20240722,23.96,24.18,23.96,24.18,8775
PPL.PR.A.TO,20240722,22.29,22.5,22.29,22.5,3494
PPL.PR.C.TO,20240722,20.46,20.69,20.45,20.69,5500
PPL.PR.E.TO,20240722,22.58,22.7,22.54,22.63,4700
PPL.PR.G.TO,20240722,20.64,20.7,20.64,20.69,9500
PPL.PR.I.TO,20240722,23.3,23.3,23.3,23.3,300
PPL.PR.O.TO,20240722,21.65,21.77,21.65,21.77,14700
PPL.PR.Q.TO,20240722,22.2,22.33,22.17,22.33,10100
PPL.PR.S.TO,20240722,24.03,24.05,24.03,24.05,1000
PPLN.TO,20240722,10.95,10.96,10.95,10.96,501
PPR.TO,20240722,0.05,0.05,0.045,0.05,175307
PPTA.TO,20240722,8.91,9.05,8.56,9.05,13913
PR.TO,20240722,9.48,9.48,9.48,9.48,600
PRA.TO,20240722,28.1,28.1,28.01,28.06,4004
PRB.TO,20240722,1.3,1.36,1.29,1.32,142932
PREF.TO,20240722,10.19,10.2,10.19,10.2,25422
PRL.TO,20240722,24.81,24.81,23.13,24.18,45176
PRM.TO,20240722,14.37,14.37,14.3,14.3,700
PRMW.TO,20240722,28.27,28.9,28.27,28.68,91139
PRN.TO,20240722,14,14.07,13.71,14,11711
PRQ.TO,20240722,1.38,1.38,1.38,1.38,48200
PRU.TO,20240722,2.42,2.44,2.41,2.44,3334
PRV.DB.TO,20240722,100,100,100,100,30000
PRV.UN.TO,20240722,5.05,5.24,5.05,5.2,70190
PRYM.TO,20240722,1.86,2.01,1.86,1.92,14116
PSA.TO,20240722,50.16,50.17,50.16,50.17,84104
PSB.TO,20240722,17.44,17.44,17.43,17.43,900
PSD.TO,20240722,2.34,2.37,2.34,2.36,2603
PSI.TO,20240722,17.4,17.48,17.24,17.35,50397
PSK.TO,20240722,28.19,28.19,27.61,27.69,230405
PSLV.TO,20240722,13.64,13.74,13.6,13.73,52564
PSLV.U.TO,20240722,9.91,9.97,9.91,9.97,1171
PSU.U.TO,20240722,100.36,100.37,100.36,100.36,9502
PTI.UN.TO,20240722,6.61,6.66,6.61,6.65,5500
PTM.TO,20240722,2.46,2.51,2.34,2.34,16480
PTO.UN.TO,20240722,7.49,7.49,7.31,7.31,7077
PVS.PR.K.TO,20240722,23.9,23.9,23.8,23.8,2000
PWF.PF.A.TO,20240722,17.76,17.76,17.75,17.75,500
PWF.PR.A.TO,20240722,13.16,13.35,13.16,13.35,800
PWF.PR.E.TO,20240722,21.45,21.5,21.39,21.44,2400
PWF.PR.F.TO,20240722,20.48,20.48,20.46,20.46,400
PWF.PR.G.TO,20240722,22.87,22.96,22.87,22.96,1100
PWF.PR.H.TO,20240722,22.24,22.27,22.24,22.27,400
PWF.PR.K.TO,20240722,19.35,19.49,19.35,19.49,1300
PWF.PR.L.TO,20240722,19.82,19.93,19.79,19.93,4300
PWF.PR.P.TO,20240722,15.44,15.44,15.44,15.44,100
PWF.PR.S.TO,20240722,18.85,18.94,18.8,18.94,2414
PWF.PR.T.TO,20240722,22.21,22.25,22.21,22.23,1800
PWF.PR.Z.TO,20240722,20.11,20.39,20.11,20.25,2900
PWI.TO,20240722,8.28,8.28,8.16,8.21,4878
PWI.PR.A.TO,20240722,10.12,10.12,10.12,10.12,500
PXC.TO,20240722,38.66,38.66,38.66,38.66,100
PXT.TO,20240722,21.41,21.43,21.05,21.14,383004
PXU.F.TO,20240722,61.38,61.38,61.38,61.38,100
PYF.TO,20240722,17.41,17.42,17.41,17.42,3500
PYR.TO,20240722,0.83,0.86,0.82,0.86,52315
PZA.TO,20240722,13.08,13.34,13.06,13.33,44717
QAH.TO,20240722,182,183.37,182,183.37,300
QBB.TO,20240722,91.93,91.93,91.76,91.9,600
QBR.A.TO,20240722,31.12,31.25,31.12,31.25,16491
QBR.B.TO,20240722,28.94,29,28.65,28.74,627177
QBTC.TO,20240722,88,89.78,87.2,89.78,8651
QBTC.U.TO,20240722,63.97,64.21,63.62,63.62,806
QBTL.TO,20240722,19.61,19.61,19.6,19.6,1600
QCE.TO,20240722,138.06,138.08,138.06,138.08,200
QCLN.TO,20240722,16.36,16.36,16.36,16.36,113
QCN.TO,20240722,138.98,139.47,138.89,139.47,772
QDX.TO,20240722,120.01,120.01,119.72,119.72,2881
QDXB.TO,20240722,88.4,88.4,88.4,88.4,200
QEBH.TO,20240722,77.87,77.88,77.85,77.85,1500
QEC.TO,20240722,0.255,0.255,0.255,0.255,7950
QEE.TO,20240722,94.05,94.05,94.05,94.05,100
QETH.U.TO,20240722,53.18,53.18,52.5,52.5,901
QETH.UN.TO,20240722,73.55,73.55,71.09,71.4,3709
QIE.TO,20240722,33.12,33.12,33.12,33.12,1500
QINF.TO,20240722,125.07,125.13,124.66,125.13,400
QIPT.TO,20240722,4.74,4.74,4.67,4.71,10605
QMAX.TO,20240722,20.97,21.21,20.93,21.17,55001
QQC.TO,20240722,32.32,32.46,32.15,32.4,35682
QQC.F.TO,20240722,157.05,158,156.69,157.63,9936
QQCC.TO,20240722,12.15,12.22,12.15,12.22,21300
QQCE.TO,20240722,27.69,27.75,27.57,27.72,1300
QQCE.F.TO,20240722,24.42,24.42,24.42,24.42,400
QQCL.TO,20240722,23.08,23.25,23.07,23.23,15757
QQEQ.TO,20240722,26.63,26.72,26.63,26.72,500
QQQL.TO,20240722,21.63,21.63,21.63,21.63,3459
QQQT.TO,20240722,29.87,30.23,29.87,30.21,2761
QQQT.B.TO,20240722,31.34,31.69,31.34,31.69,2750
QQQX.TO,20240722,29.81,29.81,29.61,29.61,250
QQQX.U.TO,20240722,21.62,21.69,21.51,21.64,8800
QQQY.TO,20240722,26.8,26.86,26.49,26.82,20617
QRC.TO,20240722,0.82,0.83,0.79,0.79,68000
QRET.TO,20240722,110.4,110.4,110.4,110.4,100
QSP.UN.TO,20240722,99.7,99.7,99.69,99.69,1300
QSR.TO,20240722,100.36,100.36,98.39,100,1337312
QTRH.TO,20240722,1.7,1.75,1.7,1.7,56571
QTRH.DB.TO,20240722,94,94,94,94,6000
QUB.TO,20240722,81.59,81.72,81.59,81.72,200
QUIG.TO,20240722,86.49,86.5,86.49,86.5,5012
QUS.TO,20240722,55.53,55.53,55.53,55.53,100
QUU.TO,20240722,218.74,219.42,218.4,219.39,6729
QXM.TO,20240722,29.3,29.38,29.3,29.38,200
RA.UN.TO,20240722,7.49,7.49,7.49,7.49,300
RATE.TO,20240722,21.09,21.09,21.09,21.09,1900
RAY.A.TO,20240722,7.74,7.75,7.68,7.75,10068
RBA.TO,20240722,110.06,110.47,109.08,110.42,124656
RBN.UN.TO,20240722,8.06,8.06,8.05,8.06,5200
RBNK.TO,20240722,24.49,24.58,24.39,24.58,9786
RBOT.TO,20240722,30.06,30.28,30.06,30.2,2406
RBY.TO,20240722,2.29,2.29,2.28,2.28,1900
RCD.TO,20240722,27.56,27.56,27.56,27.56,1200
RCDC.TO,20240722,20.44,20.47,20.42,20.47,1316
RCG.TO,20240722,7.54,7.75,7.54,7.56,6090
RCH.TO,20240722,39.95,40.53,39.71,40.45,31542
RCI.A.TO,20240722,53.78,53.78,53,53,605
RCI.B.TO,20240722,51.55,52.04,51.23,51.83,746445
REAL.TO,20240722,6.92,7.03,6.91,6.99,17410
REI.UN.TO,20240722,17.69,17.95,17.63,17.86,541953
RGQN.TO,20240722,20.29,20.29,20.29,20.29,1000
RGQP.TO,20240722,20.01,20.01,20.01,20.01,280
RGQR.TO,20240722,19.83,19.83,19.82,19.82,800
RGQS.TO,20240722,20.59,20.59,20.59,20.59,100
RIDH.TO,20240722,29.65,29.65,29.65,29.65,100
RIIN.TO,20240722,19.78,19.93,19.78,19.93,16705
RIT.TO,20240722,16.15,16.41,16.15,16.41,30679
RLB.TO,20240722,18.42,18.42,18.42,18.42,600
RMAX.TO,20240722,17.3,17.44,17.29,17.42,5750
ROOT.TO,20240722,2.06,2.13,2.06,2.11,9006
RPF.TO,20240722,20.62,20.78,20.62,20.76,5508
RPI.UN.TO,20240722,28.91,31.15,28.91,31.15,2772
RQN.TO,20240722,20.29,20.29,20.28,20.28,39235
RQO.TO,20240722,18.4,18.4,18.38,18.39,9100
RQP.TO,20240722,17.91,17.91,17.91,17.91,6300
RQQ.TO,20240722,21.55,21.55,21.53,21.53,5400
RQR.TO,20240722,21.4,21.4,21.37,21.37,1300
RQS.TO,20240722,20.58,20.58,20.58,20.58,170
RS.TO,20240722,11.99,12.09,11.9,12.07,26770
RS.PR.A.TO,20240722,9.89,9.92,9.88,9.91,23499
RSI.TO,20240722,5.77,5.77,5.73,5.73,93982
RSI.DB.F.TO,20240722,99,99.01,99,99,61000
RUBY.TO,20240722,21.81,21.81,21.81,21.81,608
RUD.TO,20240722,68.78,68.91,68.78,68.89,540
RUDC.TO,20240722,22.22,22.22,22.13,22.13,9000
RUDC.U.TO,20240722,16.12,16.12,16.12,16.12,6000
RUP.TO,20240722,3.73,3.73,3.58,3.68,5000
RUQN.TO,20240722,20.27,20.27,20.27,20.27,170
RUQN.U.TO,20240722,14.71,14.71,14.71,14.71,4300
RUQO.TO,20240722,20.36,20.36,20.35,20.35,675
RUQO.U.TO,20240722,14.79,14.79,14.79,14.79,1000
RUQQ.TO,20240722,20.57,20.57,20.57,20.57,100
RUQS.TO,20240722,20.76,20.76,20.76,20.76,200
RUS.TO,20240722,37.92,38.75,37.91,38.65,131291
RVX.TO,20240722,0.055,0.055,0.05,0.05,66000
RXD.TO,20240722,20.84,20.84,20.84,20.84,300
RY.TO,20240722,153.5,153.95,152.95,153.56,8307935
RY.PR.J.TO,20240722,24.15,24.3,24.14,24.27,33500
RY.PR.M.TO,20240722,23.91,23.95,23.91,23.95,1600
RY.PR.N.TO,20240722,24.38,24.38,24.29,24.31,3775
RY.PR.S.TO,20240722,25.09,25.13,25,25.11,5320
S.TO,20240722,0.23,0.235,0.23,0.23,53885
SAM.TO,20240722,0.145,0.15,0.145,0.15,2000
SAP.TO,20240722,31.75,31.75,31.23,31.37,355195
SAU.TO,20240722,0.07,0.07,0.07,0.07,11628
SBC.TO,20240722,8.87,9.06,8.87,8.98,9254
SBC.PR.A.TO,20240722,10.18,10.18,10.15,10.18,12400
SBI.TO,20240722,1.3,1.33,1.29,1.29,15416
SBT.B.TO,20240722,21.14,21.14,21.1,21.1,228
SCR.TO,20240722,32.07,33.03,31.95,32.75,15819
SCY.TO,20240722,0.025,0.025,0.02,0.02,41999
SDE.TO,20240722,3.92,3.96,3.87,3.92,64841
SEA.TO,20240722,19.76,20.07,19.7,19.95,35901
SES.TO,20240722,11.6,11.62,11.43,11.48,468112
SFC.TO,20240722,6.21,6.33,6.21,6.26,2900
SFD.TO,20240722,0.215,0.215,0.215,0.215,7500
SFI.TO,20240722,0.28,0.28,0.28,0.28,10499
SFTC.TO,20240722,16.81,17.15,16.81,16.81,7552
SGLD.TO,20240722,0.105,0.12,0.105,0.12,24298
SGNL.TO,20240722,0.08,0.09,0.08,0.09,73984
SGR.UN.TO,20240722,11.83,12.18,11.83,12.12,145201
SGY.TO,20240722,7.14,7.14,7,7.08,264775
SHLE.TO,20240722,11,11.61,10.75,11.35,44920
SHOP.TO,20240722,87.5,87.75,84.57,86.26,2385723
SIA.TO,20240722,14.96,15.09,14.93,15.09,157716
SII.TO,20240722,62.25,63.18,62.25,62.5,29303
SIL.TO,20240722,12.6,12.93,12.51,12.83,224209
SIS.TO,20240722,18.99,19.01,18.8,19.01,49731
SJ.TO,20240722,94,95.85,93.98,94.57,118119
SKE.TO,20240722,8.48,8.6,8.29,8.51,214350
SKYY.TO,20240722,22.72,22.9,22.72,22.9,700
SLF.TO,20240722,68.36,68.87,68.21,68.83,1285713
SLF.PR.C.TO,20240722,19.49,19.55,19.45,19.55,2600
SLF.PR.D.TO,20240722,19.31,19.49,19.31,19.49,3700
SLF.PR.E.TO,20240722,19.46,19.64,19.46,19.64,3503
SLF.PR.G.TO,20240722,16.98,17.03,16.93,16.93,4100
SLF.PR.H.TO,20240722,19.95,19.95,19.85,19.92,3600
SLF.PR.J.TO,20240722,17.52,17.6,17.52,17.53,2000
SLF.PR.K.TO,20240722,19.9,19.9,19.9,19.9,100
SLR.TO,20240722,1.2,1.21,1.19,1.2,3500
SLS.TO,20240722,3.35,3.5,3.31,3.43,173961
SMAX.TO,20240722,19.01,19.14,19.01,19.12,18163
SMT.TO,20240722,0.8,0.81,0.8,0.81,21050
SOIL.TO,20240722,2.63,2.67,2.58,2.67,55520
SOLG.TO,20240722,0.215,0.22,0.2,0.205,2640172
SOT.DB.TO,20240722,20,20,20,20,10000
SOT.DB.A.TO,20240722,17,17,17,17,10000
SOT.UN.TO,20240722,0.28,0.335,0.28,0.31,135156
SOY.TO,20240722,7.3,7.47,7.18,7.27,146792
SPAY.TO,20240722,27.05,27.23,27.05,27.16,22825
SPAY.U.TO,20240722,19.75,19.75,19.75,19.75,1000
SPB.TO,20240722,8.14,8.21,7.98,8.21,2136841
SPLT.TO,20240722,10.55,10.58,10.54,10.57,53590
SPPP.TO,20240722,12.86,12.9,12.79,12.87,10626
SPPP.U.TO,20240722,9.36,9.36,9.36,9.36,100
SRU.UN.TO,20240722,23.82,24.28,23.8,24.18,421260
SRV.UN.TO,20240722,12.65,12.89,12.63,12.89,2226
SSF.UN.TO,20240722,6.9,6.98,6.9,6.98,17469
SSL.TO,20240722,7.93,7.97,7.87,7.94,143352
SSRM.TO,20240722,7.25,7.37,7.18,7.32,274151
STC.TO,20240722,6.53,7.17,6.53,7.15,50401
STCK.TO,20240722,10.12,10.12,10.12,10.12,2261
STEP.TO,20240722,4.25,4.32,4.23,4.32,30620
STGO.TO,20240722,0.68,0.73,0.68,0.72,219542
STLC.TO,20240722,65.88,66.45,65.83,66.07,660614
STLR.TO,20240722,1.27,1.27,1.21,1.21,10755
STN.TO,20240722,117.94,119.35,117.94,119.02,108127
STPL.TO,20240722,23.96,23.96,23.96,23.96,181
SU.TO,20240722,52.88,53.49,52.42,53.31,8385060
SVA.TO,20240722,0.28,0.28,0.26,0.28,136030
SVB.TO,20240722,0.15,0.15,0.15,0.15,73333
SVI.TO,20240722,5.1,5.21,5.1,5.18,243390
SVI.DB.B.TO,20240722,99,99,99,99,76000
SVI.DB.C.TO,20240722,95.35,95.35,95,95,54000
SVM.TO,20240722,5.08,5.14,5,5.12,165133
SVR.TO,20240722,14.07,14.18,14,14.18,8615
SVR.C.TO,20240722,15.08,15.17,15.08,15.14,1001
SWP.TO,20240722,3.59,3.67,3.59,3.67,2335
SXP.TO,20240722,4.04,4.13,4.04,4.11,30775
SYLD.TO,20240722,18.58,18.61,18.58,18.61,1879
SYZ.TO,20240722,10.24,10.3,10.19,10.29,8748
T.TO,20240722,21.76,21.88,21.64,21.65,1868625
TA.TO,20240722,9.69,9.79,9.51,9.52,1090932
TA.PR.D.TO,20240722,14.83,14.83,14.83,14.83,1483
TA.PR.E.TO,20240722,16.42,16.42,16.42,16.42,185
TA.PR.F.TO,20240722,19.06,19.13,19.06,19.08,1100
TA.PR.G.TO,20240722,20.25,20.25,20.25,20.25,185
TA.PR.H.TO,20240722,22.15,22.23,22.15,22.2,11000
TA.PR.J.TO,20240722,23.7,23.85,23.7,23.85,2450
TAL.TO,20240722,0.75,0.77,0.75,0.75,558490
TBAL.TO,20240722,18,18.11,18,18.09,3602
TBCE.TO,20240722,25.26,25.26,25.25,25.26,21400
TBCF.TO,20240722,25.32,25.32,25.31,25.31,2600
TBCG.TO,20240722,25.39,25.39,25.38,25.38,1100
TBIL.TO,20240722,50.12,50.13,50.12,50.13,4000
TBL.TO,20240722,3.76,3.88,3.68,3.8,3122
TBNK.TO,20240722,26.61,26.7,26.61,26.7,1463
TBUE.U.TO,20240722,25.13,25.13,25.13,25.13,18000
TBUF.U.TO,20240722,25.13,25.13,25.12,25.12,800
TBUG.U.TO,20240722,25.23,25.23,25.22,25.22,3900
TC.TO,20240722,29.76,30.24,29.25,30.14,2800
TCL.A.TO,20240722,15.41,15.62,15.36,15.55,143556
TCLB.TO,20240722,118.9,119.01,117.76,117.96,921
TCLV.TO,20240722,20.66,20.66,20.65,20.66,2300
TCON.TO,20240722,15.07,15.07,15.04,15.04,317
TCS.TO,20240722,39.88,39.93,38.3,39.93,4031
TCSB.TO,20240722,14.54,14.54,14.54,14.54,1500
TCSH.TO,20240722,50.19,50.19,50.17,50.18,35110
TCW.TO,20240722,4.88,4.99,4.87,4.95,368508
TD.TO,20240722,79.65,80.15,79.58,80.02,10011800
TD.PF.A.TO,20240722,24.45,24.45,24.41,24.41,5906
TD.PF.C.TO,20240722,24.1,24.13,24.08,24.1,91384
TD.PF.D.TO,20240722,23.9,23.9,23.89,23.89,1900
TD.PF.I.TO,20240722,25.46,25.59,25.46,25.59,4300
TD.PF.J.TO,20240722,24.33,24.47,24.33,24.39,2800
TDB.TO,20240722,12.91,12.93,12.87,12.88,79276
TDOC.TO,20240722,18.89,18.89,18.82,18.88,4815
TEC.TO,20240722,39.99,40.36,39.9,40.31,105381
TECH.TO,20240722,15.38,15.48,15.35,15.45,7649
TECH.B.TO,20240722,17.86,17.89,17.74,17.79,2428
TECH.U.TO,20240722,15.94,15.94,15.94,15.94,100
TECI.TO,20240722,7.71,7.71,7.69,7.69,469
TECK.A.TO,20240722,65.3,65.3,62.03,63.28,2200
TECK.B.TO,20240722,64.16,64.37,62.4,63.17,785287
TECX.TO,20240722,27.03,27.35,27.03,27.35,740
TERM.TO,20240722,9.47,9.47,9.46,9.47,1700
TF.TO,20240722,7.52,7.63,7.52,7.6,143079
TF.DB.D.TO,20240722,97.5,97.5,97.5,97.5,4000
TF.DB.E.TO,20240722,97.25,97.25,97.25,97.25,8000
TFII.TO,20240722,211.35,214.36,210.41,214.03,107103
TFPM.TO,20240722,21.96,22.17,21.52,21.81,76367
TGAF.TO,20240722,21.61,21.66,21.61,21.62,10100
TGED.TO,20240722,24.74,24.96,24.74,24.92,40756
TGFI.TO,20240722,20.37,20.37,20.37,20.37,100
TGGR.TO,20240722,26.82,26.84,26.74,26.79,4500
TGO.TO,20240722,1.9,1.97,1.9,1.97,1333
TGRE.TO,20240722,14.66,14.66,14.66,14.66,900
TGRO.TO,20240722,21.56,21.58,21.52,21.57,7911
TH.TO,20240722,2.17,2.17,2.1,2.11,34972
The.TO,20240722,25.89,25.97,25.87,25.97,3000
THNC.TO,20240722,3.48,3.6,3.31,3.5,41950
THU.TO,20240722,36.99,37.08,36.91,37.08,1602
TI.TO,20240722,0.23,0.23,0.23,0.23,15502
TIH.TO,20240722,126,127,125.04,126.87,49088
TILV.TO,20240722,16.38,16.38,16.38,16.38,800
TINF.TO,20240722,19.47,19.55,19.47,19.55,2000
TIXT.TO,20240722,8.75,8.75,8.48,8.58,202548
TKN.TO,20240722,20.61,20.61,20.61,20.61,1000
TKO.TO,20240722,3.03,3.13,3,3.06,323306
TLF.TO,20240722,24.15,24.25,24.09,24.25,532
TLG.TO,20240722,0.385,0.385,0.375,0.375,177777
TLO.TO,20240722,0.135,0.135,0.13,0.13,48200
TLRY.TO,20240722,2.5,2.64,2.49,2.64,1383209
TLV.TO,20240722,30.82,30.97,30.82,30.97,1125
TMD.TO,20240722,0.05,0.05,0.05,0.05,126446
TMQ.TO,20240722,0.88,0.9,0.85,0.9,28950
TNT.UN.TO,20240722,8.6,9.12,8.6,9.09,53098
TNZ.TO,20240722,6.38,7.24,6.37,7.17,520817
TOT.TO,20240722,9.47,9.48,9.31,9.37,14254
TOU.TO,20240722,60.27,61.5,60.26,61.33,3068745
TOY.TO,20240722,30.11,31.55,29.94,31.33,121820
TPE.TO,20240722,22.64,22.64,22.55,22.64,12007
TPRF.TO,20240722,10.57,10.63,10.57,10.57,8001
TPU.TO,20240722,43.01,43.22,42.94,43.21,47940
TPU.U.TO,20240722,31.73,31.78,31.59,31.78,2150
TPX.B.TO,20240722,71.85,71.85,71.84,71.84,203
TPZ.TO,20240722,24.89,25.09,24.76,24.98,89572
TQCD.TO,20240722,17.49,17.56,17.43,17.56,46325
TQGD.TO,20240722,19.65,19.68,19.56,19.65,14226
TQGM.TO,20240722,17.65,17.68,17.65,17.68,15200
TQSM.TO,20240722,23.5,23.53,23.15,23.52,27607
TRI.TO,20240722,224.49,227.99,224.28,227.72,279371
TRI.PR.B.TO,20240722,13.75,13.8,13.75,13.8,400
TRP.TO,20240722,56.4,57.33,56.34,57.3,13555180
TRP.PR.A.TO,20240722,16.41,16.45,16.41,16.45,1500
TRP.PR.B.TO,20240722,13.26,13.36,13.26,13.35,66041
TRP.PR.C.TO,20240722,13.66,13.82,13.65,13.66,6100
TRP.PR.D.TO,20240722,19.65,19.75,19.64,19.75,20285
TRP.PR.E.TO,20240722,18.35,18.41,18.35,18.35,3865
TRP.PR.F.TO,20240722,16.7,16.71,16.66,16.67,1400
TRP.PR.G.TO,20240722,20.01,20.3,20.01,20.15,8733
TRP.PR.H.TO,20240722,14.24,14.24,14.05,14.1,1600
TRVI.TO,20240722,19.81,19.88,19.8,19.85,2331
TRVL.TO,20240722,25.07,25.18,25.07,25.12,507
TRX.TO,20240722,0.59,0.59,0.57,0.57,6750
TRZ.TO,20240722,2.46,2.46,2.35,2.37,41434
TSAT.TO,20240722,11.37,11.39,11.2,11.39,719
TSK.TO,20240722,0.465,0.48,0.465,0.475,39058
TSL.TO,20240722,2.92,2.93,2.92,2.93,409
TSND.TO,20240722,1.87,2.01,1.76,1.98,257931
TSU.TO,20240722,42.33,43.85,42.26,43.83,60075
TTNM.TO,20240722,2.09,2.12,2.09,2.12,4124
TTP.TO,20240722,26.02,26.14,25.94,26.14,26361
TTTX.TO,20240722,22.1,22.1,21.86,21.86,6501
TUED.TO,20240722,27.46,27.7,27.46,27.68,18194
TUEX.TO,20240722,25.24,25.3,25.23,25.3,1076
TUHY.TO,20240722,21.04,21.06,20.94,20.96,2200
TULB.TO,20240722,115.13,115.13,114.43,114.43,1100
TULV.TO,20240722,20.17,20.17,20.16,20.16,1900
TUSB.TO,20240722,14.1,14.1,14.03,14.03,400
TVE.TO,20240722,3.86,3.92,3.81,3.9,1842541
TVK.TO,20240722,77.25,78.49,77.1,78.22,26742
TWC.TO,20240722,18,18,17.95,17.95,700
TWM.TO,20240722,0.56,0.64,0.56,0.63,3367700
TWM.DB.A.TO,20240722,103,103,103,103,3000
TXF.TO,20240722,21.64,21.89,21.63,21.88,16075
TXF.B.TO,20240722,27,27.27,27,27.27,5167
TXG.TO,20240722,21.85,22.12,21.71,22.07,107464
TXP.TO,20240722,0.59,0.6,0.59,0.6,50000
U.U.TO,20240722,18.36,18.55,18.08,18.47,33400
U.UN.TO,20240722,25.22,25.54,24.88,25.4,619393
UBIL.U.TO,20240722,50.12,50.12,50.12,50.12,526
UCSH.U.TO,20240722,50.15,50.16,50.15,50.16,706
UDIV.TO,20240722,13.14,13.25,13.14,13.25,10599
UDIV.B.TO,20240722,14.1,14.1,14.1,14.1,500
ULV.C.TO,20240722,33.49,33.57,33.49,33.57,800
UMAX.TO,20240722,14.5,14.56,14.48,14.55,65795
UMNY.U.TO,20240722,50.22,50.22,50.22,50.22,300
UNI.TO,20240722,1.73,1.73,1.73,1.73,2100
URB.TO,20240722,5.69,5.69,5.33,5.33,2144
URB.A.TO,20240722,4.69,4.76,4.69,4.71,2728
URC.TO,20240722,3.28,3.29,3.16,3.2,89646
URC.WT.TO,20240722,1.24,1.24,1.16,1.22,6400
URE.TO,20240722,1.88,1.89,1.82,1.85,78351
USA.TO,20240722,0.33,0.34,0.325,0.34,298976
USCC.TO,20240722,18.92,18.92,18.74,18.81,9705
USCC.U.TO,20240722,13.67,13.67,13.67,13.67,571
USCL.TO,20240722,21.9,22.14,21.9,22.12,23238
USSL.TO,20240722,21.19,21.33,21.19,21.33,300
USSX.TO,20240722,29.04,29.15,29.04,29.15,300
USSX.U.TO,20240722,21.19,21.19,21.19,21.19,1200
UTIL.TO,20240722,20.59,20.69,20.59,20.67,959
VA.TO,20240722,39.32,39.42,39.23,39.32,2347
VAB.TO,20240722,22.71,22.75,22.65,22.66,131522
VALT.TO,20240722,29.78,29.83,29.78,29.83,1156
VALT.B.TO,20240722,32.78,32.78,32.72,32.72,208
VALT.U.TO,20240722,23.74,23.81,23.74,23.81,13940
VBAL.TO,20240722,31.55,31.65,31.55,31.65,81498
VBNK.TO,20240722,16.25,16.38,15.5,16.38,13638
VBNK.PR.A.TO,20240722,10.04,10.04,10.04,10.04,100
VCB.TO,20240722,23.59,23.59,23.55,23.58,4809
VCE.TO,20240722,49.76,49.96,49.7,49.93,12524
VCIP.TO,20240722,25.54,25.54,25.54,25.54,484
VCM.TO,20240722,22.1,22.1,22.01,22.01,4104
VCN.TO,20240722,46.35,46.61,46.24,46.57,70482
VCNS.TO,20240722,28.35,28.35,28.29,28.34,18002
VDU.TO,20240722,43.7,43.93,43.7,43.93,25559
VDY.TO,20240722,45.07,45.25,44.86,45.2,121600
VE.TO,20240722,36.34,36.49,36.33,36.33,1456
VEE.TO,20240722,36.52,36.64,36.52,36.62,15841
VEF.TO,20240722,56.87,57.08,56.87,57.08,3930
VEQT.TO,20240722,42.32,42.46,42.21,42.46,105001
VET.TO,20240722,15,15.22,14.91,15.15,492568
VFV.TO,20240722,135.55,135.85,134.96,135.84,215382
VGG.TO,20240722,88.37,88.37,87.93,88.31,2378
VGH.TO,20240722,61.35,61.65,61.35,61.65,2502
VGRO.TO,20240722,35.14,35.22,35.07,35.22,154566
VGV.TO,20240722,22.23,22.23,22.13,22.13,2685
VGZ.TO,20240722,0.73,0.75,0.72,0.74,7501
VHI.TO,20240722,6.89,7.06,6.88,6.96,46929
VI.TO,20240722,39.98,40.21,39.98,40.21,5786
VIDY.TO,20240722,31.49,31.53,31.47,31.5,3136
VIU.TO,20240722,34.97,35.09,34.91,35.09,44215
VLB.TO,20240722,20.92,20.99,20.8,20.81,21263
VLE.TO,20240722,4.2,4.37,4.11,4.22,215009
VLN.TO,20240722,5.91,6,5.9,6,6000
VMO.TO,20240722,59.28,59.78,59.19,59.78,2834
VNP.TO,20240722,5.52,5.81,5.42,5.78,48091
VOXR.TO,20240722,3.76,3.8,3.63,3.8,12150
VQS.TO,20240722,0.235,0.235,0.235,0.235,4000
VRE.TO,20240722,31.08,31.68,31.08,31.6,11269
VRIF.TO,20240722,24.47,24.47,24.43,24.46,4370
VRN.TO,20240722,10.64,10.84,10.56,10.76,1505648
VRTS.TO,20240722,0.02,0.025,0.02,0.02,133481
VSB.TO,20240722,22.91,22.92,22.9,22.91,11934
VSC.TO,20240722,23.58,23.58,23.56,23.57,1746
VSP.TO,20240722,90.16,90.51,89.84,90.42,48678
VUN.TO,20240722,102.06,102.46,101.79,102.44,38225
VUS.TO,20240722,97.21,97.58,96.88,97.52,4288
VVL.TO,20240722,50.94,51.11,50.58,51.1,7677
VVO.TO,20240722,36.65,36.65,36.65,36.65,204
VXC.TO,20240722,60.12,60.41,60.11,60.41,25390
VXM.B.TO,20240722,30.4,30.4,30.4,30.4,531
WCN.TO,20240722,249,249.98,248.31,249.78,192982
WCP.TO,20240722,10.11,10.25,10.11,10.19,1267254
WDO.TO,20240722,13.14,13.14,12.82,12.97,175435
WEED.TO,20240722,10.14,11.54,10.11,11.44,3378623
WEF.TO,20240722,0.445,0.445,0.44,0.4425,34195
WELL.TO,20240722,4.79,4.83,4.75,4.8,243901
WELL.DB.TO,20240722,96.5,96.5,96.5,96.5,4000
WFC.TO,20240722,19.6,19.6,19.46,19.5,3100
WFG.TO,20240722,108.83,110.53,108.66,109.18,103177
WILD.TO,20240722,1.2,1.2,1.17,1.18,42824
WJX.TO,20240722,26.35,26.76,26.25,26.61,35363
WJX.DB.TO,20240722,100.1,100.1,100,100,56000
WLLW.TO,20240722,0.1,0.1,0.1,0.1,230576
WM.TO,20240722,0.08,0.085,0.08,0.08,239115
WN.TO,20240722,212,212.15,210.71,211.74,58308
WN.PR.A.TO,20240722,23.15,23.15,23.02,23.02,1318
WN.PR.C.TO,20240722,20.79,20.87,20.79,20.87,400
WN.PR.D.TO,20240722,20.69,20.74,20.69,20.74,1700
WN.PR.E.TO,20240722,19.19,19.38,19.19,19.38,815
WNDR.TO,20240722,0.195,0.2,0.19,0.195,981558
WNDR.WT.B.TO,20240722,0.07,0.07,0.07,0.07,1000
WOMN.TO,20240722,35.16,35.16,35.16,35.16,161
WPK.TO,20240722,45.83,45.84,44.56,45.03,26549
WPM.TO,20240722,82.21,82.86,81.73,82.5,318714
WPRT.TO,20240722,8.23,8.56,8.23,8.38,4140
WRN.TO,20240722,1.51,1.56,1.49,1.53,76378
WRX.TO,20240722,0.07,0.075,0.07,0.075,34000
WSP.TO,20240722,221.66,223.77,221.12,223.35,109441
WSRD.TO,20240722,29.04,29.14,29.04,29.14,7279
WSRI.TO,20240722,41.23,41.54,41.23,41.54,1206
WTE.TO,20240722,23.3,23.5,23.18,23.45,63200
WXM.TO,20240722,28.19,28.19,28.19,28.19,2700
X.TO,20240722,41.5,42.09,41.44,41.96,820652
XAD.TO,20240722,60.28,60.28,60.28,60.28,131
XAGG.TO,20240722,37.34,37.34,37.18,37.2,6003
XAM.TO,20240722,0.05,0.05,0.05,0.05,1100
XAU.TO,20240722,8.11,8.13,7.67,7.77,23991
XAW.TO,20240722,41.97,42.16,41.92,42.16,37880
XBAL.TO,20240722,28.84,28.89,28.79,28.88,51210
XBB.TO,20240722,27.83,27.88,27.76,27.77,91808
XBM.TO,20240722,20.83,20.84,20.63,20.65,7947
XCB.TO,20240722,19.7,19.7,19.64,19.65,51745
XCBG.TO,20240722,36.86,36.86,36.75,36.8,1603
XCD.TO,20240722,53.48,53.48,53.48,53.48,1201
XCG.TO,20240722,51,51.13,50.89,51.13,1027
XCH.TO,20240722,17.24,17.28,17.22,17.26,9412
XCHP.TO,20240722,57.28,58.6,57.28,58.49,3339
XCLN.TO,20240722,31.88,31.88,31.88,31.88,500
XCNS.TO,20240722,22.66,22.66,22.59,22.64,1536
XCS.TO,20240722,20.03,20.22,20,20.22,5508
XCSR.TO,20240722,66.22,66.57,66.22,66.52,2460
XCV.TO,20240722,35.79,35.85,35.79,35.85,1935
XDG.TO,20240722,26.31,26.31,26.13,26.27,36830
XDGH.TO,20240722,26.47,26.52,26.47,26.52,842
XDIV.TO,20240722,27.33,27.47,27.25,27.44,35216
XDSR.TO,20240722,58.99,59.09,58.91,59.09,484
XDU.TO,20240722,29.97,30.02,29.9,30.02,2502
XDU.U.TO,20240722,21.79,21.86,21.79,21.86,300
XDV.TO,20240722,28.15,28.33,28.08,28.3,22678
XEB.TO,20240722,15.84,15.84,15.8,15.83,3100
XEC.TO,20240722,28.63,28.82,28.6,28.82,31398
XEC.U.TO,20240722,21.38,21.49,21.38,21.49,400
XEF.TO,20240722,38.12,38.26,38.08,38.26,89175
XEF.U.TO,20240722,27.71,27.82,27.71,27.82,1434
XEG.TO,20240722,18.18,18.39,18.08,18.35,678578
XEH.TO,20240722,32.82,33,32.82,32.99,3595
XEI.TO,20240722,25.69,25.85,25.59,25.82,69353
XEM.TO,20240722,32.61,32.75,32.61,32.75,1301
XEMC.TO,20240722,48.8,48.94,48.8,48.92,1300
XEN.TO,20240722,33.91,33.96,33.82,33.96,406
XEQT.TO,20240722,31.58,31.67,31.49,31.67,173595
XESG.TO,20240722,27.36,27.48,27.36,27.48,1100
XEU.TO,20240722,30.68,30.69,30.68,30.69,706
XEXP.TO,20240722,49.25,49.47,49.25,49.47,300
XFH.TO,20240722,32.37,32.47,32.3,32.47,24094
XFLB.TO,20240722,48.22,48.22,47.8,47.8,1420
XFN.TO,20240722,51.51,51.73,51.33,51.71,201382
XFR.TO,20240722,20.15,20.15,20.13,20.14,23431
XGB.TO,20240722,19.14,19.15,19.06,19.07,27623
XGD.TO,20240722,21.91,22.11,21.82,22.06,292612
XGRO.TO,20240722,28.69,28.76,28.63,28.76,116316
XHB.TO,20240722,19.33,19.33,19.23,19.23,2398
XHC.TO,20240722,73.29,73.84,73.29,73.83,7025
XHD.TO,20240722,33.04,33.04,32.99,32.99,346
XHU.TO,20240722,31.37,31.37,31.33,31.37,1650
XHY.TO,20240722,16.53,16.61,16.53,16.6,6197
XIC.TO,20240722,36.31,36.49,36.2,36.46,198684
XID.TO,20240722,57.36,57.36,57.14,57.18,4345
XIG.TO,20240722,20.07,20.07,19.98,20,1081
XIGS.TO,20240722,37.29,37.29,37.29,37.29,700
XIN.TO,20240722,36.72,36.78,36.65,36.77,17025
XIT.TO,20240722,53.84,54.29,53.5,54.03,24632
XIU.TO,20240722,34.5,34.65,34.35,34.62,1309136
XLB.TO,20240722,19.17,19.19,19.01,19.03,86913
XLY.TO,20240722,0.03,0.04,0.03,0.035,846354
XMA.TO,20240722,21.13,21.17,21,21.14,47968
XMC.TO,20240722,31.97,32.17,31.84,32.16,22980
XMC.U.TO,20240722,23.37,23.37,23.37,23.37,100
XMD.TO,20240722,35.67,35.85,35.67,35.85,2406
XMH.TO,20240722,27.24,27.43,27.09,27.43,4278
XMI.TO,20240722,37.72,37.75,37.72,37.72,1316
XML.TO,20240722,27.18,27.18,27.17,27.18,939
XMM.TO,20240722,28.74,28.74,28.74,28.74,100
XMS.TO,20240722,35.68,35.68,35.68,35.68,100
XMTM.TO,20240722,32.49,32.53,32.49,32.53,300
XMU.TO,20240722,78.79,79.36,78.79,79.32,513
XMV.TO,20240722,42.98,43.26,42.98,43.26,1701
XMW.TO,20240722,52.1,52.18,52.1,52.18,900
XPF.TO,20240722,15.1,15.1,15.1,15.1,826
XQB.TO,20240722,18.74,18.74,18.67,18.67,2545
XQLT.TO,20240722,38.72,38.94,38.72,38.9,3313
XQQ.TO,20240722,149.67,150.31,148.69,150.15,50110
XQQU.TO,20240722,63.82,64.88,63.82,64.88,1256
XQQU.U.TO,20240722,46.82,47.09,46.82,46.91,500
XRB.TO,20240722,22.39,22.44,22.28,22.44,31189
XRE.TO,20240722,15.71,16.09,15.71,16.06,358657
XSAB.TO,20240722,17.86,17.86,17.84,17.84,2806
XSB.TO,20240722,26.38,26.38,26.35,26.36,18391
XSC.TO,20240722,17.82,17.82,17.82,17.82,100
XSEA.TO,20240722,26.28,26.28,26.28,26.28,2045
XSEM.TO,20240722,20.37,20.48,20.37,20.48,1805
XSH.TO,20240722,18.64,18.64,18.61,18.62,22072
XSHG.TO,20240722,38.46,38.46,38.46,38.46,100
XSHU.U.TO,20240722,30.38,30.38,30.38,30.38,900
XSI.TO,20240722,17,17.01,17,17.01,300
XSMC.TO,20240722,31.38,31.81,31.22,31.81,2900
XSMH.TO,20240722,28.34,28.65,28.1,28.65,10003
XSP.TO,20240722,57.98,58.2,57.79,58.14,187259
XSPC.TO,20240722,40.19,40.19,40.19,40.19,500
XST.TO,20240722,104.15,104.18,103.59,104.05,3863
XSTB.TO,20240722,19.37,19.37,19.37,19.37,1668
XSTH.TO,20240722,37.12,37.12,37.12,37.12,1923
XSTP.TO,20240722,41.52,41.52,41.52,41.52,200
XSU.TO,20240722,42.28,42.83,41.84,42.78,68411
XSUS.TO,20240722,40.3,40.52,40.3,40.52,3293
XTC.TO,20240722,8.08,8.12,7.95,8,9876
XTD.TO,20240722,2.17,2.24,2.17,2.24,6783
XTD.PR.A.TO,20240722,9.85,10.01,9.85,10.01,107000
XTG.TO,20240722,1.33,1.33,1.31,1.31,2500
XTLH.TO,20240722,35.22,35.26,34.81,34.91,12338
XTLT.TO,20240722,36.62,36.62,36.21,36.27,7602
XTR.TO,20240722,10.84,10.85,10.82,10.84,15994
XTRA.TO,20240722,0.72,0.77,0.72,0.77,144359
XTRA.WT.TO,20240722,0.22,0.22,0.22,0.22,1000
XUH.TO,20240722,45.7,46.01,45.68,45.99,1903
XUS.TO,20240722,94.55,94.93,94.34,94.82,36794
XUS.U.TO,20240722,69.61,70.01,69.61,69.95,6411
XUSC.TO,20240722,40.42,40.54,40.38,40.54,12200
XUSC.U.TO,20240722,29.48,29.48,29.46,29.48,9500
XUSR.TO,20240722,83.44,83.77,82.94,83.77,1722
XUT.TO,20240722,25.89,26.19,25.89,26.12,444785
XUU.TO,20240722,56.3,56.45,56.08,56.45,20908
XUU.U.TO,20240722,41.2,41.33,41.2,41.33,200
XVLU.TO,20240722,27.76,27.76,27.76,27.76,131
XWD.TO,20240722,89.22,89.58,89.12,89.58,2639
Y.TO,20240722,9.58,9.59,9.4,9.51,601
YCM.TO,20240722,2.06,2.06,1.82,1.82,1000
YGR.TO,20240722,1.05,1.1,1.04,1.09,160200
ZACE.TO,20240722,43.32,43.32,43.21,43.21,220
ZAG.TO,20240722,13.64,13.66,13.6,13.62,189132
ZBAL.TO,20240722,38.27,38.52,38.27,38.51,13247
ZBBB.TO,20240722,27.98,27.98,27.94,27.94,500
ZBI.TO,20240722,29.58,29.58,29.58,29.58,200
ZBK.TO,20240722,32.15,32.37,31.93,32.37,17848
ZCB.TO,20240722,46.04,46.04,46.04,46.04,200
ZCH.TO,20240722,13.55,13.71,13.55,13.71,4372
ZCLN.TO,20240722,14.77,14.94,14.73,14.85,8011
ZCM.TO,20240722,15.08,15.12,15.08,15.09,12830
ZCN.TO,20240722,30.47,30.62,30.36,30.6,42370
ZCON.TO,20240722,34.1,34.1,34.08,34.08,533
ZCS.TO,20240722,13.59,13.59,13.58,13.59,25757
ZCS.L.TO,20240722,23.6,23.6,23.6,23.6,1400
ZDB.TO,20240722,14.75,14.77,14.71,14.71,20771
ZDH.TO,20240722,27.65,27.75,27.65,27.75,8900
ZDI.TO,20240722,24.49,24.49,24.38,24.48,3810
ZDJ.TO,20240722,62.66,62.73,62.4,62.72,5809
ZDM.TO,20240722,30.13,30.2,30.07,30.2,7641
ZDV.TO,20240722,20.66,20.74,20.59,20.73,26379
ZDY.TO,20240722,42.68,42.76,42.65,42.73,2731
ZDY.U.TO,20240722,31.7,31.85,31.7,31.85,250
ZEA.TO,20240722,23.36,23.38,23.29,23.38,6079
ZEB.TO,20240722,36.62,36.77,36.5,36.72,962833
ZEF.TO,20240722,12.41,12.41,12.35,12.35,1850
ZEM.TO,20240722,21.39,21.49,21.39,21.43,11813
ZEO.TO,20240722,71.01,71.61,70.91,71.57,7670
ZEQ.TO,20240722,31.59,31.8,31.59,31.8,7254
ZEQT.TO,20240722,48.62,48.62,48.36,48.59,7076
ZESG.TO,20240722,36.04,36.14,36.04,36.14,1163
ZFC.TO,20240722,43.12,43.12,43.12,43.12,122
ZFH.TO,20240722,14.82,14.82,14.82,14.82,4311
ZFL.TO,20240722,12.98,13.02,12.86,12.86,36602
ZFM.TO,20240722,14.44,14.44,14.41,14.41,3543
ZFN.TO,20240722,51.31,51.56,51.31,51.55,6819
ZFS.TO,20240722,13.6,13.6,13.59,13.59,8816
ZGB.TO,20240722,45.18,45.18,45.18,45.18,120
ZGD.TO,20240722,98.4,98.4,97.8,97.8,500
ZGI.TO,20240722,45.92,46.15,45.92,46.08,3461
ZGLD.TO,20240722,35.71,35.71,35.4,35.45,2797
ZGQ.TO,20240722,67.33,68.02,67.33,68.02,2786
ZGRO.TO,20240722,43.22,43.33,43.15,43.33,5382
ZGRO.T.TO,20240722,33.98,34.05,33.98,34.05,1870
ZGSB.TO,20240722,27,27.02,26.96,26.99,1650
ZHP.TO,20240722,18.29,18.29,18.25,18.25,930
ZHY.TO,20240722,11.14,11.21,11.14,11.21,10819
ZIC.TO,20240722,17.75,17.78,17.71,17.72,3500
ZIC.U.TO,20240722,13.06,13.07,13.06,13.07,1500
ZID.TO,20240722,51.72,51.82,51.65,51.79,2614
ZIU.TO,20240722,52.45,52.45,52.45,52.45,100
ZJG.TO,20240722,85.64,85.64,85.64,85.64,100
ZJK.TO,20240722,18.28,18.45,18.28,18.45,2067
ZJPN.TO,20240722,35.46,35.46,35.37,35.41,2218
ZJPN.F.TO,20240722,49.02,49.02,49.02,49.02,500
ZLB.TO,20240722,45.51,45.71,45.43,45.69,34816
ZLC.TO,20240722,15.04,15.06,14.95,14.96,27158
ZLH.TO,20240722,32.97,33.2,32.97,33.2,3106
ZLI.TO,20240722,24.93,24.94,24.93,24.94,662
ZLU.TO,20240722,51.03,51.14,50.96,51.14,4045
ZLU.U.TO,20240722,38.02,38.15,38.02,38.15,400
ZMI.TO,20240722,16.94,16.94,16.91,16.91,4185
ZMI.U.TO,20240722,27.72,27.72,27.72,27.72,100
ZMID.TO,20240722,44.71,44.93,44.65,44.93,2874
ZMMK.TO,20240722,50.05,50.05,50.04,50.05,79601
ZMP.TO,20240722,13.66,13.66,13.62,13.64,4325
ZMT.TO,20240722,65.76,65.76,65.76,65.76,193
ZMU.TO,20240722,12.65,12.66,12.63,12.66,37244
ZNQ.TO,20240722,87.88,88.32,87.62,88.29,22335
ZNQ.U.TO,20240722,43.17,43.27,42.99,43.27,600
ZPAY.TO,20240722,31.72,31.72,31.59,31.65,4529
ZPAY.F.TO,20240722,29.11,29.11,28.94,28.99,2118
ZPAY.U.TO,20240722,30.06,30.06,29.87,29.96,5856
ZPH.TO,20240722,14.76,14.76,14.76,14.76,526
ZPL.TO,20240722,12.33,12.33,12.25,12.25,8594
ZPR.TO,20240722,10.35,10.43,10.34,10.42,128177
ZPS.TO,20240722,12.14,12.15,12.14,12.15,5377
ZPW.TO,20240722,15.91,15.91,15.91,15.91,120
ZQQ.TO,20240722,138.8,139.37,137.8,139.1,31326
ZRE.TO,20240722,20.9,21.34,20.9,21.31,44907
ZRR.TO,20240722,14.33,14.39,14.28,14.28,5407
ZSB.TO,20240722,47.64,47.64,47.63,47.63,1200
ZSDB.TO,20240722,29.88,29.89,29.88,29.89,4013
ZSML.TO,20240722,40.75,42,40.75,41.99,1418
ZSML.F.TO,20240722,37.52,37.52,37.52,37.52,505
ZSML.U.TO,20240722,40.59,40.59,40.59,40.59,100
ZSP.TO,20240722,83.42,83.68,83.14,83.65,366039
ZSP.U.TO,20240722,60.62,60.82,60.47,60.82,12559
ZST.TO,20240722,48.93,48.93,48.92,48.93,19234
ZST.L.TO,20240722,59.18,59.19,59.18,59.18,3404
ZSU.TO,20240722,13.33,13.33,13.33,13.33,1466
ZUAG.F.TO,20240722,29.56,29.57,29.56,29.57,1300
ZUB.TO,20240722,29.05,29.44,29,29.41,169951
ZUCM.TO,20240722,30.56,30.58,30.56,30.58,2400
ZUCM.U.TO,20240722,30.07,30.09,30.07,30.09,5037
ZUD.TO,20240722,29.4,29.46,29.4,29.45,1703
ZUE.TO,20240722,76.78,77.2,76.64,77.13,11388
ZUH.TO,20240722,70.25,70.5,70.1,70.45,1430
ZUQ.TO,20240722,82.13,82.89,82.13,82.89,6622
ZUQ.F.TO,20240722,51.02,51.09,51.02,51.09,255
ZUS.U.TO,20240722,46.88,46.88,46.88,46.88,517
ZUS.V.TO,20240722,56.24,56.24,56.24,56.24,100
ZUT.TO,20240722,20.15,20.43,20.15,20.4,73133
ZVC.TO,20240722,28.06,28.16,28.06,28.16,200
ZVU.TO,20240722,29.31,29.49,29.31,29.49,822
ZWA.TO,20240722,25.85,25.98,25.85,25.98,1080
ZWB.TO,20240722,18.05,18.13,18.02,18.1,168283
ZWB.U.TO,20240722,22.53,22.53,22.51,22.51,2700
ZWC.TO,20240722,17.33,17.44,17.32,17.44,74040
ZWE.TO,20240722,20.74,20.88,20.74,20.82,14535
ZWEN.TO,20240722,29.93,30.04,29.91,30.02,14500
ZWG.TO,20240722,31.21,31.21,30.95,31.1,4406
ZWH.TO,20240722,24,24.06,23.96,24,12869
ZWK.TO,20240722,22.49,22.61,22.38,22.6,38951
ZWP.TO,20240722,18.54,18.54,18.46,18.49,8604
ZWQT.TO,20240722,16.87,16.88,16.87,16.88,6084
ZWS.TO,20240722,20.84,20.84,20.71,20.73,1010
ZWT.TO,20240722,46.56,47.01,46.55,46.96,4629
ZWU.TO,20240722,10.44,10.48,10.42,10.47,192530
ZXM.TO,20240722,42.16,42.16,42.16,42.16,809
ZZZD.TO,20240722,28.11,28.11,28.11,28.11,300
