<ticker>,<date>,<open>,<high>,<low>,<close>,<vol>
AAB.TO,20230208,0.05,0.06,0.05,0.06,2050
AAV.TO,20230208,8.3,8.35,8.01,8.08,845699
ABX.TO,20230208,24.91,24.94,24.32,24.67,4406708
AC.TO,20230208,22.92,23,22.61,22.68,1602189
ACB.TO,20230208,1.36,1.36,1.31,1.34,1073704
ACB.WS.U.TO,20230208,0.155,0.155,0.155,0.155,500
ACD.TO,20230208,7.7,7.74,7.7,7.74,3900
ACO.X.TO,20230208,42.45,42.5,41.87,42.16,238838
ACO.Y.TO,20230208,42.44,42.44,42.18,42.18,2100
ACQ.TO,20230208,29.96,30.5,29.5,30.22,37348
AD.DB.TO,20230208,98.7,98.75,98.27,98.75,137000
AD.DB.A.TO,20230208,98,99.99,98,99.99,30000
AD.UN.TO,20230208,18.13,18.55,18.13,18.48,153651
ADCO.TO,20230208,0.255,0.255,0.255,0.255,14000
ADEN.TO,20230208,35.4,35.88,34.76,35.1,86757
ADN.TO,20230208,16.61,17.48,16.6,17.05,25797
ADW.A.TO,20230208,5.03,5.04,4.96,4.99,15520
AEG.TO,20230208,0.63,0.63,0.52,0.52,28004
AEM.TO,20230208,71.26,71.31,70.41,70.85,1126616
AEZS.TO,20230208,5.02,5.02,5,5,847
AFN.TO,20230208,53.29,53.5,52.76,53.3,35725
AFN.DB.F.TO,20230208,99.25,99.5,99.25,99.5,40000
AFN.DB.G.TO,20230208,100.5,100.5,99,99.5,52000
AFN.DB.H.TO,20230208,99.3,99.3,97.3,97.31,101000
AFN.DB.I.TO,20230208,129.75,129.75,129.5,129.5,129000
AFN.DB.J.TO,20230208,101.5,102,101,102,170000
AGF.B.TO,20230208,8.87,9.12,8.87,9.06,283855
AGI.TO,20230208,14.48,14.75,14.31,14.6,880249
AI.TO,20230208,11.45,11.49,11.35,11.42,39210
AIF.TO,20230208,57.11,57.79,56.89,57.6,120818
AII.TO,20230208,0.77,0.77,0.76,0.77,12300
AIM.TO,20230208,3.74,3.81,3.69,3.81,117910
AIM.PR.A.TO,20230208,19.04,20,19.04,20,1210
AIM.PR.C.TO,20230208,21.75,21.75,21.39,21.75,600
AKT.A.TO,20230208,1.91,1.95,1.91,1.95,8600
ALA.TO,20230208,24.99,25.05,24.76,24.89,508455
ALA.PR.A.TO,20230208,16.19,16.19,16.19,16.19,1600
ALA.PR.B.TO,20230208,19.24,19.24,18.89,18.9,700
ALA.PR.G.TO,20230208,18.85,19,18.85,19,11400
ALC.TO,20230208,16.45,16.45,16.28,16.37,20148
ALC.DB.A.TO,20230208,110.75,111.5,110.46,111,348000
ALS.TO,20230208,22.08,22.08,21.72,21.79,39947
ALYA.TO,20230208,2.35,2.45,2.35,2.45,39244
AMC.TO,20230208,4.15,4.36,4.07,4.32,504276
AMM.TO,20230208,0.29,0.29,0.29,0.29,1500
AND.TO,20230208,46.86,46.86,45.33,45.46,13040
AOI.TO,20230208,2.73,2.79,2.71,2.78,362195
AOT.TO,20230208,0.72,0.72,0.67,0.67,210880
AP.UN.TO,20230208,28.86,29.27,28.64,29.05,435700
APLI.TO,20230208,0.05,0.055,0.05,0.055,177660
APR.UN.TO,20230208,12.22,12.37,12.22,12.27,13408
APS.TO,20230208,0.96,0.99,0.93,0.93,32425
AQN.TO,20230208,9.97,10.02,9.76,9.9,3246289
AQN.PR.A.TO,20230208,20.09,20.09,19.87,19.87,200
AQN.PR.D.TO,20230208,20.3,20.3,20.3,20.3,400
AR.TO,20230208,0.7,0.7,0.65,0.65,1857738
ARA.TO,20230208,0.45,0.5,0.45,0.495,624531
ARB.TO,20230208,25.8,25.8,25.8,25.8,400
ARE.TO,20230208,10.75,10.75,10.54,10.63,179694
ARG.TO,20230208,1.46,1.48,1.43,1.44,226777
ARIS.TO,20230208,4.43,4.5,4.37,4.4,137578
ARIS.WT.A.TO,20230208,0.33,0.33,0.33,0.33,27000
ARKG.TO,20230208,15.35,15.35,14.64,14.64,1752
ARKK.TO,20230208,16.74,16.75,16.39,16.39,3881
ARKW.TO,20230208,17.7,17.7,17.5,17.5,325
ARR.TO,20230208,9.13,9.2,9.1,9.15,12800
ARX.TO,20230208,15.6,15.76,15.16,15.36,2560957
ASCU.TO,20230208,1.98,1.99,1.98,1.99,8801
ASM.TO,20230208,1.02,1.04,1.01,1.01,10955
ASND.TO,20230208,0.25,0.25,0.25,0.25,7500
ASTL.TO,20230208,11.3,11.3,10.87,10.96,225161
ATD.TO,20230208,59.7,60.89,59.53,60.86,1211004
ATH.TO,20230208,2.92,2.99,2.89,2.93,4845533
ATS.TO,20230208,53.05,54.23,53.05,53.93,203153
ATSX.TO,20230208,23.3,23.3,23.3,23.3,600
ATZ.TO,20230208,46.41,46.64,45.61,45.61,378768
AUGB.F.TO,20230208,36.93,36.93,36.93,36.93,2093
AUMN.TO,20230208,0.365,0.365,0.35,0.35,30566
AVCN.TO,20230208,0.4,0.44,0.36,0.43,29983
AVL.TO,20230208,0.14,0.15,0.14,0.145,652507
AVNT.TO,20230208,0.23,0.23,0.22,0.225,47750
AW.UN.TO,20230208,37.55,37.99,37.55,37.99,10966
AX.PR.I.TO,20230208,24.75,24.96,24.75,24.96,1200
AX.UN.TO,20230208,9.47,9.53,9.41,9.43,267127
AXIS.TO,20230208,0.46,0.465,0.46,0.465,34000
AYA.TO,20230208,7.66,7.78,7.4,7.4,186536
BABY.TO,20230208,0.69,0.7,0.67,0.67,19808
BAM.TO,20230208,46.48,47.28,45.78,46.72,1212675
BANK.TO,20230208,8.17,8.2,8.16,8.17,17992
BASE.TO,20230208,28.37,28.37,28.18,28.18,315
BASE.B.TO,20230208,28.39,28.53,28.39,28.53,300
BB.TO,20230208,5.9,6.02,5.86,5.87,1340346
BBD.A.TO,20230208,66.77,68.49,66.77,68.49,4725
BBD.B.TO,20230208,66.25,68.15,66.25,68.08,553437
BBD.PR.C.TO,20230208,18.8,18.8,18.76,18.76,3343
BBD.PR.D.TO,20230208,20.75,20.79,20.75,20.79,4100
BBU.UN.TO,20230208,27.29,27.29,26.64,27.13,29138
BBUC.TO,20230208,29.5,29.73,28.66,29.09,12396
BCE.TO,20230208,61.29,61.43,61.11,61.3,1511790
BCE.PR.A.TO,20230208,18.26,18.49,18.2,18.3,5224
BCE.PR.B.TO,20230208,18.7,18.77,18.7,18.77,10918
BCE.PR.C.TO,20230208,18.75,18.8,18.64,18.72,26845
BCE.PR.D.TO,20230208,18.86,18.9,18.8,18.85,38175
BCE.PR.E.TO,20230208,18.71,18.76,18.7,18.76,9600
BCE.PR.F.TO,20230208,16.46,17.01,16.46,17.01,3684
BCE.PR.G.TO,20230208,16.13,16.31,15.91,15.97,4000
BCE.PR.H.TO,20230208,18.68,18.76,18.68,18.76,8000
BCE.PR.I.TO,20230208,16.11,16.11,16.08,16.1,2888
BCE.PR.J.TO,20230208,18.74,18.81,18.74,18.81,48400
BCE.PR.K.TO,20230208,15.27,15.27,15.11,15.11,5669
BCE.PR.L.TO,20230208,16.61,16.61,16.59,16.59,1200
BCE.PR.M.TO,20230208,15.75,15.89,15.61,15.61,3260
BCE.PR.N.TO,20230208,17.55,17.55,17.55,17.55,400
BCE.PR.Q.TO,20230208,20.85,21.08,20.85,21.08,1950
BCE.PR.R.TO,20230208,15.5,15.82,15.5,15.82,8000
BCE.PR.S.TO,20230208,18.7,18.7,18.7,18.7,700
BCE.PR.T.TO,20230208,18.63,18.63,18.52,18.52,800
BCE.PR.Y.TO,20230208,18.7,18.8,18.7,18.78,11100
BCE.PR.Z.TO,20230208,19.45,19.45,19.38,19.39,3700
BCT.TO,20230208,9.7,9.7,9.22,9.36,2563
BDGI.TO,20230208,31.38,31.67,30.28,30.47,38175
BDI.TO,20230208,5.67,6.14,5.56,6.04,662622
BDT.TO,20230208,9.1,9.1,8.88,8.99,68548
BEI.UN.TO,20230208,56.11,56.41,55.85,56.11,95283
BEP.PR.G.TO,20230208,24,24.01,24,24.01,1567
BEP.PR.M.TO,20230208,22.99,22.99,22.98,22.98,384
BEP.PR.R.TO,20230208,20.99,21.18,20.99,21.18,2700
BEP.UN.TO,20230208,36.86,37.69,36.63,37.03,300515
BEPC.TO,20230208,39.52,40.6,39.43,39.84,361330
BEPR.TO,20230208,9.65,9.65,9.65,9.65,400
BESG.TO,20230208,15.85,15.87,15.85,15.86,3600
BFIN.TO,20230208,20.29,20.29,20.29,20.29,100
BGI.UN.TO,20230208,4.78,4.78,4.74,4.75,12636
BGU.TO,20230208,34.89,34.89,34.61,34.61,1176
BHC.TO,20230208,10.51,10.52,10.06,10.18,635825
BIK.PR.A.TO,20230208,25.01,25.04,25,25.03,4300
BIP.PR.A.TO,20230208,18.85,18.85,18.85,18.85,1100
BIP.PR.B.TO,20230208,24.14,24.14,24.14,24.14,100
BIP.PR.E.TO,20230208,22.5,22.75,22.5,22.74,3890
BIP.PR.F.TO,20230208,21.05,21.71,21.05,21.24,3370
BIP.UN.TO,20230208,46.02,46.02,44.74,45.18,391411
BIPC.TO,20230208,57.5,57.5,55.78,56.25,78275
BIR.TO,20230208,8.62,8.71,8.46,8.5,1226858
BITF.TO,20230208,1.44,1.55,1.4,1.43,1557683
BITI.TO,20230208,17.21,17.48,17.2,17.42,34971
BK.TO,20230208,13.61,13.63,13.56,13.63,43913
BK.PR.A.TO,20230208,10.11,10.12,10.1,10.11,53950
BKCC.TO,20230208,16.29,16.29,16.26,16.26,458
BKI.TO,20230208,0.075,0.08,0.075,0.08,20999
BLCO.TO,20230208,23.83,23.83,22.87,22.87,4345
BLDP.TO,20230208,8.64,8.89,8.57,8.57,522169
BLN.TO,20230208,2.8,2.85,2.75,2.78,27083
BLOV.TO,20230208,22.34,22.34,22.3,22.31,1800
BLX.TO,20230208,37.97,38.48,37.63,38.01,228390
BMAX.TO,20230208,12.85,12.92,12.84,12.92,6966
BMO.TO,20230208,136.11,137.42,136.09,136.65,882492
BMO.PR.E.TO,20230208,21.44,21.6,21.44,21.53,12368
BMO.PR.T.TO,20230208,18.11,18.12,18.04,18.1,2200
BMO.PR.W.TO,20230208,18.25,18.25,18.2,18.2,1378
BMO.PR.Y.TO,20230208,19.75,19.86,19.75,19.86,11799
BN.TO,20230208,49.21,50.01,49.03,49.42,1172858
BN.PF.A.TO,20230208,20.55,20.55,20.55,20.55,5346
BN.PF.B.TO,20230208,17.51,18.04,17.51,17.9,3363
BN.PF.C.TO,20230208,19.75,20,19.75,20,2500
BN.PF.D.TO,20230208,19.99,20,19.99,20,1275
BN.PF.E.TO,20230208,16.26,16.5,16.26,16.46,3000
BN.PF.F.TO,20230208,18.25,18.27,18.25,18.27,6408
BN.PF.G.TO,20230208,17,17.12,17,17.12,15150
BN.PF.H.TO,20230208,23.74,23.98,23.74,23.86,18900
BN.PF.I.TO,20230208,23.48,23.48,23.38,23.38,3800
BN.PF.J.TO,20230208,23.5,23.57,23.5,23.55,10988
BN.PF.K.TO,20230208,16,16,16,16,700
BN.PR.B.TO,20230208,13.37,13.37,13.35,13.35,500
BN.PR.C.TO,20230208,13.39,13.4,13.35,13.4,900
BN.PR.K.TO,20230208,13.43,13.43,13.43,13.43,126
BN.PR.M.TO,20230208,19.5,19.5,19.5,19.5,400
BN.PR.N.TO,20230208,19.25,19.25,19.25,19.25,400
BN.PR.R.TO,20230208,15.44,15.57,15.35,15.57,19752
BN.PR.T.TO,20230208,15.8,16.01,15.8,16,20280
BN.PR.X.TO,20230208,16.48,17.08,16.48,17.08,5680
BN.PR.Z.TO,20230208,22.29,22.37,22.26,22.26,10152
BND.TO,20230208,17.57,17.57,17.54,17.54,1305
BNE.TO,20230208,6.7,6.8,6.49,6.6,123802
BNG.TO,20230208,0.085,0.085,0.085,0.085,1203
BNK.TO,20230208,12.49,12.54,12.49,12.5,1300
BNK.PR.A.TO,20230208,10,10.05,10,10.05,3000
BNRE.TO,20230208,49.57,49.95,49.37,49.37,10443
BNS.TO,20230208,73.56,74.18,73.05,73.22,2443066
BOS.TO,20230208,10.53,10.53,9.76,9.96,67632
BPF.UN.TO,20230208,16.62,16.7,16.55,16.65,21580
BPO.PR.A.TO,20230208,16.17,16.18,15.99,15.99,1780
BPO.PR.C.TO,20230208,22.8,22.82,22.8,22.82,23261
BPO.PR.E.TO,20230208,18.65,18.84,18.65,18.83,1135
BPO.PR.G.TO,20230208,21,21,21,21,3500
BPO.PR.I.TO,20230208,20.45,20.45,20.35,20.45,3054
BPO.PR.N.TO,20230208,14.69,14.8,14.67,14.67,4304
BPO.PR.P.TO,20230208,15.19,15.19,15.19,15.19,1625
BPO.PR.R.TO,20230208,15.33,15.59,15.33,15.54,7100
BPO.PR.T.TO,20230208,18,18,17.85,18,5249
BPO.PR.Y.TO,20230208,11.65,11.65,11.65,11.65,6000
BPRF.TO,20230208,22.88,22.96,22.88,22.96,3800
BPYP.PR.A.TO,20230208,25.83,25.83,25.83,25.83,337
BR.TO,20230208,1.75,1.81,1.66,1.81,4018
BRAG.TO,20230208,5.21,5.25,5.06,5.22,24758
BRE.TO,20230208,13.65,13.69,13.48,13.6,19599
BREA.TO,20230208,22.78,22.78,22.71,22.75,1800
BRF.PR.A.TO,20230208,15.31,15.4,15.31,15.4,1620
BRF.PR.B.TO,20230208,17.45,17.45,17.45,17.45,650
BRF.PR.C.TO,20230208,17.2,17.2,17.1,17.1,2175
BRF.PR.E.TO,20230208,19.5,19.5,19.37,19.37,2600
BRF.PR.F.TO,20230208,19.61,19.61,19.61,19.61,242
BRY.TO,20230208,0.61,0.61,0.6,0.61,101539
BSKT.TO,20230208,8.43,8.45,8.43,8.45,7613
BTB.DB.G.TO,20230208,99.2,99.2,99.1,99.1,10000
BTB.UN.TO,20230208,3.8,3.82,3.78,3.78,26166
BTCC.TO,20230208,4.52,4.52,4.43,4.47,166547
BTCC.B.TO,20230208,4.51,4.51,4.43,4.47,389529
BTCC.U.TO,20230208,4.27,4.27,4.19,4.22,118593
BTCQ.TO,20230208,5.03,5.07,5.03,5.07,2293
BTCX.B.TO,20230208,4.61,4.61,4.54,4.57,55264
BTCX.U.TO,20230208,4.31,4.33,4.27,4.29,35423
BTCY.TO,20230208,3.3,3.32,3.27,3.28,10994
BTCY.B.TO,20230208,3.68,3.69,3.68,3.69,619
BTCY.U.TO,20230208,3.21,3.21,3.2,3.2,500
BTE.TO,20230208,6.11,6.18,6,6.08,2977737
BTO.TO,20230208,5.15,5.17,5.07,5.11,1120133
BU.TO,20230208,0.4,0.4,0.345,0.35,525364
BUI.TO,20230208,2.15,2.2,2.15,2.2,500
BXF.TO,20230208,9.88,9.88,9.88,9.88,342
BYD.TO,20230208,205.39,210,205.04,207.18,37295
BYL.TO,20230208,0.48,0.48,0.46,0.46,5025
CAE.TO,20230208,29.92,30.36,29.83,30.25,251171
CAGG.TO,20230208,43.52,43.52,43.52,43.52,300
CALL.TO,20230208,16.46,16.46,16.41,16.41,1694
CALL.B.TO,20230208,19.65,19.65,19.65,19.65,102
CAR.UN.TO,20230208,48.5,49.31,48.5,49.16,328250
CARS.TO,20230208,32,32,31.63,31.64,1360
CAS.TO,20230208,9.25,9.31,9.13,9.22,159294
CASH.TO,20230208,50.06,50.06,50.05,50.06,54301
CBH.TO,20230208,17.2,17.2,17.15,17.18,6240
CBND.TO,20230208,8.74,8.74,8.74,8.74,1500
CBNK.TO,20230208,8.26,8.26,8.23,8.23,1404
CBO.TO,20230208,17.38,17.39,17.36,17.39,19105
CCA.TO,20230208,68.95,70.01,68.59,69.7,99687
CCEI.TO,20230208,22.28,22.28,22.18,22.23,300
CCL.A.TO,20230208,63.64,63.64,63.64,63.64,100
CCL.B.TO,20230208,63.66,64.24,63.46,63.79,149919
CCM.TO,20230208,0.23,0.23,0.23,0.23,2859
CCO.TO,20230208,37.17,37.5,36.68,36.76,782247
CCOM.TO,20230208,20.46,20.46,20.46,20.46,100
CCRE.TO,20230208,17.65,17.68,17.65,17.68,1080
CCS.PR.C.TO,20230208,21.59,21.59,21.38,21.4,3500
CDIV.TO,20230208,13.03,13.06,13.02,13.04,55357
CDR.TO,20230208,0.38,0.38,0.37,0.37,4600
CDZ.TO,20230208,31.2,31.29,31.13,31.19,30604
CEE.TO,20230208,1.72,1.72,1.7,1.7,10904
CEF.TO,20230208,23.97,24.09,23.93,24.06,9650
CET.TO,20230208,1.18,1.2,1.16,1.16,407764
CEU.TO,20230208,2.74,2.78,2.7,2.76,602906
CEW.TO,20230208,16.26,16.36,16.26,16.31,6980
CF.TO,20230208,11.57,11.7,11.56,11.64,431829
CF.PR.A.TO,20230208,13.8,13.8,13.8,13.8,4700
CF.PR.C.TO,20230208,19.75,19.75,19.74,19.75,1900
CFF.TO,20230208,1.75,1.75,1.69,1.7,9105
CFLX.TO,20230208,17.07,17.12,17.07,17.12,4300
CFP.TO,20230208,26.79,26.9,26.19,26.27,126206
CFW.TO,20230208,6.21,6.21,6.02,6.11,107243
CFX.TO,20230208,4.4,4.4,4.39,4.39,2200
CG.TO,20230208,9.04,9.04,8.79,8.95,514268
CGAA.TO,20230208,23.86,23.86,23.86,23.86,2200
CGG.TO,20230208,4.64,4.64,4.53,4.56,21040
CGHY.TO,20230208,9.53,9.53,9.53,9.53,400
CGI.TO,20230208,34.34,34.43,34.34,34.4,1600
CGIN.TO,20230208,20.67,20.69,20.67,20.69,4300
CGL.TO,20230208,15.19,15.2,15.14,15.15,17575
CGL.C.TO,20230208,21.38,21.46,21.38,21.43,2360
CGLO.TO,20230208,23.09,23.2,23.08,23.08,3329
CGO.TO,20230208,61.15,61.15,60.34,61.03,17980
CGR.TO,20230208,29.12,29.12,29.12,29.12,678
CGX.TO,20230208,8.99,9.12,8.77,8.91,493490
CGX.DB.B.TO,20230208,102.5,102.5,101.6,102.25,3072999
CGXF.TO,20230208,11,11,10.93,10.93,13565
CGY.TO,20230208,60.75,63,60.73,62.99,10116
CHE.DB.E.TO,20230208,100,100,100,100,83999
CHE.DB.F.TO,20230208,139,139,139,139,30000
CHE.DB.G.TO,20230208,108,108.01,108,108.01,30000
CHE.UN.TO,20230208,9.99,10.1,9.99,10.06,249002
CHP.UN.TO,20230208,14.5,14.54,14.37,14.5,282620
CHPS.TO,20230208,23.19,23.19,22.98,22.98,788
CHR.TO,20230208,3.7,3.74,3.65,3.66,274361
CHR.DB.A.TO,20230208,95.8,96,95.8,96,17000
CHW.TO,20230208,11.18,11.41,11.16,11.41,31400
CIA.TO,20230208,6.77,6.85,6.72,6.79,459635
CIBR.TO,20230208,33.01,33.01,33.01,33.01,100
CIC.TO,20230208,11.86,11.87,11.83,11.84,11210
CIEM.TO,20230208,17.24,17.24,17.24,17.24,882
CIF.TO,20230208,34.81,34.95,34.76,34.8,3583
CIGI.TO,20230208,149.76,151.63,146.76,148.15,60654
CINT.TO,20230208,20.85,20.85,20.82,20.84,2000
CIQ.UN.TO,20230208,7.25,7.25,7.17,7.18,3275
CIU.PR.C.TO,20230208,13.49,13.6,13.49,13.6,13600
CIX.TO,20230208,16.5,16.7,16.24,16.29,560102
CJ.TO,20230208,7.51,7.59,7.31,7.31,1091882
CJR.B.TO,20230208,2.18,2.18,2.1,2.16,582745
CJT.TO,20230208,127.26,132.46,127.26,130.31,97811
CJT.DB.E.TO,20230208,99.75,99.75,99.7,99.75,51000
CJT.DB.F.TO,20230208,99.86,99.86,99.86,99.86,13000
CLF.TO,20230208,16.76,16.76,16.73,16.76,4339
CLG.TO,20230208,16.85,16.87,16.82,16.87,12233
CLML.TO,20230208,18.4,18.4,18.4,18.4,200
CLS.TO,20230208,17.81,18.06,17.78,17.98,95452
CM.TO,20230208,62,62.56,61.78,61.93,1889050
CM.PR.O.TO,20230208,18.65,18.72,18.65,18.66,4422
CM.PR.P.TO,20230208,18.25,18.25,18.2,18.25,9006
CM.PR.Q.TO,20230208,19.57,19.99,19.57,19.99,2471
CM.PR.S.TO,20230208,22.87,22.87,22.75,22.87,24683
CM.PR.Y.TO,20230208,24.55,24.55,24.41,24.42,944
CMAG.TO,20230208,23.79,23.79,23.53,23.53,14694
CMCX.B.TO,20230208,7.38,7.38,7.38,7.38,100
CMDO.TO,20230208,19.41,19.44,19.39,19.44,11698
CMDO.U.TO,20230208,19.4,19.4,19.4,19.4,913
CMEY.TO,20230208,19.61,19.61,19.61,19.61,6000
CMG.TO,20230208,6.5,6.65,6.5,6.59,322583
CMR.TO,20230208,50.09,50.09,50.07,50.07,8384
CNCC.TO,20230208,12.89,12.89,12.83,12.83,502
CNE.TO,20230208,11.74,11.74,11.37,11.48,11322
CNQ.TO,20230208,79.39,80.37,78.83,79.74,1976087
CNR.TO,20230208,158.04,159.58,157.53,157.85,919646
COG.TO,20230208,0.295,0.295,0.29,0.295,50135
COMM.TO,20230208,25.55,25.57,25.55,25.57,1700
COPP.TO,20230208,27.91,27.91,27.6,27.6,605
COW.TO,20230208,70,70,69.58,69.81,13258
CP.TO,20230208,104.18,106.44,104.01,104.45,1117912
CPD.TO,20230208,11.61,11.67,11.61,11.66,43738
CPH.TO,20230208,3.43,3.45,3.4,3.45,9807
CPLF.TO,20230208,5.8,5.93,5.8,5.9,16497
CPX.TO,20230208,43.1,43.66,43.1,43.39,255967
CPX.PR.C.TO,20230208,22.25,22.44,22.25,22.44,528
CPX.PR.E.TO,20230208,21.62,21.62,21.62,21.62,200
CPX.PR.K.TO,20230208,25.26,25.26,25.2,25.2,2090
CR.TO,20230208,4.43,4.43,4.33,4.34,258675
CRDL.TO,20230208,0.96,0.96,0.93,0.95,15738
CRED.TO,20230208,18.87,18.87,18.86,18.86,5400
CRON.TO,20230208,3.26,3.3,3.2,3.21,181648
CROP.TO,20230208,18.05,18.12,18.05,18.12,5700
CRP.TO,20230208,2.64,2.75,2.64,2.75,4100
CRR.UN.TO,20230208,15.99,16.02,15.84,16.02,164281
CRRX.TO,20230208,2.55,2.62,2.55,2.6,9069
CRT.UN.TO,20230208,15.93,15.99,15.8,15.95,94100
CRWN.TO,20230208,8.36,8.36,8.35,8.35,700
CS.TO,20230208,6.11,6.23,6.11,6.16,1443040
CSAV.TO,20230208,50.1,50.11,50.1,50.1,53964
CSBI.TO,20230208,19.88,19.88,19.88,19.88,100
CSE.PR.A.TO,20230208,14.39,14.4,14.39,14.39,1000
CSH.UN.TO,20230208,9.27,9.33,9.22,9.3,553997
CSU.TO,20230208,2378.01,2400,2340.46,2376.3,24949
CSU.DB.TO,20230208,137,137,136,136,12000
CSW.A.TO,20230208,16.3,16.33,16.2,16.33,5896
CSW.B.TO,20230208,14.98,14.98,14.98,14.98,750
CTC.TO,20230208,290,290,285,285,310
CTC.A.TO,20230208,162.95,163.14,161.76,162.42,143283
CTF.UN.TO,20230208,2.66,2.71,2.66,2.71,15200
CTS.TO,20230208,6.02,6.12,5.91,6.04,1108945
CTX.TO,20230208,0.75,0.75,0.75,0.75,5000
CU.TO,20230208,36.17,36.22,35.84,35.94,382050
CU.PR.C.TO,20230208,20.51,20.89,20.51,20.7,2680
CU.PR.E.TO,20230208,21.25,21.25,21.25,21.25,200
CU.PR.F.TO,20230208,19.76,19.8,19.74,19.74,3000
CU.PR.G.TO,20230208,19.8,19.8,19.75,19.75,1600
CU.PR.H.TO,20230208,22.52,22.6,22.52,22.6,200
CU.PR.I.TO,20230208,25.15,25.15,25.15,25.15,2389
CU.PR.J.TO,20230208,20.59,20.59,20.52,20.55,2500
CUD.TO,20230208,52.94,52.94,52.63,52.65,2205
CUP.U.TO,20230208,14.35,14.35,14.35,14.35,815
CVD.TO,20230208,17.26,17.35,17.26,17.3,6700
CVE.TO,20230208,26.1,26.6,25.92,26.24,3993466
CVE.PR.A.TO,20230208,15.34,15.67,15.34,15.67,34469
CVE.PR.B.TO,20230208,16.74,16.74,16.31,16.74,1000
CVE.PR.C.TO,20230208,20.99,21.05,20.99,21.05,5644
CVE.PR.E.TO,20230208,21.88,22.04,21.85,22.04,5375
CVE.PR.G.TO,20230208,21.47,21.47,21.47,21.47,1466
CVE.WT.TO,20230208,19.59,20.01,19.42,19.69,6518
CVO.TO,20230208,8.5,8.61,8.02,8.08,120690
CWB.TO,20230208,28.63,29.11,28.56,28.62,377211
CWB.PR.B.TO,20230208,18.42,18.42,18.32,18.32,1978
CWB.PR.D.TO,20230208,24.97,25.06,24.97,24.98,1289
CWEB.TO,20230208,0.7,0.72,0.69,0.7,153013
CWL.TO,20230208,1.35,1.37,1.35,1.37,600
CWW.TO,20230208,49.99,49.99,49.66,49.71,1806
CXB.TO,20230208,1.1,1.1,1.07,1.07,808042
CXF.TO,20230208,9.79,9.79,9.71,9.71,944
CXI.TO,20230208,25.97,26.15,25.8,25.88,4040
CYB.TO,20230208,60.48,60.48,60.05,60.45,2682
CYBR.TO,20230208,34.5,34.9,34.48,34.48,4395
CYBR.B.TO,20230208,38.18,38.18,38.18,38.18,110
CYBR.U.TO,20230208,39.81,39.81,39.81,39.81,100
CYH.TO,20230208,20.69,20.74,20.68,20.68,1868
D.UN.TO,20230208,16.47,16.63,16.38,16.43,73397
DANC.TO,20230208,21.58,21.63,21.58,21.63,2626
DATA.TO,20230208,16.24,16.24,16.01,16.01,1018
DBM.TO,20230208,7.65,7.7,7.57,7.59,304781
DBO.TO,20230208,0.09,0.09,0.085,0.085,17000
DC.A.TO,20230208,1.35,1.39,1.35,1.39,39700
DCBO.TO,20230208,53.26,53.26,52.5,52.62,52513
DCC.TO,20230208,17.89,17.89,17.89,17.89,300
DCM.TO,20230208,1.34,1.34,1.32,1.34,5350
DCU.TO,20230208,17.52,17.52,17.52,17.52,2100
DF.TO,20230208,4.56,4.73,4.56,4.63,64166
DF.PR.A.TO,20230208,9.54,9.55,9.5,9.54,18400
DFN.TO,20230208,7.82,7.84,7.8,7.81,165956
DFN.PR.A.TO,20230208,9.49,9.51,9.48,9.5,92550
DFY.TO,20230208,36.42,36.43,35.61,36.01,108156
DGR.TO,20230208,36.9,36.9,36.63,36.63,1897
DGR.B.TO,20230208,39.94,39.94,39.94,39.94,150
DGRC.TO,20230208,35.02,35.06,34.94,35.06,2360
DGS.TO,20230208,6.38,6.42,6.3,6.35,108016
DGS.PR.A.TO,20230208,9.63,9.64,9.59,9.64,17838
DHT.U.TO,20230208,5.3,5.3,5.3,5.3,100
DHT.UN.TO,20230208,7.39,7.9,7.07,7.57,97275
DIAM.TO,20230208,0.095,0.095,0.095,0.095,37501
DII.B.TO,20230208,5.41,5.46,5.37,5.4,19944
DIR.UN.TO,20230208,14.22,14.32,14.2,14.29,447149
DISC.TO,20230208,31.06,31.1,31.01,31.1,540
DIV.TO,20230208,3.23,3.26,3.21,3.25,156592
DIV.DB.A.TO,20230208,96.01,97,96.01,96.68,117000
DIVS.TO,20230208,15.1,15.1,15.1,15.1,4881
DLCG.TO,20230208,3.5,3.5,3.48,3.48,700
DLR.TO,20230208,13.72,13.75,13.7,13.75,398142
DLR.U.TO,20230208,10.22,10.23,10.22,10.22,202660
DML.TO,20230208,1.83,1.83,1.76,1.78,1276819
DN.TO,20230208,0.09,0.095,0.09,0.095,6668
DND.TO,20230208,22.56,23.06,22.31,22.46,127566
DNG.TO,20230208,2.99,3.05,2.96,2.98,30969
DNTL.TO,20230208,9.68,9.8,9.55,9.63,125909
DOL.TO,20230208,78,79.31,77.71,79.11,545166
DOO.TO,20230208,118.76,120.2,118.76,120,129877
DPM.TO,20230208,8.25,8.3,8.09,8.26,528629
DR.TO,20230208,8.39,8.39,8.24,8.28,16252
DRCU.TO,20230208,18.33,18.33,18.33,18.33,100
DRFE.TO,20230208,19.17,19.17,19.17,19.17,700
DRFG.TO,20230208,24.1,24.11,24.1,24.11,600
DRM.TO,20230208,27.76,27.88,27.42,27.71,14377
DRMC.TO,20230208,25.8,25.8,25.74,25.76,675
DRR.U.TO,20230208,8.57,8.57,8.5,8.5,4900
DRT.TO,20230208,0.81,0.97,0.79,0.9,131920
DRT.DB.TO,20230208,45,45,45,45,6000
DRX.TO,20230208,2.16,2.16,2.14,2.14,700
DS.TO,20230208,7.56,7.65,7.56,7.62,9618
DSG.TO,20230208,102.05,103.18,101.06,101.43,101527
DSV.TO,20230208,1.29,1.34,1.25,1.29,408381
DTOL.TO,20230208,9.84,10.05,9.79,10.05,37000
DXB.TO,20230208,18.33,18.35,18.33,18.35,400
DXC.TO,20230208,33.51,33.58,33.35,33.41,13032
DXDB.TO,20230208,20.68,20.71,20.68,20.71,3300
DXEM.TO,20230208,15,15.04,15,15.04,1401
DXG.TO,20230208,44.16,44.57,44.16,44.49,9131
DXIF.TO,20230208,18.31,18.31,18.31,18.31,140
DXN.TO,20230208,19.88,19.88,19.83,19.83,600
DXO.TO,20230208,19.04,19.05,19.04,19.04,12201
DXP.TO,20230208,20.36,20.42,20.3,20.36,17297
DXQ.TO,20230208,21.17,21.17,21.17,21.17,200
DXR.TO,20230208,21.98,21.98,21.98,21.98,100
DXT.TO,20230208,6,6,5.94,5.95,20800
DXU.TO,20230208,42.26,42.66,42.26,42.63,4609
DXV.TO,20230208,19.8,19.8,19.8,19.8,208
DXZ.TO,20230208,11.36,11.36,11.25,11.25,15300
DYA.TO,20230208,0.18,0.185,0.175,0.185,201054
E.TO,20230208,0.395,0.4,0.39,0.4,26333
EAGR.TO,20230208,0.9,0.91,0.88,0.88,25869
EARN.TO,20230208,46.5,46.5,46.5,46.5,500
EBIT.TO,20230208,11.41,11.46,11.29,11.36,19283
EBIT.U.TO,20230208,8.54,8.54,8.42,8.42,329
EBNK.TO,20230208,9.71,9.71,9.71,9.71,821
EBNK.B.TO,20230208,9.24,9.24,9.24,9.24,100
ECN.TO,20230208,3.3,3.3,3.16,3.22,839115
ECN.DB.TO,20230208,94,95,94,95,56000
ECN.DB.A.TO,20230208,90,90,90,90,2000
ECN.DB.B.TO,20230208,90,90,86.56,86.56,30000
ECN.PR.C.TO,20230208,23.5,23.55,23.45,23.55,2100
ECO.TO,20230208,3.65,3.68,3.62,3.68,119801
EDGE.TO,20230208,30.02,30.02,29.86,29.87,1000
EDR.TO,20230208,4.43,4.48,4.38,4.39,233062
EDT.TO,20230208,0.32,0.32,0.31,0.315,162000
EDV.TO,20230208,32,32.57,31.9,32.24,693019
EFN.TO,20230208,19.27,19.55,19.26,19.38,783003
EFN.PR.C.TO,20230208,24.4,24.4,24.39,24.39,600
EFN.PR.E.TO,20230208,24.1,24.1,24.1,24.1,400
EFR.TO,20230208,9.82,9.9,9.55,9.57,353609
EFX.TO,20230208,9.03,9.08,8.95,9.02,333981
EGLX.TO,20230208,1.18,1.18,1.11,1.11,130984
EIF.TO,20230208,53.99,54.24,53.66,53.9,64358
EIF.DB.J.TO,20230208,112,112,111.5,111.5,18000
EIF.DB.L.TO,20230208,108.05,108.05,108.05,108.05,23000
EIF.DB.M.TO,20230208,100.1,100.1,100,100,48000
EIT.PR.A.TO,20230208,24.75,24.8,24.7,24.7,7300
EIT.PR.B.TO,20230208,24.77,24.77,24.5,24.5,800
EIT.UN.TO,20230208,13.59,13.6,13.53,13.58,111095
ELD.TO,20230208,12.55,12.88,12.43,12.68,464842
ELEF.TO,20230208,0.465,0.485,0.465,0.475,10230
ELF.TO,20230208,929.99,930,929.99,930,310
ELF.PR.F.TO,20230208,22,22,21.99,22,900
ELF.PR.H.TO,20230208,22.82,22.82,22.77,22.8,1450
ELR.TO,20230208,0.15,0.15,0.14,0.14,26500
EMA.TO,20230208,53.08,53.36,52.42,52.66,1072062
EMA.PR.A.TO,20230208,14.11,14.11,14.11,14.11,200
EMA.PR.B.TO,20230208,16.15,16.15,16.15,16.15,200
EMA.PR.C.TO,20230208,19.9,20.05,19.51,20.05,3700
EMA.PR.F.TO,20230208,18.08,18.08,18.08,18.08,200
EMA.PR.H.TO,20230208,23.18,23.39,23.15,23.18,1400
EMA.PR.J.TO,20230208,24.53,24.53,23.93,23.93,1400
EMA.PR.L.TO,20230208,19.2,19.2,19.08,19.08,1000
EMP.A.TO,20230208,36.05,36.32,35.67,36.23,410966
EMV.B.TO,20230208,25.01,25.09,25.01,25.08,1388
ENB.TO,20230208,54.23,54.3,52.93,53.16,13711510
ENB.PF.A.TO,20230208,16.74,16.78,16.7,16.7,1761
ENB.PF.C.TO,20230208,16.97,16.97,16.83,16.83,5100
ENB.PF.E.TO,20230208,15.87,15.87,15.87,15.87,3729
ENB.PF.G.TO,20230208,15.72,15.77,15.7,15.77,24000
ENB.PF.K.TO,20230208,24.24,24.24,23.96,24.08,7525
ENB.PF.U.TO,20230208,20.22,20.27,20.22,20.26,11799
ENB.PF.V.TO,20230208,20.75,20.75,20.68,20.75,2600
ENB.PR.A.TO,20230208,22.95,23.05,22.9,23.05,400
ENB.PR.B.TO,20230208,18.6,18.78,18.6,18.78,5400
ENB.PR.D.TO,20230208,18.81,19.08,18.81,19,13802
ENB.PR.F.TO,20230208,18.99,19.11,18.56,19,15069
ENB.PR.H.TO,20230208,16.75,16.94,16.75,16.94,1678
ENB.PR.J.TO,20230208,16.7,16.8,16.65,16.8,15891
ENB.PR.N.TO,20230208,18.27,18.4,18.27,18.4,15025
ENB.PR.P.TO,20230208,16.84,16.84,16.5,16.61,2288
ENB.PR.T.TO,20230208,16.39,16.47,16.39,16.39,3240
ENB.PR.V.TO,20230208,22.55,22.55,22.53,22.53,1900
ENB.PR.Y.TO,20230208,15.7,15.7,15.63,15.63,935
ENCC.TO,20230208,11.35,11.37,11.24,11.3,16282
ENGH.TO,20230208,41.4,42.27,41.4,41.91,97420
ENS.TO,20230208,15.5,15.5,15.29,15.35,64334
ENS.PR.A.TO,20230208,9.98,9.98,9.98,9.98,6800
EPRX.TO,20230208,5,5,4.92,4.99,26360
EPRX.WT.TO,20230208,0.23,0.23,0.23,0.23,2000
EQB.TO,20230208,68.73,69.35,67.91,68.77,121601
EQB.PR.C.TO,20230208,23.99,23.99,23.9,23.9,2700
EQL.TO,20230208,31.2,31.2,31.01,31.09,20320
EQL.F.TO,20230208,27.79,27.79,27.43,27.48,10720
EQL.U.TO,20230208,23.23,23.23,23.1,23.12,7009
EQX.TO,20230208,5.66,5.76,5.54,5.65,437056
ERD.TO,20230208,0.38,0.38,0.36,0.37,543600
ERE.UN.TO,20230208,3.66,3.67,3.6,3.61,28482
ERO.TO,20230208,21.45,21.7,21.06,21.26,194307
ESG.TO,20230208,28.88,28.93,28.88,28.93,1700
ESG.F.TO,20230208,28.08,28.08,28.08,28.08,1000
ESGA.TO,20230208,33.25,33.25,33.1,33.1,1645
ESGB.TO,20230208,26.55,26.57,26.55,26.57,400
ESGC.TO,20230208,24.72,24.75,24.72,24.75,800
ESGE.TO,20230208,30.37,30.37,30.31,30.31,700
ESGH.TO,20230208,26.66,26.66,26.66,26.66,100
ESGH.F.TO,20230208,25.06,25.06,25.06,25.06,200
ESGY.TO,20230208,38.95,38.95,38.62,38.62,700
ESI.TO,20230208,3.68,3.68,3.59,3.63,184859
ESM.TO,20230208,0.06,0.065,0.06,0.065,131042
ESPX.TO,20230208,20.89,20.89,20.89,20.89,300
ET.TO,20230208,12.98,13.17,12.9,13.16,5213
ETC.TO,20230208,5.56,5.56,5.49,5.49,1005
ETG.TO,20230208,1.3,1.32,1.26,1.28,130601
ETHH.TO,20230208,7.01,7.02,6.87,6.9,43363
ETHH.B.TO,20230208,7.88,7.9,7.75,7.79,74675
ETHH.U.TO,20230208,7.38,7.38,7.22,7.22,975
ETHI.TO,20230208,41.59,41.69,41.59,41.69,957
ETHQ.TO,20230208,8.96,8.97,8.83,8.86,5299
ETHR.TO,20230208,7.87,7.88,7.76,7.76,13030
ETHR.U.TO,20230208,7.25,7.25,7.24,7.24,5000
ETHX.B.TO,20230208,8.11,8.16,7.94,7.99,109294
ETHX.U.TO,20230208,7.57,7.58,7.45,7.45,15488
ETHY.TO,20230208,2.85,2.85,2.8,2.81,11622
ETHY.B.TO,20230208,3.49,3.49,3.4,3.41,4401
ETHY.U.TO,20230208,2.78,2.78,2.78,2.78,474
ETP.TO,20230208,16.83,16.83,16.83,16.83,4400
EVT.TO,20230208,135,137,135,137,242
EXE.TO,20230208,6.75,6.76,6.61,6.61,178433
EXE.DB.C.TO,20230208,96.5,96.98,96.5,96.98,16000
EXN.TO,20230208,0.41,0.41,0.405,0.405,17000
EXRO.TO,20230208,2.9,2.9,2.75,2.8,392230
EXRO.WT.TO,20230208,1.39,1.4,1.37,1.37,7700
FANS.TO,20230208,0.135,0.14,0.125,0.13,100514
FAP.TO,20230208,2.63,2.63,2.62,2.62,2069
FAR.TO,20230208,1.72,1.72,1.72,1.72,5600
FBGO.TO,20230208,17.61,17.61,17.61,17.61,500
FBT.TO,20230208,27.42,27.42,27.42,27.42,500
FBTC.TO,20230208,10.52,10.6,10.25,10.38,8929
FC.TO,20230208,11.97,11.98,11.8,11.83,19863
FCCD.TO,20230208,28.33,28.33,28.17,28.21,7075
FCCQ.TO,20230208,30.85,30.85,30.75,30.75,9586
FCCV.TO,20230208,13.6,13.6,13.53,13.53,15600
FCD.UN.TO,20230208,5.99,6.05,5.95,6.02,15002
FCID.TO,20230208,23.96,23.96,23.83,23.83,1343
FCIQ.TO,20230208,33.35,33.45,33.25,33.45,6233
FCIQ.U.TO,20230208,24.84,24.85,24.84,24.85,1900
FCIV.TO,20230208,29.78,29.78,29.78,29.78,1200
FCQH.TO,20230208,41.2,41.2,41.2,41.2,275
FCR.UN.TO,20230208,17.84,18.15,17.83,17.97,969254
FCRH.TO,20230208,30.38,30.38,30.3,30.33,300
FCRR.TO,20230208,33.03,33.03,32.9,32.94,1800
FCU.TO,20230208,0.83,0.85,0.83,0.83,1170365
FCUD.TO,20230208,31.34,31.34,31.06,31.06,2035
FCUH.TO,20230208,28.73,28.73,28.45,28.45,1900
FCUQ.TO,20230208,43.26,43.28,43.2,43.2,590
FCUV.TO,20230208,13.73,13.73,13.63,13.63,3154
FCVH.TO,20230208,13.33,13.33,13.31,13.31,2500
FDL.TO,20230208,31.93,31.93,31.78,31.78,700
FDN.TO,20230208,16.14,16.14,16.14,16.14,100
FDN.F.TO,20230208,11.31,11.4,11.31,11.4,200
FDY.TO,20230208,0.83,0.83,0.82,0.82,440156
FEC.TO,20230208,11.75,12.08,11.75,11.86,32616
FETH.TO,20230208,30.21,30.23,29.95,29.95,600
FF.TO,20230208,0.205,0.205,0.195,0.2,113100
FFH.TO,20230208,880.49,892.34,869.88,872.88,48316
FFH.PR.C.TO,20230208,19.65,19.69,19.55,19.65,8841
FFH.PR.D.TO,20230208,20.66,20.73,20.66,20.73,304
FFH.PR.E.TO,20230208,15.57,15.57,15.57,15.57,700
FFH.PR.G.TO,20230208,15.61,15.89,15.61,15.89,11410
FFH.PR.H.TO,20230208,18.25,18.25,18.25,18.25,100
FFH.PR.I.TO,20230208,16.9,17.25,16.85,17.21,13350
FFH.PR.J.TO,20230208,18.94,18.94,18.89,18.94,2600
FFH.PR.K.TO,20230208,21,21.27,21,21.27,10358
FFH.PR.M.TO,20230208,22.5,22.74,22.5,22.74,3900
FFH.U.TO,20230208,654.62,654.62,654.62,654.62,100
FFN.TO,20230208,5.81,5.93,5.77,5.87,277469
FFN.PR.A.TO,20230208,9.75,9.77,9.73,9.77,52677
FGB.TO,20230208,17.81,17.81,17.81,17.81,1500
FGGE.TO,20230208,21.34,21.34,21.34,21.34,188
FGO.TO,20230208,10.06,10.08,10.06,10.08,5200
FHG.TO,20230208,40.93,40.99,40.93,40.99,1800
FHH.F.TO,20230208,30.87,30.89,30.71,30.72,17500
FHI.TO,20230208,11.81,11.85,11.8,11.8,1575
FHI.B.TO,20230208,12.82,12.82,12.82,12.82,100
FHIS.TO,20230208,20.2,20.21,20.2,20.2,5600
FHQ.TO,20230208,67.33,67.33,67.33,67.33,154
FIE.TO,20230208,7.15,7.19,7.15,7.17,83191
FIG.TO,20230208,9.36,9.4,9.36,9.38,11168
FIH.U.TO,20230208,13.81,14.16,13.14,13.49,44919
FIL.TO,20230208,22.97,23.85,22.96,23.68,122954
FLCI.TO,20230208,17.26,17.27,17.26,17.27,2900
FLCP.TO,20230208,17.6,17.64,17.6,17.64,2700
FLDM.TO,20230208,20.3,20.3,20.3,20.3,100
FLGA.TO,20230208,18.7,18.7,18.66,18.66,900
FLI.TO,20230208,10.52,10.55,10.48,10.48,1800
FLNT.TO,20230208,0.04,0.04,0.04,0.04,29000
FLOW.TO,20230208,0.68,0.72,0.67,0.72,14719
FLSD.TO,20230208,18.62,18.62,18.62,18.62,1114
FLUS.TO,20230208,32.08,32.08,32.02,32.03,3600
FLX.TO,20230208,6.89,6.89,6.88,6.88,802
FM.TO,20230208,27.39,27.6,26.91,26.98,1177866
FN.TO,20230208,38.53,38.62,38.25,38.62,8259
FN.PR.A.TO,20230208,11.19,11.19,11.19,11.19,300
FNV.TO,20230208,184.87,185.89,183.16,184.27,222883
FOOD.TO,20230208,0.61,0.61,0.57,0.57,135066
FOOD.DB.A.TO,20230208,35,35,35,35,1000
FORA.TO,20230208,8.17,8.17,8,8.12,2948
FOUR.TO,20230208,38.86,38.86,38.86,38.86,299
FPR.TO,20230208,21.31,21.31,21.31,21.31,100
FRU.TO,20230208,15.77,15.95,15.73,15.79,382612
FSB.TO,20230208,9.55,9.58,9.55,9.57,10930
FSF.TO,20230208,23.62,23.63,23.6,23.6,1600
FSL.TO,20230208,17.04,17.05,17.01,17.05,5299
FST.TO,20230208,43.64,43.64,43.64,43.64,631
FSV.TO,20230208,192.17,197.66,190.65,191.19,93431
FSY.TO,20230208,0.475,0.485,0.455,0.465,66283
FSZ.TO,20230208,9.35,9.37,9.26,9.32,151843
FT.TO,20230208,0.08,0.08,0.075,0.075,73014
FTG.TO,20230208,2.92,2.92,2.8,2.81,10490
FTN.TO,20230208,9.71,9.76,9.69,9.76,85257
FTN.PR.A.TO,20230208,9.83,9.85,9.81,9.85,48295
FTS.TO,20230208,54.6,54.61,53.75,54.08,1322743
FTS.PR.F.TO,20230208,21.27,21.37,21.25,21.37,1763
FTS.PR.G.TO,20230208,18.43,18.73,18.43,18.73,1888
FTS.PR.H.TO,20230208,13.59,13.59,13.56,13.58,17600
FTS.PR.I.TO,20230208,16.03,16.03,16.03,16.03,200
FTS.PR.J.TO,20230208,20.74,20.85,20.74,20.85,600
FTS.PR.K.TO,20230208,17.21,17.21,17.21,17.21,143
FTS.PR.M.TO,20230208,18.28,18.4,18.28,18.3,8513
FTT.TO,20230208,35.91,36.66,35.5,36.4,454502
FTU.TO,20230208,0.365,0.37,0.365,0.37,1000
FTU.PR.B.TO,20230208,6.6,6.6,6.58,6.58,3560
FURY.TO,20230208,0.82,0.82,0.82,0.82,352631
FVI.TO,20230208,4.92,4.92,4.78,4.81,516544
FVI.DB.U.TO,20230208,99.5,99.5,99.5,99.5,10000
FVL.TO,20230208,0.44,0.44,0.43,0.44,23800
FWCP.TO,20230208,17.47,17.47,17.47,17.47,500
FXM.TO,20230208,20.98,21.02,20.93,21,2388
G.TO,20230208,1.28,1.32,1.25,1.27,92700
GATO.TO,20230208,6.59,6.64,6.52,6.52,4800
GAU.TO,20230208,0.79,0.8,0.79,0.8,29000
GBAL.TO,20230208,41.63,41.63,41.63,41.63,100
GBT.TO,20230208,13.65,13.65,13.65,13.65,850
GCBD.TO,20230208,17.88,17.88,17.88,17.88,10003
GCG.TO,20230208,39.03,39.03,39.03,39.03,100
GCG.A.TO,20230208,39.03,39.59,39.02,39.02,2460
GCL.TO,20230208,0.81,0.81,0.8,0.81,6000
GCSC.TO,20230208,20.86,20.86,20.86,20.86,1670
GDC.TO,20230208,2.15,2.15,2.13,2.13,2000
GDEP.TO,20230208,19.36,19.36,19.35,19.35,300
GDEP.B.TO,20230208,18.49,18.49,18.49,18.49,100
GDI.TO,20230208,49.68,49.69,49.22,49.37,4074
GDL.TO,20230208,15.5,15.5,15.26,15.26,1394
GDPY.TO,20230208,20.2,20.2,20.11,20.11,1300
GDPY.B.TO,20230208,19.33,19.33,19.17,19.17,1138
GDV.TO,20230208,10.4,10.42,10.38,10.39,278553
GDV.PR.A.TO,20230208,9.61,9.66,9.59,9.59,221468
GEI.TO,20230208,23.63,23.91,23.37,23.49,322321
GENM.TO,20230208,0.68,0.69,0.66,0.67,47126
GEO.TO,20230208,3,3,2.95,2.97,10535
GEQT.TO,20230208,46,46.21,46,46.21,1055
GFL.TO,20230208,42.49,43.03,42.47,42.71,191103
GFP.TO,20230208,1.7,1.73,1.68,1.7,30466
GGD.TO,20230208,2.19,2.19,2.1,2.12,929676
GGRO.TO,20230208,44.09,44.09,43.89,43.89,1045
GH.TO,20230208,7.94,8.02,7.94,8,117100
GIB.A.TO,20230208,122.32,123.8,121.83,123.55,388834
GIL.TO,20230208,39.78,40.04,39.37,39.73,484159
GIVX.TO,20230208,0.61,0.61,0.59,0.61,19122
GLCC.TO,20230208,25.74,25.74,25.33,25.42,5924
GLO.TO,20230208,3.37,3.37,3.19,3.2,459804
GLXY.TO,20230208,5.49,5.6,5.32,5.48,485789
GMTN.TO,20230208,0.12,0.125,0.12,0.12,119729
GMX.TO,20230208,0.82,0.82,0.8,0.8,8900
GOLD.TO,20230208,1.55,1.56,1.51,1.54,90100
GOOS.TO,20230208,28.22,28.28,26.85,27.34,1026685
GRA.TO,20230208,2.9,2.9,2.84,2.85,46346
GRID.TO,20230208,0.98,1.23,0.98,1.1,63700
GRN.TO,20230208,0.5,0.51,0.49,0.49,107735
GRT.UN.TO,20230208,84,84.39,82.5,82.81,118732
GSY.TO,20230208,128.25,129.27,127.73,128.58,29782
GTE.TO,20230208,1.22,1.24,1.2,1.22,386859
GUD.TO,20230208,5.17,5.25,5.17,5.23,102096
GURU.TO,20230208,4.15,4.24,3.75,3.83,67800
GVC.TO,20230208,0.355,0.355,0.34,0.34,16330
GWO.TO,20230208,35.28,35.32,34.99,35.11,936733
GWO.PR.G.TO,20230208,22.03,22.05,22.03,22.05,2809
GWO.PR.H.TO,20230208,20.72,20.99,20.72,20.94,4325
GWO.PR.I.TO,20230208,19.78,19.91,19.71,19.91,1401
GWO.PR.L.TO,20230208,23.85,23.85,23.75,23.85,2350
GWO.PR.M.TO,20230208,24.1,24.12,24.1,24.12,200
GWO.PR.N.TO,20230208,12.61,12.75,12.53,12.75,12400
GWO.PR.P.TO,20230208,22.6,22.72,22.55,22.72,2500
GWO.PR.Q.TO,20230208,21.75,21.88,21.75,21.88,2682
GWO.PR.R.TO,20230208,20.79,20.9,20.71,20.84,4868
GWO.PR.S.TO,20230208,22.1,22.1,22,22.1,1775
GWO.PR.T.TO,20230208,21.8,21.8,21.8,21.8,100
GWO.PR.Y.TO,20230208,19.85,19.93,19.85,19.93,5700
GXE.TO,20230208,1.15,1.15,1.08,1.09,1543579
H.TO,20230208,35.09,35.29,34.88,35.22,1134808
HAB.TO,20230208,9.73,9.81,9.73,9.78,802
HAC.TO,20230208,25.96,26.05,25.96,25.99,2413
HAF.TO,20230208,7.06,7.11,7.06,7.11,600
HAI.TO,20230208,3.23,3.25,3.22,3.25,12295
HAL.TO,20230208,20.19,20.19,20.08,20.13,40668
HAZ.TO,20230208,27.57,27.57,27.46,27.51,7112
HBA.TO,20230208,23.1,23.2,23.1,23.14,461
HBAL.TO,20230208,12.96,12.96,12.92,12.94,5310
HBB.TO,20230208,45.67,45.67,45.44,45.58,6368
HBD.TO,20230208,11.35,11.46,11.35,11.4,7900
HBF.TO,20230208,9.79,9.79,9.72,9.73,16604
HBF.U.TO,20230208,10.75,10.75,10.75,10.75,500
HBFE.TO,20230208,10.69,10.82,10.67,10.69,10678
HBGD.TO,20230208,15.84,15.84,15.84,15.84,100
HBLK.TO,20230208,10.51,10.75,10.51,10.75,398
HBM.TO,20230208,7.19,7.39,7.11,7.16,1714292
HBU.TO,20230208,10.93,10.93,10.82,10.86,8172
HCA.TO,20230208,23.17,23.17,23.09,23.11,3200
HCAL.TO,20230208,22.86,22.98,22.74,22.81,40729
HCLN.TO,20230208,13.04,13.04,12.88,12.88,2450
HCRE.TO,20230208,26.69,26.69,26.69,26.69,137
HDIF.TO,20230208,8.5,8.5,8.42,8.44,118830
HDIV.TO,20230208,16.46,16.46,16.3,16.36,57679
HED.TO,20230208,6.3,6.48,6.25,6.38,194806
HERO.TO,20230208,25.61,25.61,25.61,25.61,403
HEU.TO,20230208,24.7,25.13,24.23,24.65,157583
HEWB.TO,20230208,31.18,31.18,31.12,31.16,2476
HFD.TO,20230208,9.84,9.89,9.83,9.87,2100
HFG.TO,20230208,20.7,20.7,20.7,20.7,400
HFIN.TO,20230208,14.35,14.4,14.3,14.34,20313
HFPC.U.TO,20230208,3.2,3.21,3.07,3.07,15250
HFR.TO,20230208,9.8,9.82,9.79,9.81,95066
HFU.TO,20230208,20.59,20.62,20.47,20.5,1589
HGD.TO,20230208,6,6.22,6,6.14,53207
HGR.TO,20230208,7.1,7.1,7.1,7.1,100
HGU.TO,20230208,14.96,14.96,14.38,14.6,153026
HGY.TO,20230208,9.78,9.78,9.65,9.66,4534
HHL.TO,20230208,8.1,8.1,8.05,8.06,69440
HHL.B.TO,20230208,8.65,8.65,8.65,8.65,100
HHL.U.TO,20230208,8.46,8.46,8.46,8.46,1500
HHLE.TO,20230208,10.33,10.33,10.26,10.26,11784
HIG.TO,20230208,8.77,8.77,8.74,8.74,822
HISU.U.TO,20230208,100.12,100.12,100.12,100.12,411
HIU.TO,20230208,14.22,14.34,14.21,14.33,24919
HIX.TO,20230208,7.09,7.1,7.07,7.09,525
HLF.TO,20230208,14.69,14.69,14.5,14.67,4854
HLFE.TO,20230208,10.73,10.74,10.72,10.73,8444
HLIF.TO,20230208,9.4,9.41,9.35,9.36,17122
HLIT.TO,20230208,41.31,41.31,40.75,40.75,6416
HLPR.TO,20230208,23.38,23.5,23.33,23.33,3215
HLS.TO,20230208,9.07,9.07,8.92,8.94,5600
HMAX.TO,20230208,16.4,16.45,16.37,16.43,103267
HMM.A.TO,20230208,4.85,4.95,4.85,4.95,7878
HMMJ.TO,20230208,12.62,12.63,12.48,12.51,3965
HMMJ.U.TO,20230208,8.61,9.38,8.61,9.38,373
HMP.TO,20230208,9.29,9.35,9.29,9.35,5000
HND.TO,20230208,62.3,70.02,61.45,67.81,429306
HNU.TO,20230208,2.02,2.04,1.75,1.82,12251100
HOD.TO,20230208,10.68,10.94,10.57,10.59,692636
HOM.DB.U.TO,20230208,108,108,106,106,5000
HOM.U.TO,20230208,15.06,15.09,14.52,14.89,85901
HOM.UN.TO,20230208,20.27,20.27,19.61,20.17,35985
HOT.DB.V.TO,20230208,86.76,86.76,86.75,86.75,40000
HOT.UN.TO,20230208,2.76,2.77,2.74,2.74,67608
HOU.TO,20230208,14.45,14.6,14.1,14.56,1191929
HPF.TO,20230208,3.63,3.64,3.63,3.63,12800
HPF.U.TO,20230208,4.34,4.34,4.34,4.34,500
HPR.TO,20230208,8.07,8.07,8.01,8.04,69366
HPS.A.TO,20230208,25.04,26,25.04,26,9504
HQD.TO,20230208,6.87,7.07,6.83,7.04,1502066
HQU.TO,20230208,10.49,10.55,10.16,10.2,1056191
HR.UN.TO,20230208,12.64,12.75,12.56,12.63,290750
HRAA.TO,20230208,11,11,10.97,10.97,2200
HRX.TO,20230208,14.01,14.39,13.45,13.81,158347
HSAV.TO,20230208,105.87,106.17,105.87,106.1,39983
HSD.TO,20230208,7.11,7.22,7.07,7.19,962173
HSH.TO,20230208,50.36,50.36,50.36,50.36,198
HSU.TO,20230208,14.62,14.7,14.39,14.45,571213
HSUV.U.TO,20230208,102.98,102.98,102.8,102.85,20508
HTA.TO,20230208,13.35,13.38,13.17,13.19,26205
HTA.B.TO,20230208,13.4,13.4,13.39,13.39,1014
HTA.U.TO,20230208,13.97,13.97,13.97,13.97,115
HTAE.TO,20230208,11.51,11.51,11.3,11.3,12529
HTB.TO,20230208,54.49,54.49,54.49,54.49,100
HTB.U.TO,20230208,40.79,40.82,40.79,40.82,300
HUBL.TO,20230208,14.75,14.92,14.75,14.88,1400
HUC.TO,20230208,20.45,20.48,20.45,20.48,842
HUG.TO,20230208,15.16,15.16,15.14,15.16,1600
HULC.TO,20230208,65.2,65.2,64.88,64.88,9900
HUM.TO,20230208,27.36,27.37,27.36,27.37,300
HUN.TO,20230208,13.09,13.09,12.6,12.69,15772
HURA.TO,20230208,24.5,24.5,24.45,24.45,263
HUT.TO,20230208,2.89,3.05,2.8,2.89,4896285
HUTE.TO,20230208,10.7,10.7,10.61,10.61,927
HUTL.TO,20230208,17.63,17.63,17.49,17.54,6755
HUTS.TO,20230208,13.91,13.91,13.81,13.81,1979
HUV.TO,20230208,5.37,5.61,5.3,5.54,311609
HUZ.TO,20230208,10.43,10.43,10.39,10.42,3659
HWO.TO,20230208,1.55,1.57,1.55,1.56,600
HWX.TO,20230208,6.47,6.53,6.39,6.41,569458
HXCN.TO,20230208,32.14,32.14,32.03,32.03,1324
HXD.TO,20230208,6.52,6.58,6.49,6.54,74175
HXDM.TO,20230208,39.59,39.59,39.44,39.54,23480
HXE.TO,20230208,30.65,30.74,30.34,30.57,1951
HXEM.TO,20230208,32.37,32.4,32.36,32.4,1615
HXF.TO,20230208,62.97,62.97,62.9,62.97,700
HXH.TO,20230208,45.5,45.5,45.38,45.38,1102
HXQ.TO,20230208,48.27,48.32,47.67,47.74,22547
HXS.TO,20230208,55.81,55.93,55.5,55.54,10406
HXS.U.TO,20230208,41.33,41.33,41.33,41.33,500
HXT.TO,20230208,51.03,51.15,50.8,50.95,252033
HXT.U.TO,20230208,37.96,37.96,37.96,37.96,100
HXU.TO,20230208,19.88,19.97,19.76,19.84,28833
HXX.TO,20230208,40.76,40.76,40.62,40.65,2765
HYBR.TO,20230208,8.15,8.15,8.15,8.15,498
HYLD.TO,20230208,12.21,12.21,12.15,12.19,114816
HYLD.U.TO,20230208,12.35,12.35,12.33,12.34,4972
HZD.TO,20230208,17.21,17.4,17.13,17.33,16013
HZU.TO,20230208,20.37,20.41,20.07,20.21,21275
IAF.PR.B.TO,20230208,20.23,20.45,20.23,20.45,5000
IAG.TO,20230208,81.23,82.91,81.23,82.81,276651
IAU.TO,20230208,3.55,3.68,3.48,3.5,633527
IBG.DB.E.TO,20230208,100,100,100,100,1000
ICE.TO,20230208,3.56,3.56,3.55,3.55,1100
IDIV.B.TO,20230208,11.57,11.59,11.57,11.59,6500
IE.TO,20230208,17.67,18.11,17.29,17.97,6558
IFC.TO,20230208,197,197.01,189.01,191.48,776933
IFC.PR.A.TO,20230208,18.4,18.55,18.4,18.55,800
IFC.PR.C.TO,20230208,18.69,18.69,18.6,18.6,960
IFC.PR.E.TO,20230208,22.3,22.3,22.3,22.3,200
IFC.PR.F.TO,20230208,22.5,22.5,22.5,22.5,400
IFC.PR.G.TO,20230208,21.48,21.5,21,21.49,4550
IFC.PR.I.TO,20230208,23.03,23.03,23.03,23.03,100
IFC.PR.K.TO,20230208,22.35,22.35,22.35,22.35,1100
IFP.TO,20230208,27.4,27.91,27.08,27.22,172061
IFRF.TO,20230208,8.91,8.91,8.91,8.91,500
IGB.TO,20230208,17.95,17.99,17.94,17.99,1300
IGCF.TO,20230208,16.75,16.75,16.75,16.75,100
IGM.TO,20230208,41.57,42.17,41.37,41.7,149315
III.TO,20230208,2.06,2.06,1.97,2.02,3510
IIP.UN.TO,20230208,14.47,14.58,14.46,14.56,297865
IMG.TO,20230208,3.61,3.64,3.55,3.61,439250
IMO.TO,20230208,68.55,70.23,68.55,69.57,891162
IMP.TO,20230208,0.85,0.99,0.85,0.99,133992
INC.UN.TO,20230208,12.19,12.2,12.19,12.2,650
INE.TO,20230208,15.7,16.05,15.58,15.62,630004
INE.DB.B.TO,20230208,101,102,101,102,20000
INE.DB.C.TO,20230208,96.73,96.75,96.25,96.25,148000
INE.PR.A.TO,20230208,14.75,14.75,14.74,14.74,200
INE.PR.C.TO,20230208,21.9,21.98,21.9,21.98,2928
INO.UN.TO,20230208,4.7,4.7,4.55,4.56,46234
INOC.TO,20230208,12.92,12.92,12.92,12.92,1400
IPCO.TO,20230208,12.35,12.35,12.01,12.11,378779
IPO.TO,20230208,2.83,2.88,2.79,2.83,227740
IQD.TO,20230208,30.14,30.14,30.14,30.14,737
ISV.TO,20230208,21.97,21.97,21.18,21.32,3961
ITE.TO,20230208,0.33,0.335,0.325,0.33,367784
ITH.TO,20230208,0.85,0.9,0.84,0.89,21119
IUTE.TO,20230208,19.11,19.11,19.11,19.11,471
IVN.TO,20230208,11.96,12.08,11.83,11.88,818572
IVQ.TO,20230208,1.23,1.23,1.23,1.23,1400
IVQ.DB.U.TO,20230208,71,71,68.58,68.58,57000
IVQ.DB.V.TO,20230208,85,85.1,84,84,125000
IVQ.U.TO,20230208,0.95,0.95,0.95,0.95,627
IXTE.TO,20230208,19.21,19.23,19.21,19.23,542
JAG.TO,20230208,2.79,2.79,2.75,2.75,10305
JFS.UN.TO,20230208,24.18,24.25,24.17,24.24,700
JOY.TO,20230208,5.18,5.26,5.02,5.03,188526
JWEL.TO,20230208,37.02,37.15,36.64,36.72,39544
K.TO,20230208,5.9,5.93,5.81,5.82,2576729
KBL.TO,20230208,29.27,29.97,29.13,29.82,37500
KEC.TO,20230208,13.99,14.01,13.99,13.99,1138
KEG.UN.TO,20230208,16,16.2,15.86,16.2,10499
KEI.TO,20230208,5.21,5.75,5.2,5.57,203546
KEL.TO,20230208,4.64,4.69,4.55,4.6,303034
KEY.TO,20230208,29.8,30.17,29.64,30.04,917837
KILO.TO,20230208,28.18,28.22,28.18,28.22,1488
KILO.B.TO,20230208,30.07,30.12,30.07,30.12,4100
KITS.TO,20230208,3.54,3.87,3.5,3.6,163064
KLS.TO,20230208,0.38,0.395,0.38,0.395,9600
KMP.UN.TO,20230208,18.21,18.27,18.05,18.11,239476
KNT.TO,20230208,7.22,7.37,7.12,7.3,546691
KPT.TO,20230208,10.1,10.24,10.09,10.24,5400
KRR.TO,20230208,4.66,4.66,4.38,4.39,438689
KSI.TO,20230208,2.8,2.8,2.71,2.75,18107
KXS.TO,20230208,163.28,167,163.08,164.24,19991
L.TO,20230208,114.04,117.02,114.01,116.69,397644
L.PR.B.TO,20230208,23.05,23.05,23,23.04,826
LABS.TO,20230208,0.08,0.085,0.08,0.08,96303
LAC.TO,20230208,34.57,35.77,34.28,34.37,1108270
LAM.TO,20230208,0.455,0.46,0.44,0.445,84100
LAS.A.TO,20230208,118.67,119.48,118,118,1522
LB.TO,20230208,35.3,35.91,35.24,35.48,173159
LB.PR.H.TO,20230208,16.77,16.93,16.75,16.79,3643
LBS.TO,20230208,8.99,9,8.93,8.94,47628
LBS.PR.A.TO,20230208,9.96,9.98,9.94,9.95,79660
LCFS.TO,20230208,11.28,11.28,11.17,11.17,461
LCS.TO,20230208,5.42,5.44,5.38,5.43,38320
LCS.PR.A.TO,20230208,9.98,10.01,9.98,9.98,13200
LEAD.TO,20230208,15.57,15.58,15.57,15.58,200
LEV.TO,20230208,3.25,3.27,3.11,3.11,454491
LEV.WT.TO,20230208,0.41,0.41,0.4,0.4,2712
LEV.WT.A.TO,20230208,1.23,1.23,1.13,1.15,5500
LFE.TO,20230208,3.45,3.49,3.45,3.49,33822
LFE.PR.B.TO,20230208,10.19,10.2,10.19,10.19,2361
LGD.TO,20230208,0.61,0.64,0.57,0.58,247612
LGO.TO,20230208,8.31,8.35,8.1,8.25,39488
LIF.TO,20230208,37.05,37.69,36.84,37.41,113318
LIFE.TO,20230208,21.6,21.65,21.6,21.64,8733
LIFE.B.TO,20230208,24.39,24.39,24.39,24.39,1400
LN.TO,20230208,0.345,0.345,0.33,0.335,215000
LNF.TO,20230208,18.99,18.99,17.96,18.75,5820
LNR.TO,20230208,73.97,74.65,73.45,73.82,166807
LPEN.TO,20230208,1.05,1.05,1.01,1.01,26260
LSPD.TO,20230208,23.7,24.99,23.7,24.12,1281497
LSPK.TO,20230208,0.87,0.87,0.87,0.87,1000
LUC.TO,20230208,0.64,0.64,0.63,0.63,4517
LUG.TO,20230208,14.67,14.81,14.5,14.61,147143
LUN.TO,20230208,9.71,9.74,9.54,9.54,1368457
MAG.TO,20230208,18.03,18.12,17.86,17.89,209444
MAL.TO,20230208,9.04,9.05,9,9.05,2110
MARI.TO,20230208,3.42,3.5,3.42,3.49,2150
MAYB.F.TO,20230208,35.53,35.53,35.53,35.53,126
MBAL.TO,20230208,21.13,21.13,21.13,21.13,710
MBX.TO,20230208,0.35,0.35,0.33,0.35,63000
MCB.TO,20230208,1.21,1.25,1.21,1.25,13701
MCLC.TO,20230208,34.43,34.43,34.43,34.43,200
MCSB.TO,20230208,18.93,18.93,18.93,18.93,1500
MCSM.TO,20230208,37,37,36.83,36.92,719
MDA.TO,20230208,6.64,6.73,6.64,6.65,25889
MDI.TO,20230208,10.93,10.98,10.64,10.67,82454
MDNA.TO,20230208,1.04,1.04,0.97,1.04,20615
MDP.TO,20230208,1.84,1.85,1.82,1.82,14008
MDS.UN.TO,20230208,11.31,11.31,11.31,11.31,200
MEG.TO,20230208,22.36,22.74,22.2,22.53,1751721
MEQ.TO,20230208,149.99,149.99,145.05,145.53,6126
MEU.TO,20230208,21.48,21.52,21.46,21.5,6515
MFC.TO,20230208,25.88,26.21,25.84,26.09,2640762
MFC.PR.B.TO,20230208,20.79,20.83,20.68,20.68,3302
MFC.PR.C.TO,20230208,20.24,20.31,20.24,20.31,2417
MFC.PR.I.TO,20230208,23.52,23.75,23.52,23.75,1800
MFC.PR.J.TO,20230208,21.91,22.06,21.9,22.06,1200
MFC.PR.K.TO,20230208,19.3,19.3,19.3,19.3,700
MFC.PR.L.TO,20230208,17.54,17.79,17.54,17.54,2759
MFC.PR.M.TO,20230208,17.97,18.1,17.95,18.08,50626
MFC.PR.N.TO,20230208,17.74,17.74,17.55,17.55,33075
MFC.PR.Q.TO,20230208,20.59,20.66,20.52,20.66,2800
MFI.TO,20230208,25.83,26.32,25.78,26.17,251476
MFT.TO,20230208,17.53,17.56,17.52,17.53,22025
MG.TO,20230208,87.27,88.35,86.82,87.34,780829
MGA.TO,20230208,0.225,0.24,0.225,0.24,116358
MGB.TO,20230208,16.81,16.81,16.62,16.62,6302
MGRW.TO,20230208,22.78,22.78,22.78,22.78,150
MHC.U.TO,20230208,16.38,16.96,16.38,16.96,2176
MHC.UN.TO,20230208,22.4,22.51,22.4,22.51,2200
MHCD.TO,20230208,11.02,11.02,11.02,11.02,100
MI.UN.TO,20230208,16.77,16.81,16.53,16.64,113507
MIC.PR.A.TO,20230208,20.3,20.35,20.07,20.1,1515
MID.UN.TO,20230208,7,7,6.96,6.96,8800
MIN.TO,20230208,0.305,0.305,0.3,0.305,19502
MKB.TO,20230208,18.99,19.04,18.89,19.04,46264
MKC.TO,20230208,29.62,29.63,29.57,29.63,701
MKP.TO,20230208,16.1,16.1,15.95,15.95,7623
MKZ.UN.TO,20230208,0.64,0.64,0.64,0.64,500
MND.TO,20230208,2.72,2.72,2.64,2.67,1300
MNO.TO,20230208,0.37,0.37,0.35,0.36,144071
MNT.TO,20230208,25.8,26.49,25.8,26.09,5960
MNT.U.TO,20230208,19.4,19.55,19.4,19.55,600
MNY.TO,20230208,100.12,100.12,100.12,100.12,2589
MOGO.TO,20230208,1.16,1.23,1.15,1.15,114027
MPC.TO,20230208,6.55,6.87,6.55,6.78,2161
MPCT.UN.TO,20230208,4.73,4.73,4.6,4.62,17015
MPVD.TO,20230208,0.57,0.57,0.56,0.56,91008
MR.DB.B.TO,20230208,94,95,94,95,33000
MR.UN.TO,20230208,5.76,5.81,5.74,5.75,13838
MRC.TO,20230208,116.9,122.79,116.9,122.79,1959
MRD.TO,20230208,11.75,11.88,11.73,11.8,13229
MRE.TO,20230208,13.74,13.85,13.67,13.79,83915
MREL.TO,20230208,13.14,13.14,13.14,13.14,3019
MRG.UN.TO,20230208,18.34,18.34,18.15,18.21,27091
MRT.DB.A.TO,20230208,98,98,96.15,97.84,228000
MRT.UN.TO,20230208,5.38,5.38,5.31,5.31,6200
MRU.TO,20230208,68.94,69.96,68.56,69.87,388371
MSV.TO,20230208,0.18,0.18,0.18,0.18,500
MTL.TO,20230208,14.2,14.44,14.2,14.31,121627
MTY.TO,20230208,70.5,72.25,70,72.1,58444
MUB.TO,20230208,18.51,18.58,18.51,18.57,68625
MUMC.TO,20230208,38.58,38.58,38.44,38.44,300
MUMC.B.TO,20230208,41.86,41.86,41.63,41.72,4100
MUS.TO,20230208,32.9,33.14,32.9,33.06,8205
MUX.TO,20230208,8.6,8.6,8.27,8.32,10448
MWD.TO,20230208,26.9,26.9,26.82,26.84,13183
MX.TO,20230208,70,71.46,69.09,70.55,313020
MXG.TO,20230208,4.01,4.06,4.01,4.05,1601
MXU.TO,20230208,21.68,21.68,21.65,21.65,2100
NA.TO,20230208,100.64,101.74,100.42,101.21,606712
NA.PR.C.TO,20230208,25.9,25.9,25.8,25.85,6300
NA.PR.E.TO,20230208,21.19,21.25,21.19,21.25,6800
NA.PR.G.TO,20230208,22.5,22.5,22.45,22.46,1600
NA.PR.S.TO,20230208,18.81,18.81,18.79,18.79,790
NA.PR.W.TO,20230208,17.77,17.98,17.77,17.98,8900
NALT.TO,20230208,23.36,23.44,23.36,23.42,18219
NANO.TO,20230208,3.23,3.23,3.01,3.04,124446
NCF.TO,20230208,0.035,0.035,0.035,0.035,61150
NCP.TO,20230208,0.055,0.055,0.05,0.05,72213
NCU.TO,20230208,0.37,0.395,0.365,0.395,203976
NDM.TO,20230208,0.29,0.295,0.29,0.295,9362
NEO.TO,20230208,11.37,11.98,11.18,11.86,182935
NEXT.TO,20230208,2.73,2.75,2.55,2.57,103708
NFI.TO,20230208,11.11,11.19,10.82,10.86,146508
NFI.DB.TO,20230208,88.9,89,87,87,19000
NG.TO,20230208,8.35,8.39,8.19,8.21,112727
NGD.TO,20230208,1.45,1.46,1.39,1.39,690120
NGPE.TO,20230208,34.21,34.47,34.21,34.47,300
NGT.TO,20230208,65.73,65.89,64.87,65.07,106728
NHYB.TO,20230208,21.14,21.14,21.14,21.14,100
NINT.TO,20230208,23.17,23.17,23.17,23.17,150
NOA.TO,20230208,20.31,20.53,20.2,20.45,9805
NOA.DB.A.TO,20230208,109,109,106.91,106.91,6000
NOA.DB.B.TO,20230208,107.37,107.37,107.37,107.37,6000
NOVB.F.TO,20230208,34.55,34.55,34.55,34.55,400
NOVC.TO,20230208,0.82,0.82,0.75,0.79,197103
NPI.TO,20230208,33.78,34.17,33.77,34.09,905445
NPI.PR.B.TO,20230208,19,19.01,19,19.01,800
NPK.TO,20230208,6.65,6.72,6.6,6.68,57370
NPRF.TO,20230208,20.98,21.02,20.91,20.95,1200
NSCC.TO,20230208,21.57,21.57,21.57,21.57,200
NSSB.TO,20230208,9.62,9.62,9.62,9.62,200
NTR.TO,20230208,108.19,108.84,105.07,105.21,1227282
NUAG.TO,20230208,3.78,3.8,3.7,3.73,13833
NUBF.TO,20230208,21.52,21.52,21.51,21.51,1500
NUMI.TO,20230208,0.275,0.275,0.26,0.27,256919
NUSA.TO,20230208,31.28,31.28,31.28,31.28,200
NVA.TO,20230208,11.18,11.51,11.1,11.28,620647
NVEI.TO,20230208,48.74,48.85,46.82,46.84,242042
NVO.TO,20230208,0.32,0.325,0.31,0.31,15000
NWC.TO,20230208,35.5,35.76,34.93,35.29,85712
NWH.DB.G.TO,20230208,99.2,99.5,99.2,99.5,14000
NWH.DB.H.TO,20230208,99,99.4,98.5,99.25,467000
NWH.UN.TO,20230208,9.75,9.8,9.69,9.77,446197
NXE.TO,20230208,6.14,6.42,6.14,6.21,1838025
NXF.TO,20230208,6.28,6.34,6.25,6.29,29723
NXF.B.TO,20230208,7.96,7.96,7.94,7.95,11001
NXR.UN.TO,20230208,10.66,10.78,10.66,10.68,150670
NXTG.TO,20230208,8.6,8.6,8.6,8.6,100
OBE.TO,20230208,8.91,9.06,8.67,8.73,245547
OGC.TO,20230208,2.72,2.76,2.68,2.7,877141
OGD.TO,20230208,0.56,0.56,0.56,0.56,23000
OGI.TO,20230208,1.18,1.2,1.16,1.16,228525
OLA.TO,20230208,5.63,5.78,5.56,5.68,884712
ONC.TO,20230208,2.34,2.38,2.22,2.22,41437
ONEB.TO,20230208,47.69,47.69,47.62,47.62,6662
ONEX.TO,20230208,69.17,69.69,69.02,69.24,109441
OR.TO,20230208,17.4,17.49,17.22,17.27,278010
ORA.TO,20230208,10.52,10.95,10.52,10.95,18890
ORE.TO,20230208,1.32,1.34,1.25,1.32,493120
ORV.TO,20230208,0.18,0.19,0.18,0.19,46030
OSK.TO,20230208,3.06,3.1,3.01,3.02,607552
OTEX.TO,20230208,46.54,47.76,46.41,47.61,1195604
OVV.TO,20230208,63.39,64.08,62.47,63.06,218307
PAAS.TO,20230208,22.89,22.99,22.59,22.67,402383
PAY.TO,20230208,6.6,6.85,6.6,6.8,202689
PBD.TO,20230208,16.7,16.79,16.7,16.79,2200
PBH.TO,20230208,92.03,93.49,91.78,93.18,147302
PBH.DB.G.TO,20230208,99,99.75,98.99,99.75,66000
PBH.DB.H.TO,20230208,94,94.1,93.5,94.1,22000
PBH.DB.I.TO,20230208,94.99,95.13,94,95,265000
PBI.TO,20230208,29.83,29.83,29.83,29.83,113
PBL.TO,20230208,19.49,19.5,19.03,19.3,4702
PBY.UN.TO,20230208,14.4,14.42,14.3,14.35,5353
PCOR.TO,20230208,17.95,17.95,17.95,17.95,400
PD.TO,20230208,96.75,98.17,96.01,96.95,151681
PDC.TO,20230208,31.59,31.7,31.52,31.61,9644
PDF.TO,20230208,31.03,31.03,30.91,30.95,2845
PDV.TO,20230208,6.51,6.51,6.49,6.49,1100
PDV.PR.A.TO,20230208,10.07,10.07,10,10,1000
PEA.TO,20230208,0.87,0.87,0.82,0.84,331346
PET.TO,20230208,39.99,40.25,39.76,39.8,22955
PEY.TO,20230208,12.07,12.12,11.82,11.84,1668986
PFAE.TO,20230208,15.5,15.54,15.5,15.54,1800
PFH.F.TO,20230208,17.46,17.47,17.46,17.47,300
PFIA.TO,20230208,9.78,9.81,9.76,9.8,48300
PFL.TO,20230208,19.73,19.73,19.69,19.7,247772
PFLS.TO,20230208,15.13,15.13,15.13,15.13,100
PFMN.TO,20230208,13.16,13.16,13.16,13.16,1414
PFMS.TO,20230208,11.75,11.75,11.75,11.75,1200
PFSS.TO,20230208,9.13,9.13,9.13,9.13,120
PGI.UN.TO,20230208,7.9,7.96,7.89,7.95,14910
PHE.B.TO,20230208,31.81,31.81,31.81,31.81,3000
PHX.TO,20230208,7.71,7.82,7.64,7.77,48881
PHYS.TO,20230208,19.48,19.5,19.42,19.48,187241
PHYS.U.TO,20230208,14.5,14.6,14.5,14.6,700
PIC.A.TO,20230208,7.04,7.04,6.95,7.01,7440
PIC.PR.A.TO,20230208,13.35,13.36,13.31,13.31,1430
PID.TO,20230208,20,20.02,20,20.02,1000
PIF.TO,20230208,15.34,15.34,14.91,15.3,86166
PIN.TO,20230208,17.65,17.65,17.65,17.65,1400
PINC.TO,20230208,19.09,19.09,19.05,19.05,400
PIX.UN.TO,20230208,8.85,8.9,8.8,8.87,6500
PKI.TO,20230208,30.72,30.94,30.51,30.62,292507
PLC.TO,20230208,28.01,28.01,27.56,27.85,23554
PLC.DB.TO,20230208,101.5,101.5,101.5,101.5,2000
PLV.TO,20230208,22.5,22.56,22.5,22.56,1468
PLZ.UN.TO,20230208,4.87,4.88,4.85,4.87,32572
PMB.UN.TO,20230208,7.12,7.13,7.12,7.13,3506
PME.TO,20230208,2.63,2.67,2.63,2.67,2500
PMIF.TO,20230208,18.15,18.24,18.15,18.22,72283
PMIF.U.TO,20230208,19.23,19.23,19.16,19.16,12300
PMM.TO,20230208,19.65,19.65,19.65,19.65,2700
PMNT.TO,20230208,19.14,19.14,19.14,19.14,300
PMT.TO,20230208,0.66,0.67,0.65,0.65,15200
PMZ.UN.TO,20230208,15.04,15.07,14.81,14.84,96478
PNC.A.TO,20230208,1.55,1.55,1.55,1.55,100
PNC.B.TO,20230208,1.55,1.55,1.55,1.55,100
PNE.TO,20230208,1.34,1.35,1.25,1.25,952041
PNP.TO,20230208,4.12,4.19,4.12,4.19,500
POU.TO,20230208,30.68,31.18,30.4,30.8,290389
POW.TO,20230208,35.9,36,35.44,35.49,1205958
POW.PR.A.TO,20230208,23.69,23.69,23.69,23.69,200
POW.PR.B.TO,20230208,22.59,22.6,22.44,22.58,2000
POW.PR.C.TO,20230208,24.59,24.59,24.3,24.3,1300
POW.PR.D.TO,20230208,21.88,22.35,21.59,21.59,2310
POW.PR.G.TO,20230208,23.34,23.5,23.31,23.31,11160
PPL.TO,20230208,46.95,47,46.17,46.38,1318665
PPL.PF.A.TO,20230208,24.2,24.2,24,24,7300
PPL.PF.E.TO,20230208,24.78,24.8,24.62,24.8,11196
PPL.PR.A.TO,20230208,18.36,18.55,18.36,18.42,469
PPL.PR.C.TO,20230208,17.85,17.85,17.85,17.85,288
PPL.PR.E.TO,20230208,18.77,18.8,18.67,18.72,1710
PPL.PR.G.TO,20230208,18.24,18.24,18.24,18.24,300
PPL.PR.I.TO,20230208,21.69,21.69,21.69,21.69,1900
PPL.PR.O.TO,20230208,22.11,22.26,22.11,22.26,1625
PPL.PR.Q.TO,20230208,19,19.1,19,19.1,3190
PPL.PR.S.TO,20230208,22.86,23.1,22.86,23.1,2029
PPR.TO,20230208,0.14,0.14,0.135,0.1375,36033
PPTA.TO,20230208,4.78,4.85,4.72,4.79,3700
PRA.TO,20230208,28.22,28.3,28.22,28.24,1213
PRB.TO,20230208,1.52,1.52,1.49,1.5,25901
PRL.TO,20230208,7.5,7.5,7.31,7.4,14788
PRM.TO,20230208,14.6,14.6,14.6,14.6,300
PRMW.TO,20230208,21.09,21.56,21.09,21.22,147896
PRN.TO,20230208,17,17,16.23,16.56,34604
PRQ.TO,20230208,2.15,2.15,2.08,2.1,27900
PRU.TO,20230208,1.98,1.98,1.91,1.92,38153
PRV.UN.TO,20230208,6.35,6.36,6.29,6.29,43769
PSA.TO,20230208,50.09,50.09,50.08,50.08,93723
PSB.TO,20230208,16.89,16.89,16.89,16.89,1039
PSD.TO,20230208,1.8,1.8,1.75,1.75,4563
PSI.TO,20230208,15.54,15.54,15,15.14,142642
PSK.TO,20230208,22.66,23.55,22.66,23.18,572487
PSLV.TO,20230208,10.26,10.32,10.23,10.26,35257
PSLV.U.TO,20230208,7.65,7.65,7.65,7.65,112
PSU.U.TO,20230208,100.16,100.16,100.15,100.15,5034
PTI.UN.TO,20230208,7.4,7.42,7.38,7.42,29811
PTM.TO,20230208,2.12,2.17,2.1,2.13,22932
PTO.UN.TO,20230208,7.62,7.64,7.57,7.57,28080
PVS.PR.F.TO,20230208,24.65,24.65,24.65,24.65,1000
PVS.PR.H.TO,20230208,23.85,23.85,23.85,23.85,800
PVS.PR.I.TO,20230208,24.15,24.25,24.15,24.25,11350
PVS.PR.J.TO,20230208,23.01,23.01,23.01,23.01,1100
PVS.PR.K.TO,20230208,23,23,23,23,2800
PWF.PF.A.TO,20230208,19.5,19.87,19.5,19.87,4500
PWF.PR.A.TO,20230208,13.74,13.75,13.54,13.54,950
PWF.PR.F.TO,20230208,21.86,22.2,21.86,22.2,5186
PWF.PR.G.TO,20230208,24.35,24.35,24.15,24.15,8000
PWF.PR.H.TO,20230208,23.8,23.85,23.68,23.85,15400
PWF.PR.K.TO,20230208,21.1,21.1,21.1,21.1,400
PWF.PR.L.TO,20230208,21.94,21.94,21.8,21.8,3700
PWF.PR.O.TO,20230208,23.86,23.95,23.86,23.86,4150
PWF.PR.P.TO,20230208,13.49,13.65,13.49,13.65,15600
PWF.PR.R.TO,20230208,22.92,22.92,22.92,22.92,100
PWF.PR.S.TO,20230208,20.21,20.44,20.19,20.4,2163
PWF.PR.T.TO,20230208,18.91,19.09,18.91,19.09,1000
PWF.PR.Z.TO,20230208,21.51,21.51,21.51,21.51,500
PWI.TO,20230208,7.72,7.85,7.68,7.71,5673
PXC.TO,20230208,35.69,35.69,35.61,35.65,2827
PXS.TO,20230208,38.07,38.07,38.07,38.07,200
PXT.TO,20230208,24.1,24.13,23.68,23.78,269761
PXU.F.TO,20230208,52.23,52.23,52,52,902
PYF.TO,20230208,17.52,17.53,17.52,17.53,2000
PYR.TO,20230208,1.36,1.36,1.21,1.3,492122
PZA.TO,20230208,14.14,14.14,14.02,14.02,72114
PZW.TO,20230208,30.64,30.64,30.64,30.64,1368
PZW.F.TO,20230208,22.11,22.23,22.11,22.23,1500
QAH.TO,20230208,136.52,136.52,136.17,136.17,300
QBB.TO,20230208,91.53,91.8,91.53,91.8,4700
QBR.A.TO,20230208,31.2,31.2,31.2,31.2,1176
QBR.B.TO,20230208,31.49,31.71,31.34,31.66,274176
QBTC.TO,20230208,31.7,31.73,31.04,31.42,7483
QBTC.U.TO,20230208,23.58,23.58,23.19,23.33,688
QBTL.TO,20230208,18.58,18.59,18.56,18.59,9747
QCLN.TO,20230208,25.06,25.06,24.96,24.96,1315
QCN.TO,20230208,126.02,126.34,126.02,126.16,878
QEBH.TO,20230208,77.26,77.26,77.26,77.26,250
QEBL.TO,20230208,80.05,80.05,80.05,80.05,200
QEC.TO,20230208,0.24,0.25,0.24,0.25,74383
QETH.U.TO,20230208,26.75,26.75,26.29,26.29,1307
QETH.UN.TO,20230208,35.81,35.92,35.27,35.27,3900
QQC.TO,20230208,20.31,20.31,20.01,20.04,5867
QQC.F.TO,20230208,102.57,102.7,100.92,101.15,2987
QQCC.TO,20230208,9.88,9.98,9.88,9.97,2726
QQCE.F.TO,20230208,15.46,15.51,15.46,15.51,280
QRC.TO,20230208,0.72,0.72,0.72,0.72,1000
QSB.TO,20230208,95.46,95.46,95.46,95.46,200
QSP.UN.TO,20230208,90.46,90.46,90.46,90.46,112
QSR.TO,20230208,91.29,91.38,90.08,90.6,396628
QTRH.TO,20230208,1.93,1.96,1.9,1.94,24805
QUS.TO,20230208,41.35,41.35,41.35,41.35,100
QUU.TO,20230208,157.38,157.38,157.37,157.37,555
QXM.TO,20230208,25.8,25.8,25.8,25.8,100
RA.UN.TO,20230208,8.43,8.43,8.33,8.33,4847
RATE.TO,20230208,20.14,20.14,20.14,20.14,100
RAY.A.TO,20230208,5.51,6,5.51,5.84,164167
RAY.B.TO,20230208,5.84,5.84,5.8,5.8,2370
RBA.TO,20230208,83.63,84.66,82.76,84.27,212083
RBN.UN.TO,20230208,7.95,8,7.95,7.99,5200
RBNK.TO,20230208,25.19,25.35,25.15,25.2,7786
RBOT.TO,20230208,24.18,24.18,23.9,23.9,688
RBY.TO,20230208,2.29,2.36,2.29,2.31,107509
RCD.TO,20230208,25.01,25.01,24.89,24.89,650
RCG.TO,20230208,13.86,13.86,13.82,13.82,4100
RCG.PR.B.TO,20230208,13.8,13.9,13.75,13.8,5100
RCH.TO,20230208,41.43,41.46,40.89,41.09,72340
RCI.A.TO,20230208,66.65,66.65,66.25,66.25,557
RCI.B.TO,20230208,65.42,65.85,65.15,65.78,1122070
REAL.TO,20230208,5.92,5.96,5.79,5.94,116218
REI.UN.TO,20230208,22.42,22.55,22.31,22.47,531110
RIDH.TO,20230208,24.26,24.26,24.26,24.26,350
RIIN.TO,20230208,19.1,19.1,19.1,19.1,1200
RIRA.TO,20230208,18.25,18.25,18.24,18.24,400
RIT.TO,20230208,17.47,17.61,17.47,17.59,6262
RLB.TO,20230208,18,18,18,18,100
ROOT.TO,20230208,3.05,3.05,3.05,3.05,900
RPF.TO,20230208,19.7,19.7,19.62,19.65,7765
RPI.UN.TO,20230208,42.38,42.87,42.08,42.38,10743
RPSB.TO,20230208,19.48,19.48,19.47,19.47,5200
RQL.TO,20230208,19.81,19.81,19.81,19.81,8500
RQN.TO,20230208,19.72,19.76,19.72,19.76,20350
RQO.TO,20230208,17.76,17.79,17.76,17.79,1554
RQP.TO,20230208,17.55,17.56,17.55,17.56,3950
RQQ.TO,20230208,20.99,20.99,20.99,20.99,5500
RS.TO,20230208,15.19,15.36,15.19,15.22,8519
RS.PR.A.TO,20230208,9.73,9.9,9.73,9.9,3700
RSI.TO,20230208,5.71,5.74,5.66,5.73,130079
RSI.DB.E.TO,20230208,98,98.4,98,98.4,5000
RSI.DB.F.TO,20230208,99.25,99.25,99.25,99.25,10000
RUBH.TO,20230208,19.97,19.97,19.97,19.97,1100
RUBY.TO,20230208,22.55,22.55,22.44,22.44,200
RUD.TO,20230208,49.79,49.79,49.5,49.5,3138
RUD.U.TO,20230208,36.81,36.86,36.81,36.86,200
RUDH.TO,20230208,35.85,35.85,35.85,35.85,2389
RUP.TO,20230208,4.9,4.91,4.77,4.83,6905
RUS.TO,20230208,32.33,32.57,32.05,32.15,225658
RVX.TO,20230208,0.17,0.2,0.17,0.2,60490
RXD.TO,20230208,18.79,18.79,18.76,18.76,4847
RY.TO,20230208,138.23,139.64,138.04,139.55,3103924
RY.PR.H.TO,20230208,18.64,18.65,18.62,18.63,3670
RY.PR.J.TO,20230208,19.9,20.43,19.9,20.23,8718
RY.PR.M.TO,20230208,19,19.38,19,19.38,33910
RY.PR.N.TO,20230208,23.01,23.01,23.01,23.01,3100
RY.PR.O.TO,20230208,23.01,23.29,23.01,23.29,1100
RY.PR.S.TO,20230208,20.86,21,20.81,20.88,4111
S.TO,20230208,0.62,0.62,0.59,0.61,622285
SAM.TO,20230208,0.22,0.22,0.215,0.215,8000
SAP.TO,20230208,35.48,35.97,35.47,35.88,349080
SAU.TO,20230208,0.065,0.065,0.065,0.065,2006
SBC.TO,20230208,12.05,12.14,12.03,12.07,22678
SBC.PR.A.TO,20230208,9.9,9.91,9.89,9.89,14600
SBI.TO,20230208,0.56,0.56,0.55,0.55,1700
SDE.TO,20230208,13.34,13.46,13.15,13.22,241685
SEA.TO,20230208,17.26,17.26,16.82,16.82,30520
SEC.TO,20230208,340,340,340,340,221
SES.TO,20230208,8.02,8.11,7.88,8.08,919436
SFC.TO,20230208,5,5,4.9,4.95,9650
SFI.TO,20230208,0.335,0.335,0.335,0.335,5000
SFTC.TO,20230208,18.2,18.2,17.77,18.02,22762
SGLD.TO,20230208,0.215,0.25,0.215,0.245,104371
SGNL.TO,20230208,0.305,0.31,0.3,0.3,49587
SGR.UN.TO,20230208,15.52,15.61,15.41,15.5,76952
SGY.TO,20230208,9.55,9.67,9.47,9.6,688387
SHLE.TO,20230208,3.33,3.33,3.18,3.25,12410
SHOP.TO,20230208,68.49,69.34,66.92,66.98,3810455
SIA.TO,20230208,12.05,12.13,12.01,12.08,117797
SIH.UN.TO,20230208,9.27,9.3,9.25,9.3,22344
SII.TO,20230208,50.71,52,50.42,51.55,95552
SIL.TO,20230208,7.66,7.68,7.33,7.35,412125
SIS.TO,20230208,14.8,15.23,14.78,15.13,315587
SJ.TO,20230208,48.5,49.49,48.45,49.3,81351
SKE.TO,20230208,7.6,7.64,7.53,7.55,92705
SLF.TO,20230208,66.82,67.61,66.75,67.44,1362220
SLF.PR.C.TO,20230208,20.32,20.33,20.3,20.33,3850
SLF.PR.D.TO,20230208,20.3,20.3,20.25,20.3,4225
SLF.PR.E.TO,20230208,20.25,20.45,20.25,20.45,6850
SLF.PR.G.TO,20230208,13.21,13.21,13.2,13.2,6700
SLF.PR.J.TO,20230208,15.7,15.7,15.7,15.7,1000
SLS.TO,20230208,6.62,6.75,6.45,6.51,169291
SMT.TO,20230208,0.45,0.455,0.445,0.445,10785
SOLG.TO,20230208,0.265,0.265,0.26,0.265,157201
SOT.DB.TO,20230208,98,98.99,98,98.99,41000
SOT.DB.B.TO,20230208,92.01,92.01,92.01,92.01,5000
SOT.UN.TO,20230208,4.41,4.44,4.4,4.41,78651
SOY.TO,20230208,10.41,10.46,9.98,10.09,75954
SPB.TO,20230208,10.23,10.38,10.14,10.29,494268
SPPP.TO,20230208,17.64,17.64,17.64,17.64,1642
SRU.UN.TO,20230208,27.67,27.67,27.17,27.27,318710
SRV.UN.TO,20230208,16.36,17,16.36,17,6452
SSF.UN.TO,20230208,6.86,6.91,6.86,6.89,2500
SSL.TO,20230208,7.31,7.34,7.19,7.25,151500
SSRM.TO,20230208,21.79,21.85,21.46,21.52,191667
STC.TO,20230208,7.71,8.09,7.57,7.6,50651
STEP.TO,20230208,4.95,4.96,4.72,4.72,125135
STGO.TO,20230208,1.03,1.08,1.03,1.04,24168
STLC.TO,20230208,51.88,53.28,51.61,52.92,162105
STN.TO,20230208,70.39,70.74,70.2,70.73,90679
STPL.TO,20230208,23.46,23.47,23.46,23.46,3311
SU.TO,20230208,45,45.17,44.14,44.68,8373257
SVA.TO,20230208,1.11,1.11,1.06,1.09,53540
SVB.TO,20230208,0.195,0.205,0.195,0.2,41971
SVI.TO,20230208,6.44,6.5,6.38,6.44,276210
SVI.DB.TO,20230208,98.49,98.49,98.26,98.26,48000
SVI.DB.B.TO,20230208,97.8,97.8,97.8,97.8,20000
SVM.TO,20230208,4.44,4.44,4.27,4.27,150130
SVR.TO,20230208,11.08,11.08,11.05,11.07,2360
SWP.TO,20230208,2.71,2.71,2.7,2.7,702
SXI.TO,20230208,2.4,2.49,2.4,2.41,1100
SXP.TO,20230208,7.8,7.89,7.55,7.62,65854
SYLD.TO,20230208,18.48,18.48,18.48,18.48,1331
SYZ.TO,20230208,6.35,6.56,6.09,6.2,128853
T.TO,20230208,28.06,28.15,27.87,28.09,2051650
TA.TO,20230208,12.3,12.34,12.1,12.32,807190
TA.PR.D.TO,20230208,14.1,14.17,14.04,14.04,2210
TA.PR.F.TO,20230208,20.6,20.79,20.6,20.78,2600
TA.PR.H.TO,20230208,23.35,23.35,23.3,23.31,1900
TA.PR.J.TO,20230208,21.3,21.35,21.3,21.35,3922
TAIG.TO,20230208,2.72,2.82,2.6,2.7,26747
TAIG.WT.TO,20230208,0.25,0.25,0.25,0.25,550
TBL.TO,20230208,3.18,3.2,3.14,3.2,22402
TC.TO,20230208,44.44,45.5,44.01,45.23,19402
TCL.A.TO,20230208,15.18,15.29,14.82,14.93,102282
TCLB.TO,20230208,122.01,123,121.79,122.86,20100
TCLV.TO,20230208,19.45,19.45,19.45,19.45,603
TCS.TO,20230208,31.25,31.25,29.41,29.69,8072
TCW.TO,20230208,3.32,3.32,3.26,3.28,557416
TD.TO,20230208,92.55,93.18,92.36,92.88,2357266
TD.PF.A.TO,20230208,18.08,18.09,17.97,18.03,49759
TD.PF.B.TO,20230208,18.11,18.14,18.11,18.11,8730
TD.PF.C.TO,20230208,18.06,18.1,18.05,18.09,12233
TD.PF.D.TO,20230208,19.94,20.05,19.82,20.05,7500
TD.PF.E.TO,20230208,20.55,20.6,20.55,20.6,3102
TD.PF.I.TO,20230208,25.3,25.3,25.26,25.3,5700
TD.PF.J.TO,20230208,22.7,22.9,22.7,22.9,13200
TD.PF.M.TO,20230208,24.76,24.76,24.69,24.69,89573
TDB.TO,20230208,13.12,13.14,13.09,13.14,33000
TDOC.TO,20230208,17.11,17.28,17.11,17.23,2502
TEC.TO,20230208,24.19,24.19,23.79,23.87,41360
TEC.U.TO,20230208,17.93,17.93,17.93,17.93,800
TECH.TO,20230208,8.6,8.6,8.38,8.38,5687
TECH.U.TO,20230208,8.61,8.61,8.55,8.56,1900
TECI.TO,20230208,6.2,6.2,6.08,6.08,1684
TECK.A.TO,20230208,58.9,58.9,58.6,58.65,607
TECK.B.TO,20230208,57.7,58.42,56.61,56.8,1435470
TERM.TO,20230208,9.18,9.19,9.17,9.19,33975
TF.TO,20230208,7.83,7.83,7.74,7.76,66600
TF.DB.C.TO,20230208,98.5,98.5,98.5,98.5,5000
TF.DB.E.TO,20230208,91,91,90,90,10000
TFII.TO,20230208,166.58,168.35,162.9,167.45,399196
TFPM.TO,20230208,18.92,19.09,18.74,18.85,155193
TGED.TO,20230208,18.05,18.05,17.91,17.91,6362
TGED.U.TO,20230208,13.4,13.4,13.39,13.39,400
TGFI.TO,20230208,20.81,20.82,20.8,20.82,5299
TGGR.TO,20230208,20.07,20.09,20.07,20.07,902
TGO.TO,20230208,3.35,3.39,3.25,3.25,900
TGRE.TO,20230208,14.48,14.53,14.48,14.53,1100
TH.TO,20230208,1.23,1.25,1.23,1.24,11594
The.TO,20230208,21.68,21.68,21.54,21.54,1900
THNC.TO,20230208,2.22,2.44,2.22,2.36,89550
THU.TO,20230208,27.75,27.85,27.69,27.69,4700
TI.TO,20230208,0.52,0.52,0.5,0.5,25701
TIH.TO,20230208,105.65,106.83,105.54,105.73,82694
TINF.TO,20230208,18.06,18.06,17.91,17.91,2118
TIPS.F.TO,20230208,29.98,29.98,29.98,29.98,1100
TIXT.TO,20230208,30.34,30.34,29.91,30.19,160426
TKO.TO,20230208,2.28,2.29,2.22,2.22,149027
TLF.TO,20230208,17,17.06,17,17,1685
TLG.TO,20230208,0.72,0.72,0.71,0.71,138308
TLO.TO,20230208,0.405,0.415,0.4,0.415,239978
TLRY.TO,20230208,4.19,4.25,4.07,4.07,635756
TLV.TO,20230208,29.26,29.26,29.21,29.25,1544
TMD.TO,20230208,0.4,0.56,0.31,0.405,2607233
TMEC.TO,20230208,18.14,18.14,18.14,18.14,100
TMEI.TO,20230208,15.22,15.22,15.15,15.15,2700
TMEU.TO,20230208,17.43,17.43,17.43,17.43,100
TML.TO,20230208,0.315,0.34,0.315,0.33,23584
TMQ.TO,20230208,0.82,0.83,0.82,0.83,13882
TNT.UN.TO,20230208,6.13,6.14,6.07,6.09,88757
TNZ.TO,20230208,2.54,2.54,2.3,2.44,68607
TOT.TO,20230208,8.75,8.94,8.75,8.92,25917
TOU.TO,20230208,61.3,62.01,60.43,61.13,1364369
TOWR.TO,20230208,28.3,28.3,28.3,28.3,337
TOY.TO,20230208,36.84,38.03,36.68,37.89,97826
TPE.TO,20230208,19.51,19.51,19.4,19.43,1630
TPRF.TO,20230208,9.87,9.88,9.86,9.86,10200
TPU.TO,20230208,31.2,31.2,30.97,31.02,23317
TPZ.TO,20230208,19.98,20.15,19.86,19.86,158739
TQCD.TO,20230208,15.93,16.01,15.92,15.97,28100
TQGD.TO,20230208,16.22,16.22,16.14,16.14,300
TQGM.TO,20230208,15.01,15.14,15.01,15.14,300
TQSM.TO,20230208,19.22,19.22,19.12,19.17,18500
TRI.TO,20230208,157.73,158.43,156.87,157.72,459243
TRI.PR.B.TO,20230208,13.61,13.61,13.61,13.61,200
TRP.TO,20230208,56,56.07,55.38,55.52,2512392
TRP.PR.A.TO,20230208,14.73,14.73,14.6,14.6,6625
TRP.PR.C.TO,20230208,12.21,12.21,12.21,12.21,1050
TRP.PR.D.TO,20230208,16.5,16.63,16.48,16.55,3134
TRP.PR.E.TO,20230208,16.1,16.1,16.01,16.01,5490
TRP.PR.G.TO,20230208,17.69,17.86,17.64,17.86,4869
TRVL.TO,20230208,21.13,21.18,20.92,20.99,19508
TRZ.TO,20230208,3.36,3.4,3.34,3.37,43536
TSAT.TO,20230208,11.85,12.12,11.77,12.12,1465
TSK.TO,20230208,0.11,0.11,0.095,0.1,872353
TSL.TO,20230208,3.55,3.55,3.44,3.48,20601
TSU.TO,20230208,43.5,44.74,43.18,43.57,48632
TTNM.TO,20230208,2.39,2.39,2.33,2.37,57651
TTP.TO,20230208,23.59,23.61,23.48,23.54,11968
TUED.TO,20230208,18.61,18.62,18.54,18.54,2700
TUED.U.TO,20230208,13.79,13.79,13.79,13.79,100
TUHY.TO,20230208,20.94,20.94,20.94,20.94,100
TULB.TO,20230208,123.84,124.88,123.84,124.88,2700
TUSB.TO,20230208,13.66,13.69,13.6,13.6,700
TVA.B.TO,20230208,1.95,2,1.95,2,11698
TVE.TO,20230208,4.77,4.82,4.72,4.73,1876140
TVK.TO,20230208,27.36,27.5,26.5,27.5,13609
TWC.TO,20230208,17.88,17.88,17.78,17.78,1600
TWM.TO,20230208,1.07,1.1,1.06,1.1,452224
TWM.DB.TO,20230208,97.23,97.24,96.5,96.5,61000
TXF.TO,20230208,15.11,15.11,14.83,14.85,29037
TXF.B.TO,20230208,17.95,17.95,17.95,17.95,100
TXG.TO,20230208,17.79,18.07,17.49,18.02,242310
TXP.TO,20230208,1.18,1.18,1.14,1.15,104435
TXT.PR.A.TO,20230208,11.52,11.52,11.52,11.52,150
TXT.UN.TO,20230208,2.41,2.41,2.41,2.41,269
U.U.TO,20230208,12.75,12.81,12.69,12.69,2100
U.UN.TO,20230208,17.16,17.2,17.03,17.04,269937
UDIV.TO,20230208,12.65,12.66,12.58,12.58,4100
UDIV.B.TO,20230208,12.95,12.95,12.93,12.93,1600
ULV.C.TO,20230208,30.83,30.83,30.83,30.83,600
ULV.F.TO,20230208,46.18,46.18,46.1,46.1,300
UMI.TO,20230208,30.27,30.27,30.22,30.22,1000
UNC.TO,20230208,103,103,102.5,102.5,1194
UNI.TO,20230208,2.05,2.09,2.05,2.09,300
URB.TO,20230208,4.15,4.18,4.15,4.18,1200
URB.A.TO,20230208,3.91,3.98,3.91,3.98,6200
URE.TO,20230208,1.65,1.69,1.61,1.61,61865
USA.TO,20230208,0.73,0.73,0.72,0.73,19500
USCC.TO,20230208,17.15,17.15,17.05,17.05,228
VA.TO,20230208,34.71,34.71,34.71,34.71,1075
VAB.TO,20230208,22.72,22.79,22.68,22.79,71641
VALT.TO,20230208,23.62,23.65,23.61,23.65,300
VALT.B.TO,20230208,25.11,25.11,25.11,25.11,400
VBAL.TO,20230208,28.23,28.25,28.12,28.21,48572
VBNK.TO,20230208,10.5,10.59,10.47,10.47,2200
VBNK.PR.A.TO,20230208,9.93,9.93,9.93,9.93,300
VCB.TO,20230208,23.15,23.18,23.11,23.11,42003
VCE.TO,20230208,45.3,45.41,45.09,45.2,14302
VCIP.TO,20230208,24.75,24.75,24.73,24.74,2452
VCM.TO,20230208,20.2,20.85,20.2,20.85,2242
VCN.TO,20230208,41.98,42.09,41.77,41.88,95870
VCNS.TO,20230208,26.23,26.33,26.23,26.31,20908
VDU.TO,20230208,38.33,38.33,38.22,38.26,3540
VDY.TO,20230208,44.01,44.13,43.8,43.9,156484
VEE.TO,20230208,33.27,33.38,33.18,33.33,19847
VEF.TO,20230208,48.2,48.23,48.02,48.04,1497
VEQT.TO,20230208,34.4,34.47,34.24,34.33,62378
VET.TO,20230208,19.71,19.93,19.28,19.58,1163779
VFV.TO,20230208,98.7,98.95,98.1,98.29,167968
VGCX.TO,20230208,10.06,10.09,9.89,9.99,343940
VGG.TO,20230208,71.72,71.86,71.42,71.45,10443
VGH.TO,20230208,52.12,52.12,51.69,51.76,5896
VGRO.TO,20230208,30.15,30.2,30.03,30.1,62064
VGV.TO,20230208,22.36,22.36,22.32,22.32,329
VHI.TO,20230208,2.8,2.81,2.8,2.8,24800
VI.TO,20230208,33.45,33.46,33.4,33.46,13469
VIDY.TO,20230208,27,27.04,26.94,26.94,1285
VIU.TO,20230208,30.37,30.43,30.3,30.34,27701
VLB.TO,20230208,21.57,21.77,21.57,21.77,14979
VLE.TO,20230208,2.46,2.62,2.39,2.57,900309
VLN.TO,20230208,6.7,6.7,6.39,6.51,9022
VMO.TO,20230208,44.52,44.52,44.5,44.5,1159
VNP.TO,20230208,2.96,3.1,2.93,3.02,54501
VPH.TO,20230208,0.6,0.6,0.6,0.6,6000
VQS.TO,20230208,0.59,0.76,0.57,0.75,819979
VRE.TO,20230208,31.65,31.8,31.49,31.58,2705
VRIF.TO,20230208,23.71,23.71,23.65,23.71,9218
VSB.TO,20230208,22.48,22.49,22.44,22.49,65671
VSC.TO,20230208,22.93,22.93,22.9,22.91,10050
VSP.TO,20230208,68.32,68.5,67.87,67.98,27132
VUN.TO,20230208,75.9,76.05,75.4,75.51,37183
VUS.TO,20230208,75.13,75.3,74.59,74.7,8015
VVL.TO,20230208,43.2,43.25,43.15,43.21,11238
VVO.TO,20230208,32.35,32.35,32.35,32.35,108
VXC.TO,20230208,47.69,47.69,47.4,47.44,8094
VXM.TO,20230208,26.22,26.22,26.22,26.22,600
VXM.B.TO,20230208,25.34,25.35,25.34,25.35,1100
WCM.A.TO,20230208,4.4,4.4,4.4,4.4,700
WCN.TO,20230208,178.19,179.52,178,179.35,207085
WCP.TO,20230208,10.92,11.04,10.75,10.84,2009375
WDO.TO,20230208,6.22,6.48,6.13,6.45,1597521
WEED.TO,20230208,3.72,3.82,3.66,3.67,1579190
WEF.TO,20230208,1.36,1.37,1.33,1.33,345167
WELL.TO,20230208,3.77,3.93,3.73,3.91,986770
WELL.DB.TO,20230208,89.99,89.99,89.99,89.99,2000
WFC.TO,20230208,18.79,19.95,18.07,19.5,8090
WFG.TO,20230208,116.62,117.55,115.14,115.68,153017
WFS.PR.A.TO,20230208,8.85,8.85,8.85,8.85,2200
WILD.TO,20230208,2.77,2.78,2.65,2.7,96529
WJX.TO,20230208,22.95,23.09,22.7,22.76,14455
WJX.DB.TO,20230208,100,100,99.55,100,19000
WLLW.TO,20230208,0.11,0.115,0.11,0.115,48500
WM.TO,20230208,0.17,0.175,0.17,0.17,47333
WN.TO,20230208,162.56,166.61,162.56,166.44,187791
WN.PR.A.TO,20230208,24.23,24.23,24.1,24.12,6208
WN.PR.C.TO,20230208,21.65,21.65,21.63,21.65,3400
WN.PR.D.TO,20230208,21.61,21.62,21.61,21.62,2200
WN.PR.E.TO,20230208,20.1,20.18,20.1,20.18,2000
WNDR.TO,20230208,0.21,0.21,0.19,0.2,307835
WPK.TO,20230208,41.89,42.03,40.87,40.89,41504
WPM.TO,20230208,59.36,59.36,58.58,58.73,667612
WPRT.TO,20230208,1.54,1.58,1.46,1.46,82826
WRG.TO,20230208,3.31,3.31,3.27,3.27,1308
WRN.TO,20230208,2.28,2.28,2.21,2.24,54270
WRX.TO,20230208,0.245,0.245,0.24,0.24,17119
WSP.TO,20230208,171.42,172.14,170.53,171.88,120703
WSRD.TO,20230208,26.69,26.69,26.58,26.61,4702
WSRI.TO,20230208,34.83,34.85,34.83,34.85,669
WTE.TO,20230208,24.98,25.18,24.92,25.18,60233
WXM.TO,20230208,24.95,25.03,24.95,25.03,4184
X.TO,20230208,131,132.24,130.4,132.22,147509
XAGG.U.TO,20230208,27.09,27.09,27.09,27.09,500
XAGH.TO,20230208,34.1,34.17,34.1,34.17,600
XAM.TO,20230208,0.025,0.03,0.025,0.03,4999
XAU.TO,20230208,1.85,1.9,1.84,1.86,23501
XAW.TO,20230208,33.2,33.23,33.03,33.07,23163
XBAL.TO,20230208,25.55,25.55,25.46,25.5,24152
XBB.TO,20230208,27.81,27.89,27.78,27.89,126925
XBM.TO,20230208,20.92,20.92,20.64,20.64,7983
XCB.TO,20230208,19.35,19.38,19.3,19.38,55688
XCBU.TO,20230208,34.76,34.76,34.76,34.76,500
XCBU.U.TO,20230208,25.88,25.88,25.88,25.88,500
XCD.TO,20230208,45.6,45.77,45.6,45.69,509
XCG.TO,20230208,42.98,43.11,42.98,43.07,2284
XCH.TO,20230208,19.65,19.65,19.44,19.5,16972
XCNS.TO,20230208,20.83,20.84,20.81,20.84,2966
XCS.TO,20230208,19.16,19.16,18.97,19.02,144500
XCV.TO,20230208,33.98,33.98,33.98,33.98,413
XDG.TO,20230208,23.1,23.1,23.07,23.08,3393
XDGH.TO,20230208,23.63,23.63,23.63,23.63,150
XDIV.TO,20230208,25.3,25.36,25.24,25.33,36335
XDNA.TO,20230208,37.08,37.08,37.08,37.08,600
XDSR.TO,20230208,49.36,49.36,49.36,49.36,142
XDU.TO,20230208,26.44,26.52,26.43,26.44,4852
XDUH.TO,20230208,24.83,24.83,24.75,24.75,3167
XDV.TO,20230208,28.82,28.96,28.82,28.88,26895
XEB.TO,20230208,15.57,15.57,15.57,15.57,1828
XEC.TO,20230208,25.73,25.73,25.59,25.67,14911
XEF.TO,20230208,33.27,33.27,33.13,33.17,35504
XEF.U.TO,20230208,24.75,24.75,24.75,24.75,600
XEG.TO,20230208,15.89,16.01,15.73,15.88,2349466
XEH.TO,20230208,29.45,29.59,29.45,29.46,6579
XEI.TO,20230208,25.96,25.96,25.78,25.84,59564
XEM.TO,20230208,30.15,30.15,29.97,30.05,3788
XEN.TO,20230208,31.55,31.55,31.54,31.54,309
XEQT.TO,20230208,25.9,25.93,25.77,25.81,113978
XESG.TO,20230208,25.27,25.35,25.2,25.27,13394
XEU.TO,20230208,26.56,26.63,26.56,26.56,3212
XFH.TO,20230208,27.23,27.36,27.21,27.26,13444
XFN.TO,20230208,48.28,48.52,48.22,48.36,124959
XFR.TO,20230208,20.13,20.13,20.1,20.12,75610
XGB.TO,20230208,19.2,19.28,19.2,19.28,8360
XGD.TO,20230208,18.21,18.26,18.03,18.11,301700
XGI.TO,20230208,41.53,41.53,41.39,41.41,400
XGRO.TO,20230208,24.43,24.43,24.33,24.35,30369
XHAK.TO,20230208,36.35,36.35,36.35,36.35,200
XHB.TO,20230208,18.83,18.83,18.78,18.79,4597
XHC.TO,20230208,66.06,66.34,65.96,66.07,4979
XHD.TO,20230208,31.27,31.37,31.27,31.32,2937
XHU.TO,20230208,28.66,28.67,28.57,28.59,3493
XHY.TO,20230208,16.27,16.27,16.2,16.26,21919
XIC.TO,20230208,33,33.11,32.85,32.96,204128
XID.TO,20230208,42.92,42.92,42.85,42.85,1115
XIG.TO,20230208,20.43,20.52,20.4,20.49,11690
XIGS.TO,20230208,36.69,36.71,36.69,36.71,4979
XIN.TO,20230208,30.82,30.89,30.73,30.76,14477
XINC.TO,20230208,19.17,19.17,19.1,19.12,3860
XIT.TO,20230208,39.83,39.95,39.58,39.69,17205
XIU.TO,20230208,31.66,31.77,31.53,31.61,1667348
XLB.TO,20230208,19.79,19.87,19.7,19.87,47536
XLVE.TO,20230208,9.99,9.99,9.98,9.98,10750
XLY.TO,20230208,0.03,0.035,0.03,0.035,907183
XMA.TO,20230208,19.51,19.52,19.26,19.26,10394
XMC.TO,20230208,27.52,27.58,27.36,27.38,11124
XMD.TO,20230208,31.3,31.34,31.2,31.27,2263
XMF.PR.B.TO,20230208,4.99,4.99,4.99,4.99,800
XMH.TO,20230208,24.49,24.49,24.29,24.34,6251
XMI.TO,20230208,33.97,33.97,33.97,33.97,400
XML.TO,20230208,23.42,23.42,23.42,23.42,100
XMM.TO,20230208,26.2,26.21,26.2,26.21,800
XMU.TO,20230208,65.95,65.95,65.7,65.78,1500
XMU.U.TO,20230208,49.12,49.12,49.12,49.12,100
XMV.TO,20230208,37.81,37.81,37.81,37.81,113
XMW.TO,20230208,45.48,45.48,45.47,45.47,511
XPF.TO,20230208,15.1,15.1,15.07,15.07,819
XQB.TO,20230208,18.64,18.66,18.6,18.66,10865
XQLT.TO,20230208,27.17,27.18,27.12,27.15,10678
XQQ.TO,20230208,97.37,97.58,95.85,96.1,74445
XRB.TO,20230208,23.31,23.33,23.07,23.33,3831
XRE.TO,20230208,17.96,18.05,17.93,17.99,301497
XSAB.TO,20230208,17.83,17.9,17.83,17.9,4379
XSB.TO,20230208,25.88,25.88,25.84,25.86,159384
XSC.TO,20230208,17.68,17.68,17.68,17.68,1400
XSE.TO,20230208,17.86,17.86,17.86,17.86,140
XSEA.TO,20230208,22.69,22.7,22.69,22.7,1711
XSEM.TO,20230208,18.88,18.88,18.79,18.85,2100
XSH.TO,20230208,18.13,18.13,18.09,18.13,75226
XSHG.TO,20230208,37.29,37.3,37.29,37.3,200
XSHU.TO,20230208,39.63,39.63,39.63,39.63,300
XSHU.U.TO,20230208,29.4,29.4,29.4,29.4,600
XSI.TO,20230208,16.75,16.75,16.75,16.75,1400
XSMC.TO,20230208,28.24,28.24,28.22,28.22,285
XSMH.TO,20230208,26.7,26.7,26.7,26.7,100
XSP.TO,20230208,43.88,44.01,43.56,43.63,235943
XST.TO,20230208,82.6,84.03,82.6,84.02,4229
XSTB.TO,20230208,18.92,18.92,18.92,18.92,2552
XSTH.TO,20230208,36.69,36.7,36.69,36.7,1703
XSTP.TO,20230208,39.61,39.71,39.61,39.71,3384
XSTP.U.TO,20230208,29.43,29.43,29.43,29.43,300
XSU.TO,20230208,38.48,38.65,38.08,38.15,15118
XSUS.TO,20230208,29.64,29.68,29.61,29.62,6475
XTC.TO,20230208,7.58,7.67,7.53,7.67,13841
XTD.TO,20230208,5.02,5.09,5.02,5.05,24637
XTG.TO,20230208,0.97,0.98,0.97,0.98,14000
XTR.TO,20230208,10.57,10.6,10.57,10.58,12236
XTRA.TO,20230208,0.55,0.55,0.55,0.55,10176
XUH.TO,20230208,35.12,35.24,35.09,35.09,1489
XUS.TO,20230208,68.86,69.08,68.48,68.59,178308
XUS.U.TO,20230208,52.15,52.15,51.69,51.71,3300
XUSR.TO,20230208,57.6,57.69,57.43,57.43,1075
XUT.TO,20230208,27.29,27.32,27.01,27.19,228229
XUU.TO,20230208,41.75,41.79,41.45,41.5,13200
XUU.U.TO,20230208,31.18,31.18,31.07,31.07,313
XVLU.TO,20230208,24.66,24.66,24.57,24.57,300
XWD.TO,20230208,68.77,68.8,68.34,68.39,9229
Y.TO,20230208,14.24,14.24,14.24,14.24,300
YCM.TO,20230208,2.01,2.01,2.01,2.01,200
YCM.PR.A.TO,20230208,4.98,4.99,4.95,4.99,14855
YGR.TO,20230208,2.37,2.4,2.3,2.35,116982
YRB.TO,20230208,0.065,0.065,0.065,0.065,264845
ZAG.TO,20230208,13.71,13.75,13.68,13.75,131695
ZBAL.TO,20230208,34.1,34.1,34,34.05,2818
ZBAL.T.TO,20230208,27.35,27.35,27.35,27.35,5256
ZBK.TO,20230208,32.21,32.63,32.18,32.47,9636
ZCB.TO,20230208,45.55,45.63,45.55,45.58,1700
ZCH.TO,20230208,16.6,16.72,16.6,16.71,7641
ZCLN.TO,20230208,21.2,21.2,21,21,1597
ZCM.TO,20230208,14.85,14.91,14.85,14.91,545674
ZCN.TO,20230208,27.82,27.88,27.67,27.75,55464
ZCPB.TO,20230208,27.31,27.31,27.31,27.31,4686
ZCS.TO,20230208,13.23,13.23,13.19,13.21,46156
ZCS.L.TO,20230208,21.85,21.85,21.85,21.85,160
ZDB.TO,20230208,14.64,14.66,14.59,14.66,16919
ZDH.TO,20230208,23.45,23.49,23.42,23.45,11338
ZDI.TO,20230208,20.99,20.99,20.94,20.97,11124
ZDJ.TO,20230208,53.89,53.89,53.54,53.54,2477
ZDM.TO,20230208,25.3,25.3,25.17,25.24,10463
ZDV.TO,20230208,20.07,20.07,19.97,20.02,34223
ZDY.TO,20230208,37.23,37.23,36.97,36.97,1554
ZDY.U.TO,20230208,28.34,28.34,28.27,28.27,401
ZEA.TO,20230208,20.08,20.18,20.08,20.13,29591
ZEAT.TO,20230208,31,31,31,31,308
ZEB.TO,20230208,36.92,37.26,36.92,37.11,897640
ZEF.TO,20230208,11.82,11.82,11.77,11.78,11025
ZEM.TO,20230208,19.49,19.58,19.42,19.58,18063
ZEO.TO,20230208,61.77,62.06,61.34,61.72,23413
ZEQ.TO,20230208,28.21,28.21,28.09,28.09,1555
ZEQT.TO,20230208,39.51,39.51,39.45,39.45,522
ZESG.TO,20230208,31.25,31.29,31.25,31.29,666
ZFC.TO,20230208,39.8,39.82,39.8,39.82,800
ZFH.TO,20230208,14.16,14.16,14.16,14.16,403
ZFL.TO,20230208,13.72,13.78,13.63,13.78,14055
ZFM.TO,20230208,14.54,14.59,14.53,14.59,11100
ZFS.TO,20230208,13.33,13.34,13.33,13.34,1518
ZFS.L.TO,20230208,20.48,20.48,20.48,20.48,100
ZGB.TO,20230208,45.4,45.44,45.32,45.4,2489
ZGI.TO,20230208,44.37,44.37,43.8,43.95,5249
ZGQ.TO,20230208,47.07,47.07,46.33,46.33,2178
ZGRO.TO,20230208,36.68,36.72,36.61,36.66,7354
ZGSB.TO,20230208,26.26,26.28,26.26,26.26,300
ZHP.TO,20230208,20.66,20.66,20.65,20.65,300
ZHU.TO,20230208,42.88,42.88,42.82,42.87,1327
ZHY.TO,20230208,11.07,11.07,10.99,10.99,14394
ZIC.TO,20230208,17.12,17.12,17.12,17.12,400
ZID.TO,20230208,37.51,37.73,37.51,37.73,2226
ZIN.TO,20230208,35.34,35.34,35.34,35.34,102
ZJG.TO,20230208,67.53,67.53,67.53,67.53,103
ZJK.TO,20230208,17.53,17.53,17.37,17.41,4084
ZJPN.TO,20230208,28.53,28.53,28.53,28.53,303
ZLB.TO,20230208,40.92,40.98,40.78,40.98,64160
ZLC.TO,20230208,15.3,15.35,15.24,15.34,13875
ZLD.TO,20230208,24.53,24.53,24.53,24.53,141
ZLH.TO,20230208,32.46,32.46,32.18,32.18,3059
ZLI.TO,20230208,23.07,23.07,23.07,23.07,411
ZLU.TO,20230208,47.94,48.1,47.75,47.9,12512
ZLU.U.TO,20230208,36.52,36.52,36.52,36.52,100
ZMI.TO,20230208,16.02,16.09,16.02,16.06,627
ZMMK.TO,20230208,50.03,50.03,50.02,50.03,45650
ZMP.TO,20230208,13.62,13.68,13.62,13.66,5899
ZMT.TO,20230208,56.92,56.92,56.23,56.33,2187
ZMU.TO,20230208,12.79,12.79,12.7,12.79,17826
ZNQ.TO,20230208,54.97,54.97,54.23,54.28,16776
ZPAY.TO,20230208,28.89,28.94,28.85,28.87,3012
ZPAY.F.TO,20230208,27.75,27.75,27.41,27.41,5235
ZPAY.U.TO,20230208,28.13,28.13,28.07,28.07,255
ZPH.TO,20230208,14.43,14.43,14.37,14.37,350
ZPL.TO,20230208,12.86,12.9,12.85,12.9,7713
ZPR.TO,20230208,9.58,9.65,9.58,9.64,70614
ZPS.TO,20230208,12.07,12.07,12.05,12.05,250
ZQB.TO,20230208,27.61,27.61,27.61,27.61,200
ZQQ.TO,20230208,90.1,90.3,88.75,88.93,46326
ZRE.TO,20230208,23.8,23.86,23.7,23.78,13558
ZRR.TO,20230208,15.57,15.7,15.57,15.7,1580
ZSB.TO,20230208,46.79,46.79,46.78,46.78,509
ZSP.TO,20230208,60.91,61.08,60.57,60.68,537308
ZSP.U.TO,20230208,45.57,45.57,45.13,45.19,8405
ZST.TO,20230208,48.65,48.67,48.65,48.67,4595
ZST.L.TO,20230208,54.84,54.88,54.84,54.88,4465
ZTIP.TO,20230208,31,31,31,31,1600
ZTIP.F.TO,20230208,28.97,29.03,28.97,28.98,2843
ZTIP.U.TO,20230208,29.06,29.08,29.06,29.08,3065
ZUAG.F.TO,20230208,29.82,29.88,29.82,29.86,1500
ZUAG.U.TO,20230208,29.87,29.87,29.87,29.87,100
ZUB.TO,20230208,30.88,30.99,30.79,30.79,2735
ZUD.TO,20230208,26.54,26.54,26.43,26.43,2326
ZUE.TO,20230208,58.54,58.6,58.08,58.18,16497
ZUH.TO,20230208,72.32,72.32,71.86,71.88,1773
ZUP.U.TO,20230208,21.66,21.66,21.66,21.66,228
ZUQ.TO,20230208,54.45,54.56,54.11,54.16,4240
ZUQ.F.TO,20230208,35.05,35.05,34.75,34.76,682
ZUS.U.TO,20230208,47.01,47.01,47.01,47.01,600
ZUT.TO,20230208,22.4,22.45,22.24,22.34,77034
ZVC.TO,20230208,26.21,26.23,26.21,26.23,1200
ZWA.TO,20230208,24.34,24.35,24.3,24.31,3172
ZWB.TO,20230208,19.67,19.7,19.6,19.63,124694
ZWC.TO,20230208,18.09,18.09,17.99,18.05,90153
ZWE.TO,20230208,19.58,19.71,19.58,19.69,10019
ZWG.TO,20230208,28.88,28.88,28.68,28.71,6424
ZWH.TO,20230208,22.2,22.2,22.02,22.03,20071
ZWH.U.TO,20230208,22.84,22.84,22.58,22.58,785
ZWHC.TO,20230208,31,31,31,31,400
ZWK.TO,20230208,27.52,27.68,27.5,27.62,10492
ZWP.TO,20230208,16.93,16.93,16.89,16.91,2003
ZWS.TO,20230208,19.83,19.83,19.7,19.73,4683
ZWT.TO,20230208,26.58,26.65,26.58,26.63,1115
ZWU.TO,20230208,11.52,11.52,11.42,11.45,731504
ZXM.TO,20230208,34.39,34.39,34.39,34.39,100
ZZZ.TO,20230208,25.04,25.23,24.75,24.84,40633
ZZZD.TO,20230208,27.65,27.65,27.5,27.5,7311
