<ticker>,<date>,<open>,<high>,<low>,<close>,<vol>
AAB.TO,20230120,0.045,0.045,0.045,0.045,60000
AAV.TO,20230120,8.83,9.07,8.73,8.8,1093654
ABX.TO,20230120,25.08,25.39,24.97,25.35,3142698
AC.TO,20230120,21.56,21.83,21.51,21.79,1384954
ACAA.TO,20230120,20.26,20.26,20.26,20.26,0
ACB.TO,20230120,1.28,1.3,1.26,1.3,872154
ACB.WS.U.TO,20230120,0.16,0.16,0.16,0.16,0
ACD.TO,20230120,7.74,7.74,7.74,7.74,0
ACD.DB.TO,20230120,99,99,99,99,4000
ACO.X.TO,20230120,43.68,43.73,43.25,43.66,94965
ACO.Y.TO,20230120,44.25,44.25,44.25,44.25,0
ACQ.TO,20230120,24.49,25.28,24.49,25.13,42954
AD.DB.TO,20230120,96.54,97,96.54,96.71,36000
AD.DB.A.TO,20230120,95.6,95.6,95,95,25000
AD.UN.TO,20230120,17.19,17.6,17.18,17.53,58850
ADCO.TO,20230120,0.275,0.275,0.27,0.27,14000
ADEN.TO,20230120,29.47,30.33,29.32,30.25,71520
ADN.TO,20230120,16.74,17.11,16.55,17.11,11664
ADW.A.TO,20230120,4.82,4.82,4.7,4.81,74800
ADW.B.TO,20230120,6.97,6.97,6.97,6.97,0
AEG.TO,20230120,0.61,0.65,0.56,0.65,25071
AEM.TO,20230120,74.25,75.32,73.98,75.25,1058500
AEZS.TO,20230120,5.18,5.18,5.09,5.09,368
AFN.TO,20230120,46.33,47.93,46.33,46.56,41213
AFN.DB.F.TO,20230120,97.5,98,97.5,98,29000
AFN.DB.G.TO,20230120,97.6,98.25,97.6,97.6,39000
AFN.DB.H.TO,20230120,97,97,97,97,8000
AFN.DB.I.TO,20230120,118,119.98,118,119.5,20999
AFN.DB.J.TO,20230120,98,98,98,98,30000
AGF.B.TO,20230120,7.75,7.91,7.66,7.91,141229
AGI.TO,20230120,14.73,14.96,14.63,14.96,633235
AGRI.RT.U.TO,20230120,0.01,0.01,0.01,0.01,0
AI.TO,20230120,10.97,11.08,10.85,11.05,100431
AI.DB.C.TO,20230120,98.51,98.51,98.5,98.5,30000
AI.DB.D.TO,20230120,96.49,96.49,96.49,96.49,0
AI.DB.E.TO,20230120,98,98,98,98,0
AI.DB.F.TO,20230120,85,85,85,85,0
AI.DB.G.TO,20230120,88,88,88,88,10000
AIF.TO,20230120,54.1,54.88,53.91,54.49,60435
AII.TO,20230120,0.85,0.85,0.85,0.85,3000
AIM.TO,20230120,4.15,4.19,4.11,4.13,116560
AIM.PR.A.TO,20230120,18.41,18.41,18.4,18.4,2100
AIM.PR.C.TO,20230120,21.75,21.75,21.75,21.75,200
AKT.A.TO,20230120,1.88,2,1.82,1.95,55977
ALA.TO,20230120,24.22,24.48,24.03,24.19,456941
ALA.PR.A.TO,20230120,15.7,15.7,15.7,15.7,0
ALA.PR.B.TO,20230120,18.1,18.1,18.05,18.1,1500
ALA.PR.G.TO,20230120,18.8,18.8,18.6,18.75,4410
ALA.PR.H.TO,20230120,22.22,22.22,20.2,20.6,2400
ALC.TO,20230120,16.42,16.7,16.4,16.62,28191
ALC.DB.A.TO,20230120,111,111.99,110.57,111.9,194000
ALS.TO,20230120,22.85,23.16,22.72,22.79,48950
ALYA.TO,20230120,2.37,2.4,2.36,2.4,24851
AMC.TO,20230120,4.25,4.32,4.16,4.2,98639
AMM.TO,20230120,0.32,0.32,0.315,0.315,15344
AND.TO,20230120,47.25,47.67,46.01,47.02,29260
AOI.TO,20230120,2.58,2.63,2.57,2.62,936218
AOT.TO,20230120,0.72,0.74,0.69,0.74,326353
AP.UN.TO,20230120,28.85,29.05,28.54,28.95,209929
APLI.TO,20230120,0.06,0.06,0.06,0.06,0
APR.UN.TO,20230120,12.22,12.29,12.13,12.29,18321
APS.TO,20230120,0.89,0.9,0.89,0.9,10541
AQN.TO,20230120,9.4,9.61,9.24,9.61,4881524
AQN.PR.A.TO,20230120,20.05,20.14,19.96,20.11,5536
AQN.PR.D.TO,20230120,20.15,20.2,20.08,20.1,2600
AR.TO,20230120,0.69,0.7,0.65,0.68,2860875
ARA.TO,20230120,0.59,0.62,0.55,0.55,360901
ARB.TO,20230120,25.65,25.65,25.65,25.65,0
ARE.TO,20230120,10.51,10.82,10.46,10.7,271035
ARG.TO,20230120,1.61,1.67,1.59,1.63,367845
ARIS.TO,20230120,4.27,4.52,4.26,4.52,338130
ARIS.WT.A.TO,20230120,0.395,0.47,0.395,0.47,29600
ARKG.TO,20230120,13.93,14.06,13.84,14.06,1000
ARKK.TO,20230120,13.73,14.08,13.73,14.08,5356
ARKW.TO,20230120,14.42,14.42,14.42,14.42,0
ARR.TO,20230120,8.95,9,8.9,8.99,67926
ARX.TO,20230120,16.67,17.01,16.6,16.87,2024666
ASCU.TO,20230120,2.15,2.17,2.13,2.13,17600
ASM.TO,20230120,1.1,1.15,1.1,1.11,45282
ASND.TO,20230120,0.265,0.27,0.25,0.27,107265
ASTL.TO,20230120,9.43,9.72,9.24,9.69,153645
ASTL.WT.TO,20230120,2.05,2.05,2.05,2.05,100
ATD.TO,20230120,63.02,63.11,62.11,62.17,1234289
ATH.TO,20230120,2.48,2.49,2.44,2.47,1731089
ATS.TO,20230120,50.14,51.54,50.03,51.12,136492
ATSX.TO,20230120,22.91,22.91,22.91,22.91,100
ATZ.TO,20230120,46.2,46.47,45.65,46.42,298708
AUGB.F.TO,20230120,36,36,36,36,0
AUMN.TO,20230120,0.42,0.42,0.42,0.42,0
AVCN.TO,20230120,0.435,0.435,0.395,0.4,18746
AVL.TO,20230120,0.15,0.16,0.145,0.16,968908
AVNT.TO,20230120,0.175,0.18,0.175,0.18,12446
AW.UN.TO,20230120,35.61,35.61,35.44,35.51,8665
AX.PR.E.TO,20230120,23.17,23.3,23.17,23.29,1945
AX.PR.I.TO,20230120,24.75,24.95,24.75,24.77,3835
AX.UN.TO,20230120,9.44,9.46,9.36,9.4,218747
AXIS.TO,20230120,0.48,0.48,0.45,0.45,2500
AYA.TO,20230120,8.57,8.63,8.43,8.58,341469
BABY.TO,20230120,0.58,0.61,0.58,0.6,28751
BABY.WT.A.TO,20230120,0.095,0.095,0.095,0.095,0
BAM.TO,20230120,42.25,42.84,41.76,42.76,487081
BANK.TO,20230120,7.86,7.92,7.86,7.92,4329
BASE.TO,20230120,28.27,28.59,28.27,28.59,50644
BASE.B.TO,20230120,28.82,28.94,28.82,28.94,650
BB.TO,20230120,5.55,5.64,5.5,5.53,8461214
BBD.A.TO,20230120,62.45,63,61.86,62.86,4527
BBD.B.TO,20230120,62.08,62.83,61.1,62.27,302889
BBD.PR.B.TO,20230120,18.35,18.36,18.35,18.35,2404
BBD.PR.C.TO,20230120,18.89,19,18.84,19,6797
BBD.PR.D.TO,20230120,21.47,21.5,21.47,21.5,1900
BBU.UN.TO,20230120,25.11,25.59,24.75,25.39,52188
BBUC.TO,20230120,26.51,28.21,26.51,28.16,14005
BCE.TO,20230120,62.2,62.49,61.81,62.46,2842625
BCE.PR.A.TO,20230120,18.45,18.62,18.45,18.62,29538
BCE.PR.B.TO,20230120,18.7,18.75,18.55,18.56,43044
BCE.PR.C.TO,20230120,18.7,18.75,18.69,18.69,3343
BCE.PR.D.TO,20230120,18.73,18.73,18.64,18.68,4479
BCE.PR.E.TO,20230120,18.7,18.8,18.62,18.62,5733
BCE.PR.F.TO,20230120,16.91,16.91,16.91,16.91,0
BCE.PR.G.TO,20230120,15.95,16.06,15.95,16,800
BCE.PR.H.TO,20230120,18.7,18.7,18.62,18.62,5000
BCE.PR.I.TO,20230120,15.86,16.26,15.85,16.26,115816
BCE.PR.J.TO,20230120,18.78,18.78,18.68,18.68,1600
BCE.PR.K.TO,20230120,15.1,15.1,15.02,15.02,8511
BCE.PR.L.TO,20230120,16.51,16.51,16.51,16.51,1000
BCE.PR.M.TO,20230120,15.6,15.62,15.6,15.6,3981
BCE.PR.N.TO,20230120,17.95,17.95,17.95,17.95,1000
BCE.PR.Q.TO,20230120,21.15,21.16,20.6,21.15,37110
BCE.PR.R.TO,20230120,15.79,15.9,15.79,15.87,3604
BCE.PR.S.TO,20230120,18.74,18.74,18.74,18.74,0
BCE.PR.T.TO,20230120,18.51,18.78,18.51,18.77,6950
BCE.PR.Y.TO,20230120,18.66,18.69,18.51,18.69,43200
BCE.PR.Z.TO,20230120,19.86,19.86,19.8,19.84,5249
BCT.TO,20230120,9.53,9.74,9.25,9.39,17769
BDGI.TO,20230120,30.91,32.2,30.91,31.75,120360
BDI.TO,20230120,5.04,5.14,5,5.05,73872
BDIV.TO,20230120,17.81,17.81,17.81,17.81,1601
BDT.TO,20230120,8.45,8.73,8.34,8.73,90430
BEI.UN.TO,20230120,52.72,53.53,52.72,53.5,72410
BEK.B.TO,20230120,12.98,12.98,12.98,12.98,100
BEP.PR.G.TO,20230120,24.02,24.05,23.86,23.9,4675
BEP.PR.M.TO,20230120,22.65,22.72,22.51,22.72,2100
BEP.PR.R.TO,20230120,20.54,20.75,20.54,20.55,3900
BEP.UN.TO,20230120,38.58,38.68,38.06,38.58,181201
BEPC.TO,20230120,41.73,41.82,40.36,41.11,311863
BEPR.TO,20230120,9.57,9.58,9.56,9.58,7719
BEPR.U.TO,20230120,9.35,9.35,9.35,9.35,0
BESG.TO,20230120,15.95,15.96,15.92,15.92,2100
BFIN.TO,20230120,19.63,19.63,19.63,19.63,0
BGC.TO,20230120,26.95,26.95,26.95,26.95,300
BGI.UN.TO,20230120,4.8,4.84,4.74,4.84,51479
BGU.TO,20230120,33.25,33.25,33.25,33.25,0
BGU.U.TO,20230120,25,25,25,25,0
BHC.TO,20230120,10.46,10.91,10.42,10.88,833770
BIK.PR.A.TO,20230120,25,25,25,25,1300
BIP.PR.A.TO,20230120,18.25,18.25,18.2,18.2,4200
BIP.PR.B.TO,20230120,23.6,23.6,23.45,23.5,900
BIP.PR.E.TO,20230120,22.5,22.52,22.5,22.5,5168
BIP.PR.F.TO,20230120,20.96,21,20.85,21,3300
BIP.UN.TO,20230120,46.61,47.39,46.18,47.16,299634
BIPC.TO,20230120,58.5,60.09,57.88,60.03,107166
BIR.TO,20230120,9.09,9.43,8.97,9.22,2653597
BITF.TO,20230120,1.49,1.58,1.41,1.56,2160259
BITI.TO,20230120,18.84,18.9,17.55,17.6,65760
BITI.U.TO,20230120,13.73,13.73,13.17,13.17,73500
BK.TO,20230120,13.95,14.01,13.92,13.98,34898
BK.PR.A.TO,20230120,10.15,10.15,10.1,10.12,14719
BKCC.TO,20230120,15.68,15.68,15.68,15.68,0
BKI.TO,20230120,0.08,0.08,0.08,0.08,5186
BLB.UN.TO,20230120,8.29,8.3,8.29,8.3,313
BLCK.TO,20230120,24.01,24.01,24.01,24.01,0
BLCO.TO,20230120,22.95,23.32,22.75,22.93,4090
BLDP.TO,20230120,7.48,7.74,7.44,7.7,940360
BLN.TO,20230120,1.96,1.96,1.85,1.95,14845
BLOV.TO,20230120,22.75,22.75,22.75,22.75,0
BLX.TO,20230120,40.24,40.24,38.76,39.59,844924
BMAX.TO,20230120,12.85,13.14,12.7,13.14,13579
BMO.TO,20230120,131.35,132.44,130.59,132.29,2289792
BMO.PR.E.TO,20230120,22.04,22.24,22,22,10571
BMO.PR.T.TO,20230120,18.35,18.4,18.21,18.22,3888
BMO.PR.W.TO,20230120,18.8,18.94,18.59,18.59,7212
BMO.PR.Y.TO,20230120,19.7,19.7,19.6,19.6,30700
BN.TO,20230120,48.03,48.54,47.64,48.5,1136653
BN.PF.A.TO,20230120,19.82,20,19.82,19.86,5996
BN.PF.B.TO,20230120,17.96,17.96,17.7,17.88,6390
BN.PF.C.TO,20230120,20.16,20.2,19.79,19.92,4009
BN.PF.D.TO,20230120,20.1,20.35,20.06,20.06,3709
BN.PF.E.TO,20230120,16,16,15.9,15.9,5299
BN.PF.F.TO,20230120,17.8,17.82,17.7,17.7,22960
BN.PF.G.TO,20230120,16.68,16.72,16.59,16.59,7200
BN.PF.H.TO,20230120,24.6,24.6,24.35,24.35,2076
BN.PF.I.TO,20230120,22.89,22.94,22.89,22.9,775
BN.PF.J.TO,20230120,23.5,23.59,23.31,23.31,4781
BN.PF.K.TO,20230120,15.95,16,15.91,16,1700
BN.PF.L.TO,20230120,11.91,11.91,11.91,11.91,500
BN.PR.B.TO,20230120,13.35,13.35,13.09,13.09,9926
BN.PR.C.TO,20230120,13.35,13.35,13.14,13.14,2469
BN.PR.K.TO,20230120,13.34,13.34,13.14,13.2,50040
BN.PR.M.TO,20230120,19.61,19.7,19.6,19.6,3700
BN.PR.N.TO,20230120,19.68,19.69,19.51,19.51,9786
BN.PR.R.TO,20230120,15.15,15.23,15.02,15.08,1600
BN.PR.T.TO,20230120,15.55,15.57,15.45,15.45,9700
BN.PR.X.TO,20230120,16.52,16.52,16.23,16.23,2926
BN.PR.Z.TO,20230120,22.03,22.12,21.56,21.56,3977
BNC.TO,20230120,24.56,24.56,24.56,24.56,0
BND.TO,20230120,17.45,17.45,17.44,17.44,901
BNE.TO,20230120,6.82,6.86,6.67,6.72,101154
BNG.TO,20230120,0.06,0.065,0.06,0.065,19100
BNK.TO,20230120,13.3,13.39,13.3,13.38,600
BNK.PR.A.TO,20230120,9.92,9.92,9.92,9.92,0
BNRE.TO,20230120,47.98,48.5,47.62,48.48,11360
BNS.TO,20230120,69.01,69.19,68.61,69.19,5243361
BOS.TO,20230120,7.8,8.28,7.45,8.28,203326
BPF.UN.TO,20230120,16.23,16.29,16.15,16.29,21363
BPO.PR.A.TO,20230120,16.02,16.33,15.97,15.97,8694
BPO.PR.C.TO,20230120,23.28,23.28,23.01,23.1,2811
BPO.PR.E.TO,20230120,18.65,18.7,18.6,18.6,8786
BPO.PR.G.TO,20230120,20.45,20.45,20.25,20.25,6400
BPO.PR.I.TO,20230120,19.95,19.95,19.68,19.8,7972
BPO.PR.N.TO,20230120,14.68,14.68,14.57,14.57,5899
BPO.PR.P.TO,20230120,15.05,15.19,15,15,5486
BPO.PR.R.TO,20230120,15.4,15.4,15.4,15.4,50000
BPO.PR.T.TO,20230120,18.16,18.2,18.03,18.03,2957
BPO.PR.W.TO,20230120,11.6,11.6,11.6,11.6,0
BPO.PR.X.TO,20230120,11.85,11.85,11.85,11.85,100
BPO.PR.Y.TO,20230120,11.75,11.75,11.75,11.75,300
BPRF.TO,20230120,22.73,22.73,22.73,22.73,0
BPRF.U.TO,20230120,22.4,22.4,22.4,22.4,2900
BPS.PR.A.TO,20230120,24.92,24.92,24.92,24.92,0
BPS.PR.B.TO,20230120,24.67,24.67,24.67,24.67,0
BPS.PR.C.TO,20230120,24.76,24.76,24.76,24.76,0
BPS.PR.U.TO,20230120,24.9,24.9,24.9,24.9,400
BPYP.PR.A.TO,20230120,23.3,23.3,23,23,3944
BR.TO,20230120,1.65,1.65,1.65,1.65,2201
BRAG.TO,20230120,5.85,5.86,5.55,5.7,55583
BRE.TO,20230120,13.32,13.54,13.27,13.5,6462
BREA.TO,20230120,23.18,23.18,23.18,23.18,3100
BRF.PR.A.TO,20230120,14.65,14.81,14.65,14.76,192446
BRF.PR.B.TO,20230120,17.59,17.59,17.5,17.5,500
BRF.PR.C.TO,20230120,16.77,16.92,16.58,16.58,1900
BRF.PR.E.TO,20230120,19.5,19.6,19.28,19.28,1239
BRF.PR.F.TO,20230120,19.44,19.6,19.43,19.45,3100
BRMI.TO,20230120,2.79,2.79,2.79,2.79,0
BRY.TO,20230120,0.68,0.68,0.67,0.67,12855
BSKT.TO,20230120,8.56,8.56,8.56,8.56,0
BSX.TO,20230120,0.075,0.075,0.075,0.075,14809
BTB.DB.G.TO,20230120,99.01,99.01,99.01,99.01,1000
BTB.DB.H.TO,20230120,104.49,104.49,104.23,104.23,10000
BTB.UN.TO,20230120,3.82,3.87,3.76,3.84,73522
BTCC.TO,20230120,4.15,4.38,4.09,4.37,132589
BTCC.B.TO,20230120,4.13,4.36,4.13,4.36,346067
BTCC.J.TO,20230120,3.7,3.7,3.7,3.7,0
BTCC.U.TO,20230120,3.89,4.13,3.89,4.13,143584
BTCQ.TO,20230120,4.67,4.89,4.67,4.88,29882
BTCQ.U.TO,20230120,3.49,3.68,3.49,3.67,7100
BTCX.B.TO,20230120,4.24,4.46,4.22,4.45,129865
BTCX.U.TO,20230120,3.98,4.2,3.97,4.2,56360
BTCY.TO,20230120,3.17,3.23,3.14,3.23,9251
BTCY.B.TO,20230120,3.58,3.64,3.5,3.64,3768
BTCY.U.TO,20230120,3.09,3.09,3.09,3.09,0
BTE.TO,20230120,6.02,6.13,5.97,6.06,2224600
BTO.TO,20230120,5.5,5.58,5.47,5.56,1935641
BU.TO,20230120,0.44,0.44,0.41,0.43,41529
BUI.TO,20230120,1.97,2,1.97,2,1802
BXF.TO,20230120,9.92,9.92,9.92,9.92,693
BYD.TO,20230120,209.76,212.39,207.68,211.14,26932
BYL.TO,20230120,0.38,0.4,0.37,0.395,19516
CACB.TO,20230120,19.43,19.43,19.43,19.43,0
CAE.TO,20230120,28.36,28.53,28.07,28.4,269529
CAFR.TO,20230120,19.58,19.58,19.58,19.58,0
CALL.TO,20230120,15.39,15.51,15.35,15.48,4000
CALL.B.TO,20230120,18.28,18.28,18.28,18.28,300
CALL.U.TO,20230120,16.56,16.56,16.56,16.56,0
CAR.UN.TO,20230120,47.41,47.84,46.89,47.63,179195
CARB.TO,20230120,9.04,9.04,9.04,9.04,0
CARS.TO,20230120,28.1,28.24,28.1,28.24,605
CARS.B.TO,20230120,33,33,33,33,0
CARS.U.TO,20230120,23.25,23.25,23.25,23.25,0
CAS.TO,20230120,8.72,8.95,8.68,8.93,197707
CASH.TO,20230120,50.15,50.16,50.15,50.16,41833
CBH.TO,20230120,17.3,17.3,17.26,17.26,23399
CBND.TO,20230120,8.77,8.77,8.77,8.77,1201
CBNK.TO,20230120,7.85,7.85,7.85,7.85,913
CBO.TO,20230120,17.43,17.44,17.42,17.42,6912
CBUG.TO,20230120,15.8,15.8,15.8,15.8,0
CCA.TO,20230120,66.7,68.69,66.25,68.56,216067
CCBI.TO,20230120,18.05,18.05,18.05,18.05,0
CCEI.TO,20230120,21.95,22,21.95,22,3501
CCL.A.TO,20230120,60,60,60,60,0
CCL.B.TO,20230120,59.98,61.15,59.8,61.06,180286
CCM.TO,20230120,0.185,0.185,0.185,0.185,0
CCNS.TO,20230120,17.9,17.9,17.88,17.88,1800
CCO.TO,20230120,34.18,36.1,34.18,35.18,1806045
CCOM.TO,20230120,20.48,20.48,20.48,20.48,725
CCRE.TO,20230120,17.8,17.81,17.79,17.8,3200
CCS.PR.C.TO,20230120,21.3,21.5,21.3,21.45,1400
CDIV.TO,20230120,12.84,12.96,12.84,12.96,14422
CDNA.TO,20230120,19.2,19.2,19.2,19.2,1000
CDR.TO,20230120,0.35,0.35,0.35,0.35,7500
CDZ.TO,20230120,31.01,31.21,30.91,31.21,23972
CEE.TO,20230120,1.93,1.93,1.9,1.92,9555
CEF.TO,20230120,25,25,24.84,24.84,10507
CEF.U.TO,20230120,18.5,18.5,18.5,18.5,0
CEMI.TO,20230120,17.24,17.24,17.24,17.24,0
CET.TO,20230120,1.35,1.35,1.31,1.33,242138
CEU.TO,20230120,2.8,2.85,2.75,2.81,367504
CEW.TO,20230120,15.72,15.82,15.72,15.81,1645
CF.TO,20230120,11.3,11.38,11.21,11.36,306611
CF.PR.A.TO,20230120,13.85,13.85,13.85,13.85,600
CF.PR.C.TO,20230120,20.25,20.25,20.25,20.25,0
CFF.TO,20230120,1.61,1.61,1.61,1.61,0
CFLX.TO,20230120,17.17,17.17,17.17,17.17,2600
CFP.TO,20230120,21.09,21.94,21.09,21.9,236543
CFRT.TO,20230120,20.13,20.13,20.13,20.13,0
CFW.TO,20230120,7.19,7.22,6.98,6.98,269013
CFX.TO,20230120,3.98,4.01,3.98,3.98,59320
CG.TO,20230120,7.98,8.33,7.98,8.24,559257
CGAA.TO,20230120,23.41,23.41,23.41,23.41,0
CGBI.TO,20230120,17.41,17.41,17.41,17.41,0
CGG.TO,20230120,4.95,4.95,4.88,4.92,1760
CGHY.TO,20230120,9.37,9.43,9.37,9.43,1100
CGHY.U.TO,20230120,9.13,9.13,9.13,9.13,0
CGI.TO,20230120,32.7,32.7,32.7,32.7,113
CGIN.TO,20230120,20.74,20.74,20.74,20.74,1500
CGIN.U.TO,20230120,20.69,20.69,20.69,20.69,0
CGL.TO,20230120,15.62,15.63,15.56,15.58,53723
CGL.C.TO,20230120,22.06,22.06,21.95,21.95,7968
CGLO.TO,20230120,22.85,22.86,22.85,22.86,600
CGO.TO,20230120,56.5,58.47,56.07,58.32,51441
CGR.TO,20230120,28.13,28.38,28.13,28.32,3165
CGRA.TO,20230120,21.39,21.39,21.39,21.39,100
CGRE.TO,20230120,21.49,21.49,21.49,21.49,0
CGX.TO,20230120,7.79,8,7.76,7.92,279902
CGX.DB.B.TO,20230120,97.5,97.5,97.5,97.5,12000
CGXF.TO,20230120,11.61,11.7,11.6,11.7,5487
CGXF.U.TO,20230120,8.76,8.76,8.76,8.76,0
CGY.TO,20230120,62.87,63.09,62.02,62.34,3977
CHE.DB.E.TO,20230120,99.02,99.99,99,99.99,39000
CHE.DB.F.TO,20230120,130,130,130,130,0
CHE.DB.G.TO,20230120,105,105,105,105,0
CHE.UN.TO,20230120,9.37,9.71,9.28,9.67,490581
CHNA.B.TO,20230120,25.33,25.33,25.33,25.33,0
CHP.UN.TO,20230120,15.37,15.59,15.29,15.57,455620
CHPS.TO,20230120,20.89,21.21,20.75,21.2,935
CHPS.U.TO,20230120,15.83,15.83,15.83,15.83,0
CHR.TO,20230120,3.81,3.89,3.81,3.89,457506
CHR.DB.A.TO,20230120,96,96,95.75,95.75,17000
CHR.DB.B.TO,20230120,94,94,94,94,0
CHR.DB.C.TO,20230120,87.4,87.5,87.4,87.5,59000
CHW.TO,20230120,11.08,11.26,11,11.25,8690
CIA.TO,20230120,7.15,7.31,7.11,7.26,1045841
CIBR.TO,20230120,30.07,30.07,30.07,30.07,0
CIC.TO,20230120,11.35,11.4,11.32,11.39,7770
CIEI.TO,20230120,20.03,20.03,20.03,20.03,0
CIEM.TO,20230120,17.75,17.75,17.75,17.75,662
CIEM.U.TO,20230120,17.62,17.62,17.62,17.62,0
CIF.TO,20230120,34.65,34.86,34.64,34.83,5486
CIGI.TO,20230120,133.52,135.34,132.98,134.43,37997
CINF.TO,20230120,23.96,23.96,23.96,23.96,155
CINT.TO,20230120,20.55,20.59,20.55,20.55,52301
CIQ.UN.TO,20230120,7.11,7.3,7.11,7.3,1200
CIU.PR.A.TO,20230120,19.51,19.52,19.51,19.52,400
CIU.PR.C.TO,20230120,13.35,13.35,13.35,13.35,0
CIX.TO,20230120,15.39,15.9,15.38,15.89,437672
CJ.TO,20230120,7.73,7.86,7.64,7.77,556660
CJR.B.TO,20230120,2.01,2.07,2,2.06,1266903
CJT.TO,20230120,112.67,115.47,112.25,115.06,94862
CJT.DB.E.TO,20230120,98.99,99,98.99,99,16000
CJT.DB.F.TO,20230120,97.01,97.01,97.01,97.01,5000
CKI.TO,20230120,12.39,12.39,12.39,12.39,0
CLF.TO,20230120,16.87,16.88,16.87,16.88,12786
CLG.TO,20230120,17,17.02,17,17,4002
CLML.TO,20230120,18.28,18.28,18.28,18.28,0
CLS.TO,20230120,17.24,17.43,17.11,17.38,140005
CM.TO,20230120,58.05,58.25,57.71,58.24,3504505
CM.PR.O.TO,20230120,18.71,18.72,18.56,18.56,9445
CM.PR.P.TO,20230120,18.46,18.46,18.46,18.46,728
CM.PR.Q.TO,20230120,19.98,19.98,19.64,19.64,4738
CM.PR.S.TO,20230120,22.6,22.6,22.3,22.37,48509
CM.PR.Y.TO,20230120,24.8,24.8,24.6,24.6,3533
CMAG.TO,20230120,23.64,23.64,23.57,23.6,640
CMAG.U.TO,20230120,17.59,17.59,17.59,17.59,0
CMAR.TO,20230120,18.69,18.7,18.67,18.67,5019
CMAR.U.TO,20230120,18.79,18.79,18.79,18.79,200
CMCX.B.TO,20230120,6.98,6.98,6.98,6.98,1001
CMCX.U.TO,20230120,6.59,6.59,6.59,6.59,100
CMDO.TO,20230120,19.52,19.52,19.5,19.5,2800
CMDO.U.TO,20230120,19.55,19.6,19.55,19.6,3300
CMG.TO,20230120,5.96,6.1,5.9,6.1,143175
CMGG.TO,20230120,17.72,17.72,17.72,17.72,0
CMR.TO,20230120,50.12,50.15,50.12,50.12,100965
CNCC.TO,20230120,12.75,12.79,12.75,12.79,2772
CNE.TO,20230120,11.16,11.43,11.04,11.41,86941
CNQ.TO,20230120,80.01,81.17,79.71,80.73,2656387
CNR.TO,20230120,163.83,165.78,163.57,165.02,784270
CNT.TO,20230120,0.07,0.07,0.07,0.07,0
COG.TO,20230120,0.34,0.34,0.325,0.325,44706
COMM.TO,20230120,24.15,24.3,24.15,24.3,700
COPP.TO,20230120,28.16,28.16,28.16,28.16,122
COW.TO,20230120,69.9,70.09,69.75,70.03,21368
CP.TO,20230120,104.93,106.47,104.45,106.04,963953
CPD.TO,20230120,11.68,11.68,11.53,11.53,230171
CPH.TO,20230120,3.62,3.7,3.53,3.55,36101
CPLF.TO,20230120,5.85,5.85,5.65,5.75,41282
CPLS.TO,20230120,17.68,17.68,17.68,17.68,1700
CPX.TO,20230120,45.86,45.86,45.16,45.2,379216
CPX.PR.A.TO,20230120,13.64,13.64,13.64,13.64,0
CPX.PR.C.TO,20230120,21.58,21.58,21.5,21.5,4600
CPX.PR.E.TO,20230120,21.15,21.15,20.84,20.84,6338
CPX.PR.K.TO,20230120,25.01,25.1,25,25.1,500
CR.TO,20230120,5.06,5.2,5.02,5.02,474197
CRDL.TO,20230120,0.98,1,0.94,0.94,46329
CRED.TO,20230120,18.71,18.71,18.71,18.71,0
CRED.U.TO,20230120,18.87,18.87,18.87,18.87,28000
CRON.TO,20230120,3.26,3.35,3.21,3.33,179568
CROP.TO,20230120,18.12,18.13,18.12,18.12,900
CROP.U.TO,20230120,19.94,19.94,19.94,19.94,0
CRP.TO,20230120,2.35,2.35,2.35,2.35,0
CRR.UN.TO,20230120,16.59,16.85,16.52,16.73,80283
CRRX.TO,20230120,2.57,2.57,2.55,2.55,4465
CRT.UN.TO,20230120,16.24,16.58,16.18,16.46,116368
CRWN.TO,20230120,8.45,8.45,8.4,8.4,2350
CS.TO,20230120,6.2,6.51,6.13,6.45,1596958
CSAV.TO,20230120,50.19,50.2,50.19,50.19,28238
CSE.PR.A.TO,20230120,14.5,14.5,14.5,14.5,0
CSH.UN.TO,20230120,9.65,9.72,9.59,9.68,478902
CSU.TO,20230120,2273.05,2349.99,2261.82,2325.15,24702
CSU.DB.TO,20230120,138,138,137.6,138,53804
CSW.A.TO,20230120,16.65,16.65,16.41,16.41,860
CSW.B.TO,20230120,14.76,14.76,14.66,14.66,1420
CTC.TO,20230120,280,280,280,280,0
CTC.A.TO,20230120,156.01,156.48,154.6,155.64,336441
CTF.UN.TO,20230120,2.5,2.5,2.5,2.5,0
CTS.TO,20230120,5.52,5.54,5.35,5.5,599533
CTX.TO,20230120,0.76,0.78,0.76,0.78,13000
CU.TO,20230120,37.75,38,37.53,37.96,694401
CU.PR.C.TO,20230120,20.5,20.5,20.4,20.4,600
CU.PR.D.TO,20230120,21.59,21.71,21.59,21.69,165641
CU.PR.E.TO,20230120,21.6,21.6,21.6,21.6,400
CU.PR.F.TO,20230120,19.67,19.8,19.67,19.8,900
CU.PR.G.TO,20230120,19.71,19.72,19.6,19.6,2325
CU.PR.H.TO,20230120,22.89,22.89,22.89,22.89,136630
CU.PR.I.TO,20230120,24.68,24.68,24.32,24.32,2246
CU.PR.J.TO,20230120,20.34,20.34,20.34,20.34,0
CUD.TO,20230120,50.88,51.51,50.88,51.51,1969
CUEI.TO,20230120,20.9,20.9,20.9,20.9,0
CUP.U.TO,20230120,13.62,13.7,13.62,13.7,200
CVD.TO,20230120,17,17,17,17,340
CVE.TO,20230120,25.46,25.75,25.12,25.47,4667467
CVE.PR.A.TO,20230120,14.69,14.69,14.5,14.55,2389
CVE.PR.B.TO,20230120,15.96,15.96,15.96,15.96,0
CVE.PR.C.TO,20230120,20.5,20.5,20.12,20.36,1400
CVE.PR.E.TO,20230120,21.51,21.58,21.51,21.58,1603
CVE.PR.G.TO,20230120,20.63,20.7,20.61,20.61,7400
CVE.WT.TO,20230120,18.73,19.04,18.73,18.87,4690
CVG.TO,20230120,73,73,73,73,302
CVO.TO,20230120,8.22,8.5,8.22,8.39,63134
CWB.TO,20230120,26.9,27.08,26.76,26.97,215809
CWB.PR.B.TO,20230120,18.5,18.59,18.5,18.59,750
CWB.PR.D.TO,20230120,25.35,25.72,25.35,25.72,900
CWEB.TO,20230120,0.76,0.78,0.74,0.75,49491
CWL.TO,20230120,1.15,1.15,1.15,1.15,3014
CWW.TO,20230120,48.25,48.38,48,48.38,7815
CXB.TO,20230120,1.07,1.16,1.07,1.12,1998226
CXF.TO,20230120,9.62,9.62,9.54,9.54,3200
CXI.TO,20230120,21,21.31,20.51,21,1712
CYB.TO,20230120,57.75,57.95,57.5,57.8,13710
CYBR.TO,20230120,30.88,31.56,30.88,31.56,2430
CYBR.B.TO,20230120,35.57,35.57,35.57,35.57,0
CYBR.U.TO,20230120,35.12,35.12,35.12,35.12,0
CYH.TO,20230120,20.53,20.53,20.53,20.53,0
D.UN.TO,20230120,16.21,16.46,16.1,16.37,54590
DANC.TO,20230120,21.54,21.56,21.54,21.56,1762
DATA.TO,20230120,14.83,15.1,14.83,15.1,1700
DATA.B.TO,20230120,15.86,15.86,15.86,15.86,0
DBM.TO,20230120,6.94,7.1,6.87,7.01,255788
DBO.TO,20230120,0.085,0.095,0.085,0.095,82933
DC.A.TO,20230120,1.47,1.47,1.47,1.47,200
DC.PR.D.TO,20230120,20,20.15,20,20.05,1600
DCBO.TO,20230120,46,47.57,45.56,47.57,27664
DCC.TO,20230120,18,18,18,18,0
DCG.TO,20230120,17.71,17.71,17.71,17.71,200
DCM.TO,20230120,1.36,1.37,1.35,1.37,11300
DCP.TO,20230120,17.35,17.35,17.35,17.35,0
DCS.TO,20230120,18.28,18.28,18.28,18.28,600
DCU.TO,20230120,17.82,17.82,17.82,17.82,0
DF.TO,20230120,4.31,4.42,4.3,4.42,11304
DF.PR.A.TO,20230120,9.41,9.41,9.35,9.38,15110
DFN.TO,20230120,7.88,7.96,7.8,7.92,221550
DFN.PR.A.TO,20230120,9.33,9.35,9.31,9.35,619347
DFY.TO,20230120,37.45,38,37.44,37.58,50276
DGR.TO,20230120,35.5,35.67,35.5,35.67,400
DGR.B.TO,20230120,38.44,38.64,38.44,38.64,600
DGRC.TO,20230120,35.06,35.09,35.06,35.09,1800
DGS.TO,20230120,6.2,6.28,6.12,6.26,108451
DGS.PR.A.TO,20230120,9.5,9.54,9.48,9.5,16200
DHT.U.TO,20230120,5.63,5.63,5.63,5.63,0
DHT.UN.TO,20230120,7.47,7.89,7.42,7.61,30957
DIAM.TO,20230120,0.105,0.105,0.105,0.105,42199
DII.A.TO,20230120,6.5,6.5,6.5,6.5,0
DII.B.TO,20230120,5.69,5.71,5.45,5.51,117840
DIR.UN.TO,20230120,13.55,13.7,13.5,13.65,771383
DISC.TO,20230120,29.34,29.34,29.34,29.34,0
DIV.TO,20230120,3.16,3.19,3.14,3.18,100841
DIV.DB.A.TO,20230120,94.25,94.25,94.24,94.25,86000
DIVS.TO,20230120,15.16,15.16,15.12,15.12,2400
DLCG.TO,20230120,3.1,3.1,3.1,3.1,0
DLR.TO,20230120,13.73,13.76,13.64,13.65,340850
DLR.U.TO,20230120,10.19,10.2,10.19,10.2,125891
DML.TO,20230120,1.72,1.8,1.7,1.78,2105200
DN.TO,20230120,0.095,0.095,0.095,0.095,3371
DND.TO,20230120,20.08,21.37,20.08,21.15,337219
DNG.TO,20230120,3.03,3.07,3.03,3.07,22743
DNTL.TO,20230120,8.77,8.87,8.64,8.68,157791
DOL.TO,20230120,81.53,82.77,81.53,82.63,463629
DOO.TO,20230120,105.12,106.31,105.12,106.05,74529
DPM.TO,20230120,8.61,8.96,8.61,8.9,517808
DR.TO,20230120,8.11,8.3,8.05,8.27,10484
DRCU.TO,20230120,18.59,18.59,18.59,18.59,0
DRFC.TO,20230120,24.48,24.48,24.48,24.48,500
DRFD.TO,20230120,19.71,19.71,19.71,19.71,0
DRFG.TO,20230120,23.79,23.79,23.79,23.79,0
DRFU.TO,20230120,26.38,26.38,26.38,26.38,0
DRM.TO,20230120,25.74,26.34,25.56,26.34,31329
DRMC.TO,20230120,24.97,25.09,24.97,25.09,636
DRMD.TO,20230120,23.7,23.7,23.7,23.7,0
DRME.TO,20230120,16.48,16.48,16.48,16.48,0
DRMU.TO,20230120,27.85,27.85,27.85,27.85,0
DRR.U.TO,20230120,8.79,8.88,8.54,8.62,9445
DRT.TO,20230120,1.29,1.47,1.25,1.32,268866
DRT.DB.A.TO,20230120,42,42,42,42,8000
DRX.TO,20230120,2.12,2.12,2.07,2.07,2300
DS.TO,20230120,7.8,7.86,7.75,7.77,10047
DSAE.TO,20230120,18.94,18.94,18.94,18.94,0
DSG.TO,20230120,95.96,95.96,94.74,95.06,102458
DTOL.TO,20230120,6.76,6.76,6.75,6.75,24600
DXB.TO,20230120,18.46,18.5,18.44,18.5,80200
DXC.TO,20230120,32.96,33.07,32.95,33.07,6800
DXDB.TO,20230120,20.8,20.83,20.79,20.81,31700
DXEM.TO,20230120,15.15,15.15,15.15,15.15,0
DXET.TO,20230120,18.7,18.7,18.7,18.7,0
DXF.TO,20230120,31.37,31.37,31.37,31.37,0
DXG.TO,20230120,44.44,44.78,44.44,44.72,13705
DXIF.TO,20230120,18.52,18.52,18.52,18.52,100
DXN.TO,20230120,20.04,20.04,20.04,20.04,100
DXO.TO,20230120,19.2,19.2,19.11,19.11,509
DXP.TO,20230120,20.2,20.32,20.2,20.24,13694
DXQ.TO,20230120,20.78,20.82,20.78,20.82,300
DXR.TO,20230120,21.95,21.95,21.95,21.95,300
DXT.TO,20230120,5.73,5.73,5.56,5.56,19455
DXU.TO,20230120,41.75,41.75,41.46,41.55,3054
DXV.TO,20230120,19.78,19.78,19.78,19.78,175
DXW.TO,20230120,20.9,20.95,20.9,20.95,7600
DXZ.TO,20230120,10.86,10.86,10.86,10.86,100
DYA.TO,20230120,0.21,0.215,0.21,0.215,45893
E.TO,20230120,0.38,0.38,0.375,0.375,14500
EAGR.TO,20230120,0.88,0.89,0.83,0.84,12572
EARN.TO,20230120,46.34,46.34,46.34,46.34,0
EBIT.TO,20230120,10.53,11.09,10.5,11.06,26070
EBIT.U.TO,20230120,7.79,8.29,7.79,8.24,6654
EBNK.TO,20230120,9.31,9.31,9.31,9.31,200
EBNK.B.TO,20230120,8.96,8.96,8.96,8.96,0
EBNK.U.TO,20230120,8.55,8.55,8.55,8.55,0
ECN.TO,20230120,2.79,2.9,2.79,2.85,5644528
ECN.DB.TO,20230120,94.89,94.89,94.89,94.89,1000
ECN.DB.A.TO,20230120,88,90,85,85,115000
ECN.DB.B.TO,20230120,88,88,88,88,5000
ECN.PR.C.TO,20230120,23.53,23.53,23.43,23.43,728
ECO.TO,20230120,3.9,3.97,3.8,3.97,23926
ECOR.TO,20230120,2.5,2.5,2.5,2.5,100
EDGE.TO,20230120,28.1,28.1,28.1,28.1,250
EDGF.TO,20230120,9.59,9.88,9.56,9.85,11200
EDR.TO,20230120,4.74,4.8,4.7,4.78,239130
EDT.TO,20230120,0.375,0.395,0.375,0.395,3700
EDV.TO,20230120,32.6,33.25,32.51,33.02,680809
EFN.TO,20230120,19.47,19.59,19.4,19.52,611467
EFN.PR.C.TO,20230120,24.36,24.36,24.36,24.36,0
EFN.PR.E.TO,20230120,24.01,24.01,24.01,24.01,0
EFR.TO,20230120,8.83,9.34,8.73,9.29,416441
EFX.TO,20230120,9.95,10.1,9.86,9.96,655689
EGIF.TO,20230120,22.17,22.17,22.1,22.1,3700
EGLX.TO,20230120,0.83,0.93,0.83,0.91,260893
EHE.TO,20230120,28.16,28.16,28.16,28.16,0
EHE.B.TO,20230120,26.23,26.23,26.23,26.23,0
EIF.TO,20230120,52.82,53.1,52.7,52.91,61957
EIF.DB.J.TO,20230120,108.52,109.15,108.52,109.15,61000
EIF.DB.K.TO,20230120,111,111,109.75,110,46999
EIF.DB.L.TO,20230120,105,105,104.5,104.5,90000
EIF.DB.M.TO,20230120,100,101,99.5,101,499000
EIT.PR.A.TO,20230120,24.49,24.54,24.49,24.54,3800
EIT.PR.B.TO,20230120,24.35,24.35,24.35,24.35,100
EIT.UN.TO,20230120,13.63,13.74,13.58,13.71,189613
ELD.TO,20230120,11.91,12.27,11.87,12.27,379737
ELEF.TO,20230120,0.52,0.52,0.51,0.52,37639
ELF.TO,20230120,899.22,899.22,899.22,899.22,0
ELF.PR.F.TO,20230120,22.08,22.09,21.9,21.9,2800
ELF.PR.G.TO,20230120,20.1,20.1,20.1,20.1,0
ELF.PR.H.TO,20230120,22.8,22.8,22.8,22.8,500
ELR.TO,20230120,0.15,0.15,0.15,0.15,0
EMA.TO,20230120,54.06,54.3,53.64,54.22,1280202
EMA.PR.A.TO,20230120,13.95,13.95,13.95,13.95,25000
EMA.PR.B.TO,20230120,16.3,16.35,16.2,16.2,2160
EMA.PR.C.TO,20230120,20.3,20.3,20.1,20.1,6225
EMA.PR.E.TO,20230120,19,19,18.95,18.95,693
EMA.PR.F.TO,20230120,18.5,18.65,18.5,18.62,2700
EMA.PR.H.TO,20230120,22.5,22.5,22.2,22.42,9366
EMA.PR.J.TO,20230120,23.5,23.86,23.32,23.32,4988
EMA.PR.L.TO,20230120,19.09,19.1,19,19,2914
EMP.A.TO,20230120,36.51,36.66,36.2,36.53,152608
EMV.B.TO,20230120,25.55,25.6,25.55,25.55,800
ENB.TO,20230120,55.8,56.08,55.45,56.02,11963330
ENB.PF.A.TO,20230120,16.6,16.76,16.45,16.51,10326
ENB.PF.C.TO,20230120,16.39,16.57,16.2,16.2,7093
ENB.PF.E.TO,20230120,15.7,15.72,15.7,15.71,10262
ENB.PF.G.TO,20230120,15.7,15.7,15.55,15.55,16000
ENB.PF.K.TO,20230120,23.9,23.95,23.65,23.65,16511
ENB.PF.U.TO,20230120,19.91,19.91,19.88,19.91,7800
ENB.PF.V.TO,20230120,20.01,20.15,19.99,20.15,2800
ENB.PR.A.TO,20230120,22.98,22.99,22.8,22.83,3581
ENB.PR.B.TO,20230120,18.7,18.84,18.68,18.68,26366
ENB.PR.D.TO,20230120,18.11,18.27,18,18,16402
ENB.PR.F.TO,20230120,18.22,18.36,17.97,17.98,22652
ENB.PR.H.TO,20230120,16.45,16.47,16.3,16.33,10290
ENB.PR.J.TO,20230120,16.94,16.94,16.62,16.62,4556
ENB.PR.N.TO,20230120,18.65,18.65,18.36,18.36,22133
ENB.PR.P.TO,20230120,16.65,16.7,16.4,16.48,14019
ENB.PR.T.TO,20230120,16.24,16.29,16.07,16.07,18421
ENB.PR.V.TO,20230120,22,22.12,21.81,22.12,9559
ENB.PR.Y.TO,20230120,15.59,15.6,15.31,15.31,10386
ENCC.TO,20230120,11.64,11.73,11.61,11.72,14505
ENGH.TO,20230120,39.8,40,39.75,39.75,81955
ENI.UN.TO,20230120,1.47,1.47,1.47,1.47,2000
ENS.TO,20230120,15.48,15.55,15.42,15.42,25663
ENS.PR.A.TO,20230120,9.93,9.95,9.93,9.95,5838
EPRX.TO,20230120,4.2,4.24,4.2,4.2,4200
EPRX.WT.TO,20230120,0.35,0.35,0.35,0.35,0
EPRX.WT.A.TO,20230120,2,2,2,2,0
EQB.TO,20230120,59.74,60.13,58.94,59.76,42326
EQB.PR.C.TO,20230120,23.75,23.75,23.75,23.75,220
EQL.TO,20230120,29.75,29.99,29.73,29.96,20857
EQL.F.TO,20230120,26.3,26.69,26.3,26.69,23854
EQL.U.TO,20230120,22.14,22.32,22.14,22.32,1100
EQX.TO,20230120,5.84,5.96,5.79,5.92,732341
ERD.TO,20230120,0.32,0.32,0.31,0.315,123000
ERE.UN.TO,20230120,3.45,3.48,3.35,3.38,71121
ERO.TO,20230120,21.53,21.68,21.1,21.47,172737
ESG.TO,20230120,27.59,27.76,27.57,27.76,1501
ESG.F.TO,20230120,26.55,26.55,26.55,26.55,0
ESGA.TO,20230120,32.54,32.7,32.54,32.7,400
ESGB.TO,20230120,26.67,26.67,26.63,26.63,3400
ESGC.TO,20230120,24.43,24.43,24.43,24.43,3000
ESGE.TO,20230120,30,30.1,30,30.1,600
ESGF.TO,20230120,24.99,24.99,24.99,24.99,0
ESGG.TO,20230120,34.27,34.27,34.27,34.27,0
ESGH.TO,20230120,26.65,26.65,26.65,26.65,100
ESGY.TO,20230120,36.43,36.79,36.43,36.67,3604
ESGY.F.TO,20230120,30.4,30.4,30.4,30.4,0
ESI.TO,20230120,4,4.05,3.89,4.03,234496
ESM.TO,20230120,0.07,0.075,0.07,0.075,190000
ESPX.TO,20230120,20.15,20.15,20.15,20.15,0
ESPX.B.TO,20230120,20.51,20.51,20.51,20.51,0
ET.TO,20230120,12.59,12.59,12.03,12.28,14241
ETC.TO,20230120,5.28,5.29,5.28,5.29,1293
ETC.U.TO,20230120,4.89,4.89,4.89,4.89,0
ETG.TO,20230120,1.48,1.48,1.43,1.48,32526
ETHH.TO,20230120,6.56,6.91,6.56,6.91,11516
ETHH.B.TO,20230120,7.39,7.75,7.38,7.75,187294
ETHH.U.TO,20230120,6.86,7.24,6.86,7.24,19650
ETHI.TO,20230120,39.7,39.95,39.7,39.95,2387
ETHQ.TO,20230120,8.39,8.8,8.39,8.8,5086
ETHQ.U.TO,20230120,6.45,6.45,6.45,6.45,1000
ETHR.TO,20230120,7.39,7.75,7.38,7.74,10132
ETHR.U.TO,20230120,6.86,7.24,6.86,7.2,2425
ETHX.B.TO,20230120,7.58,7.99,7.57,7.97,193008
ETHX.U.TO,20230120,7.05,7.48,7.05,7.45,109132
ETHY.TO,20230120,2.75,2.82,2.73,2.81,36289
ETHY.B.TO,20230120,3.36,3.39,3.27,3.39,4113
ETHY.U.TO,20230120,2.68,2.76,2.68,2.76,2300
ETP.TO,20230120,16.72,16.72,16.72,16.72,0
ETSX.TO,20230120,20.51,20.51,20.51,20.51,0
EVT.TO,20230120,130,130,130,130,0
EXE.TO,20230120,6.59,6.64,6.54,6.55,316305
EXE.DB.C.TO,20230120,94.75,95.99,94.75,94.75,77000
EXN.TO,20230120,0.43,0.44,0.395,0.395,83521
EXRO.TO,20230120,2.01,2.15,1.98,2.13,489431
EXRO.WT.TO,20230120,1.11,1.2,1.11,1.2,4900
FANS.TO,20230120,0.12,0.125,0.12,0.125,200655
FAP.TO,20230120,2.73,2.73,2.66,2.71,37836
FAR.TO,20230120,1.69,1.69,1.69,1.69,100
FBGO.TO,20230120,17.7,17.7,17.7,17.7,0
FBT.TO,20230120,27.18,27.18,27.18,27.18,200
FBTC.TO,20230120,9.55,10.1,9.54,10.1,4929
FBTC.U.TO,20230120,7.06,7.06,7.06,7.06,0
FC.TO,20230120,11.84,11.9,11.81,11.87,17869
FC.DB.H.TO,20230120,97,97,97,97,0
FC.DB.I.TO,20230120,94,94,94,94,0
FC.DB.J.TO,20230120,95,95,93.12,93.12,10000
FC.DB.K.TO,20230120,89,89,89,89,19000
FC.DB.L.TO,20230120,90.5,92,90.5,92,25000
FCCD.TO,20230120,28.45,28.45,28.45,28.45,100
FCCQ.TO,20230120,30.33,30.48,30.33,30.46,2213
FCCV.TO,20230120,13.13,13.25,13.13,13.25,27207
FCD.UN.TO,20230120,6.07,6.07,5.95,6.03,6280
FCGI.TO,20230120,12.22,12.22,12.22,12.22,0
FCID.TO,20230120,24.13,24.13,24.13,24.13,1200
FCII.TO,20230120,21.95,21.95,21.95,21.95,0
FCIQ.TO,20230120,33.21,33.29,33.09,33.29,6762
FCIQ.U.TO,20230120,24.52,24.52,24.52,24.52,0
FCIV.TO,20230120,29.51,29.51,29.41,29.41,1521
FCMI.TO,20230120,12.26,12.26,12.26,12.26,0
FCQH.TO,20230120,39.43,39.74,39.4,39.74,2128
FCR.UN.TO,20230120,17.98,18.08,17.82,18.03,402266
FCRH.TO,20230120,29.38,29.38,29.38,29.38,0
FCRR.TO,20230120,31.9,31.9,31.89,31.89,200
FCRR.U.TO,20230120,24.21,24.21,24.21,24.21,0
FCSI.TO,20230120,18.41,18.41,18.41,18.41,0
FCU.TO,20230120,0.85,0.89,0.85,0.89,1161766
FCUD.TO,20230120,30.15,30.46,30.15,30.46,4104
FCUD.U.TO,20230120,23.1,23.1,23.1,23.1,0
FCUH.TO,20230120,27.57,27.87,27.57,27.87,1700
FCUQ.TO,20230120,41.24,41.35,41.22,41.35,2572
FCUQ.U.TO,20230120,30.51,30.51,30.51,30.51,0
FCUV.TO,20230120,12.83,13.04,12.83,13.04,3693
FCUV.U.TO,20230120,9.7,9.7,9.7,9.7,0
FCVH.TO,20230120,12.79,12.79,12.79,12.79,200
FDL.TO,20230120,31.34,31.47,31.34,31.47,400
FDN.TO,20230120,14.2,14.2,14.2,14.2,0
FDN.F.TO,20230120,9.48,9.48,9.48,9.48,0
FDY.TO,20230120,0.75,0.79,0.74,0.79,293543
FEBB.F.TO,20230120,34.87,34.87,34.87,34.87,0
FEC.TO,20230120,12.41,12.53,12.29,12.46,57715
FETH.TO,20230120,28.75,29.95,28.75,29.95,1368
FF.TO,20230120,0.215,0.22,0.21,0.22,341985
FFH.TO,20230120,801.38,820.98,798.63,811.84,304603
FFH.PR.C.TO,20230120,19.85,19.85,19.72,19.72,2128
FFH.PR.D.TO,20230120,20,20,20,20,1600
FFH.PR.E.TO,20230120,15.17,15.17,15.17,15.17,0
FFH.PR.F.TO,20230120,17.5,17.5,17.5,17.5,0
FFH.PR.G.TO,20230120,15.51,15.7,15.43,15.43,1700
FFH.PR.H.TO,20230120,17.99,17.99,17.99,17.99,100
FFH.PR.I.TO,20230120,16.67,16.67,16.31,16.31,2788
FFH.PR.J.TO,20230120,18.7,18.7,18.7,18.7,300
FFH.PR.K.TO,20230120,20.6,20.6,20.41,20.41,2601
FFH.PR.M.TO,20230120,22.33,22.35,22.11,22.11,7836
FFH.U.TO,20230120,600.33,610.71,600.33,610.71,200
FFN.TO,20230120,5.51,5.51,5.43,5.5,138532
FFN.PR.A.TO,20230120,9.67,9.67,9.6,9.63,59120
FGAA.U.TO,20230120,9.91,9.91,9.91,9.91,0
FGB.TO,20230120,17.91,17.91,17.91,17.91,0
FGGE.TO,20230120,20.2,20.44,20.2,20.44,2500
FGO.TO,20230120,10.18,10.18,10.15,10.16,16400
FGO.U.TO,20230120,10.22,10.22,10.22,10.22,0
FHG.TO,20230120,38.24,38.24,38.24,38.24,100
FHH.TO,20230120,40.19,40.19,40.19,40.19,0
FHH.F.TO,20230120,30.27,30.27,30.27,30.27,0
FHI.TO,20230120,11.8,11.91,11.8,11.9,1485
FHI.B.TO,20230120,12.9,12.9,12.9,12.9,0
FHIS.TO,20230120,20.14,20.14,20.14,20.14,1900
FHQ.TO,20230120,62.85,62.85,62.85,62.85,0
FIE.TO,20230120,7.01,7.01,6.97,7.01,115016
FIG.TO,20230120,9.44,9.45,9.42,9.45,16800
FIG.U.TO,20230120,8.88,8.88,8.88,8.88,12158
FIH.U.TO,20230120,14.09,14.48,14.07,14.23,37407
FIL.TO,20230120,24.9,25.5,24.84,25.32,103065
FINO.TO,20230120,13.92,13.92,13.92,13.92,0
FLCI.TO,20230120,17.39,17.39,17.39,17.39,0
FLCP.TO,20230120,17.7,17.7,17.7,17.7,1280
FLDM.TO,20230120,20.28,20.28,20.28,20.28,100
FLGA.TO,20230120,18.72,18.79,18.72,18.72,4400
FLGD.TO,20230120,23.68,23.68,23.68,23.68,0
FLI.TO,20230120,9.98,10.11,9.98,10.1,3336
FLNT.TO,20230120,0.04,0.04,0.04,0.04,10000
FLOW.TO,20230120,0.45,0.63,0.45,0.6,199340
FLSD.TO,20230120,18.63,18.63,18.63,18.63,0
FLUS.TO,20230120,30.7,30.95,30.7,30.95,3800
FLX.TO,20230120,6.86,6.87,6.86,6.87,12280
FLX.U.TO,20230120,5.77,5.77,5.77,5.77,0
FM.TO,20230120,29.89,30.94,29.27,30.56,1864378
FN.TO,20230120,38.44,38.6,38.28,38.6,12086
FN.PR.A.TO,20230120,11.34,11.34,11.33,11.33,2002
FN.PR.B.TO,20230120,15.1,15.12,14.9,14.9,1100
FNV.TO,20230120,196.15,197.65,194.47,196.67,379103
FOOD.TO,20230120,0.55,0.55,0.51,0.53,83785
FOOD.DB.A.TO,20230120,39.99,39.99,39.99,39.99,0
FORA.TO,20230120,8.2,8.45,8.2,8.39,6384
FOUR.TO,20230120,36.09,36.09,36.09,36.09,165
FPR.TO,20230120,21.39,21.42,21.39,21.42,1700
FRU.TO,20230120,15.75,15.82,15.57,15.79,386479
FRX.TO,20230120,13.23,13.26,13.23,13.26,357
FSB.TO,20230120,9.6,9.62,9.6,9.6,46458
FSB.U.TO,20230120,9.74,9.74,9.74,9.74,100
FSF.TO,20230120,22.2,22.2,22.2,22.2,0
FSL.TO,20230120,16.96,16.96,16.96,16.96,0
FST.TO,20230120,43,43,43,43,164
FSV.TO,20230120,182.11,184.74,181.57,184.44,44583
FSY.TO,20230120,0.48,0.5,0.47,0.495,111716
FSZ.TO,20230120,9.17,9.39,9.15,9.39,242706
FT.TO,20230120,0.08,0.08,0.07,0.075,237097
FTG.TO,20230120,2.35,2.4,2.35,2.4,2400
FTN.TO,20230120,9.5,9.57,9.47,9.52,154122
FTN.PR.A.TO,20230120,9.74,9.74,9.72,9.73,32395
FTS.TO,20230120,55.82,56.03,55.34,55.87,4480939
FTS.PR.F.TO,20230120,21.35,21.35,21.35,21.35,225
FTS.PR.G.TO,20230120,18.17,18.17,18,18,1646
FTS.PR.H.TO,20230120,13.45,13.45,13.45,13.45,0
FTS.PR.I.TO,20230120,16,16,15.98,15.98,1800
FTS.PR.J.TO,20230120,20.9,20.94,20.61,20.61,8033
FTS.PR.K.TO,20230120,16.98,17.05,16.98,17.05,10003
FTS.PR.M.TO,20230120,18,18.12,17.91,17.91,22072
FTT.TO,20230120,36.14,36.67,35.98,36.59,238995
FTU.TO,20230120,0.35,0.35,0.35,0.35,0
FTU.PR.B.TO,20230120,6.85,6.85,6.85,6.85,0
FUD.TO,20230120,33.09,33.09,33.09,33.09,0
FURY.TO,20230120,0.86,0.91,0.84,0.91,110333
FVI.TO,20230120,4.96,5.09,4.91,5.05,563591
FVL.TO,20230120,0.48,0.48,0.47,0.475,61150
FWCP.TO,20230120,17.68,17.68,17.68,17.68,0
FXM.TO,20230120,20.43,20.63,20.43,20.63,1430
G.TO,20230120,1.55,1.55,1.5,1.52,291145
GATO.TO,20230120,6.83,6.94,6.81,6.94,4200
GAU.TO,20230120,0.75,0.8,0.75,0.78,44678
GBAL.TO,20230120,40.7,40.71,40.7,40.71,1650
GBT.TO,20230120,14.53,14.55,14.53,14.55,550
GCBD.TO,20230120,18.03,18.03,18.03,18.03,842
GCG.TO,20230120,39.25,39.25,39.25,39.25,0
GCG.A.TO,20230120,39.46,39.9,39.46,39.9,3213
GCL.TO,20230120,0.73,0.75,0.73,0.75,9509
GCNS.TO,20230120,38.41,38.41,38.41,38.41,0
GCSC.TO,20230120,20.68,20.68,20.68,20.68,200
GDC.TO,20230120,2.04,2.07,2.03,2.07,1900
GDEP.TO,20230120,19.44,19.44,19.44,19.44,0
GDEP.B.TO,20230120,18.46,18.46,18.46,18.46,0
GDI.TO,20230120,45.66,46.74,45.66,46.7,21405
GDL.TO,20230120,15.48,15.6,15,15.05,6072
GDPY.TO,20230120,19.84,19.84,19.84,19.84,200
GDPY.B.TO,20230120,19.07,19.1,19.07,19.1,200
GDV.TO,20230120,11,11.05,10.91,11.05,20269
GDV.PR.A.TO,20230120,9.7,9.78,9.7,9.78,3200
GEI.TO,20230120,24.48,24.8,24.44,24.72,419705
GENM.TO,20230120,0.77,0.77,0.74,0.75,65205
GEO.TO,20230120,3.14,3.14,3.05,3.1,17841
GEQT.TO,20230120,44.28,44.28,44.28,44.28,204
GFL.TO,20230120,41.01,41.98,40.65,41.79,330614
GFP.TO,20230120,1.51,1.56,1.49,1.54,113784
GGD.TO,20230120,2.39,2.5,2.38,2.49,366357
GGRO.TO,20230120,42.58,42.58,42.58,42.58,141
GH.TO,20230120,8.07,8.1,8.01,8.08,8600
GIB.A.TO,20230120,116.51,116.95,115.87,116.87,241226
GIL.TO,20230120,41.48,41.61,41.27,41.43,157756
GIQG.TO,20230120,18.6,18.6,18.6,18.6,0
GIQG.B.TO,20230120,19.56,19.56,19.56,19.56,0
GIVX.TO,20230120,0.51,0.51,0.51,0.51,500
GLCC.TO,20230120,27.18,27.27,27,27.25,5098
GLO.TO,20230120,3.83,4.07,3.82,4.04,237752
GLXY.TO,20230120,5.2,5.37,5.09,5.33,420451
GMTN.TO,20230120,0.13,0.13,0.13,0.13,242618
GMX.TO,20230120,0.92,0.92,0.9,0.9,14050
GOLD.TO,20230120,1.79,1.82,1.74,1.8,239540
GOOS.TO,20230120,27.82,28.28,27.09,28.24,607468
GPMD.TO,20230120,9.89,9.89,9.89,9.89,0
GRA.TO,20230120,2.76,2.77,2.65,2.76,74485
GRC.TO,20230120,0.12,0.12,0.12,0.12,0
GRID.TO,20230120,1.05,1.05,1,1,3000
GRN.TO,20230120,0.5,0.51,0.5,0.51,96683
GRNI.TO,20230120,29.55,29.55,29.55,29.55,200
GRT.UN.TO,20230120,78.74,79.92,78.48,79.4,116920
GSY.TO,20230120,112,116.25,110.57,116.12,73863
GTE.TO,20230120,1.25,1.29,1.24,1.28,489551
GUD.TO,20230120,5.17,5.22,5.11,5.18,93508
GURU.TO,20230120,2.85,3,2.83,2.93,10318
GVC.TO,20230120,0.335,0.335,0.335,0.335,8800
GWO.TO,20230120,34,34.38,33.88,34.36,675893
GWO.PR.G.TO,20230120,21.92,22.05,21.86,21.91,6754
GWO.PR.H.TO,20230120,20.7,20.75,20.7,20.75,300
GWO.PR.I.TO,20230120,19.7,19.75,19.61,19.61,1689
GWO.PR.L.TO,20230120,24,24,24,24,500
GWO.PR.M.TO,20230120,24.3,24.38,24.29,24.38,1900
GWO.PR.N.TO,20230120,12.51,12.62,12.4,12.4,285721
GWO.PR.P.TO,20230120,22.65,22.75,22.65,22.67,4170
GWO.PR.Q.TO,20230120,21.55,21.55,21.55,21.55,0
GWO.PR.R.TO,20230120,20.75,20.82,20.7,20.7,4580
GWO.PR.S.TO,20230120,22.2,22.22,22.08,22.08,1994
GWO.PR.T.TO,20230120,21.66,21.66,21.66,21.66,1515
GWO.PR.Y.TO,20230120,19.68,20,19.45,19.45,28113
GXE.TO,20230120,1.08,1.08,1.05,1.06,746193
H.TO,20230120,37.62,37.62,37.09,37.42,446660
HAB.TO,20230120,9.88,9.88,9.85,9.88,8543
HAC.TO,20230120,25.87,25.88,25.87,25.88,304
HAD.TO,20230120,9.05,9.05,9.05,9.05,0
HAF.TO,20230120,7.1,7.11,7.09,7.11,2100
HAI.TO,20230120,3.22,3.22,3.19,3.19,4561
HAL.TO,20230120,20.26,20.34,20.26,20.34,10258
HAZ.TO,20230120,27.25,27.25,27.05,27.12,1630
HBA.TO,20230120,22.51,22.51,22.51,22.51,939
HBAL.TO,20230120,12.63,12.63,12.63,12.63,1254
HBB.TO,20230120,46.07,46.11,45.98,46.11,29295
HBD.TO,20230120,10.75,10.75,10.75,10.75,500
HBF.TO,20230120,9.51,9.58,9.47,9.58,171410
HBF.B.TO,20230120,10.27,10.27,10.27,10.27,200
HBF.U.TO,20230120,10.52,10.52,10.52,10.52,0
HBFE.TO,20230120,10.46,10.46,10.46,10.46,125
HBGD.TO,20230120,13.68,13.68,13.68,13.68,0
HBLK.TO,20230120,9.76,9.76,9.76,9.76,0
HBM.TO,20230120,8.01,8.02,7.68,7.98,2222512
HBP.TO,20230120,0.205,0.205,0.205,0.205,590
HBU.TO,20230120,11.54,11.6,11.54,11.56,5403
HBUG.TO,20230120,16.92,16.92,16.92,16.92,0
HCA.TO,20230120,21.93,22.02,21.93,22.02,1055
HCAL.TO,20230120,21.45,21.57,21.36,21.57,14134
HCLN.TO,20230120,12.88,12.88,12.88,12.88,531
HCON.TO,20230120,11.97,11.97,11.97,11.97,0
HCRE.TO,20230120,26.58,26.59,26.58,26.59,300
HDGE.TO,20230120,21,21,21,21,0
HDIF.TO,20230120,8.24,8.31,8.17,8.31,85852
HDIV.TO,20230120,16.36,16.49,16.25,16.49,44404
HED.TO,20230120,6.42,6.42,6.24,6.29,72921
HERO.TO,20230120,25.1,25.1,25.1,25.1,0
HEU.TO,20230120,25.1,25.56,25.07,25.32,61521
HEWB.TO,20230120,29.67,29.75,29.67,29.75,405
HFD.TO,20230120,10.67,10.69,10.61,10.61,1563
HFG.TO,20230120,19.83,19.9,19.83,19.9,2400
HFIN.TO,20230120,13.74,13.89,13.74,13.89,24500
HFPC.U.TO,20230120,3.01,3.02,3.01,3.01,2400
HFR.TO,20230120,9.76,9.76,9.76,9.76,14886
HFU.TO,20230120,18.81,19.09,18.81,19.09,2161
HGD.TO,20230120,5.71,5.72,5.53,5.53,235739
HGGG.TO,20230120,28.46,28.46,28.46,28.46,100
HGR.TO,20230120,6.9,6.9,6.9,6.9,200
HGU.TO,20230120,16.07,16.37,15.83,16.37,128467
HGY.TO,20230120,9.88,9.96,9.88,9.96,13477
HHL.TO,20230120,8.19,8.21,8.13,8.21,127634
HHL.B.TO,20230120,8.75,8.75,8.75,8.75,0
HHL.U.TO,20230120,8.5,8.5,8.5,8.5,600
HHLE.TO,20230120,10.46,10.5,10.39,10.5,18477
HIG.TO,20230120,8.84,8.84,8.84,8.84,2021
HISU.U.TO,20230120,100.28,100.29,100.28,100.29,4674
HIU.TO,20230120,15.06,15.06,14.83,14.84,55994
HIX.TO,20230120,7.19,7.19,7.15,7.15,2393
HLF.TO,20230120,14,14.29,14,14.15,17930
HLFE.TO,20230120,10.7,10.7,10.7,10.7,0
HLIF.TO,20230120,9.35,9.42,9.35,9.41,7663
HLIT.TO,20230120,37.84,39.08,37.84,39.08,956
HLPR.TO,20230120,23.15,23.15,23.14,23.14,1499
HLS.TO,20230120,9.7,9.9,9.7,9.8,4359
HMM.A.TO,20230120,4.35,4.46,4.35,4.46,6100
HMMJ.TO,20230120,12.03,12.21,11.95,12.17,11793
HMP.TO,20230120,9.34,9.34,9.31,9.31,2870
HND.TO,20230120,43.9,48.02,42.3,47.48,895854
HNU.TO,20230120,3.14,3.26,2.87,2.9,11803070
HOD.TO,20230120,10.07,10.34,9.85,9.86,1483583
HOM.DB.U.TO,20230120,103.87,103.87,103.87,103.87,0
HOM.U.TO,20230120,14.18,14.48,14.03,14.03,30666
HOM.UN.TO,20230120,19.39,19.39,19.06,19.13,27992
HOT.DB.V.TO,20230120,87,87,87,87,19000
HOT.U.TO,20230120,2.05,2.18,2.03,2.18,800
HOT.UN.TO,20230120,2.81,2.86,2.73,2.81,103760
HOU.TO,20230120,15.68,16,15.25,15.97,643636
HPF.TO,20230120,3.76,3.76,3.76,3.76,305
HPF.U.TO,20230120,4.43,4.43,4.43,4.43,0
HPR.TO,20230120,8.02,8.02,7.96,7.98,81472
HPS.A.TO,20230120,23.01,24,22.92,23.99,7534
HQD.TO,20230120,8.6,8.66,8.22,8.22,1753583
HQD.U.TO,20230120,6.38,6.38,6.38,6.38,100
HQU.TO,20230120,8.51,8.89,8.46,8.89,611810
HR.UN.TO,20230120,12.79,12.98,12.76,12.94,274022
HRAA.TO,20230120,10.91,10.91,10.88,10.88,3672
HRED.TO,20230120,12.8,12.8,12.8,12.8,0
HRX.TO,20230120,14.21,14.45,14.1,14.2,45033
HSAV.TO,20230120,105.04,105.12,104.97,105.12,25397
HSD.TO,20230120,7.97,8.04,7.73,7.74,2172586
HSH.TO,20230120,47.93,48.43,47.71,48.43,7930
HSU.TO,20230120,13.08,13.48,12.99,13.48,352359
HSUV.U.TO,20230120,102.72,102.84,102.59,102.59,37030
HTA.TO,20230120,12.14,12.42,12.14,12.42,213138
HTA.B.TO,20230120,12.35,12.35,12.35,12.35,0
HTA.U.TO,20230120,12.99,12.99,12.99,12.99,0
HTAE.TO,20230120,10.29,10.53,10.29,10.53,14671
HTB.TO,20230120,55.39,55.39,55.18,55.27,2410
HTB.U.TO,20230120,41.22,41.3,41.22,41.3,1093
HUBL.TO,20230120,14.02,14.1,14.02,14.1,200
HUBL.U.TO,20230120,15,15,15,15,0
HUC.TO,20230120,21.14,21.25,20.99,21.23,6215
HUG.TO,20230120,15.56,15.59,15.56,15.59,1421
HULC.TO,20230120,61.47,61.63,61.19,61.63,11066
HULC.U.TO,20230120,44.9,44.9,44.9,44.9,0
HUM.TO,20230120,25.43,25.43,25.43,25.43,0
HUN.TO,20230120,14.02,14.15,13.86,13.92,4486
HURA.TO,20230120,24.32,24.32,24.18,24.22,5974
HUT.TO,20230120,2.22,2.57,2.12,2.54,7886113
HUTE.TO,20230120,10.79,10.79,10.79,10.79,500
HUTL.TO,20230120,17.71,17.94,17.71,17.8,2429
HUTS.TO,20230120,14.55,14.55,14.5,14.5,3314
HUV.TO,20230120,5.94,6,5.73,5.77,164904
HUZ.TO,20230120,11.1,11.2,11.1,11.2,1032
HWO.TO,20230120,1.55,1.6,1.55,1.6,8600
HWX.TO,20230120,6.25,6.28,6.14,6.2,700308
HXCN.TO,20230120,31.6,31.92,31.6,31.92,3970
HXD.TO,20230120,6.74,6.75,6.64,6.65,229978
HXDM.TO,20230120,39.35,39.37,39.29,39.35,13502
HXDM.U.TO,20230120,29.37,29.37,29.37,29.37,0
HXE.TO,20230120,30.6,30.94,30.6,30.86,1795
HXEM.TO,20230120,33.36,33.36,33.33,33.33,2434
HXF.TO,20230120,60.27,60.27,60.27,60.27,0
HXH.TO,20230120,45.45,45.45,45.42,45.42,207
HXQ.TO,20230120,43.49,44.18,43.45,44.18,43028
HXQ.U.TO,20230120,32.38,32.38,32.38,32.38,0
HXS.TO,20230120,52.89,53.35,52.77,53.35,21519
HXS.U.TO,20230120,39.24,39.24,39.24,39.24,0
HXT.TO,20230120,50.09,50.48,49.95,50.45,130339
HXT.U.TO,20230120,37.11,37.11,37.11,37.11,0
HXU.TO,20230120,19.3,19.54,19.3,19.51,38705
HXX.TO,20230120,40.23,40.23,40.23,40.23,162
HYBR.TO,20230120,8.15,8.15,8.15,8.15,817
HYLD.TO,20230120,12.22,12.32,12.12,12.32,169964
HYLD.U.TO,20230120,12.34,12.34,12.34,12.34,101
HZD.TO,20230120,15.08,15.33,14.98,15,26113
HZU.TO,20230120,23.4,23.63,23.13,23.61,41743
IAF.PR.B.TO,20230120,20.24,20.5,20.24,20.5,700
IAG.TO,20230120,80.93,82.18,80.39,81.99,112982
IAU.TO,20230120,3.79,3.79,3.68,3.76,1152554
IBG.DB.E.TO,20230120,100,100,100,100,0
ICE.TO,20230120,3.65,3.65,3.65,3.65,100
ICPB.TO,20230120,9.46,9.46,9.46,9.46,200
IDIV.B.TO,20230120,11.56,11.56,11.56,11.56,0
IE.TO,20230120,18.53,18.53,17.85,18.24,10076
IFA.TO,20230120,0.79,0.79,0.78,0.79,8899
IFC.TO,20230120,197.12,198.45,196,197.82,166345
IFC.PR.A.TO,20230120,18.4,18.44,18.25,18.25,23089
IFC.PR.C.TO,20230120,18.69,18.69,18.21,18.21,14608
IFC.PR.E.TO,20230120,22.15,22.15,22.15,22.15,0
IFC.PR.F.TO,20230120,22.4,22.6,22.25,22.25,5299
IFC.PR.G.TO,20230120,21,21.01,20.56,20.56,12450
IFC.PR.I.TO,20230120,23.01,23.1,23,23,4100
IFC.PR.K.TO,20230120,22.3,22.3,22.2,22.2,800
IFP.TO,20230120,20.65,21.72,20.65,21.68,252168
IFRF.TO,20230120,8.91,8.91,8.91,8.91,0
IGAF.TO,20230120,11.3,11.3,11.3,11.3,350
IGB.TO,20230120,17.86,17.86,17.86,17.86,200
IGCF.TO,20230120,16.91,16.91,16.91,16.91,0
IGM.TO,20230120,40.51,41.29,40.31,41.25,204727
III.TO,20230120,2.05,2.1,2.04,2.06,23410
IIP.UN.TO,20230120,13.97,14.12,13.9,14.05,375130
ILGB.TO,20230120,8.81,8.81,8.81,8.81,0
IMG.TO,20230120,3.55,3.65,3.5,3.64,1210291
IMO.TO,20230120,68.38,68.63,67.57,68.21,1066991
IMP.TO,20230120,0.83,0.88,0.82,0.88,32600
INC.UN.TO,20230120,11.73,11.76,11.73,11.76,2030
INE.TO,20230120,16.1,16.11,15.62,15.95,854945
INE.DB.B.TO,20230120,101,101,101,101,22000
INE.DB.C.TO,20230120,96.6,97,96,97,13000
INE.PR.A.TO,20230120,14.76,14.77,14.35,14.4,6100
INE.PR.C.TO,20230120,22.47,22.47,22.47,22.47,0
INO.UN.TO,20230120,4.47,4.59,4.41,4.58,72866
INOC.TO,20230120,12.52,12.52,12.52,12.52,0
IPCO.TO,20230120,14.19,14.99,14.02,14.98,175603
IPO.TO,20230120,3.11,3.15,2.97,2.98,978886
IQD.TO,20230120,29.81,29.81,29.81,29.81,100
IQD.B.TO,20230120,26.4,26.4,26.4,26.4,0
ISIF.TO,20230120,10.85,10.85,10.85,10.85,0
ISV.TO,20230120,23.07,23.1,23.01,23.05,45822
ITE.TO,20230120,0.35,0.375,0.35,0.36,1175052
ITH.TO,20230120,0.95,0.96,0.92,0.92,19391
IUTE.TO,20230120,17.9,17.9,17.9,17.9,0
IVN.TO,20230120,12.11,12.38,12.04,12.34,1113850
IVQ.TO,20230120,1.23,1.23,1.17,1.17,23699
IVQ.DB.U.TO,20230120,70.75,70.75,70.75,70.75,0
IVQ.DB.V.TO,20230120,80,82,79.5,82,16000
IVQ.U.TO,20230120,0.94,0.98,0.93,0.98,3000
IWBE.TO,20230120,17.9,17.9,17.9,17.9,2400
IXTE.TO,20230120,18.95,18.96,18.8,18.96,6365
JAG.TO,20230120,3.06,3.08,2.85,2.89,154458
JAPN.TO,20230120,29.25,29.25,29.25,29.25,0
JAPN.B.TO,20230120,25.09,25.09,25.09,25.09,0
JFS.UN.TO,20230120,25.42,25.42,24.61,24.61,1400
JOY.TO,20230120,5.49,5.58,5.38,5.48,393646
JWEL.TO,20230120,35.15,35.62,34.86,35.56,545979
K.TO,20230120,6.28,6.35,6.25,6.32,2553691
KBL.TO,20230120,28.7,29,28.7,28.9,15675
KEC.TO,20230120,14.65,14.65,14,14.21,23077
KEG.UN.TO,20230120,16.19,16.29,16.12,16.28,3672
KEI.TO,20230120,6.12,6.58,6.03,6.58,78979
KEL.TO,20230120,4.95,5.02,4.92,4.95,347323
KEY.TO,20230120,31.14,31.27,30.77,31.19,501435
KILO.TO,20230120,28.91,29,28.91,29,2799
KILO.B.TO,20230120,30.95,30.95,30.95,30.95,0
KILO.U.TO,20230120,29.32,29.32,29.32,29.32,0
KITS.TO,20230120,3.31,3.33,3.29,3.33,4334
KLS.TO,20230120,0.39,0.39,0.39,0.39,0
KMP.UN.TO,20230120,18.01,18.11,17.8,18.06,154759
KNT.TO,20230120,7.96,8.12,7.74,7.92,963949
KPT.TO,20230120,10.09,10.13,10.09,10.13,4759
KRN.TO,20230120,0.275,0.275,0.25,0.255,42760
KRR.TO,20230120,5.32,5.35,5.25,5.32,488953
KSI.TO,20230120,2.61,2.61,2.6,2.6,1950
KXS.TO,20230120,147.42,150.64,145.96,150.14,62403
L.TO,20230120,117.79,118.96,117.39,118.16,379487
L.PR.B.TO,20230120,23.29,23.29,23.06,23.06,1742
LABS.TO,20230120,0.08,0.085,0.075,0.08,300611
LAC.TO,20230120,27.1,28.25,27,27.83,507484
LAM.TO,20230120,0.45,0.47,0.45,0.465,215118
LAS.A.TO,20230120,115.95,117.38,115.95,116.34,1492
LB.TO,20230120,34.72,34.72,34.19,34.53,156927
LB.PR.H.TO,20230120,17.21,17.21,16.95,16.95,1332
LBS.TO,20230120,8.79,8.86,8.76,8.8,202665
LBS.PR.A.TO,20230120,9.77,9.79,9.76,9.76,51350
LCFS.TO,20230120,11.5,11.73,11.5,11.73,4776
LCS.TO,20230120,5.3,5.37,5.26,5.34,125602
LCS.PR.A.TO,20230120,10,10.02,10,10.02,2500
LEAD.TO,20230120,14.53,14.53,14.53,14.53,0
LEAD.B.TO,20230120,14.91,14.91,14.91,14.91,0
LEV.TO,20230120,3.26,3.38,3.23,3.32,330092
LEV.WT.TO,20230120,0.56,0.56,0.5,0.5,11000
LEV.WT.A.TO,20230120,1.21,1.21,1.21,1.21,100
LFE.TO,20230120,3.15,3.22,3.09,3.2,20413
LFE.PR.B.TO,20230120,10.16,10.18,10.16,10.18,3500
LGD.TO,20230120,0.71,0.71,0.69,0.7,89694
LGO.TO,20230120,8.61,9.37,8.48,9.16,47472
LIF.TO,20230120,37.65,38.25,37.54,38.16,182689
LIFE.TO,20230120,22.13,22.13,21.9,22.05,18780
LIFE.B.TO,20230120,24.75,24.75,24.75,24.75,601
LIFE.U.TO,20230120,21.4,21.4,21.4,21.4,0
LN.TO,20230120,0.31,0.31,0.31,0.31,59500
LNF.TO,20230120,17.45,17.6,17.09,17.57,15475
LNR.TO,20230120,64.48,64.49,63.96,64.18,120764
LPEN.TO,20230120,1.05,1.05,1.02,1.02,43275
LSPD.TO,20230120,21.84,22.14,21.62,22.1,968950
LSPK.TO,20230120,0.9,0.9,0.86,0.9,27599
LUC.TO,20230120,0.68,0.72,0.67,0.72,287493
LUG.TO,20230120,15.12,15.18,14.97,15.05,277885
LUN.TO,20230120,9.35,9.56,9.26,9.48,2404581
LYFR.TO,20230120,10.08,10.08,10.08,10.08,0
MAG.TO,20230120,20.47,20.95,20.44,20.79,219962
MAL.TO,20230120,8.61,8.61,8.1,8.1,21854
MARI.TO,20230120,3.33,3.46,3.33,3.46,10599
MAYB.F.TO,20230120,34.2,34.32,34.2,34.31,104500
MBAL.TO,20230120,20.85,20.85,20.85,20.85,0
MBX.TO,20230120,0.385,0.385,0.38,0.38,19500
MCB.TO,20230120,1.04,1.04,1,1.02,44499
MCLC.TO,20230120,33.84,33.84,33.84,33.84,0
MCON.TO,20230120,19.57,19.57,19.57,19.57,0
MCSB.TO,20230120,19.02,19.02,19.02,19.02,100
MCSM.TO,20230120,36.6,36.6,36.6,36.6,1301
MDA.TO,20230120,6.53,6.78,6.39,6.75,88095
MDI.TO,20230120,11.44,11.6,11.31,11.4,92362
MDIV.TO,20230120,12.6,12.6,12.6,12.6,200
MDNA.TO,20230120,0.82,0.84,0.81,0.82,8169
MDP.TO,20230120,1.85,1.91,1.84,1.89,25400
MDS.UN.TO,20230120,11.35,11.35,11.35,11.35,0
MDVD.TO,20230120,22.56,22.56,22.41,22.49,1218
MEE.TO,20230120,24.03,24.03,24.03,24.03,0
MEG.TO,20230120,20.22,20.46,19.97,20.2,1706825
MEME.B.TO,20230120,26.83,26.83,26.83,26.83,250
MEQ.TO,20230120,123.99,123.99,122.95,123.99,2612
MEU.TO,20230120,21.32,21.32,21.32,21.32,0
MFC.TO,20230120,25.18,25.51,25.12,25.5,3382675
MFC.PR.B.TO,20230120,20.76,20.76,20.54,20.54,15547
MFC.PR.C.TO,20230120,20.25,20.25,20.1,20.11,5238
MFC.PR.F.TO,20230120,13.13,13.15,13.06,13.15,179860
MFC.PR.I.TO,20230120,23.24,23.28,23.16,23.16,23399
MFC.PR.J.TO,20230120,21.57,21.57,21.4,21.4,1027
MFC.PR.K.TO,20230120,18.6,18.6,18.55,18.59,2484
MFC.PR.L.TO,20230120,17.28,17.7,17.28,17.7,6700
MFC.PR.M.TO,20230120,18.23,18.35,18.18,18.22,6822
MFC.PR.N.TO,20230120,18.14,18.15,17.98,17.98,8054
MFC.PR.P.TO,20230120,15.82,15.82,15.82,15.82,0
MFC.PR.Q.TO,20230120,20.86,20.86,20.7,20.8,20610
MFI.TO,20230120,24.94,25.33,24.71,25.29,228371
MFT.TO,20230120,17.35,17.38,17.35,17.35,35800
MG.TO,20230120,85.48,86.26,85.16,85.53,393296
MGA.TO,20230120,0.235,0.24,0.23,0.24,272036
MGAB.TO,20230120,17.42,17.42,17.42,17.42,0
MGB.TO,20230120,16.67,16.7,16.67,16.67,4101
MGRW.TO,20230120,22.3,22.3,22.3,22.3,0
MHC.U.TO,20230120,15.84,15.99,15.84,15.99,900
MHC.UN.TO,20230120,20.75,20.75,20.75,20.75,100
MHCD.TO,20230120,11.13,11.14,11.13,11.14,200
MI.UN.TO,20230120,15.9,16.07,15.74,16.01,107472
MIC.PR.A.TO,20230120,19.75,20.19,19.75,19.88,126541
MID.UN.TO,20230120,6.95,7,6.95,6.99,23201
MIN.TO,20230120,0.245,0.245,0.23,0.23,101562
MINF.TO,20230120,10.31,10.31,10.31,10.31,1402
MINN.TO,20230120,11.63,11.63,11.63,11.63,155
MINT.TO,20230120,31.65,31.65,31.65,31.65,500
MINT.B.TO,20230120,29.01,29.01,29.01,29.01,0
MIVG.TO,20230120,26.55,26.55,26.55,26.55,0
MKB.TO,20230120,19.13,19.13,19.05,19.1,11519
MKC.TO,20230120,29.24,29.45,29.24,29.45,2027
MKP.TO,20230120,15.35,15.57,15.35,15.5,15733
MKZ.UN.TO,20230120,0.67,0.67,0.67,0.67,1500
MMP.UN.TO,20230120,2.01,2.05,1.97,2,5910
MND.TO,20230120,2.52,2.6,2.51,2.51,16555
MNO.TO,20230120,0.42,0.44,0.42,0.44,95400
MNS.TO,20230120,17.92,17.92,17.92,17.92,350
MNT.TO,20230120,26.45,26.68,26.45,26.53,1379
MNT.U.TO,20230120,19.6,19.6,19.6,19.6,0
MNY.TO,20230120,100.23,100.28,100.23,100.26,7019
MOGO.TO,20230120,1.03,1.08,1,1.05,83525
MPC.TO,20230120,7,7,7,7,0
MPCT.DB.A.TO,20230120,87.99,87.99,87.99,87.99,0
MPCT.UN.TO,20230120,4.21,4.28,4.14,4.28,75739
MPVD.TO,20230120,0.62,0.62,0.59,0.6,107615
MPY.TO,20230120,9.84,9.84,9.84,9.84,0
MR.DB.B.TO,20230120,95,95,95,95,44000
MR.UN.TO,20230120,5.6,5.8,5.6,5.8,14302
MRC.TO,20230120,112.86,112.86,111,111,1828
MRD.TO,20230120,11.3,11.8,11.3,11.8,22500
MRE.TO,20230120,11.77,12.04,11.74,11.74,98066
MREL.TO,20230120,12.86,12.9,12.83,12.86,1729
MRG.UN.TO,20230120,17.79,17.79,17.42,17.61,22147
MRT.DB.A.TO,20230120,94,94,93,93.05,36000
MRT.UN.TO,20230120,5.3,5.32,5.25,5.32,10564
MRU.TO,20230120,74.52,74.86,74.1,74.46,343693
MSA.TO,20230120,0.9,0.9,0.86,0.87,11544
MSV.TO,20230120,0.2,0.205,0.19,0.205,51090
MTAV.TO,20230120,17,17,17,17,0
MTL.TO,20230120,13.45,13.78,13.36,13.69,948208
MTL.DB.TO,20230120,114.44,114.44,114.44,114.44,0
MTY.TO,20230120,62.84,64.6,62.33,64.31,42884
MUB.TO,20230120,18.58,18.66,18.55,18.66,202988
MULC.TO,20230120,38.07,38.07,38.07,38.07,0
MULC.B.TO,20230120,41.16,41.16,41.16,41.16,0
MUMC.TO,20230120,36.41,36.41,36.41,36.41,0
MUMC.B.TO,20230120,39.72,39.72,39.72,39.72,0
MUS.TO,20230120,32.22,32.42,32.22,32.42,1500
MUSA.TO,20230120,13.65,13.65,13.65,13.65,0
MUSC.TO,20230120,29,29,29,29,0
MUX.TO,20230120,9.04,9.31,8.85,9.31,19210
MWD.TO,20230120,26.65,26.69,26.65,26.69,700
MX.TO,20230120,59.86,61,58.94,60.69,162213
MXG.TO,20230120,3.85,3.87,3.84,3.87,5200
MXU.TO,20230120,21.8,21.8,21.8,21.8,0
NA.TO,20230120,97.39,98.21,96.84,98.2,1547261
NA.PR.C.TO,20230120,25.81,25.81,25.61,25.61,17402
NA.PR.E.TO,20230120,21.02,21.15,21.02,21.15,805
NA.PR.G.TO,20230120,22.5,22.5,22.29,22.29,4753
NA.PR.S.TO,20230120,18.56,18.68,18.52,18.56,54169
NA.PR.W.TO,20230120,17.95,18.12,17.91,17.92,7422
NALT.TO,20230120,23.6,23.72,23.57,23.72,27876
NANO.TO,20230120,2.47,2.47,2.36,2.4,58201
NCF.TO,20230120,0.035,0.04,0.035,0.04,62000
NCP.TO,20230120,0.05,0.055,0.05,0.055,103296
NCU.TO,20230120,0.36,0.365,0.36,0.365,65747
NDM.TO,20230120,0.345,0.345,0.345,0.345,2250
NEO.TO,20230120,10.3,10.31,10.1,10.17,42227
NEXT.TO,20230120,2.8,2.83,2.78,2.81,71602
NFAM.TO,20230120,25.8,25.8,25.8,25.8,0
NFI.TO,20230120,10.95,11.03,10.73,10.83,110060
NFI.DB.TO,20230120,86.64,86.64,86.48,86.5,106000
NG.TO,20230120,8.8,9.08,8.74,9.06,118697
NGD.TO,20230120,1.47,1.54,1.45,1.52,1369508
NGPE.TO,20230120,32.49,32.71,32.49,32.71,417
NGT.TO,20230120,70.17,71.5,70.06,71.32,121155
NHYB.TO,20230120,21.31,21.31,21.31,21.31,143
NINT.TO,20230120,22.94,22.94,22.94,22.94,1700
NOA.TO,20230120,19.47,19.71,19.25,19.5,31895
NOA.DB.A.TO,20230120,104.32,106,104.32,106,32000
NOA.DB.B.TO,20230120,106.5,106.5,106.5,106.5,11000
NOVB.F.TO,20230120,33.43,33.43,33.43,33.43,0
NOVC.TO,20230120,0.8,0.8,0.8,0.8,7819
NPI.TO,20230120,38.4,38.43,36.91,37.2,1850841
NPI.PR.A.TO,20230120,17.24,17.25,17.24,17.25,35300
NPI.PR.B.TO,20230120,19.1,19.1,19.1,19.1,0
NPK.TO,20230120,6.4,6.66,6.29,6.6,108683
NPRF.TO,20230120,21.01,21.01,20.85,20.89,3895
NREA.TO,20230120,19.88,19.88,19.88,19.88,100
NSCB.TO,20230120,22.39,22.39,22.39,22.39,0
NSCC.TO,20230120,21.71,21.71,21.71,21.71,0
NSCE.TO,20230120,33.34,33.34,33.34,33.34,200
NSGE.TO,20230120,33.36,33.36,33.36,33.36,0
NSSB.TO,20230120,9.6,9.6,9.6,9.6,400
NTR.TO,20230120,102.5,105.77,102.5,105.48,1158448
NUAG.TO,20230120,3.46,3.55,3.4,3.51,19016
NUBF.TO,20230120,21.62,21.65,21.59,21.59,3395
NUMI.TO,20230120,0.29,0.295,0.275,0.28,97145
NVA.TO,20230120,12.03,12.26,11.93,12.03,238004
NVEI.TO,20230120,42.49,43.35,42.26,43.35,242750
NVO.TO,20230120,0.35,0.365,0.335,0.355,73489
NWC.TO,20230120,36.07,36.28,35.9,36.01,111897
NWH.DB.G.TO,20230120,99.76,99.76,99.4,99.4,11000
NWH.DB.H.TO,20230120,99,99,98.99,98.99,477000
NWH.UN.TO,20230120,9.96,10.01,9.93,10,546637
NXE.TO,20230120,6.04,6.26,5.95,6.22,1003970
NXF.TO,20230120,6.37,6.42,6.35,6.42,67340
NXF.B.TO,20230120,7.95,7.95,7.95,7.95,0
NXF.U.TO,20230120,11.1,11.1,11.1,11.1,0
NXR.UN.TO,20230120,10.12,10.27,10.06,10.2,234852
NXTG.TO,20230120,8.27,8.27,8.27,8.27,1200
OBE.TO,20230120,9.05,9.05,8.8,8.85,359851
OGC.TO,20230120,2.76,2.93,2.76,2.9,1836325
OGD.TO,20230120,0.54,0.62,0.54,0.56,3850
OGI.TO,20230120,1.25,1.28,1.23,1.28,424260
OLA.TO,20230120,5.31,5.39,5.26,5.33,133175
OLY.TO,20230120,67.94,67.94,67.94,67.94,100
ONC.TO,20230120,2.49,2.57,2.44,2.53,42638
ONEB.TO,20230120,47.81,47.9,47.81,47.9,5100
ONEC.TO,20230120,20.39,20.39,20.39,20.39,0
ONEQ.TO,20230120,31.93,31.93,31.93,31.93,0
ONEX.TO,20230120,66.8,68.1,66.7,68.05,57715
OPT.TO,20230120,19,19,19,19,0
OR.TO,20230120,18.26,18.41,18.14,18.24,396818
ORA.TO,20230120,11.15,11.15,10.79,10.87,4920
ORE.TO,20230120,1.35,1.41,1.34,1.38,418019
ORV.TO,20230120,0.25,0.25,0.25,0.25,0
OSK.TO,20230120,3.36,3.45,3.36,3.44,340681
OTEX.TO,20230120,43.86,44.34,43.82,44.26,316769
OVV.TO,20230120,66.95,67.52,66.21,67.15,142496
PAAS.TO,20230120,24.88,25.61,24.73,25.52,561385
PAY.TO,20230120,5.25,5.38,5.14,5.32,161378
PAYF.TO,20230120,17.65,17.65,17.65,17.65,0
PBD.TO,20230120,16.92,16.92,16.92,16.92,1428
PBH.TO,20230120,89.76,90.39,89.38,89.64,21916
PBH.DB.G.TO,20230120,98,99,98,99,24000
PBH.DB.H.TO,20230120,93.5,93.5,93.5,93.5,17000
PBH.DB.I.TO,20230120,93.02,93.02,93,93,10000
PBI.TO,20230120,28.4,28.4,28.4,28.4,0
PBL.TO,20230120,18,18.4,17.57,18.28,10742
PBY.UN.TO,20230120,14.11,14.2,14.11,14.2,2000
PCOR.TO,20230120,17.93,17.93,17.86,17.86,4700
PD.TO,20230120,114.26,116.59,112.93,114.5,71023
PDC.TO,20230120,31.3,31.47,31.26,31.47,8277
PDF.TO,20230120,30.91,31.05,30.91,31.04,2639
PDIV.TO,20230120,10.34,10.34,10.34,10.34,1404
PDV.TO,20230120,6.2,6.2,6.2,6.2,189
PDV.PR.A.TO,20230120,10.35,10.35,10.35,10.35,0
PEA.TO,20230120,1.05,1.07,1.04,1.07,110410
PET.TO,20230120,38.82,38.97,38.51,38.95,24265
PEY.TO,20230120,13.69,13.91,13.66,13.75,847104
PFAA.TO,20230120,10.18,10.4,10.16,10.4,3800
PFAE.TO,20230120,15.29,15.29,15.29,15.29,0
PFH.F.TO,20230120,17.6,17.6,17.6,17.6,0
PFIA.TO,20230120,9.74,9.74,9.72,9.72,26100
PFL.TO,20230120,19.71,19.73,19.71,19.73,35295
PFLS.TO,20230120,15.06,15.06,15.06,15.06,648
PFMN.TO,20230120,13.33,13.34,13.29,13.29,15800
PFMS.TO,20230120,11.74,11.74,11.74,11.74,0
PFSS.TO,20230120,8.98,8.98,8.98,8.98,0
PGI.UN.TO,20230120,7.84,7.84,7.74,7.76,44478
PHE.TO,20230120,29.03,29.03,29.03,29.03,0
PHE.B.TO,20230120,31.12,31.17,31.12,31.17,1400
PHR.TO,20230120,20.39,20.39,20.39,20.39,0
PHX.TO,20230120,8.32,8.43,8.23,8.3,69682
PHYS.TO,20230120,20.19,20.19,19.97,19.97,37176
PHYS.U.TO,20230120,14.95,14.95,14.95,14.95,250
PIC.A.TO,20230120,6.82,6.85,6.8,6.85,9040
PIC.PR.A.TO,20230120,13.12,13.12,13.1,13.1,12225
PID.TO,20230120,20.07,20.07,20.06,20.06,2205
PIF.TO,20230120,14.21,14.74,14.1,14.64,35782
PIN.TO,20230120,17.7,17.7,17.7,17.7,100
PINC.TO,20230120,19.18,19.21,19.17,19.21,1500
PIX.UN.TO,20230120,8.7,8.7,8.64,8.7,16300
PKI.TO,20230120,31.12,31.26,30.81,31.17,872591
PLC.TO,20230120,26.01,26.42,26.01,26.31,37844
PLC.DB.TO,20230120,99.99,100.5,99.99,100.5,46999
PLDI.TO,20230120,19.03,19.03,19.03,19.03,200
PLV.TO,20230120,22.59,22.6,22.59,22.6,4300
PLZ.UN.TO,20230120,4.34,4.45,4.34,4.41,24993
PMB.UN.TO,20230120,7.1,7.1,7.09,7.1,1700
PME.TO,20230120,2.64,2.66,2.6,2.66,9455
PMIF.TO,20230120,18.32,18.32,18.21,18.27,159721
PMIF.U.TO,20230120,19.19,19.19,19.19,19.19,700
PMM.TO,20230120,19.57,19.69,19.57,19.69,500
PMNT.TO,20230120,19.08,19.08,19.08,19.08,0
PMT.TO,20230120,0.72,0.75,0.72,0.75,63519
PMZ.UN.TO,20230120,14.87,15.14,14.81,15.03,83121
PNC.A.TO,20230120,1.7,1.7,1.7,1.7,0
PNC.B.TO,20230120,1.63,1.63,1.63,1.63,0
PNE.TO,20230120,1.45,1.5,1.44,1.47,720614
PNP.TO,20230120,3.94,4.15,3.94,4.15,1828
POU.TO,20230120,30.29,31.08,30.16,30.5,229988
POW.TO,20230120,34.95,35.36,34.86,35.32,2582132
POW.PR.A.TO,20230120,23.7,24,23.61,24,169577
POW.PR.B.TO,20230120,22.6,22.67,22.36,22.49,3661
POW.PR.C.TO,20230120,24.41,24.41,24.31,24.39,3000
POW.PR.D.TO,20230120,21.51,21.67,21.43,21.43,3943
POW.PR.G.TO,20230120,23.43,23.5,23.23,23.33,10140
PPL.TO,20230120,48.4,48.59,48.08,48.35,1292745
PPL.PF.A.TO,20230120,23.45,23.49,23.41,23.41,2795
PPL.PF.E.TO,20230120,24.62,24.77,24.62,24.7,20250
PPL.PR.A.TO,20230120,18.44,18.5,18.4,18.4,5889
PPL.PR.C.TO,20230120,18.04,18.04,17.93,17.93,800
PPL.PR.E.TO,20230120,18.86,19,18.83,18.83,4856
PPL.PR.G.TO,20230120,18.62,18.65,18.43,18.43,14477
PPL.PR.I.TO,20230120,21.65,21.65,21.65,21.65,0
PPL.PR.O.TO,20230120,22.15,22.49,22.15,22.2,19427
PPL.PR.Q.TO,20230120,19.35,19.35,19.35,19.35,0
PPL.PR.S.TO,20230120,23.25,23.25,23.18,23.18,3501
PPR.TO,20230120,0.15,0.15,0.14,0.14,59633
PPTA.TO,20230120,4.71,5.06,4.71,5.06,12237
PR.TO,20230120,8.63,8.64,8.61,8.61,2500
PRA.TO,20230120,28.37,28.49,28.37,28.49,4268
PRL.TO,20230120,7.19,7.25,7.1,7.25,10200
PRM.TO,20230120,14.93,14.93,14.9,14.9,2554
PRM.PR.A.TO,20230120,9.7,9.7,9.7,9.7,0
PRMW.TO,20230120,20.03,20.03,19.63,19.77,154296
PRN.TO,20230120,15.36,16.12,15.24,16.03,17207
PRQ.TO,20230120,2.44,2.5,2.42,2.5,44242
PRU.TO,20230120,2.18,2.18,2.13,2.18,147278
PRV.UN.TO,20230120,6.3,6.3,6.2,6.3,57694
PSA.TO,20230120,50.14,50.15,50.14,50.15,115271
PSB.TO,20230120,16.94,16.97,16.94,16.95,4454
PSD.TO,20230120,1.85,1.94,1.85,1.91,24082
PSI.TO,20230120,15.5,15.68,15.28,15.6,150471
PSK.TO,20230120,23.08,23.3,22.9,23.16,540141
PSLV.TO,20230120,10.96,10.96,10.88,10.91,52561
PSLV.U.TO,20230120,8.03,8.03,8.03,8.03,0
PSU.U.TO,20230120,100.28,100.28,100.27,100.28,2815
PTI.UN.TO,20230120,7.29,7.5,7.29,7.5,20060
PTM.TO,20230120,2.14,2.2,2.13,2.2,38661
PTO.UN.TO,20230120,7.41,7.59,7.41,7.59,24468
PVS.PR.F.TO,20230120,24.4,24.4,24.4,24.4,200
PVS.PR.G.TO,20230120,23.9,23.9,23.9,23.9,1700
PVS.PR.H.TO,20230120,23.55,23.55,23.41,23.41,1600
PVS.PR.I.TO,20230120,23.8,23.8,23.8,23.8,1800
PVS.PR.J.TO,20230120,22.73,22.73,22.73,22.73,0
PVS.PR.K.TO,20230120,22.25,22.25,22.25,22.25,500
PWF.PF.A.TO,20230120,19.25,19.3,19.05,19.05,1780
PWF.PR.A.TO,20230120,13.68,13.68,13.68,13.68,0
PWF.PR.E.TO,20230120,23.07,23.1,23.07,23.1,3100
PWF.PR.F.TO,20230120,22.25,22.28,22.25,22.25,3700
PWF.PR.G.TO,20230120,24.39,24.4,24.37,24.38,2400
PWF.PR.H.TO,20230120,23.92,23.92,23.9,23.9,5000
PWF.PR.K.TO,20230120,20.83,21,20.83,20.92,6133
PWF.PR.L.TO,20230120,21.61,22.03,21.61,22.03,223355
PWF.PR.O.TO,20230120,24,24,23.92,23.94,23000
PWF.PR.P.TO,20230120,13.46,13.46,13.35,13.35,15200
PWF.PR.Q.TO,20230120,15.8,15.83,15.8,15.8,2700
PWF.PR.R.TO,20230120,23.05,23.06,22.97,22.97,5835
PWF.PR.S.TO,20230120,20.4,20.45,20.25,20.4,4000
PWF.PR.T.TO,20230120,19,19,18.87,18.87,2138
PWF.PR.Z.TO,20230120,21.65,21.7,21.64,21.64,2984
PWI.TO,20230120,8.01,8.1,7.97,7.97,4904
PWI.PR.A.TO,20230120,9.75,9.75,9.75,9.75,100
PXC.TO,20230120,35.22,35.33,35.22,35.33,13513
PXS.TO,20230120,37.27,37.27,37.27,37.27,0
PXT.TO,20230120,22.37,22.91,22.2,22.89,416864
PXU.F.TO,20230120,50.68,50.68,50.68,50.68,0
PYF.TO,20230120,17.42,17.47,17.42,17.47,2450
PYR.TO,20230120,1.03,1.05,1.02,1.05,120797
PZA.TO,20230120,13.88,13.93,13.82,13.82,32760
PZW.TO,20230120,29.94,29.95,29.88,29.95,34804
PZW.F.TO,20230120,21.57,21.57,21.57,21.57,800
QAH.TO,20230120,129,129,129,129,0
QBB.TO,20230120,92.67,92.72,92.51,92.72,2860
QBR.A.TO,20230120,32.22,32.22,30.89,30.89,209
QBR.B.TO,20230120,30.07,31.14,30.07,31.07,495884
QBTC.TO,20230120,27.97,30.01,27.97,29.84,14155
QBTC.U.TO,20230120,20.55,22.4,20.55,22.4,2750
QBTL.TO,20230120,19.54,19.54,19.38,19.41,77104
QCE.TO,20230120,122.83,122.83,122.83,122.83,0
QCLN.TO,20230120,22,22,22,22,0
QCN.TO,20230120,124.79,125.17,124.7,125.17,1089
QDX.TO,20230120,103.33,103.33,103.33,103.33,0
QDXB.TO,20230120,86.67,86.67,86.67,86.67,100
QDXH.TO,20230120,110.52,110.52,110.52,110.52,0
QEBH.TO,20230120,78.05,78.05,78.05,78.05,200
QEBL.TO,20230120,80.49,80.49,80.49,80.49,100
QEC.TO,20230120,0.22,0.22,0.215,0.215,22000
QEE.TO,20230120,87.87,87.87,87.87,87.87,0
QETH.U.TO,20230120,24.79,26.05,24.79,26.05,14055
QETH.UN.TO,20230120,32.79,34.86,32.65,34.57,20677
QHY.TO,20230120,84.14,84.14,84.14,84.14,0
QIE.TO,20230120,28.27,28.27,28.27,28.27,200
QINF.TO,20230120,117.23,117.23,117.23,117.23,0
QQC.TO,20230120,18.29,18.53,18.29,18.51,10919
QQC.F.TO,20230120,91.89,93.97,91.75,93.97,17936
QQCC.TO,20230120,9.38,9.54,9.38,9.53,3590
QQCE.TO,20230120,15.33,15.33,15.33,15.33,0
QQCE.F.TO,20230120,13.96,13.96,13.96,13.96,0
QQEQ.TO,20230120,19.45,19.45,19.45,19.45,0
QQEQ.F.TO,20230120,17.23,17.23,17.23,17.23,0
QRC.TO,20230120,0.72,0.72,0.72,0.72,10104
QRET.TO,20230120,107.05,107.05,107.05,107.05,400
QSB.TO,20230120,96.01,96.01,96.01,96.01,1685
QSP.UN.TO,20230120,89,89,89,89,1052
QSR.TO,20230120,90,90.52,89.19,89.49,611828
QTRH.TO,20230120,1.68,1.7,1.64,1.7,74527
QTRH.DB.TO,20230120,94,94,94,94,0
QUB.TO,20230120,83.47,83.47,83.47,83.47,3500
QUIG.TO,20230120,86.59,86.59,86.59,86.59,0
QUS.TO,20230120,39.95,39.98,39.86,39.98,400
QUU.TO,20230120,149.38,150.84,149.36,150.84,11038
QUU.U.TO,20230120,113.34,113.34,113.34,113.34,0
QXM.TO,20230120,25.21,25.3,25.21,25.3,377
RA.UN.TO,20230120,8.5,8.64,8.5,8.59,1700
RATE.TO,20230120,19.77,19.77,19.77,19.77,0
RAV.UN.TO,20230120,13.31,13.31,13.3,13.3,3000
RAY.A.TO,20230120,5.38,5.61,5.31,5.5,21257
RAY.B.TO,20230120,5.11,5.11,5.11,5.11,0
RBA.TO,20230120,80.7,81.29,80.14,80.38,94707
RBN.UN.TO,20230120,7.82,7.82,7.82,7.82,1400
RBNK.TO,20230120,23.96,24.07,23.9,24.07,9315
RBO.TO,20230120,17.93,17.93,17.93,17.93,3600
RBOT.TO,20230120,22.35,22.39,22.35,22.39,1553
RBY.TO,20230120,2.12,2.19,2.1,2.17,41799
RCD.TO,20230120,24.93,24.95,24.86,24.95,1289
RCDC.TO,20230120,20,20,20,20,0
RCG.TO,20230120,14,14,13.75,13.75,6800
RCG.PR.B.TO,20230120,13.62,13.75,13.62,13.75,700
RCH.TO,20230120,37.2,38.14,36.88,37.96,93384
RCI.A.TO,20230120,66,66,65.9,65.9,430
RCI.B.TO,20230120,64.85,65.66,64.4,65.43,1254779
REAL.TO,20230120,4.28,4.3,4.25,4.26,103230
REI.UN.TO,20230120,22.44,22.74,22.35,22.69,446547
RID.TO,20230120,22.7,22.7,22.7,22.7,200
RIDH.TO,20230120,24.05,24.05,24.05,24.05,0
RIFI.TO,20230120,18.15,18.15,18.11,18.11,2200
RIIN.TO,20230120,19.35,19.35,19.35,19.35,500
RIRA.TO,20230120,18.35,18.35,18.35,18.35,0
RIT.TO,20230120,17.2,17.38,17.15,17.38,16458
RLB.TO,20230120,18.12,18.12,18.12,18.12,0
ROOT.TO,20230120,2.81,2.82,2.81,2.81,2059
RPD.TO,20230120,21.74,21.74,21.74,21.74,0
RPDH.TO,20230120,22.95,22.95,22.95,22.95,0
RPF.TO,20230120,19.64,19.64,19.55,19.6,5730
RPI.UN.TO,20230120,41,41.25,41,41.25,1419
RPSB.TO,20230120,19.57,19.57,19.57,19.57,450
RQL.TO,20230120,19.84,19.84,19.81,19.83,30500
RQN.TO,20230120,19.84,19.84,19.79,19.79,5277
RQO.TO,20230120,17.88,17.88,17.82,17.82,3900
RQP.TO,20230120,17.61,17.62,17.61,17.62,3937
RQQ.TO,20230120,21.11,21.11,21.09,21.1,1102
RQR.TO,20230120,21.17,21.17,21.17,21.17,100
RS.TO,20230120,14.57,14.83,14.57,14.81,5910
RS.PR.A.TO,20230120,9.55,9.73,9.55,9.73,1900
RSI.TO,20230120,5.59,5.64,5.58,5.62,169645
RSI.DB.E.TO,20230120,99.5,99.5,99.5,99.5,0
RSI.DB.F.TO,20230120,96.5,96.5,96.5,96.5,0
RTG.TO,20230120,0.06,0.06,0.06,0.06,0
RUBY.TO,20230120,20.87,20.87,20.87,20.87,100
RUBY.U.TO,20230120,15.54,15.54,15.54,15.54,0
RUD.TO,20230120,47.47,47.65,47.47,47.65,1588
RUD.U.TO,20230120,35.34,35.49,35.34,35.49,400
RUDC.TO,20230120,19.77,19.78,19.77,19.78,5001
RUDH.TO,20230120,34.2,34.41,34.2,34.41,1700
RUP.TO,20230120,5.06,5.06,4.87,5,1490
RUS.TO,20230120,29.51,30.09,29.51,30.04,118897
RUSB.U.TO,20230120,14.94,14.94,14.94,14.94,0
RVX.TO,20230120,0.14,0.14,0.14,0.14,17000
RXD.TO,20230120,19.18,19.18,19.18,19.18,2601
RY.TO,20230120,134.52,134.74,133.79,134.71,6311588
RY.PR.H.TO,20230120,18.92,18.99,18.92,18.93,32857
RY.PR.J.TO,20230120,20.25,20.34,20.15,20.15,29900
RY.PR.M.TO,20230120,19.31,19.53,19.28,19.28,1388
RY.PR.N.TO,20230120,23.56,23.56,23.56,23.56,0
RY.PR.O.TO,20230120,23.77,23.77,23.76,23.76,750
RY.PR.S.TO,20230120,21.61,21.84,21.6,21.6,6898
S.TO,20230120,0.62,0.64,0.61,0.63,314139
SAM.TO,20230120,0.225,0.23,0.22,0.22,14688
SAP.TO,20230120,35.91,35.91,34.81,34.96,673637
SAU.TO,20230120,0.06,0.06,0.06,0.06,3200
SBC.TO,20230120,11.97,12.05,11.96,12.05,18433
SBC.PR.A.TO,20230120,9.76,9.82,9.76,9.78,16000
SBI.TO,20230120,0.68,0.68,0.6,0.65,26026
SBN.TO,20230120,3.88,3.88,3.88,3.88,0
SBN.PR.A.TO,20230120,8.77,8.77,8.77,8.77,0
SBT.TO,20230120,12.64,12.64,12.64,12.64,0
SBT.B.TO,20230120,17.2,17.2,17.2,17.2,0
SCY.TO,20230120,0.07,0.075,0.07,0.075,48685
SDE.TO,20230120,15.27,15.61,15.15,15.61,310296
SEA.TO,20230120,18.27,18.46,18.07,18.39,30792
SEC.TO,20230120,321,321,321,321,0
SES.TO,20230120,7.97,8.24,7.86,8.02,1003383
SFC.TO,20230120,4.85,4.9,4.85,4.9,2100
SFD.TO,20230120,0.225,0.225,0.21,0.21,24226
SFI.TO,20230120,0.31,0.31,0.31,0.31,10000
SFTC.TO,20230120,18.25,18.5,18.22,18.29,11993
SGLD.TO,20230120,0.175,0.175,0.17,0.17,15913
SGNL.TO,20230120,0.35,0.35,0.34,0.34,20550
SGR.U.TO,20230120,11.8,11.8,11.8,11.8,384
SGR.UN.TO,20230120,15.75,15.84,15.69,15.79,98086
SGY.TO,20230120,9.5,9.64,9.43,9.5,324793
SHLE.TO,20230120,2.74,2.78,2.71,2.78,4515
SHOP.TO,20230120,52,54.17,51.45,54.16,3801517
SIA.TO,20230120,11.91,12,11.87,11.95,124772
SIH.UN.TO,20230120,9.2,9.29,9.2,9.28,24800
SII.TO,20230120,53.8,54.68,53.44,54.45,119431
SIL.TO,20230120,8.7,8.75,8.58,8.65,342318
SIS.TO,20230120,14.98,15.02,14.8,14.81,26689
SJ.TO,20230120,47.23,48.41,47.23,48.14,116491
SKE.TO,20230120,8.34,8.42,8.27,8.29,69358
SKYY.TO,20230120,13.82,13.82,13.82,13.82,0
SLF.TO,20230120,64.68,65.6,64.3,65.54,1478603
SLF.PR.C.TO,20230120,20.03,20.16,20.03,20.08,6537
SLF.PR.D.TO,20230120,20.13,20.32,19.92,20.15,9655
SLF.PR.E.TO,20230120,20.39,20.39,20.21,20.22,2646
SLF.PR.G.TO,20230120,13.27,13.4,13.26,13.4,175792
SLF.PR.H.TO,20230120,16.19,16.19,16.08,16.08,500
SLF.PR.J.TO,20230120,15.65,15.65,15.65,15.65,700
SLF.PR.K.TO,20230120,18.3,18.3,18.3,18.3,0
SLR.TO,20230120,0.86,0.86,0.86,0.86,0
SLS.TO,20230120,7.45,7.45,7.27,7.32,461403
SMC.TO,20230120,0.03,0.03,0.03,0.03,1001
SMT.TO,20230120,0.425,0.44,0.42,0.44,47132
SOLG.TO,20230120,0.29,0.29,0.29,0.29,15104
SOT.DB.TO,20230120,96,96,94.57,94.65,197998
SOT.DB.A.TO,20230120,86.75,87,86.15,87,46000
SOT.DB.B.TO,20230120,93,93,93,93,213000
SOT.UN.TO,20230120,4.55,4.55,4.45,4.49,247195
SOY.TO,20230120,11.07,11.4,10.92,11.26,72313
SPB.TO,20230120,11.3,11.38,11.25,11.38,299005
SPPP.TO,20230120,18.5,18.5,18.38,18.38,378
SPPP.U.TO,20230120,13.75,13.75,13.75,13.75,0
SRU.UN.TO,20230120,27.96,28.43,27.8,28.3,175871
SRV.UN.TO,20230120,16.22,16.25,15.71,16.24,13661
SSF.UN.TO,20230120,6.82,6.83,6.81,6.82,7900
SSL.TO,20230120,7.88,8.14,7.83,8.1,340049
SSRM.TO,20230120,22.21,22.88,22.03,22.87,339165
STC.TO,20230120,5.72,5.79,5.63,5.67,45946
STCK.TO,20230120,5.6,5.6,5.6,5.6,0
STCK.WT.TO,20230120,0.035,0.035,0.035,0.035,1750
STEP.TO,20230120,5.89,5.93,5.76,5.91,139789
STGO.TO,20230120,1.26,1.27,1.2,1.24,46000
STLC.TO,20230120,50.64,51.45,50.47,51.39,168422
STN.TO,20230120,68.36,68.95,68.31,68.77,244845
STPL.TO,20230120,23.5,23.5,23.5,23.5,313
SU.TO,20230120,44.55,44.68,44.11,44.19,4676065
SVA.TO,20230120,1.15,1.16,1.11,1.15,74501
SVB.TO,20230120,0.2,0.2,0.2,0.2,9255
SVI.TO,20230120,6.36,6.42,6.35,6.37,245552
SVI.DB.TO,20230120,98.95,98.95,98.89,98.89,30000
SVI.DB.B.TO,20230120,98.5,98.5,98,98,32000
SVI.DB.C.TO,20230120,102,102,102,102,0
SVM.TO,20230120,4.43,4.5,4.4,4.47,222547
SVR.TO,20230120,11.9,11.9,11.81,11.85,2310
SVR.C.TO,20230120,12.3,12.3,12.3,12.3,0
SWP.TO,20230120,2.95,3.03,2.95,3.02,13757
SXI.TO,20230120,2.56,2.56,2.5,2.5,419
SXP.TO,20230120,6.8,6.83,6.51,6.8,74078
SYLD.TO,20230120,18.5,18.52,18.5,18.52,1084
SYZ.TO,20230120,5.85,6.05,5.79,6.03,46683
T.TO,20230120,28.24,28.54,28.13,28.47,3539373
TA.TO,20230120,12.57,12.65,12.53,12.63,391043
TA.PR.D.TO,20230120,13.81,13.97,13.81,13.85,1400
TA.PR.E.TO,20230120,16.75,16.75,16.61,16.61,3700
TA.PR.F.TO,20230120,20.81,20.81,20.38,20.78,9380
TA.PR.G.TO,20230120,21.85,21.85,21.85,21.85,200
TA.PR.H.TO,20230120,23.14,23.14,22.9,22.9,12900
TA.PR.J.TO,20230120,21.18,21.2,21.18,21.2,5740
TAIG.TO,20230120,3.15,3.15,3,3.07,17185
TAIG.WT.TO,20230120,0.32,0.32,0.32,0.32,0
TBL.TO,20230120,3,3.05,2.97,3.05,40949
TC.TO,20230120,46.65,48,46.33,46.82,25176
TCBN.TO,20230120,42.25,42.25,42.25,42.25,0
TCL.A.TO,20230120,15.25,15.56,14.93,15.49,221079
TCL.B.TO,20230120,15.16,15.5,15.16,15.5,600
TCLB.TO,20230120,125.38,125.8,125.38,125.72,3370
TCLV.TO,20230120,19.64,19.69,19.58,19.68,5501
TCS.TO,20230120,26.71,27.9,26.5,27.58,11885
TCSB.TO,20230120,14.51,14.51,14.47,14.47,2500
TCW.TO,20230120,3.89,3.92,3.82,3.87,1102716
TD.TO,20230120,88.68,89.21,88.17,89.18,4400815
TD.PF.A.TO,20230120,18.3,18.34,18.14,18.23,9551
TD.PF.B.TO,20230120,18.29,18.38,18.21,18.21,5001
TD.PF.C.TO,20230120,17.96,18.3,17.96,18.26,10031
TD.PF.D.TO,20230120,20.2,20.2,20.1,20.1,2536
TD.PF.E.TO,20230120,20.53,20.66,20.45,20.45,1322
TD.PF.I.TO,20230120,24.85,25.15,24.85,25,15390
TD.PF.J.TO,20230120,22.68,22.68,22.5,22.5,8050
TD.PF.M.TO,20230120,24.69,24.83,24.6,24.6,5163
TDB.TO,20230120,13.3,13.3,13.26,13.26,27358
TDOC.TO,20230120,17.37,17.37,17.19,17.28,2623
TDOC.U.TO,20230120,12.84,12.84,12.84,12.84,0
TEC.TO,20230120,21.74,22.02,21.73,22.01,19180
TEC.U.TO,20230120,16.09,16.09,16.09,16.09,0
TECH.TO,20230120,7.45,7.59,7.45,7.59,15119
TECH.B.TO,20230120,8.17,8.17,8.17,8.17,0
TECH.U.TO,20230120,7.56,7.56,7.56,7.56,0
TECI.TO,20230120,5.64,5.64,5.64,5.64,0
TECK.A.TO,20230120,57.46,57.63,57.03,57.03,605
TECK.B.TO,20230120,56.64,56.88,56.23,56.55,902108
TERM.TO,20230120,9.17,9.19,9.17,9.19,8855
TF.TO,20230120,7.85,7.9,7.79,7.82,81090
TF.DB.C.TO,20230120,98.5,98.5,98.5,98.5,1000
TF.DB.D.TO,20230120,91.75,91.75,91.75,91.75,2000
TF.DB.E.TO,20230120,86,86,86,86,10000
TFII.TO,20230120,143.01,145.01,141.91,144.36,102910
TFPM.TO,20230120,18.63,19.07,18,18.55,564887
TGED.TO,20230120,17.6,17.71,17.56,17.71,7954
TGED.U.TO,20230120,13.17,13.17,13.17,13.17,1500
TGFI.TO,20230120,20.92,20.92,20.92,20.92,800
TGGR.TO,20230120,19.43,19.43,19.43,19.43,0
TGO.TO,20230120,2.98,3.2,2.94,3.2,17910
TGRE.TO,20230120,14.1,14.1,14.1,14.1,108
TH.TO,20230120,1.34,1.36,1.31,1.34,13019
The.TO,20230120,21.23,21.23,21.23,21.23,4300
THNC.TO,20230120,1.88,1.88,1.88,1.88,3920
THU.TO,20230120,26.38,26.62,26.38,26.62,860
TI.TO,20230120,0.49,0.49,0.49,0.49,2020
TIH.TO,20230120,102.13,103.62,101,103.08,83860
TILV.TO,20230120,14.68,14.71,14.68,14.71,822
TINF.TO,20230120,18.25,18.25,18.09,18.13,2125
TIXT.TO,20230120,30.16,30.39,29.98,30.27,49354
TKO.TO,20230120,2.41,2.46,2.36,2.43,378328
TLF.TO,20230120,16.25,16.38,16.25,16.38,1000
TLG.TO,20230120,0.66,0.68,0.65,0.68,266184
TLO.TO,20230120,0.51,0.51,0.4825,0.49,277254
TLRY.TO,20230120,4.02,4.1,3.92,4.06,1252581
TLV.TO,20230120,29.47,29.64,29.47,29.64,19700
TMCC.TO,20230120,9.25,9.25,9.25,9.25,430
TMD.TO,20230120,1.28,1.31,1.26,1.27,22047
TMEC.TO,20230120,17.88,17.88,17.88,17.88,100
TMEI.TO,20230120,15.11,15.11,15.11,15.11,0
TMEU.TO,20230120,16.81,16.81,16.81,16.81,0
TML.TO,20230120,0.37,0.37,0.36,0.36,15785
TMQ.TO,20230120,0.95,1.04,0.94,1.04,110108
TMUC.TO,20230120,8.51,8.51,8.51,8.51,0
TNT.UN.TO,20230120,6.12,6.18,6.07,6.17,176695
TNZ.TO,20230120,2.43,2.45,2.36,2.36,96008
TOT.TO,20230120,9.58,9.6,9.44,9.53,14382
TOU.TO,20230120,68,68.75,67.33,68.61,3595621
TOWR.TO,20230120,27.43,27.61,27.32,27.61,12630
TOY.TO,20230120,33.99,34.7,33.9,34.7,46947
TPAY.TO,20230120,21.9,21.9,21.9,21.9,203
TPE.TO,20230120,19.39,19.39,19.23,19.36,6836
TPRF.TO,20230120,9.83,9.83,9.77,9.77,511
TPU.TO,20230120,29.5,29.73,29.4,29.73,38477
TPU.U.TO,20230120,22.12,22.12,22.12,22.12,0
TPX.B.TO,20230120,66.06,66.06,66.06,66.06,0
TPZ.TO,20230120,21.65,21.65,21.38,21.53,171347
TQCD.TO,20230120,15.69,15.78,15.62,15.78,13433
TQGD.TO,20230120,15.88,15.95,15.88,15.95,9000
TQGM.TO,20230120,15.15,15.15,15.15,15.15,600
TQSM.TO,20230120,18.17,18.24,18.12,18.24,8200
TRI.TO,20230120,157.59,158.1,157.11,157.86,308320
TRI.PR.B.TO,20230120,13.7,13.75,13.65,13.65,1400
TRP.TO,20230120,58.04,58.2,57.48,58.02,5353546
TRP.PR.A.TO,20230120,15.02,15.02,14.62,14.62,4950
TRP.PR.B.TO,20230120,11.91,11.96,11.91,11.92,8949
TRP.PR.C.TO,20230120,12.35,12.35,12.13,12.13,4600
TRP.PR.D.TO,20230120,16.35,16.62,16.35,16.45,16634
TRP.PR.E.TO,20230120,16.1,16.15,16.01,16.01,13307
TRP.PR.F.TO,20230120,16.51,16.51,16.35,16.35,1300
TRP.PR.G.TO,20230120,17.76,17.82,17.71,17.71,3652
TRP.PR.H.TO,20230120,14.65,14.65,14.6,14.6,3000
TRP.PR.I.TO,20230120,15.35,15.35,15.35,15.35,900
TRVL.TO,20230120,19.7,19.8,19.7,19.8,4102
TRVL.U.TO,20230120,18.87,18.88,18.87,18.88,810
TRZ.TO,20230120,3.35,3.39,3.33,3.39,23701
TSAT.TO,20230120,11.23,11.23,11.07,11.17,550
TSK.TO,20230120,0.135,0.14,0.13,0.14,696308
TSL.TO,20230120,3.52,3.55,3.45,3.45,14372
TSU.TO,20230120,44.33,44.88,44.16,44.25,78253
TTNM.TO,20230120,2.28,2.3,2.21,2.3,57352
TTP.TO,20230120,23.2,23.34,23.16,23.33,20292
TUED.TO,20230120,17.88,17.92,17.88,17.92,700
TUHY.TO,20230120,20.9,20.99,20.9,20.99,200
TULB.TO,20230120,126.43,126.43,126.43,126.43,0
TULV.TO,20230120,18.51,18.58,18.51,18.56,7205
TUSB.TO,20230120,13.81,13.81,13.81,13.81,0
TUSB.U.TO,20230120,9.91,9.91,9.91,9.91,0
TVA.B.TO,20230120,1.64,1.64,1.64,1.64,2589
TVE.TO,20230120,4.69,4.77,4.63,4.72,1492211
TVK.TO,20230120,26.21,27.05,26.21,27.05,1499
TWC.TO,20230120,17.61,17.61,17.29,17.55,3800
TWM.TO,20230120,1.02,1.07,1.02,1.05,1068423
TWM.DB.TO,20230120,97,97,97,97,0
TXF.TO,20230120,13.85,14.04,13.76,14.04,32788
TXF.B.TO,20230120,16.85,16.85,16.85,16.85,160
TXF.U.TO,20230120,7.21,7.21,7.21,7.21,162
TXG.TO,20230120,17.75,18.2,17.6,18.16,260270
TXP.TO,20230120,1.31,1.33,1.28,1.31,108360
TXT.PR.A.TO,20230120,12,12,12,12,0
TXT.UN.TO,20230120,2.4,2.4,2.25,2.35,2802
U.U.TO,20230120,12.05,12.15,11.9,12.04,8508
U.UN.TO,20230120,16.18,16.35,16.05,16.21,359126
UDA.TO,20230120,13.8,13.8,13.8,13.8,0
UDIV.TO,20230120,12.27,12.41,12.27,12.41,3686
UDIV.B.TO,20230120,12.76,12.76,12.6,12.68,1435
UDIV.U.TO,20230120,10.55,10.55,10.55,10.55,0
ULV.C.TO,20230120,30.63,30.63,30.55,30.55,500
ULV.F.TO,20230120,46.07,46.07,46.07,46.07,0
ULV.U.TO,20230120,23.61,23.61,23.61,23.61,0
UMI.TO,20230120,29.12,29.12,29.12,29.12,500
UNC.TO,20230120,102.84,102.85,102.84,102.85,400
UNI.TO,20230120,2.09,2.09,2.09,2.09,0
URB.TO,20230120,4.18,4.19,4.18,4.19,900
URB.A.TO,20230120,3.93,3.94,3.82,3.84,6200
URE.TO,20230120,1.58,1.68,1.58,1.67,19286
USA.TO,20230120,0.88,0.88,0.86,0.87,63446
USCC.TO,20230120,16.61,16.61,16.61,16.61,4900
USCC.U.TO,20230120,12.3,12.3,12.3,12.3,200
UTIL.TO,20230120,23,23,23,23,450
VA.TO,20230120,34.52,34.66,34.52,34.66,373
VAB.TO,20230120,23.01,23.04,22.97,23.02,90460
VALT.TO,20230120,24.25,24.33,24.25,24.33,1515
VALT.B.TO,20230120,25.76,25.76,25.76,25.76,627
VALT.U.TO,20230120,19.17,19.23,19.15,19.23,600
VBAL.TO,20230120,27.87,27.92,27.78,27.92,52008
VBNK.TO,20230120,10.26,10.3,10.24,10.24,3100
VBNK.PR.A.TO,20230120,9.89,10.1,9.89,9.9,5899
VCB.TO,20230120,23.3,23.3,23.26,23.3,7736
VCE.TO,20230120,44.45,44.7,44.29,44.68,15650
VCIP.TO,20230120,24.88,24.88,24.73,24.78,6406
VCM.TO,20230120,20.45,20.55,20.05,20.05,3170
VCN.TO,20230120,41.15,41.44,41.04,41.44,43757
VCNS.TO,20230120,26.21,26.21,26.1,26.13,2909
VDU.TO,20230120,37.97,38.13,37.97,38.13,16077
VDY.TO,20230120,43.36,43.5,43.15,43.49,87771
VE.TO,20230120,31.22,31.25,31.22,31.25,1360
VEE.TO,20230120,34.1,34.2,34.1,34.16,32944
VEF.TO,20230120,47.1,47.43,47.1,47.43,2467
VEQT.TO,20230120,33.44,33.61,33.35,33.61,66107
VET.TO,20230120,20.99,21.34,20.61,21.03,1079954
VFV.TO,20230120,93.47,94.25,93.25,94.24,103044
VGCX.TO,20230120,9.39,9.81,9.23,9.7,167823
VGG.TO,20230120,69.42,69.93,69.4,69.93,7588
VGH.TO,20230120,50.6,50.89,50.2,50.89,11481
VGRO.TO,20230120,29.47,29.62,29.45,29.62,73619
VGV.TO,20230120,22.74,22.74,22.7,22.71,10183
VGZ.TO,20230120,0.83,0.83,0.83,0.83,550
VHI.TO,20230120,2.75,2.75,2.66,2.68,9961
VI.TO,20230120,32.81,33.01,32.8,33.01,16907
VIDY.TO,20230120,26.9,26.98,26.9,26.95,3415
VIU.TO,20230120,30.13,30.25,30.1,30.25,117750
VLB.TO,20230120,22.17,22.17,22.07,22.09,1638
VLE.TO,20230120,2.82,2.91,2.75,2.76,293621
VLN.TO,20230120,5.4,5.41,5.4,5.41,908
VMO.TO,20230120,44,44.05,43.93,44.05,702
VNP.TO,20230120,2.9,3.02,2.9,3.02,134281
VPH.TO,20230120,0.56,0.56,0.55,0.55,12500
VQS.TO,20230120,0.41,0.43,0.39,0.405,25500
VRE.TO,20230120,30.97,31.16,30.85,31.15,5576
VRIF.TO,20230120,23.78,23.78,23.71,23.77,11692
VSB.TO,20230120,22.62,22.62,22.6,22.6,75198
VSC.TO,20230120,23.01,23.01,22.98,23.01,14113
VSP.TO,20230120,64.45,65.54,64.3,65.48,36251
VUN.TO,20230120,71.62,72.3,71.52,72.3,26775
VUS.TO,20230120,70.68,71.87,70.68,71.87,9268
VVL.TO,20230120,41.68,41.9,41.61,41.77,2592
VVO.TO,20230120,32.2,32.2,32.2,32.2,2900
VXC.TO,20230120,45.88,46.3,45.88,46.3,17494
VXM.TO,20230120,25.44,25.44,25.44,25.44,0
VXM.B.TO,20230120,24.9,24.9,24.9,24.9,0
WCM.A.TO,20230120,4.3,4.3,4.3,4.3,0
WCN.TO,20230120,171.47,172.75,169.72,172.1,365410
WCP.TO,20230120,11.15,11.24,11.05,11.16,1209382
WDO.TO,20230120,6.46,6.82,6.37,6.75,4866441
WEED.TO,20230120,3.46,3.57,3.37,3.47,2152768
WEF.TO,20230120,1.26,1.28,1.25,1.27,194888
WELL.TO,20230120,3.31,3.37,3.24,3.36,790854
WELL.DB.TO,20230120,85,85,84.99,84.99,37000
WFC.TO,20230120,14.2,14.2,14.2,14.2,0
WFG.TO,20230120,96.64,100.19,95.96,99.82,250752
WFS.TO,20230120,2,2,2,2,0
WFS.PR.A.TO,20230120,8.95,8.95,8.95,8.95,0
WILD.TO,20230120,2.8,2.8,2.7,2.73,34632
WILD.DB.TO,20230120,91,91,91,91,0
WJX.TO,20230120,21.37,21.61,21.36,21.49,6580
WJX.DB.TO,20230120,99.99,100,99.99,100,22000
WLLW.TO,20230120,0.115,0.115,0.115,0.115,0
WM.TO,20230120,0.2,0.2,0.19,0.195,213979
WN.TO,20230120,170.74,173.75,170.74,172.88,191450
WN.PR.A.TO,20230120,24.01,24.1,24,24.1,3800
WN.PR.C.TO,20230120,21.8,21.81,21.7,21.75,4740
WN.PR.D.TO,20230120,21.77,21.79,21.71,21.71,4433
WN.PR.E.TO,20230120,20.25,20.25,20,20,2800
WNDR.TO,20230120,0.25,0.3,0.235,0.27,1210450
WOMN.TO,20230120,27.04,27.06,27.04,27.04,744
WPK.TO,20230120,42.22,42.48,41.92,42.09,30252
WPM.TO,20230120,59.96,60.57,59.86,60.47,829791
WPRT.TO,20230120,1.27,1.29,1.26,1.26,30585
WRG.TO,20230120,3.38,3.38,3.38,3.38,183
WRN.TO,20230120,2.54,2.55,2.46,2.5,159252
WRX.TO,20230120,0.235,0.24,0.235,0.24,25199
WSP.TO,20230120,172.51,174.46,171.24,171.97,164144
WSRD.TO,20230120,26.47,26.47,26.47,26.47,300
WSRI.TO,20230120,34.19,34.19,33.99,34.02,8550
WTE.TO,20230120,24.05,25.15,24.05,25,134428
WXM.TO,20230120,24.56,24.81,24.56,24.8,4277
X.TO,20230120,135.17,136.46,134.46,135.75,54071
XAGG.TO,20230120,37.18,37.18,37.18,37.18,120
XAGG.U.TO,20230120,27.37,27.37,27.37,27.37,0
XAGH.TO,20230120,34.7,34.7,34.7,34.7,0
XAM.TO,20230120,0.03,0.03,0.025,0.03,299900
XAU.TO,20230120,1.74,1.78,1.74,1.76,23475
XAW.TO,20230120,32.09,32.27,32.04,32.27,22437
XAW.U.TO,20230120,24.36,24.36,24.36,24.36,0
XBAL.TO,20230120,25.15,25.21,25.12,25.21,17580
XBB.TO,20230120,28.2,28.22,28.1,28.15,121035
XBM.TO,20230120,20.91,21.21,20.91,21.21,17854
XCB.TO,20230120,19.48,19.48,19.42,19.43,35476
XCBG.TO,20230120,36.21,36.21,36.21,36.21,0
XCBU.TO,20230120,35.44,35.44,35.44,35.44,0
XCBU.U.TO,20230120,26.29,26.29,26.29,26.29,0
XCD.TO,20230120,43.03,43.38,43.03,43.38,565
XCG.TO,20230120,42.52,42.79,42.52,42.79,860
XCH.TO,20230120,20.59,20.75,20.59,20.74,34960
XCLN.TO,20230120,45.93,45.93,45.93,45.93,225
XCNS.TO,20230120,20.69,20.69,20.68,20.68,3929
XCS.TO,20230120,18.8,18.99,18.69,18.99,1102
XCSR.TO,20230120,58.08,58.68,58.08,58.64,2367
XCV.TO,20230120,33.44,33.52,33.44,33.52,700
XDG.TO,20230120,23.07,23.15,23.04,23.15,7031
XDG.U.TO,20230120,17.6,17.6,17.6,17.6,0
XDGH.TO,20230120,23.64,23.65,23.44,23.65,900
XDIV.TO,20230120,24.89,25.02,24.81,25.02,21851
XDNA.TO,20230120,35.68,35.68,35.68,35.68,0
XDSR.TO,20230120,48.9,49.15,48.9,49.15,401
XDU.TO,20230120,26.05,26.16,25.97,26.16,4311
XDU.U.TO,20230120,19.51,19.51,19.51,19.51,0
XDUH.TO,20230120,24.43,24.43,24.43,24.43,2235
XDV.TO,20230120,28.34,28.45,28.2,28.45,71302
XEB.TO,20230120,15.8,15.82,15.8,15.82,300
XEC.TO,20230120,26.21,26.27,26.21,26.27,6966
XEC.U.TO,20230120,19.91,19.91,19.91,19.91,0
XEF.TO,20230120,32.91,33.05,32.91,33.05,69808
XEF.U.TO,20230120,24.75,24.75,24.75,24.75,600
XEG.TO,20230120,16,16.1,15.87,16.04,2125054
XEH.TO,20230120,28.85,28.96,28.8,28.96,3183
XEI.TO,20230120,25.89,25.98,25.75,25.97,56979
XEM.TO,20230120,30.89,30.9,30.89,30.9,733
XEN.TO,20230120,30.99,31.06,30.99,31.06,682
XEQT.TO,20230120,25.07,25.26,25.05,25.26,64060
XESG.TO,20230120,24.86,25,24.86,25,6305
XEU.TO,20230120,26.46,26.46,26.35,26.35,1289
XEXP.TO,20230120,39.29,39.29,39.29,39.29,0
XFH.TO,20230120,26.73,26.85,26.73,26.85,12000
XFN.TO,20230120,46.56,46.75,46.32,46.75,119984
XFR.TO,20230120,20.13,20.13,20.11,20.12,12568
XGB.TO,20230120,19.55,19.55,19.47,19.51,5264
XGD.TO,20230120,19,19.28,18.97,19.28,404150
XGI.TO,20230120,40.24,40.31,40.24,40.3,2325
XGRO.TO,20230120,23.85,23.95,23.83,23.95,27572
XHAK.TO,20230120,33.26,33.26,33.26,33.26,0
XHB.TO,20230120,18.86,18.89,18.86,18.89,1932
XHC.TO,20230120,66.41,66.98,66.17,66.98,2931
XHD.TO,20230120,31.42,31.64,31.35,31.64,25106
XHU.TO,20230120,28.86,28.86,28.55,28.71,1712
XHY.TO,20230120,16.18,16.23,16.08,16.23,44513
XIC.TO,20230120,32.37,32.64,32.28,32.62,206043
XID.TO,20230120,44.4,44.4,44.4,44.4,101
XIG.TO,20230120,20.77,20.77,20.64,20.68,15118
XIGS.TO,20230120,36.83,36.86,36.83,36.84,4200
XIN.TO,20230120,30.13,30.35,30.13,30.35,85542
XINC.TO,20230120,19.1,19.1,19.1,19.1,1005
XIT.TO,20230120,35.55,36.3,35.5,36.26,5016
XIU.TO,20230120,31.08,31.32,30.99,31.32,2077279
XLB.TO,20230120,20.23,20.23,20.12,20.21,60760
XLY.TO,20230120,0.02,0.025,0.02,0.02,150618
XMA.TO,20230120,19.5,19.83,19.5,19.81,9161
XMC.TO,20230120,25.94,26.01,25.91,26.01,13225
XMC.U.TO,20230120,19.55,19.55,19.35,19.35,1700
XMD.TO,20230120,30.77,30.99,30.77,30.98,3736
XMF.PR.B.TO,20230120,4.9,4.9,4.9,4.9,0
XMH.TO,20230120,23.04,23.28,23.04,23.27,3925
XMI.TO,20230120,33.98,33.98,33.97,33.97,200
XML.TO,20230120,23.16,23.16,23.16,23.16,300
XMM.TO,20230120,26.71,26.71,26.59,26.59,1430
XMS.TO,20230120,30.43,30.66,30.43,30.66,1600
XMTM.TO,20230120,23.86,23.86,23.86,23.86,0
XMU.TO,20230120,64.92,65.33,64.9,65.33,2036
XMU.U.TO,20230120,48.49,48.49,48.49,48.49,1000
XMV.TO,20230120,37.91,38.05,37.91,38.02,15300
XMW.TO,20230120,45.62,45.68,45.52,45.68,873
XMY.TO,20230120,26.39,26.39,26.39,26.39,0
XPF.TO,20230120,14.96,15.05,14.96,15.04,6294
XQB.TO,20230120,18.79,18.82,18.79,18.81,14471
XQLT.TO,20230120,25.73,25.97,25.72,25.97,1259
XQQ.TO,20230120,87.46,89.4,87.24,89.34,71804
XRB.TO,20230120,23.26,23.26,23.18,23.24,13002
XRE.TO,20230120,17.8,17.97,17.75,17.96,326870
XSAB.TO,20230120,18.1,18.1,18.07,18.1,3871
XSB.TO,20230120,26.04,26.04,26,26.02,88029
XSC.TO,20230120,17.73,17.73,17.73,17.73,300
XSE.TO,20230120,18.03,18.03,17.97,17.97,19738
XSEA.TO,20230120,22.59,22.59,22.59,22.59,1351
XSEM.TO,20230120,19.29,19.29,19.29,19.29,112
XSH.TO,20230120,18.16,18.16,18.14,18.14,76279
XSHG.TO,20230120,37.36,37.36,37.31,37.31,1700
XSHU.TO,20230120,39.62,39.62,39.62,39.62,0
XSHU.U.TO,20230120,29.57,29.57,29.57,29.57,0
XSI.TO,20230120,16.86,16.86,16.83,16.83,2500
XSMC.TO,20230120,26.67,26.73,26.67,26.73,1553
XSMH.TO,20230120,24.96,25.2,24.96,25.19,3634
XSP.TO,20230120,41.43,42.06,41.28,42.03,222830
XST.TO,20230120,85.86,85.92,85.35,85.39,27888
XSTB.TO,20230120,19.02,19.02,19,19.01,4772
XSTH.TO,20230120,36.83,36.84,36.81,36.84,11743
XSTP.TO,20230120,39.77,39.77,39.62,39.62,8190
XSTP.U.TO,20230120,29.48,29.48,29.48,29.48,1000
XSU.TO,20230120,36.19,36.67,36.19,36.67,18805
XSUS.TO,20230120,28.12,28.44,28.1,28.44,6393
XTC.TO,20230120,7.67,7.72,7.07,7.09,223145
XTD.TO,20230120,4.84,4.84,4.79,4.83,13666
XTD.PR.A.TO,20230120,9.9,9.99,9.9,9.99,6600
XTG.TO,20230120,0.97,0.98,0.97,0.97,16500
XTR.TO,20230120,10.64,10.65,10.62,10.65,31733
XTRA.TO,20230120,0.53,0.53,0.52,0.52,70895
XUH.TO,20230120,33.34,33.77,33.34,33.77,3936
XUS.TO,20230120,65.29,65.78,65.1,65.76,88290
XUS.U.TO,20230120,49,49.64,49,49.64,1300
XUSR.TO,20230120,54.4,54.69,54.23,54.64,2800
XUT.TO,20230120,28.25,28.25,27.98,28.18,85544
XUU.TO,20230120,39.49,39.75,39.3,39.75,24637
XUU.U.TO,20230120,29.34,29.34,29.34,29.34,0
XVLU.TO,20230120,23.7,23.7,23.7,23.7,0
XWD.TO,20230120,65.94,66.47,65.94,66.47,11637
Y.TO,20230120,14.41,14.55,14.41,14.41,598
YCM.TO,20230120,1.8,1.8,1.76,1.76,13000
YCM.PR.A.TO,20230120,4.98,4.98,4.98,4.98,8600
YCM.PR.B.TO,20230120,5.09,5.09,5.09,5.09,0
YGR.TO,20230120,2.68,2.68,2.62,2.63,52786
YRB.TO,20230120,0.065,0.07,0.065,0.07,204260
ZACE.TO,20230120,29.24,29.24,29.24,29.24,0
ZAG.TO,20230120,13.89,13.9,13.86,13.89,232961
ZBAL.TO,20230120,33.65,33.74,33.6,33.72,3295
ZBAL.T.TO,20230120,27.32,27.32,27.32,27.32,0
ZBBB.TO,20230120,27.35,27.35,27.35,27.35,0
ZBI.TO,20230120,27.85,27.85,27.85,27.85,0
ZBK.TO,20230120,30,30.18,29.96,30.18,15150
ZCB.TO,20230120,45.76,45.76,45.69,45.74,1025
ZCDB.TO,20230120,28.4,28.4,28.4,28.4,100
ZCH.TO,20230120,17.35,17.57,17.33,17.52,14577
ZCLN.TO,20230120,21.08,21.13,20.98,21.13,2268
ZCM.TO,20230120,15.01,15.01,14.97,15,6322
ZCN.TO,20230120,27.27,27.49,27.2,27.47,58016
ZCON.TO,20230120,31.33,31.42,31.33,31.42,3030
ZCPB.TO,20230120,27.55,27.55,27.55,27.55,0
ZCS.TO,20230120,13.25,13.25,13.24,13.25,18882
ZCS.L.TO,20230120,21.86,21.86,21.86,21.86,400
ZDB.TO,20230120,14.78,14.8,14.78,14.8,4995
ZDH.TO,20230120,23.3,23.44,23.3,23.44,706
ZDI.TO,20230120,21.17,21.17,21.11,21.17,1115
ZDJ.TO,20230120,52.12,52.62,52.07,52.6,6366
ZDM.TO,20230120,24.83,24.87,24.76,24.86,9609
ZDV.TO,20230120,19.93,20.07,19.88,20.07,47771
ZDY.TO,20230120,36.54,36.6,36.3,36.6,7318
ZDY.U.TO,20230120,27.79,27.79,27.79,27.79,0
ZEA.TO,20230120,20.04,20.07,20.03,20.05,16538
ZEB.TO,20230120,35.43,35.58,35.26,35.58,515346
ZEF.TO,20230120,11.91,12.02,11.9,12.02,15500
ZEM.TO,20230120,19.84,19.93,19.84,19.9,36800
ZEO.TO,20230120,63.39,63.54,62.84,63.46,34791
ZEQ.TO,20230120,27.69,27.78,27.64,27.78,4769
ZEQT.TO,20230120,38.45,38.52,38.42,38.52,4577
ZESG.TO,20230120,30.94,30.94,30.94,30.94,0
ZFC.TO,20230120,39.27,39.34,39.27,39.34,500
ZFH.TO,20230120,14,14.01,13.94,14.01,6580
ZFL.TO,20230120,14.26,14.27,14.11,14.17,144639
ZFM.TO,20230120,14.81,14.81,14.77,14.79,8968
ZFN.TO,20230120,37.4,37.43,37.4,37.43,370
ZFS.TO,20230120,13.42,13.43,13.42,13.43,1653
ZFS.L.TO,20230120,20.61,20.61,20.61,20.61,0
ZGB.TO,20230120,45.99,45.99,45.84,45.9,1465
ZGD.TO,20230120,75.3,75.6,75.3,75.6,423
ZGI.TO,20230120,44.89,44.89,44.36,44.64,2587
ZGQ.TO,20230120,44.39,44.8,44.39,44.8,1659
ZGRN.TO,20230120,27.17,27.17,27.17,27.17,0
ZGRO.TO,20230120,36,36.1,35.98,36.09,4347
ZGSB.TO,20230120,26.18,26.2,26.18,26.2,250
ZHP.TO,20230120,20.38,20.38,20.38,20.38,0
ZHU.TO,20230120,42.25,42.53,42.25,42.53,700
ZHY.TO,20230120,11.11,11.11,11.01,11.08,36654
ZIC.TO,20230120,17.29,17.29,17.28,17.28,630
ZIC.U.TO,20230120,13.03,13.03,13.03,13.03,100
ZID.TO,20230120,39,39,38.91,38.97,1693
ZIN.TO,20230120,34.47,34.47,34.47,34.47,0
ZJG.TO,20230120,70.53,70.82,70.52,70.82,4259
ZJK.TO,20230120,17.44,17.44,17.38,17.39,1624
ZJPN.TO,20230120,27.95,27.95,27.95,27.95,0
ZLB.TO,20230120,40.88,41.14,40.78,41.12,101171
ZLC.TO,20230120,15.53,15.54,15.48,15.51,18307
ZLD.TO,20230120,24.23,24.23,24.23,24.23,0
ZLE.TO,20230120,17.38,17.38,17.37,17.37,4500
ZLH.TO,20230120,31.91,32.07,31.91,32.07,900
ZLI.TO,20230120,23.06,23.06,23.01,23.06,654
ZLU.TO,20230120,47.6,47.6,47.19,47.53,34338
ZLU.U.TO,20230120,36.29,36.35,36.29,36.35,200
ZMBS.TO,20230120,28.82,28.82,28.82,28.82,100
ZMI.TO,20230120,16.05,16.05,16,16,6680
ZMI.U.TO,20230120,27.06,27.06,27.06,27.06,0
ZMID.TO,20230120,36.44,36.44,36.43,36.43,1300
ZMMK.TO,20230120,50.11,50.11,50.1,50.11,10642
ZMP.TO,20230120,13.86,13.86,13.82,13.84,5550
ZMSB.TO,20230120,27.83,27.83,27.83,27.83,0
ZMT.TO,20230120,56.76,57.4,56.76,57.4,2279
ZMU.TO,20230120,12.94,12.94,12.85,12.88,5899
ZNQ.TO,20230120,49.34,50.17,49.33,50.17,7004
ZNQ.U.TO,20230120,24.92,25.23,24.92,25.23,400
ZPAY.TO,20230120,27.75,27.96,27.75,27.95,3845
ZPAY.F.TO,20230120,26.49,26.63,26.49,26.63,701
ZPAY.U.TO,20230120,27.31,27.31,27.31,27.31,100
ZPH.TO,20230120,13.84,13.93,13.84,13.93,320
ZPL.TO,20230120,13.26,13.26,13.13,13.19,37510
ZPR.TO,20230120,9.65,9.65,9.55,9.56,188631
ZPS.TO,20230120,12.17,12.17,12.15,12.15,10009
ZPW.TO,20230120,14.02,14.28,14.02,14.22,1701
ZPW.U.TO,20230120,14.31,14.31,14.31,14.31,0
ZQB.TO,20230120,27.54,27.54,27.54,27.54,0
ZQQ.TO,20230120,80.87,82.67,80.74,82.67,49041
ZRE.TO,20230120,23.65,23.8,23.5,23.76,9161
ZRR.TO,20230120,15.88,15.88,15.75,15.84,4763
ZSB.TO,20230120,46.94,46.94,46.93,46.93,34967
ZSDB.TO,20230120,28.93,28.93,28.93,28.93,0
ZSML.TO,20230120,35.52,35.52,35.52,35.52,125
ZSML.F.TO,20230120,33.83,33.83,33.83,33.83,0
ZSP.TO,20230120,57.74,58.2,57.58,58.2,381208
ZSP.U.TO,20230120,42.9,43.45,42.9,43.45,2300
ZST.TO,20230120,48.71,48.72,48.7,48.72,38910
ZST.L.TO,20230120,54.72,54.72,54.72,54.72,6100
ZSU.TO,20230120,13.17,13.17,13.17,13.17,0
ZTIP.TO,20230120,31.09,31.09,31.09,31.09,0
ZTIP.F.TO,20230120,28.96,28.96,28.96,28.96,300
ZTIP.U.TO,20230120,29.06,29.06,29.06,29.06,2000
ZUB.TO,20230120,28.12,28.78,28.12,28.78,9365
ZUD.TO,20230120,25.98,26.03,25.98,26.03,2759
ZUE.TO,20230120,55.16,56.01,55.16,56.01,13911
ZUH.TO,20230120,70.9,71.7,70.9,71.66,5899
ZUP.TO,20230120,22.12,22.15,22.12,22.15,450
ZUP.U.TO,20230120,21.3,21.3,21.3,21.3,0
ZUQ.TO,20230120,51.13,51.68,51.11,51.57,2870
ZUQ.F.TO,20230120,32.97,33.31,32.97,33.3,6513
ZUQ.U.TO,20230120,34.38,34.38,34.38,34.38,0
ZUS.U.TO,20230120,46.95,46.95,46.95,46.95,0
ZUS.V.TO,20230120,52.15,52.15,52.15,52.15,0
ZUT.TO,20230120,23.19,23.25,22.97,23.14,12261
ZVC.TO,20230120,25.82,25.82,25.82,25.82,150
ZVU.TO,20230120,25.76,25.76,25.76,25.76,0
ZWA.TO,20230120,23.85,24.09,23.81,24.09,15600
ZWB.TO,20230120,18.96,19.1,18.92,19.1,69269
ZWB.U.TO,20230120,24.31,24.31,24.31,24.31,0
ZWC.TO,20230120,18.04,18.15,18,18.15,139945
ZWE.TO,20230120,19.67,19.71,19.58,19.63,15897
ZWG.TO,20230120,28.53,28.79,28.46,28.79,5842
ZWH.TO,20230120,21.72,21.81,21.63,21.81,23445
ZWH.U.TO,20230120,22.17,22.17,22.17,22.17,359
ZWK.TO,20230120,25.68,25.92,25.64,25.9,15797
ZWP.TO,20230120,17.1,17.17,17.08,17.17,10628
ZWS.TO,20230120,19.36,19.44,19.36,19.44,2900
ZWT.TO,20230120,24.66,24.87,24.59,24.87,1018
ZWU.TO,20230120,11.82,11.85,11.73,11.84,381696
ZXM.TO,20230120,33.49,33.74,33.49,33.74,500
ZXM.B.TO,20230120,32.49,32.49,32.49,32.49,0
ZZZ.TO,20230120,24.52,24.88,24.29,24.79,95790
ZZZD.TO,20230120,27.95,28.12,27.95,28.12,3244
