<ticker>,<date>,<open>,<high>,<low>,<close>,<vol>
AAUC.TO,20230926,4.7,4.9,4.6,4.9,12361
AAV.TO,20230926,9.22,9.33,8.98,9.07,309881
ABX.TO,20230926,20.81,20.95,20.53,20.55,2893810
AC.TO,20230926,18.81,18.99,18.76,18.85,1254110
ACAA.TO,20230926,19.9,19.95,19.9,19.95,14300
ACB.TO,20230926,1,1.05,0.92,0.95,5471691
ACD.TO,20230926,5.6,5.6,5.6,5.6,112
ACD.DB.TO,20230926,98,98,98,98,8000
ACO.X.TO,20230926,35.79,35.79,35.1,35.1,261628
ACQ.TO,20230926,25.77,25.77,24.25,24.79,25836
AD.DB.TO,20230926,96.75,97.24,96.75,96.75,25000
AD.DB.A.TO,20230926,93.6,93.6,93.5,93.5,20000
AD.UN.TO,20230926,14.7,14.77,14.55,14.55,67597
ADCO.TO,20230926,0.21,0.21,0.21,0.21,500
ADEN.TO,20230926,31.89,31.89,29.9,30.05,24033
ADN.TO,20230926,18,18,17.77,17.93,4336
ADW.A.TO,20230926,4.16,4.21,4.16,4.18,27214
AEM.TO,20230926,64.95,65.28,63.54,63.55,1225148
AEZS.TO,20230926,3.35,3.4,3.35,3.36,2500
AFN.TO,20230926,53.96,54.25,52.5,53.06,38826
AFN.DB.F.TO,20230926,98.36,98.36,98.35,98.35,70000
AFN.DB.G.TO,20230926,98.4,98.4,98.25,98.25,16000
AFN.DB.H.TO,20230926,94.5,94.98,94.5,94.98,54000
AFN.DB.J.TO,20230926,100,100.01,100,100,34000
AGF.B.TO,20230926,7.3,7.3,7.18,7.19,104510
AGI.TO,20230926,15.93,16.03,15.44,15.47,574583
AI.TO,20230926,10.81,10.81,10.6,10.61,39144
AI.DB.C.TO,20230926,97.06,97.06,97.06,97.06,28000
AI.DB.D.TO,20230926,93.53,93.53,93.53,93.53,10000
AI.DB.E.TO,20230926,95.01,95.01,95.01,95.01,10000
AIF.TO,20230926,48.38,49.08,47.39,47.83,68458
AII.TO,20230926,0.44,0.44,0.44,0.44,2728
AIM.TO,20230926,2.89,2.94,2.85,2.89,74228
AKT.A.TO,20230926,1.88,1.89,1.83,1.88,11583
ALA.TO,20230926,26.97,27.15,26.47,26.57,837015
ALA.PR.A.TO,20230926,14.7,14.7,14.49,14.5,5651
ALA.PR.B.TO,20230926,17.7,17.75,17.7,17.75,3500
ALA.PR.G.TO,20230926,17.28,17.35,17,17.23,11130
ALC.TO,20230926,14.95,15,14.81,14.86,13344
ALC.DB.A.TO,20230926,103,103,102.09,102.09,78000
ALS.TO,20230926,20.93,21.15,20.63,20.72,60061
ALYA.TO,20230926,2.31,2.32,2.2,2.2,38276
AMC.TO,20230926,3.01,3.06,2.9,2.96,137564
AND.TO,20230926,40.5,40.83,39.27,39.28,24639
AOI.TO,20230926,3.21,3.21,3.17,3.17,285414
AOT.TO,20230926,0.42,0.42,0.385,0.385,350387
AP.UN.TO,20230926,18.61,18.63,17.95,18,440952
APLI.TO,20230926,0.07,0.07,0.055,0.06,674610
APR.UN.TO,20230926,10.32,10.42,10.17,10.23,27672
APS.TO,20230926,4.13,4.2,4.13,4.2,2603
AQN.TO,20230926,9.25,9.25,8.93,8.93,2322796
AQN.PR.A.TO,20230926,18.71,18.89,18.71,18.75,3161
AQN.PR.D.TO,20230926,18.48,18.55,18.36,18.36,4279
AR.TO,20230926,0.56,0.57,0.55,0.55,1499947
ARA.TO,20230926,0.4,0.4,0.38,0.4,156091
ARB.TO,20230926,26.15,26.15,26,26,989
ARE.TO,20230926,11.21,11.29,10.97,11.02,268830
ARG.TO,20230926,1.28,1.28,1.23,1.24,162300
ARIS.TO,20230926,3.08,3.13,3.04,3.09,154947
ARIS.WT.A.TO,20230926,0.16,0.16,0.16,0.16,500
ARKG.TO,20230926,12.29,12.29,12.29,12.29,1000
ARKK.TO,20230926,15.35,15.35,15.21,15.22,22407
ARR.TO,20230926,8.31,8.35,8.3,8.35,1062
ARX.TO,20230926,21.08,21.49,21.06,21.35,1993164
ASCU.TO,20230926,1.62,1.62,1.59,1.6,36677
ASM.TO,20230926,0.77,0.77,0.71,0.71,132709
ASND.TO,20230926,0.1,0.1,0.1,0.1,31500
ASTL.TO,20230926,9.33,9.33,9.07,9.07,34091
ASTL.WT.TO,20230926,1.6,1.6,1.5,1.6,9100
ATCU.TO,20230926,0.405,0.405,0.405,0.405,500
ATD.TO,20230926,70.01,70.37,69.41,69.95,2666271
ATH.TO,20230926,3.88,4.03,3.85,3.98,3399287
ATRL.TO,20230926,45.91,46.4,44.46,44.63,454724
ATS.TO,20230926,59.65,59.8,58.27,58.33,132455
ATSX.TO,20230926,22.2,22.2,22.2,22.2,351
ATZ.TO,20230926,21.68,21.97,21.41,21.57,393638
AUGB.F.TO,20230926,37.9,37.9,37.9,37.9,35000
AUMN.TO,20230926,0.91,0.93,0.89,0.89,13509
AVCN.TO,20230926,0.45,0.45,0.44,0.44,48000
AVL.TO,20230926,0.125,0.125,0.115,0.115,778087
AVNT.TO,20230926,0.19,0.19,0.185,0.185,4000
AW.UN.TO,20230926,32,32.38,31.65,31.68,10513
AX.PR.E.TO,20230926,17.25,17.35,17,17.02,5284
AX.PR.I.TO,20230926,17.45,17.45,17.31,17.31,4095
AX.UN.TO,20230926,6.77,6.79,6.64,6.67,546185
AXIS.TO,20230926,0.095,0.1,0.095,0.1,25500
AYA.TO,20230926,7.49,7.53,7.17,7.22,154132
BABY.TO,20230926,0.345,0.36,0.335,0.35,45524
BAM.TO,20230926,45.42,45.71,45,45.51,690447
BANK.TO,20230926,7.22,7.22,7.1,7.1,6540
BASE.TO,20230926,24.73,24.77,24.71,24.71,1350
BB.TO,20230926,6.67,6.76,6.56,6.59,606606
BBD.A.TO,20230926,45.03,46.2,44.67,44.67,3662
BBD.B.TO,20230926,45,46.24,44.44,44.56,769568
BBD.PR.B.TO,20230926,16.71,16.71,16.35,16.35,1518
BBD.PR.C.TO,20230926,17.48,17.6,17.35,17.35,4100
BBD.PR.D.TO,20230926,21,21.25,20.95,21.25,800
BBU.UN.TO,20230926,20.88,21.2,20.4,20.4,25518
BBUC.TO,20230926,25.15,25.24,24.14,24.45,25748
BCE.TO,20230926,53.03,53.03,52.06,52.08,2683290
BCE.PR.A.TO,20230926,15.22,15.25,15.15,15.21,13713
BCE.PR.B.TO,20230926,17.65,17.65,17.65,17.65,19000
BCE.PR.C.TO,20230926,15.46,15.7,15.46,15.5,2318
BCE.PR.D.TO,20230926,17.65,17.65,17.5,17.5,17000
BCE.PR.E.TO,20230926,17.4,17.4,17.3,17.3,6400
BCE.PR.F.TO,20230926,15.3,15.35,15.21,15.25,5708
BCE.PR.G.TO,20230926,14.2,14.26,14.18,14.18,3143
BCE.PR.H.TO,20230926,17.35,17.35,17.35,17.35,182
BCE.PR.I.TO,20230926,14.15,14.16,14.14,14.14,1106
BCE.PR.J.TO,20230926,17.5,17.51,17.5,17.5,5200
BCE.PR.K.TO,20230926,13.6,13.7,13.6,13.65,28676
BCE.PR.M.TO,20230926,13.88,13.91,13.87,13.9,3568
BCE.PR.N.TO,20230926,16.44,16.44,16.4,16.4,1400
BCE.PR.Q.TO,20230926,20.5,20.5,20.15,20.15,14980
BCE.PR.R.TO,20230926,14.2,14.2,14.16,14.2,4152
BCE.PR.S.TO,20230926,17.5,17.5,17.5,17.5,1000
BCE.PR.T.TO,20230926,16.71,16.75,16.6,16.6,4847
BCE.PR.Y.TO,20230926,17.47,17.47,17.47,17.47,31000
BCT.TO,20230926,7.5,7.53,7.42,7.42,2278
BDGI.TO,20230926,34.51,34.79,33.6,34.04,37639
BDI.TO,20230926,6.88,6.95,6.87,6.88,84687
BDT.TO,20230926,10.28,10.33,10.21,10.21,67314
BEI.UN.TO,20230926,67.03,67.03,65.9,66.37,88551
BEP.PR.G.TO,20230926,21.02,21.04,21,21.04,1300
BEP.PR.M.TO,20230926,18.5,18.7,18.25,18.3,8119
BEP.PR.R.TO,20230926,17.65,17.65,17.65,17.65,1400
BEP.UN.TO,20230926,34.74,35.01,34.5,34.86,243219
BEPC.TO,20230926,36.96,37.12,36.71,36.87,146326
BEPR.TO,20230926,8.41,8.41,8.37,8.37,600
BESG.TO,20230926,14.95,14.95,14.95,14.95,178
BGC.TO,20230926,27.33,27.33,27.32,27.32,472
BGI.UN.TO,20230926,4.23,4.25,4.23,4.24,2000
BGU.TO,20230926,35.43,35.56,35.27,35.31,9419
BGU.U.TO,20230926,26.11,26.11,26.11,26.11,4054
BHC.TO,20230926,11,11.38,11,11.1,271072
BIK.PR.A.TO,20230926,21.25,21.35,21.05,21.05,1854
BIP.PR.A.TO,20230926,16.75,16.75,16.7,16.7,1050
BIP.PR.B.TO,20230926,21.4,21.41,21.4,21.4,6540
BIP.PR.E.TO,20230926,19.51,19.75,19.51,19.75,2470
BIP.PR.F.TO,20230926,18.91,19.3,18.91,19.15,8941
BIP.UN.TO,20230926,42.02,42.34,41.01,41.01,509393
BIPC.TO,20230926,50.58,50.86,50.16,50.57,107593
BIR.TO,20230926,7.56,7.64,7.41,7.46,783883
BITF.TO,20230926,1.42,1.44,1.37,1.37,625022
BITI.TO,20230926,13.4,13.47,13.38,13.41,12545
BK.TO,20230926,12.02,12.03,11.4,11.48,187161
BK.PR.A.TO,20230926,10.05,10.07,10.05,10.05,237168
BKCC.TO,20230926,13.92,13.92,13.77,13.77,19080
BKCL.TO,20230926,18.7,18.7,18.46,18.47,39241
BKI.TO,20230926,0.07,0.07,0.07,0.07,104840
BLB.UN.TO,20230926,7.57,7.57,7.47,7.47,800
BLCO.TO,20230926,23.05,23.08,23.05,23.08,200
BLDP.TO,20230926,4.81,4.85,4.74,4.82,474160
BLN.TO,20230926,3.36,3.45,3.35,3.35,15500
BLOV.TO,20230926,20.69,20.69,20.69,20.69,400
BLX.TO,20230926,31.15,31.27,30.26,30.38,184241
BMAX.TO,20230926,11.89,11.92,11.87,11.87,4245
BMO.TO,20230926,115.07,115.57,114.13,114.61,1694671
BMO.PR.E.TO,20230926,21.75,22.74,21.75,22.51,84497
BMO.PR.T.TO,20230926,17.17,17.33,17.15,17.33,8387
BMO.PR.W.TO,20230926,16.73,17,16.73,16.95,1862
BMO.PR.Y.TO,20230926,17.9,17.9,17.89,17.89,2292
BN.TO,20230926,43.75,43.9,42.65,43.13,2236597
BN.PF.A.TO,20230926,19.4,19.4,19.23,19.23,1787
BN.PF.B.TO,20230926,17.1,17.13,17,17,5572
BN.PF.C.TO,20230926,16.74,16.75,16.6,16.6,2800
BN.PF.D.TO,20230926,16.77,16.77,16.76,16.76,400
BN.PF.E.TO,20230926,14.34,14.36,14.25,14.35,3215
BN.PF.F.TO,20230926,16.5,16.51,16.28,16.28,1160
BN.PF.G.TO,20230926,14.46,14.85,14.45,14.45,3547
BN.PF.H.TO,20230926,19.05,19.21,19.01,19.01,3763
BN.PF.I.TO,20230926,17.76,17.76,17.67,17.67,3327
BN.PF.J.TO,20230926,18.75,18.75,18.25,18.25,5765
BN.PF.K.TO,20230926,14.77,14.77,14.77,14.77,700
BN.PF.L.TO,20230926,10.1,10.1,10.1,10.1,1300
BN.PR.B.TO,20230926,11.3,11.3,11.25,11.25,1700
BN.PR.M.TO,20230926,16.53,16.53,16.35,16.35,5200
BN.PR.R.TO,20230926,12.87,12.87,12.86,12.86,2187
BN.PR.T.TO,20230926,12.91,13,12.91,12.99,10768
BN.PR.X.TO,20230926,13.08,13.15,13.01,13.15,7912
BN.PR.Z.TO,20230926,17.41,17.5,17.4,17.4,1254
BND.TO,20230926,16.58,16.63,16.58,16.61,7415
BNE.TO,20230926,7.52,7.59,7.38,7.41,61490
BNG.TO,20230926,0.045,0.045,0.045,0.045,3175
BNK.TO,20230926,9.85,10.25,9.67,10.25,1978
BNRE.TO,20230926,44.81,44.81,42.82,43.11,133528
BNS.TO,20230926,62.5,62.96,62,62.02,4817830
BOS.TO,20230926,4.52,4.57,4.4,4.43,50897
BPF.UN.TO,20230926,15.5,15.54,15.17,15.17,38894
BPO.PR.A.TO,20230926,9.79,9.92,9.57,9.61,11044
BPO.PR.C.TO,20230926,14.75,14.77,14.51,14.51,5000
BPO.PR.E.TO,20230926,10.33,10.74,10.33,10.73,40584
BPO.PR.G.TO,20230926,12.28,12.3,12.19,12.19,2843
BPO.PR.I.TO,20230926,11.92,12,11.9,11.97,3327
BPO.PR.N.TO,20230926,8.5,8.63,8.5,8.59,3868
BPO.PR.P.TO,20230926,8.8,8.95,8.66,8.67,29551
BPO.PR.R.TO,20230926,8.79,8.92,8.79,8.92,2917
BPO.PR.T.TO,20230926,12.11,12.34,12.01,12.13,29351
BPO.PR.W.TO,20230926,8.8,8.8,8.8,8.8,100
BPYP.PR.A.TO,20230926,18.32,18.32,18.14,18.22,3937
BR.TO,20230926,1.6,1.6,1.6,1.6,1500
BRAG.TO,20230926,5.85,5.9,5.74,5.8,35536
BRE.TO,20230926,13.65,13.65,13.29,13.29,9290
BREA.TO,20230926,21.58,21.58,21.57,21.57,200
BRF.PR.A.TO,20230926,14.5,14.51,14.5,14.5,4990
BRF.PR.C.TO,20230926,16.85,16.86,16.84,16.85,12977
BRF.PR.E.TO,20230926,16.79,16.82,16.65,16.65,4000
BRF.PR.F.TO,20230926,16.72,16.85,16.62,16.62,4300
BRY.TO,20230926,0.46,0.46,0.46,0.46,8000
BSX.TO,20230926,0.055,0.06,0.055,0.055,69750
BTB.DB.G.TO,20230926,99.48,99.48,99.48,99.48,26000
BTB.DB.H.TO,20230926,98.5,98.5,98,98,11000
BTB.UN.TO,20230926,3.18,3.18,2.99,3.01,162068
BTCC.TO,20230926,5.03,5.03,5,5.03,34776
BTCC.B.TO,20230926,5.11,5.13,5.08,5.13,138327
BTCC.U.TO,20230926,4.8,4.8,4.78,4.8,12056
BTCQ.TO,20230926,5.74,5.76,5.74,5.76,7968
BTCQ.U.TO,20230926,4.24,4.24,4.24,4.24,8000
BTCX.B.TO,20230926,5.23,5.27,5.22,5.26,31064
BTCX.U.TO,20230926,4.9,4.92,4.9,4.92,1014
BTCY.TO,20230926,3.4,3.4,3.36,3.39,10535
BTCY.B.TO,20230926,3.88,3.88,3.85,3.86,1128
BTCY.U.TO,20230926,3.27,3.28,3.27,3.28,5105
BTE.TO,20230926,5.62,5.74,5.59,5.65,5395694
BTO.TO,20230926,4.07,4.1,3.99,3.99,1910415
BU.TO,20230926,0.15,0.15,0.145,0.145,2506
BUI.TO,20230926,2.59,2.59,2.41,2.41,800
BYD.TO,20230926,246.3,246.3,241.01,242,45197
BYL.TO,20230926,0.315,0.325,0.315,0.325,8300
CACB.TO,20230926,18.43,18.43,18.38,18.38,75100
CAE.TO,20230926,31.51,31.87,31.17,31.43,432733
CAFR.TO,20230926,19.77,19.77,19.72,19.72,55303
CALL.TO,20230926,10.26,10.27,10.11,10.15,25926
CALL.U.TO,20230926,11.27,11.27,11.27,11.27,100
CANL.TO,20230926,19.31,19.31,19.2,19.2,565
CAR.UN.TO,20230926,46.02,46.45,45.24,45.43,321257
CARS.TO,20230926,24.07,24.4,24.06,24.4,4463
CAS.TO,20230926,11.9,11.98,11.74,11.87,151330
CASH.TO,20230926,50.18,50.19,50.18,50.19,106965
CBH.TO,20230926,16.57,16.58,16.57,16.58,3300
CBIL.TO,20230926,50.17,50.18,50.17,50.17,22932
CBND.TO,20230926,8.36,8.36,8.36,8.36,1818
CBNK.TO,20230926,6.7,6.7,6.65,6.65,3570
CBO.TO,20230926,16.98,17.01,16.98,17.01,15250
CCA.TO,20230926,62.93,63,61.75,61.94,59676
CCBI.TO,20230926,16.86,16.86,16.86,16.86,400
CCEI.TO,20230926,21.2,21.2,21.18,21.18,1400
CCL.B.TO,20230926,56.27,56.27,55.36,56.14,705112
CCM.TO,20230926,0.225,0.225,0.22,0.225,50584
CCO.TO,20230926,55.7,56.11,54.57,54.9,1227875
CCS.PR.C.TO,20230926,19.1,19.23,19.1,19.11,3100
CDIV.TO,20230926,12.26,12.26,12.2,12.2,14680
CDR.TO,20230926,1.08,1.08,0.95,0.99,44629
CDZ.TO,20230926,28.81,28.85,28.46,28.46,5790
CEE.TO,20230926,1.42,1.49,1.41,1.45,4500
CEF.TO,20230926,24.1,24.16,24.01,24.01,9876
CEF.U.TO,20230926,18.03,18.03,17.93,17.93,200
CET.TO,20230926,0.93,0.93,0.9,0.91,207362
CEU.TO,20230926,3.78,3.83,3.72,3.75,234196
CEW.TO,20230926,15.24,15.24,15.15,15.15,6566
CF.TO,20230926,8.05,8.13,7.97,8,118922
CF.PR.C.TO,20230926,16.97,17.19,16.92,17,1600
CFF.TO,20230926,0.88,0.88,0.85,0.85,12233
CFLX.TO,20230926,16.77,16.77,16.77,16.77,900
CFP.TO,20230926,17.1,17.21,16.89,16.96,177910
CFW.TO,20230926,5.49,5.51,5.35,5.38,13415
CFX.TO,20230926,1.95,1.97,1.93,1.93,48814
CG.TO,20230926,6.94,6.96,6.74,6.75,317791
CGBI.TO,20230926,16.91,16.91,16.91,16.91,14100
CGG.TO,20230926,6.11,6.11,6.02,6.05,1781
CGHY.TO,20230926,9.43,9.43,9.43,9.43,1000
CGI.TO,20230926,35.21,35.21,35.15,35.15,500
CGL.TO,20230926,15.29,15.31,15.2,15.2,13825
CGL.C.TO,20230926,21.89,21.89,21.8,21.81,2657
CGLO.TO,20230926,23.31,23.31,23.29,23.29,425
CGO.TO,20230926,47.68,47.68,46.47,46.47,14894
CGR.TO,20230926,24.79,24.82,24.76,24.82,5768
CGRA.TO,20230926,19.31,19.31,19.31,19.31,100
CGRE.TO,20230926,18.94,19,18.87,18.89,2900
CGX.TO,20230926,8.67,8.81,8.52,8.77,417137
CGX.DB.B.TO,20230926,97.5,97.5,97.5,97.5,27000
CGXF.TO,20230926,9.63,9.63,9.42,9.42,24813
CGY.TO,20230926,51.29,51.99,51.29,51.65,12576
CHE.DB.E.TO,20230926,99,99,99,99,8000
CHE.DB.H.TO,20230926,95.85,98.8,93,93,56000
CHE.UN.TO,20230926,8.2,8.21,8.05,8.1,234085
CHNA.B.TO,20230926,20.17,20.17,20.15,20.15,2011
CHP.UN.TO,20230926,12.86,12.96,12.6,12.62,282780
CHPS.TO,20230926,25.2,25.3,24.94,25,8177
CHR.TO,20230926,2.31,2.33,2.29,2.29,310472
CHR.DB.A.TO,20230926,95.5,96,95,95,146000
CHR.DB.C.TO,20230926,81,81,81,81,8000
CHW.TO,20230926,7.25,7.27,7.2,7.25,7990
CIA.TO,20230926,5.26,5.33,5.25,5.25,146300
CIBR.TO,20230926,35.16,35.16,35.05,35.05,425
CIC.TO,20230926,9.99,10.02,9.94,9.94,7236
CIEI.TO,20230926,20.28,20.28,20.28,20.28,11524
CIEM.TO,20230926,16.59,16.59,16.59,16.59,600
CIF.TO,20230926,35.5,35.5,35.19,35.19,4460
CIGI.TO,20230926,137.44,137.79,132.91,132.91,61210
CINF.TO,20230926,22.64,22.64,22.44,22.47,600
CINT.TO,20230926,19.65,19.69,19.62,19.62,3543
CIU.PR.A.TO,20230926,16.5,16.58,16.46,16.58,14000
CIU.PR.C.TO,20230926,12.6,12.6,12.6,12.6,400
CIX.TO,20230926,16.35,16.5,15.87,15.89,259508
CJ.TO,20230926,7.37,7.52,7.31,7.34,1092008
CJR.B.TO,20230926,1.04,1.05,1.02,1.03,300118
CJT.TO,20230926,91.88,92.65,89.03,89.9,78194
CJT.DB.E.TO,20230926,97.5,98,97.5,98,15000
CJT.DB.F.TO,20230926,94.4,95,94.35,95,36000
CLF.TO,20230926,16.33,16.35,16.33,16.34,6925
CLG.TO,20230926,16.12,16.12,16.1,16.1,15154
CLS.TO,20230926,30.85,30.92,30.06,30.5,190997
CM.TO,20230926,54,54.23,53.76,53.79,3934064
CM.PR.O.TO,20230926,18.1,18.24,18.09,18.24,54904
CM.PR.P.TO,20230926,16.75,17.05,16.7,17.05,27176
CM.PR.Q.TO,20230926,17.42,17.74,17.42,17.74,3000
CM.PR.S.TO,20230926,20.42,20.5,20.19,20.3,17744
CM.PR.Y.TO,20230926,23.96,24.08,23.96,24.08,615
CMAG.TO,20230926,24.36,24.41,24.36,24.41,500
CMAR.TO,20230926,17.21,17.22,17.21,17.21,1700
CMAR.U.TO,20230926,17.4,17.4,17.4,17.4,1600
CMCX.B.TO,20230926,6.99,6.99,6.99,6.99,413
CMDO.TO,20230926,18.53,18.53,18.49,18.52,5600
CMDO.U.TO,20230926,18.63,18.63,18.63,18.63,200
CMG.TO,20230926,8.3,8.56,8.16,8.52,92222
CMGG.TO,20230926,19.36,19.36,19.3,19.3,1828
CMNY.TO,20230926,50.01,50.01,50.01,50.01,400
CMR.TO,20230926,50.01,50.01,50,50,110230
CNCC.TO,20230926,11.73,11.73,11.64,11.64,18573
CNCL.TO,20230926,19.04,19.04,18.86,18.86,3869
CNE.TO,20230926,11.14,11.14,10.98,10.98,43010
CNL.TO,20230926,4.9,4.94,4.51,4.7,148156
CNQ.TO,20230926,84.49,87.77,84.48,87.11,12385750
CNR.TO,20230926,149.55,150.07,148.28,149.48,2442890
COG.TO,20230926,0.35,0.35,0.35,0.35,12500
COPP.TO,20230926,26.95,26.95,25.95,25.95,3001
COW.TO,20230926,61.36,61.57,61.19,61.32,1834
CP.TO,20230926,103.01,103.05,100.51,100.7,1324622
CPD.TO,20230926,10.15,10.2,10.14,10.14,62972
CPH.TO,20230926,4.35,4.36,4.32,4.32,4670
CPLF.TO,20230926,5.36,5.49,5.35,5.35,14161
CPX.TO,20230926,40.21,40.21,39.61,39.65,220088
CPX.PR.A.TO,20230926,12.62,12.62,12.62,12.62,4850
CPX.PR.C.TO,20230926,21.62,21.85,21.62,21.85,3217
CPX.PR.E.TO,20230926,19.61,19.61,19.56,19.56,1923
CPX.PR.K.TO,20230926,23.65,23.79,23.6,23.79,4275
CR.TO,20230926,5.98,6.05,5.85,5.91,249403
CRDL.TO,20230926,1.21,1.29,1.18,1.21,162876
CRON.TO,20230926,2.91,3,2.83,2.86,238964
CROP.TO,20230926,17.31,17.32,17.31,17.32,534
CROP.U.TO,20230926,19.31,19.31,19.31,19.31,300
CRP.TO,20230926,2.14,2.16,2.12,2.16,2429
CRR.UN.TO,20230926,12.74,12.9,12.56,12.58,221916
CRRX.TO,20230926,1.83,1.83,1.78,1.8,14795
CRT.UN.TO,20230926,14.15,14.28,13.78,13.8,166518
CRWN.NT.TO,20230926,98.5,98.5,98.5,98.5,15000
CS.TO,20230926,5.66,5.72,5.46,5.56,1098077
CSAV.TO,20230926,50.01,50.02,50.01,50.02,49387
CSH.UN.TO,20230926,10.45,10.49,10.25,10.28,324603
CSU.TO,20230926,2707.06,2740.82,2667.09,2723.35,29202
CSU.DB.TO,20230926,136.1,136.1,136.1,136.1,3000
CSW.A.TO,20230926,14.33,14.54,14.32,14.54,10188
CSW.B.TO,20230926,13.22,13.3,13.15,13.15,4810
CTC.TO,20230926,281.02,286.66,275,285,635
CTC.A.TO,20230926,148.36,148.68,145.45,145.59,116738
CTF.UN.TO,20230926,3.17,3.17,3.13,3.13,118500
CTS.TO,20230926,2.66,2.76,2.66,2.75,318831
CTX.TO,20230926,0.69,0.69,0.67,0.67,10661
CU.TO,20230926,29.95,29.95,29.14,29.22,448647
CU.PR.C.TO,20230926,17.15,17.32,17.15,17.18,2572
CU.PR.D.TO,20230926,18.03,18.12,18.03,18.03,3000
CU.PR.E.TO,20230926,17.8,17.8,17.8,17.8,400
CU.PR.F.TO,20230926,16.51,16.51,16.51,16.51,2200
CU.PR.I.TO,20230926,21.22,21.49,21.2,21.2,2354
CU.PR.J.TO,20230926,17,17.2,17,17.03,3800
CUD.TO,20230926,47.11,47.32,46.8,46.82,4154
CUEI.TO,20230926,22.85,22.85,22.83,22.83,44600
CVD.TO,20230926,16.18,16.18,15.95,15.95,3825
CVE.TO,20230926,27.05,27.67,26.99,27.51,7820999
CVE.PR.A.TO,20230926,11.9,11.9,11.73,11.77,3920
CVE.PR.B.TO,20230926,15,15,15,15,2000
CVE.PR.C.TO,20230926,18.99,19,18.75,19,9679
CVE.PR.E.TO,20230926,18.94,18.95,18.8,18.8,3631
CVE.PR.G.TO,20230926,18.52,18.52,18.5,18.5,310
CVE.WT.TO,20230926,20.6,21.02,20.6,20.94,13487
CVO.TO,20230926,10.16,10.35,10.11,10.17,41493
CWB.TO,20230926,28.18,28.22,27.75,27.83,343605
CWB.PR.B.TO,20230926,17.62,17.88,17.62,17.88,7024
CWB.PR.D.TO,20230926,24.7,24.7,24.43,24.43,4192
CWEB.TO,20230926,0.53,0.53,0.48,0.5,59359
CWL.TO,20230926,0.84,0.84,0.84,0.84,540
CWW.TO,20230926,46.3,46.3,45.7,45.7,1064
CXB.TO,20230926,1.36,1.37,1.31,1.33,840983
CXF.TO,20230926,9.29,9.29,9.16,9.16,5210
CXI.TO,20230926,21.36,21.36,21.36,21.36,120
CYB.TO,20230926,59,59,57.9,58.07,9340
CYBR.TO,20230926,37.08,37.08,36.63,36.74,1761
CYBR.B.TO,20230926,42.02,42.03,42.02,42.03,500
CYH.TO,20230926,18.65,18.76,18.49,18.49,1940
D.UN.TO,20230926,10.47,10.47,9.93,10.02,292016
DANC.TO,20230926,21.43,21.45,21.43,21.45,4100
DATA.TO,20230926,18.22,18.22,18.19,18.19,200
DBM.TO,20230926,7.44,7.49,7.31,7.35,157406
DBO.TO,20230926,0.105,0.11,0.105,0.11,35998
DC.A.TO,20230926,1.2,1.2,1.2,1.2,4200
DC.PR.B.TO,20230926,18.38,18.38,18.38,18.38,500
DCBO.TO,20230926,52.33,52.33,50.37,51.23,23055
DCM.TO,20230926,3.06,3.09,3,3.02,39301
DCU.TO,20230926,16.57,16.59,16.56,16.56,13258
DF.TO,20230926,3.15,3.15,3,3.03,50282
DF.PR.A.TO,20230926,9.74,9.75,9.72,9.75,21819
DFN.TO,20230926,4.03,4.06,3.87,3.99,992404
DFN.PR.A.TO,20230926,9.48,9.51,9.48,9.51,139132
DFY.TO,20230926,37.34,37.56,37.26,37.38,75244
DGR.TO,20230926,36.8,36.8,36.8,36.8,263
DGR.B.TO,20230926,40.64,40.64,40.6,40.6,1025
DGRC.TO,20230926,34.22,34.22,34.13,34.13,1131
DGS.TO,20230926,4.37,4.4,4.24,4.25,99420
DGS.PR.A.TO,20230926,9.63,9.7,9.63,9.7,25137
DHT.U.TO,20230926,8,8,8,8,100
DHT.UN.TO,20230926,10.65,10.67,10.35,10.39,56834
DIAM.TO,20230926,0.08,0.085,0.08,0.085,228833
DII.A.TO,20230926,5.7,5.7,5.7,5.7,100
DII.B.TO,20230926,5.6,5.72,5.6,5.72,17180
DIR.UN.TO,20230926,13.25,13.26,12.81,12.92,421087
DISC.TO,20230926,32.34,32.34,32.34,32.34,569
DIV.TO,20230926,2.65,2.69,2.6,2.6,319506
DIV.DB.A.TO,20230926,93.5,93.5,91,91,26000
DIVS.TO,20230926,13.63,13.63,13.63,13.63,500
DLCG.TO,20230926,1.74,1.85,1.74,1.77,7830
DLR.TO,20230926,13.89,13.92,13.88,13.91,433595
DLR.U.TO,20230926,10.29,10.29,10.28,10.29,204214
DML.TO,20230926,2.33,2.33,2.22,2.24,3491348
DN.TO,20230926,0.04,0.045,0.035,0.04,80522
DND.TO,20230926,13.85,13.85,13.2,13.39,218656
DNG.TO,20230926,3.08,3.08,3.02,3.02,40215
DNTL.TO,20230926,6.16,6.16,5.9,5.91,125260
DOL.TO,20230926,93.5,93.86,92.78,93.2,541072
DOO.TO,20230926,99.17,100.95,98.06,98.2,154741
DPM.TO,20230926,8.33,8.5,8.23,8.31,581329
DR.TO,20230926,9.27,9.4,9.27,9.37,29341
DRFC.TO,20230926,24.36,24.36,24.36,24.36,100
DRFD.TO,20230926,20,20,20,20,125
DRM.TO,20230926,19.52,19.79,18.91,18.92,23638
DRMC.TO,20230926,24.26,24.26,24.26,24.26,930
DRMU.TO,20230926,30.72,30.72,30.72,30.72,292
DRR.U.TO,20230926,7.19,7.21,7.11,7.21,1418
DRR.UN.TO,20230926,9.79,10.01,9.79,10.01,1400
DRT.TO,20230926,0.6,0.6,0.56,0.58,9611
DRX.TO,20230926,4.82,4.83,4.66,4.75,25257
DS.TO,20230926,6.2,6.24,6.19,6.19,2161
DSG.TO,20230926,96.63,98.15,96.4,97.19,158641
DSV.TO,20230926,0.72,0.73,0.71,0.71,131776
DTOL.TO,20230926,6.83,6.83,6.72,6.72,880
DXB.TO,20230926,17.38,17.38,17.38,17.38,900
DXC.TO,20230926,32.1,32.1,31.84,31.88,2481
DXDB.TO,20230926,19.64,19.64,19.6,19.63,7768
DXG.TO,20230926,44.63,44.8,44.25,44.3,67610
DXIF.TO,20230926,18.28,18.31,18.28,18.31,1218
DXO.TO,20230926,18.24,18.24,18.24,18.24,700
DXP.TO,20230926,18.32,18.44,18.3,18.44,43150
DXQ.TO,20230926,22.09,22.09,21.89,21.89,3500
DXT.TO,20230926,5.69,5.82,5.69,5.7,5608
DXU.TO,20230926,41.68,41.68,41.52,41.59,6627
DXV.TO,20230926,19.61,19.72,19.61,19.69,3915
DXW.TO,20230926,20.5,20.5,20.49,20.49,701
DXZ.TO,20230926,10.71,10.71,10.71,10.71,600
DYA.TO,20230926,0.16,0.165,0.155,0.16,385700
E.TO,20230926,0.52,0.55,0.52,0.55,159500
EAGR.TO,20230926,0.47,0.495,0.47,0.495,12000
EBIT.TO,20230926,12.92,12.94,12.88,12.93,6675
ECN.TO,20230926,2.36,2.41,2.32,2.36,330469
ECN.DB.B.TO,20230926,75.1,75.1,74,74,202998
ECN.PR.C.TO,20230926,17.4,17.4,17.24,17.25,8125
ECO.TO,20230926,3.8,3.85,3.78,3.79,7800
ECOR.TO,20230926,1.89,1.89,1.89,1.89,300
EDGE.TO,20230926,29.64,29.64,29.64,29.64,400
EDR.TO,20230926,3.33,3.34,3.16,3.16,140208
EDT.TO,20230926,0.385,0.385,0.37,0.375,99028
EDV.TO,20230926,26.95,27.36,26.81,27.02,382424
EFN.TO,20230926,19.68,19.81,19.31,19.37,522287
EFN.PR.C.TO,20230926,24.25,24.25,24.21,24.21,1412
EFN.PR.E.TO,20230926,24.07,24.07,24.05,24.05,7300
EFR.TO,20230926,11.94,12.17,11.66,11.73,708622
EFX.TO,20230926,7.77,7.89,7.62,7.72,362281
EGIF.TO,20230926,19.86,19.86,19.86,19.86,300
EGLX.TO,20230926,0.48,0.49,0.45,0.45,58565
EIF.TO,20230926,44.17,44.38,43.22,43.62,85993
EIF.DB.J.TO,20230926,98.01,98.01,98,98.01,20000
EIF.DB.K.TO,20230926,98.05,98.05,98.05,98.05,10000
EIF.DB.L.TO,20230926,98,98,96,96,28000
EIF.DB.M.TO,20230926,91.85,91.85,90.8,90.8,45000
EIT.PR.A.TO,20230926,24.75,24.77,24.65,24.65,5100
EIT.PR.B.TO,20230926,24.24,24.28,24.24,24.27,8100
EIT.UN.TO,20230926,12.65,12.68,12.6,12.6,177269
ELD.TO,20230926,12.78,12.85,12.35,12.41,458331
ELEF.TO,20230926,0.26,0.285,0.26,0.27,21833
ELF.PR.H.TO,20230926,19.85,19.85,19.85,19.85,300
ELO.TO,20230926,1.82,1.86,1.75,1.76,61495
ELR.TO,20230926,0.085,0.085,0.085,0.085,1180
ELVA.TO,20230926,3.85,4,3.72,3.94,11160
EMA.TO,20230926,49.9,49.99,48.79,48.83,3438907
EMA.PR.A.TO,20230926,13.1,13.12,13.1,13.12,2900
EMA.PR.B.TO,20230926,15.6,15.6,15.6,15.6,500
EMA.PR.C.TO,20230926,19.38,19.38,19.15,19.15,5526
EMA.PR.E.TO,20230926,16.02,16.02,16.01,16.01,700
EMA.PR.F.TO,20230926,16.38,16.83,16.36,16.36,11698
EMA.PR.H.TO,20230926,19.75,19.76,19.7,19.7,8168
EMA.PR.J.TO,20230926,17.46,17.89,17.46,17.55,6520
EMA.PR.L.TO,20230926,16.19,16.19,16.11,16.11,45500
EMP.A.TO,20230926,36.9,37.47,36.84,37.29,465427
ENB.TO,20230926,46.22,46.26,45.52,45.55,8431753
ENB.PF.A.TO,20230926,14.75,14.75,14.7,14.71,7940
ENB.PF.C.TO,20230926,14.27,14.32,14.2,14.2,2284
ENB.PF.E.TO,20230926,13.49,13.49,13.32,13.32,10305
ENB.PF.G.TO,20230926,13.52,13.52,13.39,13.44,4352
ENB.PF.K.TO,20230926,18.6,18.76,18.55,18.75,5407
ENB.PF.U.TO,20230926,17.5,17.51,17.09,17.09,9308
ENB.PF.V.TO,20230926,19.46,19.46,19.29,19.32,5000
ENB.PR.A.TO,20230926,20.12,20.15,20,20,1650
ENB.PR.B.TO,20230926,14.36,14.41,14.22,14.23,12540
ENB.PR.D.TO,20230926,14.9,14.92,14.57,14.57,18063
ENB.PR.F.TO,20230926,15.45,15.51,15.4,15.42,38260
ENB.PR.H.TO,20230926,16.5,16.55,16.46,16.51,7100
ENB.PR.J.TO,20230926,16.35,16.55,16.35,16.4,6336
ENB.PR.N.TO,20230926,18.05,18.11,17.96,17.96,9900
ENB.PR.P.TO,20230926,16.41,16.42,16.22,16.22,5511
ENB.PR.T.TO,20230926,15.35,15.39,15.35,15.36,11162
ENB.PR.V.TO,20230926,19.46,19.5,19.4,19.4,3225
ENB.PR.Y.TO,20230926,14.42,14.51,14.36,14.45,6088
ENCC.TO,20230926,11.15,11.22,11.14,11.16,61276
ENGH.TO,20230926,29.87,30.16,29.19,29.87,160533
ENI.UN.TO,20230926,1.52,1.52,1.5,1.5,300
ENS.TO,20230926,12.46,12.46,12.08,12.11,104352
ENS.PR.A.TO,20230926,9.81,9.81,9.77,9.77,5600
EPRX.TO,20230926,7.27,7.27,7.1,7.15,10400
EQB.TO,20230926,76.28,76.28,74.23,74.27,35364
EQB.PR.C.TO,20230926,23.29,23.44,23.29,23.44,200
EQL.TO,20230926,29.33,29.35,29.12,29.14,19519
EQL.F.TO,20230926,25.66,25.66,25.43,25.44,7677
EQL.U.TO,20230926,21.66,21.66,21.61,21.62,3704
EQX.TO,20230926,5.83,5.85,5.67,5.68,462454
ERD.TO,20230926,0.32,0.32,0.3,0.3,36600
ERE.UN.TO,20230926,2.4,2.41,2.33,2.37,119529
ERO.TO,20230926,23.45,23.45,22.64,22.9,271457
ESG.TO,20230926,30.66,30.7,30.65,30.66,11155
ESG.F.TO,20230926,29.22,29.22,29.22,29.22,100
ESGA.TO,20230926,30.89,30.89,30.89,30.89,100
ESGC.TO,20230926,23.06,23.07,23.06,23.07,1900
ESGE.TO,20230926,29.63,29.63,29.57,29.57,1400
ESGF.TO,20230926,23.47,23.47,23.47,23.47,100
ESI.TO,20230926,3.45,3.52,3.33,3.38,273582
ESM.TO,20230926,0.03,0.035,0.03,0.035,380712
ESPX.TO,20230926,20.62,20.67,20.51,20.56,30847
ESPX.B.TO,20230926,20.92,20.95,20.83,20.86,41799
ESPX.U.TO,20230926,20.48,20.49,20.38,20.38,4400
ET.TO,20230926,12.23,12.58,12.22,12.43,8137
ETC.TO,20230926,6.04,6.04,5.95,5.95,2413
ETG.TO,20230926,1.31,1.32,1.31,1.32,15200
ETHH.TO,20230926,6.49,6.52,6.49,6.51,7350
ETHH.B.TO,20230926,7.49,7.49,7.48,7.49,5335
ETHI.TO,20230926,41.94,41.94,41.67,41.68,567
ETHQ.TO,20230926,8.44,8.48,8.44,8.48,7904
ETHQ.U.TO,20230926,6.25,6.28,6.25,6.28,1000
ETHR.TO,20230926,7.42,7.45,7.42,7.45,5910
ETHR.U.TO,20230926,6.88,6.88,6.88,6.88,200
ETHX.B.TO,20230926,7.71,7.74,7.69,7.74,11353
ETHX.U.TO,20230926,7.14,7.14,7.12,7.14,9247
ETHY.TO,20230926,2.53,2.56,2.53,2.55,1713
ETHY.B.TO,20230926,3.09,3.12,3.09,3.12,1601
ETP.TO,20230926,15.71,15.71,15.71,15.71,600
ETSX.TO,20230926,18.91,18.91,18.91,18.91,143
EXE.TO,20230926,6.13,6.17,6.06,6.07,120116
EXE.DB.C.TO,20230926,95.5,95.5,95,95,68000
EXN.TO,20230926,0.095,0.095,0.095,0.095,22002
EXRO.TO,20230926,2.11,2.13,2.03,2.05,150585
EXRO.WT.TO,20230926,0.79,0.81,0.79,0.8,17900
FANS.TO,20230926,0.05,0.05,0.045,0.045,101200
FAP.TO,20230926,2.53,2.53,2.52,2.53,2460
FAR.TO,20230926,1.9,1.9,1.85,1.89,8262
FBTC.TO,20230926,11.83,11.87,11.79,11.87,5179
FC.TO,20230926,9.99,9.99,9.84,9.91,52460
FC.DB.H.TO,20230926,98,98,98,98,1000
FC.DB.I.TO,20230926,94.5,94.5,94.5,94.5,49000
FC.DB.K.TO,20230926,86,86,86,86,3000
FCCD.TO,20230926,25.73,25.73,25.58,25.58,2337
FCCQ.TO,20230926,29.81,29.81,29.71,29.72,1600
FCCV.TO,20230926,12.93,12.93,12.84,12.84,1676
FCD.UN.TO,20230926,5.31,5.31,5.24,5.27,55260
FCID.TO,20230926,23.5,23.5,23.38,23.38,1627
FCIQ.TO,20230926,31.55,31.55,31.42,31.51,2112
FCIV.TO,20230926,30.67,30.8,30.58,30.68,3450
FCQH.TO,20230926,43.38,43.38,43.13,43.22,1200
FCR.UN.TO,20230926,13.69,13.8,13.4,13.42,503231
FCRH.TO,20230926,29.37,29.37,29.29,29.31,2200
FCRR.TO,20230926,32.22,32.25,32.22,32.25,200
FCU.TO,20230926,0.91,0.94,0.87,0.91,2929728
FCUD.TO,20230926,29.23,29.26,29.09,29.14,5648
FCUH.TO,20230926,26.52,26.52,26.3,26.3,3000
FCUQ.TO,20230926,46.05,46.05,45.78,45.87,6136
FCUQ.U.TO,20230926,33.91,33.91,33.91,33.91,100
FCUV.TO,20230926,13.92,13.92,13.89,13.9,2660
FCVH.TO,20230926,13.4,13.41,13.4,13.41,203
FDY.TO,20230926,0.66,0.68,0.66,0.66,77161
FEC.TO,20230926,10.63,10.63,10.2,10.32,77459
FF.TO,20230926,0.14,0.14,0.135,0.14,405700
FFH.TO,20230926,1138.58,1144.72,1133.87,1139.42,17029
FFH.PR.C.TO,20230926,17.6,17.7,17.52,17.67,4593
FFH.PR.D.TO,20230926,19,19,19,19,5600
FFH.PR.G.TO,20230926,13.77,13.82,13.77,13.78,2651
FFH.PR.H.TO,20230926,16.54,16.55,16.48,16.5,3125
FFH.PR.I.TO,20230926,14.56,14.6,14.55,14.56,7708
FFH.PR.J.TO,20230926,17.17,17.19,17.15,17.18,2300
FFH.PR.K.TO,20230926,17.55,17.55,17.27,17.38,2105
FFH.PR.M.TO,20230926,19.65,19.65,19.5,19.5,6072
FFN.TO,20230926,3.19,3.2,3.05,3.05,138114
FFN.PR.A.TO,20230926,9.86,9.86,9.8,9.83,45117
FGO.TO,20230926,9.5,9.5,9.48,9.48,8500
FHI.TO,20230926,11.14,11.14,11.14,11.14,275
FHIS.TO,20230926,20.37,20.38,20.35,20.36,11500
FHQ.TO,20230926,69.35,69.35,69.34,69.34,364
FIE.TO,20230926,6.4,6.4,6.36,6.36,184491
FIG.TO,20230926,8.8,8.8,8.8,8.8,11799
FIG.U.TO,20230926,8.39,8.39,8.38,8.38,2500
FIH.U.TO,20230926,13.05,13.12,12.9,12.94,49413
FIL.TO,20230926,19.71,19.84,19.46,19.72,321963
FLCI.TO,20230926,16.48,16.48,16.48,16.48,200
FLGD.TO,20230926,22.85,22.85,22.85,22.85,100
FLI.TO,20230926,9.59,9.59,9.46,9.46,10478
FLNT.TO,20230926,0.025,0.025,0.025,0.025,83000
FLOW.TO,20230926,0.31,0.315,0.31,0.315,12006
FLSD.TO,20230926,18.33,18.33,18.32,18.32,670
FLUS.TO,20230926,33.63,33.64,33.55,33.55,1100
FLX.TO,20230926,6.73,6.73,6.73,6.73,2400
FM.TO,20230926,31.69,31.82,30.72,31.24,1483466
FN.TO,20230926,36.44,36.58,35.91,36.02,26538
FN.PR.A.TO,20230926,10.7,10.7,10.7,10.7,2900
FN.PR.B.TO,20230926,13.38,13.4,13.38,13.4,6200
FNV.TO,20230926,185.08,185.08,180.82,180.88,314004
FOM.TO,20230926,3.64,3.73,3.54,3.67,520100
FOOD.TO,20230926,0.41,0.41,0.385,0.39,14422
FORA.TO,20230926,6.19,6.24,6.13,6.13,1843
FRU.TO,20230926,15.1,15.2,14.83,14.87,232904
FSB.TO,20230926,9.47,9.47,9.43,9.43,17650
FSL.TO,20230926,16.96,17.01,16.96,16.99,1927
FSV.TO,20230926,200.79,201.48,198.15,199.44,80632
FSY.TO,20230926,0.72,0.73,0.68,0.7,437439
FSZ.TO,20230926,5.55,5.65,5.49,5.5,223164
FSZ.DB.B.TO,20230926,104,104,103,103,45000
FT.TO,20230926,0.04,0.04,0.035,0.04,13250
FTG.TO,20230926,3.33,3.33,3.2,3.22,9683
FTN.TO,20230926,7.44,7.44,7.36,7.4,112067
FTN.PR.A.TO,20230926,9.86,9.93,9.85,9.92,104641
FTS.TO,20230926,53.9,53.91,52.86,52.87,893065
FTS.PR.F.TO,20230926,19.49,19.54,19.27,19.54,3100
FTS.PR.G.TO,20230926,19.1,19.17,18.81,18.81,11550
FTS.PR.H.TO,20230926,12.5,12.5,12.48,12.48,555
FTS.PR.I.TO,20230926,15.2,15.2,15,15,1700
FTS.PR.J.TO,20230926,18.36,18.44,18.35,18.44,1300
FTS.PR.K.TO,20230926,17.23,17.29,17.2,17.22,4079
FTS.PR.M.TO,20230926,16.6,16.82,16.6,16.65,11744
FTT.TO,20230926,40,41.19,38.88,39.06,512495
FURY.TO,20230926,0.46,0.46,0.455,0.455,6359
FVI.TO,20230926,3.73,3.78,3.63,3.63,684683
FVL.TO,20230926,0.385,0.39,0.375,0.38,135057
FXM.TO,20230926,19.97,19.97,19.87,19.87,725
G.TO,20230926,0.65,0.65,0.57,0.57,115579
GATO.TO,20230926,7.4,7.4,7.3,7.32,3222
GAU.TO,20230926,0.9,0.9,0.88,0.88,29500
GBT.TO,20230926,13.77,13.77,13.69,13.69,11201
GCBD.TO,20230926,16.66,16.66,16.66,16.66,10200
GCG.A.TO,20230926,43,43,41.36,42.72,7710
GCL.TO,20230926,1.16,1.17,1.15,1.17,28944
GCTB.TO,20230926,50.04,50.04,50.04,50.04,400
GDC.TO,20230926,2.15,2.32,2.09,2.32,17494
GDI.TO,20230926,39.12,39.3,38.71,38.91,19138
GDL.TO,20230926,13.33,13.5,13.25,13.5,2155
GDPY.TO,20230926,19.77,19.77,19.77,19.77,1300
GDPY.B.TO,20230926,18.95,18.95,18.95,18.95,200
GDV.TO,20230926,9.08,9.09,8.96,8.97,19272
GDV.PR.A.TO,20230926,9.51,9.51,9.48,9.5,10900
GEI.TO,20230926,20.1,20.11,19.6,19.68,758080
GENM.TO,20230926,0.375,0.375,0.35,0.35,14785
GEO.TO,20230926,2.34,2.42,2.27,2.35,33447
GEQT.TO,20230926,46.08,46.08,46.08,46.08,122
GFL.TO,20230926,44.74,45.37,44.6,45.1,345289
GFP.TO,20230926,1.04,1.04,0.98,1.02,37200
GGD.TO,20230926,1.32,1.32,1.26,1.27,360679
GGRO.TO,20230926,43.08,43.08,43.08,43.08,582
GH.TO,20230926,8.65,8.65,8.65,8.65,209
GIB.A.TO,20230926,134.32,134.74,131.95,134.38,441162
GIL.TO,20230926,36.92,37.41,36.62,36.71,425658
GIVX.TO,20230926,0.39,0.4,0.39,0.39,38201
GLCC.TO,20230926,22.35,22.38,22.03,22.03,23816
GLO.TO,20230926,2.2,2.23,2.12,2.18,578739
GLXY.TO,20230926,4.7,4.8,4.43,4.55,588147
GMTN.TO,20230926,0.09,0.09,0.085,0.085,37869
GMX.TO,20230926,0.78,0.78,0.76,0.77,37500
GOLD.TO,20230926,1.09,1.1,1.07,1.08,74585
GOOS.TO,20230926,19.93,20.16,19.46,19.73,170498
GRA.TO,20230926,2.8,2.8,2.65,2.68,31314
GRID.TO,20230926,0.82,0.82,0.81,0.82,7500
GRN.TO,20230926,0.2,0.21,0.2,0.205,42308
GRNI.TO,20230926,25.15,25.15,25.15,25.15,1263
GRT.UN.TO,20230926,71.95,72.48,71.74,71.9,65209
GSY.TO,20230926,109.53,109.53,105.82,105.99,25555
GTE.TO,20230926,8.84,8.91,8.64,8.64,57277
GUD.TO,20230926,4.4,4.42,4.35,4.37,85663
GURU.TO,20230926,1.88,1.88,1.8,1.81,12047
GVC.TO,20230926,0.12,0.13,0.12,0.13,72501
GWO.TO,20230926,40.35,40.43,40.01,40.09,2124815
GWO.PR.G.TO,20230926,18.66,18.67,18.57,18.67,4038
GWO.PR.H.TO,20230926,17.6,17.69,17.6,17.64,7700
GWO.PR.I.TO,20230926,16.46,16.53,16.45,16.47,7720
GWO.PR.L.TO,20230926,20.27,20.27,20.27,20.27,1000
GWO.PR.M.TO,20230926,21.3,21.3,21.06,21.17,2648
GWO.PR.N.TO,20230926,12.23,12.23,12.23,12.23,244
GWO.PR.P.TO,20230926,19.32,19.32,19.3,19.3,1300
GWO.PR.Q.TO,20230926,18.5,18.52,18.5,18.52,2800
GWO.PR.R.TO,20230926,17.32,17.41,17.32,17.41,2200
GWO.PR.S.TO,20230926,18.88,18.94,18.88,18.93,1400
GWO.PR.T.TO,20230926,18.69,18.69,18.69,18.69,300
GWO.PR.Y.TO,20230926,16.51,16.55,16.43,16.55,3734
GXE.TO,20230926,0.82,0.84,0.79,0.81,1296761
H.TO,20230926,35.67,35.67,35.16,35.17,943216
HAB.TO,20230926,9.36,9.36,9.3,9.3,5299
HAC.TO,20230926,25.38,25.38,25.37,25.37,2200
HAF.TO,20230926,6.91,6.91,6.87,6.87,500
HAI.TO,20230926,3.7,3.71,3.64,3.64,10250
HAL.TO,20230926,18.43,18.43,18.27,18.27,4543
HAZ.TO,20230926,28.78,28.78,28.59,28.6,1150
HBA.TO,20230926,20.95,20.95,20.95,20.95,154
HBAL.TO,20230926,12.97,12.98,12.91,12.91,12043
HBB.TO,20230926,43.65,43.65,43.53,43.54,20078
HBD.TO,20230926,11.61,11.67,11.61,11.67,2467
HBF.TO,20230926,9.16,9.16,9.08,9.1,20316
HBF.U.TO,20230926,10.14,10.14,10.14,10.14,1203
HBFE.TO,20230926,9.71,9.71,9.71,9.71,1272
HBLK.TO,20230926,9.61,9.61,9.61,9.61,102
HBM.TO,20230926,6.24,6.41,6.23,6.23,1482084
HBND.TO,20230926,15.48,15.51,15.4,15.4,26373
HBNK.TO,20230926,19.08,19.08,18.92,18.93,10233
HBP.TO,20230926,0.235,0.235,0.235,0.235,5600
HBU.TO,20230926,10.43,10.43,10.35,10.36,3611
HCA.TO,20230926,19.49,19.49,19.32,19.33,6258
HCAL.TO,20230926,18.54,18.57,18.34,18.36,68727
HCLN.TO,20230926,9.58,9.59,9.48,9.48,4884
HCON.TO,20230926,11.89,11.89,11.89,11.89,900
HCRE.TO,20230926,23,23,23,23,308
HDGE.TO,20230926,23.18,23.18,23.18,23.18,300
HDIF.TO,20230926,7.54,7.54,7.41,7.42,81239
HDIV.TO,20230926,15.1,15.1,14.93,14.94,84982
HEB.TO,20230926,15,15,14.92,14.92,1403
HED.TO,20230926,5.06,5.06,4.9,4.94,80476
HEQT.TO,20230926,13.79,13.79,13.61,13.61,7825
HEU.TO,20230926,27.07,28.25,27.07,28.06,35088
HEWB.TO,20230926,27.68,27.68,27.62,27.62,1324
HFD.TO,20230926,11.97,12.16,11.97,12.13,18904
HFG.TO,20230926,19.84,19.84,19.79,19.79,1000
HFIN.TO,20230926,13.26,13.26,13.14,13.14,13000
HFPC.U.TO,20230926,3.01,3.02,2.95,2.95,2967
HFR.TO,20230926,9.77,9.77,9.75,9.75,32298
HFU.TO,20230926,16.72,16.72,16.48,16.49,6963
HGD.TO,20230926,6.75,7.02,6.71,7,241361
HGR.TO,20230926,5.8,5.8,5.77,5.78,3327
HGU.TO,20230926,11.85,11.86,11.27,11.3,419220
HGY.TO,20230926,9.54,9.54,9.42,9.42,2678
HHL.TO,20230926,7.93,7.93,7.86,7.86,123603
HHL.B.TO,20230926,8.53,8.53,8.53,8.53,9200
HHLE.TO,20230926,9.97,9.97,9.89,9.89,24583
HISU.U.TO,20230926,100.4,100.41,100.4,100.41,13777
HIU.TO,20230926,14.12,14.24,14.11,14.23,20850
HIX.TO,20230926,30.47,30.6,30.47,30.6,2786
HLF.TO,20230926,11,11.15,11,11.04,17194
HLFE.TO,20230926,9.5,9.5,9.5,9.5,384
HLIT.TO,20230926,30.33,30.33,30,30,1778
HLPR.TO,20230926,20.82,20.86,20.78,20.78,16600
HLS.TO,20230926,5.25,5.3,5.25,5.25,4444
HMAX.TO,20230926,13.77,13.81,13.68,13.71,247044
HMM.A.TO,20230926,9,9,8.73,8.75,5644
HMMJ.TO,20230926,9.87,10.07,9.7,9.7,20352
HMP.TO,20230926,9.07,9.07,9.07,9.07,900
HND.TO,20230926,56.85,57.45,55,56.65,299864
HNU.TO,20230926,12.19,12.59,12.03,12.21,2671705
HOD.TO,20230926,6.86,6.86,6.67,6.68,968050
HOM.U.TO,20230926,12.2,12.37,11.91,12.01,25841
HOM.UN.TO,20230926,16.04,16.57,16.04,16.12,12417
HOT.U.TO,20230926,1.35,1.35,1.35,1.35,100
HOT.UN.TO,20230926,1.83,1.85,1.79,1.79,76713
HOU.TO,20230926,17.7,18.19,17.66,18.14,398414
HPF.TO,20230926,3.56,3.56,3.54,3.54,4838
HPR.TO,20230926,7.15,7.2,7.15,7.19,70710
HPS.A.TO,20230926,50.54,50.77,48.69,48.73,34339
HQD.TO,20230926,20.77,21.21,20.74,21.11,638595
HQU.TO,20230926,13.2,13.24,12.92,13,1004292
HR.UN.TO,20230926,9.67,9.73,9.4,9.4,940421
HRAA.TO,20230926,11.64,11.64,11.64,11.64,178
HRED.TO,20230926,18.17,18.17,18.17,18.17,700
HRIF.TO,20230926,14.37,14.37,14.37,14.37,200
HRX.TO,20230926,15.61,16.23,15.61,16.23,11840
HSAV.TO,20230926,109.29,109.29,108.96,109.12,25559
HSD.TO,20230926,27.14,27.65,27.07,27.57,415764
HSH.TO,20230926,52.79,52.79,52.36,52.38,1498
HSU.TO,20230926,15.11,15.17,14.82,14.89,504266
HSUV.U.TO,20230926,106.5,106.58,106.39,106.57,8512
HTA.TO,20230926,14.52,14.55,14.39,14.44,35211
HTA.B.TO,20230926,14.75,14.75,14.75,14.75,1350
HTA.U.TO,20230926,15.5,15.5,15.35,15.39,1500
HTAE.TO,20230926,12.66,12.66,12.5,12.5,8963
HTB.TO,20230926,52.52,52.55,52.39,52.46,8700
HTL.TO,20230926,1.31,1.34,1.3,1.34,10336
HUBL.TO,20230926,9.95,9.95,9.9,9.91,3111
HUG.TO,20230926,15.2,15.2,15.17,15.17,509
HULC.TO,20230926,68.87,68.87,68.36,68.36,884
HULC.U.TO,20230926,50.67,50.7,50.38,50.41,2500
HUM.TO,20230926,23.32,23.32,23.32,23.32,100
HUN.TO,20230926,11.08,11.1,10.92,10.92,1600
HURA.TO,20230926,33.9,34.15,33.57,33.6,12658
HUT.TO,20230926,2.6,2.64,2.5,2.53,862954
HUTE.TO,20230926,9.65,9.65,9.43,9.43,26210
HUTL.TO,20230926,16.2,16.28,16.03,16.03,13963
HUTS.TO,20230926,11.66,11.66,11.51,11.51,23016
HUV.TO,20230926,16.6,17.81,16.48,17.75,169871
HUZ.TO,20230926,10.56,10.58,10.54,10.54,1881
HWO.TO,20230926,1.39,1.4,1.37,1.37,5249
HWX.TO,20230926,7.2,7.29,7.15,7.19,585127
HXCN.TO,20230926,31.15,31.15,30.92,30.93,7120
HXD.TO,20230926,7.32,7.42,7.28,7.42,152879
HXDM.TO,20230926,39.3,39.31,39.07,39.07,1271
HXDM.U.TO,20230926,28.92,28.92,28.92,28.92,3000
HXE.TO,20230926,33.89,34.01,33.73,33.93,2111
HXEM.TO,20230926,30.92,30.92,30.75,30.75,1600
HXF.TO,20230926,58.04,58.04,58.04,58.04,225
HXH.TO,20230926,43.58,43.58,43.28,43.28,432
HXQ.TO,20230926,56.43,56.48,55.95,56.07,13338
HXQ.U.TO,20230926,41.82,41.82,41.37,41.4,4900
HXS.TO,20230926,58.87,58.87,58.39,58.48,13805
HXT.TO,20230926,49.37,49.56,49.05,49.06,127182
HXT.U.TO,20230926,36.38,36.38,36.38,36.38,100
HXU.TO,20230926,17.8,17.8,17.45,17.45,47382
HXX.TO,20230926,40.5,40.51,40.34,40.34,1850
HYLD.TO,20230926,11.83,11.83,11.7,11.73,96188
HYLD.U.TO,20230926,12,12,11.92,11.92,4468
HZD.TO,20230926,15.6,15.66,15.57,15.66,21112
HZU.TO,20230926,19.5,19.7,19.36,19.37,20099
IAG.TO,20230926,86.18,86.45,85.45,85.78,169122
IAU.TO,20230926,2.15,2.18,2.14,2.16,358241
IBG.DB.E.TO,20230926,100.1,100.1,100.1,100.1,35000
ICAE.TO,20230926,18.35,18.35,18.35,18.35,100
ICPB.TO,20230926,9.07,9.1,9.06,9.1,1400
IDIV.B.TO,20230926,11.64,11.64,11.64,11.64,500
IE.TO,20230926,18.14,18.14,18,18,825
IFA.TO,20230926,1.09,1.09,1.09,1.09,1000
IFC.TO,20230926,198.08,198.21,196.71,197.72,223934
IFC.PR.A.TO,20230926,15.65,15.71,15.52,15.52,2544
IFC.PR.C.TO,20230926,16.1,16.3,16.05,16.05,5228
IFC.PR.E.TO,20230926,19.26,19.26,19.25,19.25,1045
IFC.PR.G.TO,20230926,19.5,19.55,19.4,19.4,8412
IFC.PR.I.TO,20230926,19.88,19.88,19.88,19.88,359
IFC.PR.K.TO,20230926,19.43,19.5,19.43,19.5,3200
IFP.TO,20230926,19.97,20.1,19.71,19.94,213033
IGB.TO,20230926,17.1,17.1,17.1,17.1,8000
IGM.TO,20230926,36.77,37.16,36.68,36.75,159889
IICE.TO,20230926,19.03,19.03,19.03,19.03,1600
III.TO,20230926,1.91,2.1,1.91,2.04,13555
IIMF.TO,20230926,19.73,19.73,19.73,19.73,2000
IIP.UN.TO,20230926,12.55,12.7,12.3,12.36,402155
ILLM.TO,20230926,1.85,1.85,1.72,1.75,245067
IMG.TO,20230926,2.9,2.93,2.82,2.83,552963
IMO.TO,20230926,80.78,82.21,80.21,81.63,1913625
INC.UN.TO,20230926,7.3,7.3,7.3,7.3,1430
INE.TO,20230926,11.81,11.83,11.3,11.32,776308
INE.PR.A.TO,20230926,12.5,12.5,11.95,11.95,39238
INO.UN.TO,20230926,3.15,3.15,3.06,3.06,113922
INOC.TO,20230926,12.91,12.91,12.9,12.9,2800
IPCO.TO,20230926,12.6,12.78,12.6,12.72,50215
IPO.TO,20230926,2.62,2.66,2.61,2.62,86731
IQD.TO,20230926,29.92,30.07,29.92,30.07,398
ISV.TO,20230926,22.49,22.49,21.75,21.89,12280
ITE.TO,20230926,0.22,0.22,0.21,0.21,89002
ITH.TO,20230926,0.47,0.485,0.465,0.465,12280
IUMF.TO,20230926,18.67,18.67,18.67,18.67,2000
IVN.TO,20230926,11.6,11.7,11.42,11.6,2180603
IVQ.TO,20230926,0.43,0.49,0.43,0.485,13100
IVQ.U.TO,20230926,0.345,0.395,0.345,0.395,3021
JAG.TO,20230926,1.28,1.28,1.17,1.22,67526
JAPN.TO,20230926,39.8,39.8,39.8,39.8,1200
JAPN.B.TO,20230926,29.22,29.22,29.22,29.22,100
JFS.UN.TO,20230926,24.28,24.32,24.27,24.27,626
JOY.TO,20230926,5.4,5.4,5.25,5.28,63084
JWEL.TO,20230926,24.73,25.06,24.73,24.9,81183
K.TO,20230926,6.52,6.58,6.38,6.39,1675210
KBL.TO,20230926,32.26,32.26,31.88,31.88,2496
KEC.TO,20230926,12.73,12.81,12.73,12.81,1750
KEG.UN.TO,20230926,13.59,13.59,13.25,13.45,18413
KEI.TO,20230926,5.53,5.53,5.31,5.31,4745
KEL.TO,20230926,7.07,7.19,7.04,7.14,189222
KEY.TO,20230926,32.07,32.25,31.6,31.65,765850
KILO.TO,20230926,28.42,28.44,28.39,28.44,7208
KILO.B.TO,20230926,30.68,30.73,30.65,30.65,525
KITS.TO,20230926,4.9,5.18,4.9,5.1,59869
KMP.UN.TO,20230926,17.78,17.86,17.36,17.46,180000
KNT.TO,20230926,5.75,6.02,5.74,5.93,487481
KPT.TO,20230926,9.95,10.05,9.95,10.01,15334
KRR.TO,20230926,4.07,4.12,3.99,4.03,455329
KSI.TO,20230926,3,3.06,2.96,3,13800
KXS.TO,20230926,152.12,152.7,147.67,147.85,57939
L.TO,20230926,111.82,114.61,111.47,113.9,524370
L.PR.B.TO,20230926,20.35,20.35,20.32,20.35,5800
LABS.TO,20230926,0.08,0.08,0.075,0.075,46000
LAC.TO,20230926,23.7,24.1,23.14,23.26,355378
LAM.TO,20230926,0.67,0.68,0.66,0.68,733952
LAS.A.TO,20230926,124.5,125,124,125,800
LB.TO,20230926,30.61,30.66,30.18,30.24,301257
LB.PR.H.TO,20230926,15.65,15.73,15.6,15.67,7862
LBS.TO,20230926,7.98,8.14,7.9,8.05,71359
LBS.PR.A.TO,20230926,10.11,10.11,10.08,10.1,13600
LCFS.TO,20230926,8.62,8.62,8.4,8.47,9944
LCS.TO,20230926,5.85,5.87,5.78,5.78,5147
LEV.TO,20230926,2.61,2.66,2.52,2.52,214034
LEV.WT.TO,20230926,0.2,0.2,0.2,0.2,1500
LFE.TO,20230926,3.22,3.22,3.14,3.16,8130
LFE.PR.B.TO,20230926,10.24,10.25,10.21,10.21,346
LGD.TO,20230926,0.29,0.31,0.285,0.3,482736
LGO.TO,20230926,3.92,3.94,3.7,3.71,24158
LIF.TO,20230926,33.29,33.33,32.51,32.65,242879
LIFE.TO,20230926,21,21,20.8,20.8,3855
LIFE.B.TO,20230926,23.87,23.87,23.87,23.87,155
LIRC.TO,20230926,11.54,11.87,11.35,11.48,33324
LN.TO,20230926,0.29,0.29,0.275,0.275,10525
LNF.TO,20230926,18.75,19.56,18.75,19.36,15591
LNR.TO,20230926,65.01,65.66,63.38,64.15,92158
LPEN.TO,20230926,0.22,0.22,0.2,0.205,11200
LSPD.TO,20230926,19.14,19.59,18.52,18.92,479389
LSPK.TO,20230926,0.5,0.5,0.5,0.5,500
LUC.TO,20230926,0.37,0.38,0.36,0.36,170788
LUG.TO,20230926,16.01,16.17,15.97,16.03,482346
LUN.TO,20230926,10.03,10.12,9.52,9.55,3061375
LYFR.TO,20230926,10.18,10.18,10.18,10.18,100
MAG.TO,20230926,13.96,14.06,13.66,13.67,189323
MAL.TO,20230926,7.51,7.72,7.51,7.65,7404
MARI.TO,20230926,3.9,3.9,3.87,3.9,26000
MATR.TO,20230926,16.82,16.99,16.3,16.36,305786
MAYB.F.TO,20230926,36.7,36.7,36.7,36.7,135
MBAL.TO,20230926,20.75,20.75,20.75,20.75,7205
MBX.TO,20230926,0.3,0.32,0.3,0.32,46000
MCAD.TO,20230926,100.42,100.42,100.42,100.42,131
MCB.TO,20230926,1.57,1.58,1.5,1.5,620861
MCLC.TO,20230926,33.13,33.25,33.1,33.1,526
MCON.TO,20230926,19.06,19.06,19.06,19.06,100
MDA.TO,20230926,11.22,11.28,10.99,11.02,66413
MDI.TO,20230926,8.25,8.4,8.19,8.2,110965
MDIV.TO,20230926,12.75,12.75,12.75,12.75,1100
MDNA.TO,20230926,0.4,0.41,0.38,0.41,31700
MDP.TO,20230926,3,3,2.87,3,48870
MDVD.TO,20230926,21.31,21.31,21.21,21.21,800
MEE.TO,20230926,22.99,23.1,22.99,23.1,900
MEG.TO,20230926,24.47,25.9,24.47,25.7,3932694
MEME.B.TO,20230926,25.37,25.47,25.37,25.46,2239
MEQ.TO,20230926,136,136,136,136,2428
MEU.TO,20230926,20.29,20.29,20.27,20.27,800
MFC.TO,20230926,25.2,25.35,25.02,25.03,4025374
MFC.PR.B.TO,20230926,17.05,17.09,16.97,17.08,4808
MFC.PR.C.TO,20230926,16.7,16.74,16.64,16.7,8917
MFC.PR.I.TO,20230926,20.21,20.21,20.1,20.12,3495
MFC.PR.J.TO,20230926,20.15,20.15,19.96,20,36466
MFC.PR.K.TO,20230926,19.87,19.88,19.79,19.88,3826
MFC.PR.L.TO,20230926,17.6,17.6,17.6,17.6,1100
MFC.PR.M.TO,20230926,16.87,16.87,16.87,16.87,240
MFC.PR.N.TO,20230926,16.64,16.64,16.64,16.64,772
MFC.PR.P.TO,20230926,15.45,15.45,15.45,15.45,1300
MFC.PR.Q.TO,20230926,19.6,19.6,19.42,19.46,3386
MFI.TO,20230926,26.52,26.61,25.42,25.61,203353
MFT.TO,20230926,17.55,17.61,17.55,17.56,8960
MG.TO,20230926,72.51,73.04,71.27,71.37,1088861
MGA.TO,20230926,0.355,0.355,0.34,0.355,859108
MGB.TO,20230926,15.84,15.93,15.84,15.93,10000
MHC.U.TO,20230926,15.09,15.26,15,15.26,1880
MHCD.TO,20230926,10.72,10.72,10.67,10.67,3000
MI.UN.TO,20230926,14.46,14.46,13.56,13.58,182903
MIC.PR.A.TO,20230926,18.25,18.5,18,18.5,1330
MID.UN.TO,20230926,6.87,6.87,6.82,6.82,1450
MIN.TO,20230926,0.175,0.175,0.155,0.155,83606
MINF.TO,20230926,8.97,8.97,8.97,8.97,100
MINN.TO,20230926,13.42,13.42,13.38,13.38,7600
MKB.TO,20230926,17.94,17.94,17.85,17.85,19130
MKC.TO,20230926,29.23,29.23,29,29,5454
MKP.TO,20230926,15.58,15.58,15.19,15.26,25322
MKZ.UN.TO,20230926,0.37,0.39,0.37,0.39,4000
MMP.UN.TO,20230926,1.92,1.92,1.85,1.85,5154
MND.TO,20230926,1.75,1.76,1.65,1.75,10564
MNO.TO,20230926,0.355,0.36,0.355,0.355,107250
MNS.TO,20230926,16.75,16.76,16.75,16.76,1200
MNT.TO,20230926,25.93,25.93,25.9,25.9,8454
MNU.U.TO,20230926,100.4,100.4,100.4,100.4,1018
MNY.TO,20230926,100.38,100.38,100.38,100.38,1500
MOGO.TO,20230926,2.05,2.07,2.03,2.04,8040
MPC.TO,20230926,5.94,5.94,5.43,5.57,901
MPC.C.TO,20230926,5.75,5.75,5.75,5.75,500
MPCT.DB.A.TO,20230926,88,88,88,88,43000
MPCT.UN.TO,20230926,8.75,8.75,8.21,8.21,20404
MPVD.TO,20230926,0.405,0.42,0.4,0.4,136035
MR.DB.B.TO,20230926,89,89,89,89,50000
MR.UN.TO,20230926,4.65,4.74,4.55,4.63,5400
MRC.TO,20230926,102.51,102.51,102,102,5910
MRD.TO,20230926,12.16,12.16,12.05,12.12,2445
MRE.TO,20230926,12.56,12.6,12.16,12.2,225403
MREL.TO,20230926,11.35,11.35,11.17,11.17,5853
MRG.UN.TO,20230926,15.01,15.08,14.66,14.75,38316
MRT.DB.A.TO,20230926,90.98,90.98,90.98,90.98,7000
MRT.UN.TO,20230926,5.53,5.55,5.51,5.51,18250
MRU.TO,20230926,71.13,71.38,70.6,70.89,685364
MSA.TO,20230926,0.6,0.6,0.59,0.59,20430
MSV.TO,20230926,0.165,0.17,0.155,0.17,8284
MTL.TO,20230926,13.28,13.33,12.82,13,373932
MTL.DB.TO,20230926,107,107.5,106,106,37000
MTY.TO,20230926,57.28,57.28,56.65,56.91,46550
MUB.TO,20230926,17.63,17.67,17.61,17.62,22702
MUMC.TO,20230926,35.46,35.46,35.43,35.43,400
MUMC.B.TO,20230926,38.67,38.67,38.67,38.67,100
MUS.TO,20230926,31,31,30.91,30.92,3978
MUSA.TO,20230926,14.46,14.46,14.46,14.46,1100
MUX.TO,20230926,8.55,8.74,8.45,8.66,10936
MWD.TO,20230926,25.61,25.61,25.51,25.51,4309
MX.TO,20230926,59.06,59.63,57.97,58.3,85523
MXG.TO,20230926,4.83,4.83,4.81,4.81,600
MXU.TO,20230926,20.36,20.36,20.35,20.35,511
NA.TO,20230926,91,91,89.49,89.59,3397449
NA.PR.C.TO,20230926,24.64,24.65,24.51,24.52,10082
NA.PR.E.TO,20230926,20.07,20.15,20,20,3625
NA.PR.G.TO,20230926,22.4,22.55,22.35,22.43,363866
NA.PR.S.TO,20230926,18.4,18.55,18.34,18.43,63600
NA.PR.W.TO,20230926,16.77,16.85,16.77,16.8,63244
NALT.TO,20230926,23.63,23.63,23.46,23.49,8904
NANO.TO,20230926,3.11,3.19,3,3.06,99376
NCP.TO,20230926,0.025,0.025,0.02,0.02,52060
NCU.TO,20230926,0.145,0.145,0.145,0.145,51000
NDM.TO,20230926,0.45,0.455,0.445,0.45,23525
NEO.TO,20230926,8.09,8.19,8,8,33363
NEXT.TO,20230926,1.35,1.36,1.32,1.34,21802
NFI.TO,20230926,12.3,12.42,12.16,12.2,171331
NFI.DB.TO,20230926,80.5,80.5,80.5,80.5,33000
NG.TO,20230926,5.69,5.77,5.6,5.61,116676
NGD.TO,20230926,1.3,1.31,1.25,1.25,721949
NGT.TO,20230926,54.19,54.26,53.11,53.25,118755
NHYB.TO,20230926,20.33,20.33,20.31,20.31,200
NOA.TO,20230926,30.51,30.82,29.99,30.06,24066
NOA.DB.A.TO,20230926,132,132,132,132,7000
NOVC.TO,20230926,0.7,0.7,0.61,0.67,11591
NPI.TO,20230926,23.46,23.56,23.32,23.34,1131820
NPI.PR.A.TO,20230926,14.5,14.5,14.5,14.5,210
NPI.PR.B.TO,20230926,16.5,16.5,16.5,16.5,600
NPK.TO,20230926,2.34,2.34,2.12,2.12,105239
NPRF.TO,20230926,18.73,18.83,18.73,18.81,8100
NREA.TO,20230926,17.95,17.95,17.95,17.95,137
NRR.UN.TO,20230926,11.2,11.29,10.71,10.71,7773
NSCB.TO,20230926,20.85,20.86,20.85,20.86,700
NSCC.TO,20230926,20.58,20.58,20.45,20.45,900
NSSB.TO,20230926,9.42,9.42,9.41,9.41,1050
NTR.TO,20230926,83.39,84.67,83.16,84.23,749656
NUAG.TO,20230926,2.64,2.64,2.58,2.62,283439
NUBF.TO,20230926,20.47,20.51,20.47,20.51,13265
NUMI.TO,20230926,0.18,0.18,0.17,0.175,551260
NUSA.TO,20230926,33.58,33.58,33.58,33.58,400
NVA.TO,20230926,13.09,13.33,12.91,12.99,241805
NVEI.TO,20230926,20.13,20.86,20.09,20.25,421508
NVO.TO,20230926,0.175,0.19,0.175,0.185,90370
NWC.TO,20230926,35.2,35.3,34.66,34.73,72828
NWH.DB.G.TO,20230926,98.75,98.8,98.75,98.8,24000
NWH.DB.H.TO,20230926,86.76,86.99,86.08,86.1,333000
NWH.DB.I.TO,20230926,90.6,90.67,90.6,90.67,22000
NWH.UN.TO,20230926,5.38,5.55,5.35,5.45,2327533
NXE.TO,20230926,8.5,8.58,8.22,8.26,2503033
NXF.TO,20230926,6.26,6.3,6.24,6.28,125305
NXF.B.TO,20230926,8.05,8.05,8.05,8.05,100
NXR.UN.TO,20230926,7.52,7.55,7.25,7.29,124792
OBE.TO,20230926,11.18,11.35,10.98,11.07,215286
OGC.TO,20230926,2.7,2.72,2.62,2.65,1138912
OGD.TO,20230926,0.62,0.62,0.59,0.59,89500
OGI.TO,20230926,2.01,2.05,1.92,1.92,138641
OLA.TO,20230926,5.3,5.32,5.24,5.24,346551
OLY.TO,20230926,89.99,90,88.61,89,717
ONC.TO,20230926,2.9,3.04,2.83,3,125404
ONEX.TO,20230926,80,80.42,78.96,79.04,142235
OR.TO,20230926,16.62,16.71,16.18,16.18,191509
ORA.TO,20230926,8.5,8.6,8.36,8.42,8019
ORE.TO,20230926,0.89,0.9,0.86,0.89,75602
ORV.TO,20230926,0.15,0.155,0.15,0.155,38004
OSK.TO,20230926,2.46,2.48,2.4,2.42,639468
OTEX.TO,20230926,47.58,47.88,46.56,46.84,555497
OVV.TO,20230926,61.71,63.46,61.71,62.88,103605
PAAS.TO,20230926,20.07,20.07,19.31,19.37,578870
PAY.TO,20230926,5.2,5.52,5.19,5.42,121021
PBH.TO,20230926,96.86,97,95.25,95.35,38397
PBH.DB.G.TO,20230926,96.5,96.5,95.5,95.5,170000
PBH.DB.H.TO,20230926,90.51,90.51,87.39,87.39,40000
PBH.DB.I.TO,20230926,91.64,91.67,91.64,91.67,14000
PBI.TO,20230926,31.47,31.47,31.47,31.47,1687
PBL.TO,20230926,26.09,26.09,24.57,24.57,21101
PBY.UN.TO,20230926,14.08,14.25,14.08,14.21,28800
PCOR.TO,20230926,17.36,17.36,17.26,17.26,500
PD.TO,20230926,91.49,92.37,90.08,90.2,48681
PDC.TO,20230926,28.76,28.78,28.59,28.59,23145
PDF.TO,20230926,28.63,28.63,28.63,28.63,1500
PDIV.TO,20230926,9.5,9.5,9.39,9.39,1813
PDV.TO,20230926,4.31,4.31,4.27,4.27,2300
PEA.TO,20230926,0.59,0.59,0.56,0.56,49876
PET.TO,20230926,24.28,24.32,23.93,24.05,119759
PEY.TO,20230926,12.63,12.69,12.43,12.56,1695019
PFAA.TO,20230926,10.4,10.4,10.35,10.35,8647
PFAE.TO,20230926,15.41,15.41,15.41,15.41,200
PFH.F.TO,20230926,16.94,16.94,16.94,16.94,650
PFIA.TO,20230926,9.59,9.6,9.56,9.56,21740
PFL.TO,20230926,19.71,19.72,19.71,19.71,34300
PFLS.TO,20230926,15.39,15.48,15.36,15.38,3500
PFMN.TO,20230926,13.74,13.74,13.73,13.73,12600
PFSS.TO,20230926,8.98,8.98,8.98,8.98,153
PGI.UN.TO,20230926,7.04,7.04,6.97,6.97,14105
PHE.TO,20230926,29.6,29.6,29.6,29.6,5400
PHE.B.TO,20230926,32.06,32.09,32.05,32.05,10100
PHX.TO,20230926,8.14,8.14,7.97,8.04,46093
PHYS.TO,20230926,20.1,20.1,20,20.01,25030
PHYS.U.TO,20230926,14.81,14.81,14.8,14.8,228
PIC.A.TO,20230926,4.09,4.19,4,4,16532
PIC.PR.A.TO,20230926,13.51,13.53,13.5,13.5,7415
PID.TO,20230926,20.64,20.64,20.52,20.52,9645
PIF.TO,20230926,14.96,14.96,14.09,14.31,29347
PINC.TO,20230926,16.84,16.84,16.81,16.82,1800
PIX.UN.TO,20230926,7.75,7.84,7.69,7.77,4200
PKI.TO,20230926,40,40,39.22,39.33,313586
PLC.TO,20230926,19.23,19.32,18.84,19.19,138259
PLC.DB.TO,20230926,97.51,97.51,97.51,97.51,10000
PLDI.TO,20230926,18.41,18.41,18.41,18.41,500
PLZ.UN.TO,20230926,3.83,3.93,3.77,3.78,61553
PMB.UN.TO,20230926,6.9,6.9,6.86,6.86,500
PME.TO,20230926,2.28,2.42,2.26,2.26,6700
PMIF.TO,20230926,17.65,17.65,17.62,17.65,41195
PMM.TO,20230926,20.07,20.16,20.07,20.16,300
PMT.TO,20230926,0.66,0.66,0.62,0.65,72000
PMZ.UN.TO,20230926,13.25,13.25,12.71,13.03,154343
PNE.TO,20230926,1.45,1.46,1.45,1.46,68403
PNP.TO,20230926,4.06,4.27,3.89,4.27,23100
POU.TO,20230926,31.9,32.48,31.9,32.16,154218
POW.TO,20230926,36.67,36.75,36.46,36.49,3624989
POW.PR.B.TO,20230926,19.11,19.12,19.1,19.1,6600
POW.PR.C.TO,20230926,21.15,21.15,21.03,21.1,308
POW.PR.D.TO,20230926,18.11,18.11,18.06,18.09,5100
POW.PR.G.TO,20230926,20.1,20.27,20.1,20.27,1400
PPL.TO,20230926,40.79,40.91,40.3,40.36,2163222
PPL.PF.A.TO,20230926,19.2,19.2,18.73,18.73,12212
PPL.PF.E.TO,20230926,20,20,19.8,19.8,5004
PPL.PR.A.TO,20230926,18.41,18.65,18.41,18.65,22636
PPL.PR.C.TO,20230926,17.61,17.88,17.61,17.61,7680
PPL.PR.E.TO,20230926,17.24,17.47,17.24,17.41,3920
PPL.PR.G.TO,20230926,16.37,16.37,16.36,16.36,3290
PPL.PR.I.TO,20230926,18.46,18.46,18.46,18.46,600
PPL.PR.O.TO,20230926,17.8,17.92,17.76,17.76,1712
PPL.PR.Q.TO,20230926,17.85,17.98,17.75,17.85,10132
PPL.PR.S.TO,20230926,20.36,20.36,20.32,20.32,2400
PPR.TO,20230926,0.11,0.12,0.11,0.12,102770
PPTA.TO,20230926,5.14,5.17,5,5,4250
PR.TO,20230926,7.88,7.88,7.87,7.87,3400
PRA.TO,20230926,25.98,25.98,25.95,25.95,750
PRB.TO,20230926,1.51,1.51,1.49,1.5,12708
PRL.TO,20230926,8.53,8.53,8.25,8.32,2900
PRMW.TO,20230926,19.19,19.23,18.66,18.94,56390
PRN.TO,20230926,13.3,13.91,13.3,13.47,13383
PRQ.TO,20230926,1.43,1.43,1.32,1.37,28397
PRU.TO,20230926,1.42,1.42,1.39,1.4,32183
PRV.DB.TO,20230926,97,97,96.5,96.5,20000
PRV.UN.TO,20230926,4.76,4.77,4.61,4.63,75960
PSA.TO,20230926,50.19,50.2,50.19,50.2,45043
PSB.TO,20230926,16.52,16.53,16.49,16.53,9708
PSD.TO,20230926,1.95,1.95,1.93,1.93,3936
PSI.TO,20230926,14.23,14.34,13.62,13.74,170407
PSK.TO,20230926,25.48,25.73,25.09,25.16,310184
PSLV.TO,20230926,10.6,10.62,10.53,10.53,60584
PSU.U.TO,20230926,100.41,100.42,100.41,100.41,1669
PTI.UN.TO,20230926,6.44,6.45,6.38,6.45,20000
PTM.TO,20230926,1.61,1.61,1.52,1.52,8629
PTO.UN.TO,20230926,7.05,7.1,6.91,7,72000
PVS.PR.F.TO,20230926,24.37,24.37,24.37,24.37,200
PVS.PR.I.TO,20230926,23.95,23.98,23.91,23.91,2721
PVS.PR.K.TO,20230926,20.75,20.75,20.73,20.73,500
PWF.PF.A.TO,20230926,16.48,16.5,16.41,16.41,500
PWF.PR.A.TO,20230926,12.66,12.66,12.6,12.6,600
PWF.PR.F.TO,20230926,18.99,19,18.99,19,600
PWF.PR.G.TO,20230926,21.25,21.25,21.25,21.25,925
PWF.PR.H.TO,20230926,20.7,20.7,20.55,20.64,3302
PWF.PR.K.TO,20230926,17.81,17.85,17.7,17.85,2500
PWF.PR.L.TO,20230926,18.47,18.47,18.4,18.45,4700
PWF.PR.O.TO,20230926,20.83,20.83,20.74,20.75,4300
PWF.PR.P.TO,20230926,12.18,12.18,12.11,12.11,2314
PWF.PR.Q.TO,20230926,15.1,15.1,15.1,15.1,200
PWF.PR.R.TO,20230926,19.65,19.65,19.62,19.65,3200
PWF.PR.S.TO,20230926,17.45,17.45,17.41,17.41,1600
PWF.PR.T.TO,20230926,19.05,19.19,18.91,19.1,6722
PWF.PR.Z.TO,20230926,18.63,18.7,18.63,18.7,4000
PWI.TO,20230926,5.69,5.69,5.65,5.65,3125
PWI.PR.A.TO,20230926,9.4,9.46,9.4,9.46,6400
PXC.TO,20230926,33.69,33.69,33.64,33.64,6200
PXT.TO,20230926,25.36,25.77,24.91,25.32,414597
PXU.F.TO,20230926,50.67,50.67,50.67,50.67,100
PYF.TO,20230926,17.26,17.26,17.07,17.1,6223
PYR.TO,20230926,0.6,0.62,0.52,0.56,438464
PZA.TO,20230926,13.81,13.88,13.51,13.58,45635
QAH.TO,20230926,141.59,141.59,141.59,141.59,112
QBB.TO,20230926,86.91,86.91,86.83,86.83,675
QBR.B.TO,20230926,29.52,29.74,28.87,28.87,374818
QBTC.TO,20230926,35.26,35.49,35.1,35.1,1473
QBTC.U.TO,20230926,26.34,26.34,26.08,26.08,813
QCE.TO,20230926,118.56,118.56,118.56,118.56,100
QCLN.TO,20230926,19.02,19.02,19.02,19.02,450
QCN.TO,20230926,119.64,119.85,119.44,119.44,1491
QDX.TO,20230926,100.71,100.76,100.71,100.76,409
QDXB.TO,20230926,85.11,85.11,84.98,84.98,300
QEBH.TO,20230926,72.51,72.51,72.5,72.5,600
QEE.TO,20230926,82.35,82.35,82.35,82.35,200
QETH.U.TO,20230926,23.77,23.91,23.77,23.91,225
QETH.UN.TO,20230926,31.97,32.41,31.97,32.41,1314
QIE.TO,20230926,28.05,28.05,27.98,27.98,1000
QIPT.TO,20230926,6.96,6.97,6.88,6.94,8708
QQC.TO,20230926,23.65,23.65,23.42,23.49,6651
QQC.F.TO,20230926,117.77,117.77,116.72,116.72,2632
QQCC.TO,20230926,10.48,10.49,10.39,10.4,67964
QQEQ.TO,20230926,21.65,21.65,21.65,21.65,100
QQJR.F.TO,20230926,14.86,14.89,14.86,14.88,2400
QQQT.TO,20230926,19.5,19.5,19.33,19.33,203
QRC.TO,20230926,0.7,0.7,0.7,0.7,97113
QSR.TO,20230926,90.1,90.61,89.08,89.47,732465
QTRH.TO,20230926,1.51,1.51,1.49,1.49,23624
QUB.TO,20230926,79.2,79.2,79.01,79.01,300
QUU.TO,20230926,165.42,165.49,164.9,164.97,4638
QXM.TO,20230926,25.3,25.3,25.25,25.25,515
RA.UN.TO,20230926,7.48,7.48,7.41,7.41,4400
RAY.A.TO,20230926,5,5.14,5,5.14,44664
RAY.B.TO,20230926,5.06,5.06,5.06,5.06,100
RBA.TO,20230926,84.69,85.16,83.3,84.49,134859
RBN.UN.TO,20230926,7.51,7.51,7.48,7.48,17305
RBNK.TO,20230926,21.64,21.66,21.5,21.52,25546
RBO.TO,20230926,17.5,17.5,17.5,17.5,7691
RBOT.TO,20230926,23.7,23.7,23.7,23.7,200
RBY.TO,20230926,2.19,2.21,2.13,2.18,19225
RCD.TO,20230926,23.43,23.43,23.35,23.35,1040
RCDC.TO,20230926,18.51,18.51,18.51,18.51,458
RCG.TO,20230926,5.66,5.66,5.35,5.45,12036
RCH.TO,20230926,39.28,39.42,38.8,38.96,33304
RCI.A.TO,20230926,54.5,54.5,53.3,53.3,1667
RCI.B.TO,20230926,54.01,54.15,53,53.03,2486696
REAL.TO,20230926,6.21,6.24,6.11,6.16,101337
REI.UN.TO,20230926,18.75,18.83,18.22,18.24,592310
RIFI.TO,20230926,16.83,16.83,16.83,16.83,100
RIIN.TO,20230926,17.86,17.86,17.51,17.51,2100
RIRA.TO,20230926,16.31,16.31,16.26,16.26,1400
RIT.TO,20230926,15.1,15.1,14.77,14.81,15833
RLB.TO,20230926,17.6,17.6,17.6,17.6,2700
ROOT.TO,20230926,2.8,2.84,2.75,2.75,13300
RPD.TO,20230926,21.59,21.59,21.59,21.59,130
RPF.TO,20230926,16.79,16.99,16.79,16.9,4602
RPI.UN.TO,20230926,32.45,32.45,31.96,32.3,800
RPSB.TO,20230926,19.04,19.04,19.04,19.04,238
RQL.TO,20230926,19.95,19.95,19.94,19.94,17500
RQN.TO,20230926,19.6,19.6,19.59,19.6,32211
RQO.TO,20230926,17.5,17.51,17.49,17.5,30713
RQP.TO,20230926,16.89,16.9,16.89,16.9,5921
RQQ.TO,20230926,20.12,20.12,20.1,20.12,4009
RQR.TO,20230926,19.96,19.96,19.96,19.96,500
RS.TO,20230926,13.12,13.12,12.4,12.4,25208
RS.PR.A.TO,20230926,9.5,9.52,9.49,9.49,35076
RSI.TO,20230926,5.67,5.67,5.6,5.61,119046
RSI.DB.F.TO,20230926,96.5,96.75,96.5,96.75,19000
RUBH.TO,20230926,13.11,13.11,13.11,13.11,400
RUBY.TO,20230926,15.35,15.35,15.35,15.35,217
RUD.TO,20230926,51.17,51.17,50.96,50.96,1825
RUDB.U.TO,20230926,14.53,14.53,14.53,14.53,400
RUDH.TO,20230926,36.22,36.22,36.22,36.22,907
RUP.TO,20230926,3.19,3.2,3.1,3.16,25704
RUS.TO,20230926,37.67,37.97,37.24,37.24,133391
RVX.TO,20230926,0.075,0.08,0.075,0.075,28000
RY.TO,20230926,119.9,120.16,118.61,118.86,3513500
RY.PR.H.TO,20230926,17.91,18.1,17.9,17.93,22688
RY.PR.J.TO,20230926,18,18.01,17.7,17.76,14647
RY.PR.M.TO,20230926,17.2,17.26,17.15,17.15,11950
RY.PR.N.TO,20230926,21,21,20.79,20.79,700
RY.PR.O.TO,20230926,21.1,21.15,21.1,21.1,900
RY.PR.S.TO,20230926,21.3,21.33,20.99,21.1,21019
S.TO,20230926,0.415,0.415,0.415,0.415,319300
SAP.TO,20230926,28.1,28.29,27.9,28.1,319527
SAU.TO,20230926,0.08,0.08,0.08,0.08,12000
SBC.TO,20230926,8.74,8.74,8.6,8.67,35669
SBC.PR.A.TO,20230926,9.55,9.57,9.55,9.55,20200
SBT.B.TO,20230926,16.56,16.56,16.56,16.56,100
SCY.TO,20230926,0.035,0.035,0.035,0.035,41989
SDE.TO,20230926,3.95,4,3.9,3.93,411400
SEA.TO,20230926,15.19,15.19,14.81,14.86,48435
SES.TO,20230926,7.76,7.79,7.59,7.64,326305
SFC.TO,20230926,4.94,4.94,4.85,4.9,2138
SFD.TO,20230926,0.25,0.25,0.25,0.25,7000
SFTC.TO,20230926,15.23,15.27,15.15,15.27,3456
SGLD.TO,20230926,0.15,0.15,0.15,0.15,8050
SGNL.TO,20230926,0.19,0.19,0.19,0.19,50170
SGR.U.TO,20230926,8.87,8.87,8.7,8.7,830
SGR.UN.TO,20230926,12.32,12.39,11.31,11.36,374420
SGY.TO,20230926,9.33,9.44,9.29,9.34,296890
SHLE.TO,20230926,5.2,5.3,4.92,5.18,16200
SHOP.TO,20230926,71.45,72.37,69.46,69.64,3458057
SIA.TO,20230926,11.12,11.13,10.77,10.77,365651
SII.TO,20230926,44.43,44.43,42.9,43,29467
SIL.TO,20230926,6.12,6.12,5.93,5.93,219535
SIS.TO,20230926,14.17,14.46,14.15,14.44,115254
SJ.TO,20230926,61.94,64.05,61.94,63.89,116091
SKE.TO,20230926,6.41,6.5,6.35,6.44,108667
SLF.TO,20230926,66.7,67.02,66.28,66.31,1611816
SLF.PR.C.TO,20230926,16.97,17.04,16.92,17.04,2579
SLF.PR.D.TO,20230926,16.91,16.92,16.82,16.87,2384
SLF.PR.E.TO,20230926,16.91,16.98,16.91,16.98,300
SLF.PR.G.TO,20230926,12.6,12.73,12.6,12.6,2292
SLF.PR.H.TO,20230926,15.24,15.24,14.67,14.67,400
SLF.PR.J.TO,20230926,14.26,14.5,14.2,14.2,5600
SLR.TO,20230926,0.79,0.79,0.77,0.77,1000
SLS.TO,20230926,4.75,4.85,4.73,4.76,61009
SMT.TO,20230926,0.385,0.385,0.375,0.38,5044
SOIL.TO,20230926,2.77,2.79,2.74,2.79,192978
SOIL.WT.A.TO,20230926,0.45,0.45,0.425,0.425,2556
SOLG.TO,20230926,0.22,0.22,0.22,0.22,1863
SOT.DB.A.TO,20230926,57.22,60,57.22,58,49000
SOT.DB.B.TO,20230926,61,61,61,61,30000
SOT.UN.TO,20230926,1.35,1.35,1.31,1.34,141627
SOY.TO,20230926,4.7,4.84,4.65,4.67,45711
SPB.TO,20230926,10.76,10.77,10.53,10.56,667982
SPLT.TO,20230926,10.13,10.13,10.13,10.13,29058
SPPP.TO,20230926,14.55,14.55,14.42,14.45,8538
SRU.UN.TO,20230926,23.27,23.42,22.73,22.85,351978
SRV.UN.TO,20230926,16.17,16.45,16.03,16.37,5903
SSF.UN.TO,20230926,6.84,6.88,6.7,6.7,8000
SSL.TO,20230926,6.49,6.52,6.33,6.35,237859
SSRM.TO,20230926,19.15,19.21,18.2,18.22,294677
STC.TO,20230926,5.33,5.33,5.08,5.1,8437
STEP.TO,20230926,4.02,4.25,4.02,4.1,29286
STGO.TO,20230926,0.64,0.64,0.64,0.64,138303
STLC.TO,20230926,37.4,37.4,35.88,36.01,274510
STN.TO,20230926,88.33,88.79,87.55,87.77,182457
STPL.TO,20230926,22.99,22.99,22.99,22.99,248
SU.TO,20230926,45.82,46.29,45.71,46.18,8673614
SVA.TO,20230926,0.77,0.77,0.74,0.75,44938
SVB.TO,20230926,0.11,0.115,0.11,0.11,69500
SVI.TO,20230926,4.74,4.74,4.64,4.7,252296
SVI.DB.TO,20230926,93.51,93.51,93.51,93.51,3000
SVI.DB.B.TO,20230926,91,91,89.5,90,384000
SVI.DB.C.TO,20230926,86.9,86.9,86.9,86.9,25000
SVM.TO,20230926,3.22,3.23,3.12,3.12,158943
SVR.TO,20230926,11.3,11.3,11.21,11.21,1130
SVR.C.TO,20230926,11.89,11.89,11.85,11.85,900
SWP.TO,20230926,2.62,2.65,2.6,2.65,4600
SXP.TO,20230926,4.68,4.68,4.46,4.47,20975
SYLD.TO,20230926,17.82,17.82,17.69,17.72,17888
SYZ.TO,20230926,7.13,7.45,7.13,7.39,8205
T.TO,20230926,22.7,22.7,22.42,22.43,2556013
TA.TO,20230926,12.12,12.55,12.12,12.54,1357912
TA.PR.D.TO,20230926,11.6,11.74,11.6,11.72,5500
TA.PR.F.TO,20230926,16.6,16.7,16.6,16.65,4250
TA.PR.H.TO,20230926,19.95,20,19.8,19.8,2900
TA.PR.J.TO,20230926,19.12,19.13,18.8,18.8,4613
TAIG.TO,20230926,1.3,1.3,1.26,1.29,23303
TAL.TO,20230926,0.78,0.79,0.77,0.78,105838
TBAL.TO,20230926,15.56,15.56,15.56,15.56,488
TBL.TO,20230926,2.87,2.91,2.87,2.9,23713
TBNK.TO,20230926,23,23.05,23,23.05,1571
TC.TO,20230926,26.32,26.32,25.38,26.06,21338
TCL.A.TO,20230926,12,12.01,11.59,11.65,109972
TCL.B.TO,20230926,12.21,12.65,11.73,12.65,3000
TCLB.TO,20230926,110.15,110.2,109.65,109.95,2756
TCLV.TO,20230926,18.2,18.2,18.1,18.1,5102
TCON.TO,20230926,13.66,13.66,13.66,13.66,100
TCS.TO,20230926,25.29,25.47,24.85,25.14,12581
TCSB.TO,20230926,14.05,14.05,14.05,14.05,19200
TCW.TO,20230926,4.89,4.95,4.84,4.88,587717
TD.TO,20230926,82.1,82.35,81.16,81.38,5728527
TD.PF.A.TO,20230926,18.35,18.39,18.21,18.21,11316
TD.PF.B.TO,20230926,18.31,18.4,18.29,18.4,24758
TD.PF.C.TO,20230926,17.46,17.59,17.46,17.59,4855
TD.PF.D.TO,20230926,18.15,18.15,17.85,18.03,4079
TD.PF.E.TO,20230926,17.46,18.26,17.46,18.25,3352
TD.PF.I.TO,20230926,23.1,23.1,22.9,23.05,10026
TD.PF.J.TO,20230926,21,21.15,21,21.1,18952
TD.PF.M.TO,20230926,24.15,24.15,24.06,24.09,56120
TDB.TO,20230926,12.32,12.33,12.29,12.3,13516
TDOC.TO,20230926,16.76,16.84,16.76,16.77,5203
TEC.TO,20230926,27.78,27.78,27.48,27.56,22339
TEC.U.TO,20230926,20.51,20.51,20.5,20.51,1702
TECH.TO,20230926,10.43,10.48,10.35,10.38,19711
TECH.B.TO,20230926,11.93,11.93,11.7,11.7,3021
TECI.TO,20230926,6.35,6.35,6.35,6.35,1900
TECK.A.TO,20230926,54,55.15,54,54.87,967
TECK.B.TO,20230926,55.19,55.6,54.42,54.55,901087
TECX.TO,20230926,22.48,22.48,22.48,22.48,137
TERM.TO,20230926,9.01,9.01,8.98,8.98,8900
TF.TO,20230926,7,7,6.81,6.84,163644
TF.DB.C.TO,20230926,98,98.5,97.01,97.01,50000
TF.DB.D.TO,20230926,84.02,84.02,84,84,50000
TF.DB.E.TO,20230926,82.75,83,81.5,81.5,46999
TFII.TO,20230926,176.85,177.49,170.42,171.3,339164
TFPM.TO,20230926,17.78,17.82,17.53,17.53,80108
TGED.TO,20230926,18.6,18.6,18.5,18.54,22362
TGED.U.TO,20230926,13.68,13.68,13.68,13.68,700
TGFI.TO,20230926,19.54,19.65,19.54,19.65,4500
TGGR.TO,20230926,20.97,20.97,20.89,20.89,400
TGO.TO,20230926,1.6,1.6,1.55,1.55,2728
TGRE.TO,20230926,12.5,12.5,12.5,12.5,1606
TGRO.TO,20230926,17.68,17.68,17.66,17.66,635
TH.TO,20230926,2.51,2.79,2.27,2.29,91852
The.TO,20230926,22.28,22.28,22.14,22.18,3944
THNC.TO,20230926,2.01,2.12,2,2.12,101899
TI.TO,20230926,0.415,0.42,0.415,0.42,3186
TIH.TO,20230926,110.76,111.49,108.07,109.03,164591
TINF.TO,20230926,17.07,17.07,16.74,16.74,11066
TIXT.TO,20230926,10.08,10.17,9.95,10.03,203094
TKN.TO,20230926,10,10,10,10,250
TKO.TO,20230926,1.77,1.77,1.69,1.69,195025
TLF.TO,20230926,19,19,18.94,18.94,1600
TLG.TO,20230926,0.39,0.395,0.38,0.38,56960
TLO.TO,20230926,0.285,0.285,0.265,0.265,443858
TLRY.TO,20230926,3.43,3.54,3.24,3.24,1700091
TLV.TO,20230926,26.91,26.97,26.73,26.73,4000
TMD.TO,20230926,0.14,0.145,0.135,0.135,13577
TML.TO,20230926,0.185,0.185,0.17,0.17,248369
TMQ.TO,20230926,0.62,0.65,0.62,0.65,4188
TNT.UN.TO,20230926,2.26,2.29,2.17,2.2,557806
TNZ.TO,20230926,3.83,3.83,3.66,3.79,127094
TOT.TO,20230926,9.41,9.53,9.25,9.27,12769
TOU.TO,20230926,68.03,68.42,67.74,68.07,2616097
TOWR.TO,20230926,24.37,24.37,24.36,24.36,4000
TOY.TO,20230926,33.5,33.69,32.17,32.61,122672
TPE.TO,20230926,19.05,19.17,19.03,19.17,7515
TPRF.TO,20230926,8.7,8.7,8.63,8.63,16900
TPU.TO,20230926,32.71,32.77,32.54,32.6,21321
TPU.U.TO,20230926,24.6,24.6,24.38,24.38,2600
TPZ.TO,20230926,21.99,22.15,21.69,21.74,110832
TQCD.TO,20230926,15.14,15.18,15.07,15.09,30780
TQGD.TO,20230926,15.9,15.91,15.82,15.91,24026
TQGM.TO,20230926,15.25,15.25,15.25,15.25,200
TQSM.TO,20230926,19.01,19.01,18.89,18.89,9408
TRI.TO,20230926,169.07,169.52,167.28,167.3,235097
TRI.PR.B.TO,20230926,12.6,12.6,12.43,12.43,1500
TRP.TO,20230926,48.81,49.12,48.12,48.23,18863600
TRP.PR.A.TO,20230926,13.27,13.27,13,13,8033
TRP.PR.B.TO,20230926,10.3,10.3,10.1,10.1,3831
TRP.PR.C.TO,20230926,10.42,10.42,10.32,10.32,3288
TRP.PR.D.TO,20230926,15.42,15.54,15.4,15.4,11619
TRP.PR.E.TO,20230926,14.42,14.5,14.42,14.45,15296
TRP.PR.F.TO,20230926,14.55,14.55,14.5,14.52,1738
TRP.PR.G.TO,20230926,14.96,14.96,14.81,14.81,815
TRP.PR.I.TO,20230926,13.8,13.8,13.8,13.8,1130
TRVI.TO,20230926,18.56,18.56,18.37,18.39,1402
TRVL.TO,20230926,20.53,20.53,20.39,20.45,10153
TRZ.TO,20230926,3.99,4.01,3.89,3.9,89414
TSAT.TO,20230926,19.98,20.25,19.31,19.4,6352
TSK.TO,20230926,0.355,0.355,0.33,0.335,79000
TSL.TO,20230926,3.13,3.13,3.1,3.1,200
TSND.TO,20230926,2.76,2.88,2.71,2.75,336554
TSU.TO,20230926,31.83,32.2,30.64,30.74,133507
TTNM.TO,20230926,2.67,2.67,2.57,2.61,16411
TTP.TO,20230926,22.56,22.56,22.43,22.44,13666
TUED.TO,20230926,19.76,19.87,19.72,19.72,7500
TUHY.TO,20230926,19.95,19.97,19.95,19.97,1005
TULB.TO,20230926,108.53,108.53,108.21,108.21,1210
TULV.TO,20230926,17.82,17.84,17.82,17.84,5000
TVA.B.TO,20230926,1.65,1.83,1.65,1.77,3639
TVE.TO,20230926,3.9,3.96,3.86,3.91,1240000
TVK.TO,20230926,38.25,38.45,37.9,37.9,5734
TWC.TO,20230926,17.49,17.49,17.35,17.35,2118
TWM.TO,20230926,0.99,1,0.98,1,491753
TWM.DB.TO,20230926,97,97,97,97,40000
TXF.TO,20230926,16.53,16.57,16.37,16.42,52996
TXF.B.TO,20230926,20,20,20,20,100
TXG.TO,20230926,14.21,14.33,13.91,14.19,238580
TXP.TO,20230926,1.04,1.05,1.02,1.03,214918
U.U.TO,20230926,17.72,17.72,17.17,17.19,18241
U.UN.TO,20230926,23.72,23.8,23.18,23.22,939321
UBIL.U.TO,20230926,50.18,50.19,50.18,50.19,23036
UDIV.TO,20230926,11.26,11.26,11.2,11.2,3300
UDIV.B.TO,20230926,11.72,11.72,11.65,11.65,1400
UMAX.TO,20230926,15.01,15.01,14.77,14.79,67196
UMI.TO,20230926,27.31,27.31,27.28,27.28,200
UNC.TO,20230926,100.77,100.77,100,100,700
UNI.TO,20230926,1.63,1.63,1.5,1.53,25300
URB.TO,20230926,4.69,4.74,4.69,4.74,501
URB.A.TO,20230926,4.45,4.5,4.31,4.5,23699
URC.TO,20230926,4.21,4.26,4.07,4.09,164008
URC.WT.TO,20230926,2.24,2.25,2.1,2.16,31200
URE.TO,20230926,2.22,2.22,2.13,2.17,134097
USA.TO,20230926,0.485,0.49,0.47,0.47,57922
USCC.TO,20230926,16.75,16.75,16.55,16.56,3338
USCL.TO,20230926,19.25,19.25,19.06,19.06,5648
VA.TO,20230926,34.33,34.33,34.19,34.19,262
VAB.TO,20230926,21.47,21.49,21.42,21.43,73929
VALT.TO,20230926,23.87,23.87,23.83,23.83,400
VALT.B.TO,20230926,25.58,25.58,25.58,25.58,2200
VBAL.TO,20230926,27.7,27.7,27.5,27.5,42112
VBNK.TO,20230926,10.64,10.65,10.64,10.65,600
VCB.TO,20230926,22.2,22.23,22.19,22.19,5425
VCE.TO,20230926,42.96,43.01,42.69,42.71,12913
VCIP.TO,20230926,23.83,23.83,23.79,23.79,1904
VCM.TO,20230926,17.76,17.93,17.76,17.93,701
VCN.TO,20230926,40.27,40.37,39.94,39.95,84715
VCNS.TO,20230926,25.54,25.56,25.51,25.52,7166
VDU.TO,20230926,37.14,37.17,36.94,36.94,13227
VDY.TO,20230926,40.3,40.4,40.03,40.03,85733
VE.TO,20230926,30.28,30.34,30.28,30.28,20586
VEE.TO,20230926,31.84,31.84,31.69,31.7,37188
VEF.TO,20230926,48.88,48.89,48.59,48.61,1897
VEQT.TO,20230926,34.62,34.62,34.32,34.35,114842
VET.TO,20230926,19.32,19.62,19.26,19.41,646987
VFV.TO,20230926,103.6,103.6,102.63,102.81,133603
VGCX.TO,20230926,6.05,6.06,5.79,5.84,467239
VGG.TO,20230926,72.61,72.61,71.85,71.93,10686
VGH.TO,20230926,51.92,51.92,51.45,51.51,2435
VGRO.TO,20230926,29.81,29.81,29.59,29.6,77666
VGV.TO,20230926,21.03,21.03,20.94,20.94,1105
VGZ.TO,20230926,0.63,0.63,0.59,0.6,33994
VHI.TO,20230926,3,3,2.94,2.95,198024
VI.TO,20230926,34.44,34.45,34.28,34.28,7051
VIDY.TO,20230926,27.11,27.11,26.99,27.03,5814
VIU.TO,20230926,29.65,29.69,29.49,29.53,20613
VLB.TO,20230926,19.45,19.45,19.35,19.37,28670
VLE.TO,20230926,2.95,3.14,2.93,2.96,1248850
VLN.TO,20230926,11.38,11.38,10.7,10.75,19687
VMO.TO,20230926,43.66,43.66,43.66,43.66,199
VNP.TO,20230926,3.42,3.44,3.27,3.3,150260
VOXR.TO,20230926,2.83,2.9,2.8,2.84,12894
VQS.TO,20230926,0.265,0.285,0.265,0.28,5867
VRE.TO,20230926,28.17,28.17,27.63,27.65,8223
VRIF.TO,20230926,22.61,22.61,22.56,22.57,5730
VSB.TO,20230926,22.06,22.06,22.03,22.03,22286
VSC.TO,20230926,22.48,22.5,22.47,22.5,25972
VSP.TO,20230926,70.8,70.92,70.16,70.29,99741
VUN.TO,20230926,78.3,78.3,77.56,77.65,67210
VUS.TO,20230926,76.53,76.63,75.82,75.91,23441
VVL.TO,20230926,42.34,42.42,42.15,42.24,1412
VXC.TO,20230926,48.06,48.13,47.8,47.87,14658
WCN.TO,20230926,185.62,187.07,184.01,184.2,199491
WCP.TO,20230926,11.46,11.58,11.39,11.5,1424649
WDO.TO,20230926,7.33,7.41,7.19,7.2,169847
WEED.TO,20230926,1.34,1.43,1.19,1.25,14237150
WEF.TO,20230926,0.83,0.85,0.83,0.84,183635
WELL.TO,20230926,4.26,4.35,4.18,4.2,969591
WELL.DB.TO,20230926,91,91,91,91,9000
WFC.TO,20230926,19.48,19.48,19.48,19.48,1200
WFG.TO,20230926,95.16,98.8,94.95,97.73,353492
WFS.TO,20230926,1.01,1.1,1,1.1,3100
WFS.PR.A.TO,20230926,9.01,9.01,9.01,9.01,200
WILD.TO,20230926,1.56,1.57,1.53,1.53,9711
WJX.TO,20230926,28.01,28.03,27.17,27.23,39844
WJX.DB.TO,20230926,99.25,99.5,99,99,30000
WLLW.TO,20230926,0.09,0.09,0.085,0.085,48667
WM.TO,20230926,0.125,0.125,0.12,0.12,840295
WN.TO,20230926,149.66,151.28,149.34,149.85,112618
WN.PR.A.TO,20230926,21.24,21.42,20.86,21.42,3434
WN.PR.C.TO,20230926,18.43,18.58,18.43,18.57,2600
WN.PR.E.TO,20230926,17,17,16.9,16.9,2600
WNDR.TO,20230926,0.14,0.14,0.13,0.135,54597
WOMN.TO,20230926,28.5,28.5,28.28,28.28,324
WPK.TO,20230926,39.55,39.86,38.42,39.02,44959
WPM.TO,20230926,57.04,57.33,56.18,56.21,616366
WPRT.TO,20230926,8.56,8.6,8.31,8.51,17266
WRG.TO,20230926,3.7,3.85,3.7,3.78,6243
WRN.TO,20230926,1.9,1.91,1.86,1.86,15915
WRX.TO,20230926,0.165,0.165,0.165,0.165,2500
WSP.TO,20230926,191.96,192.81,188.72,189.55,137194
WSRD.TO,20230926,25.13,25.13,25.12,25.13,1330
WTE.TO,20230926,27.25,27.81,25.1,25.26,277070
WXM.TO,20230926,23.25,23.4,23.12,23.14,29500
X.TO,20230926,29.09,29.09,28.49,28.59,707367
XAD.TO,20230926,46.21,46.21,46.21,46.21,10927
XAGH.TO,20230926,32.24,32.24,32.24,32.24,100
XAM.TO,20230926,0.065,0.075,0.065,0.07,199395
XAU.TO,20230926,8.24,8.24,7.95,8.06,5806
XAW.TO,20230926,33.5,33.5,33.26,33.29,16361
XBAL.TO,20230926,24.93,24.93,24.8,24.82,22235
XBB.TO,20230926,26.25,26.26,26.17,26.19,216261
XBM.TO,20230926,18.64,18.68,18.27,18.32,22625
XCB.TO,20230926,18.44,18.44,18.37,18.39,119433
XCBG.TO,20230926,34.69,34.69,34.63,34.63,900
XCD.TO,20230926,46.75,46.75,46.75,46.75,1247
XCG.TO,20230926,42.23,42.26,42.15,42.18,705
XCH.TO,20230926,16.96,17.04,16.96,16.99,11972
XCNS.TO,20230926,20.19,20.19,20.19,20.19,323
XCS.TO,20230926,17.28,17.28,17.04,17.04,2721
XCSR.TO,20230926,55.83,55.83,55.72,55.72,1421
XCV.TO,20230926,31.47,31.56,31.32,31.32,7200
XDG.TO,20230926,22.99,22.99,22.83,22.87,33601
XDG.U.TO,20230926,17.02,17.03,17.02,17.03,3900
XDGH.TO,20230926,23.57,23.57,23.57,23.57,300
XDIV.TO,20230926,24.52,24.52,24.29,24.29,17301
XDU.TO,20230926,25.56,25.56,25.49,25.49,526
XDUH.TO,20230926,23.67,23.67,23.55,23.58,2800
XDV.TO,20230926,26.19,26.19,25.86,25.87,44120
XEB.TO,20230926,14.74,14.74,14.65,14.65,4429
XEC.TO,20230926,24.61,24.66,24.6,24.61,10713
XEF.TO,20230926,32.3,32.31,32.12,32.15,35116
XEF.U.TO,20230926,23.9,23.91,23.9,23.91,1100
XEG.TO,20230926,16.72,17.04,16.71,16.97,989108
XEH.TO,20230926,28.8,28.8,28.71,28.71,560
XEI.TO,20230926,23.85,23.88,23.61,23.61,82833
XEM.TO,20230926,28.26,28.34,28.26,28.34,23605
XEMC.TO,20230926,40.3,40.3,39.94,39.94,5350
XEN.TO,20230926,29.92,29.92,29.92,29.92,101
XEQT.TO,20230926,25.68,25.69,25.49,25.51,104577
XESG.TO,20230926,23.76,23.76,23.73,23.73,1538
XEU.TO,20230926,25.58,25.58,25.51,25.52,2310
XEXP.TO,20230926,41.62,41.62,41.62,41.62,100
XFH.TO,20230926,27.87,27.89,27.77,27.77,7965
XFN.TO,20230926,43.64,43.74,43.27,43.31,106839
XFR.TO,20230926,20.13,20.13,20.11,20.11,52845
XGB.TO,20230926,18.05,18.06,18.01,18.04,33380
XGD.TO,20230926,16.62,16.68,16.4,16.4,417393
XGRO.TO,20230926,24.02,24.02,23.87,23.88,28694
XHB.TO,20230926,17.91,17.91,17.9,17.91,615
XHC.TO,20230926,66.02,66.02,65.87,65.87,702
XHD.TO,20230926,30.05,30.05,29.85,29.91,740
XHU.TO,20230926,27.71,27.71,27.71,27.71,904
XHY.TO,20230926,15.6,15.64,15.54,15.64,16886
XIC.TO,20230926,31.27,31.35,31.01,31.02,148339
XID.TO,20230926,46.87,46.87,46.87,46.87,1135
XIG.TO,20230926,19.15,19.15,19.06,19.07,3962
XIGS.TO,20230926,36.19,36.19,36.19,36.19,100
XIN.TO,20230926,31.57,31.61,31.43,31.43,4902
XIT.TO,20230926,42.61,42.78,42,42.37,10779
XIU.TO,20230926,29.86,29.98,29.66,29.67,4175537
XLB.TO,20230926,17.7,17.71,17.61,17.65,60359
XLY.TO,20230926,0.015,0.02,0.015,0.015,56444
XMA.TO,20230926,17.52,17.52,17.3,17.3,4002
XMC.TO,20230926,25.78,25.78,25.59,25.59,5612
XMD.TO,20230926,30.17,30.17,29.97,29.97,2110
XMH.TO,20230926,22.76,22.76,22.47,22.47,5511
XMI.TO,20230926,33.79,33.79,33.78,33.78,1000
XMM.TO,20230926,25.88,25.88,25.83,25.83,700
XMS.TO,20230926,31.01,31.01,30.88,30.88,1800
XMU.TO,20230926,66.74,66.78,66.55,66.55,719
XMV.TO,20230926,36.62,36.66,36.54,36.54,2953
XMW.TO,20230926,46,46,46,46,275
XPF.TO,20230926,13.41,13.41,13.32,13.32,6011
XQB.TO,20230926,17.67,17.68,17.65,17.67,18802
XQLT.TO,20230926,29.13,29.13,28.92,28.92,1536
XQQ.TO,20230926,112.16,112.22,110.95,111.25,65046
XRB.TO,20230926,20.88,20.9,20.8,20.89,8708
XRE.TO,20230926,15.29,15.29,14.96,15,319669
XSAB.TO,20230926,16.85,16.85,16.81,16.81,3555
XSB.TO,20230926,25.33,25.33,25.29,25.3,48344
XSC.TO,20230926,17.2,17.2,17.2,17.2,100
XSE.TO,20230926,16.99,17,16.97,16.97,7372
XSEA.TO,20230926,22.1,22.12,22.1,22.12,1436
XSEM.TO,20230926,17.83,17.83,17.81,17.81,2000
XSH.TO,20230926,17.69,17.7,17.68,17.69,19677
XSHG.TO,20230926,36.54,36.54,36.54,36.54,500
XSHU.U.TO,20230926,29.17,29.17,29.17,29.17,1000
XSMC.TO,20230926,25.45,25.45,25.42,25.42,1333
XSMH.TO,20230926,23.5,23.5,23.5,23.5,250
XSP.TO,20230926,45.5,45.54,45.06,45.16,337001
XST.TO,20230926,83.4,83.81,83.18,83.6,9115
XSTB.TO,20230926,18.57,18.57,18.57,18.57,822
XSTH.TO,20230926,36.19,36.19,36.19,36.19,342
XSTP.TO,20230926,39.55,39.55,39.48,39.55,6470
XSU.TO,20230926,34.64,34.82,34.4,34.43,70472
XSUS.TO,20230926,30.69,30.76,30.6,30.64,4102
XTC.TO,20230926,7.4,7.43,7.35,7.36,11540
XTD.TO,20230926,3.51,3.51,3.26,3.29,46954
XTD.PR.A.TO,20230926,9.6,9.65,9.6,9.65,215
XTG.TO,20230926,0.86,0.87,0.86,0.87,38500
XTLH.TO,20230926,33.95,33.95,33.73,33.81,5260
XTLT.TO,20230926,34.08,34.08,34.08,34.08,100
XTR.TO,20230926,9.98,9.98,9.92,9.92,16891
XTRA.TO,20230926,0.68,0.68,0.65,0.67,48925
XUH.TO,20230926,35.89,35.95,35.86,35.87,1663
XUS.TO,20230926,72.26,72.3,71.64,71.77,97987
XUS.U.TO,20230926,54.29,54.31,53.74,53.77,26777
XUSR.TO,20230926,59.84,59.84,59.49,59.62,1110
XUT.TO,20230926,25.52,25.52,25.09,25.11,311765
XUU.TO,20230926,43.1,43.1,42.71,42.71,16930
XUU.U.TO,20230926,31.82,31.82,31.82,31.82,100
XWD.TO,20230926,70.3,70.3,69.86,69.93,18705
Y.TO,20230926,12.05,12.05,12.05,12.05,100
YCM.TO,20230926,0.95,0.95,0.95,0.95,1000
YGR.TO,20230926,1.83,1.85,1.79,1.79,121358
YRB.TO,20230926,0.04,0.04,0.04,0.04,1138
ZAG.TO,20230926,12.92,12.93,12.89,12.9,246395
ZBAL.TO,20230926,33.4,33.4,33.24,33.24,2901
ZBK.TO,20230926,21.68,21.82,21.45,21.53,21450
ZCB.TO,20230926,43.6,43.69,43.6,43.6,555
ZCH.TO,20230926,13.97,14.03,13.97,14,5881
ZCLN.TO,20230926,15.66,15.66,15.33,15.33,3318
ZCM.TO,20230926,14,14.02,13.99,14.01,12075
ZCN.TO,20230926,26.53,26.59,26.33,26.34,38450
ZCS.TO,20230926,12.93,12.93,12.91,12.92,13575
ZDB.TO,20230926,13.83,13.84,13.81,13.83,16983
ZDH.TO,20230926,24.52,24.53,24.48,24.48,1260
ZDI.TO,20230926,21.2,21.2,21.08,21.08,5314
ZDJ.TO,20230926,52.98,53.01,52.82,52.82,1527
ZDM.TO,20230926,25.89,25.93,25.81,25.81,12982
ZDV.TO,20230926,18.55,18.55,18.4,18.4,26630
ZDY.TO,20230926,35.92,35.92,35.7,35.77,1324
ZEA.TO,20230926,19.77,19.81,19.7,19.71,10664
ZEB.TO,20230926,32.12,32.19,31.83,31.84,1110833
ZEF.TO,20230926,11.59,11.59,11.56,11.56,1509
ZEM.TO,20230926,18.52,18.58,18.48,18.58,16641
ZEO.TO,20230926,64.66,65.22,64.66,64.84,6183
ZEQ.TO,20230926,27.5,27.52,27.36,27.46,6925
ZEQT.TO,20230926,39.26,39.26,39.21,39.22,1150
ZESG.TO,20230926,30.91,30.91,30.79,30.79,1262
ZFH.TO,20230926,14.11,14.16,14.11,14.15,19555
ZFL.TO,20230926,12.05,12.05,11.97,11.98,63021
ZFM.TO,20230926,13.62,13.62,13.57,13.58,17886
ZFN.TO,20230926,38.36,38.4,38.28,38.28,800
ZFS.TO,20230926,13.09,13.1,13.08,13.1,6143
ZGB.TO,20230926,42.76,42.76,42.76,42.76,100
ZGD.TO,20230926,65.48,65.48,65.48,65.48,205
ZGI.TO,20230926,39.8,39.84,39.36,39.44,4931
ZGQ.TO,20230926,50.03,50.2,49.87,49.87,12358
ZGRO.TO,20230926,36.39,36.39,36.08,36.1,2666
ZGSB.TO,20230926,25.34,25.34,25.27,25.27,200
ZHP.TO,20230926,16.99,17,16.99,17,600
ZHY.TO,20230926,10.6,10.64,10.57,10.57,30439
ZIC.TO,20230926,16.42,16.43,16.42,16.43,1900
ZID.TO,20230926,39.94,39.94,39.81,39.81,607
ZIN.TO,20230926,35.04,35.04,35.04,35.04,1125
ZJG.TO,20230926,61.61,61.61,60.74,60.74,225
ZJK.TO,20230926,16.99,17,16.95,16.95,1412
ZLB.TO,20230926,39.85,39.89,39.5,39.51,25572
ZLC.TO,20230926,13.92,13.92,13.87,13.9,9418
ZLI.TO,20230926,22.39,22.39,22.35,22.35,399
ZLU.TO,20230926,45.5,45.5,45.11,45.11,8405
ZMBS.TO,20230926,28.5,28.5,28.5,28.5,9080
ZMI.TO,20230926,15.33,15.34,15.26,15.27,2025
ZMID.TO,20230926,36.06,36.08,36.06,36.08,6512
ZMMK.TO,20230926,50.07,50.08,50.07,50.08,95509
ZMP.TO,20230926,12.82,12.82,12.82,12.82,1562
ZMSB.TO,20230926,27.45,27.45,27.45,27.45,1725
ZMU.TO,20230926,12.07,12.09,12.05,12.07,15650
ZNQ.TO,20230926,63.98,64.19,63.53,63.67,4268
ZNQ.U.TO,20230926,31.78,31.78,31.76,31.76,306
ZPAY.TO,20230926,29.39,29.39,29.33,29.33,3197
ZPAY.F.TO,20230926,27.64,27.64,27.64,27.64,101
ZPAY.U.TO,20230926,28.35,28.35,28.35,28.35,146
ZPH.TO,20230926,14.45,14.45,14.4,14.4,300
ZPL.TO,20230926,11.55,11.55,11.47,11.5,9412
ZPR.TO,20230926,8.59,8.59,8.55,8.55,279381
ZPS.TO,20230926,11.73,11.73,11.73,11.73,1700
ZPW.TO,20230926,14.95,14.95,14.95,14.95,1000
ZQQ.TO,20230926,103.97,104.01,102.82,103.1,50352
ZRE.TO,20230926,20.08,20.09,19.63,19.64,30057
ZRR.TO,20230926,13.48,13.54,13.47,13.54,3758
ZSB.TO,20230926,45.95,45.96,45.93,45.93,3825
ZSDB.TO,20230926,28.45,28.45,28.41,28.45,5395
ZSP.TO,20230926,63.79,63.83,63.27,63.38,184260
ZSP.U.TO,20230926,47.28,47.28,46.85,46.91,14019
ZST.TO,20230926,48.75,48.77,48.75,48.76,10252
ZST.L.TO,20230926,56.49,56.51,56.49,56.51,2090
ZSU.TO,20230926,12.9,12.91,12.9,12.91,700
ZTIP.U.TO,20230926,28.62,28.62,28.62,28.62,150
ZUAG.F.TO,20230926,28.42,28.42,28.4,28.41,1538
ZUB.TO,20230926,20.46,20.5,20.12,20.18,9108
ZUD.TO,20230926,25.3,25.43,25.23,25.23,3996
ZUE.TO,20230926,60.53,60.53,59.91,59.99,21402
ZUH.TO,20230926,64.97,64.97,64.82,64.82,1300
ZUP.TO,20230926,18.87,18.9,18.87,18.9,984
ZUQ.TO,20230926,61,61,60.62,60.68,3169
ZUQ.F.TO,20230926,38.7,38.7,38.7,38.7,200
ZUS.U.TO,20230926,46.84,46.85,46.84,46.85,2000
ZUT.TO,20230926,20.52,20.52,20.25,20.25,11968
ZVU.TO,20230926,24.8,24.8,24.78,24.78,700
ZWA.TO,20230926,23.45,23.45,23.43,23.43,406
ZWB.TO,20230926,16.86,16.93,16.76,16.77,141789
ZWB.U.TO,20230926,21.29,21.29,21.28,21.28,15002
ZWC.TO,20230926,16.42,16.42,16.29,16.29,147584
ZWE.TO,20230926,19.45,19.45,19.31,19.33,7756
ZWEN.TO,20230926,29.63,29.69,29.59,29.59,4675
ZWG.TO,20230926,27.81,27.81,27.64,27.64,24188
ZWH.TO,20230926,21.34,21.34,21.23,21.26,13216
ZWH.U.TO,20230926,21.66,21.66,21.62,21.62,325
ZWHC.TO,20230926,28.21,28.21,28.21,28.21,1500
ZWK.TO,20230926,17.05,17.05,16.82,16.87,62441
ZWP.TO,20230926,16.68,16.68,16.43,16.43,10544
ZWQT.TO,20230926,14.91,14.91,14.91,14.91,123
ZWS.TO,20230926,18.91,18.91,18.82,18.82,860
ZWT.TO,20230926,32.31,32.31,31.97,32.07,7404
ZWU.TO,20230926,10.19,10.19,10.03,10.03,355376
ZXM.TO,20230926,34.55,34.61,34.55,34.6,4525
ZXM.B.TO,20230926,31.39,31.39,31.37,31.37,400
ZZZ.TO,20230926,22.67,22.72,22.34,22.45,80889
