<ticker>,<date>,<open>,<high>,<low>,<close>,<vol>
AAUC.TO,20240506,3.48,3.52,3.37,3.44,80895
AAV.TO,20240506,10.65,11.1,10.65,10.95,229768
ABX.TO,20240506,22.83,23.03,22.71,22.79,3832962
AC.TO,20240506,18.8,18.97,18.67,18.83,2725158
ACB.TO,20240506,9.38,9.63,8.98,9.1,2353093
ACD.TO,20240506,4.51,4.51,4.4,4.42,3400
ACO.X.TO,20240506,37.92,38.31,37.82,38.26,303042
ACO.Y.TO,20240506,39.15,43.5,39.15,42.5,1372
ACQ.TO,20240506,20.18,21.18,20.18,21.05,46266
AD.DB.A.TO,20240506,96.5,96.5,96.3,96.3,10000
AD.UN.TO,20240506,15.97,16.25,15.92,16.25,41813
ADEN.TO,20240506,42.02,43.8,42,43.38,72845
ADN.TO,20240506,17.67,17.86,17.67,17.86,4884
ADW.A.TO,20240506,3.97,3.97,3.86,3.86,7155
AEG.TO,20240506,0.4,0.4,0.38,0.38,29000
AEM.TO,20240506,90,90.75,89.91,90.39,2619400
AFN.TO,20240506,50.27,50.43,49.25,49.43,111590
AFN.DB.H.TO,20240506,99.25,99.5,99.25,99.5,48000
AFN.DB.I.TO,20240506,122.68,122.68,122.68,122.68,3000
AFN.DB.J.TO,20240506,100,100.5,100,100.5,15000
AGF.B.TO,20240506,7.86,8.14,7.86,8.12,20502
AGI.TO,20240506,20.96,21.17,20.78,20.87,453075
AI.TO,20240506,11.17,11.25,11.14,11.23,9641
AI.DB.D.TO,20240506,96.99,97,96.99,97,8000
AI.DB.E.TO,20240506,98.01,98.01,98.01,98.01,10000
AIDX.TO,20240506,1.54,1.55,1.43,1.55,1398269
AIF.TO,20240506,49.49,50.46,48.72,49.07,72340
AII.TO,20240506,0.63,0.64,0.63,0.64,124790
AIM.TO,20240506,2.36,2.36,2.32,2.32,88985
AKT.A.TO,20240506,1.47,1.49,1.46,1.46,4356
ALA.TO,20240506,30.48,30.58,30.13,30.2,637820
ALA.PR.B.TO,20240506,21.94,21.94,21.94,21.94,400
ALA.PR.G.TO,20240506,24.3,24.31,24.3,24.31,3183
ALC.TO,20240506,14.69,14.75,14.54,14.74,22500
ALS.TO,20240506,21.85,22.2,21.85,22.2,47185
ALYA.TO,20240506,2.12,2.16,2.11,2.16,10268
AMAX.TO,20240506,18.63,18.63,18.54,18.55,2714
AMC.TO,20240506,2.2,2.32,2.2,2.26,165266
AMM.TO,20240506,0.17,0.17,0.17,0.17,42824
AND.TO,20240506,40.88,41,39.93,40.31,54594
AOI.TO,20240506,2.48,2.52,2.47,2.48,245252
AOT.TO,20240506,0.69,0.71,0.69,0.71,80113
AP.UN.TO,20240506,17.21,17.35,17.12,17.35,416025
APLI.TO,20240506,0.035,0.035,0.035,0.035,25188
APR.UN.TO,20240506,10.06,10.06,9.92,9.95,8180
APS.TO,20240506,1.65,1.69,1.65,1.69,3675
AQN.TO,20240506,8.94,9.22,8.92,9.15,2386541
AQN.PR.A.TO,20240506,22.06,22.06,22.01,22.01,1150
AQN.PR.D.TO,20240506,22.3,22.4,22,22.2,9983
ARA.TO,20240506,0.54,0.57,0.53,0.55,38104
ARB.TO,20240506,26.2,26.2,26.2,26.2,500
ARE.TO,20240506,16.96,17.15,16.85,16.95,461804
ARG.TO,20240506,1.73,1.79,1.73,1.78,474645
ARIS.TO,20240506,5.69,5.88,5.66,5.69,826911
ARIS.WT.A.TO,20240506,0.52,0.54,0.5,0.5,131500
ARR.TO,20240506,9.28,9.42,9.2,9.38,7289
ARTI.TO,20240506,9.72,9.73,9.71,9.73,1301
ARX.TO,20240506,24.79,25.53,24.79,25.45,2175453
ASCU.TO,20240506,1.44,1.44,1.36,1.36,50998
ASM.TO,20240506,1,1.03,0.95,1.02,40432
ASND.TO,20240506,0.065,0.065,0.065,0.065,9900
ASTL.TO,20240506,10.85,10.85,10.51,10.59,40794
ATCU.TO,20240506,0.6,0.6,0.57,0.59,36500
ATD.TO,20240506,75.13,75.62,74.82,75.25,1190697
ATH.TO,20240506,4.79,4.91,4.78,4.81,4251917
ATRL.TO,20240506,54.35,57.33,54.25,56.61,500200
ATS.TO,20240506,44.43,44.76,44.03,44.69,155143
ATSX.TO,20240506,23.37,23.37,23.37,23.37,200
ATZ.TO,20240506,35.81,38.1,35.81,38.02,507831
AUGB.F.TO,20240506,43.01,43.01,43.01,43.01,100
AUMN.TO,20240506,0.68,0.72,0.68,0.72,7768
AVCN.TO,20240506,0.35,0.355,0.34,0.35,41602
AVL.TO,20240506,0.07,0.07,0.07,0.07,453176
AVNT.TO,20240506,0.085,0.085,0.08,0.085,212511
AW.UN.TO,20240506,29.52,29.55,29.39,29.55,8180
AX.PR.E.TO,20240506,17.6,17.63,17.55,17.55,2892
AX.PR.I.TO,20240506,18.5,19.1,18.44,19.1,3018
AX.UN.TO,20240506,6.61,6.61,6.37,6.42,257005
AYA.TO,20240506,14,14.27,13.85,14.1,214990
BABY.TO,20240506,0.265,0.265,0.26,0.26,77050
BABY.WT.A.TO,20240506,0.05,0.05,0.05,0.05,1000
BAM.TO,20240506,53.93,54.86,53.63,54.61,1934373
BANK.TO,20240506,7.23,7.3,7.21,7.29,90368
BASE.TO,20240506,26.4,26.4,26.4,26.4,634
BASE.B.TO,20240506,27.24,27.24,27.24,27.24,200
BB.TO,20240506,4.03,4.17,4.01,4.11,1790750
BBD.A.TO,20240506,72,74.29,71.98,73.47,9383
BBD.B.TO,20240506,71.48,74.38,71.35,73.56,893308
BBD.PR.B.TO,20240506,17.35,17.41,17.35,17.41,1700
BBD.PR.C.TO,20240506,18.45,18.6,18.45,18.5,6550
BBU.UN.TO,20240506,25.99,25.99,25.42,25.87,71023
BBUC.TO,20240506,28.4,29.17,28.03,28.98,17319
BCE.TO,20240506,45.86,46.18,45.72,45.86,2706556
BCE.PR.A.TO,20240506,17.49,17.5,17.37,17.5,3000
BCE.PR.B.TO,20240506,18.47,18.47,18.32,18.33,2328
BCE.PR.C.TO,20240506,17.61,17.79,17.61,17.74,1600
BCE.PR.D.TO,20240506,18.2,18.3,18.2,18.3,55128
BCE.PR.E.TO,20240506,18.15,18.15,18.15,18.15,177
BCE.PR.F.TO,20240506,17.3,17.4,17.3,17.4,573
BCE.PR.G.TO,20240506,16.25,16.31,16.25,16.3,1200
BCE.PR.I.TO,20240506,16.25,16.25,16.25,16.25,100
BCE.PR.J.TO,20240506,18.25,18.25,18.22,18.22,1901
BCE.PR.K.TO,20240506,15.25,15.35,15.25,15.33,121246
BCE.PR.L.TO,20240506,16.75,16.89,16.75,16.89,1400
BCE.PR.M.TO,20240506,15.78,15.78,15.78,15.78,100
BCE.PR.N.TO,20240506,17.45,17.49,17.45,17.49,200
BCE.PR.Q.TO,20240506,22.65,22.65,22.58,22.58,2400
BCE.PR.R.TO,20240506,16.29,16.29,16.29,16.29,1500
BCE.PR.S.TO,20240506,18.2,18.2,18.2,18.2,11500
BCE.PR.T.TO,20240506,17.6,17.94,17.6,17.91,3600
BCE.PR.Y.TO,20240506,18.15,18.18,18.15,18.18,753
BDGI.TO,20240506,43.56,46.1,41.9,45.38,136731
BDI.TO,20240506,8.08,8.24,7.86,8.13,74197
BDIV.TO,20240506,19.95,19.95,19.95,19.95,649
BDT.TO,20240506,19.49,20.28,19.46,20.22,131607
BEI.UN.TO,20240506,72.51,73.02,71.96,72.34,115410
BEP.PR.G.TO,20240506,24.1,24.25,24.08,24.08,800
BEP.PR.M.TO,20240506,20.47,20.93,20.47,20.89,6733
BEP.PR.R.TO,20240506,18.3,18.37,18.2,18.2,3000
BEP.UN.TO,20240506,35.5,36.5,35.41,36.4,463033
BEPC.TO,20240506,38.78,40.48,38.78,40.46,662665
BEPR.TO,20240506,8.94,9.26,8.94,8.95,20076
BESG.TO,20240506,15.46,15.48,15.46,15.48,13300
BFIN.TO,20240506,21,21,21,21,100
BGC.TO,20240506,30.81,30.98,30.81,30.97,1605
BGI.UN.TO,20240506,4.23,4.24,4.21,4.23,12135
BGU.TO,20240506,42.49,42.6,42.49,42.6,697
BGU.U.TO,20240506,31.1,31.12,31.1,31.12,800
BHC.TO,20240506,10.77,11.03,10.21,10.27,688060
BIK.PR.A.TO,20240506,24.98,24.98,24.85,24.9,2152
BIP.PR.A.TO,20240506,20.86,20.86,20.86,20.86,463
BIP.PR.B.TO,20240506,24.35,24.35,24.35,24.35,199
BIP.PR.E.TO,20240506,21.57,22.3,21.57,22.3,2700
BIP.PR.F.TO,20240506,20.9,21.24,20.9,21,5600
BIP.UN.TO,20240506,40.31,41.34,40.1,41.33,698629
BIPC.TO,20240506,45.76,46.55,45.76,46.2,330863
BIR.TO,20240506,5.63,5.88,5.61,5.83,1405128
BITF.TO,20240506,2.54,2.7,2.54,2.64,2302790
BITI.TO,20240506,5.08,5.13,4.99,5.08,205536
BITI.U.TO,20240506,3.69,3.74,3.69,3.71,13200
BK.TO,20240506,10.8,10.85,10.77,10.84,42958
BK.PR.A.TO,20240506,10.08,10.11,10.08,10.09,30500
BKCC.TO,20240506,13.84,13.91,13.82,13.89,9962
BKCL.TO,20240506,18.34,18.52,18.34,18.5,15030
BKI.TO,20240506,0.045,0.045,0.045,0.045,26020
BLCO.TO,20240506,20.02,20.02,19.5,19.76,1096
BLDP.TO,20240506,3.91,3.97,3.85,3.87,580172
BLN.TO,20240506,4.03,4.19,4.01,4.19,5422
BLX.TO,20240506,29.9,30.42,29.89,29.92,253976
BMAX.TO,20240506,13.11,13.3,13.11,13.3,6197
BMO.TO,20240506,125.26,127.38,124.73,127.18,3264468
BMO.PR.E.TO,20240506,25.35,25.4,25.3,25.3,36726
BMO.PR.W.TO,20240506,24.03,24.03,24.01,24.03,2700
BN.TO,20240506,58.52,59.76,58.52,59.7,1445901
BN.PF.A.TO,20240506,22.3,22.3,22.09,22.3,1050
BN.PF.B.TO,20240506,20.2,20.2,20.2,20.2,100
BN.PF.C.TO,20240506,17.99,18.06,17.98,18.06,3009
BN.PF.D.TO,20240506,18.15,18.16,18.15,18.16,1000
BN.PF.E.TO,20240506,18.1,18.1,18.1,18.1,750
BN.PF.F.TO,20240506,20.58,20.58,20.5,20.58,20300
BN.PF.G.TO,20240506,19,19,18.95,18.95,1700
BN.PF.H.TO,20240506,23.59,23.65,23.59,23.65,3756
BN.PF.I.TO,20240506,21.95,22.33,21.95,22.33,900
BN.PF.J.TO,20240506,21.9,21.94,21.9,21.9,1500
BN.PR.B.TO,20240506,12.45,12.45,12.42,12.45,4875
BN.PR.C.TO,20240506,12.25,12.25,12.23,12.23,440
BN.PR.M.TO,20240506,17.9,18.19,17.84,18.19,2971
BN.PR.N.TO,20240506,17.85,18.08,17.85,18.08,2272
BN.PR.R.TO,20240506,16.34,16.34,16.34,16.34,100
BN.PR.X.TO,20240506,16.03,16.09,16.03,16.09,400
BN.PR.Z.TO,20240506,20.9,20.9,20.89,20.9,1100
BNC.TO,20240506,25.21,25.21,25.21,25.21,1600
BND.TO,20240506,17.23,17.33,17.23,17.29,6686
BNE.TO,20240506,5.77,5.77,5.5,5.55,56360
BNK.TO,20240506,10.56,10.95,10.56,10.86,1404
BNKL.TO,20240506,21.31,21.31,21.31,21.31,100
BNS.TO,20240506,64.5,64.85,64.1,64.82,2307021
BOND.TO,20240506,20.16,20.16,20.1,20.16,11072
BOND.B.TO,20240506,20.54,20.54,20.54,20.54,400
BOS.TO,20240506,5.89,5.95,5.82,5.82,21875
BPF.UN.TO,20240506,15.76,15.76,15.65,15.73,40384
BPO.PR.A.TO,20240506,13.86,13.95,13.85,13.86,2400
BPO.PR.C.TO,20240506,16.35,16.45,16.25,16.26,6819
BPO.PR.E.TO,20240506,13.6,13.6,13.5,13.5,21600
BPO.PR.G.TO,20240506,15.19,15.29,15.01,15.01,2800
BPO.PR.I.TO,20240506,14.39,14.39,14.25,14.25,640
BPO.PR.N.TO,20240506,11.82,12.12,11.82,12.1,21798
BPO.PR.P.TO,20240506,11.75,12.3,11.75,12.3,9172
BPO.PR.R.TO,20240506,12.41,12.88,12.41,12.65,15119
BPO.PR.T.TO,20240506,14.96,15.27,14.96,15.15,6032
BPO.PR.W.TO,20240506,9.59,9.86,9.58,9.8,3000
BPO.PR.X.TO,20240506,9.95,9.95,9.95,9.95,500
BPO.PR.Y.TO,20240506,9.99,9.99,9.99,9.99,900
BPYP.PR.A.TO,20240506,20.25,20.35,20.05,20.15,7155
BRAG.TO,20240506,7.64,7.95,7.56,7.76,21719
BRE.TO,20240506,13.65,13.65,13.56,13.63,3736
BREA.TO,20240506,24.94,24.94,24.94,24.94,100
BRF.PR.A.TO,20240506,17.38,17.39,17.38,17.39,1500
BRF.PR.C.TO,20240506,20.5,20.5,20.4,20.4,16800
BRF.PR.E.TO,20240506,17.75,17.75,17.75,17.75,1400
BRF.PR.F.TO,20240506,17.79,17.8,17.71,17.72,3600
BRMI.TO,20240506,0.9,0.9,0.85,0.85,2500
BRY.TO,20240506,0.32,0.32,0.315,0.315,11030
BSKT.TO,20240506,8.41,8.42,8.41,8.42,9250
BSX.TO,20240506,0.045,0.05,0.045,0.045,112500
BTB.UN.TO,20240506,3.19,3.21,3.18,3.21,50857
BTCC.TO,20240506,11.96,12.09,11.81,11.91,376250
BTCC.B.TO,20240506,12.42,12.53,12.24,12.33,586983
BTCC.U.TO,20240506,11.51,11.64,11.43,11.45,57754
BTCQ.TO,20240506,13.95,14.07,13.8,13.87,38657
BTCQ.U.TO,20240506,10.21,10.21,10.21,10.21,600
BTCX.B.TO,20240506,12.83,12.97,12.68,12.77,466262
BTCX.U.TO,20240506,11.9,12,11.75,11.84,46083
BTCY.TO,20240506,6.25,6.44,6.25,6.32,47150
BTCY.B.TO,20240506,7.37,7.37,7.32,7.32,1221
BTE.TO,20240506,4.86,5.22,4.86,5.1,9650160
BTO.TO,20240506,3.45,3.5,3.44,3.48,1812570
BU.TO,20240506,0.31,0.31,0.285,0.285,41166
BXF.TO,20240506,9.84,9.84,9.84,9.84,309
BYD.TO,20240506,265.33,269.46,264.17,268.25,50682
BYL.TO,20240506,0.25,0.25,0.25,0.25,11500
CAE.TO,20240506,28.01,28.49,27.93,28.37,673765
CAFR.TO,20240506,19.84,19.85,19.84,19.85,13375
CALL.TO,20240506,12.24,12.27,12.22,12.26,10205
CALL.U.TO,20240506,13.74,13.74,13.74,13.74,200
CAR.UN.TO,20240506,44.61,45.32,44.5,45.29,414453
CARS.TO,20240506,19.74,20.01,19.74,20.01,666
CARS.B.TO,20240506,22.93,22.93,22.93,22.93,100
CAS.TO,20240506,9.39,9.51,9.39,9.47,365041
CASH.TO,20240506,50.04,50.04,50.03,50.04,283600
CBCX.TO,20240506,19.92,19.92,19.92,19.92,800
CBH.TO,20240506,17.23,17.24,17.23,17.23,1200
CBIL.TO,20240506,49.98,49.99,49.98,49.99,61575
CBNK.TO,20240506,7.21,7.23,7.19,7.23,9108
CBO.TO,20240506,17.72,17.72,17.7,17.7,2177
CCA.TO,20240506,55.61,56.87,55.61,56.47,22321
CCBI.TO,20240506,17.55,17.55,17.52,17.52,4813
CCL.B.TO,20240506,71.47,72.26,71.18,71.49,187005
CCM.TO,20240506,0.235,0.235,0.235,0.235,19000
CCO.TO,20240506,66.57,69.58,66.53,69.32,945269
CCOM.TO,20240506,19.92,19.94,19.92,19.93,158300
CCRE.TO,20240506,17.56,17.58,17.52,17.52,5700
CCS.PR.C.TO,20240506,18.88,19.5,18.88,19.35,5000
CDIV.TO,20240506,13.35,13.47,13.35,13.46,41526
CDR.TO,20240506,1.96,1.99,1.9,1.95,7263
CDZ.TO,20240506,31.12,31.38,31.12,31.38,12149
CEE.TO,20240506,2.03,2.09,2.03,2.06,8140
CEF.TO,20240506,29.41,29.68,29.41,29.66,72333
CEF.U.TO,20240506,21.57,21.88,21.53,21.65,2100
CEU.TO,20240506,5.69,5.83,5.69,5.74,271741
CEW.TO,20240506,16.93,17.1,16.93,17.1,12780
CF.TO,20240506,8.38,8.72,8.38,8.69,36282
CF.PR.A.TO,20240506,14.38,14.4,14.38,14.4,200
CFF.TO,20240506,0.63,0.63,0.63,0.63,2605
CFP.TO,20240506,14.8,14.97,14.63,14.81,249830
CFW.TO,20240506,4.2,4.2,4.16,4.18,27291
CFX.TO,20240506,1.5,1.55,1.49,1.53,24400
CG.TO,20240506,8.49,8.76,8.49,8.72,995324
CGBI.TO,20240506,17.32,17.32,17.32,17.32,9100
CGG.TO,20240506,8.08,8.33,8.08,8.3,24022
CGI.TO,20240506,38.1,38.1,37.91,38.09,4630
CGL.TO,20240506,18.54,18.58,18.51,18.56,14213
CGL.C.TO,20240506,26.84,26.93,26.83,26.91,15468
CGLO.TO,20240506,27.43,27.5,27.43,27.5,1225
CGO.TO,20240506,53.5,54.24,53.5,53.87,6362
CGR.TO,20240506,27.85,27.91,27.85,27.91,366
CGRE.TO,20240506,20.06,20.1,20.06,20.1,2800
CGX.TO,20240506,9.14,9.16,9.03,9.05,308320
CGXF.TO,20240506,9.89,10.08,9.89,10,10969
CGY.TO,20240506,54.03,54.25,53.51,54.24,5554
CHE.DB.E.TO,20240506,100.01,100.4,100,100,51000
CHE.DB.G.TO,20240506,101.95,101.95,101.95,101.95,3000
CHE.DB.H.TO,20240506,100,100,99.5,100,158000
CHE.UN.TO,20240506,8.8,8.8,8.62,8.78,262326
CHP.UN.TO,20240506,13.14,13.16,12.94,13.15,797422
CHPS.TO,20240506,37.03,37.18,36.9,37.08,18200
CHR.TO,20240506,2.18,2.22,2.18,2.21,371377
CHR.DB.C.TO,20240506,82.5,82.5,82.5,82.5,19000
CIA.TO,20240506,6.3,6.4,6.29,6.39,143205
CIBR.TO,20240506,43.13,43.13,43.13,43.13,306
CIC.TO,20240506,10.75,10.84,10.75,10.83,6104
CIEH.TO,20240506,21.01,21.02,21.01,21.02,2150
CIEI.TO,20240506,23.06,23.06,23.05,23.05,400
CIEM.TO,20240506,19.31,19.31,19.31,19.31,1093
CIF.TO,20240506,42.39,42.46,42.25,42.44,6312
CIGI.TO,20240506,148.87,152.51,148.45,152.48,36326
CINT.TO,20240506,23.12,23.16,23.12,23.16,4938
CIU.PR.A.TO,20240506,17.71,17.82,17.71,17.75,2046
CIX.TO,20240506,16.73,16.78,16.62,16.7,361012
CJ.TO,20240506,6.9,7.02,6.9,6.97,562293
CJR.B.TO,20240506,0.51,0.52,0.5,0.51,498452
CJT.TO,20240506,120,121.04,118.78,120.58,64847
CJT.DB.F.TO,20240506,98.3,98.3,98.3,98.3,5000
CKI.TO,20240506,20.75,21.5,20.75,21.1,1556
CLF.TO,20240506,16.8,16.82,16.8,16.82,5299
CLG.TO,20240506,16.66,16.68,16.66,16.68,19647
CLML.TO,20240506,27.51,27.51,27.51,27.51,551
CLS.TO,20240506,62.32,64.4,62.27,64.07,923720
CM.TO,20240506,65.9,66.15,65.32,66.11,1584185
CM.PR.P.TO,20240506,23.76,23.76,23.65,23.65,39700
CM.PR.Q.TO,20240506,23.6,23.6,23.6,23.6,100
CM.PR.S.TO,20240506,24.28,24.3,24.24,24.25,16950
CMAG.U.TO,20240506,24.37,24.37,24.37,24.37,100
CMCX.B.TO,20240506,12.86,12.86,12.86,12.86,3622
CMDO.TO,20240506,19,19.02,18.99,19.02,3200
CMDO.U.TO,20240506,19.18,19.18,19.18,19.18,600
CMG.TO,20240506,11,11.24,10.98,11.19,75644
CMGG.TO,20240506,26.94,27.08,26.94,27.08,200
CMNY.TO,20240506,50.08,50.08,50.08,50.08,400
CMOM.TO,20240506,22.8,22.8,22.8,22.8,120
CMR.TO,20240506,50.09,50.09,50.08,50.08,60394
CNCC.TO,20240506,12.07,12.17,12.07,12.17,9276
CNCL.TO,20240506,19.61,19.7,19.61,19.7,4847
CNE.TO,20240506,4.99,5,4.91,4.93,14500
CNL.TO,20240506,4.05,4.16,4.05,4.16,32900
CNQ.TO,20240506,102.93,104.5,102.89,103.87,1683891
CNR.TO,20240506,169,172.61,169,172.48,1034695
COG.TO,20240506,0.64,0.68,0.6,0.65,28200
COMM.TO,20240506,32.31,32.43,32.31,32.41,1410
COPP.TO,20240506,37.06,37.64,37.06,37.64,1615
COW.TO,20240506,62.91,63.12,62.91,63.02,1811
CP.TO,20240506,109.61,111.67,109.32,111.43,940845
CPD.TO,20240506,11.83,11.9,11.82,11.89,59977
CPH.TO,20240506,8.95,9.33,8.95,9.3,49426
CPX.TO,20240506,36.01,36.83,36.01,36.42,376636
CPX.PR.C.TO,20240506,22.34,22.4,22.34,22.4,2727
CPX.PR.E.TO,20240506,22.1,22.2,22.1,22.2,900
CRDL.TO,20240506,2.77,2.83,2.69,2.77,74497
CRON.TO,20240506,3.77,3.81,3.61,3.62,184230
CROP.TO,20240506,17.95,17.98,17.95,17.97,788
CROP.U.TO,20240506,20.02,20.02,20.02,20.02,300
CRP.TO,20240506,3.29,3.29,3.23,3.23,1700
CRR.UN.TO,20240506,12.89,12.95,12.8,12.83,109739
CRRX.TO,20240506,2.29,2.35,2.29,2.32,6302
CRT.UN.TO,20240506,13.69,13.91,13.64,13.89,126726
CS.TO,20240506,10.07,10.59,10.05,10.55,3807719
CSAV.TO,20240506,50.09,50.09,50.08,50.08,38091
CSBI.TO,20240506,20.01,20.01,20.01,20.01,1200
CSE.PR.A.TO,20240506,13.5,13.5,13.5,13.5,200
CSH.UN.TO,20240506,12.63,12.8,12.58,12.78,243260
CSU.TO,20240506,3648.54,3758,3617.93,3750.01,33016
CSW.A.TO,20240506,13.66,13.66,13.45,13.53,2221
CSW.B.TO,20240506,12.2,12.2,12.2,12.2,102
CTC.TO,20240506,224.35,235.01,224.35,235.01,372
CTC.A.TO,20240506,135,136.88,134.99,136.61,207894
CTF.UN.TO,20240506,2.38,2.41,2.36,2.41,20500
CTS.TO,20240506,5.37,5.55,5.35,5.53,458060
CU.TO,20240506,30.33,30.78,30.28,30.71,723088
CU.PR.D.TO,20240506,19.02,19.39,19.02,19.23,2230
CU.PR.E.TO,20240506,19.61,19.65,19.6,19.65,4200
CU.PR.G.TO,20240506,17.6,17.65,17.6,17.62,7229
CU.PR.I.TO,20240506,23.89,24,23.89,24,3179
CU.PR.J.TO,20240506,18.55,18.55,18.55,18.55,500
CUD.TO,20240506,51.6,51.7,51.6,51.7,542
CUEH.TO,20240506,21.19,21.32,21.19,21.31,2888
CUEI.TO,20240506,27.85,27.86,27.85,27.86,1650
CUP.U.TO,20240506,13.63,13.8,13.63,13.8,3120
CURA.TO,20240506,7.85,7.86,7.5,7.68,370563
CVD.TO,20240506,16.56,16.56,16.56,16.56,103
CVE.TO,20240506,28.38,28.71,28.19,28.28,4047482
CVE.PR.A.TO,20240506,17.2,17.2,16.8,16.85,4027
CVE.PR.B.TO,20240506,18.5,18.5,18.41,18.41,1100
CVE.PR.C.TO,20240506,24.36,24.39,24.22,24.22,1950
CVE.PR.E.TO,20240506,24.1,24.1,24.1,24.1,31100
CVE.PR.G.TO,20240506,23.7,23.81,23.7,23.75,32097
CVE.WT.TO,20240506,21.54,22.12,21.54,21.71,2639
CVO.TO,20240506,8.3,8.3,8.13,8.14,77491
CWB.TO,20240506,27.1,27.16,26.91,27.13,196221
CWB.PR.B.TO,20240506,21.58,22,21.58,21.66,3438
CWB.PR.D.TO,20240506,25.7,25.7,25.6,25.6,2966
CWEB.TO,20240506,0.28,0.28,0.265,0.265,4429
CWL.TO,20240506,0.81,0.82,0.81,0.82,4000
CWW.TO,20240506,56.66,57.22,56.66,57.21,1005
CXB.TO,20240506,2.02,2.08,2.01,2.04,3347075
CXF.TO,20240506,9.65,9.7,9.61,9.7,10499
CXI.TO,20240506,25.7,27.07,25.7,26.51,10189
CYB.TO,20240506,69.06,69.06,68.29,68.29,14105
CYBR.TO,20240506,45.52,46.16,45.52,46.16,544
CYBR.B.TO,20240506,53.62,53.62,53.62,53.62,401
CYH.TO,20240506,20.42,20.6,20.42,20.6,4684
D.UN.TO,20240506,18.63,19.14,18.63,19.02,13261
DANC.TO,20240506,22.26,22.26,22.25,22.25,1800
DATA.TO,20240506,22.8,22.86,22.8,22.86,300
DAY.TO,20240506,79.67,80.56,78.5,80.42,10855
DBM.TO,20240506,8,8.14,7.95,8.07,212311
DBO.TO,20240506,0.08,0.08,0.08,0.08,6500
DC.A.TO,20240506,1.37,1.4,1.35,1.4,37100
DCBC.TO,20240506,20.2,20.2,20.2,20.2,509
DCBO.TO,20240506,62.75,64.18,62.5,63.74,24102
DCC.TO,20240506,18.25,18.25,18.25,18.25,250
DCG.TO,20240506,17.71,17.71,17.71,17.71,1100
DCM.TO,20240506,3.12,3.18,3.09,3.11,3865
DF.TO,20240506,4.55,4.74,4.55,4.73,49682
DF.PR.A.TO,20240506,9.92,9.94,9.92,9.94,10833
DFN.TO,20240506,5.3,5.33,5.24,5.33,259186
DFN.PR.A.TO,20240506,9.84,9.86,9.84,9.86,117665
DFY.TO,20240506,46,46.53,45.9,46.35,124428
DGR.B.TO,20240506,48.11,48.28,48.11,48.28,1134
DGRC.TO,20240506,38.04,38.3,38.04,38.3,5406
DGS.TO,20240506,6,6.08,5.98,6.04,60711
DGS.PR.A.TO,20240506,9.96,9.97,9.96,9.96,10599
DHT.UN.TO,20240506,16.24,16.75,16.24,16.73,26802
DIAM.TO,20240506,0.08,0.08,0.075,0.075,24000
DII.A.TO,20240506,6.05,6.05,6.05,6.05,2000
DII.B.TO,20240506,5.91,6.08,5.91,6.01,2213
DIR.UN.TO,20240506,12.75,12.89,12.7,12.87,614691
DISC.TO,20240506,37.65,37.65,37.54,37.54,800
DIV.TO,20240506,2.84,2.85,2.67,2.85,1005358
DLR.TO,20240506,13.89,13.9,13.87,13.89,668077
DLR.U.TO,20240506,10.17,10.17,10.16,10.16,434966
DMEC.TO,20240506,20.3,20.45,20.3,20.45,1920
DMEI.TO,20240506,20.4,20.4,20.4,20.4,250
DMEU.TO,20240506,20.26,20.26,20.2,20.26,2754
DML.TO,20240506,2.93,3.04,2.91,2.99,1785155
DND.TO,20240506,14.59,14.9,14.4,14.84,80375
DNG.TO,20240506,5.34,5.59,5.33,5.53,54140
DNTL.TO,20240506,6.15,6.38,6.12,6.34,281182
DOL.TO,20240506,117.25,117.91,116.65,117.86,259267
DOO.TO,20240506,94.63,95.3,93.57,94.21,86864
DPM.TO,20240506,10.79,10.94,10.69,10.89,477186
DR.TO,20240506,11.26,11.34,11.18,11.2,23677
DRFC.TO,20240506,27.84,28.04,27.84,28.04,454
DRFE.TO,20240506,21.92,21.94,21.9,21.9,546
DRM.TO,20240506,19.66,20.19,19.56,20.03,36417
DRMC.TO,20240506,27.91,28.16,27.91,28.16,403
DRMD.TO,20240506,27.44,27.44,27.44,27.44,100
DRME.TO,20240506,17.39,17.39,17.39,17.39,200
DRMU.TO,20240506,37.59,37.59,37.56,37.56,300
DRR.U.TO,20240506,6.9,6.99,6.51,6.51,4045
DRR.UN.TO,20240506,9.09,9.16,9,9,500
DRT.TO,20240506,0.72,0.81,0.72,0.79,142531
DRX.TO,20240506,14.7,15.61,14.69,15.18,241508
DS.TO,20240506,6.18,6.2,6.16,6.16,4097
DSG.TO,20240506,130.74,133,130.74,132.64,55833
DSV.TO,20240506,0.88,0.93,0.87,0.92,741247
DTOL.TO,20240506,8.41,8.64,8.41,8.55,3172
DXB.TO,20240506,17.75,17.76,17.75,17.75,6129
DXBC.TO,20240506,21.03,21.03,21.03,21.03,2447
DXBU.TO,20240506,21.36,21.36,21.36,21.36,4386
DXC.TO,20240506,34.81,35.06,34.81,35.03,9586
DXDB.TO,20240506,20.55,20.56,20.54,20.54,15533
DXEM.TO,20240506,13.67,13.72,13.67,13.72,992
DXG.TO,20240506,58.95,59.33,58.95,59.33,1597
DXGE.TO,20240506,22.7,22.7,22.7,22.7,3590
DXN.TO,20240506,19.58,19.6,19.58,19.6,1400
DXO.TO,20240506,19.2,19.22,19.2,19.22,2847
DXP.TO,20240506,21.61,21.74,21.61,21.69,2984
DXQ.TO,20240506,24.41,24.41,24.4,24.4,6000
DXR.TO,20240506,21.15,21.15,21.14,21.15,1500
DXT.TO,20240506,5.94,5.97,5.87,5.88,7372
DXU.TO,20240506,56.18,56.18,56.15,56.15,446
DXV.TO,20240506,19.65,19.66,19.62,19.66,5069
DXW.TO,20240506,23.09,23.09,23.09,23.09,1277
DXZ.TO,20240506,12.4,12.4,12.39,12.4,5200
DYA.TO,20240506,0.15,0.15,0.14,0.145,815977
E.TO,20240506,1.18,1.18,1.14,1.18,169032
EAGR.TO,20240506,0.82,0.84,0.81,0.82,16247
EBIT.TO,20240506,31.34,31.6,30.98,31.2,41437
EBIT.U.TO,20240506,23.21,23.21,22.7,22.7,511
EBNK.TO,20240506,11.22,11.22,11.22,11.22,100
ECN.TO,20240506,1.79,1.82,1.78,1.79,194410
ECN.DB.A.TO,20240506,68.9,69,67.25,68.5,81000
ECN.DB.B.TO,20240506,67,67,67,67,16000
ECN.PR.C.TO,20240506,16.1,16.3,16.1,16.25,3850
ECO.TO,20240506,4.66,4.74,4.62,4.74,26700
ECOR.TO,20240506,1.58,1.58,1.58,1.58,18900
EDGE.TO,20240506,34.99,35,34.99,35,505
EDR.TO,20240506,3.78,3.95,3.78,3.91,954675
EDT.TO,20240506,0.44,0.47,0.44,0.46,62150
EDV.TO,20240506,28.72,29.34,28.72,29,313983
EFN.TO,20240506,22.75,22.96,22.67,22.85,368096
EFR.TO,20240506,7.7,7.99,7.66,7.85,486472
EFX.TO,20240506,8.02,8.22,7.96,8.1,180708
EGLX.TO,20240506,0.165,0.165,0.15,0.15,49864
EIF.TO,20240506,46.46,47.2,46.46,47.01,53614
EIF.DB.J.TO,20240506,100.97,100.97,100.95,100.95,40000
EIF.DB.K.TO,20240506,101.02,101.02,101.02,101.02,4000
EIF.DB.M.TO,20240506,96,96,95.89,95.89,13000
EIT.PR.A.TO,20240506,24.96,24.97,24.96,24.96,700
EIT.UN.TO,20240506,13.76,13.83,13.76,13.79,202493
ELD.TO,20240506,20,20.24,19.97,20.16,266637
ELEF.TO,20240506,0.335,0.335,0.33,0.335,3309
ELF.TO,20240506,1108,1108,1108,1108,101
ELF.PR.F.TO,20240506,20.4,20.6,20.34,20.55,5271
ELF.PR.G.TO,20240506,18.4,18.4,18.35,18.35,1172
ELF.PR.H.TO,20240506,21.1,21.28,21.1,21.26,1571
ELO.TO,20240506,1.6,1.7,1.59,1.66,53832
ELR.TO,20240506,0.165,0.175,0.165,0.175,137126
ELVA.TO,20240506,4.36,4.42,4.36,4.38,3038
EMA.TO,20240506,47.09,47.74,47.02,47.66,1422204
EMA.PR.A.TO,20240506,15.05,15.35,15.05,15.35,45600
EMA.PR.B.TO,20240506,17.25,17.35,17.25,17.35,14200
EMA.PR.C.TO,20240506,21.6,21.6,21.5,21.5,2489
EMA.PR.E.TO,20240506,17.39,17.39,17.39,17.39,100
EMA.PR.F.TO,20240506,18.95,19,18.95,19,4000
EMA.PR.H.TO,20240506,21.71,22,21.71,22,4422
EMA.PR.J.TO,20240506,20.5,20.6,20.5,20.5,700
EMA.PR.L.TO,20240506,17.75,17.75,17.7,17.7,900
EMAX.TO,20240506,17.8,17.93,17.79,17.79,3231
EMP.A.TO,20240506,32.42,32.72,32.41,32.7,177091
EMV.B.TO,20240506,28.91,28.91,28.9,28.9,590
ENB.TO,20240506,50.05,50.25,49.92,50.14,12390000
ENB.PF.A.TO,20240506,18.36,18.5,18.36,18.5,6100
ENB.PF.C.TO,20240506,17.88,17.88,17.81,17.81,6400
ENB.PF.E.TO,20240506,17.25,17.29,17.2,17.24,4300
ENB.PF.G.TO,20240506,17.11,17.11,17.06,17.06,3200
ENB.PF.K.TO,20240506,21.27,22.11,21.27,22.05,4593
ENB.PF.U.TO,20240506,20.76,20.76,20.62,20.62,2097
ENB.PF.V.TO,20240506,21.81,22,21.81,22,3938
ENB.PR.A.TO,20240506,21.2,21.3,21.16,21.3,2200
ENB.PR.B.TO,20240506,17.39,17.46,17.37,17.46,14040
ENB.PR.D.TO,20240506,17.59,17.71,17.58,17.7,14255
ENB.PR.F.TO,20240506,18.09,18.2,18.02,18.2,6059
ENB.PR.G.TO,20240506,20.3,20.3,20.3,20.3,1650
ENB.PR.H.TO,20240506,19.07,19.21,19.07,19.1,5608
ENB.PR.I.TO,20240506,19.5,19.75,19.5,19.75,600
ENB.PR.J.TO,20240506,19.11,19.11,19,19.01,11590
ENB.PR.N.TO,20240506,20.92,21.22,20.91,21.1,40981
ENB.PR.P.TO,20240506,18.65,18.74,18.65,18.72,10607
ENB.PR.T.TO,20240506,19.66,19.66,19.42,19.42,13983
ENB.PR.V.TO,20240506,21.95,22,21.95,22,400
ENB.PR.Y.TO,20240506,17.86,17.9,17.83,17.9,24700
ENCC.TO,20240506,11.41,11.53,11.29,11.46,53033
ENCL.TO,20240506,20.55,20.81,20.53,20.64,33660
ENGH.TO,20240506,30.23,30.3,30.05,30.25,24883
ENS.TO,20240506,11.5,11.6,11.48,11.57,46104
ENS.PR.A.TO,20240506,10.11,10.13,10.1,10.11,7400
EPRX.TO,20240506,3.97,3.97,3.9,3.95,17359
EQB.TO,20240506,86.08,86.86,85.81,86.43,30155
EQCL.TO,20240506,21.41,21.48,21.41,21.47,977
EQL.TO,20240506,33.93,34.04,33.93,34.04,21923
EQL.F.TO,20240506,29.11,29.18,29.07,29.18,7868
EQL.U.TO,20240506,24.9,24.9,24.89,24.89,1300
EQX.TO,20240506,7.53,7.71,7.53,7.62,620962
ERD.TO,20240506,0.41,0.415,0.41,0.415,58228
ERE.UN.TO,20240506,2.36,2.36,2.3,2.32,240741
ERO.TO,20240506,28.84,29.59,28.66,28.96,303518
ESG.TO,20240506,37.21,37.37,37.19,37.37,2969
ESG.F.TO,20240506,34.9,35.01,34.88,35.01,2360
ESGA.TO,20240506,34.98,35,34.98,35,3090
ESGB.TO,20240506,26.67,26.67,26.67,26.67,200
ESGC.TO,20240506,25.23,25.39,25.23,25.39,300
ESGE.TO,20240506,34.1,34.27,34.1,34.27,725
ESGG.TO,20240506,44.15,44.5,44.15,44.5,1340
ESGH.TO,20240506,27.07,27.18,27.07,27.18,590
ESGY.TO,20240506,50.03,50.4,50.03,50.4,1189
ESI.TO,20240506,2.47,2.47,2.17,2.4,1391479
ESM.TO,20240506,0.06,0.06,0.055,0.055,497000
ESP.TO,20240506,5.1,5.1,5.1,5.1,900
ESPX.TO,20240506,23.06,23.12,23.06,23.12,2494
ESPX.U.TO,20240506,23.04,23.04,23.04,23.04,100
ET.TO,20240506,13.98,13.98,13.73,13.84,6912
ETC.TO,20240506,13.56,13.71,13.56,13.63,3772
ETG.TO,20240506,1.53,1.53,1.52,1.52,3600
ETHH.TO,20240506,12.48,12.58,12.3,12.36,54019
ETHH.B.TO,20240506,14.72,14.75,14.42,14.48,156881
ETHH.U.TO,20240506,13.42,13.51,13.2,13.22,92366
ETHI.TO,20240506,50.58,50.58,50.58,50.58,856
ETHQ.TO,20240506,16.74,16.83,16.48,16.53,9565
ETHQ.U.TO,20240506,12.16,12.16,12.16,12.16,984
ETHR.TO,20240506,14.52,14.65,14.32,14.36,15044
ETHR.U.TO,20240506,13.21,13.22,13.2,13.21,19000
ETHX.B.TO,20240506,15.2,15.33,14.96,15.06,143881
ETHX.U.TO,20240506,14.03,14.08,13.75,13.75,42346
ETHY.TO,20240506,4.03,4.08,3.98,3.98,22455
ETHY.B.TO,20240506,5.03,5.03,4.98,4.99,1327
ETHY.U.TO,20240506,3.96,3.96,3.96,3.96,209
ETSX.TO,20240506,19.71,19.71,19.71,19.71,710
EVO.TO,20240506,20.2,20.2,20.2,20.2,130
EVT.TO,20240506,144,144,144,144,142
EXE.TO,20240506,7.45,7.58,7.45,7.51,85979
EXN.TO,20240506,0.18,0.215,0.18,0.215,173155
EXRO.TO,20240506,0.68,0.72,0.68,0.69,35244
EXRO.WT.TO,20240506,0.2,0.2,0.2,0.2,1005
FAP.TO,20240506,2.56,2.57,2.55,2.55,14213
FAR.TO,20240506,2.83,2.86,2.77,2.85,68607
FBTC.TO,20240506,28.81,29.14,28.56,28.69,37960
FC.TO,20240506,10.91,10.97,10.85,10.86,32616
FC.DB.I.TO,20240506,96,96,96,96,15000
FC.DB.L.TO,20240506,89.5,89.5,89.5,89.5,10000
FCCD.TO,20240506,27.46,27.72,27.46,27.71,12239
FCCQ.TO,20240506,33.84,33.84,33.84,33.84,400
FCCV.TO,20240506,13.65,13.68,13.65,13.68,4900
FCD.UN.TO,20240506,4.93,4.96,4.9,4.96,19238
FCID.TO,20240506,27.05,27.07,27.05,27.07,400
FCII.TO,20240506,20.31,20.31,20.31,20.31,228
FCIQ.TO,20240506,37.15,37.27,37.15,37.27,3800
FCIV.TO,20240506,34.88,35.26,34.88,35.26,4456
FCR.UN.TO,20240506,15.3,15.46,15.11,15.44,270297
FCRR.TO,20240506,37.85,37.85,37.85,37.85,100
FCU.TO,20240506,1.14,1.15,1.12,1.14,2009156
FCUD.TO,20240506,34.05,34.1,34.03,34.1,6894
FCUQ.TO,20240506,53.8,54.09,53.8,54.09,4700
FCUQ.U.TO,20240506,39.55,39.55,39.55,39.55,300
FCUV.TO,20240506,17.44,17.49,17.42,17.49,4800
FCUV.U.TO,20240506,12.79,12.79,12.79,12.79,1000
FCVH.TO,20240506,16.64,16.65,16.64,16.65,900
FDN.TO,20240506,22.5,22.62,22.47,22.62,900
FDY.TO,20240506,0.69,0.7,0.65,0.66,96679
FEBB.F.TO,20240506,42.32,42.38,42.32,42.38,950
FEC.TO,20240506,9.26,9.39,9.09,9.29,19010
FETH.TO,20240506,56.95,56.95,56.95,56.95,188
FF.TO,20240506,0.16,0.16,0.15,0.155,363480
FFH.TO,20240506,1546.02,1552.66,1513.31,1551.53,30329
FFH.PR.C.TO,20240506,22.45,22.46,22.41,22.45,1725
FFH.PR.D.TO,20240506,22.7,22.7,22.7,22.7,6000
FFH.PR.G.TO,20240506,18.21,18.25,18.21,18.25,500
FFH.PR.H.TO,20240506,18.61,18.65,18.5,18.65,5971
FFH.PR.I.TO,20240506,18.74,18.79,18.7,18.7,6900
FFH.PR.J.TO,20240506,19.75,19.75,19.65,19.65,2900
FFH.PR.K.TO,20240506,21.7,21.7,21.6,21.6,2600
FFH.PR.M.TO,20240506,24,24.2,24,24.2,10400
FFN.TO,20240506,5.52,5.64,5.5,5.61,234817
FFN.PR.A.TO,20240506,10.1,10.13,10.1,10.12,129839
FGB.TO,20240506,17.91,17.91,17.91,17.91,200
FGGE.TO,20240506,23.02,23.03,23.02,23.03,1902
FGO.TO,20240506,9.79,9.81,9.79,9.81,1000
FHG.TO,20240506,49.75,49.75,49.75,49.75,123
FHI.TO,20240506,11.26,11.26,11.21,11.21,719
FHIS.TO,20240506,20.6,20.6,20.59,20.6,18322
FHQ.TO,20240506,84.43,84.43,84.43,84.43,107
FIE.TO,20240506,7.1,7.15,7.1,7.14,118269
FIG.TO,20240506,9.18,9.18,9.18,9.18,1900
FIH.U.TO,20240506,14.48,14.55,14.32,14.35,48807
FIL.TO,20240506,25,25.43,24.92,25.43,197434
FLCI.TO,20240506,17.39,17.39,17.39,17.39,500
FLCP.TO,20240506,17.37,17.39,17.37,17.39,2600
FLDM.TO,20240506,23.6,23.6,23.6,23.6,400
FLGA.TO,20240506,18.53,18.53,18.53,18.53,100
FLI.TO,20240506,9.87,10.06,9.87,10.04,17233
FLNT.TO,20240506,0.025,0.025,0.025,0.025,20100
FLOW.TO,20240506,0.17,0.18,0.16,0.17,52003
FLSD.TO,20240506,18.73,18.73,18.7,18.7,2600
FLX.TO,20240506,7,7,7,7,317
FM.TO,20240506,18.6,19.09,18.09,18.37,3221941
FMAX.TO,20240506,16.76,16.83,16.75,16.83,1929
FN.TO,20240506,36.53,36.88,36.36,36.71,44169
FN.PR.A.TO,20240506,13.08,13.08,13.08,13.08,2380
FN.PR.B.TO,20240506,14.88,14.88,14.88,14.88,610
FNV.TO,20240506,170.7,173.24,170.7,172.49,296118
FOM.TO,20240506,4.18,4.29,4.18,4.24,296611
FOOD.TO,20240506,0.3,0.305,0.3,0.305,12711
FORA.TO,20240506,8.14,8.35,7.9,8.2,11734
FRU.TO,20240506,14.04,14.23,14.04,14.14,251893
FRX.TO,20240506,12.5,12.5,12.5,12.5,100
FSB.TO,20240506,9.56,9.57,9.56,9.56,5030
FSF.TO,20240506,25.78,25.78,25.78,25.78,100
FST.TO,20240506,49.68,49.68,49.68,49.68,1230
FSV.TO,20240506,205.94,206.14,204.54,206.01,64989
FSY.TO,20240506,0.88,0.89,0.82,0.89,116872
FSZ.TO,20240506,6.98,7.12,6.98,7.12,218917
FSZ.DB.B.TO,20240506,101,101,101,101,7000
FT.TO,20240506,0.055,0.055,0.05,0.055,168766
FTG.TO,20240506,4.95,5.12,4.92,5.01,25330
FTN.TO,20240506,8.12,8.2,8.06,8.2,148256
FTN.PR.A.TO,20240506,10.25,10.26,10.23,10.25,126134
FTS.TO,20240506,54.7,54.88,54.27,54.77,1736802
FTS.PR.F.TO,20240506,20,20,20,20,772
FTS.PR.G.TO,20240506,21.4,21.64,21.4,21.54,2475
FTS.PR.H.TO,20240506,15.2,15.29,15.18,15.29,142551
FTS.PR.I.TO,20240506,17.25,17.25,17.25,17.25,200
FTS.PR.J.TO,20240506,19.15,19.2,19.15,19.2,1677
FTS.PR.K.TO,20240506,19.01,19.33,19.01,19.33,4620
FTS.PR.M.TO,20240506,20.05,20.05,20.03,20.03,400
FTT.TO,20240506,40.56,41.17,40.56,40.82,366735
FURY.TO,20240506,0.56,0.58,0.55,0.55,160955
FVI.TO,20240506,6.42,6.68,6.42,6.64,705464
FVL.TO,20240506,0.405,0.415,0.405,0.415,151350
FXM.TO,20240506,21.84,21.85,21.81,21.85,2976
G.TO,20240506,1.03,1.05,0.99,1,64580
GATO.TO,20240506,13.71,14.03,13.68,13.98,4338
GAU.TO,20240506,2.36,2.41,2.31,2.39,293425
GBAL.TO,20240506,46.67,46.67,46.67,46.67,1018
GBT.TO,20240506,14,14,14,14,1000
GCBD.TO,20240506,17.66,17.66,17.66,17.66,985
GCG.TO,20240506,45,45,44.26,44.26,200
GCG.A.TO,20240506,44.76,44.76,43.76,43.76,5015
GCL.TO,20240506,1.05,1.14,1.05,1.13,706084
GCNS.TO,20240506,41.86,41.86,41.49,41.49,511
GCSC.TO,20240506,24.25,24.26,24.25,24.26,684
GCTB.TO,20240506,50.1,50.1,50.1,50.1,162
GDC.TO,20240506,3.57,3.57,3.37,3.4,2800
GDI.TO,20240506,36.49,36.49,35.45,35.5,2892
GDL.TO,20240506,14.55,14.63,14.51,14.61,1451
GDV.TO,20240506,9.75,9.75,9.64,9.75,11160
GEI.TO,20240506,22.23,22.46,22.21,22.3,624268
GENM.TO,20240506,0.25,0.26,0.245,0.25,308500
GEO.TO,20240506,2.12,2.12,2.07,2.07,9080
GEQT.TO,20240506,55.76,56.2,55.76,56.2,4505
GFL.TO,20240506,44.93,46.19,44.89,44.89,290653
GFP.TO,20240506,0.72,0.73,0.68,0.68,26192
GFR.TO,20240506,8,8.08,7.95,8.04,6219
GGD.TO,20240506,1.35,1.39,1.34,1.38,469291
GGRO.TO,20240506,51.19,51.37,51.16,51.37,2350
GH.TO,20240506,10.2,10.27,10.15,10.25,10104
GIB.A.TO,20240506,141.89,142.18,140.51,141.77,284504
GIGC.TO,20240506,20.39,20.39,20.39,20.39,186
GIL.TO,20240506,45.32,45.61,45.06,45.21,215363
GIQU.TO,20240506,26.31,26.31,26.31,26.31,800
GIVX.TO,20240506,0.8,0.81,0.79,0.79,8000
GLCC.TO,20240506,24.83,25.1,24.83,24.89,16318
GLO.TO,20240506,2.16,2.26,2.15,2.24,391482
GLXY.TO,20240506,13.3,13.99,13.3,13.84,644010
GMIN.TO,20240506,2.13,2.15,2.1,2.1,180135
GMTN.TO,20240506,0.035,0.035,0.03,0.035,39807
GMX.TO,20240506,1,1,0.9,1,29839
GOLD.TO,20240506,1.15,1.15,1.13,1.13,44646
GOOS.TO,20240506,15.53,16,15.53,15.67,150270
GRA.TO,20240506,2.43,2.5,2.33,2.5,20459
GRC.TO,20240506,0.075,0.075,0.075,0.075,2011
GRID.TO,20240506,1.76,1.86,1.76,1.82,32632
GRN.TO,20240506,0.085,0.085,0.08,0.085,38179
GRT.UN.TO,20240506,69.8,69.99,69.7,69.89,235011
GSY.TO,20240506,181.63,184.63,180.9,184.63,32641
GTE.TO,20240506,11.91,12.28,11.91,12.13,72953
GTWO.TO,20240506,1.28,1.28,1.25,1.28,61683
GUD.TO,20240506,5.92,5.95,5.85,5.92,17402
GURU.TO,20240506,2.56,2.56,2.43,2.52,12465
GWO.TO,20240506,42.37,43.47,42.37,43.33,2525600
GWO.PR.G.TO,20240506,20.4,20.49,20.39,20.45,11311
GWO.PR.H.TO,20240506,19.01,19.13,19,19.13,52596
GWO.PR.I.TO,20240506,17.81,18.1,17.81,18.1,2029
GWO.PR.L.TO,20240506,21.9,22.05,21.9,22.05,1200
GWO.PR.M.TO,20240506,22.65,22.82,22.55,22.82,1000
GWO.PR.N.TO,20240506,15.28,15.35,15.28,15.35,1200
GWO.PR.P.TO,20240506,20.87,21,20.87,20.98,6790
GWO.PR.Q.TO,20240506,20.19,20.19,20.19,20.19,905
GWO.PR.R.TO,20240506,18.75,18.95,18.75,18.95,8600
GWO.PR.S.TO,20240506,20.5,20.5,20.5,20.5,684
GWO.PR.T.TO,20240506,20.05,20.19,20.05,20.13,2421
GWO.PR.Y.TO,20240506,17.91,18.04,17.9,18.04,3019
GXE.TO,20240506,0.73,0.76,0.73,0.75,970534
H.TO,20240506,39,39.71,38.88,39.7,972579
HAB.TO,20240506,9.77,9.8,9.77,9.8,18011
HAC.TO,20240506,29.62,29.75,29.62,29.75,2294
HAF.TO,20240506,7.15,7.15,7.15,7.15,200
HAI.TO,20240506,4.51,4.53,4.5,4.53,11073
HAL.TO,20240506,19.66,19.66,19.66,19.66,348
HAZ.TO,20240506,33.55,33.69,33.55,33.69,6093
HBA.TO,20240506,24.31,24.35,24.26,24.34,3477
HBAL.TO,20240506,14.45,14.49,14.45,14.48,12200
HBB.TO,20240506,46.26,46.32,46.19,46.29,9168
HBD.TO,20240506,8.19,8.23,8.19,8.2,11529
HBF.TO,20240506,9.57,9.58,9.56,9.58,17500
HBF.B.TO,20240506,10.7,10.7,10.7,10.7,100
HBF.U.TO,20240506,10.81,10.81,10.79,10.79,1300
HBGD.TO,20240506,26,26,25.83,25.97,4329
HBIE.TO,20240506,24.05,24.15,23.96,24.15,3402
HBIG.TO,20240506,23.94,23.95,23.94,23.95,2242
HBLK.TO,20240506,15.01,15.36,15,15.31,1646
HBM.TO,20240506,11.65,11.71,11.44,11.65,990398
HBND.TO,20240506,14.81,14.83,14.77,14.83,14919
HBNK.TO,20240506,21.21,21.33,21.15,21.33,6072
HBP.TO,20240506,0.22,0.22,0.22,0.22,1000
HBU.TO,20240506,14.36,14.45,14.3,14.36,7975
HCA.TO,20240506,21.19,21.3,21.19,21.29,18102
HCAL.TO,20240506,20.63,20.79,20.58,20.78,24713
HCLN.TO,20240506,8.8,8.8,8.8,8.8,842
HCRE.TO,20240506,24.09,24.21,24.09,24.21,939
HDGE.TO,20240506,26.3,26.3,26.3,26.3,1300
HDIF.TO,20240506,8.19,8.2,8.16,8.2,86797
HDIV.TO,20240506,16.42,16.5,16.41,16.5,29379
HEB.TO,20240506,16.67,16.67,16.67,16.67,147
HED.TO,20240506,3.81,3.85,3.73,3.78,61415
HEQL.TO,20240506,23.91,23.94,23.91,23.94,984
HEQT.TO,20240506,16.03,16.13,16.02,16.13,27713
HERO.TO,20240506,29.76,29.76,29.75,29.75,300
HEU.TO,20240506,32.78,33.96,32.78,33.37,48288
HEWB.TO,20240506,31.86,32.05,31.8,32.05,9010
HFD.TO,20240506,9.33,9.34,9.22,9.22,5550
HFIN.TO,20240506,15.64,15.8,15.64,15.78,815
HFPC.U.TO,20240506,2.22,2.36,2.22,2.35,1650
HFR.TO,20240506,9.9,9.91,9.9,9.91,7833
HFU.TO,20240506,21.25,21.64,21.25,21.6,10190
HGD.TO,20240506,4,4.03,3.95,4,559472
HGR.TO,20240506,5.89,5.9,5.87,5.89,10350
HGU.TO,20240506,16.38,16.78,16.38,16.55,277844
HGY.TO,20240506,10.45,10.51,10.45,10.51,3302
HHL.TO,20240506,8.25,8.25,8.18,8.21,51940
HHL.B.TO,20240506,9.09,9.09,9.09,9.09,1000
HHL.U.TO,20240506,8.68,8.7,8.67,8.68,8719
HHLE.TO,20240506,10.31,10.37,10.31,10.32,6059
HIND.TO,20240506,11.79,11.79,11.79,11.79,2600
HISU.U.TO,20240506,100.17,100.17,100.17,100.17,852
HIU.TO,20240506,12.24,12.24,12.18,12.18,14055
HIX.TO,20240506,27.73,27.73,27.61,27.61,400
HLF.TO,20240506,13.21,13.23,13.1,13.12,4859
HLIF.TO,20240506,8.89,8.91,8.89,8.91,7100
HLIT.TO,20240506,21.76,21.86,21.76,21.81,653
HLPR.TO,20240506,25.85,25.95,25.85,25.95,2063
HLS.TO,20240506,4.75,4.8,4.75,4.77,1700
HMAX.TO,20240506,13.63,13.72,13.61,13.72,175568
HMM.A.TO,20240506,11.19,11.19,10.5,10.56,9865
HMMJ.TO,20240506,11.13,11.29,11,11,9958
HMP.TO,20240506,9.34,9.34,9.34,9.34,100
HND.TO,20240506,84.16,86.1,79.9,85.5,520185
HNU.TO,20240506,4.23,4.43,4.15,4.19,5915615
HOD.TO,20240506,6.99,7.11,6.93,6.99,653354
HOM.U.TO,20240506,10.99,11.21,10.94,11.21,17430
HOM.UN.TO,20240506,14.99,15.14,14.93,15.13,12058
HOT.U.TO,20240506,0.5,0.5,0.5,0.5,9500
HOT.UN.TO,20240506,0.65,0.68,0.65,0.67,6825
HOU.TO,20240506,14.03,14.18,13.81,14.06,538525
HPF.TO,20240506,3.55,3.59,3.55,3.57,14900
HPR.TO,20240506,8.65,8.71,8.65,8.68,53470
HPS.A.TO,20240506,105.73,107.35,102.74,105.61,119393
HPYM.TO,20240506,11.41,11.42,11.41,11.41,3406
HPYT.TO,20240506,10.93,10.96,10.92,10.96,131154
HPYT.U.TO,20240506,11.12,11.12,11.11,11.11,3222
HQD.TO,20240506,14.22,14.26,14.05,14.05,434220
HQU.TO,20240506,18.62,18.88,18.57,18.88,496300
HR.UN.TO,20240506,9.13,9.23,9.06,9.23,317780
HRAA.TO,20240506,11.65,11.81,11.65,11.81,31777
HRX.TO,20240506,18.8,19.51,18.8,19.42,19679
HSAV.TO,20240506,111.58,111.58,111.28,111.28,33642
HSD.TO,20240506,19.8,19.84,19.59,19.59,179895
HSH.TO,20240506,63.31,63.37,63.31,63.37,9905
HSU.TO,20240506,20.63,20.85,20.61,20.85,180557
HSUV.U.TO,20240506,109.67,109.71,109.66,109.66,33401
HTA.TO,20240506,17.51,17.65,17.5,17.65,41745
HTAE.TO,20240506,15.78,15.92,15.78,15.92,12632
HTB.TO,20240506,54.76,54.79,54.7,54.79,1500
HTB.U.TO,20240506,40.09,40.09,40.09,40.09,113
HTL.TO,20240506,1.4,1.4,1.39,1.39,88718
HUBL.TO,20240506,12.05,12.11,12.05,12.09,4036
HUC.TO,20240506,22.09,22.15,22,22.11,4289
HUG.TO,20240506,18.33,18.37,18.3,18.34,1696
HULC.TO,20240506,84,84.23,84,84.23,894
HULC.U.TO,20240506,61.82,61.82,61.82,61.82,1100
HUM.TO,20240506,29,29.28,29,29.28,600
HUN.TO,20240506,8.7,8.75,8.64,8.67,191038
HURA.TO,20240506,39.53,40.53,39.53,40.49,5249
HUT.TO,20240506,11.55,12.4,11.55,12.1,812006
HUTE.TO,20240506,9.64,9.67,9.64,9.67,3243
HUTL.TO,20240506,16.45,16.52,16.41,16.52,14893
HUTS.TO,20240506,11.71,11.78,11.7,11.78,8116
HUV.TO,20240506,8.94,8.94,8.85,8.85,62772
HUZ.TO,20240506,12.35,12.42,12.32,12.4,15916
HWO.TO,20240506,1.3,1.34,1.29,1.34,28200
HWX.TO,20240506,7.39,7.48,7.35,7.37,299239
HXCN.TO,20240506,35.63,35.9,35.63,35.89,2400
HXD.TO,20240506,5.95,5.95,5.83,5.83,419777
HXDM.TO,20240506,45.97,46.02,45.91,46.02,8931
HXE.TO,20240506,38.48,38.67,38.38,38.38,1324
HXEM.TO,20240506,35.9,35.9,35.6,35.64,6330
HXF.TO,20240506,67.6,68.12,67.6,68.1,4300
HXH.TO,20240506,48.39,48.62,48.39,48.62,3893
HXQ.TO,20240506,70.11,70.6,70.11,70.6,9868
HXQ.U.TO,20240506,51.46,51.53,51.36,51.53,315
HXS.TO,20240506,71.74,72.08,71.63,72.08,25913
HXS.U.TO,20240506,52.48,52.67,52.48,52.67,454
HXT.TO,20240506,56.41,56.94,56.38,56.92,109502
HXU.TO,20240506,21.88,22.28,21.88,22.28,35492
HXX.TO,20240506,50.78,50.83,50.6,50.81,4903
HYBR.TO,20240506,9.1,9.1,9.01,9.01,1410
HYLD.TO,20240506,12.88,13,12.88,12.99,97882
HYLD.U.TO,20240506,13.23,13.33,13.23,13.33,12866
HZD.TO,20240506,10.6,10.67,10.48,10.52,72425
HZU.TO,20240506,24.81,25.04,24.58,24.98,68119
IAG.TO,20240506,85.71,87.03,85.46,86.82,408418
IAU.TO,20240506,1.72,1.74,1.63,1.65,2620216
IAU.WT.TO,20240506,0.395,0.395,0.35,0.38,138400
ICAE.TO,20240506,20.3,20.3,20.3,20.3,200
ICE.TO,20240506,3.86,3.86,3.86,3.86,100
ICPB.TO,20240506,9.3,9.3,9.3,9.3,5000
IE.TO,20240506,14.9,15.16,14.88,15.15,1052
IFA.TO,20240506,1.2,1.2,1.19,1.19,4115
IFC.TO,20240506,231.02,232.09,230.33,232.02,243059
IFC.PR.A.TO,20240506,19.64,19.64,19.6,19.6,1200
IFC.PR.C.TO,20240506,21.51,21.62,21.46,21.5,258471
IFC.PR.F.TO,20240506,20.49,20.75,20.49,20.75,9100
IFC.PR.G.TO,20240506,23.69,24.44,23.69,24,28600
IFC.PR.I.TO,20240506,20.94,21.16,20.94,21.15,20761
IFC.PR.K.TO,20240506,20.6,20.69,20.6,20.6,2200
IFP.TO,20240506,17.88,18.3,17.7,17.8,97664
IFRF.TO,20240506,8.61,8.61,8.61,8.61,486
IGBT.UN.TO,20240506,10,10,9.95,9.95,7200
IGM.TO,20240506,38,38.13,37.52,38.12,384141
III.TO,20240506,2.6,2.65,2.59,2.64,61070
IIP.UN.TO,20240506,12.11,12.2,12.01,12.16,223563
ILLM.TO,20240506,1.65,1.68,1.65,1.65,51110
IMG.TO,20240506,5.04,5.14,5.03,5.11,825019
IMO.TO,20240506,93.63,95.6,93.63,94.67,1287221
IMP.TO,20240506,0.56,0.57,0.55,0.57,20999
INAI.TO,20240506,22.48,22.68,22.45,22.68,3600
INC.UN.TO,20240506,7.54,7.54,7.26,7.48,5443
INE.TO,20240506,8.52,8.78,8.5,8.72,486054
INE.DB.B.TO,20240506,97,97,97,97,1000
INE.DB.C.TO,20240506,94,94,93.5,93.5,30000
INE.PR.A.TO,20240506,12.51,12.65,12.51,12.6,24600
INE.PR.C.TO,20240506,17.7,17.7,17.7,17.7,306
INO.UN.TO,20240506,1.09,1.11,1.08,1.11,23076
INOC.TO,20240506,14.79,14.97,14.79,14.97,706
IPCO.TO,20240506,17.3,17.53,17.28,17.36,27488
IPO.TO,20240506,2.35,2.4,2.35,2.37,59785
IQD.TO,20240506,34.9,35.05,34.9,35.03,3950
IQD.B.TO,20240506,30.18,30.18,30.18,30.18,500
ISV.TO,20240506,26,26,25.75,25.76,3300
ITE.TO,20240506,0.19,0.19,0.19,0.19,33720
ITH.TO,20240506,0.9,0.92,0.9,0.91,34714
IUAE.TO,20240506,22.01,22.01,21.99,21.99,300
IUMF.TO,20240506,22.11,22.13,22.11,22.13,6350
IUMF.F.TO,20240506,21.13,21.13,21.13,21.13,100
IVN.TO,20240506,19.36,19.58,19.23,19.58,1830321
IVQ.TO,20240506,0.27,0.27,0.24,0.25,16000
IVQ.DB.V.TO,20240506,43.02,51.01,43.02,51,81690
IVQ.U.TO,20240506,0.185,0.185,0.175,0.175,13000
IWBE.TO,20240506,17.56,17.57,17.56,17.57,1300
JAG.TO,20240506,2.87,3.02,2.87,2.96,60784
JAPN.TO,20240506,49.34,49.45,49.3,49.45,8680
JAPN.B.TO,20240506,34.37,34.43,34.35,34.43,800
JFS.UN.TO,20240506,25.4,25.4,25.3,25.3,2600
JOY.TO,20240506,3.5,3.63,3.5,3.55,61778
JWEL.TO,20240506,25.99,26.05,25.73,25.88,17904
K.TO,20240506,9.21,9.31,9.15,9.22,2998735
KBL.TO,20240506,35.03,35.39,34.9,34.9,7631
KEC.TO,20240506,12.39,12.62,12.39,12.42,2200
KEG.UN.TO,20240506,14.7,14.8,14.66,14.66,9240
KEI.TO,20240506,4.53,4.53,4.5,4.51,700
KEL.TO,20240506,6.09,6.24,6.09,6.12,198267
KEY.TO,20240506,34.74,35.01,34.59,34.68,624842
KILO.TO,20240506,34.54,34.57,34.53,34.57,964
KILO.B.TO,20240506,37.91,37.91,37.86,37.88,4533
KILO.U.TO,20240506,36.09,36.09,36.09,36.09,100
KITS.TO,20240506,5.79,5.89,5.79,5.87,4913
KLS.TO,20240506,0.175,0.175,0.165,0.17,23499
KMP.UN.TO,20240506,17.14,17.18,16.94,17.12,702711
KNT.TO,20240506,7.45,7.72,7.45,7.66,463843
KPT.TO,20240506,8.27,8.3,8.25,8.3,9676
KRN.TO,20240506,0.155,0.155,0.155,0.155,24000
KSI.TO,20240506,4.02,4.03,3.95,3.95,9613
KXS.TO,20240506,151.38,152.29,149.67,151.59,123904
L.TO,20240506,154.18,156.52,154.18,155.48,316215
L.PR.B.TO,20240506,21.81,22.05,21.75,22.05,917
LAAC.TO,20240506,7.13,7.42,7.13,7.38,217893
LABS.TO,20240506,0.08,0.09,0.08,0.09,88606
LAC.TO,20240506,6.07,6.3,6,6.08,645597
LAM.TO,20240506,0.73,0.78,0.73,0.76,120200
LAS.A.TO,20240506,141,144.24,141,144.24,1505
LB.TO,20240506,26.17,26.38,26.03,26.33,92797
LB.PR.H.TO,20240506,18.75,19.34,18.75,18.9,8608
LBS.TO,20240506,7.69,7.74,7.65,7.73,52525
LBS.PR.A.TO,20240506,10.16,10.2,10.16,10.18,23100
LCFS.TO,20240506,7.28,7.49,7.28,7.47,2578
LCS.TO,20240506,6.53,6.67,6.51,6.67,22813
LCS.PR.A.TO,20240506,10.05,10.07,10.05,10.07,1300
LEAD.TO,20240506,18.95,18.95,18.95,18.95,500
LEV.TO,20240506,1.47,1.47,1.42,1.45,427014
LEV.WT.TO,20240506,0.05,0.05,0.04,0.04,3000
LEV.WT.A.TO,20240506,0.35,0.35,0.35,0.35,1000
LFE.TO,20240506,4.35,4.5,4.33,4.5,47954
LFE.PR.B.TO,20240506,10.16,10.16,10.13,10.13,1800
LGD.TO,20240506,0.34,0.35,0.33,0.35,157271
LGO.TO,20240506,2.31,2.38,2.29,2.35,19444
LIF.TO,20240506,29.94,30.57,29.94,30.39,259675
LIFE.TO,20240506,20.99,21.05,20.99,21.05,1611
LIFE.B.TO,20240506,24.86,24.86,24.86,24.86,100
LIRC.TO,20240506,6.69,7.08,6.69,6.95,174859
LMAX.TO,20240506,15.52,15.52,15.45,15.5,6541
LN.TO,20240506,0.38,0.4,0.38,0.39,37000
LNF.TO,20240506,21.85,21.97,21.56,21.6,15282
LNR.TO,20240506,64.4,64.67,63.75,64.01,98103
LPAY.TO,20240506,26.93,27.06,26.91,27.02,2213
LSPD.TO,20240506,18.51,19.23,18.51,19.21,540712
LUC.TO,20240506,0.34,0.34,0.325,0.34,36498
LUG.TO,20240506,18.77,18.97,18.7,18.77,231144
LUN.TO,20240506,15.28,15.87,15.28,15.84,1796472
MAG.TO,20240506,17.15,17.34,17.05,17.26,167117
MAL.TO,20240506,7.78,7.94,7.78,7.89,13180
MARI.TO,20240506,3.92,3.92,3.78,3.86,11500
MATR.TO,20240506,16.65,16.79,16.5,16.63,63139
MBX.TO,20240506,0.345,0.345,0.34,0.34,12000
MCAD.TO,20240506,100.16,100.16,100.16,100.16,2996
MCB.TO,20240506,1.97,2.17,1.96,2.17,625797
MCLC.TO,20240506,37.85,37.85,37.85,37.85,100
MDA.TO,20240506,14.75,15.07,14.52,15.07,226933
MDI.TO,20240506,9.61,9.95,9.61,9.82,99663
MDIV.TO,20240506,15.65,15.73,15.65,15.73,2013
MDNA.TO,20240506,2.39,2.49,2.39,2.44,95459
MDP.TO,20240506,1.85,1.85,1.76,1.76,51504
MDVD.TO,20240506,23.49,23.49,23.49,23.49,100
MEG.TO,20240506,30.96,32,30.96,31.56,2375791
MEME.B.TO,20240506,28.9,28.9,28.9,28.9,100
MEQ.TO,20240506,176.2,180.63,176.2,180.63,903
MFC.TO,20240506,33.04,33.49,32.98,33.42,9114675
MFC.PR.B.TO,20240506,19.34,19.39,19.24,19.24,48779
MFC.PR.C.TO,20240506,18.7,18.74,18.64,18.74,1600
MFC.PR.F.TO,20240506,17.61,18.15,17.61,17.85,84100
MFC.PR.I.TO,20240506,24.31,24.65,24.31,24.55,1437
MFC.PR.J.TO,20240506,24.17,24.27,24.17,24.27,1000
MFC.PR.K.TO,20240506,23.35,23.4,23.35,23.35,600
MFC.PR.L.TO,20240506,22.42,22.43,22.3,22.41,7600
MFC.PR.M.TO,20240506,21.75,21.95,21.75,21.95,3406
MFC.PR.N.TO,20240506,21.59,21.59,21.59,21.59,100
MFC.PR.P.TO,20240506,18,18,18,18,1210
MFC.PR.Q.TO,20240506,23.52,23.61,23.52,23.52,1200
MFI.TO,20240506,23.62,23.98,23.3,23.46,80697
MFT.TO,20240506,17.1,17.16,17.1,17.14,5484
MG.TO,20240506,64.21,65.11,62.84,63.65,1815150
MGA.TO,20240506,0.405,0.41,0.4,0.4,903439
MGB.TO,20240506,16.12,16.12,16.06,16.06,3100
MHC.U.TO,20240506,15.01,15.11,14.97,15,5917
MHC.UN.TO,20240506,20.5,20.55,20.5,20.55,200
MI.UN.TO,20240506,15.05,15.11,14.92,15.08,10868
MIC.PR.A.TO,20240506,19.16,19.32,19.16,19.32,1400
MID.UN.TO,20240506,6.82,6.84,6.8,6.83,9491
MIN.TO,20240506,0.23,0.24,0.225,0.235,27520
MINN.TO,20240506,18.44,18.68,18.44,18.68,200
MIVG.TO,20240506,31.03,31.03,31.02,31.02,300
MKB.TO,20240506,18.59,18.68,18.59,18.68,7145
MKP.TO,20240506,15.75,15.91,15.75,15.83,29504
MKZ.UN.TO,20240506,0.33,0.33,0.33,0.33,12000
MMP.UN.TO,20240506,1.73,1.73,1.72,1.73,1400
MND.TO,20240506,2.3,2.38,2.3,2.37,16444
MNO.TO,20240506,0.53,0.53,0.48,0.49,165182
MNS.TO,20240506,21,21.3,21,21.25,4861
MNT.TO,20240506,32.04,32.69,32.04,32.4,3093
MNU.U.TO,20240506,100.14,100.15,100.14,100.15,5779
MNY.TO,20240506,100.14,100.14,100.14,100.14,1084
MOGO.TO,20240506,2.5,2.51,2.5,2.51,2436
MPAY.TO,20240506,26.96,27,26.93,27,1045
MPC.C.TO,20240506,5.4,5.4,5.4,5.4,600
MPCT.UN.TO,20240506,4.25,4.25,4.11,4.11,3529
MPVD.TO,20240506,0.185,0.225,0.18,0.21,401612
MR.UN.TO,20240506,3,3.01,2.97,2.98,6500
MRC.TO,20240506,110.05,110.5,110,110.01,4614
MRD.TO,20240506,11.49,11.59,11.49,11.59,10585
MRE.TO,20240506,12,12.1,11.65,11.7,178878
MREL.TO,20240506,11.55,11.57,11.5,11.57,9737
MRG.UN.TO,20240506,15.29,15.48,15.2,15.48,25989
MRT.UN.TO,20240506,5.28,5.28,5.28,5.28,600
MRU.TO,20240506,72.45,72.84,72.18,72.75,495600
MSA.TO,20240506,1.2,1.2,1.18,1.19,126843
MSCL.TO,20240506,0.39,0.44,0.38,0.43,39001
MSV.TO,20240506,0.22,0.23,0.21,0.23,8001
MTL.TO,20240506,12.68,12.87,12.65,12.84,229645
MTY.TO,20240506,48.44,48.62,48.1,48.35,26561
MUB.TO,20240506,18.02,18.09,18.02,18.08,6074
MULC.B.TO,20240506,52.45,52.67,52.45,52.64,515
MUMC.B.TO,20240506,46.32,46.32,46.32,46.32,140
MUX.TO,20240506,16.48,16.73,16.31,16.46,27613
MWLV.TO,20240506,20.6,20.6,20.6,20.6,1000
MX.TO,20240506,66.71,67.4,66.71,67.08,84033
MXG.TO,20240506,4.49,4.49,4.41,4.41,5195
NA.TO,20240506,114,114.21,113.18,114.13,1891616
NA.PR.C.TO,20240506,25.65,25.7,25.65,25.69,4600
NA.PR.E.TO,20240506,23.75,24.03,23.7,24,9205
NA.PR.G.TO,20240506,25.3,25.31,25.17,25.17,10369
NA.PR.S.TO,20240506,23.8,23.99,23.55,23.99,11410
NALT.TO,20240506,23.91,24,23.9,23.99,9500
NANO.TO,20240506,1.98,1.98,1.9,1.91,60178
NCF.TO,20240506,0.02,0.02,0.02,0.02,100000
NCP.TO,20240506,0.015,0.015,0.015,0.015,5896
NDM.TO,20240506,0.41,0.41,0.39,0.395,86843
NEO.TO,20240506,5.9,5.9,5.76,5.77,44288
NEXT.TO,20240506,0.65,0.65,0.62,0.62,77254
NFI.TO,20240506,13.14,13.84,13.14,13.31,317138
NFI.DB.TO,20240506,88.75,89.52,88.75,89.5,39000
NG.TO,20240506,4.23,4.26,4.14,4.17,103157
NGD.TO,20240506,2.54,2.63,2.54,2.55,838154
NGEX.TO,20240506,9.13,9.33,9.04,9.15,108619
NGPE.TO,20240506,44.62,44.69,44.57,44.57,2400
NGT.TO,20240506,56.46,57.1,56.16,56.61,244137
NINT.TO,20240506,25.39,25.39,25.37,25.37,1400
NOA.TO,20240506,28.02,28.64,27.79,28.09,87090
NOA.DB.A.TO,20240506,124,124,124,124,25000
NOVB.F.TO,20240506,40.67,40.71,40.67,40.71,300
NOVC.TO,20240506,1.44,1.44,1.3,1.33,32976
NPI.TO,20240506,21.67,21.77,21.5,21.55,657333
NPI.PR.A.TO,20240506,17,17.18,17,17.18,1100
NPI.PR.B.TO,20240506,18.6,18.6,18.23,18.59,1218
NPK.TO,20240506,0.8,0.86,0.72,0.85,216616
NPRF.TO,20240506,22.39,22.42,22.39,22.42,500
NPS.PR.A.TO,20240506,10.13,10.17,10.13,10.17,5459
NREA.TO,20240506,19.75,19.76,19.75,19.76,2700
NRR.UN.TO,20240506,14.04,14.41,14.04,14.04,5189
NSCB.TO,20240506,21.78,21.79,21.78,21.79,400
NSCE.TO,20240506,39.08,39.46,39.08,39.46,913
NSGE.TO,20240506,38.63,38.63,38.63,38.63,100
NSSB.TO,20240506,9.8,9.8,9.77,9.77,901
NTR.TO,20240506,72.74,74.14,72.74,73.8,693066
NUAG.TO,20240506,2.67,2.77,2.67,2.7,47245
NUBF.TO,20240506,21.09,21.11,21.07,21.11,5501
NUMI.TO,20240506,0.075,0.075,0.07,0.075,28842
NUSA.TO,20240506,40.53,40.6,40.53,40.6,800
NVA.TO,20240506,12.8,13.11,12.8,12.93,381805
NVEI.TO,20240506,44.12,44.38,44.1,44.32,115565
NVO.TO,20240506,0.14,0.145,0.13,0.145,96976
NWC.TO,20240506,38.77,38.81,38.44,38.69,29666
NWH.DB.G.TO,20240506,100.02,100.05,100.02,100.05,93000
NWH.DB.H.TO,20240506,83.16,83.44,80.58,80.58,169000
NWH.DB.I.TO,20240506,86.25,86.25,84.92,84.92,17000
NWH.UN.TO,20240506,5.07,5.11,5.01,5.11,415549
NXE.TO,20240506,11.39,11.86,11.39,11.75,1695738
NXF.TO,20240506,6.43,6.52,6.43,6.48,72628
NXF.B.TO,20240506,8.44,8.47,8.43,8.43,3102
NXR.UN.TO,20240506,7.14,7.2,7.08,7.19,96489
OBE.TO,20240506,10.89,11.14,10.88,10.92,282901
OGC.TO,20240506,2.99,3.1,2.99,3.05,710285
OGD.TO,20240506,0.6,0.61,0.59,0.61,25502
OGI.TO,20240506,2.58,2.65,2.51,2.58,534076
OLA.TO,20240506,5.4,5.47,5.38,5.41,221639
OLY.TO,20240506,109,109,109,109,132
ONC.TO,20240506,1.61,1.62,1.6,1.61,22430
ONEC.TO,20240506,21.74,21.74,21.74,21.74,137
ONEX.TO,20240506,100.19,101,100.14,100.42,51300
OR.TO,20240506,21.38,21.5,21.18,21.35,131114
ORA.TO,20240506,10.17,10.7,9.95,10.7,17401
ORE.TO,20240506,0.85,0.85,0.81,0.83,55120
ORV.TO,20240506,0.19,0.19,0.175,0.175,20999
OSK.TO,20240506,2.92,3,2.91,2.95,423470
OTEX.TO,20240506,41.69,43.49,40.87,41.28,1218952
OVV.TO,20240506,70.94,72.15,70.87,71.63,79878
PAAS.TO,20240506,25.57,26.05,25.56,25.8,1065450
PABF.TO,20240506,22.38,22.41,22.38,22.41,13800
PACF.TO,20240506,21.97,21.97,21.97,21.97,1138
PAGF.TO,20240506,22.98,23.01,22.98,23.01,5100
PAY.TO,20240506,6.59,6.74,6.59,6.65,61588
PAYF.TO,20240506,18.7,18.7,18.66,18.66,607
PBD.TO,20240506,16.12,16.12,16.12,16.12,975
PBH.TO,20240506,88.03,88.67,87.01,88.33,22675
PBH.DB.G.TO,20240506,97.75,98.24,97.75,97.9,60000
PBH.DB.H.TO,20240506,93,93,93,93,1000
PBH.DB.I.TO,20240506,93.5,93.5,93.05,93.5,83000
PBI.TO,20240506,40.3,40.3,40.3,40.3,175
PBL.TO,20240506,35,35,32.93,32.93,7912
PBY.UN.TO,20240506,14.94,14.94,14.94,14.94,1200
PCON.TO,20240506,18.23,18.23,18.23,18.23,2300
PD.TO,20240506,98.02,101.35,98,98.94,81909
PDC.TO,20240506,30.61,30.84,30.61,30.82,4040
PDF.TO,20240506,30.72,30.84,30.72,30.81,5435
PDIV.TO,20240506,9.29,9.32,9.29,9.32,3001
PEA.TO,20240506,0.385,0.41,0.385,0.41,58750
PET.TO,20240506,32.23,32.23,31.77,32.07,31322
PEY.TO,20240506,14.96,15.41,14.93,15.24,1080537
PFAA.TO,20240506,11.05,11.05,10.98,11.01,12480
PFAE.TO,20240506,18.05,18.05,18.05,18.05,800
PFH.F.TO,20240506,17.8,17.8,17.78,17.8,1900
PFIA.TO,20240506,9.76,9.78,9.76,9.78,24310
PFL.TO,20240506,19.6,19.6,19.59,19.6,4100
PFLS.TO,20240506,16.82,16.86,16.82,16.84,800
PFMN.TO,20240506,14.29,14.35,14.27,14.3,13688
PGI.UN.TO,20240506,7.57,7.57,7.49,7.52,8350
PHE.B.TO,20240506,36.44,36.44,36.44,36.44,100
PHR.TO,20240506,18.21,18.21,18.21,18.21,1500
PHX.TO,20240506,8.84,8.94,8.8,8.83,50572
PHYS.TO,20240506,24.54,24.63,24.5,24.62,29394
PHYS.U.TO,20240506,17.99,18.03,17.99,18.03,1254
PIC.A.TO,20240506,4.2,4.23,4.1,4.22,70233
PIC.PR.A.TO,20240506,14.29,14.34,14.28,14.3,20761
PID.TO,20240506,23.19,23.19,23.13,23.13,1400
PIF.TO,20240506,12.4,12.84,12.29,12.75,93297
PINC.TO,20240506,17.11,17.18,17.11,17.18,1490
PIX.UN.TO,20240506,8,8.09,8,8.07,10200
PKI.TO,20240506,40.18,40.85,40.09,40.61,453128
PLDI.TO,20240506,18.84,18.89,18.84,18.89,400
PLV.TO,20240506,23.11,23.11,23.11,23.11,100
PLZ.UN.TO,20240506,3.53,3.53,3.46,3.5,23380
PME.TO,20240506,2.17,2.23,2.12,2.16,28125
PMET.TO,20240506,7.35,7.57,7.25,7.31,169694
PMIF.TO,20240506,18.01,18.02,17.98,18.01,54465
PMIF.U.TO,20240506,19.13,19.13,19.13,19.13,2100
PMM.TO,20240506,22.06,22.16,22.06,22.16,300
PMNT.TO,20240506,19.16,19.16,19.16,19.16,228
PMT.TO,20240506,0.52,0.52,0.52,0.52,702
PMZ.UN.TO,20240506,13.57,13.8,13.56,13.8,84575
PNC.A.TO,20240506,1.31,1.31,1.31,1.31,100
PNE.TO,20240506,0.97,1.04,0.97,1.04,464472
PNP.TO,20240506,5.77,5.77,5.76,5.76,3037
POU.TO,20240506,32.01,32.66,32.01,32.46,275604
POW.TO,20240506,38,38.61,38,38.58,2770086
POW.PR.B.TO,20240506,20.6,20.82,20.6,20.82,4893
POW.PR.C.TO,20240506,22.4,22.73,22.35,22.73,5519
POW.PR.D.TO,20240506,19.4,19.69,19.4,19.69,3542
POW.PR.E.TO,20240506,36.9,36.9,36.9,36.9,100
POW.PR.G.TO,20240506,21.6,21.7,21.55,21.7,8319
PPL.TO,20240506,48.75,49.3,48.61,49.04,2107341
PPL.PF.A.TO,20240506,22,22.25,22,22.25,1200
PPL.PF.E.TO,20240506,22.84,23.15,22.84,23.15,14000
PPL.PR.A.TO,20240506,21.47,21.48,21.42,21.45,2660
PPL.PR.C.TO,20240506,20,20,20,20,377
PPL.PR.E.TO,20240506,22.25,22.45,22.24,22.35,13425
PPL.PR.G.TO,20240506,20.31,20.31,20.3,20.31,2294
PPL.PR.I.TO,20240506,22.88,23,22.88,23,600
PPL.PR.O.TO,20240506,21.45,21.45,21.45,21.45,200
PPL.PR.Q.TO,20240506,22.4,22.46,22.35,22.4,11000
PPLN.TO,20240506,10.7,10.76,10.7,10.76,1243
PPR.TO,20240506,0.065,0.08,0.06,0.065,353106
PPTA.TO,20240506,7.01,7.19,6.83,6.85,62097
PR.TO,20240506,9.35,9.38,9.35,9.38,4800
PRA.TO,20240506,28,28.1,28,28.1,1324
PRB.TO,20240506,1.5,1.51,1.49,1.51,76433
PRL.TO,20240506,23.31,25.02,23.27,24.3,130988
PRM.TO,20240506,13.78,13.99,13.78,13.99,800
PRMW.TO,20240506,27.32,27.53,27.17,27.18,57902
PRN.TO,20240506,10.4,10.4,10.04,10.04,1109
PRQ.TO,20240506,1.37,1.39,1.35,1.36,38204
PRU.TO,20240506,2.01,2.04,2.01,2.02,5200
PRV.UN.TO,20240506,5.09,5.12,5.07,5.12,36835
PRYM.TO,20240506,2.1,2.12,2.03,2.07,163493
PSA.TO,20240506,50.07,50.07,50.06,50.07,147338
PSB.TO,20240506,17.21,17.21,17.21,17.21,100
PSD.TO,20240506,2.15,2.28,2.15,2.28,100044
PSI.TO,20240506,15.97,15.97,15.46,15.51,154097
PSK.TO,20240506,25.87,26.13,25.77,25.8,480097
PSLV.TO,20240506,12.63,12.7,12.52,12.7,183218
PSLV.U.TO,20240506,9.24,9.28,9.24,9.28,800
PSU.U.TO,20240506,100.15,100.15,100.14,100.15,8711
PTI.UN.TO,20240506,6.55,6.64,6.55,6.63,9000
PTM.TO,20240506,1.81,1.87,1.8,1.87,5500
PTO.UN.TO,20240506,7.21,7.25,7.12,7.12,10599
PVS.PR.G.TO,20240506,24.6,24.6,24.5,24.5,1100
PVS.PR.H.TO,20240506,24.15,24.25,24.15,24.2,5800
PVS.PR.K.TO,20240506,22.8,22.99,22.8,22.96,2600
PWF.PR.A.TO,20240506,13,13,13,13,1900
PWF.PR.E.TO,20240506,21.07,21.25,21.07,21.24,1400
PWF.PR.F.TO,20240506,19.93,19.93,19.93,19.93,194
PWF.PR.G.TO,20240506,22.67,22.86,22.67,22.86,300
PWF.PR.H.TO,20240506,22.24,22.25,22.24,22.25,2850
PWF.PR.K.TO,20240506,18.99,19.13,18.99,19.03,15800
PWF.PR.L.TO,20240506,19.76,19.84,19.71,19.71,2600
PWF.PR.O.TO,20240506,22.34,22.45,22.33,22.4,1900
PWF.PR.P.TO,20240506,15.06,15.55,15,15.55,7836
PWF.PR.Q.TO,20240506,16.6,16.62,16.6,16.62,800
PWF.PR.R.TO,20240506,21.18,21.21,21.18,21.2,26725
PWF.PR.S.TO,20240506,18.46,18.6,18.46,18.52,2900
PWF.PR.T.TO,20240506,22.07,22.24,22.07,22.19,41200
PWF.PR.Z.TO,20240506,19.87,19.99,19.87,19.99,6300
PWI.TO,20240506,7.49,7.61,7.49,7.61,12180
PWI.PR.A.TO,20240506,10.18,10.2,10.13,10.15,13800
PXC.TO,20240506,37.38,37.64,37.38,37.62,2728
PXT.TO,20240506,23.86,23.95,23.5,23.52,559175
PYF.TO,20240506,17.28,17.28,17.28,17.28,590
PYR.TO,20240506,0.58,0.65,0.58,0.62,181756
PZA.TO,20240506,13.46,13.46,13.3,13.41,25485
QAH.TO,20240506,170.97,171.06,170.97,171.06,300
QBB.TO,20240506,90.28,90.43,90.27,90.42,2400
QBR.A.TO,20240506,28.59,29.13,28.59,29.13,255
QBR.B.TO,20240506,28.76,29.19,28.74,28.95,786625
QBTC.TO,20240506,88.21,89.16,87.07,87.51,11488
QBTC.U.TO,20240506,64.61,64.71,63.75,63.75,1922
QBTL.TO,20240506,18.99,19.08,18.99,19.08,3000
QCLN.TO,20240506,15.55,15.68,15.55,15.64,3210
QCN.TO,20240506,135.29,135.29,135.29,135.29,275
QDX.TO,20240506,117.38,117.81,117.38,117.73,1264
QDXH.TO,20240506,134.23,134.23,134.23,134.23,100
QEC.TO,20240506,0.24,0.24,0.215,0.22,18000
QEE.TO,20240506,90.98,90.98,90.92,90.92,1500
QETH.U.TO,20240506,49.77,49.77,48.74,48.74,1005
QETH.UN.TO,20240506,69,69,66.69,67.2,10441
QIE.TO,20240506,32.1,32.1,32.1,32.1,200
QIPT.TO,20240506,5.5,5.67,5.35,5.36,47543
QMAX.TO,20240506,19.28,19.41,19.2,19.41,20636
QQC.TO,20240506,29.21,29.41,29.15,29.41,78696
QQC.F.TO,20240506,143.02,144,143.02,144,3604
QQCC.TO,20240506,11.52,11.58,11.52,11.58,11002
QQCE.TO,20240506,24.78,24.82,24.72,24.75,900
QQCL.TO,20240506,21.63,21.77,21.63,21.77,4536
QQEQ.TO,20240506,25.47,25.51,25.47,25.5,5281
QQQY.TO,20240506,24.8,25.1,24.8,25.1,2612
QRC.TO,20240506,0.87,0.87,0.86,0.86,12700
QSB.TO,20240506,96.45,96.47,96.45,96.47,906
QSP.UN.TO,20240506,102.93,102.93,102.93,102.93,100
QSR.TO,20240506,103.86,104.34,102.08,103,424355
QTRH.TO,20240506,1.72,1.76,1.71,1.75,26100
QUB.TO,20240506,80.58,80.58,80.33,80.33,700
QUIG.TO,20240506,85,85,85,85,100
QUU.TO,20240506,202.05,203.02,201.95,203.02,2520
QXM.TO,20240506,27.85,27.85,27.85,27.85,107
RA.UN.TO,20240506,7.13,7.13,7.13,7.13,600
RATE.TO,20240506,20.97,20.99,20.97,20.99,1159
RAY.A.TO,20240506,7.63,7.69,7.58,7.69,14105
RBA.TO,20240506,98.81,98.81,95.43,96.75,212695
RBN.UN.TO,20240506,7.67,7.67,7.66,7.66,13822
RBNK.TO,20240506,23.9,24.1,23.86,24.09,10507
RBOT.TO,20240506,29.85,30.32,29.85,30.32,1150
RBY.TO,20240506,2.71,2.71,2.68,2.68,7720
RCD.TO,20240506,26.07,26.39,26.07,26.37,4564
RCDC.TO,20240506,19.88,19.88,19.88,19.88,461
RCG.TO,20240506,7.65,7.69,7.48,7.48,4900
RCG.PR.B.TO,20240506,11.36,11.59,11.36,11.42,3900
RCH.TO,20240506,39.47,39.55,39.18,39.37,27791
RCI.A.TO,20240506,57.5,57.8,55.45,57.8,1896
RCI.B.TO,20240506,52.8,53.04,52.66,52.97,1466589
REAL.TO,20240506,5.07,5.15,4.95,4.95,209981
REI.UN.TO,20240506,17.88,18.04,17.73,18.03,539750
RGQN.TO,20240506,20.11,20.12,20.11,20.11,4300
RGQO.TO,20240506,19.99,20,19.99,20,2300
RGQP.TO,20240506,19.74,19.74,19.74,19.74,2200
RGQQ.TO,20240506,19.54,19.55,19.54,19.55,600
RGQR.TO,20240506,19.47,19.47,19.47,19.47,5100
RID.TO,20240506,26,26,26,26,996
RIDH.TO,20240506,28.88,28.88,28.88,28.88,500
RIIN.TO,20240506,19.13,19.15,19.12,19.15,2500
RIRA.TO,20240506,17.15,17.15,17.15,17.15,400
RIT.TO,20240506,15.32,15.36,15.31,15.36,16216
RLB.TO,20240506,18.21,18.21,18.21,18.21,100
ROOT.TO,20240506,2.41,2.41,2.37,2.41,300
RPF.TO,20240506,20.62,20.62,20.43,20.49,7669
RPI.UN.TO,20240506,31.7,31.7,31.7,31.7,150
RQN.TO,20240506,20.13,20.14,20.13,20.13,16597
RQO.TO,20240506,18.21,18.21,18.19,18.21,39704
RQP.TO,20240506,17.68,17.7,17.68,17.69,15400
RQQ.TO,20240506,21.26,21.27,21.23,21.27,13400
RQR.TO,20240506,21.01,21.05,21.01,21.05,600
RS.TO,20240506,11.92,11.92,11.78,11.85,15532
RS.PR.A.TO,20240506,9.76,9.8,9.76,9.76,1900
RSI.TO,20240506,5.23,5.28,5.23,5.24,121895
RSI.DB.E.TO,20240506,99.15,99.15,99.15,99.15,31000
RSI.DB.F.TO,20240506,98.6,98.61,98.6,98.61,27000
RUD.TO,20240506,63.36,63.54,63.25,63.54,3661
RUD.U.TO,20240506,46.48,46.48,46.48,46.48,100
RUDB.U.TO,20240506,14.97,14.97,14.97,14.97,200
RUDC.TO,20240506,21.01,21.01,21.01,21.01,122
RUDH.TO,20240506,44.26,44.26,44.26,44.26,2906
RUP.TO,20240506,3.98,4,3.95,3.97,30236
RUS.TO,20240506,38.52,40.07,38.45,39.1,252752
RVX.TO,20240506,0.06,0.06,0.06,0.06,27800
RY.TO,20240506,139.3,139.4,137.93,139.14,7016578
RY.PR.J.TO,20240506,24,24,23.75,23.75,11200
RY.PR.M.TO,20240506,23.5,23.5,23.16,23.17,120300
RY.PR.N.TO,20240506,23,23.1,23,23.1,2200
RY.PR.O.TO,20240506,22.9,23,22.9,23,2050
RY.PR.S.TO,20240506,24.34,24.49,24.34,24.49,61479
S.TO,20240506,0.315,0.33,0.315,0.33,58870
SAP.TO,20240506,26.66,26.91,26.65,26.87,217745
SAU.TO,20240506,0.08,0.08,0.08,0.08,31000
SBC.TO,20240506,9.01,9.18,9,9.07,42708
SBC.PR.A.TO,20240506,10.05,10.05,10.02,10.04,67500
SBI.TO,20240506,1.17,1.17,1.13,1.17,10690
SBT.TO,20240506,14.45,14.59,14.45,14.59,1500
SCR.TO,20240506,31.21,31.96,30.82,31.54,62776
SCY.TO,20240506,0.02,0.02,0.02,0.02,120000
SDE.TO,20240506,3.97,4.15,3.97,4.11,171809
SEA.TO,20240506,20.56,21,20.56,20.74,41510
SES.TO,20240506,11.42,11.45,11.31,11.41,675757
SFC.TO,20240506,6.87,6.87,6.86,6.86,10101
SFC.WT.TO,20240506,0.005,0.005,0.005,0.005,1000
SFI.TO,20240506,0.27,0.27,0.27,0.27,11000
SFTC.TO,20240506,17.83,18.19,17.83,18.12,11608
SGLD.TO,20240506,0.16,0.16,0.16,0.16,1063
SGNL.TO,20240506,0.11,0.11,0.105,0.11,102981
SGR.U.TO,20240506,7.96,7.96,7.96,7.96,1300
SGR.UN.TO,20240506,11,11.09,10.89,10.89,128705
SGY.TO,20240506,7.15,7.32,7.15,7.24,396156
SHLE.TO,20240506,14.51,15.2,14.51,15.13,21300
SHOP.TO,20240506,102.5,106.16,101.66,105.68,4153357
SIA.TO,20240506,14.09,14.18,13.88,14.16,272378
SIH.UN.TO,20240506,11.99,11.99,11.89,11.94,1200
SII.TO,20240506,56.12,56.56,55.98,56.28,19665
SIL.TO,20240506,11.64,11.86,11.47,11.5,339244
SIS.TO,20240506,16.93,17.23,16.93,17.18,63323
SJ.TO,20240506,73.25,75.22,73.25,73.99,208454
SKE.TO,20240506,6.46,6.67,6.45,6.57,137353
SKYY.TO,20240506,22.3,22.32,22.24,22.26,1500
SLF.TO,20240506,72,72.77,71.93,72.65,2207660
SLF.PR.C.TO,20240506,18.97,18.97,18.97,18.97,100
SLF.PR.E.TO,20240506,18.82,18.82,18.73,18.74,700
SLF.PR.G.TO,20240506,16.74,16.97,16.74,16.97,25700
SLF.PR.H.TO,20240506,19.74,19.74,19.74,19.74,100
SLF.PR.J.TO,20240506,17.15,17.4,17,17.4,6500
SLR.TO,20240506,1.12,1.13,1.11,1.13,12418
SLS.TO,20240506,5.36,5.55,5.3,5.54,96127
SMAX.TO,20240506,17.89,17.97,17.87,17.97,38905
SMT.TO,20240506,0.87,0.87,0.85,0.86,125731
SOIL.TO,20240506,2.64,2.67,2.63,2.65,114781
SOLG.TO,20240506,0.175,0.175,0.16,0.175,337611
SOT.DB.A.TO,20240506,46.05,48,46.02,46.02,45000
SOT.DB.B.TO,20240506,38.1,38.1,38.01,38.01,50000
SOT.UN.TO,20240506,0.66,0.7,0.66,0.66,30411
SOY.TO,20240506,7.71,7.78,7.55,7.58,78604
SPAY.TO,20240506,26.94,26.98,26.94,26.98,785
SPB.TO,20240506,9.41,9.51,9.39,9.49,955092
SPLT.TO,20240506,10.4,10.41,10.38,10.41,14479
SPPP.TO,20240506,13.3,13.33,13.23,13.23,3000
SPPP.U.TO,20240506,9.71,9.71,9.71,9.71,113
SRU.UN.TO,20240506,22.82,23.03,22.73,22.93,210129
SRV.UN.TO,20240506,13,13.22,13,13.1,7218
SSF.UN.TO,20240506,6.93,6.93,6.84,6.87,10165
SSL.TO,20240506,7.57,7.75,7.57,7.69,293070
SSRM.TO,20240506,7.43,7.62,7.34,7.39,370908
STC.TO,20240506,5.95,5.96,5.58,5.7,20825
STCK.TO,20240506,9.8,9.91,9.8,9.91,3115
STEP.TO,20240506,3.96,4.09,3.96,4.03,51247
STGO.TO,20240506,0.62,0.62,0.6,0.62,158000
STLC.TO,20240506,39.73,40.3,39.25,39.37,363740
STLR.TO,20240506,1.49,1.49,1.4,1.42,32425
STN.TO,20240506,114.69,116.67,114.53,116.66,357582
STPL.TO,20240506,23.51,23.59,23.48,23.59,5500
SU.TO,20240506,52.69,53.72,52.64,53.13,8753528
SVA.TO,20240506,0.39,0.395,0.37,0.38,175111
SVB.TO,20240506,0.155,0.155,0.155,0.155,2488
SVI.TO,20240506,4.82,4.85,4.79,4.8,54060
SVM.TO,20240506,4.57,4.67,4.57,4.62,436058
SVR.TO,20240506,13.22,13.33,13.22,13.27,16286
SWP.TO,20240506,4.04,4.29,4,4.2,31145
SXP.TO,20240506,3.99,4.07,3.99,4.03,19841
SYLD.TO,20240506,18.31,18.34,18.31,18.34,1272
SYZ.TO,20240506,9.04,9.04,8.92,8.92,8800
T.TO,20240506,22.46,22.66,22.43,22.48,2727171
TA.TO,20240506,9.71,9.91,9.69,9.84,1506040
TA.PR.D.TO,20240506,14.5,15.43,14.5,15.43,27514
TA.PR.E.TO,20240506,16.05,16.1,16.01,16.1,8300
TA.PR.F.TO,20240506,18.87,19.01,18.87,19,4670
TA.PR.H.TO,20240506,22.05,22.12,22.05,22.12,2500
TA.PR.J.TO,20240506,23.35,23.35,23.21,23.3,4093
TAL.TO,20240506,0.82,0.82,0.81,0.82,102721
TBAL.TO,20240506,17.41,17.44,17.39,17.44,2971
TBCE.TO,20240506,25.06,25.09,25.06,25.06,2854
TBCF.TO,20240506,25.09,25.1,25.06,25.1,7800
TBCG.TO,20240506,25.06,25.09,25.04,25.09,13547
TBIL.TO,20240506,50.04,50.04,50.04,50.04,2350
TBL.TO,20240506,3.4,3.4,3.36,3.4,58130
TBNK.TO,20240506,25.81,25.99,25.76,25.99,2802
TBUE.U.TO,20240506,24.98,24.98,24.98,24.98,100
TC.TO,20240506,24.99,24.99,24.62,24.66,1218
TCL.A.TO,20240506,13.93,14.05,13.9,13.93,59125
TCLB.TO,20240506,115.23,115.72,115.23,115.72,200
TCLV.TO,20240506,19.72,19.76,19.72,19.76,526
TCON.TO,20240506,14.69,14.69,14.67,14.67,3115
TCS.TO,20240506,35.98,37.44,35.98,36.92,5213
TCSB.TO,20240506,14.42,14.42,14.4,14.4,2500
TCSH.TO,20240506,50.08,50.08,50.07,50.08,6801
TCW.TO,20240506,4.21,4.25,4.18,4.19,866758
TD.TO,20240506,74,76.38,73.98,75.13,15539590
TD.PF.A.TO,20240506,24,24.02,24,24.02,600
TD.PF.C.TO,20240506,23.31,23.42,23.31,23.32,54741
TD.PF.D.TO,20240506,23.46,23.46,23.46,23.46,8300
TD.PF.E.TO,20240506,23.35,23.35,23.35,23.35,50036
TD.PF.I.TO,20240506,25.35,25.37,25.3,25.37,4300
TD.PF.J.TO,20240506,24.31,24.43,24.31,24.35,56760
TDB.TO,20240506,12.69,12.72,12.68,12.72,70929
TDOC.TO,20240506,18.02,18.02,17.91,17.91,2400
TEC.TO,20240506,35.8,36.15,35.7,36.15,58853
TEC.U.TO,20240506,26.19,26.19,26.19,26.19,100
TECH.TO,20240506,14.12,14.22,14.12,14.22,6111
TECH.B.TO,20240506,16.23,16.33,16.23,16.32,600
TECH.U.TO,20240506,14.58,14.62,14.58,14.62,315
TECI.TO,20240506,7.5,7.52,7.5,7.52,1343
TECK.A.TO,20240506,68.77,68.77,68,68,1913
TECK.B.TO,20240506,68.27,68.89,67.9,68.16,759894
TERM.TO,20240506,9.33,9.35,9.33,9.35,7500
TF.TO,20240506,7.56,7.75,7.56,7.68,184064
TF.DB.E.TO,20240506,90.65,90.65,90.62,90.62,15000
TFII.TO,20240506,185.01,186.68,182.83,183.56,294054
TFPM.TO,20240506,22.47,22.61,22.18,22.2,44387
TGED.TO,20240506,23.3,23.53,23.3,23.53,11318
TGED.U.TO,20240506,17.1,17.15,17.1,17.15,200
TGFI.TO,20240506,20.14,20.14,20.05,20.11,2900
TGGR.TO,20240506,25.26,25.49,25.26,25.38,11474
TGO.TO,20240506,2.04,2.05,1.91,1.91,9555
TGRE.TO,20240506,13.64,13.64,13.51,13.52,600
TGRO.TO,20240506,20.4,20.55,20.4,20.55,32688
TH.TO,20240506,1.79,1.8,1.69,1.7,22630
The.TO,20240506,25.4,25.48,25.36,25.48,5874
THNC.TO,20240506,3.5,3.6,3.37,3.49,88638
THU.TO,20240506,34.41,34.48,34.41,34.47,800
TI.TO,20240506,0.35,0.35,0.35,0.35,4595
TIH.TO,20240506,122.7,123.89,122.47,123.64,88788
TILV.TO,20240506,15.61,15.61,15.61,15.61,200
TINF.TO,20240506,18.76,18.76,18.69,18.71,4518
TIPS.TO,20240506,29.08,29.15,29.08,29.15,7600
TIXT.TO,20240506,11.01,11.17,10.79,10.88,127415
TKN.TO,20240506,18.58,18.58,18.58,18.58,100
TKO.TO,20240506,3.33,3.42,3.32,3.41,419206
TLF.TO,20240506,22.76,22.87,22.75,22.87,3499
TLG.TO,20240506,0.64,0.68,0.64,0.68,814433
TLO.TO,20240506,0.17,0.17,0.155,0.155,494600
TLRY.TO,20240506,2.91,3.03,2.8,2.81,2778850
TLV.TO,20240506,29.47,29.67,29.47,29.67,3400
TMD.TO,20240506,0.06,0.06,0.055,0.055,33060
TMQ.TO,20240506,0.56,0.56,0.56,0.56,3521
TNT.UN.TO,20240506,9.41,9.78,9.41,9.76,34145
TNZ.TO,20240506,4.02,4.12,3.97,4,16900
TOT.TO,20240506,9.58,9.94,9.58,9.82,18938
TOU.TO,20240506,65.3,67.57,65.25,66.91,8010642
TOY.TO,20240506,30.67,30.82,30.21,30.23,92203
TPE.TO,20240506,21.98,22.02,21.91,22.02,22263
TPRF.TO,20240506,10.36,10.39,10.34,10.37,13138
TPU.TO,20240506,39.86,40,39.75,40,36300
TPU.U.TO,20240506,29.58,29.63,29.48,29.63,900
TPX.B.TO,20240506,78.11,78.57,78.1,78.1,926
TPZ.TO,20240506,22.44,22.68,22.44,22.63,126780
TQCD.TO,20240506,16.57,16.72,16.57,16.72,38232
TQGD.TO,20240506,18.12,18.24,18.12,18.24,12919
TQSM.TO,20240506,22.69,22.73,22.47,22.73,22323
TRI.TO,20240506,225.45,229.89,225.44,228.41,288617
TRI.PR.B.TO,20240506,13.55,13.55,13.55,13.55,10000
TRP.TO,20240506,51.45,51.87,51.16,51.39,4876821
TRP.PR.A.TO,20240506,16.61,16.61,16.29,16.3,26826
TRP.PR.B.TO,20240506,13.1,13.1,13.03,13.03,2863
TRP.PR.C.TO,20240506,13.29,13.4,13.17,13.18,4263
TRP.PR.D.TO,20240506,18.88,19.05,18.88,19.02,21326
TRP.PR.E.TO,20240506,18.16,18.34,18.12,18.12,77420
TRP.PR.F.TO,20240506,16.96,16.97,16.9,16.97,1600
TRP.PR.G.TO,20240506,19.07,19.25,19.07,19.25,1142
TRP.PR.H.TO,20240506,14.4,14.5,14.1,14.42,4200
TRVI.TO,20240506,19.6,19.65,19.59,19.65,7000
TRVL.TO,20240506,24.29,24.53,24.29,24.51,2879
TRVL.U.TO,20240506,22.62,22.9,22.62,22.9,308
TRX.TO,20240506,0.61,0.62,0.6,0.62,22500
TRZ.TO,20240506,3.42,3.48,3.42,3.45,17100
TSAT.TO,20240506,10.13,10.13,9.89,9.92,4313
TSK.TO,20240506,0.55,0.57,0.55,0.55,100826
TSL.TO,20240506,3.1,3.11,3.1,3.1,1203
TSND.TO,20240506,2.41,2.47,2.34,2.37,167772
TSU.TO,20240506,45.28,45.66,44.58,45.3,135292
TTNM.TO,20240506,2.21,2.25,2.2,2.22,16404
TTP.TO,20240506,25.2,25.42,25.2,25.42,28893
TUED.TO,20240506,25.33,25.5,25.23,25.5,19551
TUEX.TO,20240506,23.41,23.41,23.41,23.41,151
TUHY.TO,20240506,20.94,20.94,20.82,20.82,200
TULB.TO,20240506,111.01,111.01,111.01,111.01,110
TVA.B.TO,20240506,1.52,1.52,1.42,1.42,370
TVE.TO,20240506,3.69,3.78,3.68,3.74,1671795
TVK.TO,20240506,72.95,75.08,72.95,73.9,19551
TWC.TO,20240506,17.04,17.04,17.04,17.04,100
TWM.TO,20240506,0.72,0.73,0.71,0.73,263441
TXF.TO,20240506,20.43,20.66,20.43,20.66,17496
TXG.TO,20240506,19.24,19.52,18.95,18.99,290282
TXP.TO,20240506,0.7,0.72,0.68,0.68,66300
U.U.TO,20240506,22.9,22.9,22.71,22.83,50925
U.UN.TO,20240506,31.22,31.28,31,31.19,431408
UBIL.U.TO,20240506,50,50,50,50,6837
UCSH.U.TO,20240506,50.06,50.06,50.05,50.05,4313
UDIV.TO,20240506,12.39,12.49,12.39,12.46,24130
ULV.F.TO,20240506,46.4,46.5,46.4,46.5,300
UMAX.TO,20240506,14.4,14.52,14.4,14.52,57010
UMNY.U.TO,20240506,50.09,50.09,50.09,50.09,280
UNI.TO,20240506,1.47,1.47,1.45,1.45,4300
URB.TO,20240506,5.31,5.31,5.31,5.31,3088
URB.A.TO,20240506,4.62,4.75,4.62,4.75,20390
URC.TO,20240506,3.41,3.57,3.4,3.54,203106
URC.WT.TO,20240506,1.45,1.59,1.45,1.56,61360
URE.TO,20240506,2.48,2.51,2.43,2.43,221295
USA.TO,20240506,0.35,0.36,0.35,0.355,49463
USCC.TO,20240506,18.09,18.09,18.02,18.09,11663
USCC.U.TO,20240506,13.23,13.23,13.23,13.23,428
USCL.TO,20240506,20.96,21.12,20.96,21.12,6272
UTIL.TO,20240506,20.07,20.24,20.07,20.24,3856
VA.TO,20240506,38.56,38.7,38.56,38.69,13365
VAB.TO,20240506,22.3,22.34,22.27,22.34,142984
VALT.TO,20240506,29.08,29.08,28.92,29.04,1600
VALT.B.TO,20240506,31.55,31.62,31.55,31.62,5600
VBAL.TO,20240506,30.54,30.67,30.54,30.67,84646
VBNK.TO,20240506,13.35,13.55,13.35,13.38,3304
VCB.TO,20240506,23.21,23.27,23.21,23.25,7986
VCE.TO,20240506,48.43,48.88,48.43,48.88,30029
VCIP.TO,20240506,25,25.13,25,25.13,4068
VCM.TO,20240506,19.68,19.75,19.65,19.74,6500
VCN.TO,20240506,44.94,45.35,44.94,45.35,64427
VCNS.TO,20240506,27.56,27.64,27.56,27.64,18243
VDU.TO,20240506,42.75,42.9,42.75,42.9,5949
VDY.TO,20240506,43.72,44.04,43.69,43.97,96808
VE.TO,20240506,35.61,35.76,35.5,35.76,3556
VEE.TO,20240506,35.9,35.9,35.7,35.77,23427
VEF.TO,20240506,55.87,56.13,55.87,56.07,5113
VEQT.TO,20240506,40.08,40.25,40.01,40.25,204018
VET.TO,20240506,16.2,16.69,16.2,16.36,1131798
VFV.TO,20240506,124.93,125.64,124.75,125.64,180182
VGG.TO,20240506,82.7,82.82,82.47,82.82,9094
VGH.TO,20240506,58.09,58.09,58,58,439
VGRO.TO,20240506,33.78,33.87,33.73,33.87,99996
VGZ.TO,20240506,0.67,0.67,0.66,0.66,1500
VHI.TO,20240506,6.33,6.6,6.33,6.49,162681
VI.TO,20240506,39.52,39.65,39.52,39.65,5881
VIDY.TO,20240506,31,31,30.86,30.96,12952
VIU.TO,20240506,34.28,34.36,34.21,34.36,33107
VLB.TO,20240506,20.35,20.5,20.35,20.5,4215
VLE.TO,20240506,5.68,5.84,5.64,5.68,226692
VLN.TO,20240506,6.1,6.1,6.1,6.1,970
VMO.TO,20240506,56.57,56.87,56.57,56.87,3197
VNP.TO,20240506,4.83,4.83,4.71,4.78,88030
VOXR.TO,20240506,2.77,2.78,2.65,2.78,15100
VQS.TO,20240506,0.195,0.21,0.195,0.195,11950
VRE.TO,20240506,29.08,29.34,29.07,29.34,14961
VRIF.TO,20240506,23.98,23.98,23.92,23.96,7738
VRTS.TO,20240506,0.025,0.025,0.025,0.025,2000
VSB.TO,20240506,22.62,22.63,22.61,22.62,210775
VSC.TO,20240506,23.31,23.31,23.27,23.28,2667
VSP.TO,20240506,83.52,84.32,83.52,84.32,26901
VUN.TO,20240506,94.46,95.13,94.46,95.13,36077
VUS.TO,20240506,90.59,91.27,90.59,91.25,10769
VVL.TO,20240506,48.48,49.15,48.48,49.14,2964
VVO.TO,20240506,34.71,34.85,34.71,34.85,295
VXC.TO,20240506,56.96,57.17,56.88,57.14,19913
VXM.B.TO,20240506,30.5,30.5,30.5,30.5,102
WCM.A.TO,20240506,2.75,2.75,2.75,2.75,400
WCN.TO,20240506,225.37,227.78,224.31,227.64,242697
WCP.TO,20240506,9.98,10.26,9.97,10.15,1946652
WDO.TO,20240506,10.27,10.3,10.1,10.16,253036
WEED.TO,20240506,14.32,14.91,13.01,13.31,4458616
WEF.TO,20240506,0.55,0.55,0.53,0.53,263486
WELL.TO,20240506,3.57,3.65,3.56,3.65,562918
WFC.TO,20240506,20.76,20.76,20.74,20.74,400
WFG.TO,20240506,108.24,108.46,105.51,107,241695
WILD.TO,20240506,1.04,1.1,1.04,1.1,44401
WJX.TO,20240506,28.85,28.85,27.61,27.61,86727
WJX.DB.TO,20240506,99.5,100,99.5,100,16000
WLLW.TO,20240506,0.085,0.085,0.085,0.085,10000
WM.TO,20240506,0.11,0.115,0.11,0.11,366752
WN.TO,20240506,186.48,188.92,185.73,188.83,123479
WN.PR.A.TO,20240506,22.45,22.8,22.45,22.64,5359
WN.PR.C.TO,20240506,20.01,20.6,20.01,20.56,5558
WN.PR.D.TO,20240506,20.14,20.6,20.14,20.6,2046
WN.PR.E.TO,20240506,18.8,18.8,18.8,18.8,200
WNDR.TO,20240506,0.245,0.2525,0.24,0.24,749402
WNDR.WT.B.TO,20240506,0.03,0.03,0.03,0.03,2700
WOMN.TO,20240506,33,33,33,33,1000
WPK.TO,20240506,43.88,44.02,43.74,43.78,13469
WPM.TO,20240506,73.29,73.83,72.69,73.48,493293
WPRT.TO,20240506,7.38,8.42,7.38,8.19,29310
WRG.TO,20240506,2.79,2.8,2.79,2.8,800
WRN.TO,20240506,2.04,2.07,2.03,2.05,172469
WRX.TO,20240506,0.13,0.13,0.13,0.13,900
WSP.TO,20240506,214.91,218.98,214.91,218.88,149441
WSRD.TO,20240506,28.7,28.71,28.6,28.6,2087
WSRI.TO,20240506,39.85,39.95,39.81,39.95,1954
WTE.TO,20240506,25.99,26.3,24.51,24.62,232429
WXM.TO,20240506,26.42,26.42,26.42,26.42,1792
X.TO,20240506,37.27,37.27,36.06,37,650400
XAD.TO,20240506,59.36,59.36,59.16,59.16,623
XAGH.TO,20240506,32.86,32.86,32.83,32.83,700
XAU.TO,20240506,7.72,7.89,7.72,7.86,3470
XAW.TO,20240506,39.73,39.93,39.7,39.93,18638
XAW.U.TO,20240506,29.51,29.51,29.51,29.51,300
XBAL.TO,20240506,27.85,27.97,27.84,27.97,46623
XBB.TO,20240506,27.34,27.38,27.29,27.38,240750
XBM.TO,20240506,22.49,22.58,22.42,22.58,8940
XCB.TO,20240506,19.37,19.41,19.37,19.38,46377
XCBG.TO,20240506,36.34,36.37,36.34,36.37,200
XCBU.TO,20240506,34.58,34.58,34.58,34.58,245
XCD.TO,20240506,52.79,52.91,52.57,52.88,4875
XCG.TO,20240506,49.61,50.28,49.61,50.28,9581
XCH.TO,20240506,17.84,17.84,17.66,17.77,49372
XCHP.TO,20240506,52.18,52.18,52.18,52.18,244
XCLN.TO,20240506,31.64,31.64,31.6,31.6,3400
XCNS.TO,20240506,22.01,22.07,22.01,22.07,5700
XCS.TO,20240506,19.56,19.56,19.56,19.56,110
XCSR.TO,20240506,63.85,64.44,63.85,64.42,5091
XCV.TO,20240506,34.92,35.11,34.92,35.11,1437
XDG.TO,20240506,25.21,25.31,25.21,25.31,3625
XDGH.TO,20240506,25.67,25.74,25.67,25.71,4143
XDIV.TO,20240506,26.52,26.76,26.52,26.74,70577
XDNA.TO,20240506,33.48,33.48,33.48,33.48,103
XDSR.TO,20240506,57.39,57.39,57.39,57.39,166
XDU.TO,20240506,28.64,28.68,28.63,28.68,6352
XDUH.TO,20240506,26,26,26,26,5100
XDV.TO,20240506,27.2,27.41,27.19,27.39,44885
XEB.TO,20240506,15.68,15.71,15.68,15.71,8900
XEC.TO,20240506,27.99,28.12,27.95,28.12,30436
XEF.TO,20240506,37.45,37.55,37.4,37.53,116827
XEG.TO,20240506,18.74,19.09,18.74,18.92,895103
XEH.TO,20240506,32.8,33.01,32.8,33.01,11104
XEI.TO,20240506,25.13,25.33,25.11,25.3,79241
XEM.TO,20240506,32.09,32.09,32.02,32.05,4289
XEMC.TO,20240506,46.77,46.87,46.76,46.87,706
XEN.TO,20240506,33.68,34.05,33.68,34.04,1036
XEQT.TO,20240506,30.06,30.24,30.06,30.24,153000
XESG.TO,20240506,26.76,26.99,26.76,26.99,2894
XEU.TO,20240506,29.99,30.15,29.99,30.15,1764
XFH.TO,20240506,32.01,32.12,32,32.12,12586
XFLB.TO,20240506,46.74,46.74,46.73,46.73,208
XFN.TO,20240506,49.12,49.56,49.12,49.54,287293
XFR.TO,20240506,20.1,20.12,20.1,20.12,26494
XGB.TO,20240506,18.73,18.79,18.73,18.78,47979
XGD.TO,20240506,19.91,20.03,19.83,19.9,240051
XGI.TO,20240506,52.16,52.3,52.16,52.3,1270
XGRO.TO,20240506,27.51,27.66,27.5,27.66,111565
XHAK.TO,20240506,45.48,45.48,45.45,45.45,1234
XHB.TO,20240506,19,19.08,19,19.08,1268
XHC.TO,20240506,70.22,70.22,69.82,70.04,12836
XHD.TO,20240506,32.15,32.15,32.1,32.12,2976
XHU.TO,20240506,30.32,30.32,30.16,30.22,3662
XHY.TO,20240506,16.42,16.45,16.33,16.45,5123
XIC.TO,20240506,35.19,35.53,35.19,35.53,211214
XID.TO,20240506,52.88,52.88,52.52,52.57,2250
XIG.TO,20240506,19.68,19.71,19.67,19.71,8087
XIN.TO,20240506,36.23,36.42,36.23,36.41,3459
XINC.TO,20240506,19.41,19.5,19.41,19.5,1618
XIT.TO,20240506,52.44,53.49,52.35,53.49,7029
XIU.TO,20240506,33.51,33.86,33.51,33.86,2997503
XLB.TO,20240506,18.65,18.75,18.64,18.75,74053
XLVE.TO,20240506,8.31,8.31,8.31,8.31,200
XLY.TO,20240506,0.055,0.06,0.055,0.06,817931
XMA.TO,20240506,19.95,20.07,19.95,20.07,11216
XMC.TO,20240506,31.01,31.13,31.01,31.13,11928
XMC.U.TO,20240506,22.97,22.97,22.95,22.95,200
XMD.TO,20240506,34.02,34.3,34.02,34.3,2143
XMF.PR.B.TO,20240506,5.04,5.04,5.04,5.04,100
XMH.TO,20240506,26.73,26.76,26.7,26.76,2820
XMI.TO,20240506,36.73,36.78,36.73,36.78,2515
XML.TO,20240506,26.55,26.68,26.55,26.68,1400
XMM.TO,20240506,27.88,27.9,27.87,27.89,2389
XMS.TO,20240506,34.01,34.01,33.98,33.98,300
XMTM.TO,20240506,30.44,30.71,30.44,30.71,900
XMV.TO,20240506,41.37,41.59,41.37,41.58,6994
XMW.TO,20240506,49.76,49.94,49.76,49.93,1300
XPF.TO,20240506,14.87,14.93,14.87,14.93,1314
XQB.TO,20240506,18.41,18.41,18.4,18.4,2729
XQLT.TO,20240506,35.84,36.03,35.84,36.01,1400
XQQ.TO,20240506,136.39,137.29,136.3,137.29,32255
XQQU.TO,20240506,58.55,58.73,58.55,58.71,423
XQQU.U.TO,20240506,42.75,43.04,42.75,43.01,1221
XRB.TO,20240506,21.78,21.95,21.75,21.86,16391
XRE.TO,20240506,15.09,15.17,15.02,15.17,107113
XSAB.TO,20240506,17.58,17.58,17.57,17.58,4311
XSB.TO,20240506,26.05,26.06,26.03,26.05,219295
XSC.TO,20240506,17.6,17.6,17.6,17.6,488
XSE.TO,20240506,17.55,17.55,17.55,17.55,1100
XSEA.TO,20240506,25.85,25.85,25.85,25.85,344
XSEM.TO,20240506,19.92,19.96,19.92,19.96,2300
XSH.TO,20240506,18.43,18.43,18.39,18.41,96064
XSHU.U.TO,20240506,30.05,30.05,30.05,30.05,200
XSMC.TO,20240506,29.72,29.74,29.67,29.73,1200
XSMH.TO,20240506,27,27,26.9,26.94,5928
XSP.TO,20240506,54.03,54.32,54,54.32,200613
XST.TO,20240506,93.56,94.25,93.56,94.19,4435
XSTB.TO,20240506,19.14,19.14,19.14,19.14,2671
XSU.TO,20240506,39.61,39.84,39.61,39.81,25644
XSUS.TO,20240506,37.38,37.55,37.33,37.55,1904
XTC.TO,20240506,7.24,7.38,7.13,7.33,47290
XTD.TO,20240506,2.55,2.55,2.41,2.41,17015
XTD.PR.A.TO,20240506,9.72,9.72,9.7,9.7,3001
XTG.TO,20240506,1.26,1.26,1.26,1.26,500
XTLH.TO,20240506,33.94,34.01,33.87,33.99,12581
XTLT.TO,20240506,35.07,35.08,35.02,35.06,3179
XTLT.U.TO,20240506,25.62,25.62,25.62,25.62,300
XTR.TO,20240506,10.58,10.6,10.58,10.6,31441
XTRA.TO,20240506,0.51,0.51,0.48,0.49,130221
XTRA.WT.TO,20240506,0.045,0.045,0.045,0.045,135000
XUH.TO,20240506,42.88,43.03,42.88,43.03,3109
XUS.TO,20240506,87.46,87.96,87.36,87.96,50784
XUS.U.TO,20240506,64.96,65.22,64.96,65.22,2644
XUSR.TO,20240506,76.51,76.69,76.4,76.66,2542
XUT.TO,20240506,25.26,25.55,25.26,25.54,356180
XUU.TO,20240506,52.18,52.45,52.08,52.45,18311
XVLU.TO,20240506,26.18,26.18,26.18,26.18,130
XWD.TO,20240506,83.9,84.36,83.9,84.36,4715
Y.TO,20240506,9.65,9.7,9.65,9.65,1305
YCM.TO,20240506,2.36,2.36,2.36,2.36,4000
YGR.TO,20240506,1.13,1.17,1.13,1.17,47632
ZACE.TO,20240506,40.33,40.37,40.33,40.34,705
ZAG.TO,20240506,13.39,13.42,13.39,13.41,63658
ZBAL.TO,20240506,36.9,37.12,36.9,37.12,4422
ZBAL.T.TO,20240506,28.66,28.73,28.66,28.73,901
ZBBB.TO,20240506,27.61,27.61,27.61,27.61,3000
ZBI.TO,20240506,29.22,29.22,29.22,29.22,300
ZBK.TO,20240506,29.37,29.66,29.37,29.65,16830
ZCB.TO,20240506,45.6,45.6,45.6,45.6,1305
ZCH.TO,20240506,14.12,14.12,14.03,14.1,9383
ZCLN.TO,20240506,14.7,14.74,14.66,14.66,1760
ZCM.TO,20240506,14.82,14.82,14.82,14.82,4547
ZCN.TO,20240506,29.52,29.82,29.52,29.82,91716
ZCON.TO,20240506,32.96,33.03,32.96,33.03,2667
ZCPB.TO,20240506,27.04,27.05,27.04,27.05,4485
ZCS.TO,20240506,13.42,13.43,13.41,13.42,16897
ZDB.TO,20240506,14.44,14.49,14.44,14.49,32238
ZDH.TO,20240506,27.22,27.49,27.22,27.49,1414
ZDI.TO,20240506,23.84,23.93,23.84,23.93,750
ZDJ.TO,20240506,60.45,60.45,60.2,60.29,5199
ZDM.TO,20240506,29.52,29.63,29.52,29.63,2725
ZDV.TO,20240506,20.08,20.26,20.08,20.25,64846
ZDY.TO,20240506,39.95,40.22,39.95,40.2,918
ZDY.U.TO,20240506,30.1,30.16,30.1,30.1,2372
ZEA.TO,20240506,22.73,22.76,22.69,22.74,17840
ZEB.TO,20240506,35.6,35.88,35.52,35.83,1837841
ZEF.TO,20240506,12.21,12.21,12.2,12.2,802
ZEM.TO,20240506,20.78,20.82,20.68,20.82,30789
ZEO.TO,20240506,71.19,72.31,71.19,71.86,8518
ZEQ.TO,20240506,30.87,31.1,30.87,31.06,11023
ZEQT.TO,20240506,45.83,46.21,45.83,46.18,1955
ZESG.TO,20240506,34.6,34.6,34.6,34.6,650
ZFH.TO,20240506,14.73,14.73,14.71,14.73,12180
ZFL.TO,20240506,12.54,12.62,12.53,12.62,50303
ZFM.TO,20240506,14.11,14.14,14.11,14.13,1456
ZFN.TO,20240506,47.82,47.82,47.82,47.82,100
ZFS.TO,20240506,13.43,13.43,13.43,13.43,100
ZGB.TO,20240506,44.23,44.23,44.23,44.23,178
ZGD.TO,20240506,87.38,88.39,87.38,88.39,639
ZGI.TO,20240506,42.89,42.89,42.78,42.86,1627
ZGLD.TO,20240506,34.06,34.3,34.06,34.28,325
ZGQ.TO,20240506,62.31,62.69,62.12,62.69,6452
ZGRN.TO,20240506,34.86,34.86,34.86,34.86,100
ZGRO.TO,20240506,41.32,41.46,41.3,41.46,6640
ZGSB.TO,20240506,26.69,26.71,26.69,26.71,1000
ZHU.TO,20240506,42,42.21,42,42.21,550
ZHY.TO,20240506,11.1,11.1,11.08,11.08,3014
ZIC.TO,20240506,17.3,17.31,17.3,17.3,670
ZIC.U.TO,20240506,12.84,12.84,12.84,12.84,750
ZID.TO,20240506,46.39,46.46,46.17,46.35,5054
ZIN.TO,20240506,38.45,38.45,38.45,38.45,300
ZJG.TO,20240506,75.18,76,75.18,75.84,737
ZJK.TO,20240506,18.07,18.08,18.05,18.06,1298
ZJPN.TO,20240506,34.81,34.88,34.8,34.88,5903
ZJPN.F.TO,20240506,47.02,47.36,47.02,47.36,5000
ZLB.TO,20240506,43.43,43.74,43.43,43.74,30926
ZLC.TO,20240506,14.82,14.88,14.8,14.88,6558
ZLD.TO,20240506,26.51,26.67,26.51,26.67,1825
ZLH.TO,20240506,32.12,32.12,32.12,32.12,141
ZLI.TO,20240506,24.36,24.36,24.36,24.36,400
ZLU.TO,20240506,49.23,49.23,48.95,49.15,6039
ZLU.U.TO,20240506,36.84,36.84,36.84,36.84,1552
ZMBS.TO,20240506,29.2,29.2,29.19,29.2,3761
ZMI.TO,20240506,16.39,16.43,16.39,16.42,3059
ZMID.TO,20240506,43.42,43.42,43.42,43.42,100
ZMMK.TO,20240506,49.95,49.95,49.94,49.95,94501
ZMP.TO,20240506,13.33,13.36,13.33,13.36,4600
ZMT.TO,20240506,69.12,69.49,69.12,69.49,401
ZMU.TO,20240506,12.4,12.45,12.4,12.45,2020
ZNQ.TO,20240506,79.37,79.84,79.23,79.84,3454
ZNQ.U.TO,20240506,39.2,39.39,39.2,39.37,803
ZPAY.TO,20240506,30.81,30.87,30.81,30.87,1270
ZPAY.F.TO,20240506,28.63,28.63,28.48,28.48,7900
ZPAY.U.TO,20240506,29.4,29.4,29.4,29.4,187
ZPH.TO,20240506,14.92,14.92,14.92,14.92,682
ZPL.TO,20240506,12,12.07,12,12.07,10700
ZPR.TO,20240506,10.21,10.27,10.21,10.26,82128
ZPS.TO,20240506,11.99,11.99,11.99,11.99,100
ZPW.TO,20240506,15.72,15.8,15.72,15.8,405
ZQB.TO,20240506,28.07,28.07,28.02,28.02,1120
ZQQ.TO,20240506,126.14,127.01,126.05,127.01,29911
ZRE.TO,20240506,20.03,20.11,19.97,20.11,20062
ZRR.TO,20240506,13.86,13.91,13.85,13.91,2964
ZSB.TO,20240506,47.19,47.19,47.19,47.19,100
ZSML.TO,20240506,39.1,39.15,39.1,39.12,6900
ZSP.TO,20240506,76.92,77.35,76.85,77.34,318714
ZSP.U.TO,20240506,56.35,56.59,56.35,56.59,2919
ZST.TO,20240506,48.8,48.8,48.79,48.8,5371
ZST.L.TO,20240506,58.54,58.54,58.53,58.53,22762
ZUAG.F.TO,20240506,28.93,29.06,28.93,29.02,500
ZUB.TO,20240506,26.92,27.17,26.92,27.14,9175
ZUCM.TO,20240506,30.33,30.33,30.33,30.33,103
ZUCM.U.TO,20240506,30.03,30.03,30.03,30.03,1031
ZUD.TO,20240506,27.83,27.9,27.83,27.9,646
ZUE.TO,20240506,71.59,71.8,71.59,71.8,11727
ZUH.TO,20240506,69.05,69.05,68.36,68.62,1279
ZUQ.TO,20240506,75.61,76.15,75.27,76.15,24279
ZUQ.F.TO,20240506,46.89,47.38,46.89,47.38,500
ZUQ.U.TO,20240506,49.07,49.23,49.07,49.23,300
ZUS.U.TO,20240506,46.75,46.75,46.75,46.75,250
ZUT.TO,20240506,19.46,19.72,19.46,19.69,94490
ZVC.TO,20240506,27.74,27.85,27.72,27.85,6909
ZVU.TO,20240506,27.94,27.94,27.94,27.94,1000
ZWA.TO,20240506,25.25,25.3,25.25,25.3,892
ZWB.TO,20240506,17.75,17.86,17.7,17.86,156718
ZWC.TO,20240506,17.15,17.26,17.15,17.26,68900
ZWE.TO,20240506,20.61,20.75,20.61,20.74,12330
ZWEN.TO,20240506,30.43,30.75,30.43,30.63,8938
ZWG.TO,20240506,29.94,29.98,29.83,29.98,3794
ZWH.TO,20240506,22.91,22.96,22.88,22.96,15887
ZWH.U.TO,20240506,22.95,23.04,22.95,23.04,2467
ZWHC.TO,20240506,28.65,28.65,28.6,28.6,750
ZWK.TO,20240506,21.04,21.14,21,21.14,33488
ZWP.TO,20240506,18.08,18.09,17.99,18.06,5037
ZWQT.TO,20240506,16.25,16.26,16.25,16.26,353
ZWS.TO,20240506,19.9,19.9,19.9,19.9,7401
ZWT.TO,20240506,42.55,43.01,42.55,43.01,2596
ZWU.TO,20240506,10.16,10.21,10.16,10.21,185932
ZXM.TO,20240506,42.32,42.32,42.31,42.31,571
ZZZD.TO,20240506,28.6,28.61,28.57,28.61,1955
