<ticker>,<date>,<open>,<high>,<low>,<close>,<vol>
AAB.TO,20231123,0.025,0.025,0.025,0.025,90000
AAUC.TO,20231123,3.97,3.97,3.82,3.9,6901
AAV.TO,20231123,10.17,10.39,10.17,10.35,93037
ABX.TO,20231123,22.2,22.22,22.03,22.03,472963
AC.TO,20231123,17.81,17.92,17.75,17.78,664796
ACB.TO,20231123,0.64,0.64,0.63,0.63,209077
ACD.TO,20231123,4.55,4.55,4.55,4.55,1000
ACO.X.TO,20231123,37.81,38.21,37.66,37.86,71388
ACQ.TO,20231123,18.1,18.34,18.05,18.28,37885
AD.DB.TO,20231123,98.25,98.25,97.52,97.52,26000
AD.DB.A.TO,20231123,93.05,93.05,93.05,93.05,71000
AD.UN.TO,20231123,14.56,14.87,14.56,14.84,63802
ADEN.TO,20231123,26.25,26.25,25.98,26.12,5544
ADN.TO,20231123,16.09,16.09,16.03,16.05,1544
ADW.A.TO,20231123,4.3,4.38,4.26,4.38,38942
AEM.TO,20231123,67.96,68.19,67.65,67.67,96969
AEZS.TO,20231123,3,3.2,2.6,2.67,8787
AFN.TO,20231123,50.5,50.76,49.88,49.99,8737
AFN.DB.G.TO,20231123,96.6,97,96.6,97,48000
AFN.DB.H.TO,20231123,96.9,96.99,95.5,95.5,12000
AGF.B.TO,20231123,7.25,7.3,7.25,7.28,9577
AGI.TO,20231123,18.61,18.73,18.59,18.67,80219
AI.TO,20231123,10.3,10.45,10.28,10.43,25220
AIDX.TO,20231123,0.9,0.93,0.9,0.93,203100
AIF.TO,20231123,39.45,40.26,39.4,39.93,22235
AII.TO,20231123,0.53,0.53,0.51,0.52,13500
AIM.TO,20231123,2.93,2.93,2.82,2.89,30897
AKT.A.TO,20231123,1.41,1.41,1.4,1.4,2100
ALA.TO,20231123,27.63,27.85,27.6,27.66,167432
ALA.PR.A.TO,20231123,15.6,15.63,15.6,15.63,1200
ALA.PR.G.TO,20231123,21.16,21.18,21.06,21.06,10486
ALC.TO,20231123,14.56,14.64,14.56,14.56,3570
ALC.DB.A.TO,20231123,100.97,100.97,100.97,100.97,20000
ALS.TO,20231123,18.66,18.92,18.66,18.74,22263
ALYA.TO,20231123,1.64,1.64,1.62,1.63,11698
AMC.TO,20231123,2.08,2.15,2.06,2.15,63727
AND.TO,20231123,38.61,39.17,38.42,38.89,7584
AOI.TO,20231123,2.55,2.59,2.53,2.57,70560
AOT.TO,20231123,0.435,0.435,0.415,0.42,64800
AP.UN.TO,20231123,17.24,17.5,17.24,17.42,119694
APR.UN.TO,20231123,10.28,10.37,10.21,10.22,17065
APS.TO,20231123,3.45,3.89,3.34,3.34,3850
AQN.TO,20231123,8.27,8.3,8.13,8.15,635989
AQN.PR.A.TO,20231123,19.65,19.74,19.28,19.74,19507
AQN.PR.D.TO,20231123,19.9,19.9,19.89,19.89,300
AR.TO,20231123,0.4,0.4,0.385,0.395,1041511
ARB.TO,20231123,25.79,25.8,25.79,25.8,500
ARE.TO,20231123,11.05,11.19,11.05,11.14,105080
ARG.TO,20231123,1.28,1.28,1.25,1.27,31301
ARIS.TO,20231123,3.6,3.7,3.6,3.65,35457
ARKK.TO,20231123,17.79,17.91,17.79,17.91,1203
ARKW.TO,20231123,20.68,20.69,20.68,20.69,725
ARR.TO,20231123,6.9,6.9,6.84,6.84,4300
ARX.TO,20231123,21.21,21.42,21.19,21.37,384632
ASCU.TO,20231123,1.45,1.47,1.44,1.44,71300
ASM.TO,20231123,0.64,0.66,0.64,0.66,5246
ASND.TO,20231123,0.095,0.095,0.095,0.095,4000
ASTL.TO,20231123,10.86,10.87,10.77,10.77,2419
ATCU.TO,20231123,0.31,0.31,0.31,0.31,2500
ATD.TO,20231123,80.25,80.28,78.9,78.96,323339
ATH.TO,20231123,3.84,3.92,3.82,3.92,855045
ATRL.TO,20231123,43.01,43.84,43.01,43.17,55807
ATS.TO,20231123,53.63,53.85,53.26,53.31,23124
ATZ.TO,20231123,24.69,24.81,24.2,24.21,156660
AUMN.TO,20231123,0.69,0.69,0.69,0.69,500
AVCN.TO,20231123,0.375,0.385,0.33,0.35,136900
AVL.TO,20231123,0.105,0.11,0.105,0.105,27555
AVNT.TO,20231123,0.15,0.15,0.145,0.145,12500
AW.UN.TO,20231123,30.51,30.8,30.5,30.52,8636
AX.PR.E.TO,20231123,16.11,16.18,16.1,16.11,1400
AX.PR.I.TO,20231123,16.38,16.38,16.02,16.02,4750
AX.UN.TO,20231123,6.21,6.29,6.21,6.29,90977
AYA.TO,20231123,8.8,8.81,8.57,8.65,27694
BABY.TO,20231123,0.31,0.33,0.305,0.33,84813
BAM.TO,20231123,46.57,47.2,46.57,46.97,131644
BANK.TO,20231123,6.93,7,6.93,6.96,17015
BASE.TO,20231123,25.49,25.63,25.28,25.63,2721
BASE.B.TO,20231123,26.13,26.13,26.13,26.13,153
BB.TO,20231123,4.96,4.99,4.95,4.97,55583
BBD.A.TO,20231123,51.73,51.73,51.32,51.32,413
BBD.B.TO,20231123,51,51.55,50.65,50.9,97805
BBD.PR.B.TO,20231123,16.25,16.25,16.25,16.25,1100
BBD.PR.C.TO,20231123,17.35,17.35,17.35,17.35,400
BBU.UN.TO,20231123,21.39,21.4,20.79,21,5679
BBUC.TO,20231123,22.5,22.76,22.26,22.57,19127
BCE.TO,20231123,53.86,53.97,53.77,53.77,361180
BCE.PR.A.TO,20231123,15.85,16,15.75,15.99,6618
BCE.PR.B.TO,20231123,18.5,18.5,18.4,18.4,939
BCE.PR.C.TO,20231123,16.86,16.86,16.85,16.85,600
BCE.PR.D.TO,20231123,18.2,18.26,18.13,18.23,6708
BCE.PR.E.TO,20231123,18,18.12,18,18.12,1500
BCE.PR.G.TO,20231123,14.88,14.88,14.88,14.88,400
BCE.PR.H.TO,20231123,17.99,18.05,17.89,18.05,7100
BCE.PR.I.TO,20231123,15,15.14,14.93,15.14,6880
BCE.PR.J.TO,20231123,18.2,18.2,18.07,18.17,12625
BCE.PR.K.TO,20231123,14.51,14.74,14.5,14.57,6190
BCE.PR.L.TO,20231123,16.67,16.67,15.9,15.9,530
BCE.PR.M.TO,20231123,14.85,14.85,14.78,14.78,1200
BCE.PR.Q.TO,20231123,21.85,21.92,21.85,21.92,2296
BCE.PR.R.TO,20231123,15.55,15.6,15.55,15.55,935
BCE.PR.S.TO,20231123,18.05,18.05,18.05,18.05,100
BCE.PR.T.TO,20231123,17.26,17.3,17.26,17.3,400
BCE.PR.Y.TO,20231123,18.45,18.45,18.14,18.2,16238
BCE.PR.Z.TO,20231123,16.9,17.2,16.89,17.2,5200
BCT.TO,20231123,6.3,6.3,6.3,6.3,100
BDGI.TO,20231123,40.36,40.55,39.93,40.22,21758
BDI.TO,20231123,7.92,8.18,7.9,8.17,41444
BDT.TO,20231123,11.92,12.02,11.88,11.91,18054
BEI.UN.TO,20231123,64.65,65.26,64.65,64.89,33020
BEP.PR.G.TO,20231123,19.42,19.95,19.41,19.95,4765
BEP.PR.M.TO,20231123,18.91,19,18.85,18.85,3100
BEP.PR.R.TO,20231123,16.3,16.3,16.2,16.23,45900
BEP.UN.TO,20231123,33.38,33.91,33.35,33.59,63070
BEPC.TO,20231123,35.89,35.92,35.58,35.73,24105
BEPR.TO,20231123,8.36,8.36,8.36,8.36,242
BGC.TO,20231123,29.37,29.37,29.37,29.37,494
BGI.UN.TO,20231123,3.97,3.99,3.96,3.99,5100
BGU.TO,20231123,38.71,38.71,38.71,38.71,200
BGU.U.TO,20231123,28.1,28.1,28.1,28.1,500
BHC.TO,20231123,9.39,9.48,9.38,9.46,32551
BIK.PR.A.TO,20231123,22.8,23.49,22.8,23.49,3204
BIP.PR.A.TO,20231123,16.86,17.03,16.86,17.03,900
BIP.PR.B.TO,20231123,21.1,21.1,20.9,20.9,4595
BIP.PR.F.TO,20231123,19.81,19.81,19.81,19.81,300
BIP.UN.TO,20231123,37.01,37.12,36.82,37,103034
BIPC.TO,20231123,43.51,43.99,43.51,43.75,40215
BIR.TO,20231123,6.69,6.79,6.63,6.76,488844
BITF.TO,20231123,1.6,1.6,1.58,1.58,169454
BITI.TO,20231123,9.32,9.41,9.32,9.35,13258
BK.TO,20231123,10.09,10.1,10,10,49092
BK.PR.A.TO,20231123,9.82,9.82,9.8,9.81,75345
BKCC.TO,20231123,13.32,13.39,13.32,13.35,1185
BKCL.TO,20231123,17.86,17.86,17.7,17.7,31073
BKI.TO,20231123,0.065,0.07,0.065,0.07,29686
BLCO.TO,20231123,21.1,21.12,20.83,20.83,1500
BLDP.TO,20231123,4.75,4.77,4.71,4.75,115347
BLN.TO,20231123,3.45,3.48,3.43,3.43,32002
BLX.TO,20231123,29.52,29.68,29.13,29.56,139629
BMAX.TO,20231123,12.2,12.22,12.2,12.22,400
BMO.TO,20231123,110.23,111.36,110.15,110.21,842087
BMO.PR.E.TO,20231123,23.5,23.75,23.5,23.75,8800
BMO.PR.T.TO,20231123,18.15,18.5,18.15,18.5,21672
BMO.PR.Y.TO,20231123,18.12,18.12,18.1,18.1,1100
BN.TO,20231123,47.1,47.46,46.73,46.75,265611
BN.PF.A.TO,20231123,19.9,20.46,19.9,20.3,3955
BN.PF.B.TO,20231123,17.79,17.79,17.78,17.78,900
BN.PF.C.TO,20231123,17.24,17.24,17.1,17.21,2006
BN.PF.E.TO,20231123,14.85,14.85,14.8,14.8,1987
BN.PF.F.TO,20231123,16.48,16.8,16.48,16.8,2746
BN.PF.H.TO,20231123,20.79,20.98,20.79,20.98,1300
BN.PF.I.TO,20231123,18.03,18.1,18.03,18.1,700
BN.PF.J.TO,20231123,19.1,19.39,18.97,19.11,4372
BN.PF.K.TO,20231123,14.85,14.95,14.85,14.86,1900
BN.PF.L.TO,20231123,9.95,9.95,9.7,9.7,2700
BN.PR.B.TO,20231123,11,11.01,10.8,10.93,2413
BN.PR.C.TO,20231123,10.85,10.85,10.85,10.85,100
BN.PR.K.TO,20231123,10.89,10.89,10.68,10.82,4620
BN.PR.M.TO,20231123,16.84,16.85,16.84,16.85,2100
BN.PR.N.TO,20231123,16.82,16.89,16.56,16.82,11118
BN.PR.R.TO,20231123,13.41,13.41,13.3,13.3,5200
BN.PR.T.TO,20231123,13.55,13.55,13.55,13.55,1600
BN.PR.X.TO,20231123,13.8,13.97,13.77,13.97,775
BN.PR.Z.TO,20231123,17.78,17.99,17.76,17.92,7354
BNC.TO,20231123,23.25,23.25,23.19,23.19,200
BND.TO,20231123,16.9,16.9,16.9,16.9,1318
BNE.TO,20231123,5.91,6.02,5.91,6.02,15666
BNG.TO,20231123,0.02,0.02,0.02,0.02,16000
BNK.TO,20231123,9.51,9.58,9.51,9.58,2100
BNRE.TO,20231123,47.34,47.44,46.66,46.66,2438
BNRE.A.TO,20231123,47.15,47.54,46.96,46.96,500
BNS.TO,20231123,60.19,60.48,60.15,60.17,554669
BOND.TO,20231123,21,21.2,21,21,5200
BOS.TO,20231123,3.74,3.79,3.72,3.75,34410
BPF.UN.TO,20231123,15.46,15.54,15.46,15.5,5720
BPO.PR.A.TO,20231123,9.91,10.02,9.77,9.87,4200
BPO.PR.C.TO,20231123,13.08,13.27,13.05,13.05,1752
BPO.PR.E.TO,20231123,10.55,10.6,10.3,10.33,17451
BPO.PR.G.TO,20231123,11.37,11.46,11.18,11.25,11287
BPO.PR.I.TO,20231123,11.44,11.44,10.9,11,10904
BPO.PR.N.TO,20231123,8.11,8.27,8.11,8.21,25808
BPO.PR.P.TO,20231123,8.5,8.75,8.5,8.65,13847
BPO.PR.R.TO,20231123,8.6,8.6,8.59,8.6,3600
BPO.PR.T.TO,20231123,12.8,12.8,12.6,12.79,8780
BPO.PR.W.TO,20231123,7.61,7.61,7.3,7.3,2400
BPO.PR.Y.TO,20231123,7.6,7.6,7.6,7.6,100
BPRF.TO,20231123,21.2,21.2,21.2,21.2,2128
BPS.PR.A.TO,20231123,24.92,24.92,24.92,24.92,100
BPS.PR.C.TO,20231123,24.89,24.9,24.89,24.9,300
BPYP.PR.A.TO,20231123,18.38,18.38,18.18,18.38,439
BRAG.TO,20231123,7.65,7.65,7.37,7.65,41385
BRE.TO,20231123,11.7,11.8,11.7,11.77,4325
BRF.PR.A.TO,20231123,15.2,15.2,15.2,15.2,227
BRF.PR.B.TO,20231123,16.1,16.1,16.05,16.05,400
BRF.PR.C.TO,20231123,16.75,16.75,16.56,16.56,1600
BRF.PR.E.TO,20231123,16.5,16.55,16.5,16.51,300
BRF.PR.F.TO,20231123,16.51,16.52,16.51,16.51,1134
BRMI.TO,20231123,1.56,1.56,1.56,1.56,100
BRY.TO,20231123,0.31,0.32,0.31,0.32,17500
BSKT.TO,20231123,8.23,8.23,8.23,8.23,3179
BSX.TO,20231123,0.055,0.055,0.055,0.055,1000
BTB.DB.H.TO,20231123,98.01,98.01,98,98,5000
BTB.UN.TO,20231123,2.86,2.88,2.85,2.88,33997
BTCC.TO,20231123,7.13,7.18,7.07,7.13,138488
BTCC.B.TO,20231123,7.33,7.48,7.29,7.38,673993
BTCC.U.TO,20231123,6.8,6.8,6.74,6.79,44770
BTCQ.TO,20231123,8.27,8.3,8.23,8.3,13527
BTCQ.U.TO,20231123,6,6,6,6,1000
BTCX.B.TO,20231123,7.57,7.66,7.52,7.59,102868
BTCX.U.TO,20231123,6.99,7.02,6.93,7.02,2042
BTCY.TO,20231123,4.4,4.43,4.39,4.41,9183
BTCY.B.TO,20231123,5.25,5.25,5.12,5.12,2337
BTCY.U.TO,20231123,4.25,4.25,4.25,4.25,110
BTE.TO,20231123,5.15,5.27,5.13,5.23,1787185
BTO.TO,20231123,4.17,4.19,4.14,4.17,349329
BUI.TO,20231123,2.25,2.25,2.25,2.25,400
BXF.TO,20231123,9.77,9.77,9.77,9.77,500
BYD.TO,20231123,257.19,263.5,257.05,259.85,27295
BYL.TO,20231123,0.2,0.2,0.19,0.2,63100
CACB.TO,20231123,18.88,18.88,18.83,18.83,69600
CAE.TO,20231123,28.68,28.86,28.53,28.55,150875
CAFR.TO,20231123,19.75,19.76,19.73,19.76,14900
CALL.TO,20231123,10.43,10.43,10.43,10.43,100
CAR.UN.TO,20231123,45.15,45.15,44.92,45.05,68815
CARB.TO,20231123,8.33,8.33,8.33,8.33,800
CARS.TO,20231123,21.08,21.08,21.08,21.08,1200
CAS.TO,20231123,11.9,11.99,11.82,11.92,26663
CASH.TO,20231123,50.17,50.17,50.16,50.17,85234
CBH.TO,20231123,16.88,16.89,16.88,16.89,900
CBIL.TO,20231123,50.15,50.15,50.13,50.15,38225
CBNK.TO,20231123,6.55,6.55,6.52,6.52,2402
CBO.TO,20231123,17.29,17.3,17.29,17.3,31566
CCA.TO,20231123,51.54,52.2,51.54,51.85,36629
CCEI.TO,20231123,21.71,21.72,21.71,21.72,18011
CCL.B.TO,20231123,57.99,58.25,57.73,57.74,40567
CCM.TO,20231123,0.19,0.215,0.19,0.215,105315
CCO.TO,20231123,61.99,62.31,61.89,62.28,144075
CCOM.TO,20231123,19.57,19.57,19.57,19.57,578
CCRE.TO,20231123,17.47,17.47,17.47,17.47,4300
CCS.PR.C.TO,20231123,19.02,19.02,19,19.02,400
CDIV.TO,20231123,12.45,12.49,12.45,12.47,9100
CDR.TO,20231123,1.4,1.4,1.3,1.37,3304
CDZ.TO,20231123,29.05,29.16,29.05,29.12,2526
CEE.TO,20231123,1.52,1.6,1.5,1.6,2600
CEF.TO,20231123,25.4,25.43,25.38,25.4,5161
CEF.U.TO,20231123,18.54,18.54,18.54,18.54,100
CET.TO,20231123,0.74,0.74,0.72,0.72,61350
CEU.TO,20231123,3.53,3.57,3.51,3.56,53876
CEW.TO,20231123,15.39,15.5,15.39,15.47,28364
CF.TO,20231123,6.79,6.99,6.78,6.93,48275
CF.PR.A.TO,20231123,11.68,11.68,11.51,11.55,2200
CFF.TO,20231123,0.62,0.62,0.6,0.6,34210
CFP.TO,20231123,17.31,17.78,17.24,17.25,80813
CFRT.TO,20231123,20.16,20.17,20.16,20.16,13408
CFW.TO,20231123,4.53,4.55,4.48,4.48,7025
CFX.TO,20231123,1.67,1.7,1.65,1.66,10100
CG.TO,20231123,7.67,7.69,7.55,7.55,74397
CGAA.TO,20231123,24.38,24.38,24.38,24.38,1385
CGBI.TO,20231123,17.13,17.13,17.13,17.13,1700
CGG.TO,20231123,5.53,5.53,5.5,5.5,1200
CGIN.TO,20231123,20.14,20.14,20.14,20.14,150
CGL.TO,20231123,15.95,16.01,15.86,15.89,26344
CGL.C.TO,20231123,23.13,23.13,23.13,23.13,204
CGLO.TO,20231123,25.2,25.5,25.2,25.5,300
CGO.TO,20231123,46.51,47.43,46.51,46.94,12659
CGR.TO,20231123,26.48,26.57,26.4,26.57,1200
CGX.TO,20231123,8.79,8.82,8.35,8.35,361286
CGX.DB.B.TO,20231123,99,99,99,99,10000
CGXF.TO,20231123,9.74,9.78,9.74,9.74,10202
CGXF.U.TO,20231123,7.54,7.54,7.54,7.54,300
CGY.TO,20231123,51.55,51.61,51.3,51.3,2682
CHE.DB.G.TO,20231123,101,101,101,101,44000
CHE.DB.H.TO,20231123,96.5,96.5,96.27,96.27,109000
CHE.UN.TO,20231123,8.76,8.85,8.75,8.77,97957
CHP.UN.TO,20231123,13.24,13.24,13.13,13.16,79432
CHR.TO,20231123,2.3,2.3,2.26,2.28,103905
CHR.DB.B.TO,20231123,90,90,90,90,1000
CHR.DB.C.TO,20231123,83.5,83.5,83.5,83.5,2000
CHW.TO,20231123,6.65,6.65,6.65,6.65,200
CIA.TO,20231123,6.82,6.87,6.8,6.84,48769
CIC.TO,20231123,9.9,9.91,9.9,9.91,2721
CIF.TO,20231123,35.88,36.13,35.88,36.13,329
CIGI.TO,20231123,146.41,148.21,146.41,147.68,48800
CIU.PR.A.TO,20231123,17.3,17.3,16.92,16.93,700
CIX.TO,20231123,13.66,13.9,13.66,13.79,117742
CJ.TO,20231123,6.76,6.83,6.71,6.83,421016
CJR.B.TO,20231123,0.54,0.56,0.52,0.55,747285
CJT.TO,20231123,93.55,96.79,93.55,96.25,48242
CLF.TO,20231123,16.62,16.62,16.61,16.61,2700
CLG.TO,20231123,16.48,16.48,16.47,16.47,36700
CLS.TO,20231123,36.63,37.15,36.49,37.07,60191
CM.TO,20231123,53.71,53.98,53.57,53.65,846270
CM.PR.O.TO,20231123,18.5,18.58,18.49,18.58,49000
CM.PR.P.TO,20231123,17.57,17.64,17.51,17.51,3000
CM.PR.S.TO,20231123,21.11,21.2,21.1,21.2,2815
CM.PR.Y.TO,20231123,24.88,24.9,24.88,24.9,3700
CMAG.TO,20231123,26.81,26.88,26.8,26.88,1210
CMDO.TO,20231123,18.75,18.78,18.75,18.77,13000
CMDO.U.TO,20231123,18.91,18.99,18.91,18.99,7886
CMG.TO,20231123,10.1,10.41,10.04,10.2,184822
CMR.TO,20231123,50.02,50.02,50.01,50.02,33819
CNCC.TO,20231123,11.7,11.73,11.7,11.73,850
CNCL.TO,20231123,18.93,18.98,18.93,18.98,375
CNE.TO,20231123,7.25,7.25,6.93,7,15386
CNL.TO,20231123,4.11,4.17,4.11,4.13,2632
CNQ.TO,20231123,88.46,89.33,88.41,89.33,1007587
CNR.TO,20231123,156.39,158.08,156.01,157.67,351426
COMM.TO,20231123,29.71,29.9,29.71,29.9,729
COPP.TO,20231123,23.97,23.97,23.97,23.97,100
COW.TO,20231123,60.56,60.56,60.55,60.55,483
CP.TO,20231123,97,98.09,97,98,208994
CPD.TO,20231123,10.7,10.7,10.56,10.64,16061
CPH.TO,20231123,6.09,6.2,5.98,6.08,37966
CPLF.TO,20231123,5.66,5.8,5.65,5.8,46830
CPLS.TO,20231123,17.46,17.46,17.46,17.46,1500
CPX.TO,20231123,36.62,36.75,36.37,36.61,207954
CPX.PR.A.TO,20231123,13.25,13.25,13.25,13.25,200
CPX.PR.C.TO,20231123,22.96,23.08,22.91,23.08,4100
CPX.PR.E.TO,20231123,20.9,21.35,20.87,21.3,4800
CPX.PR.K.TO,20231123,24.6,24.83,24.6,24.83,5700
CR.TO,20231123,5.13,5.18,5.1,5.17,154454
CRDL.TO,20231123,1.15,1.19,1.14,1.18,15925
CRED.TO,20231123,18.95,18.95,18.95,18.95,800
CRON.TO,20231123,2.7,2.75,2.69,2.73,30373
CROP.TO,20231123,17.16,17.17,17.16,17.16,18100
CRP.TO,20231123,2.24,2.24,2.23,2.23,1600
CRR.UN.TO,20231123,13.19,13.2,13.05,13.14,66465
CRRX.TO,20231123,1.16,1.21,1.16,1.18,18559
CRT.UN.TO,20231123,13.85,13.92,13.79,13.79,78426
CRWN.NT.TO,20231123,93,94,93,94,65000
CS.TO,20231123,5.34,5.44,5.34,5.39,331623
CSAV.TO,20231123,50.21,50.21,50.2,50.21,10779
CSE.PR.A.TO,20231123,11.9,11.9,11.9,11.9,100
CSH.UN.TO,20231123,10.81,10.92,10.72,10.76,138445
CSU.TO,20231123,3194.09,3226.5,3182,3194.46,7426
CSU.DB.TO,20231123,127.25,127.5,127.25,127.5,6000
CSW.A.TO,20231123,12.76,12.85,12.6,12.6,22764
CSW.B.TO,20231123,12.06,12.18,11.65,11.74,13186
CTC.A.TO,20231123,140,140,139.17,139.69,43137
CTF.UN.TO,20231123,3.25,3.25,3.25,3.25,15300
CTS.TO,20231123,4.17,4.17,4.09,4.15,193516
CU.TO,20231123,30.85,31.1,30.76,30.88,104604
CU.PR.C.TO,20231123,17.52,17.72,17.52,17.72,200
CU.PR.E.TO,20231123,18.5,18.51,18.5,18.5,3500
CU.PR.G.TO,20231123,17.19,17.19,17.1,17.14,2000
CU.PR.I.TO,20231123,21.5,21.5,21.5,21.5,644
CUD.TO,20231123,47.68,47.73,47.68,47.68,1465
CUEI.TO,20231123,24.59,24.59,24.58,24.58,500
CUP.U.TO,20231123,11.5,11.5,11.5,11.5,2700
CVD.TO,20231123,14.74,14.74,14.74,14.74,1142
CVE.TO,20231123,23.9,24.21,23.87,24.16,896849
CVE.PR.A.TO,20231123,13.17,13.17,13.17,13.17,294
CVE.PR.B.TO,20231123,15,15,14.93,14.93,2467
CVE.PR.C.TO,20231123,20.51,20.85,20.51,20.85,6100
CVE.PR.E.TO,20231123,21.25,21.55,21.25,21.55,1200
CVE.WT.TO,20231123,17.55,17.61,17.55,17.58,600
CVO.TO,20231123,11.05,11.29,10.94,11.12,19529
CWB.TO,20231123,28.78,28.93,28.74,28.74,48621
CWB.PR.B.TO,20231123,19.21,19.21,19.21,19.21,300
CWB.PR.D.TO,20231123,24.36,24.37,24.36,24.37,700
CWEB.TO,20231123,0.29,0.29,0.28,0.29,5200
CWW.TO,20231123,49.47,49.69,49.4,49.69,1039
CXB.TO,20231123,1.28,1.29,1.27,1.28,1406806
CXF.TO,20231123,8.32,8.32,8.32,8.32,601
CYB.TO,20231123,60.25,60.83,60,60.8,5537
CYBR.TO,20231123,40.01,40.05,39.98,39.98,1600
D.UN.TO,20231123,8.7,8.7,8.6,8.62,28954
DANC.TO,20231123,21.55,21.56,21.54,21.54,2453
DATA.TO,20231123,19.97,19.97,19.97,19.97,113
DBM.TO,20231123,6.5,6.52,6.48,6.52,53140
DCBO.TO,20231123,67.5,67.5,66.15,66.68,36157
DCM.TO,20231123,2.62,2.66,2.61,2.61,28701
DCS.TO,20231123,18.14,18.14,18.12,18.12,4400
DCU.TO,20231123,17.06,17.06,17.05,17.05,1300
DF.TO,20231123,3.29,3.49,3.29,3.42,87746
DF.PR.A.TO,20231123,9.79,9.79,9.77,9.77,11000
DFN.TO,20231123,4.19,4.36,4.18,4.34,255116
DFN.PR.A.TO,20231123,9.73,9.74,9.7,9.74,47100
DFY.TO,20231123,36.88,37.23,36.86,36.87,31148
DGR.TO,20231123,38.93,38.98,38.93,38.98,450
DGR.B.TO,20231123,43.63,43.63,43.63,43.63,188
DGRC.TO,20231123,34.98,34.98,34.98,34.98,380
DGS.TO,20231123,4.65,4.65,4.58,4.64,27651
DGS.PR.A.TO,20231123,9.85,9.86,9.84,9.86,6880
DHT.UN.TO,20231123,12.24,12.3,12,12,13300
DIAM.TO,20231123,0.07,0.07,0.07,0.07,59825
DIR.UN.TO,20231123,12.38,12.5,12.37,12.45,97412
DISC.TO,20231123,33.86,33.86,33.86,33.86,137
DIV.TO,20231123,2.62,2.62,2.59,2.59,109358
DLCG.TO,20231123,2.5,2.67,2.45,2.63,116265
DLR.TO,20231123,14.09,14.1,14.08,14.09,238362
DLR.U.TO,20231123,10.28,10.29,10.28,10.28,211458
DML.TO,20231123,2.53,2.57,2.53,2.56,632179
DN.TO,20231123,0.035,0.035,0.03,0.03,7914
DND.TO,20231123,13.02,13.27,12.8,13.24,185252
DNG.TO,20231123,3.6,3.6,3.55,3.58,27852
DNTL.TO,20231123,5.58,5.67,5.58,5.65,66241
DOL.TO,20231123,98.35,98.85,98.28,98.4,57979
DOO.TO,20231123,99.05,100.05,98.98,99.19,45426
DPM.TO,20231123,9.65,9.67,9.55,9.59,41325
DR.TO,20231123,8.68,8.69,8.63,8.63,3429
DRFE.TO,20231123,19.7,19.7,19.7,19.7,600
DRFG.TO,20231123,24.74,24.74,24.74,24.74,122
DRM.TO,20231123,20.5,20.5,20.13,20.25,12862
DRMC.TO,20231123,25.35,25.35,25.35,25.35,868
DRR.U.TO,20231123,6.02,6.38,6.01,6.38,3021
DRR.UN.TO,20231123,8.41,8.94,8.36,8.94,2800
DRT.TO,20231123,0.39,0.39,0.39,0.39,500
DRT.DB.A.TO,20231123,50,50,50,50,250000
DRX.TO,20231123,5.2,5.3,5.2,5.29,5720
DS.TO,20231123,6.15,6.15,6.09,6.09,2235
DSG.TO,20231123,110.46,111.73,110.46,111.42,12805
DSV.TO,20231123,0.7,0.7,0.67,0.68,83458
DXB.TO,20231123,17.94,17.95,17.89,17.89,36200
DXBC.TO,20231123,20.67,20.67,20.67,20.67,500
DXBU.TO,20231123,20.9,20.9,20.9,20.9,600
DXC.TO,20231123,32.8,32.85,32.77,32.77,2001
DXDB.TO,20231123,20.1,20.13,20.1,20.12,1703
DXEM.TO,20231123,12.93,12.93,12.93,12.93,458
DXG.TO,20231123,49.51,49.51,49.37,49.37,6211
DXGE.TO,20231123,21.44,21.44,21.44,21.44,2800
DXO.TO,20231123,18.79,18.8,18.79,18.8,2600
DXP.TO,20231123,19.36,19.43,19.36,19.38,5867
DXQ.TO,20231123,23.23,23.26,23.23,23.26,3628
DXR.TO,20231123,20.34,20.35,20.24,20.24,800
DXT.TO,20231123,5.7,5.8,5.7,5.8,10499
DXU.TO,20231123,46.54,46.54,46.48,46.48,803
DXUS.TO,20231123,21.73,21.74,21.73,21.74,2000
DXV.TO,20231123,19.78,19.78,19.72,19.72,5727
DXW.TO,20231123,21.7,21.7,21.67,21.68,1300
DYA.TO,20231123,0.155,0.155,0.145,0.15,197551
E.TO,20231123,0.71,0.71,0.71,0.71,21328
EAGR.TO,20231123,0.45,0.45,0.45,0.45,2500
EBIT.TO,20231123,18.53,18.65,18.45,18.62,16258
EBIT.U.TO,20231123,13.56,13.56,13.56,13.56,100
EBNK.TO,20231123,9.59,9.59,9.5,9.5,1200
ECN.TO,20231123,2.06,2.19,2.06,2.17,167345
ECN.DB.TO,20231123,81.1,81.1,76.6,80,132000
ECN.DB.A.TO,20231123,84.1,84.1,83.5,83.5,54000
ECN.DB.B.TO,20231123,70,70,70,70,97000
ECN.PR.C.TO,20231123,15.25,15.5,15.25,15.5,600
ECO.TO,20231123,3.69,3.69,3.65,3.65,10100
EDR.TO,20231123,2.93,3,2.92,2.92,86304
EDT.TO,20231123,0.38,0.38,0.38,0.38,6500
EDV.TO,20231123,29.96,30.13,29.81,29.81,26723
EFN.TO,20231123,20.93,21.19,20.89,21.11,87040
EFN.PR.C.TO,20231123,24.98,24.99,24.98,24.99,1000
EFN.PR.E.TO,20231123,24.8,24.8,24.6,24.6,4000
EFR.TO,20231123,11.53,11.65,11.48,11.62,50900
EFX.TO,20231123,5.57,5.72,5.57,5.7,101897
EGLX.TO,20231123,0.345,0.35,0.335,0.35,25301
EHE.TO,20231123,30.09,30.09,30.09,30.09,384
EIF.TO,20231123,45.35,45.62,44.9,45.3,36839
EIF.DB.J.TO,20231123,99.11,99.11,99,99,22000
EIF.DB.L.TO,20231123,95.5,95.5,95.5,95.5,5000
EIT.PR.A.TO,20231123,24.69,24.69,24.69,24.69,2000
EIT.UN.TO,20231123,12.73,12.75,12.68,12.7,101140
ELD.TO,20231123,15.9,16.13,15.9,16.11,98774
ELF.PR.F.TO,20231123,19.65,20,19.65,19.88,1100
ELF.PR.H.TO,20231123,20,20.16,19.9,20.15,2770
ELO.TO,20231123,1.45,1.5,1.44,1.47,39200
ELR.TO,20231123,0.105,0.105,0.105,0.105,2500
ELVA.TO,20231123,3.55,3.58,3.55,3.55,2700
EMA.TO,20231123,48.46,48.5,48.21,48.32,173509
EMA.PR.B.TO,20231123,15.5,15.95,15.5,15.95,800
EMA.PR.C.TO,20231123,19.9,20.06,19.9,20.06,1000
EMA.PR.E.TO,20231123,16.75,16.75,16.75,16.75,1000
EMA.PR.F.TO,20231123,16.83,16.83,16.83,16.83,100
EMA.PR.H.TO,20231123,21.2,21.2,20.75,20.75,5000
EMA.PR.J.TO,20231123,17.64,17.85,17.61,17.85,2300
EMA.PR.L.TO,20231123,16.9,16.9,16.8,16.8,4200
EMP.A.TO,20231123,38.49,38.82,37.41,37.53,185979
EMV.B.TO,20231123,26.18,26.18,26.15,26.15,600
ENB.TO,20231123,46.55,46.66,46.44,46.45,603282
ENB.PF.A.TO,20231123,15.98,16,15.95,16,22725
ENB.PF.C.TO,20231123,15.5,15.5,15.5,15.5,10000
ENB.PF.E.TO,20231123,14.96,14.96,14.81,14.94,4231
ENB.PF.G.TO,20231123,14.77,14.85,14.75,14.85,2572
ENB.PF.K.TO,20231123,19.26,19.45,19.26,19.37,1900
ENB.PF.V.TO,20231123,21.78,21.78,21.78,21.78,228
ENB.PR.A.TO,20231123,20.22,20.22,20.2,20.2,800
ENB.PR.B.TO,20231123,15.56,15.56,15.45,15.49,3212
ENB.PR.D.TO,20231123,15.87,15.87,15.7,15.71,5384
ENB.PR.F.TO,20231123,16.33,16.33,16.2,16.22,8416
ENB.PR.H.TO,20231123,17.77,17.94,17.77,17.89,7469
ENB.PR.J.TO,20231123,17.29,17.48,17.29,17.44,8487
ENB.PR.N.TO,20231123,19.26,19.4,19.25,19.34,18665
ENB.PR.P.TO,20231123,17.28,17.49,17.23,17.38,3039
ENB.PR.T.TO,20231123,16.3,16.33,16.3,16.33,38700
ENB.PR.V.TO,20231123,20.68,20.68,20.68,20.68,2035
ENB.PR.Y.TO,20231123,15.25,15.25,15.17,15.25,16200
ENCC.TO,20231123,10.93,11,10.93,11,23512
ENCL.TO,20231123,19.59,19.77,19.59,19.77,3890
ENGH.TO,20231123,34.15,34.72,34.14,34.52,18761
ENS.TO,20231123,12.25,12.46,12.18,12.4,45714
ENS.PR.A.TO,20231123,9.86,9.89,9.81,9.89,4300
EPRX.TO,20231123,5.84,5.9,5.84,5.9,1138
EQB.TO,20231123,73.29,74.25,73.12,74.12,25797
EQL.TO,20231123,30.58,30.63,30.57,30.63,7700
EQL.F.TO,20231123,26.3,26.33,26.2,26.21,6350
EQX.TO,20231123,6.61,6.66,6.58,6.63,46286
ERD.TO,20231123,0.305,0.31,0.305,0.31,11500
ERE.UN.TO,20231123,2.23,2.25,2.23,2.25,27335
ERO.TO,20231123,17.22,17.71,17.22,17.23,180941
ESG.TO,20231123,33.27,33.27,33.22,33.22,1318
ESGA.TO,20231123,32.85,32.85,32.85,32.85,100
ESGB.TO,20231123,26.06,26.06,26.05,26.05,834
ESI.TO,20231123,2.01,2.09,2.01,2.08,125500
ESM.TO,20231123,0.04,0.04,0.035,0.035,28073
ESPX.TO,20231123,21.41,21.41,21.41,21.41,150
ET.TO,20231123,12.11,12.2,12.11,12.17,3129
ETC.TO,20231123,8.5,8.51,8.38,8.5,47737
ETG.TO,20231123,1.25,1.26,1.24,1.25,15319
ETHH.TO,20231123,8.44,8.5,8.35,8.49,46029
ETHH.B.TO,20231123,9.83,9.88,9.74,9.86,14305
ETHH.U.TO,20231123,8.98,8.99,8.94,8.99,4490
ETHQ.TO,20231123,11.16,11.18,11.15,11.18,11643
ETHR.TO,20231123,9.78,9.82,9.68,9.82,10111
ETHX.B.TO,20231123,10.19,10.29,10.1,10.23,126505
ETHX.U.TO,20231123,9.29,9.34,9.23,9.33,14325
ETHY.TO,20231123,3.17,3.18,3.17,3.18,14108
ETHY.B.TO,20231123,4.03,4.03,3.97,3.98,2053
ETSX.TO,20231123,19.01,19.01,19.01,19.01,3113
EXE.TO,20231123,6.62,6.74,6.62,6.7,150125
EXE.DB.C.TO,20231123,95.01,95.01,95,95,13000
EXN.TO,20231123,0.105,0.105,0.1,0.105,62638
EXRO.TO,20231123,1.37,1.4,1.33,1.4,70440
FANS.TO,20231123,0.04,0.04,0.04,0.04,5000
FAP.TO,20231123,2.56,2.56,2.56,2.56,409
FAR.TO,20231123,1.8,1.8,1.8,1.8,5622
FBGO.TO,20231123,17.06,17.06,17.06,17.06,693
FBTC.TO,20231123,17.05,17.12,16.9,17.09,3115
FC.TO,20231123,10.3,10.43,10.29,10.38,20520
FC.DB.H.TO,20231123,96.5,97,96.5,97,61000
FCCD.TO,20231123,25.6,25.6,25.53,25.53,4543
FCCQ.TO,20231123,30.86,30.86,30.78,30.8,1100
FCCV.TO,20231123,12.72,12.81,12.72,12.79,9233
FCD.UN.TO,20231123,4.98,5,4.97,5,11289
FCII.TO,20231123,20.43,20.43,20.43,20.43,300
FCIQ.TO,20231123,34.55,34.78,34.55,34.55,3370
FCIQ.U.TO,20231123,25.32,25.37,25.32,25.37,1600
FCIV.TO,20231123,32.22,32.45,32.21,32.45,3000
FCR.UN.TO,20231123,13.92,13.92,13.79,13.81,112282
FCSI.TO,20231123,19.24,19.24,19.24,19.24,253
FCU.TO,20231123,1.04,1.06,1.04,1.06,218521
FCUQ.TO,20231123,49.04,49.05,49.04,49.05,200
FCUV.TO,20231123,14.57,14.58,14.51,14.58,16833
FCVH.TO,20231123,13.87,13.87,13.87,13.87,300
FDY.TO,20231123,0.59,0.59,0.57,0.57,126419
FEC.TO,20231123,9.1,9.29,9.06,9.2,23638
FF.TO,20231123,0.12,0.125,0.12,0.125,208500
FFH.TO,20231123,1241.17,1259.1,1241.17,1249.5,6079
FFH.PR.C.TO,20231123,19.78,19.8,19.78,19.8,1400
FFH.PR.D.TO,20231123,20.1,20.1,20,20.1,600
FFH.PR.E.TO,20231123,14.73,14.99,14.73,14.89,2800
FFH.PR.F.TO,20231123,16.41,16.41,16.41,16.41,700
FFH.PR.G.TO,20231123,15.41,15.41,15.41,15.41,110
FFH.PR.H.TO,20231123,17.5,17.5,17.31,17.31,2200
FFH.PR.I.TO,20231123,15.99,16,15.91,16,10783
FFH.PR.J.TO,20231123,18.26,18.26,18.25,18.25,2200
FFH.PR.K.TO,20231123,18.61,18.73,18.61,18.73,2081
FFH.PR.M.TO,20231123,22.1,22.19,22.05,22.09,1800
FFN.TO,20231123,3.3,3.38,3.3,3.36,39519
FFN.PR.A.TO,20231123,9.97,9.99,9.97,9.99,36461
FGGE.TO,20231123,21.95,22,21.95,21.99,1430
FGO.TO,20231123,9.72,9.73,9.72,9.73,2230
FHIS.TO,20231123,20.48,20.48,20.46,20.47,17741
FIE.TO,20231123,6.44,6.48,6.44,6.47,27569
FIG.TO,20231123,8.94,8.94,8.94,8.94,1500
FIG.U.TO,20231123,8.53,8.53,8.53,8.53,100
FIH.U.TO,20231123,12.71,13,12.71,12.89,6230
FIL.TO,20231123,18.45,18.56,18.26,18.34,31407
FINE.TO,20231123,19.81,19.92,19.81,19.92,4315
FINO.TO,20231123,18.72,18.72,18.64,18.64,374
FLCP.TO,20231123,17.14,17.14,17.12,17.12,3334
FLGA.TO,20231123,18.32,18.36,18.29,18.3,8205
FLOW.TO,20231123,0.25,0.27,0.25,0.27,162000
FLSD.TO,20231123,18.53,18.53,18.53,18.53,390
FLUS.TO,20231123,36.32,36.39,36.32,36.39,894
FLX.TO,20231123,6.79,6.79,6.78,6.78,700
FM.TO,20231123,13.75,14.15,13.63,13.66,796633
FN.TO,20231123,37.52,38.35,37.52,38,26426
FN.PR.B.TO,20231123,13.35,13.35,13.35,13.35,450
FNV.TO,20231123,162.2,162.98,160.54,160.84,104405
FOM.TO,20231123,4.29,4.36,4.26,4.3,280135
FOOD.TO,20231123,0.36,0.36,0.355,0.355,40955
FORA.TO,20231123,4.92,4.92,4.9,4.9,700
FRU.TO,20231123,14.32,14.45,14.28,14.42,102158
FSB.TO,20231123,9.46,9.46,9.46,9.46,5899
FST.TO,20231123,43.32,43.32,43.32,43.32,700
FSV.TO,20231123,213.87,216.18,213.87,215.2,17550
FSY.TO,20231123,0.76,0.78,0.76,0.78,21484
FSZ.TO,20231123,4.85,5.02,4.85,5.01,144931
FT.TO,20231123,0.03,0.03,0.03,0.03,2000
FTG.TO,20231123,4.04,4.05,4.01,4.04,2220
FTN.TO,20231123,7.16,7.24,7.13,7.2,149582
FTN.PR.A.TO,20231123,10.06,10.06,10.04,10.06,97144
FTS.TO,20231123,56.24,56.34,56.12,56.24,295958
FTS.PR.F.TO,20231123,19.49,19.49,19.29,19.29,900
FTS.PR.G.TO,20231123,19.19,19.6,19.19,19.6,12676
FTS.PR.I.TO,20231123,15.19,15.19,15.19,15.19,100
FTS.PR.J.TO,20231123,18.49,18.49,18.32,18.32,2800
FTS.PR.K.TO,20231123,17.8,17.82,17.65,17.75,6500
FTT.TO,20231123,35.36,35.6,35.35,35.38,150477
FTU.TO,20231123,0.165,0.17,0.165,0.17,4100
FTU.PR.B.TO,20231123,5.27,5.33,5.25,5.33,15800
FURY.TO,20231123,0.46,0.46,0.455,0.455,26686
FVI.TO,20231123,5,5.01,4.91,4.94,443427
FVL.TO,20231123,0.33,0.335,0.33,0.33,23487
FWCP.TO,20231123,16.76,16.76,16.76,16.76,728
FXM.TO,20231123,20.57,20.61,20.56,20.57,3604
GATO.TO,20231123,8.18,8.18,8.12,8.16,315
GAU.TO,20231123,0.87,0.87,0.83,0.87,13322
GBAL.TO,20231123,43,43,43,43,187
GBT.TO,20231123,12.55,12.55,12.55,12.55,300
GCBD.TO,20231123,17.31,17.31,17.31,17.31,4600
GCG.TO,20231123,41.6,43.39,41.6,42.8,1350
GCG.A.TO,20231123,41.5,43.85,41.5,42.47,3850
GCL.TO,20231123,1.15,1.17,1.15,1.15,6169
GCNS.TO,20231123,40.22,40.22,39.41,39.41,701
GCTB.TO,20231123,50.22,50.22,50.22,50.22,600
GDC.TO,20231123,2.23,2.23,2.22,2.22,4200
GDI.TO,20231123,36.31,36.47,36.19,36.28,1430
GDL.TO,20231123,14.18,14.18,13.79,13.99,2485
GDPY.B.TO,20231123,20.18,20.18,20.18,20.18,400
GDV.TO,20231123,8.6,8.69,8.6,8.67,15622
GDV.PR.A.TO,20231123,9.64,9.64,9.58,9.6,11698
GEI.TO,20231123,20.52,20.78,20.52,20.68,70265
GENM.TO,20231123,0.23,0.23,0.22,0.22,61600
GEO.TO,20231123,1.91,1.99,1.91,1.97,1731
GEQT.TO,20231123,49.69,49.69,49.55,49.55,200
GFL.TO,20231123,40.35,40.54,39.85,39.85,33782
GGD.TO,20231123,1.17,1.23,1.17,1.2,104001
GH.TO,20231123,9.1,9.15,9.1,9.15,1650
GIB.A.TO,20231123,138.5,139.06,138.12,138.23,55840
GIL.TO,20231123,48.49,49.33,48.49,49.16,131775
GIVX.TO,20231123,0.47,0.49,0.47,0.49,7000
GLCC.TO,20231123,23.35,23.37,23.3,23.37,6804
GLO.TO,20231123,2.61,2.61,2.5,2.5,203740
GLXY.TO,20231123,7.59,7.59,7.42,7.48,168381
GMTN.TO,20231123,0.085,0.085,0.08,0.08,84259
GMX.TO,20231123,0.91,0.91,0.91,0.91,500
GOLD.TO,20231123,1.1,1.16,1.1,1.16,143458
GOOS.TO,20231123,14.57,14.85,14.57,14.67,148368
GRA.TO,20231123,2.01,2.01,1.93,1.94,96850
GRC.TO,20231123,0.085,0.085,0.085,0.085,2000
GRCC.TO,20231123,20.58,20.58,20.58,20.58,245
GRN.TO,20231123,0.16,0.165,0.16,0.16,49253
GRT.UN.TO,20231123,69.62,69.62,69.01,69.52,20276
GSY.TO,20231123,129.5,130.29,128.69,129.49,7215
GTE.TO,20231123,8.49,8.6,8.49,8.6,6002
GUD.TO,20231123,5.25,5.29,5.25,5.26,31050
GURU.TO,20231123,1.98,2.05,1.98,2.05,333
GVC.TO,20231123,0.1,0.1,0.1,0.1,182000
GWO.TO,20231123,43.69,43.94,43.63,43.68,261051
GWO.PR.G.TO,20231123,19.78,19.8,19.44,19.7,4102
GWO.PR.H.TO,20231123,18.49,18.6,18.42,18.6,5846
GWO.PR.I.TO,20231123,17.53,17.67,17.53,17.58,1700
GWO.PR.L.TO,20231123,21.15,21.35,21.15,21.28,3100
GWO.PR.M.TO,20231123,21.78,21.99,21.78,21.97,1300
GWO.PR.P.TO,20231123,20.14,20.14,20.08,20.1,1389
GWO.PR.Q.TO,20231123,19.31,19.31,19.31,19.31,1100
GWO.PR.R.TO,20231123,18.75,18.75,18.32,18.32,1456
GWO.PR.S.TO,20231123,19.25,19.61,19.25,19.6,1509
GWO.PR.T.TO,20231123,19.2,19.2,18.92,18.92,1500
GWO.PR.Y.TO,20231123,17.32,17.5,17.25,17.5,2700
GXE.TO,20231123,0.66,0.67,0.64,0.65,1371766
H.TO,20231123,38.08,38.22,38,38.08,122739
HAB.TO,20231123,9.55,9.57,9.53,9.53,4300
HAD.TO,20231123,8.61,8.61,8.61,8.61,100
HAI.TO,20231123,3.6,3.65,3.58,3.65,41350
HAL.TO,20231123,18.3,18.35,18.3,18.35,3111
HAZ.TO,20231123,30.61,30.8,30.61,30.78,8512
HBA.TO,20231123,21.07,21.2,21.06,21.2,2301
HBAL.TO,20231123,13.56,13.59,13.56,13.59,3255
HBB.TO,20231123,45.22,45.22,45.18,45.18,2013
HBF.TO,20231123,9.34,9.38,9.34,9.36,6493
HBF.B.TO,20231123,10.39,10.42,10.39,10.42,200
HBFE.TO,20231123,9.96,9.96,9.96,9.96,300
HBM.TO,20231123,6.17,6.25,6.17,6.2,147710
HBND.TO,20231123,15.7,15.75,15.66,15.68,14855
HBNK.TO,20231123,18.9,18.9,18.82,18.83,1542
HBP.TO,20231123,0.23,0.23,0.23,0.23,35500
HBU.TO,20231123,11.18,11.18,11.14,11.14,350
HCA.TO,20231123,19.14,19.21,19.14,19.16,4065
HCAL.TO,20231123,18.14,18.24,18.09,18.09,17022
HCRE.TO,20231123,22.59,22.6,22.56,22.56,1100
HDIF.TO,20231123,7.65,7.65,7.63,7.64,11829
HDIV.TO,20231123,15.35,15.35,15.3,15.32,22023
HEB.TO,20231123,14.87,14.9,14.82,14.82,4465
HED.TO,20231123,5.24,5.24,5.21,5.21,4500
HEQT.TO,20231123,14.62,14.62,14.62,14.62,419
HEU.TO,20231123,25.55,25.78,25.54,25.78,4738
HEWB.TO,20231123,27.68,27.78,27.68,27.71,3525
HFD.TO,20231123,11.48,11.52,11.48,11.5,1072
HFIN.TO,20231123,13.54,13.63,13.54,13.6,1700
HFPC.U.TO,20231123,2.34,2.85,2.34,2.85,23366
HFR.TO,20231123,9.79,9.79,9.78,9.79,7400
HFU.TO,20231123,17.03,17.24,17.03,17.24,400
HGD.TO,20231123,5.96,5.96,5.9,5.96,15755
HGRW.TO,20231123,20.94,20.94,20.94,20.94,188
HGU.TO,20231123,12.87,12.98,12.71,12.98,145853
HGY.TO,20231123,9.66,9.66,9.66,9.66,4500
HHL.TO,20231123,7.81,7.81,7.79,7.81,10200
HHLE.TO,20231123,9.75,9.75,9.75,9.75,1451
HISU.U.TO,20231123,100.36,100.36,100.36,100.36,776
HIU.TO,20231123,13.47,13.47,13.47,13.47,100
HIX.TO,20231123,29.66,29.66,29.66,29.66,100
HLF.TO,20231123,10.75,10.75,10.38,10.38,17999
HLIF.TO,20231123,8.54,8.54,8.53,8.53,320
HLIT.TO,20231123,24.72,24.72,24.72,24.72,501
HLPR.TO,20231123,22.06,22.1,22.06,22.06,1259
HLS.TO,20231123,3.37,3.56,3.37,3.55,4564
HMAX.TO,20231123,13.5,13.53,13.47,13.48,86856
HMM.A.TO,20231123,8.74,8.74,8.51,8.6,1750
HMMJ.TO,20231123,8.62,8.71,8.62,8.7,890
HMP.TO,20231123,9.2,9.23,9.2,9.23,4800
HND.TO,20231123,63.7,64.04,62.79,62.81,48375
HNU.TO,20231123,9.47,9.58,9.36,9.58,964275
HOD.TO,20231123,8.42,8.48,8.25,8.25,370176
HOM.U.TO,20231123,10.17,10.45,10.17,10.4,18000
HOM.UN.TO,20231123,14.15,14.31,14.09,14.3,11059
HOT.U.TO,20231123,0.51,0.51,0.51,0.51,500
HOT.UN.TO,20231123,0.75,0.76,0.73,0.74,89574
HOU.TO,20231123,13.01,13.32,12.92,13.27,340280
HPF.TO,20231123,3.42,3.46,3.42,3.46,200
HPR.TO,20231123,7.47,7.57,7.47,7.53,42382
HPS.A.TO,20231123,80.6,81.75,79.76,80.65,19655
HPYT.TO,20231123,12.02,12.1,12,12.1,176154
HQD.TO,20231123,17.49,17.49,17.39,17.45,10572
HQU.TO,20231123,15.43,15.58,15.4,15.55,17395
HR.UN.TO,20231123,9.05,9.09,9.01,9.03,121441
HRX.TO,20231123,15,15.01,14.82,14.94,24322
HSAV.TO,20231123,108.7,108.85,108.7,108.72,51722
HSD.TO,20231123,24.5,24.52,24.38,24.39,8112
HSH.TO,20231123,56.3,56.3,56.3,56.3,500
HSU.TO,20231123,16.71,16.76,16.71,16.76,1072
HSUV.U.TO,20231123,107.38,107.47,107.3,107.37,3965
HTA.TO,20231123,15.85,15.9,15.82,15.83,8876
HTAE.TO,20231123,14.03,14.28,14.03,14.28,3861
HTB.TO,20231123,54.19,54.2,54.19,54.2,500
HTL.TO,20231123,1.26,1.26,1.26,1.26,1400
HUC.TO,20231123,21.14,21.16,20.9,21.15,1068
HULC.TO,20231123,74.34,74.45,74.28,74.41,4175
HULC.U.TO,20231123,54.27,54.28,54.23,54.27,500
HUM.TO,20231123,24.8,24.8,24.8,24.8,344
HUN.TO,20231123,9.56,9.61,9.56,9.61,1189
HURA.TO,20231123,35.8,35.8,35.65,35.65,1505
HUT.TO,20231123,2.58,2.62,2.55,2.56,616177
HUTE.TO,20231123,9.61,9.69,9.59,9.59,1879
HUTL.TO,20231123,16.31,16.42,16.29,16.42,5102
HUTS.TO,20231123,11.81,11.81,11.8,11.8,1115
HUV.TO,20231123,13.04,13.04,12.82,12.88,2500
HWO.TO,20231123,1.12,1.12,1.12,1.12,2301
HWX.TO,20231123,7.11,7.24,7.11,7.18,126863
HXCN.TO,20231123,31.99,32.01,31.99,32.01,1500
HXD.TO,20231123,6.92,6.95,6.91,6.95,6400
HXDM.TO,20231123,41.58,41.71,41.55,41.71,3600
HXE.TO,20231123,32.53,32.84,32.53,32.84,2081
HXEM.TO,20231123,32.72,32.76,32.65,32.76,1650
HXH.TO,20231123,44.59,44.59,44.44,44.44,1227
HXQ.TO,20231123,62.52,62.52,62.52,62.52,368
HXS.TO,20231123,63.49,63.49,63.37,63.48,7045
HXT.TO,20231123,50.92,51.15,50.92,50.97,26272
HXU.TO,20231123,18.61,18.61,18.61,18.61,702
HYBR.TO,20231123,7.69,7.69,7.69,7.69,100
HYLD.TO,20231123,12.09,12.17,12.06,12.08,20683
HYLD.U.TO,20231123,12.3,12.4,12.3,12.4,2623
HZD.TO,20231123,14.37,14.49,14.37,14.49,2220
HZU.TO,20231123,20.28,20.33,20.18,20.2,2249
IAF.PR.B.TO,20231123,19.1,19.1,19.1,19.1,1200
IAG.TO,20231123,88.3,90.02,88.3,89.81,81829
IAU.TO,20231123,1.96,2.01,1.96,2.01,124650
IDIV.B.TO,20231123,12.04,12.04,12,12,1100
IFA.TO,20231123,1.23,1.23,1.15,1.15,4300
IFC.TO,20231123,210.14,211.88,209.72,211.5,77501
IFC.PR.A.TO,20231123,17.89,17.96,17.37,17.37,4500
IFC.PR.C.TO,20231123,17.9,18.23,17.9,18.23,1700
IFC.PR.E.TO,20231123,20.01,20.11,20,20,3939
IFC.PR.F.TO,20231123,20.05,20.09,20.05,20.07,4300
IFC.PR.G.TO,20231123,21.8,21.8,21.78,21.78,1200
IFC.PR.I.TO,20231123,20.61,20.65,20.49,20.65,6100
IFC.PR.K.TO,20231123,20.11,20.25,20.1,20.15,3293
IFP.TO,20231123,22.5,22.75,22.36,22.69,39029
IFRF.TO,20231123,8.68,8.68,8.68,8.68,400
IGB.TO,20231123,17.3,17.4,17.27,17.27,3154
IGCF.TO,20231123,15.87,15.87,15.73,15.73,3167
IGM.TO,20231123,33.26,33.62,33.26,33.42,79590
III.TO,20231123,1.88,1.89,1.87,1.87,2500
IIP.UN.TO,20231123,11.96,12.06,11.96,12,24302
ILGB.TO,20231123,8.21,8.4,8.21,8.35,3800
ILLM.TO,20231123,1.51,1.51,1.47,1.5,38863
IMG.TO,20231123,3.27,3.28,3.23,3.24,127954
IMO.TO,20231123,77.5,78.82,77.5,78.8,176032
IMP.TO,20231123,0.46,0.54,0.46,0.52,59500
INC.UN.TO,20231123,6.97,6.97,6.85,6.95,2589
INE.TO,20231123,9.46,9.46,9.21,9.27,135872
INE.DB.B.TO,20231123,93.1,93.1,93.1,93.1,65000
INE.DB.C.TO,20231123,88.94,89,88.94,89,73000
INE.PR.A.TO,20231123,11.77,11.8,11.6,11.8,3100
INE.PR.C.TO,20231123,18.45,18.5,18.45,18.5,6700
INO.UN.TO,20231123,1.22,1.22,1.17,1.2,66875
IPCO.TO,20231123,13.68,13.76,13.43,13.53,7598
IPO.TO,20231123,2.38,2.39,2.37,2.39,32823
ISIF.TO,20231123,10.42,10.42,10.42,10.42,100
ISV.TO,20231123,20.8,20.85,20.8,20.82,3920
ITE.TO,20231123,0.175,0.175,0.17,0.175,63195
ITH.TO,20231123,0.5,0.5,0.5,0.5,3000
IUMF.F.TO,20231123,19.09,19.09,19.09,19.09,1200
IVN.TO,20231123,10.99,11.01,10.85,10.85,661016
IVQ.TO,20231123,0.28,0.28,0.28,0.28,59541
IVQ.DB.U.TO,20231123,37.05,37.05,37.05,37.05,14000
JAG.TO,20231123,1.69,1.72,1.69,1.7,6500
JFS.UN.TO,20231123,23.94,24.19,23.94,24.09,7900
JOY.TO,20231123,4.06,4.11,4.06,4.08,37526
JWEL.TO,20231123,28.31,29.27,28.31,29.2,75254
K.TO,20231123,7.58,7.61,7.56,7.57,342100
KBL.TO,20231123,34.55,34.6,34.4,34.4,3000
KEC.TO,20231123,12.56,12.71,12.56,12.71,800
KEG.UN.TO,20231123,13.21,13.29,13.2,13.29,1466
KEI.TO,20231123,5.34,5.73,5.34,5.73,3918
KEL.TO,20231123,7.26,7.3,7.2,7.22,134546
KEY.TO,20231123,32.35,33.02,32.35,33.02,234692
KILO.TO,20231123,29.66,29.81,29.66,29.81,5062
KITS.TO,20231123,5.21,5.21,5.1,5.13,2000
KMP.UN.TO,20231123,17.2,17.24,17.06,17.11,28291
KNT.TO,20231123,5.36,5.36,5.26,5.3,154534
KPT.TO,20231123,9.41,9.59,9.41,9.59,6301
KRN.TO,20231123,0.21,0.21,0.21,0.21,17948
KRR.TO,20231123,4.31,4.47,4.31,4.42,76248
KSI.TO,20231123,2.91,3.01,2.91,2.97,176516
KXS.TO,20231123,151.9,152.58,151.26,151.28,14963
L.TO,20231123,122.36,123.14,121.62,121.71,147139
L.PR.B.TO,20231123,20.5,20.65,20.5,20.65,4700
LAAC.TO,20231123,7.75,7.91,7.71,7.77,41129
LABS.TO,20231123,0.06,0.065,0.06,0.065,115283
LAC.TO,20231123,9.52,9.53,9.39,9.4,46735
LAM.TO,20231123,0.68,0.68,0.66,0.67,60870
LB.TO,20231123,25.75,26,25.75,25.88,51995
LB.PR.H.TO,20231123,15.68,15.68,15.4,15.4,11790
LBS.TO,20231123,7.82,7.89,7.77,7.86,34491
LBS.PR.A.TO,20231123,9.85,9.87,9.83,9.85,34539
LCFS.TO,20231123,7.45,7.45,7.45,7.45,100
LCS.TO,20231123,6.25,6.29,6.21,6.25,14375
LCS.PR.A.TO,20231123,10,10,9.98,9.99,5500
LEAD.TO,20231123,16.77,16.77,16.77,16.77,300
LEV.TO,20231123,2.27,2.27,2.23,2.25,30332
LFE.TO,20231123,3.58,3.63,3.58,3.62,7750
LFE.PR.B.TO,20231123,10.16,10.18,10.16,10.17,600
LGD.TO,20231123,0.255,0.255,0.25,0.255,22000
LGO.TO,20231123,2.75,2.91,2.75,2.86,8313
LIF.TO,20231123,31.99,32.05,31.51,31.59,50001
LIFE.TO,20231123,20.18,20.22,20.18,20.22,1942
LIFE.B.TO,20231123,23.75,23.75,23.75,23.75,1700
LIRC.TO,20231123,10.3,10.49,10.17,10.49,5307
LN.TO,20231123,0.345,0.345,0.345,0.345,500
LNF.TO,20231123,17.85,17.9,17.75,17.76,2962
LNR.TO,20231123,58.14,58.18,57.56,57.87,32438
LPAY.TO,20231123,28.47,28.48,28.46,28.46,864
LPEN.TO,20231123,0.09,0.09,0.07,0.07,292172
LSPD.TO,20231123,22.47,22.51,22.34,22.43,71319
LSPK.TO,20231123,0.45,0.45,0.45,0.45,1308
LUC.TO,20231123,0.34,0.37,0.34,0.37,127615
LUG.TO,20231123,15.11,15.12,14.99,15,57923
LUN.TO,20231123,9.37,9.45,9.37,9.43,218187
LYFR.TO,20231123,10.13,10.13,10.13,10.13,600
MAG.TO,20231123,14.69,14.79,14.63,14.63,25492
MAL.TO,20231123,7.8,8,7.77,7.9,4525
MATR.TO,20231123,13.91,14.09,13.76,14.08,140038
MAYB.F.TO,20231123,37.94,37.94,37.94,37.94,500
MBAL.TO,20231123,22.28,22.28,21.67,21.67,6440
MBX.TO,20231123,0.28,0.28,0.28,0.28,560
MCAD.TO,20231123,100.36,100.36,100.36,100.36,351
MCB.TO,20231123,1.62,1.62,1.61,1.62,6500
MCON.TO,20231123,19.88,19.88,19.88,19.88,900
MCSM.TO,20231123,35.75,35.75,35.35,35.35,507
MDA.TO,20231123,11.59,11.94,11.59,11.84,69669
MDI.TO,20231123,7.57,7.57,7.35,7.35,20100
MDNA.TO,20231123,0.43,0.43,0.43,0.43,20750
MDP.TO,20231123,1.54,1.57,1.49,1.54,136927
MDS.UN.TO,20231123,11.3,11.3,11.3,11.3,6093
MEE.TO,20231123,24.35,24.35,24.35,24.35,600
MEG.TO,20231123,25.6,25.99,25.53,25.97,605814
MEQT.TO,20231123,20.27,20.27,20.27,20.27,200
MFC.TO,20231123,26.05,26.29,26.05,26.22,4639418
MFC.PR.B.TO,20231123,18.94,19,18.94,19,4300
MFC.PR.C.TO,20231123,18.13,18.26,18.12,18.2,4629
MFC.PR.F.TO,20231123,14.06,14.13,14.06,14.12,6000
MFC.PR.I.TO,20231123,21.29,21.29,21.29,21.29,307
MFC.PR.J.TO,20231123,21.8,21.85,21.72,21.75,3500
MFC.PR.K.TO,20231123,21.5,21.5,21.45,21.45,1700
MFC.PR.M.TO,20231123,18.36,18.68,18.29,18.68,3350
MFC.PR.P.TO,20231123,16,16,16,16,400
MFC.PR.Q.TO,20231123,21.3,21.3,21.3,21.3,200
MFI.TO,20231123,25.24,25.25,24.97,25.02,30950
MFT.TO,20231123,17.32,17.35,17.32,17.34,15400
MG.TO,20231123,74.82,75.15,74.2,74.31,73191
MGA.TO,20231123,0.38,0.39,0.375,0.39,321605
MGB.TO,20231123,16.07,16.07,16.05,16.05,4100
MGRW.TO,20231123,23.73,23.73,23.73,23.73,9394
MHC.U.TO,20231123,15.09,15.12,14.87,14.87,300
MHC.UN.TO,20231123,20.75,20.77,20.75,20.77,600
MHCD.TO,20231123,10.67,10.67,10.67,10.67,2600
MI.UN.TO,20231123,14.2,14.21,14.09,14.17,18749
MIC.PR.A.TO,20231123,16.62,16.96,16.62,16.96,500
MID.UN.TO,20231123,6.27,6.31,6.25,6.29,6700
MIN.TO,20231123,0.145,0.15,0.145,0.15,43600
MINN.TO,20231123,15.31,15.31,15.31,15.31,1155
MINT.TO,20231123,34.13,34.14,34.13,34.14,300
MKB.TO,20231123,18.35,18.38,18.31,18.31,7805
MKC.TO,20231123,30.57,30.58,30.57,30.58,200
MKP.TO,20231123,15.47,15.52,15.35,15.35,3750
MMP.UN.TO,20231123,1.66,1.7,1.66,1.7,3000
MND.TO,20231123,1.75,1.75,1.75,1.75,992
MNO.TO,20231123,0.3,0.315,0.3,0.31,43000
MNT.TO,20231123,27.35,27.53,27.35,27.53,702
MNU.U.TO,20231123,100.37,100.37,100.37,100.37,1500
MNY.TO,20231123,100.33,100.33,100.33,100.33,409
MOGO.TO,20231123,1.61,1.64,1.61,1.64,5619
MPAY.TO,20231123,28,28.08,28,28.08,400
MPCT.UN.TO,20231123,5.71,5.86,5.49,5.5,129463
MPVD.TO,20231123,0.225,0.26,0.225,0.26,88584
MR.DB.B.TO,20231123,91,91,91,91,29000
MR.UN.TO,20231123,3.75,3.9,3.71,3.9,9829
MRC.TO,20231123,103,103,102.55,103,2700
MRD.TO,20231123,11.36,11.36,11.36,11.36,100
MRE.TO,20231123,12.28,12.31,12.15,12.17,26630
MREL.TO,20231123,11.43,11.46,11.41,11.41,1638
MRG.UN.TO,20231123,13.43,13.6,13.4,13.49,25036
MRT.DB.A.TO,20231123,86,86,86,86,15000
MRT.UN.TO,20231123,5.26,5.26,5.25,5.25,7300
MRU.TO,20231123,70.5,71.1,70.11,70.12,135757
MTL.TO,20231123,13.27,13.37,13.26,13.33,75489
MTY.TO,20231123,50.6,51.54,50.6,51.43,24997
MUB.TO,20231123,17.73,17.8,17.73,17.78,18505
MULC.TO,20231123,42.11,42.11,42.11,42.11,100
MUSD.U.TO,20231123,100.47,100.47,100.47,100.47,188
MUX.TO,20231123,10.14,10.14,9.71,9.87,1419
MWD.TO,20231123,26.62,26.62,26.49,26.49,1500
MX.TO,20231123,58.51,59.06,58.22,58.24,37901
MXG.TO,20231123,4.33,4.33,4.29,4.32,3295
NA.TO,20231123,89.4,90.11,89.24,89.61,215737
NA.PR.C.TO,20231123,25.08,25.1,24.95,25.1,7000
NA.PR.E.TO,20231123,21,21.3,21,21.3,5115
NA.PR.G.TO,20231123,24.01,24.35,23.89,24.16,4300
NA.PR.S.TO,20231123,18.9,19.05,18.9,19,52965
NA.PR.W.TO,20231123,17.14,17.15,17.14,17.15,600
NALT.TO,20231123,23.12,23.12,22.94,22.97,7419
NANO.TO,20231123,2.57,2.6,2.55,2.58,20402
NCP.TO,20231123,0.02,0.02,0.02,0.02,290000
NCU.TO,20231123,0.135,0.135,0.13,0.135,115507
NDM.TO,20231123,0.485,0.49,0.475,0.475,38500
NEO.TO,20231123,7.16,7.19,7.12,7.16,7468
NEXT.TO,20231123,1.35,1.37,1.34,1.34,9230
NFI.TO,20231123,13.79,13.95,13.78,13.93,26602
NFI.DB.TO,20231123,86.9,87.15,86.9,87.15,3000
NG.TO,20231123,5.41,5.41,5.3,5.3,12750
NGD.TO,20231123,1.82,1.84,1.81,1.82,285765
NGT.TO,20231123,51.26,51.63,51.26,51.48,9315
NOA.TO,20231123,26.01,26.41,26.01,26.26,7440
NOA.DB.A.TO,20231123,118,118,118,118,10000
NOVC.TO,20231123,0.8,0.8,0.74,0.75,64663
NPI.TO,20231123,22.3,22.42,22.19,22.29,207628
NPI.PR.A.TO,20231123,15.15,15.16,15.13,15.15,6147
NPI.PR.B.TO,20231123,17.11,17.11,17.11,17.11,461
NPK.TO,20231123,1.21,1.25,1.19,1.21,27572
NPRF.TO,20231123,19.33,19.64,19.33,19.59,2500
NRR.UN.TO,20231123,9.92,9.96,9.8,9.87,2292
NSCB.TO,20231123,21.44,21.44,21.44,21.44,200
NSCC.TO,20231123,20.95,20.95,20.95,20.95,200
NSSB.TO,20231123,9.54,9.54,9.53,9.54,2400
NTR.TO,20231123,75.89,76.69,75.89,76.15,114209
NUAG.TO,20231123,2.34,2.34,2.24,2.34,28600
NUBF.TO,20231123,20.61,20.63,20.61,20.61,4154
NUMI.TO,20231123,0.11,0.11,0.1,0.105,287140
NUSA.TO,20231123,36.51,36.51,36.51,36.51,400
NVA.TO,20231123,11.91,12.09,11.91,12.07,82665
NVEI.TO,20231123,26.75,27.02,26.57,26.63,70005
NVO.TO,20231123,0.17,0.17,0.165,0.165,5630
NWC.TO,20231123,36.46,36.72,36.43,36.44,29907
NWH.DB.G.TO,20231123,94.5,94.5,94.25,94.5,12000
NWH.DB.H.TO,20231123,81.89,81.99,81.89,81.99,50000
NWH.DB.I.TO,20231123,81.02,81.02,81.02,81.02,26000
NWH.UN.TO,20231123,4.47,4.5,4.41,4.48,257772
NXE.TO,20231123,8.97,9.2,8.97,9.2,732499
NXF.TO,20231123,6.11,6.21,6.11,6.19,19172
NXR.UN.TO,20231123,7.47,7.63,7.47,7.52,68326
OBE.TO,20231123,9.85,10.06,9.85,10.02,49161
OGC.TO,20231123,2.33,2.37,2.31,2.32,102945
OGD.TO,20231123,0.5,0.5,0.445,0.46,25020
OGI.TO,20231123,1.7,1.72,1.7,1.71,10586
OLA.TO,20231123,3.92,4,3.92,3.94,301596
OLY.TO,20231123,87.72,88.5,87.5,88.5,533
ONC.TO,20231123,2.2,2.28,2.2,2.22,29297
ONEX.TO,20231123,89.97,90.5,88.12,89.99,36310
OPT.TO,20231123,3.84,4.43,3.84,4.43,900
OR.TO,20231123,19.03,19.3,18.96,19.25,138465
ORA.TO,20231123,9.11,9.77,9.11,9.76,6965
ORE.TO,20231123,0.8,0.81,0.8,0.81,41500
OSK.TO,20231123,2.52,2.53,2.49,2.53,279311
OTEX.TO,20231123,52.89,53.38,52.88,53.23,61645
OVV.TO,20231123,60.91,61.46,60.69,61.46,12424
PAAS.TO,20231123,19.74,19.84,19.65,19.68,59552
PABF.TO,20231123,20.95,20.95,20.95,20.95,400
PAY.TO,20231123,4.6,4.89,4.6,4.89,48017
PAYF.TO,20231123,18.3,18.3,18.3,18.3,400
PBH.TO,20231123,92.45,92.45,91.68,91.68,6280
PBH.DB.G.TO,20231123,96.25,96.25,95.2,95.2,10000
PBH.DB.H.TO,20231123,88.5,88.5,88.35,88.5,128000
PBH.DB.I.TO,20231123,89,89,89,89,45000
PBI.TO,20231123,34.08,34.08,34.08,34.08,300
PBL.TO,20231123,30,30.29,29.79,30.21,5150
PBY.UN.TO,20231123,14.16,14.35,14.11,14.13,8011
PCOR.TO,20231123,17.85,17.85,17.85,17.85,150
PD.TO,20231123,77.34,79,77.34,78.71,44576
PDC.TO,20231123,28.93,29,28.91,28.91,3628
PDF.TO,20231123,29.09,29.09,29.03,29.04,10634
PDIV.TO,20231123,9.4,9.4,9.37,9.4,3200
PDV.PR.A.TO,20231123,10.07,10.07,10.07,10.07,2400
PEA.TO,20231123,0.33,0.355,0.32,0.325,195386
PET.TO,20231123,26.9,27.37,26.9,27.31,17019
PEY.TO,20231123,13.15,13.24,13.13,13.17,228160
PFAA.TO,20231123,10.48,10.48,10.44,10.44,21600
PFIA.TO,20231123,9.53,9.57,9.53,9.54,4109
PFL.TO,20231123,19.7,19.7,19.68,19.68,5360
PFLS.TO,20231123,15.25,15.25,15.25,15.25,1603
PFMN.TO,20231123,13.71,13.73,13.68,13.71,18624
PGI.UN.TO,20231123,7.05,7.05,6.95,6.97,9193
PHX.TO,20231123,8.85,8.93,8.74,8.93,45152
PHYS.TO,20231123,21.42,21.42,21.23,21.24,3379
PHYS.U.TO,20231123,15.62,15.62,15.55,15.55,600
PIC.A.TO,20231123,3.96,4.06,3.96,3.97,3220
PIC.PR.A.TO,20231123,13.37,13.37,13.37,13.37,800
PID.TO,20231123,20.97,20.97,20.94,20.94,600
PIF.TO,20231123,13.25,13.32,13.17,13.18,6997
PIX.UN.TO,20231123,7.35,7.35,7.25,7.33,15100
PKI.TO,20231123,44.16,44.65,43.51,44.52,114725
PLC.TO,20231123,16.42,16.64,16.28,16.49,63244
PLC.DB.TO,20231123,97,97,96.5,97,51000
PLZ.UN.TO,20231123,3.5,3.52,3.46,3.51,14255
PME.TO,20231123,2.18,2.21,2.18,2.21,700
PMIF.TO,20231123,17.74,17.74,17.7,17.71,5711
PMIF.U.TO,20231123,18.82,18.82,18.82,18.82,100
PMM.TO,20231123,21.45,21.45,20,20.46,4400
PMNT.TO,20231123,19.13,19.13,18.99,18.99,1437
PMT.TO,20231123,0.47,0.475,0.47,0.475,6679
PMZ.UN.TO,20231123,13.62,13.62,13.21,13.31,47979
PNC.B.TO,20231123,1.35,1.35,1.35,1.35,100
PNE.TO,20231123,1.45,1.45,1.41,1.44,128093
POU.TO,20231123,27.05,27.05,26.83,27,100520
POW.TO,20231123,37.07,37.5,37.07,37.32,284883
POW.PR.A.TO,20231123,20.52,20.52,20.49,20.5,850
POW.PR.B.TO,20231123,19.75,19.95,19.75,19.75,3252
POW.PR.C.TO,20231123,21.7,22.01,21.7,21.95,1030
POW.PR.D.TO,20231123,18.7,18.8,18.69,18.8,890
POW.PR.G.TO,20231123,20.22,20.37,20.2,20.31,8927
PPL.TO,20231123,44.87,45.05,44.84,45.03,292304
PPL.PF.A.TO,20231123,20.27,20.39,20.27,20.3,5186
PPL.PF.E.TO,20231123,20.99,21,20.64,20.64,4300
PPL.PR.A.TO,20231123,19.46,19.65,19.46,19.65,3950
PPL.PR.C.TO,20231123,18.26,18.26,17.88,18.22,1368
PPL.PR.E.TO,20231123,17.8,18.28,17.8,18.28,2129
PPL.PR.G.TO,20231123,17.4,17.66,17.4,17.66,3900
PPL.PR.I.TO,20231123,19.19,19.4,19.19,19.4,3364
PPL.PR.O.TO,20231123,18.94,19.07,18.93,19.05,5105
PPL.PR.Q.TO,20231123,19.35,19.4,19.25,19.4,5600
PPL.PR.S.TO,20231123,22,22,22,22,3000
PPTA.TO,20231123,4.18,4.2,4.1,4.15,5360
PRB.TO,20231123,1.26,1.29,1.26,1.29,4600
PRL.TO,20231123,10.14,10.14,10.09,10.14,2800
PRM.TO,20231123,13.92,13.92,13.43,13.43,200
PRM.PR.A.TO,20231123,9.5,9.5,9.5,9.5,1000
PRMW.TO,20231123,19.72,19.93,19.72,19.79,16526
PRN.TO,20231123,13.85,13.93,13.55,13.93,1501
PRQ.TO,20231123,1.36,1.37,1.31,1.35,21640
PRV.DB.TO,20231123,91.06,91.06,91,91,16000
PRV.UN.TO,20231123,4.62,4.69,4.62,4.66,13594
PSA.TO,20231123,50.17,50.18,50.17,50.18,61819
PSB.TO,20231123,16.8,16.8,16.79,16.79,4025
PSD.TO,20231123,1.87,1.96,1.87,1.92,2455
PSI.TO,20231123,13.78,13.92,13.75,13.78,26851
PSK.TO,20231123,24.02,24.55,24.02,24.51,117966
PSLV.TO,20231123,11.06,11.06,10.95,10.97,6140
PSU.U.TO,20231123,100.37,100.37,100.36,100.36,2319
PTI.UN.TO,20231123,6.24,6.25,6.18,6.23,6100
PTM.TO,20231123,1.39,1.46,1.39,1.46,8794
PTO.UN.TO,20231123,6.6,6.62,6.6,6.62,7000
PVS.PR.G.TO,20231123,24,24.01,24,24.01,300
PVS.PR.H.TO,20231123,23.34,23.49,23.34,23.49,2500
PVS.PR.I.TO,20231123,23.7,23.71,23.7,23.7,1900
PVS.PR.J.TO,20231123,22.35,22.38,21.9,21.9,6500
PVS.PR.K.TO,20231123,21.65,21.7,21.64,21.7,5400
PWF.PF.A.TO,20231123,17.1,17.19,17.08,17.19,3038
PWF.PR.A.TO,20231123,13.09,13.5,13.09,13.5,1900
PWF.PR.E.TO,20231123,20.05,20.1,20.04,20.1,1300
PWF.PR.F.TO,20231123,19.25,19.25,19.11,19.17,1200
PWF.PR.G.TO,20231123,21.16,21.73,21.16,21.68,1800
PWF.PR.K.TO,20231123,18.09,18.09,18.09,18.09,189
PWF.PR.L.TO,20231123,18.47,18.63,18.47,18.62,3652
PWF.PR.O.TO,20231123,21.05,21.05,21,21,1421
PWF.PR.P.TO,20231123,13.39,13.39,13.39,13.39,1900
PWF.PR.R.TO,20231123,20.05,20.11,19.96,20.09,5299
PWF.PR.S.TO,20231123,17.5,17.6,17.5,17.6,200
PWF.PR.Z.TO,20231123,18.88,18.9,18.88,18.9,800
PWI.TO,20231123,5.66,5.85,5.65,5.78,17790
PWI.PR.A.TO,20231123,9.73,9.73,9.73,9.73,100
PXC.TO,20231123,34.22,34.22,34.19,34.19,400
PXT.TO,20231123,27.04,27.4,27.04,27.31,77891
PYF.TO,20231123,17.29,17.38,17.29,17.37,5705
PYR.TO,20231123,0.51,0.52,0.5,0.5,74408
PZA.TO,20231123,14.48,14.48,14.32,14.42,10607
PZW.TO,20231123,30.15,30.15,30.14,30.14,310
QBB.TO,20231123,89.35,89.39,89.28,89.28,1310
QBR.A.TO,20231123,32.22,32.3,32.22,32.3,797
QBR.B.TO,20231123,30.07,30.53,30.07,30.08,54246
QBTC.TO,20231123,52.09,52.09,50.92,50.92,3188
QBTC.U.TO,20231123,37.52,37.52,37.32,37.32,680
QCE.TO,20231123,123.26,123.26,123.26,123.26,100
QCLN.TO,20231123,16.08,16.1,16.08,16.08,700
QCN.TO,20231123,123.23,123.26,123.19,123.26,500
QDXB.TO,20231123,86.02,86.02,86.02,86.02,300
QEC.TO,20231123,0.19,0.195,0.19,0.195,17500
QEE.TO,20231123,86.81,86.81,86.76,86.76,400
QIPT.TO,20231123,6.72,6.84,6.72,6.77,3900
QMAX.TO,20231123,18.12,18.12,17.99,18.05,2213
QQC.TO,20231123,26.25,26.49,26.16,26.33,8447
QQC.F.TO,20231123,128.55,129.24,128.4,128.41,3779
QQCC.TO,20231123,11.18,11.18,11.11,11.15,18619
QQCL.TO,20231123,20.9,20.95,20.88,20.89,7800
QQQY.TO,20231123,22.39,22.39,22.39,22.39,100
QRC.TO,20231123,0.65,0.65,0.65,0.65,12500
QSR.TO,20231123,96.35,97.24,95.53,96.1,55082
QTRH.TO,20231123,1.65,1.67,1.65,1.66,19308
QUB.TO,20231123,80.81,80.81,80.81,80.81,100
QUU.TO,20231123,178.58,178.89,178.58,178.65,1713
QXM.TO,20231123,25.92,26.02,25.92,26.02,200
RATE.TO,20231123,20.27,20.27,20.27,20.27,500
RAV.UN.TO,20231123,15.51,15.51,15.51,15.51,300
RAY.A.TO,20231123,5.2,5.32,5.2,5.23,6158
RAY.B.TO,20231123,5.3,5.3,5.3,5.3,300
RBA.TO,20231123,85.21,85.74,84.36,84.36,11928
RBN.UN.TO,20231123,7.11,7.11,7.11,7.11,1200
RBNK.TO,20231123,21.39,21.47,21.39,21.4,5364
RBO.TO,20231123,17.81,17.81,17.81,17.81,600
RBOT.TO,20231123,25.44,25.44,25.44,25.44,1010
RBY.TO,20231123,2.4,2.4,2.35,2.35,10900
RCDC.TO,20231123,18.66,18.7,18.66,18.7,1075
RCG.TO,20231123,6,6,5.97,5.98,1700
RCG.PR.B.TO,20231123,10.4,10.4,10.25,10.3,3500
RCH.TO,20231123,43.34,43.34,42.7,43,19130
RCI.A.TO,20231123,58.85,58.91,58.85,58.91,423
RCI.B.TO,20231123,58.71,58.95,58.66,58.83,185506
RDBH.TO,20231123,20.07,20.07,20.07,20.07,1155
REAL.TO,20231123,5.33,5.35,5.25,5.31,22658
REI.UN.TO,20231123,17.64,17.64,17.48,17.54,248205
RGQL.TO,20231123,20.1,20.1,20.1,20.1,1500
RGQN.TO,20231123,19.85,19.85,19.85,19.85,1555
RGQO.TO,20231123,19.72,19.72,19.72,19.72,1556
RIFI.TO,20231123,17.22,17.27,17.22,17.26,12500
RIIN.TO,20231123,18.31,18.32,18.31,18.32,492
RIT.TO,20231123,14.69,14.71,14.64,14.64,2822
RLB.TO,20231123,17.9,17.9,17.9,17.9,100
ROOT.TO,20231123,2.6,2.6,2.55,2.58,3400
RPDH.TO,20231123,23.96,23.96,23.96,23.96,125
RPF.TO,20231123,17.52,17.76,17.52,17.72,17600
RPI.UN.TO,20231123,34.79,34.79,34.79,34.79,200
RPSB.TO,20231123,19.32,19.32,19.32,19.32,100
RQL.TO,20231123,20.08,20.08,20.08,20.08,13587
RQN.TO,20231123,19.83,19.83,19.81,19.83,17063
RQO.TO,20231123,17.83,17.83,17.8,17.81,7840
RQP.TO,20231123,17.26,17.27,17.25,17.25,14080
RQQ.TO,20231123,20.62,20.62,20.61,20.61,2685
RQR.TO,20231123,20.47,20.47,20.47,20.47,1200
RS.TO,20231123,11.23,11.3,11.08,11.3,3370
RS.PR.A.TO,20231123,9.6,9.65,9.51,9.57,11698
RSI.TO,20231123,5.33,5.39,5.32,5.37,57140
RSI.DB.F.TO,20231123,96.1,96.1,96,96,25000
RTG.TO,20231123,0.03,0.03,0.03,0.03,1000
RUDB.TO,20231123,20.23,20.23,20.23,20.23,100
RUDH.TO,20231123,37.9,37.9,37.9,37.9,200
RUP.TO,20231123,3.34,3.35,3.24,3.33,12744
RUS.TO,20231123,38,38.61,38,38.19,16016
RVX.TO,20231123,0.07,0.07,0.065,0.065,12085
RY.TO,20231123,118.89,119.85,118.46,118.66,1232533
RY.PR.H.TO,20231123,18.8,18.8,18.74,18.74,2442
RY.PR.J.TO,20231123,18.86,18.86,18.86,18.86,500
RY.PR.M.TO,20231123,17.8,17.8,17.8,17.8,300
RY.PR.N.TO,20231123,20.86,20.86,20.75,20.75,4000
RY.PR.O.TO,20231123,20.81,21,20.7,21,2700
RY.PR.S.TO,20231123,22.2,22.25,22.16,22.25,5867
S.TO,20231123,0.33,0.33,0.33,0.33,30500
SAP.TO,20231123,26.96,27.02,26.66,26.68,101366
SAU.TO,20231123,0.075,0.08,0.075,0.08,2500
SBC.TO,20231123,8.01,8.07,7.96,8,30423
SBC.PR.A.TO,20231123,9.65,9.67,9.65,9.67,500
SBT.TO,20231123,12.57,12.57,12.55,12.55,2847
SBT.B.TO,20231123,17.27,17.27,17.25,17.25,2875
SCR.TO,20231123,23.39,23.39,22.02,22.3,47586
SCY.TO,20231123,0.03,0.03,0.03,0.03,37341
SDE.TO,20231123,3.29,3.29,3.19,3.19,65563
SEA.TO,20231123,15.65,15.65,15.49,15.57,3467
SEC.TO,20231123,302.25,302.25,302.25,302.25,100
SES.TO,20231123,7.58,7.77,7.58,7.74,443813
SFC.TO,20231123,5.82,5.92,5.82,5.92,1221
SFTC.TO,20231123,18.49,18.62,17.59,17.59,3995
SGNL.TO,20231123,0.13,0.13,0.125,0.125,66000
SGR.UN.TO,20231123,10.68,10.74,10.64,10.66,48657
SGY.TO,20231123,7.98,8.05,7.95,8.04,371106
SGY.DB.B.TO,20231123,101.3,101.5,101.3,101.5,16000
SHLE.TO,20231123,7.04,7.36,7.03,7.36,5278
SHOP.TO,20231123,97.44,97.97,96.7,96.7,397056
SIA.TO,20231123,10.79,10.89,10.79,10.82,141557
SIH.UN.TO,20231123,10.02,10.03,10.02,10.03,1100
SII.TO,20231123,42.67,42.67,42.05,42.33,5327
SIL.TO,20231123,7.47,7.48,7.42,7.44,59942
SIS.TO,20231123,14.13,14.35,14.13,14.35,18752
SJ.TO,20231123,79.64,80,78.79,79.49,102675
SKE.TO,20231123,5.78,5.95,5.73,5.76,304197
SLF.TO,20231123,69.46,70.12,69.46,69.65,2601217
SLF.PR.C.TO,20231123,18.56,18.57,18.56,18.57,300
SLF.PR.D.TO,20231123,18.82,19,18.49,18.52,5459
SLF.PR.E.TO,20231123,18.6,18.8,18.54,18.8,6200
SLF.PR.G.TO,20231123,14.09,14.1,14.09,14.1,2756
SLF.PR.J.TO,20231123,15.42,15.6,15.42,15.6,2030
SLF.PR.K.TO,20231123,20.73,20.75,20.73,20.75,2000
SLS.TO,20231123,5.05,5.08,4.95,5.03,45654
SMAX.TO,20231123,16.79,16.96,16.79,16.96,4804
SMC.TO,20231123,0.07,0.075,0.07,0.07,761998
SMT.TO,20231123,0.61,0.66,0.61,0.65,73860
SOIL.TO,20231123,2.23,2.23,2.2,2.22,15624
SOLG.TO,20231123,0.15,0.15,0.15,0.15,86250
SOT.DB.TO,20231123,68,68,65.25,65.25,24000
SOT.DB.A.TO,20231123,57.05,57.05,53,53,19000
SOT.UN.TO,20231123,0.84,0.88,0.84,0.88,1093458
SOY.TO,20231123,6.33,6.65,6.33,6.57,22686
SPAY.TO,20231123,27.61,27.62,27.61,27.62,3300
SPB.TO,20231123,10.1,10.21,10.1,10.11,296370
SPLT.TO,20231123,10.21,10.21,10.19,10.19,2301
SPPP.TO,20231123,13.75,13.75,13.75,13.75,100
SRU.UN.TO,20231123,23,23.15,22.91,22.96,95291
SRV.UN.TO,20231123,16.26,16.31,16.25,16.25,792
SSF.UN.TO,20231123,6.7,6.7,6.7,6.7,400
SSL.TO,20231123,6.46,6.5,6.43,6.43,55215
SSRM.TO,20231123,15.38,15.46,15.27,15.28,67835
STC.TO,20231123,3.85,4.1,3.76,3.95,97033
STCK.WT.TO,20231123,0.01,0.01,0.01,0.01,10000
STEP.TO,20231123,4.01,4.09,4.01,4.06,13144
STGO.TO,20231123,0.68,0.68,0.68,0.68,15919
STLC.TO,20231123,41.58,41.95,41.29,41.35,420059
STN.TO,20231123,94.82,95.56,94.82,95.48,58615
STPL.TO,20231123,22.91,22.92,22.9,22.9,700
SU.TO,20231123,44.79,45.07,44.58,44.7,952537
SVA.TO,20231123,0.7,0.7,0.7,0.7,26850
SVB.TO,20231123,0.105,0.105,0.105,0.105,17000
SVI.TO,20231123,4.7,4.71,4.55,4.65,150227
SVI.DB.B.TO,20231123,93.75,93.8,93.75,93.8,13000
SVM.TO,20231123,3.24,3.25,3.19,3.25,157651
SVR.C.TO,20231123,12.34,12.34,12.34,12.34,700
SWP.TO,20231123,2.71,2.76,2.71,2.71,800
SXI.TO,20231123,1.87,1.89,1.83,1.87,800
SXP.TO,20231123,3.89,3.89,3.81,3.81,13847
SYLD.TO,20231123,17.78,17.78,17.7,17.7,483
SYZ.TO,20231123,7.3,7.3,7.11,7.13,26997
T.TO,20231123,24.17,24.17,23.95,24.04,764167
TA.TO,20231123,10.91,11.08,10.91,11.02,421610
TA.PR.D.TO,20231123,12.48,12.48,12.4,12.4,430
TA.PR.E.TO,20231123,15.35,15.35,15.35,15.35,406
TA.PR.F.TO,20231123,18.19,18.19,17.9,17.9,1300
TA.PR.G.TO,20231123,19.5,19.75,19.5,19.75,227
TA.PR.H.TO,20231123,21.4,21.43,21.28,21.3,3668
TA.PR.J.TO,20231123,19.9,19.9,19.85,19.9,2200
TAIG.TO,20231123,1.06,1.07,1.05,1.06,8881
TAL.TO,20231123,0.87,0.89,0.87,0.89,137502
TBAL.TO,20231123,16.3,16.3,16.3,16.3,4000
TBL.TO,20231123,3,3.04,2.92,3.04,38600
TBNK.TO,20231123,22.92,22.98,22.87,22.89,1404
TC.TO,20231123,28.76,28.77,28.63,28.63,800
TCL.A.TO,20231123,11.09,11.09,10.84,10.9,97579
TCLB.TO,20231123,114.75,114.75,114.75,114.75,101
TCLV.TO,20231123,18.78,18.78,18.76,18.76,18700
TCS.TO,20231123,31.02,31.52,30.88,30.88,1976
TCSB.TO,20231123,14.22,14.24,14.22,14.24,9200
TCW.TO,20231123,4.05,4.17,4.05,4.11,240250
TD.TO,20231123,83.22,83.59,83.13,83.15,926994
TD.PF.A.TO,20231123,18.2,18.63,18.2,18.39,3802
TD.PF.B.TO,20231123,19.29,19.45,19.29,19.29,16358
TD.PF.C.TO,20231123,17.5,17.94,17.5,17.86,9062
TD.PF.D.TO,20231123,18.5,18.8,18.48,18.8,9100
TD.PF.I.TO,20231123,23.95,24.15,23.95,24.15,17400
TD.PF.J.TO,20231123,21.6,21.6,21.6,21.6,324
TD.PF.M.TO,20231123,24.35,24.54,24.25,24.4,30900
TDB.TO,20231123,12.64,12.66,12.62,12.64,50875
TDOC.TO,20231123,17.03,17.03,17.01,17.01,600
TEC.TO,20231123,31.19,31.59,31.19,31.59,9837
TECH.TO,20231123,12.03,12.05,12.03,12.05,2444
TECK.A.TO,20231123,49.88,50.28,49.88,50.19,17405
TECK.B.TO,20231123,49.62,50.3,49.62,50.12,315619
TERM.TO,20231123,9.13,9.15,9.13,9.13,5335
TF.TO,20231123,6.53,6.68,6.53,6.66,61059
TF.DB.D.TO,20231123,85.9,86,85.9,86,34000
TFII.TO,20231123,158.42,159.77,158.42,158.91,21319
TFPM.TO,20231123,17.71,17.81,17.63,17.63,7802
TGED.TO,20231123,20.4,20.61,20.4,20.57,13000
TGFI.TO,20231123,19.85,19.86,19.84,19.84,5019
TGGR.TO,20231123,22.67,22.69,22.5,22.68,9500
TGO.TO,20231123,1.4,1.45,1.4,1.41,10200
TGRE.TO,20231123,13.05,13.05,13.01,13.01,1900
TGRO.TO,20231123,18.64,18.68,18.64,18.68,12229
TH.TO,20231123,2.15,2.36,2.06,2.34,88125
The.TO,20231123,22.71,22.75,22.71,22.75,2900
THNC.TO,20231123,2.71,2.79,2.7,2.79,20502
THU.TO,20231123,30.46,30.73,30.46,30.68,2600
TI.TO,20231123,0.39,0.39,0.39,0.39,1000
TIH.TO,20231123,112.84,113.42,112.8,113.21,23443
TILV.TO,20231123,15.11,15.11,15.11,15.11,1200
TINF.TO,20231123,17.45,17.45,17.45,17.45,300
TIXT.TO,20231123,9.42,9.43,9.24,9.4,89076
TKO.TO,20231123,1.64,1.65,1.63,1.64,63710
TLG.TO,20231123,0.35,0.37,0.35,0.35,155963
TLO.TO,20231123,0.21,0.21,0.205,0.21,206000
TLRY.TO,20231123,2.42,2.46,2.42,2.43,77250
TLV.TO,20231123,27.56,27.56,27.52,27.54,3495
TMD.TO,20231123,0.09,0.09,0.085,0.09,34625
TMEC.TO,20231123,17.74,17.74,17.74,17.74,100
TML.TO,20231123,0.135,0.145,0.135,0.145,18319
TMQ.TO,20231123,0.59,0.6,0.59,0.6,1190
TNT.UN.TO,20231123,1.3,1.35,1.3,1.35,199661
TNZ.TO,20231123,4.35,4.41,4.18,4.32,75689
TOT.TO,20231123,7.73,7.75,7.73,7.75,4272
TOU.TO,20231123,66.3,66.77,66.3,66.6,184375
TOY.TO,20231123,34.11,34.28,34,34.11,5396
TPE.TO,20231123,20.1,20.18,19.98,20.18,7802
TPRF.TO,20231123,9.02,9.07,9.02,9.07,11600
TPU.TO,20231123,35.23,35.41,35.23,35.35,18611
TPZ.TO,20231123,19.91,20.16,19.9,20.13,51111
TQCD.TO,20231123,15.35,15.46,15.35,15.43,25701
TQGD.TO,20231123,16.53,16.79,16.53,16.79,11600
TQSM.TO,20231123,20.18,20.2,20.18,20.19,2126
TRI.TO,20231123,189.57,190.22,189.18,189.33,86402
TRI.PR.B.TO,20231123,13.01,13.01,13.01,13.01,150
TRP.TO,20231123,50.92,50.97,50.64,50.64,352925
TRP.PR.A.TO,20231123,13.95,14.04,13.82,14.04,4000
TRP.PR.B.TO,20231123,11.02,11.02,11.02,11.02,600
TRP.PR.D.TO,20231123,16.56,16.7,16.55,16.64,9459
TRP.PR.E.TO,20231123,15.3,15.35,15.25,15.26,5856
TRP.PR.F.TO,20231123,14.95,14.95,14.95,14.95,1168
TRP.PR.G.TO,20231123,15.32,15.45,15.3,15.37,1475
TRP.PR.H.TO,20231123,13.21,13.4,13.21,13.29,3400
TRVI.TO,20231123,18.76,18.76,18.76,18.76,263
TRVL.TO,20231123,21.69,21.75,21.69,21.75,1035
TRZ.TO,20231123,3.12,3.14,3.1,3.13,6050
TSK.TO,20231123,0.33,0.35,0.33,0.35,2500
TSL.TO,20231123,2.96,2.97,2.96,2.96,10826
TSND.TO,20231123,2.2,2.24,2.2,2.21,14859
TSU.TO,20231123,33.03,33.03,32.35,32.79,15937
TTNM.TO,20231123,2.26,2.29,2.26,2.29,2937
TTP.TO,20231123,23.01,23.04,23,23,20804
TUED.TO,20231123,21.66,21.85,21.66,21.84,2400
TUED.U.TO,20231123,15.98,15.98,15.98,15.98,700
TUHY.TO,20231123,20.56,20.56,20.56,20.56,100
TUSB.U.TO,20231123,9.77,9.77,9.77,9.77,1000
TVA.B.TO,20231123,1.35,1.35,1.27,1.28,2400
TVE.TO,20231123,3.58,3.58,3.53,3.56,1331732
TVK.TO,20231123,37.73,37.95,37.6,37.6,10434
TWM.TO,20231123,0.96,0.97,0.96,0.96,128001
TWM.DB.TO,20231123,97.5,97.5,97.5,97.5,8000
TXF.TO,20231123,18.5,18.67,18.5,18.66,6656
TXG.TO,20231123,13,13.16,12.77,13.1,87754
TXP.TO,20231123,0.87,0.9,0.87,0.9,23738
TXT.UN.TO,20231123,2.05,2.4,2.05,2.4,550
U.U.TO,20231123,19.16,19.16,18.95,18.98,4645
U.UN.TO,20231123,26,26.07,25.91,26,97941
UBIL.U.TO,20231123,50.17,50.17,50.17,50.17,500
UDIV.TO,20231123,11.55,11.55,11.48,11.48,2244
UDIV.B.TO,20231123,12.17,12.17,12.16,12.16,1800
ULV.C.TO,20231123,30.45,30.45,30.45,30.45,100
ULV.F.TO,20231123,44.41,44.41,44.39,44.39,700
UMAX.TO,20231123,14.93,14.96,14.93,14.95,8169
UNC.TO,20231123,113.9,114.12,113.75,114.11,1406
UNI.TO,20231123,1.34,1.35,1.3,1.31,2500
URB.TO,20231123,4.75,4.75,4.75,4.75,800
URB.A.TO,20231123,4.25,4.25,4.17,4.22,21500
URC.TO,20231123,4.25,4.25,4.13,4.13,56968
URC.WT.TO,20231123,2.17,2.18,2.14,2.14,5899
URE.TO,20231123,2.24,2.28,2.24,2.28,14416
USA.TO,20231123,0.315,0.32,0.2975,0.31,155000
USCC.TO,20231123,17.02,17.31,17.02,17.29,5140
USCC.U.TO,20231123,12.52,12.52,12.52,12.52,600
USCL.TO,20231123,19.99,20.18,19.99,20.03,2517
UTIL.TO,20231123,20,20,20,20,270
VA.TO,20231123,35.57,35.57,35.57,35.57,130
VAB.TO,20231123,22.11,22.12,22.07,22.09,70409
VBAL.TO,20231123,28.66,28.74,28.66,28.73,19391
VBNK.TO,20231123,10.52,10.52,10.45,10.45,1247
VBNK.PR.A.TO,20231123,9.75,9.75,9.75,9.75,2900
VCB.TO,20231123,22.75,22.75,22.73,22.75,3731
VCE.TO,20231123,44.22,44.3,44.15,44.15,5935
VCIP.TO,20231123,24.5,24.5,24.5,24.5,864
VCM.TO,20231123,16.92,16.92,16.92,16.92,500
VCN.TO,20231123,40.97,41.13,40.97,41.01,33144
VCNS.TO,20231123,26.36,26.41,26.36,26.4,11914
VDU.TO,20231123,39.07,39.14,39.04,39.14,6510
VDY.TO,20231123,40.61,40.75,40.59,40.6,22994
VE.TO,20231123,32.25,32.25,32.25,32.25,131
VEE.TO,20231123,33.26,33.56,33.26,33.56,13629
VEF.TO,20231123,50.18,50.18,49.98,50.06,5116
VEQT.TO,20231123,36.51,36.53,36.49,36.51,24783
VET.TO,20231123,17.42,17.72,17.42,17.7,254220
VFV.TO,20231123,111.27,111.35,111.08,111.25,46048
VGCX.TO,20231123,6.2,6.32,6.2,6.21,25632
VGG.TO,20231123,76.59,76.88,76.38,76.39,7526
VGH.TO,20231123,53.62,53.98,53.62,53.72,6350
VGRO.TO,20231123,31.13,31.14,31.08,31.12,67640
VGV.TO,20231123,21.64,21.64,21.63,21.63,32500
VHI.TO,20231123,3.69,4.13,3.69,4.12,1227936
VI.TO,20231123,35.11,35.11,35.09,35.1,3081
VIDY.TO,20231123,28.02,28.03,28,28.03,1764
VIU.TO,20231123,31.27,31.27,31.19,31.21,11490
VLB.TO,20231123,20.4,20.43,20.37,20.37,12368
VLE.TO,20231123,3.47,3.55,3.46,3.46,110066
VLN.TO,20231123,5.77,5.78,5.66,5.7,11608
VMO.TO,20231123,47.24,47.32,47.24,47.32,725
VNP.TO,20231123,3.4,3.4,3.32,3.34,11826
VOXR.TO,20231123,2.79,2.79,2.79,2.79,100
VPH.TO,20231123,0.16,0.165,0.16,0.16,45823
VQS.TO,20231123,0.155,0.165,0.155,0.16,50000
VRE.TO,20231123,27.89,28.04,27.89,28.02,2998
VRIF.TO,20231123,23.15,23.16,23.13,23.13,8090
VRTS.TO,20231123,0.045,0.045,0.04,0.04,16000
VSB.TO,20231123,22.39,22.4,22.38,22.38,61853
VSC.TO,20231123,22.86,22.87,22.85,22.85,5368
VSP.TO,20231123,74.64,74.84,74.6,74.83,10872
VUN.TO,20231123,84.12,84.24,83.86,84.24,12071
VUS.TO,20231123,80.42,80.77,80.42,80.6,2735
VVL.TO,20231123,43.9,44.36,43.9,44.36,3042
VXC.TO,20231123,51.3,51.3,51.07,51.2,2836
WCN.TO,20231123,181.78,183.7,181.51,182.53,78670
WCP.TO,20231123,9.5,9.58,9.47,9.58,403511
WDO.TO,20231123,7.38,7.39,7.29,7.3,29135
WEED.TO,20231123,0.78,0.8,0.78,0.78,199596
WEF.TO,20231123,0.73,0.74,0.72,0.74,36422
WELL.TO,20231123,3.8,3.84,3.75,3.84,182308
WFC.TO,20231123,19.14,19.14,19.14,19.14,1000
WFG.TO,20231123,103.9,104.32,103.88,103.88,16207
WILD.TO,20231123,1.07,1.13,1.07,1.1,2000
WJX.TO,20231123,26.97,27.24,26.74,26.75,19435
WLLW.TO,20231123,0.075,0.075,0.075,0.075,56000
WM.TO,20231123,0.085,0.085,0.08,0.0825,357678
WN.TO,20231123,164.64,167.31,163.62,164.12,44345
WN.PR.A.TO,20231123,21.85,21.85,21.63,21.72,1340
WN.PR.C.TO,20231123,19.26,19.33,19.26,19.33,2451
WN.PR.E.TO,20231123,17.75,17.75,17.72,17.72,1109
WNDR.TO,20231123,0.185,0.19,0.175,0.175,230852
WPK.TO,20231123,40.01,40.01,39.46,39.63,18375
WPM.TO,20231123,64.73,64.93,64.41,64.65,130835
WPRT.TO,20231123,9.5,9.5,9.11,9.11,6011
WRG.TO,20231123,3.08,3.08,3.08,3.08,140
WRN.TO,20231123,1.71,1.77,1.7,1.77,46100
WRX.TO,20231123,0.175,0.18,0.175,0.18,16600
WSP.TO,20231123,186.79,188.01,186.63,187.23,22862
WTE.TO,20231123,25,25,24.54,24.76,41476
WXM.TO,20231123,24.54,24.59,24.54,24.59,44650
X.TO,20231123,28.86,29.21,28.86,29.2,57076
XAM.TO,20231123,0.05,0.055,0.05,0.055,19119
XAU.TO,20231123,8.2,8.23,8.2,8.2,1330
XAW.TO,20231123,35.8,35.81,35.65,35.75,5360
XBAL.TO,20231123,26.04,26.09,26.03,26.04,30554
XBB.TO,20231123,27.01,27.03,26.95,26.95,72726
XBM.TO,20231123,17.46,17.49,17.41,17.41,1839
XCB.TO,20231123,18.89,18.91,18.87,18.91,47051
XCBG.TO,20231123,35.41,35.41,35.41,35.41,300
XCG.TO,20231123,45.25,45.25,45.21,45.21,550
XCH.TO,20231123,17.24,17.34,17.23,17.33,8402
XCNS.TO,20231123,21,21,20.95,20.96,9322
XCS.TO,20231123,17.21,17.26,17.21,17.26,4672
XCSR.TO,20231123,58.64,58.64,58.34,58.34,813
XCV.TO,20231123,31.96,32.03,31.96,31.97,3954
XDG.TO,20231123,23.35,23.7,23.35,23.7,4620
XDGH.TO,20231123,23.8,23.8,23.8,23.8,200
XDIV.TO,20231123,24.91,25.02,24.91,24.94,30488
XDSR.TO,20231123,51.73,51.73,51.73,51.73,163
XDU.TO,20231123,26.19,26.25,26.19,26.25,500
XDUH.TO,20231123,23.86,23.86,23.86,23.86,400
XDV.TO,20231123,26.02,26.13,26.02,26.04,9200
XEC.TO,20231123,26,26.24,26,26.24,8040
XEF.TO,20231123,34,34.17,34,34.12,23944
XEG.TO,20231123,16.3,16.43,16.3,16.43,147334
XEH.TO,20231123,29.47,29.5,29.47,29.5,700
XEI.TO,20231123,23.8,23.86,23.79,23.81,26394
XEM.TO,20231123,29.98,30.44,29.98,30.12,2301
XEMC.TO,20231123,42.86,42.87,42.86,42.87,200
XEN.TO,20231123,31,31,31,31,1067
XEQT.TO,20231123,27.11,27.15,27.11,27.15,39644
XESG.TO,20231123,24.51,24.51,24.47,24.47,7015
XFH.TO,20231123,28.56,28.6,28.55,28.59,6408
XFN.TO,20231123,44.27,44.35,44.14,44.14,46574
XFR.TO,20231123,20.08,20.09,20.07,20.09,10066
XGB.TO,20231123,18.61,18.62,18.58,18.58,18588
XGD.TO,20231123,17.11,17.24,17.11,17.16,51690
XGRO.TO,20231123,25.27,25.27,25.25,25.27,21087
XHB.TO,20231123,18.3,18.32,18.29,18.29,6700
XHC.TO,20231123,65.46,65.46,65.46,65.46,251
XHD.TO,20231123,29.23,29.23,29.23,29.23,401
XHU.TO,20231123,27.56,27.62,27.43,27.43,1606
XHY.TO,20231123,15.94,15.94,15.85,15.89,11526
XIC.TO,20231123,31.99,32.16,31.99,32.08,49260
XIG.TO,20231123,19.6,19.62,19.6,19.62,900
XIGS.TO,20231123,36.62,36.62,36.55,36.55,200
XIN.TO,20231123,32.3,32.38,32.29,32.29,4674
XINC.TO,20231123,18.9,18.91,18.9,18.91,2700
XIT.TO,20231123,49.6,49.7,49.5,49.52,4677
XIU.TO,20231123,30.51,30.69,30.51,30.56,1418887
XLB.TO,20231123,18.56,18.61,18.55,18.55,11201
XLY.TO,20231123,0.02,0.02,0.015,0.02,239100
XMA.TO,20231123,17,17,16.99,16.99,9458
XMC.TO,20231123,26.84,26.84,26.84,26.84,142
XMD.TO,20231123,30.17,30.31,30.17,30.31,897
XMF.PR.B.TO,20231123,4.95,4.95,4.95,4.95,1400
XMF.PR.C.TO,20231123,1.15,1.15,1.15,1.15,200
XMH.TO,20231123,23.12,23.12,23.12,23.12,413
XMV.TO,20231123,38.33,38.37,38.31,38.33,4222
XMW.TO,20231123,47.67,47.67,47.67,47.67,100
XPF.TO,20231123,13.75,13.75,13.61,13.61,1300
XQB.TO,20231123,18.14,18.15,18.13,18.15,4059
XQLT.TO,20231123,31.72,31.72,31.69,31.72,1172
XQQ.TO,20231123,122.48,122.99,122.06,122.12,7670
XRB.TO,20231123,21.75,21.81,21.66,21.66,17900
XRE.TO,20231123,14.78,14.79,14.73,14.76,77246
XSAB.TO,20231123,17.32,17.35,17.32,17.32,17000
XSB.TO,20231123,25.72,25.73,25.7,25.7,41866
XSC.TO,20231123,17.4,17.4,17.39,17.39,500
XSE.TO,20231123,17.39,17.41,17.37,17.37,3000
XSEA.TO,20231123,23.44,23.55,23.44,23.53,1115
XSEM.TO,20231123,19.05,19.07,19.05,19.07,10100
XSH.TO,20231123,18.02,18.02,17.99,17.99,12176
XSHG.TO,20231123,37.13,37.13,37.13,37.13,100
XSMH.TO,20231123,24.1,24.1,24.1,24.1,112
XSP.TO,20231123,48.01,48.25,48.01,48.14,60114
XST.TO,20231123,88.7,88.92,88.13,88.13,2362
XSTB.TO,20231123,18.86,18.86,18.86,18.86,300
XSTH.TO,20231123,36.48,36.49,36.16,36.16,4100
XSU.TO,20231123,35.1,35.11,35.03,35.03,822
XSUS.TO,20231123,33.23,33.27,33.12,33.27,6061
XTC.TO,20231123,7.16,7.19,7.13,7.19,1800
XTD.TO,20231123,3.22,3.24,3.2,3.23,2330
XTD.PR.A.TO,20231123,9.75,9.75,9.75,9.75,100
XTG.TO,20231123,0.93,0.93,0.93,0.93,2000
XTLH.TO,20231123,34.43,34.5,34.37,34.4,14430
XTLT.TO,20231123,35.26,35.38,35.26,35.27,7343
XTR.TO,20231123,10.07,10.09,10.07,10.07,2400
XTRA.TO,20231123,0.78,0.83,0.78,0.82,33994
XUH.TO,20231123,37.99,37.99,37.99,37.99,407
XUS.TO,20231123,77.97,78.11,77.82,77.9,20998
XUT.TO,20231123,24.86,24.92,24.86,24.88,18808
XUU.TO,20231123,46.13,46.3,46.13,46.15,5188
XWD.TO,20231123,75.07,75.39,75.07,75.39,1897
Y.TO,20231123,11.02,11.03,11.01,11.03,715
YGR.TO,20231123,1.41,1.41,1.39,1.41,58145
ZAG.TO,20231123,13.31,13.31,13.27,13.28,288391
ZBAL.TO,20231123,34.74,34.74,34.62,34.62,1811
ZBAL.T.TO,20231123,27.44,27.44,27.44,27.44,182
ZBBB.TO,20231123,26.92,26.93,26.92,26.93,1500
ZBK.TO,20231123,23.26,23.26,23.14,23.22,3188
ZCB.TO,20231123,44.67,44.68,44.55,44.55,3700
ZCDB.TO,20231123,28.28,28.31,28.27,28.31,55400
ZCH.TO,20231123,14.42,14.65,14.42,14.45,1217
ZCLN.TO,20231123,14.9,15.07,14.9,15.07,1001
ZCM.TO,20231123,14.39,14.39,14.37,14.37,14700
ZCN.TO,20231123,26.91,27.07,26.91,27.01,17608
ZCON.TO,20231123,31.43,31.43,31.43,31.43,2951
ZCPB.TO,20231123,26.63,26.63,26.61,26.61,2210
ZCS.TO,20231123,13.16,13.16,13.13,13.15,62596
ZDB.TO,20231123,14.28,14.28,14.25,14.25,58190
ZDH.TO,20231123,24.81,24.81,24.8,24.8,329
ZDI.TO,20231123,22.13,22.2,22.13,22.16,1168
ZDJ.TO,20231123,55.1,55.19,55.1,55.17,1419
ZDM.TO,20231123,26.42,26.48,26.33,26.48,22100
ZDV.TO,20231123,18.77,18.86,18.77,18.81,6975
ZDY.TO,20231123,37,37.02,37,37.02,200
ZEA.TO,20231123,20.84,20.85,20.68,20.68,18200
ZEB.TO,20231123,31.72,31.87,31.65,31.65,139180
ZEF.TO,20231123,11.87,11.88,11.87,11.88,600
ZEM.TO,20231123,19.53,19.69,19.53,19.59,16816
ZEO.TO,20231123,64.54,64.7,64.54,64.66,3499
ZEQT.TO,20231123,41.49,41.49,41.49,41.49,148
ZESG.TO,20231123,32.32,32.32,32.32,32.32,300
ZFH.TO,20231123,14.32,14.32,14.32,14.32,1800
ZFL.TO,20231123,12.68,12.68,12.59,12.61,79352
ZFM.TO,20231123,13.99,13.99,13.97,13.97,3100
ZFS.TO,20231123,13.29,13.29,13.29,13.29,110
ZGB.TO,20231123,44.05,44.05,44.05,44.05,250
ZGI.TO,20231123,42.22,42.22,42.11,42.11,5700
ZGQ.TO,20231123,54.86,54.86,54.86,54.86,992
ZGRO.TO,20231123,37.95,37.95,37.89,37.89,3068
ZGSB.TO,20231123,25.46,25.46,25.46,25.46,100
ZHY.TO,20231123,10.81,10.81,10.73,10.75,6515
ZIC.TO,20231123,17.09,17.09,17.09,17.09,5600
ZID.TO,20231123,40.7,40.7,40.7,40.7,101
ZIN.TO,20231123,34.49,34.68,34.49,34.68,6441
ZIU.TO,20231123,46.84,46.84,46.84,46.84,110
ZJK.TO,20231123,17.65,17.67,17.65,17.66,3328
ZJPN.TO,20231123,31.29,31.3,31.29,31.3,400
ZLB.TO,20231123,40.79,40.85,40.69,40.69,14391
ZLC.TO,20231123,14.55,14.55,14.5,14.52,19841
ZLU.TO,20231123,46.49,46.65,46.49,46.54,6187
ZLU.U.TO,20231123,34.79,34.82,34.79,34.8,3950
ZMI.TO,20231123,15.66,15.7,15.66,15.7,1118
ZMMK.TO,20231123,50.07,50.08,50.07,50.08,17632
ZMP.TO,20231123,13.2,13.21,13.2,13.21,1338
ZMU.TO,20231123,12.25,12.27,12.25,12.26,2322
ZNQ.TO,20231123,71.2,71.2,70.91,70.94,960
ZPAY.TO,20231123,30.4,30.51,30.4,30.44,1100
ZPAY.U.TO,20231123,29.02,29.02,29.02,29.02,100
ZPL.TO,20231123,12.12,12.12,12.06,12.06,13300
ZPR.TO,20231123,9.1,9.13,9.04,9.09,92417
ZPS.TO,20231123,11.93,11.93,11.91,11.91,5700
ZPW.TO,20231123,15.69,15.69,15.69,15.69,401
ZQQ.TO,20231123,113.29,113.8,113.15,113.7,10664
ZRE.TO,20231123,19.22,19.27,19.21,19.26,14091
ZRR.TO,20231123,14.07,14.09,14.05,14.05,12850
ZSB.TO,20231123,46.61,46.61,46.61,46.61,900
ZSDB.TO,20231123,28.9,28.9,28.9,28.9,100
ZSML.TO,20231123,34.86,34.86,34.86,34.86,110
ZSP.TO,20231123,68.56,68.56,68.34,68.34,22205
ZSP.U.TO,20231123,50,50,50,50,104
ZST.TO,20231123,48.85,48.85,48.82,48.84,8626
ZST.L.TO,20231123,57.09,57.09,57.09,57.09,4647
ZUB.TO,20231123,21.41,21.43,21.36,21.4,18657
ZUE.TO,20231123,63.92,63.92,63.76,63.8,1826
ZUH.TO,20231123,63.79,63.79,63.79,63.79,725
ZUQ.TO,20231123,66.2,66.29,66.2,66.29,2476
ZUT.TO,20231123,19.61,19.64,19.56,19.61,18025
ZWA.TO,20231123,24.3,24.3,24.3,24.3,100
ZWB.TO,20231123,16.55,16.66,16.55,16.57,58004
ZWC.TO,20231123,16.53,16.57,16.52,16.52,37097
ZWE.TO,20231123,19.48,19.49,19.35,19.35,4602
ZWEN.TO,20231123,29.35,29.35,29.35,29.35,821
ZWG.TO,20231123,28.47,28.52,28.47,28.5,2231
ZWH.TO,20231123,21.7,21.77,21.7,21.77,6039
ZWK.TO,20231123,17.67,17.8,17.67,17.8,14105
ZWP.TO,20231123,17.42,17.42,17.3,17.35,3406
ZWS.TO,20231123,18.93,18.98,18.93,18.98,4392
ZWT.TO,20231123,36.47,36.66,36.47,36.66,400
ZWU.TO,20231123,10.24,10.27,10.21,10.26,66252
ZXM.TO,20231123,35.13,35.14,35.12,35.12,1800
ZZZ.TO,20231123,24.12,24.12,23.65,23.65,12900
ZZZD.TO,20231123,28.05,28.05,28.05,28.05,121
